0.0
0
0
0
0
0
0
0.0
0.0
0.0
0.142857142857
0.0
0.0769230769231
0.0714285714286
0.0
0.0
0.0
0.0
0.0
0.0
0.25
0.153846153846
0.0
0.0
0
0.0
0.0
0
0.0
0
0.0
0.125
0.0
0.0714285714286
0.315789473684
0.0
0.0
0.181818181818
0.166666666667
0.0
0.0
0.0
0.0
0.0
0.0
0.0
0.0
0.0
0.0
0
0.0
0
0.0
0
0
0
0.142857142857
0.0
0.0909090909091
0.142857142857
0.0
0.0
0.0
0.0
0.0
0.0
0.0
0.0
0.333333333333
0.0
0.0
0.0
0.0
0
0
0.0
0
0
0
0.0
0.0
0.0
0.0
0.0
0.0
0.0
0.0
0.0
0.0
0.0
0.0
0.0
0.0
0.0
0.0
0.0
0
0
0
0
0.0
0
0
0.0
0.0
0.0
0.2
0.0
0.0
0.2
0.0
0.0
0.0
0.0
0.0
0.0
0.0
0.0
0.142857142857
0.0
0
0.0
0.0
0
0
0
0
0.0
0.0
0.0
0.0
0.0
0.0
0.0
0.0
0.0
0.0
0.0
0.0
0.0
0.0
0.0
0.0
0.0
0.0
0.0
0.0
0
0
0
0
0
0.0
0.0
0.1875
0.166666666667
0.0
0.0
0.142857142857
0.0
0.0
0.0
0.0
0.125
0.0
0.0
0.0
0.0
0.0
0.0
0.0
0
0
0
0.0
0.0
0.0
0.0
0.706896551724
0.0
0.178571428571
0.0
0.142857142857
0.333333333333
0.260869565217
0.0
0.0
0.0
0.142857142857
0.0
0.0
0.0
0.0
0.0
0.0
0
0.0
0
0
0.0
0.0
0.166666666667
0.0769230769231
0.0
0.25
0.366666666667
0.473684210526
0.0
0.0
0.0
0.0
0.0
0.0
0.181818181818
0.0
0.0
0.0
0.0
0.0
0.0
0
0
0.0
0.0
0.428571428571
0.545454545455
0.0833333333333
0.166666666667
0.0909090909091
0.181818181818
0.0357142857143
0.0
0.0
0.0
0.0
0.0
0.153846153846
0.111111111111
0.0
0.0769230769231
0.0
0.0
0
0.0
0
0.0
0.0
0.0
0.285714285714
0.388888888889
0.0714285714286
0.375
0.0
0.12
0.0833333333333
0.142857142857
0.08
0.0
0.0
0.0
0.0
0.0
0.0
0.0
0.0
0.0
0
0
0
0
0.0
0.0
0.0
0.0
0.0
0.0
0.0
0.0
0.0
0.333333333333
0.0
0.0
0.0
0.0
0.0
0.0
0.0
0.0
0.0
0.0
0.0
0.0
0
0
0
0.0
0.0
0.0
0.0
0.0
0.125
0.142857142857
0.333333333333
0.0555555555556
0.0
0.0
0.0
0.0
0.0833333333333
0.0
0.0
0.0769230769231
0.0
0.0
0
0
0.0
0
0.0
0.0
0.2
0.3125
0.0
0.0
0.0
0.2
0.173913043478
0.1
0.0
0.0
0.0
0.272727272727
0.0
0.133333333333
0.0714285714286
0.0
0.0
0.0
0.0
0
0
0
0.0
0.0
0.333333333333
0.333333333333
0.133333333333
0.315789473684
0.0
0.0
0.0
0.214285714286
0.0
0.0
0.0
0.0714285714286
0.25
0.153846153846
0.0
0.0
0.0
0.0
0
0
0
0
0.0
0.0
0.285714285714
0.35
0.294117647059
0.142857142857
0.0
0.333333333333
0.125
0.15
0.0
0.0
0.0
0.1
0.0
0.333333333333
0.0
0.0
0.0
0.0
0.0
0
0.0
0.0
0.0
0.0
0.125
0.555555555556
0.190476190476
0.285714285714
0.0
0.272727272727
0.133333333333
0.0
0.0
0.0
0.0
0.0
0.0
0.0909090909091
0.0
0.0
0.0
0
0
0
0
0.0
0
0.0
0.4
0.4
0.0588235294118
0.0
0.0
0.3
0.0666666666667
0.0
0.0
0.0
0.0
0.0
0.0
0.0
0.0
0
0.0
0.0
0
0.0
0
0
0
0.0
0.0
0.0
0.0
0.125
0.0
0.0
0.0
0.0
0.0
0.0
0.0
0.0
0.0
0.0
0.0
0.0
0.0
0.0
0
0.0
0
0
0.0
0.0
0.0
0.0
0.0
0.0
0.2
0.0
0.0
0.1
0.153846153846
0.0
0.0
0.0
0.0
0.176470588235
0.0
0.0
0.0
0.0
0.0
0.0
0
0
0.0
0.0
0.0
0.375
0.157894736842
0.0833333333333
0.0
0.0
0.1
0.0
0.0526315789474
0.0
0.0
0.0
0.0
0.0
0.0
0.142857142857
0.0
0
0.0
0
0
0
0.0
0.0
0.272727272727
0.576923076923
0.125
0.0
0.111111111111
0.388888888889
0.235294117647
0.125
0.0
0.0
0.0
0.272727272727
0.0
0.2
0.0
0.0
0.166666666667
0.0
0.0
0
0.0
0
0.0
0.0
0.578947368421
0.526315789474
0.48
0.0
0.0
0.117647058824
0.3
0.0
0.0
0.0
0.0
0.230769230769
0.0
0.0909090909091
0.0
0.0
0.0
0.0
0.0
0
0
0
0.0
0.0
0.272727272727
0.541666666667
0.0
0.0
0.0
0.1875
0.0
0.1875
0.0
0.0
0.0
0.0
0.0
0.0833333333333
0.272727272727
0.0
0.0
0.0
0
0.0
0.0
0.0
0.0
0.0
0.166666666667
0.0833333333333
0.238095238095
0.0
0.0555555555556
0.315789473684
0.0
0.047619047619
0.0
0.0
0.0
0.0833333333333
0.0
0.0
0.0
0.0
0.0
0.0
0.0
0.0
0.0
0
0.0
0
0.0
0.0
0.0
0.0
0.0
0.25
0.0
0.0
0.0
0.142857142857
0.0
0.0
0.0
0.0
0.0
0.0
0.0
0
0
0.0
0
0.0
0
0
0.0
0.0
0.0
0.0
0.0
0.0
0.0
0.153846153846
0.0714285714286
0.0
0.0
0.0
0.0666666666667
0.111111111111
0.0625
0.0
0.0
0.0
0.0
0.0
0.0
0.0
0
0.0
0.0769230769231
0.545454545455
0.136363636364
0.0
0.0
0.0
0.0
0.0
0.0
0.0
0.0
0.0
0.166666666667
0.1
0.1
0.0
0.0
0.0
0.0
0.0
0
0
0
0.0
0.304347826087
0.454545454545
0.0625
0.130434782609
0.0
0.0
0.1
0.0
0.0
0.0
0.0
0.0
0.125
0.25
0.0
0.0
0.0
0
0.0
0.0
0
0
0
0.0
0.0
0.269230769231
0.111111111111
0.0
0.0
0.217391304348
0.133333333333
0.0
0.0625
0.0
0.0
0.25
0.0
0.166666666667
0.111111111111
0.0
0.0
0
0.0
0
0.0
0.0
0.0
0.0
0.0
0.2
0.0
0.111111111111
0.0625
0.444444444444
0.0
0.0
0.0
0.0
0.0
0.0
0.217391304348
0.190476190476
0.0714285714286
0.0
0.0
0.0
0
0
0
0
0
0.0
0.0
0.68085106383
0.0714285714286
0.2
0.0769230769231
0.0555555555556
0.111111111111
0.0
0.0
0.0
0.0
0.0
0.0
0.142857142857
0.0625
0.0
0.0
0
0.0
0.0
0.0
0
0
0.0
0.0
0.0
0.4
0.0
0.0
0.0
0.0
0.0
0.0
0.0
0.0
0.0
0.0
0.0
0.0
0.0
0
0.0
0
0
0
0
0
0.0
0
0.0
0.0
0.0
0.0
0.0
0.125
0.0
0.0
0.0
0.0909090909091
0.0
0.0
0.0
0.0
0.0
0.0
0.0
0.0
0
0.0
0.0
0.0
0.0
0.333333333333
0.6
0.333333333333
0.0
0.0
0.1
0.0
0.105263157895
0.0555555555556
0.0
0.0
0.0
0.111111111111
0.0
0.2
0.0
0.0
0.0
0.0
0
0
0.0
0.0
0.0
0.0
0.1875
0.142857142857
0.0
0.0
0.0769230769231
0.333333333333
0.153846153846
0.0
0.0833333333333
0.0
0.0
0.416666666667
0.0
0.0
0.0
0.0
0.0
0.0
0.0
0
0.0
0.0
0.0
0.4375
0.0714285714286
0.25
0.0
0.0
0.142857142857
0.0
0.0
0.0769230769231
0.0
0.0
0.0
0.0909090909091
0.157894736842
0.0
0.0
0.0
0.0
0
0
0
0
0.0
0.0
0.1
0.461538461538
0.111111111111
0.0
0.0
0.0
0.0555555555556
0.125
0.0
0.0
0.0
0.0
0.3
0.0
0.0
0.0
0.0
0.0
0
0.0
0.0
0.0
0.0
0.0
0.153846153846
0.0769230769231
0.0
0.0
0.0
0.0
0.0
0.0
0.0
0.0
0.0
0.0
0.0
0.0
0.0
0.0
0.0
0.0
0
0.0
0
0
0
0.0
0.0
0.0
0.0
0.0
0.0
0.3
0.0
0.0
0.0
0.0
0.0
0.0
0.0
0.0
0.0
0.0
0.0
0.0
0
0
0
0.0
0
0
0.0
0
0.0
0.0
0.0
0.0
0.0
0.0
0.0
0.0
0.1
0.0
0.0833333333333
0.0
0.142857142857
0.0
0.0
0.0
0.0
0
0.0
0
0.0
0.0
0.0
0.413793103448
0.0909090909091
0.0588235294118
0.2
0.1
0.111111111111
0.0
0.0
0.0
0.0
0.0
0.25
0.111111111111
0.0
0.0
0.0
0.0
0.0
0.0
0.0
0
0.0
0.25
0.0
0.0
0.0
0.0909090909091
0.142857142857
0.0
0.0
0.0
0.0
0.0
0.0
0.0
0.0
0.0
0.0
0.3125
0.0
0.0
0.0
0.0
0
0.0
0
0.0
0.166666666667
0.0833333333333
0.285714285714
0.0
0.0
0.0
0.0
0.0714285714286
0.0
0.0
0.0
0.0
0.0
0.0
0.0
0.0
0.0
0
0
0.0
0.0
0
0
0.0
0.0
0.0
0.25
0.0
0.333333333333
0.0
0.0
0.0
0.0
0.0
0.0
0.0
0.0
0.0
0.0
0.0
0.0
0.0
0.0
0.0
0
0
0
0.0
0.428571428571
0.428571428571
0.133333333333
0.0
0.0
0.0
0.0909090909091
0.0
0.0
0.0
0.0
0.0
0.0
0.0
0.0
0.0
0
0
0
0
0
0
0
0
0.0
0
0.0
0.0
0.0
0.0
0.0
0.0
0.0
0.0
0.0
0.0
0.0
0.0
0.0
0.0
0.0
0
0
0.0
0
0
0
0.0
0
0.0
0.0
0.0
0.0
0.0
0.0
0.0
0.0
0.0
0.0
0.0
0.0
0.0
0.0
0.0
0.333333333333
0.0
0.333333333333
0
0
0
0
0.0
0.0
0.285714285714
0.125
0.0
0.0833333333333
0.0
0.0
0.0
0.0
0.0
0.0
0
0.125
0.0
0.0
0.0
0.0
0.0
0.0
0
0.0
0.0
0
0.0
0.0
0.0
0.111111111111
0.0
0.0
0.0
0.0
0.0
0.0
0.0
0.0
0.0
0.0
0.0
0.0
0
0.0
0
0.0
0
0
0
0.0
0.0
0.0
0.0
0.117647058824
0.0909090909091
0.166666666667
0.176470588235
0.0
0.08
0.0
0.0
0.125
0.0
0.4
0.04
0.375
0.222222222222
0.0
0.0
0
0
0
0.0
0
0.0
0.0
0.0769230769231
0.117647058824
0.0
0.0
0.0769230769231
0.166666666667
0.0526315789474
0.0
0.0
0.0
0.0666666666667
0.2
0.0
0.0909090909091
0.0714285714286
0.0
0.0
0.0
0
0
0.0
0
0
0.166666666667
0.707317073171
0.12
0.0
0.117647058824
0.111111111111
0.0
0.0
0.0
0.0
0.0
0.0
0.0833333333333
0.0
0.0
0.0
0.0
0.0
0.0
0
0.0
0
0.0
0
0.0
0.166666666667
0.0
0.0833333333333
0.0
0.125
0.0714285714286
0.0
0.142857142857
0.125
0.0
0.0714285714286
0.153846153846
0.0
0.0
0.0
0.0
0.0
0.0
0
0
0.0
0
0
0.0
0.0
0.0909090909091
0.0
0.0
0.0714285714286
0.142857142857
0.181818181818
0.310344827586
0.294117647059
0.047619047619
0.130434782609
0.379310344828
0.136363636364
0.0
0.0
0.0
0.0
0.0
0.0
0
0.0
0.0
0.0
0.263157894737
0.0
0.333333333333
0.130434782609
0.1
0.0625
0.105263157895
0.0967741935484
0.28
0.28125
0.58
0.333333333333
0.0606060606061
0.142857142857
0.0833333333333
0.0
0.0
0.0
0
0.0
0
0
0
0.0
0.0909090909091
0.0625
0.24
0.228571428571
0.258064516129
0.0
0.037037037037
0.228571428571
0.372093023256
0.310344827586
0.615384615385
0.129032258065
0.282608695652
0.157894736842
0.0681818181818
0.0
0.0
0.0
0.0
0.0
0.0
0.0
0
0.0
0.0
0.454545454545
0.05
0.269230769231
0.0
0.166666666667
0.125
0.36
0.170212765957
0.0714285714286
0.170731707317
0.323529411765
0.25
0.293103448276
0.196078431373
0.0857142857143
0.0
0.0
0.0
0
0
0
0
0.2
0.25
0.540540540541
0.131578947368
0.0833333333333
0.277777777778
0.179487179487
0.210526315789
0.104166666667
0.25
0.0232558139535
0.189655172414
0.0888888888889
0.133333333333
0.115384615385
0.0967741935484
0.0
0.0
0.0
0.0
0.0
0
0.0
0.0
0.0833333333333
0.222222222222
0.5
0.225
0.452830188679
0.146341463415
0.170212765957
0.296296296296
0.132075471698
0.0444444444444
0.0277777777778
0.0645161290323
0.0238095238095
0.0769230769231
0.0
0.0
0.0
0.0
0.0
0.0
0.0
0.0
0
0
0
0.333333333333
0.0
0.1
0.0
0.285714285714
0.111111111111
0.0714285714286
0.333333333333
0.142857142857
0.0
0.0
0.0
0.0
0.0
0.0625
0.0
0.0
0
0.0
0.0
0
0
0.0
0
0
0.0
0.454545454545
0.181818181818
0.2
0.0666666666667
0.0952380952381
0.0
0.0555555555556
0.0555555555556
0.0
0.111111111111
0.210526315789
0.0
0.0526315789474
0.0
0.0
0.0
0.0
0
0
0.0
0
0.0
0.222222222222
0.0
0.153846153846
0.25
0.136363636364
0.206896551724
0.352941176471
0.129032258065
0.206896551724
0.162162162162
0.0
0.264705882353
0.151515151515
0.171428571429
0.0
0.0
0.0
0.0
0.0
0.0
0.0
0
0.0
0.0
0.125
0.428571428571
0.473684210526
0.0967741935484
0.243243243243
0.279069767442
0.222222222222
0.18
0.150943396226
0.0425531914894
0.211538461538
0.186440677966
0.35
0.295081967213
0.232142857143
0.125
0.0
0.0
0.0
0.0
0.0
0.0
0.0
0.0
0.409090909091
0.68085106383
0.25641025641
0.25
0.138888888889
0.404761904762
0.151515151515
0.365079365079
0.340425531915
0.145833333333
0.0526315789474
0.06
0.333333333333
0.303797468354
0.0555555555556
0.0487804878049
0.0
0.0
0.0
0.0
0
0.0
0.0
0.0909090909091
0.294117647059
0.166666666667
0.236842105263
0.36170212766
0.313725490196
0.406779661017
0.277777777778
0.348484848485
0.189655172414
0.0535714285714
0.0967741935484
0.262295081967
0.394366197183
0.395348837209
0.120689655172
0.0153846153846
0.0
0.0
0.0
0.0
0.0
0.0
0.0
0.272727272727
0.133333333333
0.472222222222
0.352941176471
0.426470588235
0.0769230769231
0.360465116279
0.329411764706
0.393939393939
0.387387387387
0.207792207792
0.190476190476
0.184782608696
0.280898876404
0.0
0.0952380952381
0.0
0.0
0.0
0.0
0
0.0
0
0
0
0.0
0.0
0.142857142857
0.214285714286
0.0909090909091
0.105263157895
0.142857142857
0.176470588235
0.0
0.0
0.125
0.190476190476
0.0909090909091
0.210526315789
0.0625
0.0
0.0
0.0
0.0
0.0
0
0
0
0.0
0.0
0.111111111111
0.307692307692
0.40625
0.321428571429
0.257142857143
0.161290322581
0.298245614035
0.075
0.22641509434
0.127659574468
0.0487804878049
0.0408163265306
0.122448979592
0.0277777777778
0.0
0.0
0.0
0.0
0.0
0.0
0.0
0.0
0.5
0.768115942029
0.488372093023
0.423728813559
0.483146067416
0.390243902439
0.0888888888889
0.55
0.489795918367
0.354166666667
0.416666666667
0.1875
0.363636363636
0.296296296296
0.353658536585
0.241379310345
0.0
0.0
0.0
0.0
0.0
0.0
0.0
0
0.444444444444
0.477272727273
0.363636363636
0.592920353982
0.489361702128
0.649484536082
0.409090909091
0.543689320388
0.111111111111
0.117647058824
0.203703703704
0.441860465116
0.435643564356
0.352941176471
0.238805970149
0.0
0.0
0.0
0.0
0.0
0.0
0.0
0.0
0.0
0.2
0.564102564103
0.576923076923
0.71186440678
0.30303030303
0.557522123894
0.324324324324
0.294871794872
0.22972972973
0.53125
0.372340425532
0.0652173913043
0.495726495726
0.325
0.0888888888889
0.025
0.0
0.0
0.0
0.0
0.0
0.0
0
0.0
0.0
0.515151515152
0.458333333333
0.69387755102
0.507246376812
0.416666666667
0.449438202247
0.345238095238
0.272727272727
0.53
0.0714285714286
0.192307692308
0.3
0.0769230769231
0.316666666667
0.26
0.047619047619
0.0
0.0
0.0
0.0
0.0
0.0
0.0
0.384615384615
0.470588235294
0.208333333333
0.708333333333
0.431034482759
0.234042553191
0.509433962264
0.318181818182
0.155555555556
0.266666666667
0.0
0.113636363636
0.184210526316
0.0740740740741
0.0625
0.0512820512821
0.0
0.0
0.0
0
0
0.0
0.0
0.0
0.0
0.0
0.0
0.1875
0.0
0.16
0.0769230769231
0.212121212121
0.0909090909091
0.05
0.0
0.136363636364
0.0909090909091
0.0
0.0882352941176
0.0
0.0
0.0
0.0
0.0
0
0
0.0
0.0
0.0
0.0
0.0588235294118
0.181818181818
0.0454545454545
0.0416666666667
0.275
0.26
0.442307692308
0.320754716981
0.0444444444444
0.04
0.0806451612903
0.0634920634921
0.297297297297
0.293333333333
0.0
0.025
0.0
0.0
0.0
0.0
0.0
0.0
0.0
0.487179487179
0.354166666667
0.555555555556
0.333333333333
0.4
0.266666666667
0.161764705882
0.180722891566
0.103448275862
0.0322580645161
0.0327868852459
0.280701754386
0.4375
0.240506329114
0.151515151515
0.0952380952381
0.027027027027
0.0
0.0
0.0
0.0
0.0
0.0
0.117647058824
0.1875
0.338983050847
0.377049180328
0.238095238095
0.230769230769
0.5
0.257731958763
0.0689655172414
0.151162790698
0.257425742574
0.0819672131148
0.197674418605
0.36
0.385964912281
0.247311827957
0.030303030303
0.0
0.0
0.0
0.0
0.0
0.0
0.0
0.2
0.125
0.230769230769
0.506024096386
0.492063492063
0.421052631579
0.253968253968
0.141025641026
0.0967741935484
0.292929292929
0.27027027027
0.0823529411765
0.30303030303
0.390909090909
0.3125
0.119565217391
0.0
0.0
0.0
0.0
0.0
0.0
0.0
0.0
0.285714285714
0.404761904762
0.404761904762
0.5
0.152542372881
0.29347826087
0.316831683168
0.213483146067
0.252747252747
0.336633663366
0.229166666667
0.127906976744
0.1875
0.478991596639
0.322314049587
0.183486238532
0.0285714285714
0.0
0.0
0.0
0.0
0.0
0.0
0.0
0.238095238095
0.32
0.377777777778
0.461538461538
0.48
0.538461538462
0.384615384615
0.466666666667
0.176470588235
0.289855072464
0.0909090909091
0.0
0.0689655172414
0.09375
0.0
0.0454545454545
0.0
0.0
0.0
0.0
0
0
0
0.0
0.0
0.25
0.0
0.0666666666667
0.375
0.0666666666667
0.1875
0.233333333333
0.0526315789474
0.0869565217391
0.05
0.0588235294118
0.0
0.142857142857
0.230769230769
0.0
0.0769230769231
0.0
0.0
0.0
0.0
0
0
0
0.0
0.0
0.235294117647
0.222222222222
0.266666666667
0.105263157895
0.222222222222
0.25
0.225
0.263157894737
0.432432432432
0.1875
0.189189189189
0.327272727273
0.354166666667
0.166666666667
0.0
0.0
0.0
0.0
0.2
0.0
0.0
0.0
0.0
0.52
0.166666666667
0.515625
0.36170212766
0.327272727273
0.291139240506
0.132352941176
0.193548387097
0.140845070423
0.0983606557377
0.25
0.217391304348
0.261904761905
0.190476190476
0.0952380952381
0.0
0.0
0.0
0.0
0.0
0.0
0.0
0.0
0.0
0.5
0.441860465116
0.333333333333
0.347826086957
0.222222222222
0.375
0.0701754385965
0.0454545454545
0.188679245283
0.148148148148
0.107142857143
0.36
0.394736842105
0.131147540984
0.051724137931
0.0357142857143
0.0
0.0
0.0
0.0
0
0.0
0.0
0.25
0.512820512821
0.111111111111
0.678571428571
0.434782608696
0.146341463415
0.254545454545
0.275862068966
0.142857142857
0.177419354839
0.115384615385
0.230769230769
0.142857142857
0.402597402597
0.350649350649
0.246153846154
0.0425531914894
0.0
0.0
0.0
0.0
0
0.0
0.0
0.235294117647
0.448275862069
0.272727272727
0.5
0.333333333333
0.351351351351
0.333333333333
0.344827586207
0.452054794521
0.283950617284
0.197530864198
0.0506329113924
0.345679012346
0.21978021978
0.188888888889
0.185567010309
0.027397260274
0.0
0.0
0.0
0.0
0.0
0.0
0.0
0.0
0.2
0.565217391304
0.56338028169
0.62
0.611111111111
0.492307692308
0.624113475177
0.365671641791
0.252873563218
0.0
0.0434782608696
0.0
0.0
0.0
0.0
0.0
0.0
0.0
0.0
0
0.0
0.0
0
0.0
0.222222222222
0.111111111111
0.277777777778
0.0833333333333
0.205882352941
0.0
0.0625
0.190476190476
0.0952380952381
0.0
0.125
0.0
0.260869565217
0.0
0.047619047619
0.0
0.0
0.0
0.0
0.0
0.0
0.0
0
0.0
0.0
0.0769230769231
0.130434782609
0.4
0.148148148148
0.277777777778
0.25
0.173913043478
0.283018867925
0.0645161290323
0.130434782609
0.218181818182
0.103448275862
0.172413793103
0.338028169014
0.0
0.0
0.0
0.0
0.0
0.0
0.0
0.0
0.266666666667
0.433333333333
0.225806451613
0.508196721311
0.392857142857
0.229166666667
0.263157894737
0.263157894737
0.196721311475
0.14
0.0588235294118
0.0
0.30303030303
0.264705882353
0.395348837209
0.225352112676
0.15
0.0
0.0
0.0
0.0
0.0
0.0
0.166666666667
0.0
0.4
0.27027027027
0.244444444444
0.275
0.125
0.272727272727
0.271186440678
0.225
0.353846153846
0.132075471698
0.025641025641
0.0
0.464788732394
0.460526315789
0.3
0.0
0.0
0.0
0.0
0.0
0.0
0.0
0.0
0.0
0.2
0.136363636364
0.416666666667
0.404761904762
0.194444444444
0.31914893617
0.297872340426
0.0666666666667
0.0612244897959
0.274509803922
0.291666666667
0.287878787879
0.112903225806
0.127272727273
0.0
0.0322580645161
0.0
0.0
0.0
0.0
0.0
0.0
0.0
0.333333333333
0.294117647059
0.463414634146
0.111111111111
0.1
0.0645161290323
0.2
0.210526315789
0.09375
0.159090909091
0.269230769231
0.0625
0.0540540540541
0.361111111111
0.178571428571
0.0975609756098
0.0769230769231
0.0
0.0
0.0
0.0
0.0
0.0
0.0
0.125
0.166666666667
0.24
0.222222222222
0.09375
0.111111111111
0.25
0.275
0.206896551724
0.0
0.0
0.0
0.129032258065
0.0384615384615
0.0
0.115384615385
0.0
0.0
0.0
0.0
0.0
0.0
0
0.0
0.0
0.0
0.285714285714
0.111111111111
0.181818181818
0.181818181818
0.0769230769231
0.0625
0.294117647059
0.0666666666667
0.0714285714286
0.0
0.0666666666667
0.266666666667
0.0909090909091
0.0588235294118
0.0526315789474
0.0
0.0
0.0
0.0
0.0
0
0.0
0.0
0.0
0.25
0.0
0.0588235294118
0.157894736842
0.25
0.219512195122
0.243902439024
0.0357142857143
0.190476190476
0.148148148148
0.214285714286
0.111111111111
0.05
0.0512820512821
0.0
0.0
0.0
0.0
0.0
0.0
0.0
0.0
0.0
0.2
0.21875
0.333333333333
0.0769230769231
0.255319148936
0.282608695652
0.282608695652
0.146341463415
0.339622641509
0.125
0.358490566038
0.209677419355
0.181818181818
0.102040816327
0.11320754717
0.0
0.0
0.0
0.0
0.0
0.0
0.0
0.0
0.181818181818
0.586956521739
0.5
0.54
0.209302325581
0.32
0.28
0.175438596491
0.258064516129
0.06
0.0833333333333
0.216666666667
0.383333333333
0.348837209302
0.387096774194
0.2375
0.0
0.0
0.0
0.0
0.0
0.0
0.0
0
0.125
0.433333333333
0.425531914894
0.491525423729
0.423728813559
0.276595744681
0.313432835821
0.145161290323
0.0925925925926
0.0943396226415
0.08
0.0
0.0943396226415
0.216666666667
0.265625
0.0
0.0
0.0
0.0
0.0
0.0
0.0
0
0.0
0.0
0.454545454545
0.5
0.475
0.133333333333
0.125
0.1
0.0
0.0714285714286
0.0
0.047619047619
0.0
0.0
0.0
0.0
0.0
0.176470588235
0.0909090909091
0.0
0.0
0.0
0.0
0
0.0
0.0
0.230769230769
0.380952380952
0.1
0.0625
0.117647058824
0.225806451613
0.40625
0.136363636364
0.0
0.0
0.136363636364
0.0
0.0
0.0833333333333
0.0
0.0
0.0
0.111111111111
0.0
0.0
0.0
0
0
0.0
0.0
0.0
0.0
0.0
0.111111111111
0.0909090909091
0.133333333333
0.0
0.047619047619
0.0
0.222222222222
0.0
0.0
0.0
0.0
0.0
0.0
0.0
0.0
0.0
0
0.0
0.0
0.0
0.0
0.0
0.157894736842
0.285714285714
0.285714285714
0.47619047619
0.0714285714286
0.238095238095
0.0454545454545
0.185185185185
0.0454545454545
0.290322580645
0.301886792453
0.0294117647059
0.025641025641
0.0
0.2
0.0
0.0
0.0
0.0
0.0
0.0
0.25
0.368421052632
0.208333333333
0.342105263158
0.418604651163
0.311475409836
0.512195121951
0.322580645161
0.375
0.109375
0.0566037735849
0.27868852459
0.405063291139
0.290697674419
0.377358490566
0.0172413793103
0.0208333333333
0.0
0.0
0.0
0.0
0.0
0.0
0.0
0.416666666667
0.414634146341
0.388888888889
0.388888888889
0.22
0.271428571429
0.350649350649
0.205479452055
0.282352941176
0.26
0.194444444444
0.19512195122
0.295238095238
0.38679245283
0.322314049587
0.112359550562
0.0
0.0
0.0
0.0
0.0
0.0
0.0
0.0
0.166666666667
0.333333333333
0.45652173913
0.25641025641
0.159090909091
0.229166666667
0.227272727273
0.192307692308
0.338235294118
0.2
0.0434782608696
0.14
0.443298969072
0.411764705882
0.257142857143
0.078431372549
0.0
0.0
0.0
0.0
0.0
0.0
0.0
0.0
0.0833333333333
0.405405405405
0.630136986301
0.379310344828
0.262295081967
0.275362318841
0.172413793103
0.306818181818
0.2
0.101449275362
0.203125
0.151515151515
0.258823529412
0.376470588235
0.257575757576
0.0714285714286
0.104166666667
0.0
0.0
0.0
0.0
0.0
0.0
0.0
0.125
0.210526315789
0.391304347826
0.627659574468
0.610619469027
0.604651162791
0.532258064516
0.535483870968
0.520833333333
0.175675675676
0.0
0.0
0.0
0.0714285714286
0.0
0.0
0.0
0.0
0.0
0.0
0.0
0.0
0
0.0
0.0
0.0
0.142857142857
0.266666666667
0.25
0.0588235294118
0.0
0.181818181818
0.173913043478
0.222222222222
0.212121212121
0.0740740740741
0.125
0.0833333333333
0.0
0.0
0.0
0.0
0.0
0.0
0.0
0
0
0
0.0
0.0
0.2
0.15
0.222222222222
0.133333333333
0.263157894737
0.131578947368
0.219512195122
0.269230769231
0.0384615384615
0.0
0.237288135593
0.25
0.0655737704918
0.0862068965517
0.0
0.0
0.0
0.0
0.0
0.0
0.0
0.0
0.272727272727
0.512820512821
0.459459459459
0.357142857143
0.254237288136
0.535211267606
0.342857142857
0.471153846154
0.315789473684
0.146666666667
0.0
0.245901639344
0.402985074627
0.333333333333
0.0188679245283
0.137931034483
0.0
0.0
0.0
0.0
0.0
0.0
0.0
0.0
0.214285714286
0.68085106383
0.6875
0.282608695652
0.214285714286
0.0
0.268292682927
0.212765957447
0.219512195122
0.214285714286
0.116279069767
0.21568627451
0.235294117647
0.2
0.231884057971
0.3125
0.0
0.0
0.0
0.0
0.0
0.0
0.0
0.0
0.333333333333
0.4375
0.333333333333
0.458333333333
0.0344827586207
0.210526315789
0.292682926829
0.27027027027
0.0588235294118
0.227272727273
0.3
0.153846153846
0.206896551724
0.257575757576
0.1
0.0769230769231
0.02
0.0
0.0
0.0
0.0
0.0
0.0
0.0
0.0
0.25
0.628571428571
0.173913043478
0.282608695652
0.16
0.025641025641
0.421875
0.272727272727
0.0
0.0869565217391
0.253968253968
0.354838709677
0.233333333333
0.237288135593
0.0980392156863
0.0238095238095
0.0
0.0
0.0
0.0
0.0
0.0
0.0
0.0909090909091
0.3
0.410256410256
0.515625
0.228070175439
0.507246376812
0.208955223881
0.35
0.280487804878
0.189873417722
0.0724637681159
0.148148148148
0.0980392156863
0.0
0.137254901961
0.0
0.0
0.0
0.0
0.0
0.0
0.0
0
0.0
0.0
0.0
0.133333333333
0.263157894737
0.171428571429
0.0869565217391
0.142857142857
0.0416666666667
0.0967741935484
0.0384615384615
0.108108108108
0.137931034483
0.0
0.111111111111
0.0416666666667
0.0
0.0
0.0
0.0
0.0
0.0
0.0
0.0
0.0
0
0.0
0.272727272727
0.421052631579
0.0909090909091
0.148148148148
0.230769230769
0.244444444444
0.428571428571
0.384615384615
0.135593220339
0.266666666667
0.280701754386
0.192307692308
0.153846153846
0.104166666667
0.0
0.0
0.0
0.0
0.0
0.0
0.0
0.0
0.0
0.346153846154
0.387096774194
0.219512195122
0.457627118644
0.485714285714
0.266666666667
0.263888888889
0.384615384615
0.109375
0.329113924051
0.329113924051
0.460784313725
0.392156862745
0.411764705882
0.0833333333333
0.0
0.0
0.0
0.0
0.0
0.0
0.0
0.0
0.0
0.439024390244
0.705263157895
0.3125
0.134615384615
0.175438596491
0.0925925925926
0.16
0.181818181818
0.0217391304348
0.0975609756098
0.155172413793
0.104166666667
0.218181818182
0.189655172414
0.104166666667
0.0
0.0
0.0
0.0
0.0
0.0
0.0
0.0
0.181818181818
0.0666666666667
0.411764705882
0.222222222222
0.375
0.243902439024
0.295454545455
0.255319148936
0.135135135135
0.0571428571429
0.0
0.093023255814
0.372881355932
0.228070175439
0.12962962963
0.283333333333
0.0952380952381
0.0
0.0
0.0
0.0
0.0
0.0
0.0
0.0
0.416666666667
0.433333333333
0.4375
0.327272727273
0.0666666666667
0.121951219512
0.025
0.265306122449
0.075
0.0833333333333
0.162790697674
0.384615384615
0.38961038961
0.203389830508
0.0980392156863
0.0
0.0
0.0
0.0
0.0
0.0
0.0
0.0
0.111111111111
0.0
0.259259259259
0.333333333333
0.047619047619
0.0
0.0967741935484
0.0882352941176
0.0571428571429
0.0666666666667
0.111111111111
0.129032258065
0.0
0.0
0.0
0.0344827586207
0.0
0.0
0.0
0.0
0.0
0.0
0
0
0.0
0.0
0.111111111111
0.0
0.142857142857
0.0
0.153846153846
0.117647058824
0.0
0.32
0.0
0.0
0.0
0.0625
0.0833333333333
0.0
0.0
0.0
0.0
0.0
0
0.0
0.0
0.0
0.0
0.375
0.285714285714
0.0
0.166666666667
0.227272727273
0.137931034483
0.151515151515
0.128205128205
0.404761904762
0.146341463415
0.170731707317
0.313725490196
0.0909090909091
0.22641509434
0.0
0.0
0.0
0.0
0.0
0.0
0.0
0.0
0.0
0.0833333333333
0.5
0.290322580645
0.301886792453
0.0909090909091
0.288888888889
0.288461538462
0.326086956522
0.1
0.108108108108
0.162162162162
0.125
0.4375
0.285714285714
0.160714285714
0.0
0.0
0.0
0.0
0.0
0.0
0.0
0.0
0.0
0.266666666667
0.645161290323
0.519230769231
0.548780487805
0.384615384615
0.0769230769231
0.246575342466
0.0888888888889
0.344827586207
0.175438596491
0.156862745098
0.0731707317073
0.416666666667
0.3
0.301886792453
0.0238095238095
0.0
0.0
0.0
0.0
0.0
0.0
0.0
0.0
0.222222222222
0.166666666667
0.487179487179
0.617647058824
0.208333333333
0.179487179487
0.225
0.269230769231
0.152173913043
0.188405797101
0.241379310345
0.12
0.2875
0.253164556962
0.24
0.120689655172
0.0
0.0
0.0
0.0
0.0
0.0
0.0
0.0
0.166666666667
0.617647058824
0.605263157895
0.529411764706
0.125
0.239436619718
0.333333333333
0.265060240964
0.247058823529
0.470085470085
0.0
0.1875
0.34693877551
0.387096774194
0.454545454545
0.181818181818
0.0597014925373
0.0
0.0
0.0
0.0
0.0
0.0
0.0
0.375
0.484848484848
0.490909090909
0.505617977528
0.612612612613
0.5859375
0.480392156863
0.457142857143
0.267326732673
0.0188679245283
0.0
0.03125
0.0416666666667
0.0
0.0
0.0
0.0
0.0
0.0
0.0
0.0
0.0
0.0
0.0
0.0
0.0
0.423076923077
0.4
0.40625
0.371428571429
0.235294117647
0.176470588235
0.0
0.0526315789474
0.0
0.0416666666667
0.25
0.0
0.0
0.0
0.0
0.0
0.142857142857
0.0
0.0
0.0
0.0
0.0
0.2
0.1
0.0
0.0
0.304347826087
0.3125
0.235294117647
0.416666666667
0.12
0.181818181818
0.139534883721
0.255319148936
0.333333333333
0.196428571429
0.18
0.0851063829787
0.0
0.0
0.0
0.0
0.0
0.0
0.0
0.3
0.5
0.304347826087
0.608108108108
0.614035087719
0.24
0.290909090909
0.472222222222
0.0810810810811
0.213114754098
0.169811320755
0.253968253968
0.153846153846
0.196428571429
0.12962962963
0.181818181818
0.106382978723
0.0
0.0
0.0
0.0
0.0
0.0
0.0
0.125
0.285714285714
0.626865671642
0.543859649123
0.507692307692
0.162162162162
0.290909090909
0.0454545454545
0.45
0.344827586207
0.105263157895
0.166666666667
0.0
0.136363636364
0.2
0.160714285714
0.0833333333333
0.0
0.0
0.0
0.0
0.0
0.0
0.0
0.285714285714
0.384615384615
0.277777777778
0.477272727273
0.295454545455
0.410256410256
0.1875
0.340425531915
0.241379310345
0.314814814815
0.0
0.0161290322581
0.134615384615
0.305555555556
0.3
0.306666666667
0.0
0.0
0.0
0.0
0.0
0.0
0.0
0.0
0.0
0.263157894737
0.516129032258
0.470588235294
0.573333333333
0.0333333333333
0.181818181818
0.219512195122
0.263157894737
0.347826086957
0.0
0.0
0.136363636364
0.179487179487
0.302325581395
0.139534883721
0.0384615384615
0.0555555555556
0.0
0.0
0.181818181818
0.0
0.0
0.0
0.166666666667
0.0
0.117647058824
0.511111111111
0.619047619048
0.232558139535
0.288888888889
0.0285714285714
0.075
0.093023255814
0.0714285714286
0.0263157894737
0.0526315789474
0.030303030303
0.0
0.0
0.0
0.0
0.0
0.0
0.0
0.0
0
0.0
0
0.125
0.222222222222
0.176470588235
0.208333333333
0.333333333333
0.2
0.242424242424
0.12
0.162162162162
0.0
0.161290322581
0.0
0.0967741935484
0.0
0.0769230769231
0.0740740740741
0.0
0.0
0.0
0.0
0.0
0.0
0.0
0.0
0.0
0.111111111111
0.333333333333
0.393939393939
0.230769230769
0.172413793103
0.34693877551
0.0322580645161
0.321428571429
0.217391304348
0.28
0.12962962963
0.0697674418605
0.160714285714
0.078431372549
0.137254901961
0.0
0.0
0.0
0.0
0.0
0.0
0.0
0.0
0.0
0.1875
0.454545454545
0.491525423729
0.403846153846
0.4
0.430107526882
0.301587301587
0.133333333333
0.130434782609
0.223880597015
0.35
0.268656716418
0.333333333333
0.138461538462
0.0714285714286
0.0
0.0
0.0
0.0
0.0
0
0.0
0.0
0.272727272727
0.369565217391
0.404255319149
0.4
0.244897959184
0.375
0.24
0.218181818182
0.25
0.258064516129
0.0217391304348
0.216666666667
0.0888888888889
0.351851851852
0.157894736842
0.0727272727273
0.0
0.0
0.0
0.0
0.0
0.0
0.0
0.0
0.0769230769231
0.416666666667
0.289473684211
0.508771929825
0.232558139535
0.186046511628
0.465517241379
0.203389830508
0.254901960784
0.177419354839
0.203389830508
0.171428571429
0.229508196721
0.380952380952
0.342465753425
0.140845070423
0.0
0.0
0.0
0.0
0.0
0.0
0.0
0.0
0.230769230769
0.227272727273
0.512820512821
0.561643835616
0.350877192982
0.383561643836
0.373134328358
0.287234042553
0.326530612245
0.322580645161
0.0945945945946
0.189873417722
0.397959183673
0.294117647059
0.0752688172043
0.0263157894737
0.0
0.0
0.0
0.0
0.0
0.0
0.0
0.0
0.1
0.4
0.442307692308
0.325581395349
0.569444444444
0.555555555556
0.564516129032
0.434782608696
0.368421052632
0.0392156862745
0.0
0.0
0.0
0.117647058824
0.037037037037
0.0
0.0
0.0
0.0
0.0
0.0
0.0
0
0.0
0.0
0.0
0.357142857143
0.222222222222
0.111111111111
0.0909090909091
0.378378378378
0.0625
0.0
0.0
0.1
0.0434782608696
0.185185185185
0.0
0.178571428571
0.16
0.0
0.0
0.0
0.0
0.0
0.0
0.0
0.0
0.142857142857
0.0
0.210526315789
0.259259259259
0.222222222222
0.166666666667
0.317073170732
0.239130434783
0.32
0.196428571429
0.0652173913043
0.132075471698
0.210526315789
0.0
0.105263157895
0.0
0.0
0.0
0.0
0.0
0.0
0.0
0.0
0.0
0.25
0.210526315789
0.133333333333
0.0909090909091
0.176470588235
0.175
0.241379310345
0.166666666667
0.220338983051
0.2
0.104166666667
0.215384615385
0.171875
0.301369863014
0.175438596491
0.137931034483
0.0967741935484
0.0
0.0
0.0
0.0
0.0
0.0
0.0
0.166666666667
0.588235294118
0.52
0.491525423729
0.0588235294118
0.030303030303
0.225
0.269230769231
0.03125
0.0263157894737
0.0
0.0
0.148148148148
0.0857142857143
0.130434782609
0.0
0.0
0.0
0.0
0.0
0.0
0
0.0
0.0
0.0
0.181818181818
0.368421052632
0.344827586207
0.214285714286
0.0909090909091
0.392857142857
0.0
0.161290322581
0.0625
0.145833333333
0.142857142857
0.0869565217391
0.0434782608696
0.0
0.0434782608696
0.0
0.0
0.0
0.0
0.0
0.0
0
0.0
0.0
0.0909090909091
0.166666666667
0.111111111111
0.380952380952
0.0625
0.0
0.0344827586207
0.0
0.0
0.266666666667
0.0909090909091
0.222222222222
0.133333333333
0.047619047619
0.2
0.0
0.0
0.0
0.0
0.0
0.0
0.0
0.0
0.0
0.0
0.0
0.266666666667
0.208333333333
0.0
0.105263157895
0.24
0.258064516129
0.0454545454545
0.0384615384615
0.04
0.0
0.0
0.0
0.0
0.0
0.0
0.0
0.0
0.0
0.0
0.0
0.0
0.0
0.266666666667
0.304347826087
0.227272727273
0.210526315789
0.36
0.357142857143
0.259259259259
0.378378378378
0.3125
0.0384615384615
0.0
0.05
0.0714285714286
0.037037037037
0.272727272727
0.0
0.0
0.0
0.0
0.0
0.0
0.0
0.0
0.333333333333
0.0
0.352941176471
0.28
0.25
0.461538461538
0.333333333333
0.222222222222
0.0869565217391
0.261904761905
0.25
0.1
0.27027027027
0.358490566038
0.220338983051
0.0833333333333
0.0
0.0
0.0
0.0
0.0
0.0
0.0
0.1
0.333333333333
0.461538461538
0.285714285714
0.302325581395
0.365079365079
0.28813559322
0.15
0.192307692308
0.367647058824
0.0909090909091
0.0175438596491
0.212121212121
0.212121212121
0.137931034483
0.172413793103
0.047619047619
0.0
0.0
0.0
0.0
0.0
0.0
0.0
0.0
0.190476190476
0.5
0.228571428571
0.311111111111
0.313725490196
0.3125
0.176470588235
0.348484848485
0.257575757576
0.193548387097
0.157894736842
0.337662337662
0.37037037037
0.236111111111
0.0581395348837
0.0
0.0
0.0
0.0
0.0
0.0
0.0
0.25
0.0
0.222222222222
0.454545454545
0.533333333333
0.454545454545
0.138888888889
0.457142857143
0.210526315789
0.363636363636
0.257575757576
0.152542372881
0.295774647887
0.191176470588
0.352941176471
0.192771084337
0.159420289855
0.0
0.0555555555556
0.0
0.0
0.0
0.0
0.0
0.0
0.0
0.176470588235
0.413793103448
0.403846153846
0.327272727273
0.328125
0.290909090909
0.134615384615
0.111111111111
0.171052631579
0.0
0.388888888889
0.329411764706
0.356435643564
0.171052631579
0.152542372881
0.0
0.0
0.0
0.0
0.0
0.0
0.0
0.0
0.1
0.25
0.410256410256
0.515625
0.346153846154
0.409836065574
0.474576271186
0.268656716418
0.417721518987
0.197674418605
0.261363636364
0.205882352941
0.121212121212
0.107692307692
0.0
0.016393442623
0.0
0.0
0.0
0.0
0.0
0.0
0
0.0
0.0
0.2
0.0714285714286
0.230769230769
0.2
0.1
0.047619047619
0.2
0.153846153846
0.0
0.0
0.0526315789474
0.133333333333
0.166666666667
0.0526315789474
0.0
0.0
0.0
0.0
0.0
0.0
0.0
0.0
0.0
0.0
0.3
0.0
0.166666666667
0.210526315789
0.0869565217391
0.379310344828
0.321428571429
0.172413793103
0.0
0.0
0.09375
0.2
0.205882352941
0.030303030303
0.0357142857143
0.0
0.0
0.0
0.0
0.0
0.0
0.0
0.0
0.0
0.260869565217
0.0
0.1
0.138888888889
0.0645161290323
0.0
0.210526315789
0.294117647059
0.321428571429
0.0
0.0
0.0
0.0
0.15
0.230769230769
0.15
0.0
0.0
0.0
0.0
0.0
0.0
0.0
0.0
0.0
0.0714285714286
0.291666666667
0.185185185185
0.142857142857
0.0882352941176
0.111111111111
0.185185185185
0.0
0.0
0.0
0.136363636364
0.0
0.269230769231
0.0909090909091
0.0
0.230769230769
0.0
0.0
0.0
0.0
0.0
0.0
0.0
0.111111111111
0.235294117647
0.125
0.176470588235
0.2
0.111111111111
0.0
0.115384615385
0.0454545454545
0.0
0.1
0.0588235294118
0.0
0.0714285714286
0.0
0.1875
0.0
0.0
0.0
0.0
0
0.0
0.0
0.0
0.0
0.3
0.222222222222
0.0714285714286
0.0526315789474
0.0833333333333
0.166666666667
0.192307692308
0.0
0.0
0.047619047619
0.263157894737
0.0588235294118
0.0
0.05
0.0666666666667
0.0
0.0
0.0
0.0
0.0
0.0
0.0
0.181818181818
0.0
0.2
0.125
0.0
0.0
0.0
0.25
0.0
0.0
0.0
0.0
0.0
0.2
0.125
0.125
0.0
0.0
0.0
0.0
0.0
0.0
0
0
0.0
0.0
0.0
0.0
0.0
0.0769230769231
0.0
0.0
0.0
0.0
0.0
0.0
0.0
0.0
0.125
0.0
0.0
0.0
0.0
0.0
0.0
0
0
0
0.0
0.0
0.0
0.0
0.0
0.0
0.0
0.176470588235
0.153846153846
0.0
0.0
0.0
0.105263157895
0.05
0.0
0.0
0.0
0.0833333333333
0.0
0.0
0.0
0.0
0.0
0.0
0.0
0.0
0.266666666667
0.0
0.166666666667
0.0
0.0
0.190476190476
0.0
0.0
0.0833333333333
0.25
0.0
0.142857142857
0.0
0.0
0.0666666666667
0.0
0.0
0.0
0
0
0.0
0.0
0.0
0.0
0.0909090909091
0.1875
0.0
0.0
0.166666666667
0.1
0.0
0.0
0.0
0.0
0.0
0.181818181818
0.25
0.0
0.125
0.0
0.0
0.0
0
0.0
0.0
0
0.0
0.2
0.125
0.0
0.1875
0.166666666667
0.0666666666667
0.0
0.0909090909091
0.0
0.0
0.0
0.181818181818
0.0
0.0909090909091
0.0
0.0
0.0
0.0
0.0
0
0
0.0
0.0
0.0
0.0
0.0
0.111111111111
0.0909090909091
0.0
0.0
0.0
0.0
0.0
0.0
0.0
0.0
0.0
0.0
0.0
0.0
0.166666666667
0.0
0.0
0
0.0
0
0
0.866666666667
0.0
0.34693877551
0.111111111111
0.0
0.0
0.0
0.0555555555556
0.0
0.0
0.0
0.0
0.0
0.0
0.0
0.0
0.0
0.0
0.0
0.0
0
0
0
0
0
0
0.0
0.0
0.0
0.0
0.0
0.0
0.0
0.0
0.0
0.0
0.0
0.0
0.0
0.0
0
0.0
0.0
0.0
0
0
0.0
0
0
0.0
0.0
0.2
0.0
0.0
0.0
0.0
0.0
0.166666666667
0.0
0.0
0.0
0.0
0.0
0.0
0.0
0.0
0
0
0.0
0.0
0
0
0.0
0
0.0
0.0833333333333
0.0
0.0
0.0
0.142857142857
0.25
0.0
0.0
0.0
0.0
0.0
0.0
0
0.0
0
0.0
0
0
0
0
0
0.0
0
0.0
0.0
0.0
0.0
0.0
0.0
0.0
0.0
0.0
0.0
0.0
0.0
0.111111111111
0
0.0
0
0.0
0.0
0.0
0
0
0.0
0
0.0
0.0
0.0
0.0
0.0
0.0
0.0
0.0
0
0.0
0.0
0
0.0
0.0
0.0
0
0
0.0
0.0
0.0
0
0.0
0.0
0
0
0.0
0.0
0.0
0.0
0.0
0
0.0
0.0
0.0
0.0
0.0
0.0
0
0.0
0.0
0.0
0
0.0
0
0
0
0
0
0
0
0.0
0.0
0.0
0.0
0
0.0
0.0
0.0
0.0
0.0
0.0
0.0
0.0
0.0
0.0
0.0
0.0
0.0
0
0
0
0
0
0.0
0.0
0.0
0.0
0
0.0
0.0
0.0
0.0
0.0
0.0
0
0.0
0
0
0.0
0.0
0
0
0.0
0.0
0
0.0
0
0.0
0.0
0
0.25
0.0
0.0
0
0.0
0.0
0.0
0.0
0.0
0.0
0.0
0
0.0
0
0.0
0
0.0
0.0
0
0
0.0
0.0
0.0
0.0
0.0
0.0
0.0
0.0
0.0
0.0
0.0
0.0
0.2
0.0
0.0
0
0.0
0
0.0
0
0
0.0
0
0
0
0.0
0.0
0.0
0.0
0.0
0.0
0.0
0.0
0
0.2
0.0
0.0
0.0
0.0
0
0.0
0
0
0
0.0
0
0
0.0
0.0
0.0
0.0
0.0
0.0
0.0
0.0
0.0
0
0.0
0.0
0.0
0.0
0.0
0.0
0.0
0.0
0.0
0.0
0
0
0.0
0.0
0
0
0
0.0
0.0
0.0
0.0
0.0
0.0
0.0
0.0
0.0
0.0
0.0
0.0
0.0
0
0.0
0.0
0.0
0
0.0
0
0
0.0
0
0.0
0.0
0.0
0.0
0.0
0.0
0.0
0.0
0.0
0.0
0.0
0.0
0.0
0.0
0.0
0.0
0.0
0
0
0
0
0
0.0
0.0
0.0
0.0
0.0
0.0
0.0
0.0
0.0
0.0
0
0.0
0.0
0.0
0.0
0.0
0
0.0
0.0
0
0
0.0
0.0
0
0
0
0.0
0.0
0.0
0.0
0.0
0.0
0.0
0.0
0.0
0.0
0.0
0.0
0.0
0.142857142857
0.0
0
0.0
0
0
0
0
0
0
0.0
0.0
0.125
0.0
0.0
0.0
0.0
0.0
0.0
0.0
0.0
0.1
0.0
0.0
0.0
0.0
0.0
0.0
0
0.0
0
0
0
0
0.0
0.0909090909091
0.130434782609
0.0
0.0
0.153846153846
0.111111111111
0.0
0.0
0.0
0.0
0.25
0.0
0.0
0.0
0.0
0.0
0.0
0.0
0
0
0.0
0
0.0
0.0
0.166666666667
0.444444444444
0.1
0.222222222222
0.285714285714
0.0555555555556
0.0
0.0
0.0
0.0588235294118
0.0434782608696
0.0909090909091
0.0
0.0
0.0
0.0
0.0
0
0
0
0
0
0.125
0.285714285714
0.35
0.294117647059
0.1
0.371428571429
0.310344827586
0.0526315789474
0.230769230769
0.0909090909091
0.4
0.0555555555556
0.0769230769231
0.315789473684
0.0
0.0
0.0
0.166666666667
0.0
0
0
0
0.0
0.0
0.0
0.0
0.153846153846
0.25
0.512195121951
0.111111111111
0.0
0.0555555555556
0.0
0.0
0.0
0.0
0.0
0.0833333333333
0.0
0.142857142857
0.142857142857
0.0
0.0
0.0
0
0
0
0.0
0.0
0.0
0.0
0.0
0.0
0.0
0.0
0.142857142857
0.0909090909091
0.0769230769231
0.0
0.142857142857
0.0
0.0
0.0
0.0
0.0
0.0
0.0
0
0
0
0
0
0
0.0
0.0
0.0
0.0
0.0625
0.157894736842
0.0
0.176470588235
0.0714285714286
0.0714285714286
0.0
0.0
0.117647058824
0.0526315789474
0.0
0.166666666667
0.0
0.0
0
0.0
0.0
0
0.0
0.0
0.0
0.28
0.457142857143
0.05
0.0
0.181818181818
0.392857142857
0.205882352941
0.290322580645
0.277777777778
0.342857142857
0.0666666666667
0.0434782608696
0.192307692308
0.0
0.0
0.0
0.0
0
0
0
0.0
0
0.0
0.0
0.740740740741
0.227272727273
0.0
0.0
0.1
0.142857142857
0.105263157895
0.333333333333
0.277777777778
0.452380952381
0.0689655172414
0.228571428571
0.153846153846
0.224489795918
0.0384615384615
0.0
0.0
0.0
0
0.0
0
0.0
0.0
0.0909090909091
0.378378378378
0.484375
0.254237288136
0.138888888889
0.128205128205
0.0645161290323
0.176470588235
0.15625
0.157894736842
0.311111111111
0.0
0.4
0.267857142857
0.146341463415
0.0
0.0
0.0
0.0
0.0
0.0
0.0
0.0
0.166666666667
0.44
0.781609195402
0.5
0.54
0.448275862069
0.322033898305
0.0238095238095
0.348484848485
0.2
0.0566037735849
0.0
0.176470588235
0.27868852459
0.2
0.282608695652
0.0
0.0
0.0
0.0
0.0
0.0
0.0
0.0
0.0
0.368421052632
0.32
0.48
0.650602409639
0.396825396825
0.301886792453
0.345679012346
0.189189189189
0.0204081632653
0.106382978723
0.027027027027
0.0277777777778
0.0
0.0909090909091
0.0857142857143
0.0
0.0
0.0
0.0
0.0
0.0
0.0
0
0.0
0.0
0.0
0.0
0.0666666666667
0.0
0.0588235294118
0.333333333333
0.130434782609
0.0769230769231
0.0
0.125
0.0
0.0
0.0
0.0588235294118
0.0769230769231
0.0
0.0
0.0
0.0
0.0
0
0.0
0.0
0.0
0.0
0.235294117647
0.235294117647
0.217391304348
0.210526315789
0.147058823529
0.0
0.0909090909091
0.0
0.115384615385
0.108108108108
0.0416666666667
0.0
0.0
0.0
0.0
0.0
0.125
0
0
0.0
0.0
0.0
0.166666666667
0.266666666667
0.0
0.166666666667
0.0416666666667
0.489795918367
0.15625
0.176470588235
0.2
0.131578947368
0.0322580645161
0.0857142857143
0.3125
0.21568627451
0.0294117647059
0.037037037037
0.0
0.0
0.0
0.0
0.0
0.0
0.0
0.0
0.153846153846
0.210526315789
0.296296296296
0.0
0.0869565217391
0.153846153846
0.189189189189
0.15
0.186046511628
0.2
0.0833333333333
0.362068965517
0.0909090909091
0.0
0.0
0.0
0.0
0.125
0.0
0.0
0
0
0.0
0.0
0.0769230769231
0.142857142857
0.375
0.129032258065
0.421052631579
0.363636363636
0.448275862069
0.261538461538
0.256097560976
0.276315789474
0.0847457627119
0.275862068966
0.386138613861
0.146341463415
0.0645161290323
0.0
0.0
0.0
0.0
0.0
0.0
0.0
0.0
0.461538461538
0.388888888889
0.5
0.377777777778
0.0
0.396551724138
0.365079365079
0.0769230769231
0.305263157895
0.154545454545
0.153846153846
0.318181818182
0.241379310345
0.0793650793651
0.318681318681
0.046875
0.12
0.0
0.0
0.0
0
0.0
0.0
0.0
0.0
0.0588235294118
0.0
0.394736842105
0.524590163934
0.145833333333
0.34375
0.431578947368
0.38961038961
0.222222222222
0.0
0.338461538462
0.0882352941176
0.0243902439024
0.311111111111
0.0
0.0
0.0
0.0
0.0
0.0
0
0.0
0.0
0.0
0.0
0.0
0.0909090909091
0.0
0.0
0.0
0.32
0.0
0.0454545454545
0.103448275862
0.0666666666667
0.0
0.230769230769
0.1
0.2
0.0
0.0
0.0
0
0.0
0
0
0
0.0
0.0
0.0
0.25
0.166666666667
0.15
0.344827586207
0.193548387097
0.0
0.04
0.0769230769231
0.228571428571
0.217391304348
0.128205128205
0.0
0.166666666667
0.0
0.1
0.111111111111
0.0
0.333333333333
0.0
0.0
0.0
0.0
0.111111111111
0.166666666667
0.6
0.0
0.09375
0.434782608696
0.14
0.0943396226415
0.075
0.0
0.317073170732
0.186046511628
0.232142857143
0.229508196721
0.0
0.0
0.0
0.0
0.0
0.0
0.0
0.0
0.0
0.466666666667
0.347826086957
0.478260869565
0.297297297297
0.216216216216
0.0952380952381
0.340425531915
0.177777777778
0.415094339623
0.260869565217
0.0
0.153846153846
0.127659574468
0.153846153846
0.316666666667
0.288461538462
0.0
0.1
0.0
0.0
0.0
0.0
0.0
0.0
0
0.0
0.269230769231
0.657534246575
0.0384615384615
0.0
0.509433962264
0.260869565217
0.326530612245
0.320754716981
0.0952380952381
0.153846153846
0.272727272727
0.291666666667
0.382352941176
0.277777777778
0.15
0.0
0.0
0.0
0.0
0.0
0
0.0
0.357142857143
0.63829787234
0.431818181818
0.428571428571
0.48275862069
0.349206349206
0.142857142857
0.078431372549
0.0
0.0
0.291666666667
0.36
0.19512195122
0.191489361702
0.282051282051
0.0
0.0
0.0
0.0
0.0
0.0
0
0.0
0.0
0.0
0.111111111111
0.235294117647
0.363636363636
0.1
0.0714285714286
0.166666666667
0.473684210526
0.046511627907
0.0
0.0
0.0
0.0588235294118
0.0
0.0555555555556
0.0
0.0
0.0
0.0
0
0
0.0
0
0.0
0.0
0.0
0.307692307692
0.0
0.294117647059
0.263157894737
0.0625
0.0909090909091
0.0
0.0
0.0
0.0
0.1
0.0
0.0666666666667
0.25
0.0
0.0
0.0
0.0
0.0
0.0
0.0
0.0
0.0
0.0
0.142857142857
0.411764705882
0.0
0.25
0.0869565217391
0.24
0.16
0.166666666667
0.0454545454545
0.0416666666667
0.0
0.0
0.0
0.161290322581
0.1
0.0
0.0
0.0
0.0
0.0
0.0
0.0
0.0
0.133333333333
0.581818181818
0.382352941176
0.333333333333
0.025
0.244444444444
0.078431372549
0.321428571429
0.121951219512
0.126984126984
0.0
0.0980392156863
0.0
0.344086021505
0.254545454545
0.0
0.0
0.0
0.0
0.0
0.0
0.0
0.0
0.636363636364
0.431818181818
0.458333333333
0.372093023256
0.280701754386
0.162162162162
0.0909090909091
0.093023255814
0.176470588235
0.102040816327
0.272727272727
0.135135135135
0.240740740741
0.283333333333
0.163636363636
0.126984126984
0.0
0.0
0.0
0.0
0
0.0
0.0
0
0.0
0.351351351351
0.5
0.468085106383
0.349206349206
0.4
0.111111111111
0.103448275862
0.122448979592
0.223880597015
0.223880597015
0.0169491525424
0.236842105263
0.322916666667
0.0547945205479
0.140845070423
0.0175438596491
0.0
0.0
0.0
0.0
0.0
0.0
0.0
0.0
0.613636363636
0.65
0.386363636364
0.119047619048
0.455696202532
0.0227272727273
0.225806451613
0.27397260274
0.277777777778
0.161290322581
0.218181818182
0.283018867925
0.234567901235
0.15873015873
0.122807017544
0.02
0.0
0.0
0.0714285714286
0.0
0.0
0.0
0.0
0.222222222222
0.322580645161
0.217391304348
0.416666666667
0.347826086957
0.161290322581
0.272727272727
0.385964912281
0.0588235294118
0.0
0.0740740740741
0.0967741935484
0.115384615385
0.0
0.0
0.0
0.0
0.0
0.0
0.0
0
0
0
0.0
0.333333333333
0.0
0.363636363636
0.176470588235
0.0625
0.166666666667
0.263157894737
0.115384615385
0.176470588235
0.0
0.190476190476
0.16
0.0
0.0
0.0
0.0
0.0
0.0
0.0
0.0
0.0
0.0
0.0
0.25
0.0
0.0
0.0
0.0833333333333
0.238095238095
0.2
0.190476190476
0.206896551724
0.1
0.205882352941
0.0
0.0526315789474
0.142857142857
0.255319148936
0.0277777777778
0.0
0.0
0.0
0.0
0.0
0.0
0.0
0
0
0.0
0.227272727273
0.3125
0.384615384615
0.0
0.341463414634
0.257142857143
0.25
0.239130434783
0.128205128205
0.173913043478
0.128205128205
0.208333333333
0.294871794872
0.06
0.152173913043
0.030303030303
0.0
0.0
0.0
0.0
0.0
0.0
0.0
0.384615384615
0.0952380952381
0.161290322581
0.289473684211
0.243902439024
0.369230769231
0.210526315789
0.333333333333
0.18
0.228571428571
0.1
0.264150943396
0.227272727273
0.238095238095
0.06
0.0
0.0
0.0
0.0
0.0
0.0
0.0
0.0
0.0
0.0
0.166666666667
0.702127659574
0.548387096774
0.161290322581
0.488888888889
0.391304347826
0.108695652174
0.146341463415
0.142857142857
0.233333333333
0.345454545455
0.203703703704
0.107142857143
0.0416666666667
0.128205128205
0.0
0.0
0.0
0.142857142857
0.0
0.0
0.0
0.0
0.52380952381
0.604651162791
0.45
0.21875
0.234042553191
0.179487179487
0.027027027027
0.133333333333
0.0
0.1
0.113636363636
0.127659574468
0.1875
0.257575757576
0.225806451613
0.0
0.0
0.0
0.0
0.0
0.0
0.0
0.0
0.0
0.0
0.1875
0.354838709677
0.456140350877
0.423076923077
0.276595744681
0.133333333333
0.254237288136
0.206896551724
0.0
0.0
0.0
0.0
0.0
0.0588235294118
0.142857142857
0.0
0.0
0.0
0
0.0
0
0
0.0
0.0
0.0
0.0909090909091
0.153846153846
0.238095238095
0.0666666666667
0.0666666666667
0.0526315789474
0.105263157895
0.0625
0.0
0.0
0.0
0.0
0.0
0.0
0.0
0.0
0.0
0
0.0
0.0
0.0
0.0
0.0
0.0
0.0
0.0588235294118
0.214285714286
0.153846153846
0.0909090909091
0.0869565217391
0.103448275862
0.171428571429
0.0
0.214285714286
0.2
0.25
0.0
0.037037037037
0.217391304348
0.0
0.0
0.0
0.0
0
0.0
0.0
0.428571428571
0.0666666666667
0.478260869565
0.4
0.413043478261
0.297297297297
0.243902439024
0.133333333333
0.196428571429
0.288888888889
0.0
0.116279069767
0.30303030303
0.149253731343
0.0576923076923
0.0
0.0
0.0
0.0
0.0
0.0
0
0.0
0.0
0.277777777778
0.333333333333
0.185185185185
0.2
0.212121212121
0.121212121212
0.216216216216
0.342105263158
0.204081632653
0.0
0.0851063829787
0.0263157894737
0.26
0.455882352941
0.272727272727
0.0243902439024
0.075
0.0
0.0
0.0
0.0
0.0
0.0
0.0
0.142857142857
0.346153846154
0.289473684211
0.357142857143
0.325581395349
0.285714285714
0.192307692308
0.163265306122
0.177777777778
0.0
0.0263157894737
0.260869565217
0.119047619048
0.229166666667
0.296296296296
0.0833333333333
0.0
0.0
0.0
0.0
0.0
0.0
0.0
0.0
0.25
0.181818181818
0.243243243243
0.232558139535
0.170731707317
0.132075471698
0.265306122449
0.402985074627
0.349206349206
0.12
0.111111111111
0.276595744681
0.451219512195
0.206349206349
0.10447761194
0.0769230769231
0.04
0.0
0.0
0
0
0.0
0
0.0
0.0
0.153846153846
0.483870967742
0.474576271186
0.131578947368
0.333333333333
0.338235294118
0.40243902439
0.364705882353
0.0566037735849
0.115384615385
0.0615384615385
0.118644067797
0.101694915254
0.093023255814
0.0
0.0
0.0
0.0
0.0
0
0.0
0.0
0
0.333333333333
0.0
0.0
0.227272727273
0.0
0.0
0.0
0.304347826087
0.05
0.0
0.0
0.0
0.0
0.0
0.0
0.133333333333
0.0
0.153846153846
0.0
0.0
0.0
0.0
0.0
0.0
0.0
0.0
0.0
0.222222222222
0.25
0.08
0.363636363636
0.25
0.138888888889
0.171428571429
0.162162162162
0.09375
0.243243243243
0.125
0.0425531914894
0.0731707317073
0.0
0.0
0.0
0.0
0.0
0.0
0.0
0
0.0
0.214285714286
0.513513513514
0.12
0.346153846154
0.190476190476
0.289473684211
0.027027027027
0.2
0.36170212766
0.0697674418605
0.0
0.22641509434
0.30303030303
0.295081967213
0.0652173913043
0.0
0.0
0.0
0.0
0.0
0.0
0.0
0.0
0.0
0.272727272727
0.272727272727
0.103448275862
0.305555555556
0.229166666667
0.305555555556
0.25
0.0588235294118
0.166666666667
0.0606060606061
0.0333333333333
0.244897959184
0.320754716981
0.163265306122
0.209302325581
0.0
0.0
0.0
0.0
0.0
0
0.0
0.0
0.25
0.421052631579
0.25
0.233333333333
0.289473684211
0.297297297297
0.307692307692
0.0487804878049
0.0652173913043
0.111111111111
0.276595744681
0.309523809524
0.327586206897
0.385964912281
0.106382978723
0.327868852459
0.0975609756098
0.0
0.0
0.0
0.0
0.0
0.0
0.0
0.111111111111
0.555555555556
0.25
0.176470588235
0.194444444444
0.363636363636
0.14
0.159090909091
0.230769230769
0.108108108108
0.093023255814
0.0888888888889
0.188679245283
0.236363636364
0.0
0.0
0.0
0.0
0.0
0.0
0.0
0.0
0.0
0.0
0.0
0.272727272727
0.325
0.5
0.313725490196
0.347826086957
0.170212765957
0.175675675676
0.0263157894737
0.0
0.0
0.0
0.047619047619
0.25
0.117647058824
0.0666666666667
0.0
0.0
0.0
0.0
0.0
0
0.0
0.0
0.4
0.25
0.0
0.357142857143
0.25
0.217391304348
0.30303030303
0.0909090909091
0.08
0.16
0.0
0.0555555555556
0.0869565217391
0.0
0.0909090909091
0.0
0.0909090909091
0.0
0.0
0.0
0.0
0.0
0.0
0.0
0.0714285714286
0.0
0.142857142857
0.117647058824
0.157894736842
0.0
0.16
0.346153846154
0.151515151515
0.0571428571429
0.344827586207
0.0606060606061
0.030303030303
0.295454545455
0.0
0.0
0.0
0.0
0.0
0.0
0.0
0.0
0.0
0.0
0.3125
0.111111111111
0.222222222222
0.115384615385
0.178571428571
0.289473684211
0.04
0.0714285714286
0.181818181818
0.0277777777778
0.269230769231
0.193548387097
0.0769230769231
0.0
0.0833333333333
0.0
0.0
0.0
0.0
0.0
0
0
0.0
0.0
0.0
0.25
0.153846153846
0.260869565217
0.05
0.136363636364
0.291666666667
0.166666666667
0.2
0.0588235294118
0.0
0.0909090909091
0.230769230769
0.5
0.0869565217391
0.0909090909091
0.0
0.0
0
0.0
0
0.0
0.0
0.4
0.125
0.285714285714
0.111111111111
0.222222222222
0.210526315789
0.142857142857
0.0
0.0625
0.0
0.0454545454545
0.0869565217391
0.2
0.047619047619
0.0
0.0909090909091
0.0
0.0
0.0
0.0
0.0
0.0
0.0
0.0
0.0
0.0
0.0
0.481481481481
0.25
0.285714285714
0.242424242424
0.111111111111
0.272727272727
0.0
0.0
0.0714285714286
0.0666666666667
0.192307692308
0.136363636364
0.166666666667
0.0526315789474
0.0
0.0
0.0
0.0
0.0
0.0
0.0
0.0
0.285714285714
0.1
0.0
0.2
0.0952380952381
0.0
0.0
0.16
0.05
0.0
0.0
0.0
0.0714285714286
0.0909090909091
0.3
0.0
0.0
0.0
0.0
0.0
0.0
0
0
0
0.0
0.0
0.0
0.2
0.125
0.111111111111
0.166666666667
0.0
0.0
0.25
0.0
0.0
0.0
0.0909090909091
0.0
0.0
0.0
0.0
0.0
0
0.0
0
0.0
0
0.0
0.0
0.0
0.0
0.0833333333333
0.0
0.1875
0.0
0.111111111111
0.157894736842
0.125
0.111111111111
0.0909090909091
0.421052631579
0.153846153846
0.0869565217391
0.047619047619
0.0
0.0
0.0
0
0.0
0
0.0
0.0
0.333333333333
0.382352941176
0.0
0.0416666666667
0.259259259259
0.193548387097
0.0
0.103448275862
0.125
0.0909090909091
0.184210526316
0.265306122449
0.183673469388
0.102040816327
0.0
0.0
0.0
0.0
0.0
0
0.0
0.0
0.0
0.2
0.2
0.37037037037
0.346153846154
0.578125
0.31914893617
0.0731707317073
0.125
0.204545454545
0.108108108108
0.0
0.4
0.354838709677
0.24358974359
0.329268292683
0.078125
0.0
0.0
0.0
0.0
0.0
0.0
0.0
0.0
0.0
0.230769230769
0.509433962264
0.3
0.0
0.129032258065
0.297297297297
0.333333333333
0.36170212766
0.448979591837
0.298245614035
0.192307692308
0.338235294118
0.5234375
0.257142857143
0.0793650793651
0.0
0.0
0.0
0.0
0.0
0.0
0.0
0.0
0.111111111111
0.627906976744
0.46511627907
0.418604651163
0.0322580645161
0.389830508475
0.327586206897
0.365853658537
0.327586206897
0.369047619048
0.308823529412
0.2625
0.411111111111
0.388235294118
0.215189873418
0.0344827586207
0.0
0.0
0.0
0.0
0.0
0.0
0.0
0.0
0.125
0.0
0.434782608696
0.333333333333
0.425531914894
0.228070175439
0.269230769231
0.444444444444
0.34328358209
0.207547169811
0.0
0.05
0.292682926829
0.193548387097
0.0238095238095
0.0
0.0
0.0
0.0
0.0
0.0
0.0
0.0
0
0.142857142857
0.0
0.2
0.0
0.190476190476
0.125
0.2
0.0
0.0833333333333
0.0454545454545
0.0
0.0555555555556
0.0526315789474
0.105263157895
0.0
0.0
0.08
0.0
0.0
0.0
0.0
0
0.0
0.0
0.0
0.0
0.142857142857
0.0714285714286
0.277777777778
0.291666666667
0.27027027027
0.310344827586
0.255813953488
0.291666666667
0.15
0.119047619048
0.288888888889
0.196428571429
0.204081632653
0.0
0.0
0.0
0.0
0.0
0.0
0.0
0.0
0.0
0.166666666667
0.125
0.472222222222
0.193548387097
0.1875
0.244444444444
0.173913043478
0.0238095238095
0.245283018868
0.151515151515
0.0
0.162790697674
0.421875
0.22
0.196428571429
0.047619047619
0.0
0.0
0.0
0.0
0.0
0.0
0.0
0
0.0
0.0714285714286
0.190476190476
0.08
0.315789473684
0.482142857143
0.153846153846
0.24
0.352941176471
0.148936170213
0.320754716981
0.0192307692308
0.140350877193
0.21568627451
0.15
0.0227272727273
0.0
0.0
0.0
0.0
0.0
0.0
0.0
0.0
0.272727272727
0.222222222222
0.421052631579
0.305555555556
0.133333333333
0.166666666667
0.175
0.211538461538
0.175
0.0645161290323
0.0612244897959
0.2
0.25641025641
0.22641509434
0.285714285714
0.0882352941176
0.212121212121
0.0
0.0
0.0
0.0
0.0
0.0
0.0
0.0
0.0666666666667
0.583333333333
0.595238095238
0.107142857143
0.184210526316
0.171428571429
0.444444444444
0.0606060606061
0.161290322581
0.166666666667
0.205128205128
0.145833333333
0.492063492063
0.178571428571
0.0
0.0
0.0
0.0
0.0
0.0
0
0.0
0.0
0.0909090909091
0.333333333333
0.258064516129
0.290322580645
0.184210526316
0.22
0.310344827586
0.35
0.245614035088
0.0925925925926
0.0697674418605
0.0576923076923
0.0535714285714
0.236363636364
0.228571428571
0.0
0.0
0.0
0.0
0.0
0.0
0
0.0
0
0.0
0.142857142857
0.0714285714286
0.157894736842
0.3
0.241379310345
0.192307692308
0.125
0.0
0.125
0.08
0.04
0.0952380952381
0.105263157895
0.0
0.0
0.117647058824
0.0
0.0
0.0
0.0
0
0.0
0.0
0.0
0.0
0.333333333333
0.0625
0.176470588235
0.269230769231
0.04
0.421052631579
0.259259259259
0.25
0.129032258065
0.0
0.0869565217391
0.361111111111
0.0833333333333
0.0588235294118
0.0
0.0
0.0
0.0
0.0
0.0
0.0
0.0
0.166666666667
0.222222222222
0.487804878049
0.241379310345
0.367346938776
0.282051282051
0.119047619048
0.243902439024
0.0943396226415
0.142857142857
0.0
0.16
0.196428571429
0.225806451613
0.283783783784
0.363636363636
0.0
0.0
0.0
0.0
0.0
0.0
0.0
0.0
0.2
0.3125
0.372093023256
0.260869565217
0.38
0.344827586207
0.301886792453
0.245901639344
0.148936170213
0.0
0.075
0.05
0.207547169811
0.14
0.2
0.0
0.0
0.0
0.0
0.0
0.0
0.0
0.0
0.0
0.111111111111
0.0
0.242424242424
0.377358490566
0.309523809524
0.222222222222
0.128205128205
0.309090909091
0.108108108108
0.025641025641
0.0
0.302325581395
0.396825396825
0.348484848485
0.09375
0.166666666667
0.0
0.0
0.0
0.0
0.0
0.0
0.0
0.0
0.117647058824
0.0
0.51724137931
0.193548387097
0.453125
0.244444444444
0.155555555556
0.35
0.0294117647059
0.0238095238095
0.240740740741
0.428571428571
0.4375
0.0
0.0512820512821
0.0
0.0
0.0
0.0
0.0
0.0
0.0
0.0
0.0
0.0
0.0909090909091
0.277777777778
0.227272727273
0.322580645161
0.0833333333333
0.09375
0.15625
0.111111111111
0.131578947368
0.0
0.193548387097
0.0
0.0
0.0
0.0
0.1875
0.0
0.0
0.0
0.0
0.0
0
0.0
0.0
0.416666666667
0.25
0.0
0.136363636364
0.105263157895
0.0869565217391
0.0
0.166666666667
0.0
0.111111111111
0.0
0.15
0.0
0.0
0.0
0.0
0.0
0.0
0.0
0.0
0
0.0
0.0
0.0
0.0
0.230769230769
0.166666666667
0.111111111111
0.0
0.470588235294
0.15
0.361111111111
0.24
0.0
0.133333333333
0.121212121212
0.3125
0.119047619048
0.0512820512821
0.0
0.0
0.0
0.0
0.0
0.0
0.0
0.0
0.0
0.227272727273
0.512820512821
0.390243902439
0.0294117647059
0.243243243243
0.208333333333
0.114285714286
0.275
0.131578947368
0.0952380952381
0.238095238095
0.291666666667
0.338709677419
0.163636363636
0.102564102564
0.0
0.0
0.0
0.0
0.0
0.0
0.0
0.0
0.153846153846
0.181818181818
0.54347826087
0.307692307692
0.205882352941
0.2
0.244444444444
0.365384615385
0.136363636364
0.0
0.0833333333333
0.28125
0.5
0.1875
0.309090909091
0.0263157894737
0.0
0.0
0.0
0.0
0.0
0.0
0.0
0.0
0.142857142857
0.5
0.377358490566
0.520833333333
0.117647058824
0.260869565217
0.342105263158
0.272727272727
0.103448275862
0.127659574468
0.0
0.186046511628
0.276595744681
0.349206349206
0.117647058824
0.0
0.037037037037
0.0
0.0
0.0
0.0
0.0
0.0
0.0
0.0
0.588235294118
0.448979591837
0.333333333333
0.403225806452
0.204545454545
0.162790697674
0.464285714286
0.1
0.130434782609
0.166666666667
0.22
0.415094339623
0.353846153846
0.14
0.0
0.0
0.0
0.0
0.0
0.0
0
0
0.0
0.125
0.458333333333
0.36
0.387096774194
0.384615384615
0.19512195122
0.294117647059
0.353846153846
0.196721311475
0.0
0.12
0.0833333333333
0.117647058824
0.133333333333
0.413793103448
0.0
0.0
0.0
0.0
0.0
0
0.0
0.2
0.0
0.0
0.0
0.511111111111
0.266666666667
0.24
0.148148148148
0.1
0.05
0.111111111111
0.0555555555556
0.0
0.0
0.0769230769231
0.047619047619
0.0
0.0
0.0
0.0
0.0
0.0
0.0
0.0
0.0
0
0.0
0.181818181818
0.142857142857
0.214285714286
0.1
0.121212121212
0.1875
0.1
0.0
0.0571428571429
0.121212121212
0.138888888889
0.265306122449
0.1
0.0333333333333
0.0
0.0
0.0
0.0
0.0
0.0
0
0.0
0.0
0.181818181818
0.466666666667
0.491803278689
0.15
0.333333333333
0.117647058824
0.119047619048
0.285714285714
0.225
0.0333333333333
0.108108108108
0.0
0.142857142857
0.093023255814
0.027027027027
0.0
0.0
0.0
0.0
0.0
0.0
0.0
0.0
0.0
0.333333333333
0.525
0.393939393939
0.371428571429
0.179487179487
0.0833333333333
0.289473684211
0.365079365079
0.0697674418605
0.03125
0.0714285714286
0.0
0.347826086957
0.22641509434
0.15
0.0
0.0
0.0
0.0
0.0
0.0
0.0
0.0
0.0
0.125
0.472222222222
0.632352941176
0.3
0.0740740740741
0.236842105263
0.5625
0.285714285714
0.254545454545
0.227272727273
0.411764705882
0.195652173913
0.348484848485
0.145454545455
0.218181818182
0.0512820512821
0.0
0.0
0.0
0.0
0.0
0.0
0.0
0.0909090909091
0.176470588235
0.529411764706
0.409090909091
0.347826086957
0.285714285714
0.288461538462
0.628571428571
0.131578947368
0.0555555555556
0.0
0.137931034483
0.137931034483
0.0
0.108108108108
0.0588235294118
0.148148148148
0.0
0.0
0.0
0.0
0.0
0.0
0.0
0.0
0.142857142857
0.0909090909091
0.25
0.40625
0.30303030303
0.339622641509
0.181818181818
0.272727272727
0.130434782609
0.0
0.047619047619
0.125
0.0434782608696
0.305555555556
0.0
0.0
0.2
0.0
0.0
0.0
0.0
0.0
0.0
0.0
0.2
0.2
0.529411764706
0.15
0.0
0.222222222222
0.1
0.321428571429
0.166666666667
0.0869565217391
0.185185185185
0.0416666666667
0.166666666667
0.0769230769231
0.03125
0.0
0.0
0.0
0.0
0.0
0.0
0.0
0.0
0.0
0.0
0.0
0.0
0.0
0.315789473684
0.238095238095
0.5
0.16
0.153846153846
0.161290322581
0.125
0.0555555555556
0.260869565217
0.0606060606061
0.108108108108
0.030303030303
0.04
0.0
0.0
0.0
0.0
0.0
0.0
0.0
0.1875
0.347826086957
0.472727272727
0.289473684211
0.28
0.191489361702
0.0571428571429
0.303571428571
0.323076923077
0.12
0.0545454545455
0.241935483871
0.277108433735
0.279411764706
0.172413793103
0.0625
0.0
0.04
0.0
0.0
0.0
0.0
0.0
0.125
0.0833333333333
0.297297297297
0.272727272727
0.0645161290323
0.404255319149
0.267857142857
0.36231884058
0.289855072464
0.3125
0.222222222222
0.105263157895
0.142857142857
0.16
0.377551020408
0.205128205128
0.0487804878049
0.0
0.0
0.0
0.0
0.0
0.0
0.0
0.0
0.0
0.433333333333
0.563636363636
0.279069767442
0.288888888889
0.166666666667
0.416666666667
0.25
0.148936170213
0.027027027027
0.0888888888889
0.403846153846
0.263157894737
0.265625
0.214285714286
0.103448275862
0.0
0.0
0.0
0.0
0.0
0.0
0.0
0.0
0.166666666667
0.28125
0.423076923077
0.391304347826
0.0384615384615
0.0
0.157894736842
0.311111111111
0.025641025641
0.0540540540541
0.0882352941176
0.175
0.0882352941176
0.27027027027
0.116279069767
0.0
0.0
0.0
0.0
0.0
0.0
0.0
0.0
0.0
0.0909090909091
0.238095238095
0.16
0.324324324324
0.125
0.0416666666667
0.235294117647
0.25641025641
0.0882352941176
0.0571428571429
0.0
0.047619047619
0.129032258065
0.0689655172414
0.0
0.0
0.0
0.0
0.0
0
0.0
0.0
0.0
0
0.0
0.0
0.627906976744
0.24
0.125
0.0526315789474
0.344827586207
0.214285714286
0.166666666667
0.142857142857
0.0
0.037037037037
0.258064516129
0.166666666667
0.0416666666667
0.0
0.0
0.0
0.0
0.0
0.0
0.0
0
0.0
0.111111111111
0.153846153846
0.291666666667
0.269230769231
0.2
0.268292682927
0.428571428571
0.491525423729
0.291666666667
0.0975609756098
0.137254901961
0.111111111111
0.333333333333
0.169230769231
0.115384615385
0.02
0.0
0.0
0.0
0.0
0.0
0.0
0.0
0.0
0.0
0.375
0.509090909091
0.234042553191
0.4375
0.333333333333
0.159090909091
0.195652173913
0.31914893617
0.09375
0.0540540540541
0.287878787879
0.333333333333
0.342857142857
0.063829787234
0.0
0.0
0.0
0.0
0.0
0.0
0.0
0.0
0.0
0.444444444444
0.28
0.372549019608
0.275
0.121212121212
0.277777777778
0.350877192982
0.3125
0.258620689655
0.195652173913
0.240740740741
0.254901960784
0.285714285714
0.267441860465
0.313253012048
0.0
0.0
0.0
0.0
0.0
0.0
0.0
0.111111111111
0.0
0.181818181818
0.484848484848
0.528301886792
0.184210526316
0.219512195122
0.25
0.2
0.1875
0.328125
0.171875
0.103448275862
0.246153846154
0.25
0.377551020408
0.313953488372
0.030303030303
0.0
0.0
0.0
0.0
0.0
0.0
0.58064516129
0.259259259259
0.434782608696
0.46875
0.341463414634
0.44776119403
0.166666666667
0.403225806452
0.380281690141
0.368421052632
0.147540983607
0.145454545455
0.0869565217391
0.293333333333
0.353535353535
0.206349206349
0.112676056338
0.0
0.0
0.0
0.0
0.0
0.0
0
0.0
0.125
0.230769230769
0.230769230769
0.56
0.389830508475
0.4
0.318181818182
0.315068493151
0.324324324324
0.109589041096
0.0363636363636
0.0
0.22641509434
0.0847457627119
0.384615384615
0.146666666667
0.0
0.0
0.0
0.0
0.0
0.0
0.0
0
0.0
0.0
0.25
0.230769230769
0.105263157895
0.0
0.0526315789474
0.1875
0.277777777778
0.0588235294118
0.0
0.0
0.0
0.117647058824
0.0
0.0
0.0
0.0
0.0
0.0
0
0.0
0.0
0.0
0.0
0.0
0.0
0.2
0.153846153846
0.285714285714
0.0
0.222222222222
0.290322580645
0.04
0.172413793103
0.0384615384615
0.0
0.117647058824
0.138888888889
0.0714285714286
0.107142857143
0.0
0.0
0.0
0.0
0.0
0.0
0.0
0.125
0.222222222222
0.32
0.257142857143
0.0588235294118
0.0869565217391
0.45
0.0
0.0
0.115384615385
0.0740740740741
0.0689655172414
0.0789473684211
0.125
0.2
0.111111111111
0.0
0.0
0.0
0.0
0.0
0.0
0.0
0.0
0.0
0.0
0.4
0.294117647059
0.333333333333
0.0
0.230769230769
0.142857142857
0.236842105263
0.0416666666667
0.105263157895
0.0
0.16
0.0869565217391
0.30303030303
0.28125
0.08
0.0
0.0
0.0
0.0
0.0
0.0
0.0
0.0
0.2
0.2
0.3
0.225806451613
0.0
0.185185185185
0.0434782608696
0.178571428571
0.269230769231
0.166666666667
0.176470588235
0.4
0.243243243243
0.230769230769
0.0
0.131578947368
0.361111111111
0.12
0.0
0.0
0.0588235294118
0.0
0.0
0.0
0.0
0.25
0.3
0.378378378378
0.285714285714
0.125
0.0882352941176
0.380952380952
0.178571428571
0.0
0.0
0.0
0.047619047619
0.148148148148
0.0740740740741
0.0833333333333
0.0
0.0
0.0
0.0
0.0
0.0
0.0
0.0
0.125
0.235294117647
0.277777777778
0.129032258065
0.0625
0.0588235294118
0.0
0.0769230769231
0.0666666666667
0.166666666667
0.0
0.0
0.1
0.0
0.44
0.238095238095
0.0
0.0
0
0.333333333333
0.0
0
0.0
0.0
0.25
0.0833333333333
0.347826086957
0.0625
0.0
0.0
0.421052631579
0.0
0.0
0.545454545455
0.0
0.105263157895
0.142857142857
0.0588235294118
0.0
0.0
0.0
0.0
0.0
0.0
0
0.0
0.0
0.0
0.0
0.647058823529
0.153846153846
0.307692307692
0.0
0.304347826087
0.333333333333
0.36
0.0384615384615
0.321428571429
0.0
0.172413793103
0.285714285714
0.275862068966
0.105263157895
0.0555555555556
0.0
0.0
0.0
0.0
0.0
0.0
0.0
0.0
0.0
0.266666666667
0.285714285714
0.238095238095
0.173913043478
0.357142857143
0.1
0.153846153846
0.0555555555556
0.0
0.0555555555556
0.0555555555556
0.0
0.0
0.136363636364
0.0
0.0
0.0
0.0833333333333
0.0
0.0
0.0
0.2
0.111111111111
0.0
0.272727272727
0.0
0.222222222222
0.0
0.0
0.0526315789474
0.0833333333333
0.0
0.0
0.0
0.0
0.1875
0.0
0.230769230769
0.0909090909091
0.0
0.0
0.0
0.0
0.0
0.0
0.0
0.0
0.0
0.2
0.117647058824
0.181818181818
0.0
0.0555555555556
0.0
0.0
0.0
0.0
0.153846153846
0.272727272727
0.0
0.1
0.166666666667
0.0
0.0
0.0
0.0
0.0
0.0
0
0.0
0.0
0.0
0.0
0.0
0.0
0.0
0.0
0.214285714286
0.235294117647
0.0
0.0
0.0
0.0833333333333
0.0
0.153846153846
0.0
0.0
0.0
0.0
0.0
0
0.0
0.0
0.0
0.0
0.428571428571
0.25
0.307692307692
0.0
0.0
0.0
0.0
0.0
0.0
0.0
0.0
0.0
0.0
0.0
0.0
0.0
0.0
0.0
0
0.0
0.0
0.0
0.0
0.0
0.0
0.0
0.0
0.0
0
0.0
0.0
0.0
0.0
0.2
0.0
0.0
0.0
0.0
0.0
0.0
0.0
0
0.0
0.0
0
0.0
0
0.0
0
0.0
0.0
0.0
0.0
0.0
0.0
0.0
0.0
0.0
0.0
0.0
0.0
0.0
0.0
0.0
0.0
0
0
0.0
0.0
0
0
0.0
0.0
0.1
0.384615384615
0.0
0.25
0.0714285714286
0.0
0.0
0.0
0.0
0.0
0.0
0.0
0.0
0.0
0.0
0.0
0
0.0
0.0
0.0
0.0
0.0
0.0
0.0
0.25
0.230769230769
0.0
0.0
0.0
0.117647058824
0.0
0.0
0.0
0.0
0.0
0.125
0.0
0.0
0.0
0.0
0
0.0
0.0
0
0.0
0.0
0.0
0.0
0.272727272727
0.272727272727
0.181818181818
0.0769230769231
0.0
0.1
0.0
0.0
0.0
0.0
0.0
0.0
0.0
0.0
0.0
0.0
0
0
0
0
0
0.0
0.0
0.0
0.0
0.0
0.0
0.0
0.0
0.0
0.0
0.0
0.0
0.0
0.0
0.0
0.0
0.0
0.0
0.0
0.0
0.0
0
0.0
0
0.0
0.0
0.0
0.125
0.0
0.0
0.0
0.0
0.0
0.0
0.0
0.0
0.0
0.0
0.0
0.0
0.0
0.0
0.0
0.0
0.0
0.0
0
0.0
0
0.0
0.0
0.0
0.0
0.0
0.0
0.0
0.0
0.0
0.0
0.0
0.0
0.0
0
0.0
0.0
0.0
0.25
0.0
0
0
0
0
0
0
0.0
0.0
0.5
0.25
0.125
0.0
0.0
0.0
0.2
0.0
0.0
0.0
0.0
0
0.0
0.0
0.0
0.0
0.0
0
0
0
0.0
0.0
0.166666666667
0.0
0.0909090909091
0.0
0.166666666667
0.166666666667
0.111111111111
0.176470588235
0.0
0.0
0.0
0.125
0.0
0.111111111111
0.0
0.0
0.0
0.0
0.0
0.0
0.0
0
0
0.0
0.0
0.0
0.266666666667
0.0
0.125
0.0909090909091
0.136363636364
0.238095238095
0.0
0.1
0.0
0.458333333333
0.0769230769231
0.0
0.0714285714286
0.0
0.153846153846
0.0
0
0
0.0
0
0
0.0
0.1
0.153846153846
0.0
0.125
0.125
0.047619047619
0.0
0.05
0.230769230769
0.178571428571
0.0
0.0526315789474
0.0
0.222222222222
0.0
0.1
0.0
0.0
0.0
0
0
0
0.0
0.0
0.0
0.0714285714286
0.0
0.111111111111
0.111111111111
0.0
0.0
0.0
0.0
0.136363636364
0.0
0.0
0.05
0.5
0.0
0.0
0.0
0.0
0.0
0.0
0.0
0.0
0.0
0.0
0.125
0.315789473684
0.0714285714286
0.133333333333
0.166666666667
0.172413793103
0.2
0.0
0.0555555555556
0.0
0.0909090909091
0.0
0.0
0.0
0.0
0.166666666667
0.0
0.0
0
0.0
0
0.0
0
0.0
0.0
0.0
0.0
0.0
0.0
0.0
0.0
0.0
0.0
0.0
0.0
0.0
0.0
0.0
0.0
0.0
0.0
0
0.0
0
0
0
0
0
0.0
0.0
0.25
0
0.0
0.2
0.0
0.0
0.142857142857
0.0
0.0
0.0
0.0
0
0.333333333333
0.0
0.0
0.0
0.0
0.0
0
0.0
0.0
0
0.0
0.0
0.0
0.2
0.0
0.0
0.0
0.0
0.0
0.0
0.0
0.0
0.214285714286
0.0
0.0
0.0
0.0
0.0
0.0
0.0
0.0
0
0.0
0.0
0.47619047619
0.0
0.2
0.0
0.1
0.0
0.294117647059
0.117647058824
0.0588235294118
0.0
0.0
0.1875
0.0769230769231
0.105263157895
0.142857142857
0.0
0.0
0.0
0.0
0.0
0
0
0.0
0.0
0.3125
0.272727272727
0.1
0.35
0.15625
0.16
0.05
0.0
0.0454545454545
0.0416666666667
0.172413793103
0.0666666666667
0.125
0.1875
0.0
0.111111111111
0.0
0.0
0.0
0.0
0.0
0
0.0
0.0
0.0
0.617647058824
0.12
0.275862068966
0.0625
0.0
0.0714285714286
0.0
0.0
0.0833333333333
0.0
0.0
0.125
0.0526315789474
0.133333333333
0.0
0.0
0.0
0.0
0.0
0
0.0
0.0
0.0
0.0
0.0
0.238095238095
0.0
0.0714285714286
0.222222222222
0.0666666666667
0.0
0.0555555555556
0.0
0.0
0.0
0.0
0.0
0.0
0.0
0.0
0.0
0.0
0
0
0.0
0
0.0
0.0
0.166666666667
0.0
0.153846153846
0.0
0.0
0.0
0.0
0.0
0.125
0.0
0.222222222222
0.0
0.235294117647
0.0
0.0
0.0
0.0
0.0
0.0
0
0
0
0.0
0.0
0.0
0.0
0.0
0.111111111111
0.0909090909091
0.0833333333333
0.142857142857
0.0
0.0
0.333333333333
0.0
0.315789473684
0.1
0.0
0.0
0.0
0.0
0.0
0.0
0.0
0
0.0
0.0
0.0
0.272727272727
0.2
0.0
0.210526315789
0.25
0.15
0.0
0.0416666666667
0.0
0.0
0.0
0.05
0.0
0.157894736842
0.0
0.0
0.0
0.0
0.0
0.0
0
0.0
0.25
0.0
0.48
0.3
0.125
0.310344827586
0.5
0.2
0.1
0.0909090909091
0.0
0.0833333333333
0.0
0.2
0.1
0.166666666667
0.0
0.0
0.0
0
0
0.0
0.0
0.0
0.0
0.0
0.0588235294118
0.15
0.0625
0.15
0.340425531915
0.047619047619
0.173913043478
0.0
0.0625
0.0714285714286
0.0714285714286
0.0
0.0
0.0
0.0
0.0
0.0
0.0
0.0
0.0
0
0.0
0.125
0.548387096774
0.354838709677
0.166666666667
0.185185185185
0.0
0.258064516129
0.0
0.0
0.0
0.0
0.515151515152
0.0
0.133333333333
0.117647058824
0.0
0.0
0.0
0.0
0.0
0.0
0.0
0.0
0.0
0.166666666667
0.56
0.15
0.0
0.21875
0.0
0.15625
0.0
0.0526315789474
0.0
0.0
0.0
0.0
0.0
0.0
0.0
0.0
0
0.0
0.0
0.0
0
0
0.0
0.0
0.0
0.285714285714
0.0
0.111111111111
0.111111111111
0.0
0.0833333333333
0.0
0.0
0.0
0.0
0.0
0.0
0.0
0.0
0.0
0.0
0.0
0
0
0
0
0.0
0.0
0.0
0.0
0.0
0.0
0.444444444444
0.125
0.0833333333333
0.0
0.142857142857
0.0
0.0
0.2
0.0714285714286
0.0555555555556
0.0
0.0
0.0
0.0
0.0
0.0
0.0
0.0
0.0
0.272727272727
0.535714285714
0.210526315789
0.347826086957
0.05
0.217391304348
0.107142857143
0.115384615385
0.0
0.290322580645
0.0714285714286
0.0
0.09375
0.125
0.0967741935484
0.1
0.0
0.0
0.0
0.0
0.0
0.0
0.0
0.0
0.466666666667
0.513513513514
0.111111111111
0.111111111111
0.0526315789474
0.173913043478
0.142857142857
0.0555555555556
0.157894736842
0.0
0.0769230769231
0.238095238095
0.263157894737
0.176470588235
0.0
0.0
0.0
0.0
0.0
0
0
0
0.0
0.0
0.277777777778
0.697674418605
0.0
0.142857142857
0.105263157895
0.15625
0.185185185185
0.133333333333
0.0
0.0
0.0434782608696
0.05
0.0952380952381
0.05
0.148148148148
0.0
0.0
0.0
0.0
0.0
0.0
0
0
0
0.25
0.0
0.0526315789474
0.307692307692
0.115384615385
0.0
0.0
0.125
0.166666666667
0.0588235294118
0.0
0.0
0.157894736842
0.0833333333333
0.0769230769231
0.0588235294118
0.0
0.0
0.0
0.0
0
0
0
0.0
0.444444444444
0.2
0.392857142857
0.142857142857
0.0
0.142857142857
0.1875
0.0
0.0
0.111111111111
0.0
0.0526315789474
0.0714285714286
0.0
0.05
0.0
0.0
0.0
0.0
0.0
0
0
0.0
0.0
0.0
0.0
0.0
0.230769230769
0.214285714286
0.0
0.0
0.235294117647
0.230769230769
0.0
0.0
0.0
0.0
0.0555555555556
0.0
0.0
0.2
0.0
0.0
0.0
0
0.0
0.0
0.0
0.0
0.0
0.0
0.0
0.230769230769
0.142857142857
0.153846153846
0.0
0.1
0.0952380952381
0.0
0.0
0.0
0.0
0.260869565217
0.210526315789
0.111111111111
0.0
0.0
0.0
0.0
0.0
0.0
0.0
0.166666666667
0.0
0.0666666666667
0.111111111111
0.0
0.157894736842
0.382352941176
0.0
0.0434782608696
0.0
0.0
0.2
0.0
0.0625
0.0
0.0
0.0
0.0
0.0
0.0
0
0.0
0
0.0
0.166666666667
0.0
0.176470588235
0.1875
0.0869565217391
0.0
0.0
0.0
0.0
0.0
0.0
0.0
0.210526315789
0.0
0.133333333333
0.0
0.0
0.0
0.0
0.0
0.0
0.0
0.0
0.0
0.0
0.1
0.125
0.0
0.25
0.176470588235
0.115384615385
0.241379310345
0.0434782608696
0.0
0.0
0.0
0.0
0.2
0.0666666666667
0.0
0.0
0.0
0.0
0.0
0
0
0.0
0.0
0.0
0.1
0.333333333333
0.222222222222
0.176470588235
0.0714285714286
0.526315789474
0.441176470588
0.395348837209
0.3125
0.0
0.166666666667
0.0
0.238095238095
0.0
0.0714285714286
0.0769230769231
0.0
0
0.0
0.0
0.0
0.0
0.0
0.0909090909091
0.222222222222
0.352941176471
0.423076923077
0.222222222222
0.0740740740741
0.410256410256
0.0689655172414
0.107142857143
0.0
0.0
0.0
0.0
0.0
0.0909090909091
0.0
0.0
0.0
0.0
0.0
0
0.0
0
0.0
0.0
0.0
0.0
0.0
0.0
0.0
0.0
0.230769230769
0.0
0.0
0.166666666667
0.0
0.181818181818
0.0
0.0909090909091
0.0
0.0
0.0
0
0.0
0.0
0
0
0.0
0.0
0.0
0
0.142857142857
0.428571428571
0.285714285714
0.0
0.0769230769231
0.0526315789474
0.0555555555556
0.0
0.0
0.0
0.115384615385
0.0
0.0
0.0
0.0
0.0
0.0
0.0
0.0
0.0
0.0
0.25
0.307692307692
0.315789473684
0.181818181818
0.0769230769231
0.0
0.0
0.105263157895
0.25
0.0
0.0
0.0
0.0
0.0833333333333
0.0
0.0
0.0
0.0
0.0
0.0
0.0
0.0
0.0
0.0
0.0
0.0
0.333333333333
0.285714285714
0.0
0.0
0.0
0.142857142857
0.125
0.363636363636
0.0
0.0
0.0
0.0
0.0625
0.0
0.0
0.0
0.0
0.0
0.0
0.0
0.0
0.0
0.0
0.142857142857
0.4
0.25
0.0909090909091
0.0
0.307692307692
0.263157894737
0.0
0.0
0.230769230769
0.0
0.0
0.111111111111
0.0
0.0
0.0
0.125
0.0
0
0.0
0.0
0.0
0
0.0
0.111111111111
0.0
0.111111111111
0.294117647059
0.0
0.0
0.125
0.125
0.0
0.0
0.0
0.0
0.0
0.0
0.0
0.125
0.0
0.0
0
0
0
0
0.0
0.0
0.125
0.0909090909091
0.333333333333
0.0909090909091
0.0
0.133333333333
0.0
0.1
0.0
0.0
0.0
0.0
0.0
0.142857142857
0.0
0.0
0.0
0
0
0.0
0
0.0
0.0
0.0
0
0.0
0.0
0.0
0.0
0.0
0.0
0.0
0.0
0.0
0.0
0.0
0.0
0.0
0.0
0.0
0.0
0.0
0
0
0
0
0
0.0
0.0
0.0
0.0
0.0
0.0
0.0
0.0
0.0
0.0
0.0
0.0
0.0
0.0
0.0
0.0
0.0
0.111111111111
0.0
0.0
0.0
0
0
0.0
0.166666666667
0.166666666667
0.25
0.0909090909091
0.0769230769231
0.176470588235
0.25
0.285714285714
0.15
0.0
0.0
0.0
0.111111111111
0.047619047619
0.0
0.0
0.2
0.0
0.0
