0
0
0
0
0
0
0
0
0
0
0
0
0
0.91
0.0819
0.00737099999999999
0.000663389999999999
5.97050999999999e-05
5.37345899999999e-06
4.83611309999999e-07
4.35250178999999e-08
3.91725161099999e-09
3.52552644989999e-10
3.17297380490999e-11
2.85567642441899e-12
2.57010878197709e-13
2.31309790377938e-14
2.08178811340144e-15
1.8736093020613e-16
1.68624837185517e-17
1.51762353466965e-18
1.36586118120268e-19
1.22927506308241e-20
1.10634755677417e-21
9.95712801096755e-23
8.96141520987079e-24
8.06527368888371e-25
7.25874631999534e-26
6.5328716879958e-27
5.87958451919622e-28
5.2916260672766e-29
4.76246346054893e-30
4.28621711449404e-31
3.85759540304463e-32
3.47183586274017e-33
3.12465227646615e-34
2.81218704881954e-35
2.53096834393758e-36
2.27787150954382e-37
2.05008435858944e-38
1.84507592273049e-39
1.66056833045744e-40
1.4945114974117e-41
1.34506034767053e-42
1.21055431290348e-43
1.08949888161313e-44
9.80548993451815e-46
8.82494094106633e-47
7.94244684695969e-48
7.14820216226372e-49
6.43338194603735e-50
5.79004375143361e-51
5.21103937629025e-52
4.68993543866122e-53
4.2209418947951e-54
3.79884770531559e-55
3.41896293478403e-56
3.07706664130562e-57
2.76935997717506e-58
2.49242397945755e-59
2.2431815815118e-60
2.01886342336062e-61
1.81697708102455e-62
1.6352793729221e-63
1.47175143562989e-64
1.3245762920669e-65
1.19211866286021e-66
1.07290679657419e-67
9.65616116916769e-69
8.69054505225091e-70
7.82149054702582e-71
7.03934149232323e-72
6.33540734309091e-73
5.70186660878182e-74
5.13167994790363e-75
4.61851195311327e-76
4.15666075780194e-77
3.74099468202174e-78
3.36689521381957e-79
3.03020569243761e-80
2.72718512319385e-81
2.45446661087446e-82
2.20901994978702e-83
1.98811795480831e-84
1.78930615932748e-85
1.61037554339473e-86
1.44933798905526e-87
1.30440419014973e-88
1.17396377113476e-89
1.05656739402128e-90
9.50910654619154e-92
8.55819589157238e-93
7.70237630241514e-94
6.93213867217363e-95
6.23892480495626e-96
5.61503232446063e-97
5.05352909201457e-98
4.54817618281311e-99
4.0933585645318e-100
3.68402270807862e-101
3.31562043727075e-102
2.98405839354368e-103
2.68565255418931e-104
2.41708729877038e-105
0.91
0.0819
0.00737099999999999
0.000663389999999999
5.97050999999999e-05
5.37345899999999e-06
4.83611309999999e-07
4.35250178999999e-08
3.91725161099999e-09
0.910000000352553
0.0819000000317297
0.00737100000285567
0.00066339000025701
5.97051000231309e-05
0.910005373459002
0.0819004836113102
0.00737104352501791
0.000663393917251612
5.9705452552645e-05
5.37349072973805e-06
4.83614165676425e-07
4.35252749108782e-08
0.910000003917275
0.0819000003525547
0.00737100003172992
0.000663390002855693
0.910059705100257
0.991905373459023
0.089271483611312
0.00803443352501808
0.000723099017251627
6.50789115526464e-05
5.85710203973818e-06
0.910000527139184
0.0819000474425265
0.00737100426982738
0.000663390384284464
5.97051345856017e-05
0.910005373462113
0.0819004836115901
0.00737104352504311
0.00066339391725388
5.97054525528491e-05
5.37349072975642e-06
4.83614165678078e-07
4.3525274911027e-08
3.91727474199243e-09
3.52554726779318e-10
3.17299254101386e-11
2.85569328691248e-12
2.57012395822123e-13
2.3131115623991e-14
2.08180040615919e-15
1.87362036554327e-16
1.68625832898894e-17
1.51763249609005e-18
1.36586924648104e-19
1.22928232183294e-20
1.10635408964965e-21
1.82
0.1638
0.924742
0.08322678
0.0074904102
0.000674136917999999
6.06723226199999e-05
5.46050903579999e-06
4.91445813221999e-07
4.42301231899799e-08
0.910000003980711
0.081900000358264
0.00737100003224376
0.000663390002901938
5.97051002611744e-05
5.37345902350569e-06
0.910000483611312
0.0819000435250181
0.00737100391725162
0.000663390352552646
5.97051317297381e-05
5.37346185567643e-06
4.83611567010878e-07
4.3525041030979e-08
3.91725369278811e-09
0.910000000352553
0.0819000000317297
0.00737100000285567
0.910663390000257
0.0819597051000231
0.00737637345900208
0.000663873611310187
0.910059748625018
0.0819053773762516
0.00737148396386264
0.000663433556747637
0.910059709020107
0.0819053738118096
0.00737148364306286
0.000663433527875658
5.97090175088092e-05
0.910005373811576
0.0819004836430418
0.00737104352787376
0.000663393917508638
0.910059705452576
0.0819053734907318
0.917371483614166
0.0825634335252749
0.00743070901727474
0.000668763811554726
6.01887430399253e-05
5.41698687359328e-06
4.87528818623395e-07
0.910000043877594
0.991900003948983
0.0892710003554085
0.00803439003198676
0.000723095102878808
6.50785592590927e-05
5.85707033331834e-06
5.27136329998651e-07
4.74422696998785e-08
0.910000004269804
0.991900000384282
0.0892710000345854
0.00803439000311268
0.000723095100280141
6.50785590252127e-05
5.85707031226914e-06
0.910000527136328
0.0819000474422695
0.00737100426980425
0.000663390384282383
5.97051345854144e-05
5.37346211268729e-06
4.83611590141856e-07
4.35250431127671e-08
3.91725388014903e-09
0.910000000352553
0.0819000000317297
0.00737100000285567
0.00066339000025701
5.97051000231309e-05
5.37345900208178e-06
4.8361131018736e-07
4.35250179168624e-08
3.91725161251761e-09
3.52552645126585e-10
0.91000000003173
0.0819000000028556
0.00737100000025701
0.00066339000002313
5.97051000020817e-05
5.37345900018735e-06
4.83611310016862e-07
4.35250179015175e-08
0.910000003917252
0.0819000003525526
0.00737100003172973
0.000663390002855676
5.97051002570108e-05
5.37345902313097e-06
4.83611312081787e-07
0.910000043525018
0.0819000039172516
0.00737100035255264
0.000663390031729737
5.97051028556764e-05
5.37345925701087e-06
4.83611333130978e-07
4.3525019981788e-08
3.91725179836092e-09
3.52552661852483e-10
3.17297395667234e-11
2.85567656100511e-12
2.5701089049046e-13
2.31309801441414e-14
2.08178821297272e-15
1.87360939167545e-16
1.6862484525079e-17
0.91
0.0819
0.00737099999999999
0.000663389999999999
5.97050999999999e-05
5.37345899999999e-06
4.83611309999999e-07
4.35250178999999e-08
3.91725161099999e-09
3.52552644989999e-10
3.17297380490999e-11
2.85567642441899e-12
2.57010878197709e-13
2.31309790377938e-14
2.08178811340144e-15
1.8736093020613e-16
1.68624837185517e-17
1.51762353466965e-18
1.36586118120268e-19
1.22927506308241e-20
1.10634755677417e-21
9.95712801096755e-23
8.96141520987079e-24
8.06527368888371e-25
7.25874631999534e-26
6.5328716879958e-27
5.87958451919622e-28
5.2916260672766e-29
4.76246346054893e-30
4.28621711449404e-31
0.91
0.0819
0.00737099999999999
0.000663389999999999
5.97050999999999e-05
5.37345899999999e-06
4.83611309999999e-07
4.35250178999999e-08
3.91725161099999e-09
3.52552644989999e-10
3.17297380490999e-11
2.85567642441899e-12
0.910000000000257
0.0819000000000231
0.00737100000000208
0.000663390000000187
5.97051000000168e-05
5.37345900000151e-06
0.91000048361131
0.0819000435250179
0.00737100391725161
0.000663390352552644
5.9705131729738e-05
5.37346185567641e-06
4.83611567010877e-07
4.35250410309789e-08
3.9172536927881e-09
3.52552832350929e-10
3.17297549115836e-11
2.85567794204252e-12
2.57011014783827e-13
2.31309913305444e-14
2.081789219749e-15
1.8736102977741e-16
1.68624926799669e-17
1.51762434119702e-18
1.36586190707732e-19
1.22927571636958e-20
1.10634814473262e-21
9.95713330259362e-23
8.96141997233425e-24
8.06527797510083e-25
7.25875017759074e-26
6.53287515983166e-27
5.8795876438485e-28
5.29162887946364e-29
4.76246599151728e-30
0.91
0.0819
0.00737099999999999
0.000663389999999999
5.97050999999999e-05
5.37345899999999e-06
4.83611309999999e-07
4.35250178999999e-08
3.91725161099999e-09
3.52552644989999e-10
3.17297380490999e-11
2.85567642441899e-12
2.57010878197709e-13
2.31309790377938e-14
2.08178811340144e-15
1.8736093020613e-16
0.91
0.0819
0.00737099999999999
0.000663389999999999
5.97050999999999e-05
5.37345899999999e-06
4.83611309999999e-07
4.35250178999999e-08
3.91725161099999e-09
3.52552644989999e-10
3.17297380490999e-11
2.85567642441899e-12
2.57010878197709e-13
0.910000000000023
0.0819000000000021
0.00737100000000018
0.000663390000000016
5.97051000000014e-05
5.37345900000013e-06
4.83611310000011e-07
0.910000043525018
0.0819000039172516
0.00737100035255264
0.000663390031729737
5.97051028556764e-05
5.37345925701087e-06
4.83611333130978e-07
4.3525019981788e-08
3.91725179836092e-09
3.52552661852483e-10
3.17297395667234e-11
2.85567656100511e-12
2.5701089049046e-13
2.31309801441414e-14
2.08178821297272e-15
1.87360939167545e-16
0.91
0.0819
0.00737099999999999
0.000663389999999999
5.97050999999999e-05
5.37345899999999e-06
4.83611309999999e-07
0.910000043525018
1.90190000391725
0.171171000352553
0.0154053900317297
0.00138648510285567
0.910124783659257
0.0819112305293331
0.00737201074763998
0.910663480967288
0.991959713287056
0.089276374195835
0.918034873677625
0.0826231386309862
0.00743608247678876
0.000669247422910988
6.02322680619889e-05
1.82000542090413
0.163800487881371
0.0147420439093234
0.00132678395183911
0.00011941055566552
1.07469500098968e-05
9.67225500890707e-07
8.70502950801636e-08
7.83452655721472e-09
7.05107390149325e-10
6.34596651134392e-11
5.71136986020953e-12
5.14023287418857e-13
4.62620958676972e-14
4.16358862809274e-15
3.74722976528347e-16
3.37250678875512e-17
3.03525610987961e-18
2.73173049889164e-19
2.45855744900248e-20
2.21270170410223e-21
1.99143153369201e-22
1.79228838032281e-23
0.91
0.0819
0.00737099999999999
0.000663389999999999
5.97050999999999e-05
5.37345899999999e-06
4.83611309999999e-07
4.35250178999999e-08
3.91725161099999e-09
0.910000000352553
0.0819000000317297
0.917371000002856
0.082563390000257
0.00743070510002313
0.000668763459002081
6.01887113101873e-05
5.41698401791685e-06
4.87528561612517e-07
4.38775705451265e-08
3.94898134906138e-09
3.55408321415524e-10
3.19867489273972e-11
2.87880740346574e-12
2.59092666311917e-13
2.33183399680725e-14
0.910000000000002
0.0819000000000002
0.00737100000000001
0.000663390000000001
0.9100597051
0.081905373459
0.00737148361130999
0.000663433525017899
5.97090172516109e-05
5.37381155264498e-06
4.83643039738048e-07
0.910000043527874
0.0819000039175086
0.00737100035257577
0.000663390031731819
5.97051028558637e-05
5.37345925702773e-06
4.83611333132496e-07
4.35250199819246e-08
3.91725179837321e-09
0.910000000352553
0.99190000003173
0.0892710000028556
0.00803439000025701
0.910723095100023
0.081965078559002
0.00737685707031018
0.000663917136327916
5.97525422695124e-05
5.37772880425612e-06
4.8399559238305e-07
4.35596033144745e-08
3.92036429830271e-09
3.52832786847243e-10
0.910000000031755
0.0819000000028579
0.00737100000025721
0.000663390000023149
5.97051000020834e-05
0.910005373459
0.08190048361131
0.0073710435250179
0.00066339391725161
5.97054525526449e-05
5.37349072973804e-06
0.910000483614166
0.991900043525275
0.0892710039172747
0.918034390352555
0.0826230951317299
0.00743607856185569
0.000669247070567012
6.0232236351031e-05
5.42090127159279e-06
4.87881114443351e-07
4.39093002999016e-08
3.95183702699114e-09
3.55665332429203e-10
3.20098799186282e-11
2.88088919267654e-12
2.59280027340888e-13
2.33352024606799e-14
2.10016822146119e-15
1.89015139931507e-16
1.70113625938357e-17
1.53102263344521e-18
1.37792037010069e-19
1.24012833309062e-20
1.11611549978156e-21
1.0045039498034e-22
9.0405355482306e-24
8.13648199340754e-25
0.91
0.0819
0.00737099999999999
0.000663389999999999
5.97050999999999e-05
5.37345899999999e-06
4.83611309999999e-07
4.35250178999999e-08
3.91725161099999e-09
3.52552644989999e-10
3.17297380490999e-11
2.85567642441899e-12
2.57010878197709e-13
0.910000000000023
0.0819000000000021
0.917371
0.08256339
0.0074307051
0.000668763458999999
6.01887113099999e-05
5.41698401789999e-06
4.87528561610999e-07
4.38775705449899e-08
3.94898134904909e-09
3.55408321414418e-10
3.19867489272976e-11
2.87880740345678e-12
0.910000000000259
0.0819000000000233
0.00737100000000209
0.000663390000000188
5.97051000000169e-05
5.37345900000152e-06
4.83611310000137e-07
4.35250179000123e-08
3.9172516110011e-09
3.52552644990099e-10
3.17297380491089e-11
2.8556764244198e-12
2.57010878197782e-13
2.31309790378004e-14
2.08178811340203e-15
1.87360930206183e-16
1.68624837185565e-17
1.51762353467008e-18
1.36586118120307e-19
1.22927506308276e-20
1.10634755677449e-21
9.95712801097039e-23
8.96141520987335e-24
8.06527368888601e-25
7.25874631999741e-26
6.53287168799766e-27
5.8795845191979e-28
5.2916260672781e-29
4.76246346055029e-30
4.28621711449526e-31
3.85759540304573e-32
3.47183586274116e-33
3.12465227646704e-34
2.81218704882034e-35
2.5309683439383e-36
2.27787150954447e-37
2.05008435859002e-38
1.84507592273102e-39
1.66056833045792e-40
1.49451149741213e-41
1.34506034767091e-42
1.21055431290382e-43
0.91
0.0819
0.917371
0.08256339
0.0074307051
0.000668763458999999
6.01887113099999e-05
5.41698401789999e-06
4.87528561610999e-07
4.38775705449899e-08
3.94898134904909e-09
3.55408321414418e-10
3.19867489272976e-11
2.87880740345678e-12
2.5909266631111e-13
2.33183399679999e-14
2.09865059711999e-15
1.88878553740799e-16
1.69990698366719e-17
1.52991628530047e-18
1.37692465677042e-19
1.23923219109338e-20
1.11530897198404e-21
1.00377807478564e-22
9.03400267307074e-24
8.13060240576367e-25
7.3175421651873e-26
6.58578794866857e-27
5.92720915380171e-28
5.33448823842153e-29
4.80103941457938e-30
4.32093547312144e-31
3.8888419258093e-32
3.49995773322836e-33
3.14996195990553e-34
2.83496576391497e-35
2.55146918752347e-36
2.29632226877113e-37
2.06669004189401e-38
1.86002103770461e-39
1.67401893393415e-40
1.50661704054073e-41
1.35595533648666e-42
1.22035980283799e-43
1.09832382255419e-44
9.88491440298774e-46
8.89642296268897e-47
8.00678066642007e-48
7.20610259977806e-49
6.48549233980025e-50
5.83694310582022e-51
5.2532487952382e-52
4.72792391571438e-53
4.25513152414294e-54
3.82961837172864e-55
3.44665653455578e-56
3.1019908811002e-57
2.79179179299018e-58
2.51261261369116e-59
1.82
0.1638
0.014742
0.00132678
0.9101194102
0.081910746918
0.00737196722262
0.000663477050035799
5.97129345032219e-05
5.37416410528997e-06
0.910000483674769
0.0819000435307292
0.00737100391776563
0.000663390352598906
0.910059705131734
0.081905373461856
0.00737148361156704
0.000663433525041033
0.910059709017254
0.0819053738115528
0.00737148364303975
0.000663433527873577
5.97090175086219e-05
5.37381157577597e-06
0.910000483643042
0.0819000435278737
0.00737100391750863
0.910663390352576
0.0819597051317318
0.00737637346185586
0.000663873611567027
5.97486250410324e-05
5.37737625369292e-06
4.83963862832362e-07
4.35567476549126e-08
3.92010728894213e-09
3.52809656004792e-10
3.17528690404312e-11
2.85775821363881e-12
0.910000000000257
0.0819000000000231
0.00737100000000208
0.000663390000000187
5.97051000000168e-05
5.37345900000151e-06
4.83611310000136e-07
4.35250179000122e-08
3.9172516110011e-09
3.52552644990099e-10
3.17297380491089e-11
2.8556764244198e-12
2.57010878197782e-13
2.31309790378003e-14
2.08178811340203e-15
1.87360930206183e-16
1.68624837185564e-17
0.91
0.0819
0.00737099999999999
0.000663389999999999
5.97050999999999e-05
5.37345899999999e-06
4.83611309999999e-07
4.35250178999999e-08
3.91725161099999e-09
0.910000000352553
0.99190000003173
0.0892710000028556
0.00803439000025701
0.00072309510002313
6.50785590020817e-05
0.91000585707031
0.0819005271363279
0.00737104744226951
0.000663394269804256
5.9705484282383e-05
5.37349358541447e-06
0.910000483614423
0.081900043525298
0.00737100391727682
0.000663390352554913
5.97051317299422e-05
5.3734618556948e-06
4.83611567012531e-07
4.35250410311278e-08
3.9172536928015e-09
0.910000000352553
0.0819000000317297
0.00737100000285567
0.00066339000025701
5.97051000231309e-05
5.37345900208178e-06
4.8361131018736e-07
1.82000004352502
0.163800003917252
0.0147420003525526
0.00132678003172974
0.000119410202855676
1.07469182570109e-05
9.67222643130977e-07
8.70500378817879e-08
7.83450340936091e-09
0.910000000705105
0.0819000000634594
0.00737100000571135
0.000663390000514021
5.97051000462619e-05
0.910005373459004
0.0819004836113103
0.00737104352501793
0.000663393917251613
5.97054525526452e-05
5.37349072973806e-06
4.83614165676426e-07
4.35252749108783e-08
3.91727474197905e-09
3.52554726778114e-10
0.91000000003173
0.0819000000028557
0.00737100000025701
0.000663390000023131
5.97051000020817e-05
5.37345900018735e-06
4.83611310016862e-07
4.35250179015175e-08
3.91725161113658e-09
3.52552645002292e-10
3.17297380502062e-11
2.85567642451856e-12
2.5701087820667e-13
0.910000000000023
0.991900000000002
0.999271
0.08993439
0.0080940951
0.000728468559
6.55621703099999e-05
5.90059532789999e-06
5.31053579510999e-07
4.77948221559899e-08
4.30153399403909e-09
3.87138059463518e-10
0.910000000034842
0.0819000000031358
0.00737100000028222
0.0006633900000254
5.97051000022859e-05
5.37345900020573e-06
4.83611310018516e-07
4.35250179016664e-08
3.91725161114997e-09
3.52552645003498e-10
3.17297380503148e-11
2.85567642452833e-12
2.57010878207549e-13
2.31309790386794e-14
2.08178811348115e-15
1.87360930213303e-16
1.68624837191973e-17
0.91
0.0819
0.00737099999999999
0.000663389999999999
5.97050999999999e-05
5.37345899999999e-06
4.83611309999999e-07
4.35250178999999e-08
3.91725161099999e-09
3.52552644989999e-10
3.17297380490999e-11
2.85567642441899e-12
2.57010878197709e-13
2.31309790377938e-14
2.08178811340144e-15
1.8736093020613e-16
1.68624837185517e-17
1.51762353466965e-18
1.36586118120268e-19
1.22927506308241e-20
1.10634755677417e-21
9.95712801096755e-23
8.96141520987079e-24
8.06527368888371e-25
7.25874631999534e-26
6.5328716879958e-27
5.87958451919622e-28
5.2916260672766e-29
4.76246346054893e-30
4.28621711449404e-31
3.85759540304463e-32
3.47183586274017e-33
3.12465227646615e-34
2.81218704881954e-35
2.53096834393758e-36
2.27787150954382e-37
2.05008435858944e-38
1.84507592273049e-39
1.66056833045744e-40
1.4945114974117e-41
1.34506034767053e-42
1.21055431290348e-43
1.08949888161313e-44
9.80548993451815e-46
8.82494094106633e-47
7.94244684695969e-48
7.14820216226372e-49
6.43338194603735e-50
5.79004375143361e-51
5.21103937629025e-52
4.68993543866122e-53
4.2209418947951e-54
3.79884770531559e-55
3.41896293478403e-56
3.07706664130562e-57
2.76935997717506e-58
2.49242397945755e-59
2.2431815815118e-60
2.01886342336062e-61
1.81697708102455e-62
1.6352793729221e-63
1.47175143562989e-64
1.3245762920669e-65
1.19211866286021e-66
1.07290679657419e-67
9.65616116916769e-69
8.69054505225091e-70
7.82149054702582e-71
7.03934149232323e-72
6.33540734309091e-73
5.70186660878182e-74
5.13167994790363e-75
4.61851195311327e-76
4.15666075780194e-77
3.74099468202174e-78
3.36689521381957e-79
3.03020569243761e-80
2.72718512319385e-81
2.45446661087446e-82
2.20901994978702e-83
1.98811795480831e-84
1.78930615932748e-85
1.61037554339473e-86
1.44933798905526e-87
1.30440419014973e-88
1.17396377113476e-89
1.05656739402128e-90
9.50910654619154e-92
8.55819589157238e-93
7.70237630241514e-94
6.93213867217363e-95
6.23892480495626e-96
5.61503232446063e-97
5.05352909201457e-98
4.54817618281311e-99
4.0933585645318e-100
3.68402270807862e-101
3.31562043727075e-102
2.98405839354368e-103
2.68565255418931e-104
2.41708729877038e-105
2.17537856889334e-106
1.957840712004e-107
1.7620566408036e-108
1.58585097672324e-109
1.42726587905092e-110
1.28453929114583e-111
1.15608536203124e-112
1.04047682582812e-113
9.36429143245305e-115
8.42786228920775e-116
7.58507606028697e-117
6.82656845425827e-118
6.14391160883244e-119
5.52952044794919e-120
0.91
0.0819
0.00737099999999999
0.000663389999999999
5.97050999999999e-05
5.37345899999999e-06
4.83611309999999e-07
4.35250178999999e-08
3.91725161099999e-09
3.52552644989999e-10
3.17297380490999e-11
2.85567642441899e-12
2.57010878197709e-13
2.31309790377938e-14
2.08178811340144e-15
1.8736093020613e-16
0.91
0.9919
0.089271
0.00803439
0.000723095099999999
6.50785589999999e-05
5.85707030999999e-06
0.910000527136328
0.0819000474422695
0.00737100426980425
0.910663390384282
0.0819597051345854
0.917376373462113
0.0825638736115901
0.00743074862504311
0.00066876737625388
6.01890638628491e-05
0.910005417015748
0.0819004875314173
0.00737104387782755
0.000663393949004479
5.97054554104031e-05
5.37349098693628e-06
4.83614188824265e-07
4.35252769941838e-08
0.910000003917275
0.991900000352555
0.0892710000317299
0.00803439000285569
0.000723095100257012
6.5078559023131e-05
5.85707031208179e-06
5.27136328087361e-07
4.74422695278625e-08
4.26980425750762e-09
3.84282383175686e-10
3.45854144858117e-11
0.910000000003113
0.0819000000002801
0.917371000000025
0.0825633900000022
0.0074307051000002
0.000668763459000018
0.91006018871131
0.0819054169840179
0.917371487528562
0.992563433877571
0.0893307090489813
0.00803976381440832
0.000723578743296748
6.51220868967073e-05
5.86098782070366e-06
5.27488903863329e-07
4.74740013476996e-08
0.91000000427266
0.991900000384539
0.0892710000346085
0.00803439000311476
0.000723095100280329
6.50785590252295e-05
5.85707031227066e-06
5.27136328104359e-07
4.74422695293923e-08
4.2698042576453e-09
1.82000000038428
0.163800000034585
0.0147420000031127
0.91132678000028
0.0820194102000252
0.00738174691800227
0.000664357222620204
5.97921500358183e-05
5.38129350322364e-06
0.910000484316415
0.0819000435884774
0.917371003922963
0.0825633903530666
0.007430705131776
0.000668763461859839
0.910060188711567
0.081905416984041
0.00737148752856369
0.000663433877570732
0.910059709048981
0.0819053738144083
0.00737148364329674
0.000663433527896707
5.97090175107036e-05
5.37381157596332e-06
4.83643041836699e-07
4.35278737653029e-08
3.91750863887726e-09
3.52575777498953e-10
0.910000000031732
0.0819000000028558
0.00737100000025702
0.910663390000023
0.0819597051000021
0.00737637345900018
0.000663873611310016
5.97486250179014e-05
5.37737625161113e-06
4.83963862645001e-07
4.35567476380501e-08
3.92010728742451e-09
3.52809655868206e-10
3.17528690281385e-11
0.910000000002858
0.0819000000002572
0.00737100000002314
0.000663390000002083
5.97051000001874e-05
5.37345900001687e-06
0.91000048361131
0.0819000435250179
0.917371003917252
0.0825633903525526
0.00743070513172973
0.000668763461855676
0.910060188711567
0.081905416984041
0.00737148752856369
0.000663433877570732
1.82005970904898
1.07380537381441
1.0066424836433
0.0905978235278967
0.0081538041175107
0.000733842370575963
6.60458133518366e-05
5.94412320166529e-06
5.34971088149876e-07
4.81473979334888e-08
0.910000004333266
0.0819000003899939
0.00737100003509945
0.00066339000315895
0.910059705100284
0.0819053734590256
0.0073714836113123
0.000663433525018107
5.97090172516296e-05
5.37381155264666e-06
4.83643039738199e-07
4.35278735764379e-08
3.91750862187941e-09
3.52575775969147e-10
3.17318198372232e-11
2.85586378535009e-12
2.57027740681508e-13
2.31324966613357e-14
2.08192469952021e-15
0.91
0.0819
0.007371
0.000663389999999999
5.97050999999999e-05
5.37345899999999e-06
4.83611309999999e-07
4.35250178999999e-08
3.91725161099999e-09
3.52552644989999e-10
3.17297380490999e-11
2.85567642441899e-12
0.910000000000257
0.991900000000023
0.089271000000002
0.00803439000000018
0.9107230951
0.081965078559
0.00737685707031
0.000663917136327899
0.91005975254227
0.991905377728804
0.0892714839955924
0.00803443355960331
0.000723099020364298
6.50789118327868e-05
5.85710206495081e-06
5.27139185845572e-07
0.910000047442527
0.0819000042698274
0.00737100038428446
0.000663390034585601
5.97051031127041e-05
5.37345928014337e-06
4.83611335212903e-07
4.35250201691612e-08
3.91725181522451e-09
3.52552663370206e-10
3.17297397033185e-11
2.85567657329867e-12
2.5701089159688e-13
2.31309802437192e-14
2.08178822193472e-15
1.87360939974125e-16
1.68624845976713e-17
1.51762361379041e-18
1.36586125241137e-19
1.22927512717023e-20
1.10634761445321e-21
0.91
0.0819
0.00737099999999999
0.000663389999999999
5.97050999999999e-05
5.37345899999999e-06
4.83611309999999e-07
4.35250178999999e-08
3.91725161099999e-09
3.52552644989999e-10
3.17297380490999e-11
2.85567642441899e-12
2.57010878197709e-13
2.31309790377938e-14
2.08178811340144e-15
1.8736093020613e-16
1.68624837185517e-17
1.51762353466965e-18
1.36586118120268e-19
1.22927506308241e-20
1.10634755677417e-21
9.95712801096755e-23
8.96141520987079e-24
8.06527368888371e-25
7.25874631999534e-26
6.5328716879958e-27
5.87958451919622e-28
5.2916260672766e-29
4.76246346054893e-30
4.28621711449404e-31
3.85759540304463e-32
3.47183586274017e-33
3.12465227646615e-34
2.81218704881954e-35
0.91
0.0819
0.00737099999999999
0.000663389999999999
5.97050999999999e-05
5.37345899999999e-06
4.83611309999999e-07
4.35250178999999e-08
3.91725161099999e-09
3.52552644989999e-10
3.17297380490999e-11
2.85567642441899e-12
2.57010878197709e-13
2.31309790377938e-14
2.08178811340144e-15
1.8736093020613e-16
1.68624837185517e-17
1.51762353466965e-18
1.36586118120268e-19
1.22927506308241e-20
1.10634755677417e-21
9.95712801096755e-23
8.96141520987079e-24
8.06527368888371e-25
7.25874631999534e-26
6.5328716879958e-27
0.91
0.0819
0.00737099999999999
0.000663389999999999
0.9100597051
0.081905373459
0.00737148361130999
0.910663433525018
0.0819597090172516
0.00737637381155264
0.000663873643039737
5.97486278735763e-05
5.37737650862187e-06
4.83963885775968e-07
4.35567497198371e-08
3.92010747478534e-09
3.5280967273068e-10
3.17528705457612e-11
2.85775834911851e-12
2.57198251420666e-13
0.910000000000023
0.991900000000002
0.0892710000000002
0.00803439000000001
0.000723095100000001
6.5078559e-05
5.85707031e-06
0.910000527136328
0.0819000474422695
0.00737100426980425
0.000663390384282382
5.97051345854144e-05
5.37346211268729e-06
4.83611590141856e-07
0.910000043525043
0.991900003917254
0.0892710003525528
0.00803439003172975
0.000723095102855677
6.50785592570109e-05
5.85707033313098e-06
5.27136329981788e-07
4.74422696983609e-08
4.26980427285248e-09
3.84282384556723e-10
3.45854146101051e-11
3.11268731490946e-12
2.80141858341851e-13
0.910000000000025
0.0819000000000022
0.0073710000000002
0.000663390000000018
5.97051000000016e-05
0.910005373459
0.08190048361131
0.00737104352501789
0.00066339391725161
5.97054525526449e-05
0.91000537349073
0.0819004836141656
0.917371043525275
0.0825633939172747
0.917430705452555
0.0825687634907299
0.00743118871416569
0.000668806984274912
6.0192628584742e-05
5.41733657262678e-06
4.8756029153641e-07
4.38804262382769e-08
3.94923836144492e-09
0.910000000355431
1.90190000003199
0.171171000002879
0.925405390000259
1.90328648510002
0.171295783659002
0.0154166205293102
0.00138749584763792
0.910124874626287
0.0819112387163658
0.917372011484473
0.0825634810336025
0.00743071329302423
0.910668764196372
0.0819601887776735
0.00737641698999061
0.000663877529099155
5.97489776189239e-05
5.37740798570315e-06
4.83966718713283e-07
4.35570046841955e-08
3.92013042157759e-09
3.52811737941983e-10
3.17530564147785e-11
2.85777507733006e-12
2.57199756959705e-13
2.31479781263735e-14
2.08331803137361e-15
1.87498622823625e-16
0.91
0.0819
0.00737099999999999
0.000663389999999999
0.9100597051
0.081905373459
0.00737148361130999
0.000663433525017899
5.97090172516109e-05
0.910005373811553
0.0819004836430397
0.00737104352787357
0.000663393917508621
5.97054525757759e-05
5.37349073181983e-06
4.83614165863784e-07
4.35252749277406e-08
3.91727474349665e-09
3.52554726914698e-10
3.17299254223229e-11
0.910000000002856
0.081900000000257
0.00737100000002313
0.000663390000002081
5.97051000001873e-05
5.37345900001685e-06
4.83611310001517e-07
4.35250179001365e-08
3.91725161101228e-09
3.52552644991105e-10
3.17297380491995e-11
2.85567642442795e-12
2.57010878198515e-13
2.31309790378664e-14
2.08178811340797e-15
1.87360930206718e-16
1.68624837186046e-17
1.51762353467441e-18
0.91
0.0819
0.00737099999999999
0.000663389999999999
5.97050999999999e-05
0.910005373459
0.08190048361131
0.00737104352501789
0.00066339391725161
0.910059705452553
0.0819053734907297
0.00737148361416567
0.910663433525275
0.991959709017275
0.0892763738115547
0.00803487364303992
0.000723138627873593
6.50824765086233e-05
5.85742288577609e-06
5.27168059719848e-07
4.74451253747863e-08
4.27006128373077e-09
3.84305515535769e-10
3.45874963982192e-11
3.11287467583973e-12
0.91000000000028
0.991900000000025
0.0892710000000022
0.0080343900000002
0.000723095100000018
6.50785590000016e-05
5.85707031000014e-06
5.27136327900012e-07
4.74422695110011e-08
4.2698042559901e-09
3.84282383039109e-10
3.45854144735198e-11
3.11268730261678e-12
2.8014185723551e-13
2.52127671511959e-14
2.26914904360763e-15
2.04223413924686e-16
1.83801072532218e-17
1.65420965278996e-18
1.48878868751096e-19
1.33990981875987e-20
1.20591883688388e-21
1.08532695319549e-22
9.76794257875941e-24
8.79114832088347e-25
7.91203348879512e-26
7.1208301399156e-27
6.40874712592404e-28
5.76787241333164e-29
5.19108517199847e-30
4.67197665479862e-31
4.20477898931876e-32
3.78430109038688e-33
3.40587098134819e-34
3.06528388321337e-35
0.91
0.0819
0.00737099999999999
0.000663389999999999
5.97050999999999e-05
5.37345899999999e-06
4.83611309999999e-07
4.35250178999999e-08
3.91725161099999e-09
3.52552644989999e-10
3.17297380490999e-11
2.85567642441899e-12
2.57010878197709e-13
2.31309790377938e-14
2.08178811340144e-15
1.8736093020613e-16
1.68624837185517e-17
0.91
0.0819
0.917371
0.08256339
0.0074307051
0.000668763458999999
6.01887113099999e-05
5.41698401789999e-06
4.87528561610999e-07
4.38775705449899e-08
3.94898134904909e-09
3.55408321414418e-10
3.19867489272976e-11
2.87880740345678e-12
0.910000000000259
0.0819000000000233
0.00737100000000209
0.000663390000000188
5.97051000000169e-05
5.37345900000152e-06
4.83611310000137e-07
4.35250179000123e-08
3.9172516110011e-09
3.52552644990099e-10
3.17297380491089e-11
2.8556764244198e-12
2.57010878197782e-13
2.31309790378004e-14
2.08178811340203e-15
1.87360930206183e-16
0.91
0.0819
0.00737099999999999
0.000663389999999999
5.97050999999999e-05
5.37345899999999e-06
4.83611309999999e-07
4.35250178999999e-08
3.91725161099999e-09
3.52552644989999e-10
3.17297380490999e-11
2.85567642441899e-12
2.57010878197709e-13
2.31309790377938e-14
2.08178811340144e-15
1.8736093020613e-16
1.68624837185517e-17
0.91
0.0819
0.00737099999999999
0.000663389999999999
5.97050999999999e-05
5.37345899999999e-06
4.83611309999999e-07
4.35250178999999e-08
3.91725161099999e-09
3.52552644989999e-10
3.17297380490999e-11
2.85567642441899e-12
2.57010878197709e-13
2.31309790377938e-14
2.08178811340144e-15
1.8736093020613e-16
1.68624837185517e-17
1.51762353466965e-18
1.36586118120268e-19
1.22927506308241e-20
1.10634755677417e-21
9.95712801096755e-23
8.96141520987079e-24
8.06527368888371e-25
7.25874631999534e-26
6.5328716879958e-27
5.87958451919622e-28
5.2916260672766e-29
4.76246346054893e-30
0.91
0.0819
0.00737099999999999
0.000663389999999999
5.97050999999999e-05
5.37345899999999e-06
4.83611309999999e-07
4.35250178999999e-08
3.91725161099999e-09
3.52552644989999e-10
0.91000000003173
0.0819000000028556
0.00737100000025701
0.00066339000002313
5.97051000020817e-05
5.37345900018735e-06
4.83611310016862e-07
4.35250179015175e-08
3.91725161113658e-09
3.52552645002292e-10
3.17297380502062e-11
0.910000000002856
0.081900000000257
0.00737100000002313
0.000663390000002081
5.97051000001873e-05
5.37345900001685e-06
4.83611310001517e-07
4.35250179001365e-08
3.91725161101228e-09
3.52552644991105e-10
3.17297380491995e-11
2.85567642442795e-12
2.57010878198515e-13
0.910000000000023
0.0819000000000021
0.00737100000000018
0.000663390000000016
0.9100597051
0.081905373459
0.00737148361130999
0.000663433525017899
0.910059709017252
0.0819053738115526
0.91737148364304
0.0825634335278736
0.00743070901750862
0.000668763811575775
0.910060188743042
0.0819054169868737
0.917371487528819
0.992563433877594
0.0893307090489834
0.0080397638144085
0.910723578743297
0.0819651220868967
0.917376860987821
0.0825639174889038
0.917430752574001
0.0825687677316601
0.00743118909584941
0.000668807018626446
6.01926316763801e-05
5.41733685087421e-06
4.87560316578679e-07
4.38804284920811e-08
3.9492385642873e-09
3.55431470785857e-10
3.19888323707271e-11
2.87899491336544e-12
2.59109542202889e-13
2.331985879826e-14
2.0987872918434e-15
1.88890856265906e-16
1.70001770639315e-17
0.91
0.0819
0.00737099999999999
0.000663389999999999
0.9100597051
0.081905373459
0.00737148361130999
0.000663433525017899
5.97090172516109e-05
5.37381155264498e-06
4.83643039738048e-07
0.910000043527874
0.0819000039175086
0.00737100035257577
0.000663390031731819
5.97051028558637e-05
5.37345925702773e-06
4.83611333132496e-07
0.91000004352502
0.0819000039172518
0.00737100035255266
0.000663390031729739
5.97051028556765e-05
5.37345925701088e-06
4.83611333130979e-07
4.35250199817881e-08
3.91725179836093e-09
3.52552661852483e-10
0.91000000003173
0.0819000000028556
0.917371000000257
0.0825633900000231
0.00743070510000208
0.000668763459000187
6.01887113100168e-05
5.41698401790151e-06
4.87528561611136e-07
4.38775705450022e-08
3.9489813490502e-09
3.55408321414517e-10
3.19867489273066e-11
0.910000000002879
0.0819000000002591
0.00737100000002331
0.000663390000002098
5.97051000001888e-05
5.37345900001699e-06
0.91000048361131
0.991900043525018
0.0892710039172516
0.00803439035255264
0.91072309513173
0.0819650785618557
0.00737685707056701
0.910663917136351
0.991959752542272
0.999276377728805
0.999934873995592
0.999994138659603
0.0899994724793643
0.00809995252314278
1.82072899572708
0.163865609615437
0.0147479048653894
0.00132731143788504
0.000119458029409654
1.07512226468688e-05
9.67610038218195e-07
8.70849034396375e-08
7.83764130956737e-09
7.05387717861063e-10
6.34848946074957e-11
5.71364051467461e-12
5.14227646320715e-13
4.62804881688643e-14
4.16524393519778e-15
3.74871954167801e-16
3.3738475875102e-17
3.03646282875918e-18
2.73281654588326e-19
2.45953489129494e-20
2.21358140216544e-21
1.9922232619489e-22
1.79300093575401e-23
1.61370084217861e-24
1.45233075796074e-25
0.91
0.9919
0.089271
0.00803439
0.000723095099999999
6.50785589999999e-05
5.85707030999999e-06
5.27136327899999e-07
4.74422695109999e-08
4.26980425598999e-09
3.84282383039099e-10
3.45854144735189e-11
3.1126873026167e-12
2.80141857235503e-13
0.910000000000025
0.0819000000000022
0.0073710000000002
0.000663390000000018
5.97051000000016e-05
5.37345900000014e-06
4.83611310000012e-07
4.35250179000011e-08
3.9172516110001e-09
3.52552644990009e-10
0.91000000003173
0.0819000000028556
0.00737100000025701
0.00066339000002313
5.97051000020817e-05
5.37345900018735e-06
4.83611310016862e-07
4.35250179015175e-08
3.91725161113658e-09
3.52552645002292e-10
3.17297380502062e-11
2.85567642451856e-12
2.5701087820667e-13
2.31309790386003e-14
2.08178811347403e-15
1.87360930212662e-16
1.68624837191396e-17
1.51762353472256e-18
0.91
0.0819
0.00737099999999999
0.000663389999999999
5.97050999999999e-05
5.37345899999999e-06
4.83611309999999e-07
4.35250178999999e-08
3.91725161099999e-09
3.52552644989999e-10
3.17297380490999e-11
2.85567642441899e-12
2.57010878197709e-13
2.31309790377938e-14
2.08178811340144e-15
1.8736093020613e-16
1.68624837185517e-17
1.51762353466965e-18
1.36586118120268e-19
1.22927506308241e-20
1.10634755677417e-21
9.95712801096755e-23
8.96141520987079e-24
8.06527368888371e-25
7.25874631999534e-26
6.5328716879958e-27
5.87958451919622e-28
5.2916260672766e-29
4.76246346054893e-30
4.28621711449404e-31
3.85759540304463e-32
3.47183586274017e-33
3.12465227646615e-34
2.81218704881954e-35
2.53096834393758e-36
2.27787150954382e-37
2.05008435858944e-38
1.84507592273049e-39
1.66056833045744e-40
1.4945114974117e-41
1.34506034767053e-42
1.21055431290348e-43
1.08949888161313e-44
9.80548993451815e-46
8.82494094106633e-47
7.94244684695969e-48
7.14820216226372e-49
6.43338194603735e-50
5.79004375143361e-51
5.21103937629025e-52
4.68993543866122e-53
4.2209418947951e-54
3.79884770531559e-55
3.41896293478403e-56
3.07706664130562e-57
2.76935997717506e-58
2.49242397945755e-59
2.2431815815118e-60
2.01886342336062e-61
1.81697708102455e-62
1.6352793729221e-63
1.47175143562989e-64
1.3245762920669e-65
1.19211866286021e-66
1.07290679657419e-67
9.65616116916769e-69
8.69054505225091e-70
7.82149054702582e-71
7.03934149232323e-72
6.33540734309091e-73
5.70186660878182e-74
5.13167994790363e-75
0.91
0.0819
0.917371
0.08256339
0.0074307051
0.000668763458999999
6.01887113099999e-05
0.910005416984018
0.0819004875285616
0.917371043877571
0.0825633939489813
0.00743070545540832
0.000668763490986748
6.01887141888073e-05
5.41698427699266e-06
4.87528584929339e-07
4.38775726436405e-08
3.94898153792764e-09
3.55408338413488e-10
3.19867504572139e-11
2.87880754114925e-12
2.59092678703432e-13
2.33183410833089e-14
0.910000000000002
0.0819000000000002
0.00737100000000001
0.000663390000000001
5.97051000000001e-05
5.373459e-06
4.8361131e-07
1.82000004352502
0.163800003917252
0.0147420003525526
0.00132678003172974
0.000119410202855676
1.07469182570109e-05
9.67222643130977e-07
0.910000087050038
0.991900007834503
0.999271000705105
0.99993439006346
0.0899940951057113
0.00809946855951402
0.000728952170356261
6.56056953320635e-05
5.90451257988571e-06
5.31406132189714e-07
4.78265518970742e-08
4.30438967073668e-09
3.87395070366301e-10
3.48655563329671e-11
3.13790006996704e-12
0.910000000000282
0.0819000000000254
0.00737100000000228
0.000663390000000205
5.97051000000185e-05
5.37345900000166e-06
4.83611310000149e-07
4.35250179000134e-08
0.910000003917252
0.0819000003525526
1.82737100003173
1.07446339000286
0.096701705100257
0.00870315345902312
0.000783283811312081
0.910070495543018
0.0819063445988716
0.917371571013898
0.0825634413912508
0.00743070972521257
0.910668763875269
0.0819601887487742
0.91737641698739
0.082563877528865
0.00743074897759785
0.000668767407983806
6.01890667185426e-05
5.41701600466883e-06
0.91000048753144
0.0819000438778296
0.00737100394900466
0.000663390355410419
5.97051319869377e-05
5.37346187882439e-06
4.83611569094195e-07
4.35250412184776e-08
3.91725370966298e-09
3.52552833869668e-10
0.91000000003173
0.0819000000028556
0.00737100000025701
0.00066339000002313
5.97051000020817e-05
5.37345900018735e-06
4.83611310016862e-07
4.35250179015175e-08
0.910000003917252
0.0819000003525526
0.00737100003172973
0.000663390002855676
5.97051002570108e-05
5.37345902313097e-06
4.83611312081787e-07
4.35250180873608e-08
3.91725162786247e-09
3.52552646507622e-10
3.1729738185686e-11
2.85567643671174e-12
2.57010879304056e-13
2.31309791373651e-14
2.08178812236286e-15
1.87360931012657e-16
1.68624837911391e-17
1.51762354120252e-18
1.36586118708227e-19
1.22927506837404e-20
1.10634756153664e-21
9.95712805382972e-23
8.96141524844675e-24
8.06527372360207e-25
0.91
0.0819
0.00737099999999999
0.000663389999999999
5.97050999999999e-05
5.37345899999999e-06
4.83611309999999e-07
4.35250178999999e-08
3.91725161099999e-09
3.52552644989999e-10
3.17297380490999e-11
0.910000000002856
0.081900000000257
0.00737100000002313
0.000663390000002081
5.97051000001873e-05
0.910005373459
0.08190048361131
0.00737104352501789
0.00066339391725161
5.97054525526449e-05
5.37349072973804e-06
0.910000483614166
0.0819000435252749
0.00737100391727474
0.910663390352555
1.90195970513173
0.171176373461856
0.015405873611567
0.00138652862504103
0.000124787576253693
1.12308818628323e-05
1.01077936765491e-06
9.09701430889418e-08
8.18731287800476e-09
7.36858159020428e-10
6.63172343118385e-11
0.910000000005969
0.0819000000005371
0.00737100000004834
0.00066339000000435
0.9100597051
0.081905373459
0.00737148361131
0.0006634335250179
5.97090172516109e-05
1.82000537381155
0.16380048364304
0.0147420435278736
0.911326783917509
0.0820194105525757
0.917381746949732
0.0825643572254758
0.00743079215029282
0.000668771293526354
6.01894164173718e-05
5.41704747756346e-06
4.87534272980711e-07
4.3878084568264e-08
3.94902761114376e-09
3.55412485002938e-10
3.19871236502644e-11
2.8788411285238e-12
2.59095701567142e-13
2.33186131410427e-14
2.09867518269385e-15
1.88880766442446e-16
1.69992689798201e-17
1.52993420818381e-18
1.37694078736543e-19
1.23924670862889e-20
0.91
0.9919
0.089271
0.91803439
0.0826230951
0.007436078559
0.000669247070309999
6.02322363278999e-05
5.42090126951099e-06
4.87881114255989e-07
4.3909300283039e-08
3.95183702547351e-09
3.55665332292616e-10
3.20098799063354e-11
2.88088919157019e-12
2.59280027241317e-13
2.33352024517185e-14
2.10016822065466e-15
1.8901513985892e-16
1.70113625873028e-17
1.53102263285725e-18
1.37792036957152e-19
1.24012833261437e-20
1.11611549935293e-21
1.00450394941764e-22
9.04053554475875e-24
8.13648199028287e-25
7.32283379125458e-26
6.59055041212912e-27
0.91
0.0819
0.00737099999999999
0.000663389999999999
5.97050999999999e-05
5.37345899999999e-06
4.83611309999999e-07
4.35250178999999e-08
3.91725161099999e-09
3.52552644989999e-10
3.17297380490999e-11
2.85567642441899e-12
2.57010878197709e-13
2.31309790377938e-14
2.08178811340144e-15
1.8736093020613e-16
1.68624837185517e-17
1.51762353466965e-18
1.36586118120268e-19
1.22927506308241e-20
1.10634755677417e-21
9.95712801096755e-23
8.96141520987079e-24
8.06527368888371e-25
7.25874631999534e-26
6.5328716879958e-27
5.87958451919622e-28
5.2916260672766e-29
4.76246346054893e-30
4.28621711449404e-31
3.85759540304463e-32
3.47183586274017e-33
3.12465227646615e-34
2.81218704881954e-35
2.53096834393758e-36
0.91
0.0819
0.00737099999999999
0.000663389999999999
5.97050999999999e-05
5.37345899999999e-06
4.83611309999999e-07
4.35250178999999e-08
3.91725161099999e-09
3.52552644989999e-10
3.17297380490999e-11
2.85567642441899e-12
2.57010878197709e-13
2.31309790377938e-14
2.08178811340144e-15
1.8736093020613e-16
1.68624837185517e-17
1.51762353466965e-18
1.36586118120268e-19
1.22927506308241e-20
1.10634755677417e-21
9.95712801096755e-23
8.96141520987079e-24
8.06527368888371e-25
7.25874631999534e-26
6.5328716879958e-27
5.87958451919622e-28
5.2916260672766e-29
4.76246346054893e-30
4.28621711449404e-31
3.85759540304463e-32
3.47183586274017e-33
3.12465227646615e-34
2.81218704881954e-35
2.53096834393758e-36
2.27787150954382e-37
2.05008435858944e-38
1.84507592273049e-39
1.66056833045744e-40
1.4945114974117e-41
1.34506034767053e-42
1.21055431290348e-43
1.08949888161313e-44
9.80548993451815e-46
0.91
0.0819
0.00737099999999999
0.000663389999999999
5.97050999999999e-05
5.37345899999999e-06
0.91000048361131
0.0819000435250179
0.00737100391725161
0.000663390352552644
5.9705131729738e-05
5.37346185567641e-06
4.83611567010877e-07
0.910000043525041
0.0819000039172537
0.00737100035255283
0.000663390031729754
0.910059705102856
0.081905373459257
0.00737148361133313
0.000663433525019981
5.97090172517983e-05
5.37381155266184e-06
4.83643039739566e-07
4.35278735765609e-08
3.91750862189048e-09
3.52575775970143e-10
3.17318198373129e-11
2.85586378535816e-12
2.57027740682234e-13
2.31324966614011e-14
0.910000000000002
0.9919
0.089271
0.91803439
0.0826230951
0.007436078559
1.82066924707031
0.163860232236328
0.924747420901269
0.0832272678811142
0.9174904541093
0.082574140869837
0.00743167267828533
0.000668850541045679
6.01965486941111e-05
0.910005417689382
0.991900487592044
0.089271043883284
0.00803439394949555
0.910723095455455
0.0819650785909909
0.00737685707318918
0.000663917136587026
0.910059752542293
0.991905377728806
0.0892714839955925
0.918034433559603
0.0826230990203643
0.917436078911833
0.0825692471020649
0.00743123223918584
0.000668810901526725
6.01929811374053e-05
5.41736830236647e-06
4.87563147212982e-07
4.38806832491684e-08
3.94926149242515e-09
3.55433534318264e-10
3.19890180886437e-11
2.87901162797793e-12
0.910000000000259
0.0819000000000233
0.00737100000000209
0.91066339
0.0819597051
0.007376373459
0.000663873611309999
5.97486250178999e-05
5.37737625161099e-06
4.83963862644989e-07
4.3556747638049e-08
3.92010728742441e-09
0.91000000035281
0.991900000031753
0.0892710000028577
0.00803439000025719
0.000723095100023147
6.50785590020832e-05
5.85707031018749e-06
5.27136327916874e-07
0.91000004744227
0.991900004269804
0.0892710003842824
0.00803439003458541
0.000723095103112687
6.50785592801418e-05
5.85707033521276e-06
5.27136330169148e-07
4.74422697152233e-08
4.2698042743701e-09
3.84282384693308e-10
3.45854146223978e-11
3.1126873160158e-12
2.80141858441422e-13
2.52127672597279e-14
2.26914905337551e-15
2.04223414803796e-16
1.83801073323416e-17
1.65420965991075e-18
1.48878869391967e-19
1.3399098245277e-20
1.20591884207493e-21
1.08532695786744e-22
9.76794262080696e-24
8.79114835872626e-25
0.91
0.0819
2.737371
1.15636339
0.1040727051
1.829366543459
0.16464298891131
0.0148178690020179
0.00133360821018161
0.910120024738916
0.991910802226503
0.0892719722003852
0.00803447749803467
0.00072310297482312
6.50792677340807e-05
5.85713409606726e-06
5.27142068646054e-07
4.74427861781448e-08
4.26985075603303e-09
3.84286568042973e-10
3.45857911238675e-11
3.11272120114808e-12
2.80144908103327e-13
2.52130417292994e-14
2.26917375563695e-15
2.04225638007325e-16
1.83803074206592e-17
0.91
0.0819
0.00737099999999999
0.000663389999999999
0.9100597051
0.991905373459
0.08927148361131
0.00803443352501789
0.00072309901725161
0.910065078911553
0.0819058571020397
0.00737152713918357
0.910663437442527
0.0819597093698274
0.00737637384328446
0.000663873645895601
5.97486281306041e-05
0.910005377376532
0.0819004839638878
0.0073710435567499
0.000663393920107491
5.97054528096742e-05
5.37349075287067e-06
4.8361416775836e-07
4.35252750982524e-08
3.91727475884272e-09
3.52554728295844e-10
3.1729925546626e-11
2.85569329919634e-12
2.5701239692767e-13
2.31311157234903e-14
2.08180041511413e-15
1.87362037360271e-16
1.68625833624244e-17
1.5176325026182e-18
1.36586925235638e-19
1.22928232712074e-20
1.10635409440866e-21
9.95718684967798e-23
8.96146816471018e-24
0.91
0.0819
0.00737099999999999
0.000663389999999999
0.9100597051
0.081905373459
0.00737148361130999
0.910663433525018
0.991959709017252
0.0892763738115526
0.00803487364303973
0.000723138627873576
6.50824765086218e-05
5.85742288577596e-06
5.27168059719836e-07
4.74451253747852e-08
0.910000004270061
0.0819000003843055
0.00737100003458749
0.000663390003112874
5.97051002801586e-05
5.37345902521428e-06
4.83611312269285e-07
4.35250181042356e-08
3.9172516293812e-09
3.52552646644308e-10
3.17297381979877e-11
2.85567643781889e-12
2.570108794037e-13
0.910000000000023
0.0819000000000021
0.00737100000000018
0.000663390000000016
5.97051000000014e-05
5.37345900000013e-06
4.83611310000011e-07
4.3525017900001e-08
3.91725161100009e-09
3.52552644990008e-10
3.17297380491007e-11
2.85567642441906e-12
2.57010878197715e-13
2.31309790377944e-14
2.08178811340149e-15
1.87360930206134e-16
1.68624837185521e-17
1.51762353466969e-18
1.36586118120272e-19
1.22927506308245e-20
1.1063475567742e-21
9.9571280109678e-23
8.96141520987102e-24
8.06527368888391e-25
7.25874631999552e-26
0.91
0.0819
0.00737099999999999
0.000663389999999999
5.97050999999999e-05
5.37345899999999e-06
4.83611309999999e-07
4.35250178999999e-08
3.91725161099999e-09
3.52552644989999e-10
3.17297380490999e-11
2.85567642441899e-12
2.57010878197709e-13
2.31309790377938e-14
2.08178811340144e-15
1.8736093020613e-16
1.68624837185517e-17
1.51762353466965e-18
1.36586118120268e-19
1.22927506308241e-20
1.10634755677417e-21
9.95712801096755e-23
8.96141520987079e-24
8.06527368888371e-25
7.25874631999534e-26
6.5328716879958e-27
5.87958451919622e-28
5.2916260672766e-29
4.76246346054893e-30
4.28621711449404e-31
3.85759540304463e-32
3.47183586274017e-33
3.12465227646615e-34
2.81218704881954e-35
2.53096834393758e-36
2.27787150954382e-37
0.91
0.0819
0.00737099999999999
0.000663389999999999
5.97050999999999e-05
5.37345899999999e-06
4.83611309999999e-07
4.35250178999999e-08
3.91725161099999e-09
3.52552644989999e-10
3.17297380490999e-11
2.85567642441899e-12
2.57010878197709e-13
2.31309790377938e-14
2.08178811340144e-15
1.8736093020613e-16
1.68624837185517e-17
0.91
0.9919
0.089271
0.00803439
0.000723095099999999
6.50785589999999e-05
5.85707030999999e-06
0.910000527136328
0.0819000474422695
0.00737100426980425
0.000663390384282382
5.97051345854144e-05
5.37346211268729e-06
0.91000048361159
0.0819000435250431
0.917371003917254
0.0825633903525528
0.00743070513172975
0.910668763461856
0.081960188711567
0.00737641698404103
0.000663877528563692
5.97489775707323e-05
5.3774079813659e-06
4.83966718322931e-07
0.910000043557005
0.0819000039201304
0.00737100035281173
0.910663390031753
0.991959705102858
0.0892763734592572
0.00803487361133314
0.91072313862502
0.0819650824762518
0.00737685742286266
0.000663917168057639
5.97525451251875e-05
5.37772906126687e-06
4.83995615514018e-07
4.35596053962616e-08
0.910000003920365
0.0819000003528328
0.00737100003175495
0.910663390002858
0.0819597051002572
0.00737637345902315
2.73066387361131
0.245759748625018
0.0221183773762516
0.00199065396386264
0.000179158856747638
1.61242971072874e-05
0.91000145118674
0.0819001306068066
0.00737101175461259
0.000663391057915133
5.97051952123619e-05
0.910005373467569
0.0819004836120812
0.917371043525087
1.90256339391726
1.99123070545255
0.17921076349073
0.0161289687141657
0.00145160718427491
0.000130644646584742
1.17580181926268e-05
0.910001058221637
0.0819000952399473
0.00737100857159526
0.000663390771443573
5.97051694299215e-05
0.910005373465249
0.0819004836118724
0.917371043525068
0.992563393917256
0.089330705452553
0.00803976349072977
0.000723578714165679
6.51220842749111e-05
5.860987584742e-06
5.27488882626779e-07
4.74739994364101e-08
4.27265994927691e-09
3.84539395434922e-10
3.46085455891429e-11
3.11476910302286e-12
0.91000000000028
0.0819000000000252
0.00737100000000227
0.000663390000000204
5.97051000000183e-05
5.37345900000165e-06
4.83611310000148e-07
4.35250179000133e-08
0.910000003917252
0.0819000003525526
0.00737100003172973
0.910663390002856
0.081959705100257
0.00737637345902313
0.000663873611312081
5.97486250180873e-05
5.37737625162785e-06
4.83963862646507e-07
4.35567476381856e-08
3.9201072874367e-09
3.52809655869303e-10
0.910000000031753
0.991900000002858
0.0892710000002572
0.00803439000002314
0.000723095100002083
6.50785590001874e-05
0.91000585707031
0.0819005271363279
0.00737104744226951
0.000663394269804255
0.910059705484282
0.0819053734935854
0.00737148361442268
0.910663433525298
0.0819597090172768
0.00737637381155491
0.000663873643039942
5.97486278735947e-05
0.910005377376509
0.0819004839638857
0.00737104355674971
0.910663393920108
0.0819597054528096
0.917376373490753
0.0825638736141677
0.00743074862527509
0.000668767376274758
6.01890638647282e-05
5.41701574782554e-06
4.87531417304298e-07
4.38778275573868e-08
3.94900448016481e-09
3.55410403214833e-10
3.1986936289335e-11
2.87882426604015e-12
0.910000000000259
0.0819000000000233
0.00737100000000209
0.000663390000000188
5.97051000000169e-05
0.910005373459
0.08190048361131
0.00737104352501789
0.00066339391725161
5.97054525526449e-05
5.37349072973804e-06
4.83614165676423e-07
4.35252749108781e-08
3.91727474197903e-09
3.52554726778112e-10
3.17299254100301e-11
2.85569328690271e-12
0.910000000000257
0.0819000000000231
0.00737100000000208
0.000663390000000187
5.97051000000168e-05
5.37345900000151e-06
4.83611310000136e-07
4.35250179000122e-08
3.9172516110011e-09
3.52552644990098e-10
3.17297380491089e-11
0.910000000002856
0.991900000000257
0.0892710000000231
0.00803439000000208
0.000723095100000187
0.910065078559
0.08190585707031
0.0073715271363279
0.00066343744226951
5.97093698042559e-05
5.37384328238303e-06
4.83645895414473e-07
4.35281305873025e-08
3.91753175285723e-09
3.5257785775715e-10
3.17320071981435e-11
0.910000000002856
0.081900000000257
0.917371000000023
0.0825633900000021
0.9174307051
0.082568763459
0.91743118871131
0.0825688069840179
0.00743119262856161
0.000668807336570544
6.0192660291349e-05
5.41733942622141e-06
4.87560548359926e-07
4.38804493523934e-08
3.9492404417154e-09
3.55431639754386e-10
3.19888475778947e-11
2.87899628201052e-12
2.59109665380947e-13
2.33198698842852e-14
2.09878828958567e-15
1.8889094606271e-16
1.70001851456439e-17
1.53001666310795e-18
1.37701499679716e-19
1.23931349711744e-20
1.1153821474057e-21
1.00384393266513e-22
9.03459539398613e-24
8.13113585458751e-25
7.31802226912876e-26
6.58622004221588e-27
5.92759803799429e-28
5.33483823419486e-29
4.80135441077537e-30
4.32121896969783e-31
3.88909707272805e-32
3.50018736545524e-33
3.15016862890972e-34
0.91
0.9919
0.089271
0.00803439
0.000723095099999999
6.50785589999999e-05
5.85707030999999e-06
5.27136327899999e-07
4.74422695109999e-08
4.26980425598999e-09
3.84282383039099e-10
3.45854144735189e-11
3.1126873026167e-12
2.80141857235503e-13
2.52127671511952e-14
2.26914904360757e-15
2.04223413924681e-16
1.83801072532213e-17
1.65420965278992e-18
1.48878868751093e-19
1.33990981875983e-20
1.20591883688385e-21
1.08532695319546e-22
9.76794257875917e-24
8.79114832088325e-25
7.91203348879492e-26
7.12083013991543e-27
6.40874712592388e-28
5.76787241333149e-29
5.19108517199834e-30
4.6719766547985e-31
4.20477898931865e-32
3.78430109038679e-33
3.40587098134811e-34
3.06528388321329e-35
2.75875549489196e-36
2.48287994540277e-37
2.23459195086249e-38
2.01113275577624e-39
1.81001948019862e-40
1.62901753217875e-41
1.46611577896088e-42
1.31950420106479e-43
1.18755378095831e-44
1.06879840286248e-45
9.6191856257623e-47
8.65726706318607e-48
7.79154035686746e-49
7.01238632118071e-50
6.31114768906264e-51
0.91
0.0819
0.00737099999999999
0.000663389999999999
5.97050999999999e-05
5.37345899999999e-06
4.83611309999999e-07
4.35250178999999e-08
3.91725161099999e-09
3.52552644989999e-10
3.17297380490999e-11
2.85567642441899e-12
2.57010878197709e-13
2.31309790377938e-14
2.08178811340144e-15
1.8736093020613e-16
0.91
0.0819
0.917371
0.08256339
0.0074307051
0.000668763458999999
6.01887113099999e-05
5.41698401789999e-06
4.87528561610999e-07
4.38775705449899e-08
3.94898134904909e-09
3.55408321414418e-10
0.910000000031987
0.0819000000028788
0.00737100000025909
0.000663390000023318
5.97051000020986e-05
5.37345900018887e-06
4.83611310016998e-07
4.35250179015298e-08
3.91725161113768e-09
3.52552645002391e-10
3.17297380502152e-11
2.85567642451937e-12
0.910000000000257
0.991900000000023
0.089271000000002
1.82803439
0.1645230951
0.924807078559
0.08323263707031
0.0074909373363279
0.00067418436026951
6.06765924242559e-05
5.46089331818303e-06
4.91480398636473e-07
4.42332358772825e-08
0.910000003980991
0.0819000003582892
0.917371000032246
0.992563390002902
0.999330705100261
0.0899397634590235
0.918094578711312
1.90262851208402
1.08123656608756
0.0973112909478805
0.00875801618530924
0.910788221456678
0.081970939931101
0.00737738459379909
0.000663964613441918
5.97568152097726e-05
5.37811336887953e-06
4.84030203199157e-07
4.35627182879241e-08
3.92064464591317e-09
3.52858018132185e-10
3.17572216318967e-11
2.8581499468707e-12
2.57233495218363e-13
2.31510145696527e-14
0.910000000000002
0.0819000000000002
0.00737100000000001
0.000663390000000001
1.8200597051
0.163805373459
0.01474248361131
0.0013268235250179
0.000119414117251611
1.0747270552645e-05
9.67254349738047e-07
8.70528914764242e-08
0.91000000783476
0.0819000007051284
0.00737100006346155
0.00066339000571154
0.910059705100514
0.0819053734590462
0.00737148361131416
0.000663433525018274
1.82005970901725
0.163805373811553
0.0147424836430397
0.911326823527874
0.992019414117509
0.999281747270576
0.0899353572543518
0.00809418215289166
0.000728476393760249
6.55628754384224e-05
0.91000590065879
0.081900531059291
0.00737104779533619
0.000663394301580257
0.910059705487142
0.0819053734938428
0.00737148361444585
0.000663433525300126
0.910059709017277
0.0819053738115549
0.00737148364303994
0.000663433527873594
5.97090175086235e-05
5.37381157577611e-06
4.8364304181985e-07
4.35278737637865e-08
3.91750863874078e-09
3.5257577748667e-10
0.910000000031732
0.0819000000028558
0.00737100000025702
0.000663390000023132
0.910059705100002
0.991905373459
0.08927148361131
0.0080344335250179
0.00072309901725161
0.910065078911553
0.0819058571020397
0.00737152713918357
0.000663437442526521
0.910059709369827
0.991905373843284
0.0892714836458956
0.918034433528131
0.0826230990175317
0.00743607891157785
0.910669247102042
0.0819602322391838
0.00737642090152653
0.000663877881137388
5.97490093023649e-05
5.37741083721284e-06
0.910000483966975
0.0819000435570278
0.0073710039201325
0.910663390352812
0.991959705131753
0.0892763734618577
0.00803487361156719
0.000723138625041047
0.910065082476254
0.0819058574228628
0.917371527168058
0.0825634374451252
0.00743070937006126
0.000668763843305513
6.01887458974962e-05
5.41698713077465e-06
4.87528841769719e-07
4.38775957592747e-08
3.94898361833472e-09
3.55408525650125e-10
1.82000000003199
0.163800000002879
0.0147420000002591
0.00132678000002332
0.000119410200002098
1.07469180001889e-05
9.67222620016997e-07
8.70500358015297e-08
7.83450322213767e-09
0.910000000705105
0.991900000063459
0.0892710000057113
0.00803439000051402
0.910723095100046
0.0819650785590041
0.00737685707031037
0.000663917136327933
5.9752542269514e-05
5.37772880425626e-06
4.83995592383063e-07
0.910000043559603
0.0819000039203643
0.00737100035283278
0.00066339003175495
0.910059705102858
