0
0
0
0
0
0
0
0
0
0
0
0
0
0.81
0.1539
0.029241
0.00555579
0.0010556001
0.000200564019
3.81071636099999e-05
7.24036108589998e-06
1.375668606321e-06
2.61377035200989e-07
4.9661636688188e-08
9.43571097075571e-09
1.79278508444358e-09
3.40629166044281e-10
6.47195415484134e-11
1.22967128941985e-11
2.33637544989772e-12
4.43911335480567e-13
8.43431537413077e-14
1.60251992108485e-14
3.04478785006121e-15
5.78509691511629e-16
1.09916841387209e-16
2.08841998635698e-17
3.96799797407826e-18
7.53919615074869e-19
1.43244726864225e-19
2.72164981042028e-20
5.17113463979852e-21
9.82515581561719e-22
1.86677960496727e-22
3.5468812494378e-23
6.73907437393183e-24
1.28042413104705e-24
2.43280584898939e-25
4.62233111307984e-26
8.78242911485169e-27
1.66866153182182e-27
3.17045691046146e-28
6.02386812987677e-29
1.14453494467659e-29
2.17461639488551e-30
4.13177115028247e-31
7.85036518553669e-32
1.49156938525197e-32
2.83398183197874e-33
5.38456548075961e-34
1.02306744134433e-34
1.94382813855422e-35
3.69327346325302e-36
7.01721958018073e-37
1.33327172023434e-37
2.53321626844524e-38
4.81311091004596e-39
9.14491072908732e-40
1.73753303852659e-40
3.30131277320052e-41
6.27249426908098e-42
1.19177391112539e-42
2.26437043113823e-43
4.30230381916264e-44
8.17437725640902e-45
1.55313167871771e-45
2.95095018956366e-46
5.60680536017094e-47
1.06529301843248e-47
2.02405673502171e-48
3.84570779654125e-49
7.30684481342837e-50
1.38830051455139e-50
2.63777097764764e-51
5.01176485753051e-52
9.52235322930797e-53
1.80924711356851e-53
3.43756951578018e-54
6.53138207998233e-55
1.24096259519664e-55
2.35782893087362e-56
4.47987496865988e-57
8.51176244045377e-58
1.61723486368621e-58
3.07274624100381e-59
5.83821785790723e-60
1.10926139300237e-60
2.10759664670451e-61
4.00443362873857e-62
7.60842389460328e-63
1.44560053997462e-63
2.74664102595178e-64
5.21861794930838e-65
9.91537410368592e-66
1.88392107970032e-66
3.57945005143062e-67
6.80095509771817e-68
1.29218146856645e-68
2.45514479027626e-69
4.66477510152489e-70
8.86307269289728e-71
1.68398381165048e-71
3.19956924213592e-72
6.07918156005824e-73
0.81
0.1539
0.029241
0.00555579
0.0010556001
0.000200564019
3.81071636099999e-05
7.24036108589998e-06
1.375668606321e-06
0.810000261377035
0.153900049661637
0.029241009435711
0.00555579179278508
0.00105560044062916
0.81020056408372
0.153938107175907
0.0292482403634223
0.00555716566905023
0.00105586147711954
0.000200613680652713
3.81165993240155e-05
7.24215387156294e-06
0.810001376009236
0.153900261441755
0.0292410496739334
0.00555579943804734
0.811055601893229
0.964100564359714
0.183179107228346
0.0348040303733856
0.00661276577094327
0.00125642549647922
0.000238720844331052
0.810045356960423
0.15390861782248
0.0292426373862712
0.00555610110339154
0.00105565920964439
0.810200575249832
0.153938109297468
0.0292482407665189
0.0055571657456386
0.00105586149167133
0.000200613683417553
3.81165998493351e-05
7.24215397137367e-06
1.376009254561e-06
2.61441758366589e-07
4.96739340896519e-08
9.43804747703386e-09
1.79322902063643e-09
3.40713513920922e-10
6.47355676449752e-11
1.22997578525453e-11
2.3369539919836e-12
4.44021258476885e-13
8.43640391106081e-14
1.60291674310155e-14
3.04554181189295e-15
1.62
0.3078
0.868482
0.16501158
0.0313522002
0.005956918038
0.00113181442722
0.0002150447411718
4.08585008226419e-05
7.76311515630197e-06
0.81000147499188
0.153900280248457
0.0292410532472068
0.0055558001169693
0.00105560202222417
0.000200564384222592
0.810038107233002
0.15390724037427
0.0292423756711114
0.00555605137751116
0.00105564976172712
0.000200573454728153
3.8108956398349e-05
7.24070171568631e-06
1.3757333259804e-06
0.810000261389332
0.153900049663973
0.0292410094361549
0.81555579179287
0.154955600440645
0.0294415640837226
0.00559389717590729
0.811062840463422
0.15410193968805
0.0292793685407295
0.00556308002273861
0.81105698520432
0.154100827188821
0.0292791571658759
0.00556303986151643
0.00105697757368812
0.810200825739001
0.15393815689041
0.0292482498091779
0.0055571674637438
0.811055861818111
0.154100613745441
0.839279116611634
0.15946303215621
0.03029797610968
0.00575661546083919
0.00109375693755945
0.000207813818136295
3.9484625445896e-05
0.810007502078835
0.963901425394979
0.183141270825046
0.0347968414567587
0.00661139987678415
0.00125616597658899
0.000238671535551908
4.53475917548625e-05
8.61604243342387e-06
0.810001637048062
0.963900311039132
0.183141059097435
0.0347968012285126
0.0066113922334174
0.00125616452434931
0.000238671259626368
0.810045347539329
0.153908616032472
0.0292426370461698
0.00555610103877225
0.00105565919736673
0.000200575247499678
3.81092970249389e-05
7.24076643473838e-06
1.37574562260029e-06
0.810000261391668
0.153900049664417
0.0292410094362392
0.00555579179288545
0.00105560044064823
0.000200564083723165
3.81071759074013e-05
7.24036342240624e-06
1.37566905025718e-06
2.61377119548865e-07
0.810000049661653
0.153900009435714
0.0292410017927856
0.00555579034062927
0.00105560016471956
0.000200564031296717
3.81071659463761e-05
7.24036152981146e-06
0.810001375668691
0.153900261377051
0.0292410496616397
0.00555579943571154
0.00105560189278519
0.000200564359629187
3.81072283295454e-05
0.810007240373383
0.153901375670943
0.0292412613774791
0.00555583966172103
0.00105560953572699
0.000200565811788129
3.81075042397445e-05
7.24042580555145e-06
1.37568090305478e-06
2.61379371580407e-07
4.96620806002774e-08
9.4357953140527e-09
1.79280110967001e-09
3.40632210837302e-10
6.47201200590874e-11
1.22968228112266e-11
2.33639633413305e-12
0.810000000000444
0.153900000000084
0.029241000000016
0.00555579000000304
0.00105560010000058
0.00020056401900011
3.81071636100208e-05
7.24036108590395e-06
1.37566860632175e-06
2.61377035201133e-07
4.96616366882152e-08
9.43571097076088e-09
1.79278508444457e-09
3.40629166044468e-10
6.47195415484488e-11
1.22967128942053e-11
2.336375449899e-12
4.4391133548081e-13
8.43431537413539e-14
1.60251992108572e-14
3.04478785006287e-15
5.78509691511946e-16
1.0991684138727e-16
2.08841998635812e-17
3.96799797408043e-18
7.53919615075282e-19
1.43244726864304e-19
2.72164981042177e-20
5.17113463980136e-21
9.82515581562258e-22
0.81
0.1539
0.029241
0.00555579
0.0010556001
0.000200564019
3.81071636099999e-05
7.24036108589998e-06
1.375668606321e-06
2.61377035200989e-07
4.9661636688188e-08
9.43571097075571e-09
0.810000001792785
0.153900000340629
0.0292410000647195
0.00555579001229671
0.00105560010233637
0.000200564019443911
0.810038107163694
0.153907240361102
0.0292423756686094
0.00555605137703578
0.0010556497616368
0.000200573454710991
3.81089563950884e-05
7.24070171506678e-06
1.37573332586269e-06
2.61389331913911e-07
4.9663973063643e-08
9.43615488209218e-09
1.79286942759751e-09
3.40645191243527e-10
6.47225863362702e-11
1.22972914038913e-11
2.33648536673935e-12
4.43932219680477e-13
8.43471217392906e-14
1.60259531304652e-14
3.04493109478839e-15
5.78536908009793e-16
1.09922012521861e-16
2.08851823791535e-17
3.96818465203917e-18
7.53955083887442e-19
1.43251465938614e-19
2.72177785283366e-20
5.17137792038396e-21
0.81
0.1539
0.029241
0.00555579
0.0010556001
0.000200564019
3.81071636099999e-05
7.24036108589998e-06
1.375668606321e-06
2.61377035200989e-07
4.9661636688188e-08
9.43571097075571e-09
1.79278508444358e-09
3.40629166044281e-10
6.47195415484134e-11
1.22967128941985e-11
0.810000000002336
0.153900000000444
0.0292410000000843
0.00555579000001602
0.00105560010000304
0.000200564019000578
3.81071636101099e-05
7.24036108592087e-06
1.37566860632496e-06
2.61377035201743e-07
4.96616366883312e-08
9.43571097078293e-09
1.79278508444876e-09
0.810000000340629
0.15390000006472
0.0292410000122967
0.00555579000233637
0.00105560010044391
0.000200564019084343
3.81071636260251e-05
0.810007240361089
0.153901375668607
0.0292412613770353
0.0055558396616367
0.00105560953571097
0.000200565811785085
3.81075042391661e-05
7.24042580544156e-06
1.3756809030339e-06
2.6137937157644e-07
4.96620805995236e-08
9.43579531390949e-09
1.7928011096428e-09
3.40632210832132e-10
6.47201200581051e-11
1.229682281104e-11
0.810000000002336
0.153900000000444
0.0292410000000843
0.00555579000001602
0.00105560010000304
0.000200564019000578
3.81071636101099e-05
0.810007240361086
1.77390137566861
0.337041261377035
0.0640378396616366
0.012167189535711
0.812311766011785
0.154339235542239
0.0293244547530254
0.815571646403075
0.964958612816584
0.183342136435151
0.844835005922679
0.160518651125309
0.0304985437138087
0.00579472330562365
0.00110099742806849
1.62020918951133
0.307839746007153
0.0584895517413591
0.0111130148308582
0.00211147281786306
0.000401179835393982
7.62241687248565e-05
1.44825920577227e-05
2.75169249096732e-06
5.2282157328379e-07
9.93360989239201e-08
1.88738587955448e-08
3.58603317115351e-09
6.81346302519167e-10
1.29455797478642e-10
2.45966015209419e-11
4.67335428897897e-12
8.87937314906003e-13
1.68708089832141e-13
3.20545370681067e-14
6.09036204294027e-15
1.15716878815865e-15
2.19862069750144e-16
0.81
0.1539
0.029241
0.00555579
0.0010556001
0.000200564019
3.81071636099999e-05
7.24036108589998e-06
1.375668606321e-06
0.810000261377035
0.153900049661637
0.839241009435711
0.159455791792785
0.0302966004406292
0.00575635408371954
0.00109370727590671
0.000207804382422275
3.94828326602323e-05
7.50173820544413e-06
1.42533025903438e-06
2.70812749216533e-07
5.14544223511412e-08
9.77634024671684e-09
1.8575046468762e-09
3.52925882906478e-10
0.810000000067056
0.153900000012741
0.0292410000024207
0.00555579000045993
0.811055600100087
0.154100564019017
0.0292791071636131
0.0055630303610865
0.00105697576860643
0.000200825396035222
3.81568252466922e-05
0.810007249796797
0.153901377461391
0.0292412617176644
0.00555583972635623
0.00105560954800768
0.00020056581412146
3.81075046830773e-05
7.24042588978469e-06
1.37568091905909e-06
0.810000261379375
0.963900049662081
0.183141009435795
0.0347967917928011
0.816611390440632
0.15515616418372
0.0294796711949068
0.00560113752703229
0.00106421613013614
0.000202201064725866
3.84182022979145e-05
7.29945843660374e-06
1.38689710295471e-06
2.63510449561395e-07
0.810000050066985
0.153900009512727
0.0292410018074182
0.00555579034340945
0.0010556001652478
0.810200564031397
0.153938107165965
0.0292482403615334
0.00555716566869135
0.00105586147705136
0.000200613680639758
0.810038116599322
0.963907242153871
0.183142376009235
0.844797051441755
0.160511439773933
0.0304971735570473
0.00579446297583899
0.00110094796540941
0.000209180113427787
3.97442215512796e-05
7.55140209474312e-06
1.43476639800119e-06
2.72605615620227e-07
5.1795066967843e-08
9.84106272389018e-09
1.86980191753913e-09
3.55262364332435e-10
6.74998492231627e-11
1.28249713524009e-11
2.43674455695617e-12
4.62981465821672e-13
8.79664785061177e-14
1.67136309161624e-14
3.17558987407085e-15
6.03362076073461e-16
1.14638794453958e-16
2.17813709462519e-17
0.81
0.1539
0.029241
0.00555579
0.0010556001
0.000200564019
3.81071636099999e-05
7.24036108589998e-06
1.375668606321e-06
2.61377035200989e-07
4.9661636688188e-08
9.43571097075571e-09
1.79278508444358e-09
0.810000000340629
0.15390000006472
0.839241000012297
0.159455790002336
0.0302966001004439
0.00575635401908434
0.00109370726362602
0.000207804380088944
3.94828322168994e-05
7.50173812121089e-06
1.42533024303007e-06
2.70812746175713e-07
5.14544217733855e-08
9.77634013694324e-09
0.810000001857505
0.153900000352926
0.0292410000670559
0.00555579001274062
0.00105560010242072
0.000200564019459936
3.81071636973879e-05
7.24036110250369e-06
1.3756686094757e-06
2.61377035800383e-07
4.96616368020728e-08
9.43571099239383e-09
1.79278508855483e-09
3.40629166825417e-10
6.47195416968292e-11
1.22967129223975e-11
2.33637545525553e-12
4.43911336498551e-13
8.43431539347247e-14
1.60251992475977e-14
3.04478785704356e-15
5.78509692838276e-16
1.09916841639272e-16
2.08841999114618e-17
3.96799798317773e-18
7.53919616803769e-19
1.43244727192716e-19
2.72164981666161e-20
5.17113465165705e-21
9.82515583814839e-22
1.86677960924819e-22
3.54688125757157e-23
6.73907438938598e-24
1.28042413398334e-24
2.43280585456834e-25
4.62233112367984e-26
8.78242913499169e-27
1.66866153564842e-27
3.170456917732e-28
6.02386814369079e-29
1.14453494730125e-29
2.17461639987238e-30
0.81
0.1539
0.839241
0.15945579
0.0302966001
0.005756354019
0.00109370726361
0.0002078043800859
3.94828322163209e-05
7.50173812110098e-06
1.42533024300919e-06
2.70812746171745e-07
5.14544217726316e-08
9.77634013679999e-09
1.857504625992e-09
3.5292587893848e-10
6.70559169983111e-11
1.27406242296791e-11
2.42071860363903e-12
4.59936534691415e-13
8.73879415913689e-14
1.66037089023601e-14
3.15470469144842e-15
5.99393891375199e-16
1.13884839361288e-16
2.16381194786447e-17
4.11124270094249e-18
7.81136113179072e-19
1.48415861504024e-19
2.81990136857645e-20
5.35781260029525e-21
1.0179843940561e-21
1.93417034870658e-22
3.67492366254251e-23
6.98235495883077e-24
1.32664744217785e-24
2.5206301401379e-25
4.78919726626202e-26
9.09947480589783e-27
1.72890021312059e-27
3.28491040492912e-28
6.24132976936532e-29
1.18585265617941e-29
2.25312004674088e-30
4.28092808880767e-31
8.13376336873457e-32
1.54541504005957e-32
2.93628857611318e-33
5.57894829461503e-34
1.06000017597686e-34
2.01400033435603e-35
3.82660063527645e-36
7.27054120702525e-37
1.3814028293348e-37
2.62466537573611e-38
4.98686421389861e-39
9.47504200640736e-40
1.8002579812174e-40
3.42049016431306e-41
1.62
0.3078
0.058482
0.01111158
0.8121112002
0.154301128038
0.02931721432722
0.0055702707221718
0.00105835143721264
0.000201086773070402
0.810038206486883
0.153907259232508
0.0292423792541765
0.00555605205829353
0.811055649891076
0.154100573479304
0.0292791089610678
0.00556303070260288
0.811056975833495
0.154100825408364
0.0292791568275891
0.00556303979724193
0.00105697756147597
0.000200825736680434
0.810038156889969
0.153907249809094
0.0292423774637279
0.815556051718108
0.154955649826441
0.0294415734670237
0.0055938989587345
0.00106284080215955
0.000201939752410315
3.83685529579599e-05
7.29002506201238e-06
1.38510476178235e-06
2.63169904738647e-07
5.00022819003429e-08
9.50043356106514e-09
0.810000001805082
0.153900000342966
0.0292410000651635
0.00555579001238106
0.0010556001023524
0.000200564019446956
3.81071636949216e-05
7.24036110203511e-06
1.37566860938667e-06
2.61377035783467e-07
4.96616367988588e-08
9.43571099178316e-09
1.7927850884388e-09
3.40629166803372e-10
6.47195416926407e-11
1.22967129216017e-11
2.33637545510433e-12
0.810000000000444
0.153900000000084
0.029241000000016
0.00555579000000304
0.00105560010000058
0.00020056401900011
3.81071636100208e-05
7.24036108590395e-06
1.37566860632175e-06
0.810000261377035
0.963900049661637
0.183141009435711
0.0347967917927851
0.00661139044062916
0.00125616418371954
0.810238671194907
0.153945347527032
0.0292496160301361
0.00555742704572586
0.00105591113868791
0.000200623116350703
0.810038118392107
0.1539072424945
0.029242376073955
0.00555605145405145
0.00105564977626978
0.000200573457491257
3.81089569233389e-05
7.24070181543439e-06
1.37573334493253e-06
0.810000261389336
0.153900049663974
0.029241009436155
0.00555579179286945
0.00105560044064519
0.000200564083722587
3.81071759072915e-05
1.62000724036342
0.30780137566905
0.0584822613771195
0.0111116296616527
0.00211120963571401
0.000401129830785662
7.62146678492758e-05
1.44807868913624e-05
2.75134950935886e-06
0.810000522756407
0.153900099323717
0.0292410188715063
0.00555579358558619
0.00105560078126138
0.81020056414844
0.153938107188203
0.0292482403657587
0.00555716566949414
0.00105586147720389
0.000200613680668738
3.81165993270603e-05
7.24215387214146e-06
1.37600923570688e-06
2.61441754784306e-07
0.810000049673933
0.153900009438047
0.029241001793229
0.00555579034071351
0.00105560016473557
0.000200564031299757
3.81071659469539e-05
7.24036152992124e-06
1.37566869068504e-06
2.61377051230157e-07
4.96616397337297e-08
9.43571154940865e-09
1.79278519438764e-09
0.810000000340629
0.96390000006472
0.993141000012297
0.188696790002336
0.0358523901004439
0.00681195411908434
0.00129427128262602
0.000245911543698944
4.67231933027994e-05
8.87740672753189e-06
1.68670727823106e-06
3.20474382863901e-07
0.810000060890133
0.153900011569125
0.0292410021981338
0.00555579041764542
0.00105560017935263
0.000200564034076999
3.81071664746299e-05
7.24036163017967e-06
1.37566870973414e-06
2.61377054849486e-07
4.96616404214023e-08
9.43571168006644e-09
1.79278521921262e-09
3.40629191650398e-10
6.47195464135757e-11
1.22967138185794e-11
2.33637562553008e-12
0.810000000000444
0.153900000000084
0.029241000000016
0.00555579000000304
0.00105560010000058
0.00020056401900011
3.81071636100208e-05
7.24036108590395e-06
1.37566860632175e-06
2.61377035201133e-07
4.96616366882152e-08
9.43571097076088e-09
1.79278508444457e-09
3.40629166044468e-10
6.47195415484488e-11
1.22967128942053e-11
2.336375449899e-12
4.4391133548081e-13
8.43431537413539e-14
1.60251992108572e-14
3.04478785006287e-15
5.78509691511946e-16
1.0991684138727e-16
2.08841998635812e-17
3.96799797408043e-18
7.53919615075282e-19
1.43244726864304e-19
2.72164981042177e-20
5.17113463980136e-21
9.82515581562258e-22
1.86677960496829e-22
3.54688124943975e-23
6.73907437393552e-24
1.28042413104775e-24
2.43280584899072e-25
4.62233111308237e-26
8.7824291148565e-27
1.66866153182273e-27
3.17045691046319e-28
6.02386812988007e-29
1.14453494467721e-29
2.1746163948867e-30
4.13177115028473e-31
7.85036518554099e-32
1.49156938525279e-32
2.8339818319803e-33
5.38456548076256e-34
1.02306744134489e-34
1.94382813855528e-35
3.69327346325504e-36
7.01721958018457e-37
1.33327172023507e-37
2.53321626844663e-38
4.81311091004859e-39
9.14491072909232e-40
1.73753303852754e-40
3.30131277320233e-41
6.27249426908442e-42
1.19177391112604e-42
2.26437043113947e-43
4.302303819165e-44
8.17437725641349e-45
1.55313167871856e-45
2.95095018956527e-46
5.60680536017401e-47
1.06529301843306e-47
2.02405673502282e-48
3.84570779654335e-49
7.30684481343237e-50
1.38830051455215e-50
2.63777097764908e-51
5.01176485753326e-52
9.52235322931318e-53
1.8092471135695e-53
3.43756951578206e-54
6.53138207998591e-55
1.24096259519732e-55
2.35782893087491e-56
4.47987496866233e-57
8.51176244045842e-58
1.6172348636871e-58
3.07274624100549e-59
5.83821785791043e-60
1.10926139300298e-60
2.10759664670566e-61
4.00443362874076e-62
7.60842389460744e-63
1.44560053997541e-63
2.74664102595328e-64
5.21861794931124e-65
9.91537410369135e-66
1.88392107970136e-66
3.57945005143258e-67
6.80095509772189e-68
1.29218146856716e-68
2.4551447902776e-69
4.66477510152744e-70
8.86307269290214e-71
1.68398381165141e-71
3.19956924213767e-72
6.07918156006157e-73
1.1550444964117e-73
2.19458454318223e-74
4.16971063204623e-75
7.92245020088783e-76
1.50526553816869e-76
2.8600045225205e-77
5.43400859278896e-78
1.0324616326299e-78
1.96167710199681e-79
3.72718649379394e-80
7.08165433820849e-81
1.34551432425961e-81
2.55647721609326e-82
4.8573067105772e-83
0.81
0.1539
0.029241
0.00555579
0.0010556001
0.000200564019
3.81071636099999e-05
7.24036108589998e-06
1.375668606321e-06
2.61377035200989e-07
4.9661636688188e-08
9.43571097075571e-09
1.79278508444358e-09
3.40629166044281e-10
6.47195415484134e-11
1.22967128941985e-11
0.810000000002336
0.963900000000444
0.183141000000084
0.034796790000016
0.00661139010000304
0.00125616411900058
0.00023867118261011
0.810045347524696
0.153908616029692
0.0292426370456415
0.815556101038672
0.154955659197348
0.839441575247496
0.159493899297024
0.0303038408664346
0.00575772976462257
0.00109396865527829
0.810207854044503
0.153939492268456
0.0292485035310065
0.00555721567089124
0.00105587097746934
0.000200615485719174
3.8116942286643e-05
7.24221903446217e-06
0.810001376021617
0.963900261444107
0.18314104967438
0.0347967994381323
0.00661139189324513
0.00125616445971657
0.000238671247346149
4.53475369957683e-05
8.61603202919597e-06
1.63704608554723e-06
3.11038756253974e-07
5.90973636882551e-08
0.810000011228499
0.153900002133415
0.839241000405349
0.159455790077016
0.0302966001146331
0.00575635402178028
0.811093707264138
0.154107804380186
0.839280482832235
0.969463291738125
0.184198025430244
0.0349976248317463
0.00664954871803179
0.00126341425642604
0.000240048708720948
4.560925465698e-05
8.6657583848262e-06
0.810001646494093
0.963900312833878
0.183141059438437
0.034796801293303
0.00661139224572756
0.00125616452668824
0.000238671260070765
4.53475394134453e-05
8.6160324885546e-06
1.63704617282537e-06
1.62000031103877
0.307800059097367
0.0584820112284997
0.821111582133415
0.156011200605349
0.0296421281150163
0.00563200434185309
0.00107008082495209
0.000203315356740896
0.810038629917781
0.153907339684378
0.839242394540032
0.159456054962606
0.0302966504428951
0.00575636358415007
0.811093709080989
0.154107804725388
0.0292804828978237
0.0055632917505865
0.811057025432611
0.154100834832196
0.0292791586181173
0.00556304013744228
0.00105697762611403
0.000200825748961666
3.81568923027165e-05
7.24980953751614e-06
1.37746381212807e-06
2.61718124304333e-07
0.810000049726444
0.153900009448024
0.0292410017951246
0.815555790341074
0.154955600164804
0.0294415640313127
0.00559389716594942
0.00106284046153039
0.000201939687690774
3.8368540661247e-05
7.29002272563694e-06
1.38510431787102e-06
2.63169820395493e-07
5.00022658751437e-08
0.810000009500431
0.153900001805082
0.0292410003429655
0.00555579006516345
0.00105560011238106
0.0002005640213524
0.810038107164057
0.153907240361171
0.839242375668622
0.159456051377038
0.0302966497616373
0.00575636345471108
0.811093709056395
0.154107804720715
0.0292804828969358
0.00556329175041781
1.62105702543258
1.11800083483219
1.02242015861812
0.194259830137442
0.036909367726114
0.00701277986796165
0.00133242817491271
0.000253161353233416
4.81006571143489e-05
9.1391248517263e-06
0.810001736433722
0.153900329922407
0.0292410626852573
0.00555580191019889
0.811055602362938
0.154100564448958
0.029279107245302
0.00556303037660739
0.0010569757715554
0.000200825396595527
3.815682535315e-05
7.2497968170985e-06
1.37746139524872e-06
2.61717665097256e-07
4.97263563684786e-08
9.44800771001093e-09
1.79512146490208e-09
3.41073078331394e-10
6.48038848829649e-11
0.810000000012313
0.153900000002339
0.0292410000004445
0.00555579000008445
0.00105560010001604
0.000200564019003048
3.81071636105792e-05
7.24036108601005e-06
1.37566860634191e-06
2.61377035204963e-07
4.96616366889429e-08
9.43571097089914e-09
0.810000001792785
0.963900000340629
0.183141000064719
0.0347967900122967
0.816611390102336
0.155156164119444
0.0294796711826943
0.00560113752471192
0.811064216129695
0.964102201064642
0.183179418202282
0.0348040894584336
0.00661277699710237
0.00125642762944945
0.000238721249595396
4.53570374231251e-05
0.81000861783711
0.153901637389051
0.0292413111039197
0.00555584910974474
0.0010556113308515
0.000200566152861785
3.81075690437391e-05
7.24043811831043e-06
1.37568324247898e-06
2.61379816071006e-07
4.96621650534912e-08
9.43581136016333e-09
1.79280415843103e-09
3.40632790101896e-10
6.47202301193602e-11
1.22968437226784e-11
2.3364003073089e-12
4.43916058388691e-13
8.43440510938513e-14
1.60253697078317e-14
3.04482024448803e-15
0.810000000000001
0.1539
0.029241
0.00555579
0.0010556001
0.000200564019
3.810716361e-05
7.24036108589999e-06
1.375668606321e-06
2.61377035200989e-07
4.9661636688188e-08
9.43571097075571e-09
1.79278508444359e-09
3.40629166044281e-10
6.47195415484134e-11
1.22967128941985e-11
2.33637544989772e-12
4.43911335480567e-13
8.43431537413077e-14
1.60251992108485e-14
3.04478785006121e-15
5.78509691511629e-16
1.0991684138721e-16
2.08841998635698e-17
3.96799797407826e-18
7.53919615074869e-19
1.43244726864225e-19
2.72164981042028e-20
5.17113463979852e-21
9.82515581561719e-22
1.86677960496727e-22
3.5468812494378e-23
6.73907437393183e-24
1.28042413104705e-24
0.81
0.1539
0.029241
0.00555579
0.0010556001
0.000200564019
3.81071636099999e-05
7.24036108589998e-06
1.375668606321e-06
2.61377035200989e-07
4.9661636688188e-08
9.43571097075571e-09
1.79278508444358e-09
3.40629166044281e-10
6.47195415484134e-11
1.22967128941985e-11
2.33637544989772e-12
4.43911335480567e-13
8.43431537413077e-14
1.60251992108485e-14
3.04478785006121e-15
5.78509691511629e-16
1.09916841387209e-16
2.08841998635698e-17
3.96799797407826e-18
7.53919615074869e-19
0.81
0.1539
0.029241
0.00555579
0.8110556001
0.154100564019
0.02927910716361
0.815563030361086
0.154956975768606
0.0294418253960352
0.00559394682524668
0.00106284989679687
0.000201941480391405
3.8368881274367e-05
7.29008744212972e-06
1.38511661400465e-06
2.63172156660883e-07
5.00027097655677e-08
9.50051485545787e-09
1.80509782253699e-09
0.810000000342969
0.963900000065164
0.183141000012381
0.0347967900023524
0.00661139010044695
0.00125616411908492
0.000238671182626135
0.810045347524699
0.153908616029693
0.0292426370456416
0.00555610103867191
0.00105565919734766
0.000200575247496056
3.81092970242506e-05
0.810007240766435
0.963901375745623
0.183141261391668
0.034796839664417
0.00661139953623922
0.00125616591188545
0.000238671523258236
4.53475894190648e-05
8.6160419896223e-06
1.63704797802824e-06
3.11039115825365e-07
5.90974320068193e-08
1.12285120812957e-08
2.13341729544618e-09
0.810000000405349
0.153900000077016
0.0292410000146331
0.00555579000278029
0.00105560010052825
0.8102005640191
0.153938107163629
0.0292482403610895
0.00555716566860701
0.00105586147703533
0.810200613680637
0.153938116599321
0.839248242153871
0.159457166009235
0.840296861541755
0.159656403692933
0.0303347167016573
0.00576359617331489
0.00109508327292983
0.000208065821856667
3.95325061527668e-05
7.51117616902569e-06
1.42712347211488e-06
0.81000027115346
1.77390005151916
0.33704100978864
0.874037791859842
1.78606718045337
0.33935276428614
0.0644770252143666
0.0122506347907297
0.812327620610239
0.154342247915945
0.83932502710403
0.159471755149766
0.0302996334784555
0.815756930360907
0.154993816768572
0.0294488251860287
0.00559527678534545
0.00106310258921564
0.000201989491950971
3.83780034706844e-05
7.29182065943004e-06
1.38544592529171e-06
2.63234725805424e-07
5.00145979030306e-08
9.50277360157581e-09
1.8055269842994e-09
3.43050127016887e-10
6.51795241332084e-11
1.23841095853096e-11
0.810000000002353
0.153900000000447
0.0292410000000849
0.00555579000001614
0.811055600100003
0.154100564019001
0.0292791071636101
0.00556303036108592
0.00105697576860632
0.810200825396035
0.153938156825247
0.0292482497967969
0.0055571674613914
0.00105586181766437
0.000200613745356229
3.81166116176836e-05
7.24215620735988e-06
1.37600967939838e-06
2.61441839085692e-07
4.96739494262814e-08
0.81000000943805
0.15390000179323
0.0292410003407136
0.00555579006473558
0.00105560011229976
0.000200564021336954
3.81071640540213e-05
7.24036117026405e-06
1.37566862235017e-06
2.61377038246532e-07
4.96616372668411e-08
9.4357110806998e-09
1.79278510533296e-09
3.40629170013263e-10
6.47195423025199e-11
1.22967130374788e-11
2.33637547712097e-12
4.43911340652984e-13
0.810000000000084
0.153900000000016
0.029241000000003
0.00555579000000057
0.00105560010000011
0.810200564019
0.15393810716361
0.0292482403610859
0.00555716566860632
0.811055861477035
0.154100613680637
0.029279116599321
0.815563032153871
0.964956976109235
0.183341825460755
0.0348349468375434
0.00661863989913324
0.00125754158083532
0.00023893290035871
4.53972510681549e-05
8.62547770294942e-06
1.63884076356039e-06
3.11379745076474e-07
5.916215156453e-08
1.12408087972607e-08
0.810000002135754
0.963900000405793
0.183141000077101
0.0347967900146491
0.00661139010278333
0.00125616411952883
0.000238671182710478
4.53475247149908e-05
8.61602969584826e-06
1.63704564221117e-06
3.11038672020122e-07
5.90973476838231e-08
1.12284960599264e-08
2.13341425138601e-09
4.05348707763343e-10
7.70162544750351e-11
1.46330883502567e-11
2.78028678654876e-12
5.28254489444265e-13
1.0036835299441e-13
1.9069987068938e-14
3.62329754309821e-15
6.8842653318866e-16
1.30801041305845e-16
2.48521978481106e-17
4.72191759114101e-18
8.97164342316792e-19
1.70461225040191e-19
3.23876327576362e-20
6.15365022395087e-21
1.16919354255067e-21
2.22146773084626e-22
4.2207886886079e-23
8.01949850835501e-24
1.52370471658745e-24
0.81
0.1539
0.029241
0.00555579
0.0010556001
0.000200564019
3.81071636099999e-05
7.24036108589998e-06
1.375668606321e-06
2.61377035200989e-07
4.9661636688188e-08
9.43571097075571e-09
1.79278508444358e-09
3.40629166044281e-10
6.47195415484134e-11
1.22967128941985e-11
2.33637544989772e-12
0.810000000000444
0.153900000000084
0.839241000000016
0.159455790000003
0.0302966001000006
0.00575635401900011
0.00109370726361002
0.000207804380085904
3.94828322163217e-05
7.50173812110112e-06
1.42533024300921e-06
2.7081274617175e-07
5.14544217726325e-08
9.77634013680018e-09
0.810000001857505
0.153900000352926
0.0292410000670559
0.00555579001274062
0.00105560010242072
0.000200564019459936
3.81071636973879e-05
7.24036110250369e-06
1.3756686094757e-06
2.61377035800383e-07
4.96616368020728e-08
9.43571099239383e-09
1.79278508855483e-09
3.40629166825417e-10
6.47195416968292e-11
1.22967129223975e-11
0.810000000002336
0.153900000000444
0.0292410000000843
0.00555579000001602
0.00105560010000304
0.000200564019000578
3.81071636101099e-05
7.24036108592087e-06
1.37566860632496e-06
2.61377035201743e-07
4.96616366883312e-08
9.43571097078293e-09
1.79278508444876e-09
3.40629166045263e-10
6.47195415486e-11
1.2296712894234e-11
2.33637544990446e-12
0.810000000000444
0.153900000000084
0.029241000000016
0.00555579000000304
0.00105560010000058
0.00020056401900011
3.81071636100208e-05
7.24036108590395e-06
1.37566860632175e-06
2.61377035201133e-07
4.96616366882152e-08
9.43571097076088e-09
1.79278508444457e-09
3.40629166044468e-10
6.47195415484488e-11
1.22967128942053e-11
2.336375449899e-12
4.4391133548081e-13
8.43431537413539e-14
1.60251992108572e-14
3.04478785006287e-15
5.78509691511946e-16
1.0991684138727e-16
2.08841998635812e-17
3.96799797408043e-18
7.53919615075282e-19
1.43244726864304e-19
2.72164981042177e-20
5.17113463980136e-21
0.81
0.1539
0.029241
0.00555579
0.0010556001
0.000200564019
3.81071636099999e-05
7.24036108589998e-06
1.375668606321e-06
2.61377035200989e-07
0.810000049661637
0.153900009435711
0.0292410017927851
0.00555579034062916
0.00105560016471954
0.000200564031296713
3.81071659463754e-05
7.24036152981132e-06
1.37566869066415e-06
2.61377051226189e-07
4.96616397329758e-08
0.810000009435712
0.153900001792785
0.0292410003406292
0.00555579006471954
0.00105560011229671
0.000200564021336375
3.81071640539113e-05
7.24036117024315e-06
1.3756686223462e-06
2.61377038245777e-07
4.96616372666977e-08
9.43571108067256e-09
1.79278510532779e-09
0.810000000340629
0.15390000006472
0.0292410000122967
0.00555579000233637
0.811055600100444
0.154100564019084
0.029279107163626
0.00556303036108894
0.811056975768607
0.154100825396035
0.839279156825247
0.159463039796797
0.0302979775613914
0.00575661573666436
0.811093756989966
0.154107813828094
0.839280484627338
0.969463292079194
0.184198025495047
0.0349976248440589
0.816649548720371
0.15516341425687
0.839481048708805
0.159501399254673
0.840305265858388
0.159658000513094
0.0303350200974878
0.00576365381852268
0.00109509422551931
0.000208067902848669
3.9532901541247e-05
7.51125129283693e-06
1.42713774563902e-06
2.71156171671413e-07
5.15196726175685e-08
9.78873779733801e-09
1.85986018149422e-09
3.53373434483902e-10
6.71409525519413e-11
1.27567809848688e-11
2.42378838712508e-12
0.810000000000461
0.153900000000087
0.0292410000000166
0.00555579000000315
0.811055600100001
0.154100564019
0.02927910716361
0.0055630303610859
0.00105697576860632
0.000200825396035201
3.81568252466882e-05
0.810007249796797
0.153901377461391
0.0292412617176644
0.00555583972635623
0.00105560954800768
0.00020056581412146
3.81075046830773e-05
0.81000724042589
0.153901375680919
0.0292412613793746
0.00555583966208117
0.00105560953579542
0.00020056581180113
3.81075042422147e-05
7.2404258060208e-06
1.37568090314395e-06
2.61379371597351e-07
0.810000049662081
0.153900009435795
0.839241001792801
0.159455790340632
0.0302966001647201
0.00575635403129682
0.0010937072659464
0.000207804380529815
3.94828323006648e-05
7.50173813712632e-06
1.425330246054e-06
2.7081274675026e-07
5.14544218825494e-08
0.81000000977634
0.153900001857505
0.0292410003529259
0.00555579006705591
0.00105560011274062
0.000200564021420718
0.81003810716407
0.963907240361173
0.183142375668623
0.0347970513770383
0.816611439761637
0.155156173554711
0.0294796729753951
0.815601137865325
0.964964216194412
0.993343201076938
0.998735208204618
0.999759689558878
0.189954341016187
0.0360913247930755
1.62685735171068
0.30910289682503
0.0587295503967557
0.0111586145753836
0.00212013676932288
0.000402825986171347
7.65369373725559e-05
1.45420181007856e-05
2.76298343914927e-06
5.2496685343836e-07
9.97437021532884e-08
1.89513034091248e-08
3.60074764773371e-09
6.84142053069405e-10
1.29986990083187e-10
2.46975281158055e-11
4.69253034200304e-12
8.91580764980578e-13
1.6940034534631e-13
3.21860656157988e-14
6.11535246700178e-15
1.16191696873034e-15
2.20764224058764e-16
4.19452025711652e-17
7.96958848852138e-18
0.81
0.9639
0.183141
0.03479679
0.00661139009999999
0.001256164119
0.00023867118261
4.53475246958999e-05
8.61602969222098e-06
1.63704564152199e-06
3.11038671889177e-07
5.90973476589437e-08
1.12284960551993e-08
2.13341425048787e-09
0.810000000405349
0.153900000077016
0.0292410000146331
0.00555579000278028
0.00105560010052825
0.000200564019100368
3.81071636290699e-05
7.24036108952328e-06
1.37566860700942e-06
2.6137703533179e-07
0.810000049661637
0.153900009435711
0.0292410017927851
0.00555579034062916
0.00105560016471954
0.000200564031296713
3.81071659463754e-05
7.24036152981132e-06
1.37566869066415e-06
2.61377051226189e-07
4.96616397329758e-08
9.4357115492654e-09
1.79278519436043e-09
3.40629186928481e-10
6.47195455164114e-11
1.22967136481182e-11
2.33637559314245e-12
4.43911362697065e-13
0.810000000000084
0.153900000000016
0.029241000000003
0.00555579000000057
0.00105560010000011
0.000200564019000021
3.81071636100039e-05
7.24036108590074e-06
1.37566860632114e-06
2.61377035201017e-07
4.96616366881931e-08
9.43571097075669e-09
1.79278508444377e-09
3.40629166044316e-10
6.47195415484201e-11
1.22967128941998e-11
2.33637544989796e-12
4.43911335480613e-13
8.43431537413165e-14
1.60251992108501e-14
3.04478785006152e-15
5.78509691511689e-16
1.09916841387221e-16
2.0884199863572e-17
3.96799797407867e-18
7.53919615074948e-19
1.4324472686424e-19
2.72164981042056e-20
5.17113463979906e-21
9.82515581561821e-22
1.86677960496746e-22
3.54688124943817e-23
6.73907437393253e-24
1.28042413104718e-24
2.43280584898964e-25
4.62233111308032e-26
8.7824291148526e-27
1.66866153182199e-27
3.17045691046179e-28
6.02386812987739e-29
1.1445349446767e-29
2.17461639488574e-30
4.1317711502829e-31
7.85036518553751e-32
1.49156938525213e-32
2.83398183197904e-33
5.38456548076017e-34
1.02306744134443e-34
1.94382813855442e-35
3.6932734632534e-36
7.01721958018146e-37
1.33327172023448e-37
2.5332162684455e-38
4.81311091004646e-39
9.14491072908827e-40
1.73753303852677e-40
3.30131277320086e-41
6.27249426908164e-42
1.19177391112551e-42
2.26437043113847e-43
4.30230381916309e-44
8.17437725640987e-45
1.55313167871788e-45
2.95095018956396e-46
5.60680536017153e-47
1.06529301843259e-47
2.02405673502192e-48
3.84570779654165e-49
7.30684481342913e-50
1.38830051455153e-50
2.63777097764791e-51
5.01176485753103e-52
0.81
0.1539
0.839241
0.15945579
0.0302966001
0.005756354019
0.00109370726361
0.810207804380086
0.153939482832216
0.839248501738121
0.159457215330243
0.0302968709127462
0.00575640547342177
0.00109371703995014
0.000207806237590526
3.94831851421999e-05
7.50180517701797e-06
1.42534298363341e-06
2.70815166890349e-07
5.14548817091662e-08
9.77642752474158e-09
1.8575212297009e-09
3.52929033643171e-10
0.810000000067057
0.153900000012741
0.0292410000024207
0.00555579000045994
0.00105560010008739
0.000200564019016604
3.81071636131547e-05
1.62000724036109
0.307801375668606
0.0584822613770352
0.0111116296616367
0.00211120963571097
0.000401129830785084
7.62146678491659e-05
0.810014480786891
0.963902751349509
0.993141522756407
0.998696889323717
0.189752408971506
0.0360529577045862
0.00685006196387137
0.00130151177313556
0.000247287236895756
4.69845750101937e-05
8.9270692519368e-06
1.69614315786799e-06
3.22267199994918e-07
6.12307679990345e-08
1.16338459198165e-08
0.810000002210431
0.153900000419982
0.0292410000797965
0.00555579001516134
0.00105560010288065
0.000200564019547324
3.81071637139916e-05
7.2403611056584e-06
0.81000137566861
0.153900261377036
1.64924104966164
1.12335579943571
0.213437601892785
0.0405531443596291
0.00770509742832954
0.811463968511383
0.154178154017163
0.839293849263261
0.15946583136002
0.0302985079584037
0.815756716512097
0.154993776137298
0.839448817466087
0.159495275318556
0.0303041023105257
0.00575777943899988
0.00109397809340998
0.000207855837747896
0.810039492609172
0.153907503595743
0.0292424256831911
0.00555606087980631
0.0010556515671632
0.000200573797761008
3.81090215745914e-05
7.24071409917237e-06
1.37573567884275e-06
2.61389778980122e-07
0.810000049664058
0.153900009436171
0.0292410017928725
0.00555579034064577
0.0010556001647227
0.000200564031297312
3.81071659464893e-05
7.24036152983297e-06
0.810001375668691
0.153900261377051
0.0292410496616397
0.00555579943571154
0.00105560189278519
0.000200564359629187
3.81072283295454e-05
7.24037338261363e-06
1.37567094269659e-06
2.61377479112352e-07
4.96617210313469e-08
9.4357269959559e-09
1.79278812923162e-09
3.40629744554008e-10
6.47196514652615e-11
1.22967337783997e-11
2.33637941789594e-12
4.43912089400228e-13
8.43432969860433e-14
1.60252264273482e-14
3.04479302119616e-15
5.78510674027271e-16
1.09917028065181e-16
2.08842353323845e-17
0.81
0.1539
0.029241
0.00555579
0.0010556001
0.000200564019
3.81071636099999e-05
7.24036108589998e-06
1.375668606321e-06
2.61377035200989e-07
4.9661636688188e-08
0.810000009435711
0.153900001792785
0.0292410003406292
0.00555579006471954
0.00105560011229671
0.810200564021336
0.153938107164054
0.0292482403611702
0.00555716566862234
0.00105586147703824
0.000200613680637266
0.810038116599321
0.153907242153871
0.0292423760092355
0.815556051441755
1.77495564977393
0.337241573457047
0.064075898956839
0.0121744208017994
0.00231313995234189
0.000439496590944958
8.3504352279542e-05
1.5865826933113e-05
3.01450711729146e-06
5.72756352285378e-07
1.08823706934222e-07
0.810000020676504
0.153900003928536
0.0292410007464218
0.00555579014182014
0.811055600126946
0.15410056402412
0.0292791071645827
0.00556303036127072
0.00105697576864144
1.62020082539604
0.307838156825248
0.0584892497967971
0.821112957461391
0.156011461917664
0.839642177764356
0.159532013775228
0.0303110826172932
0.00575910569728571
0.00109423008248429
0.000207903715672014
3.95017059776827e-05
7.50532413575971e-06
1.42601158579434e-06
2.70942201300925e-07
5.14790182471758e-08
9.78101346696340e-09
1.85839255872304e-09
3.53094586157378e-10
6.70879713699019e-11
1.27467145602814e-11
2.42187576645346e-12
4.60156395626156e-13
8.74297151689697e-14
1.66116458821042e-14
0.810000000000003
0.963900000000001
0.183141
0.84479679
0.1605113901
0.030497164119
0.00579446118261
0.0011009476246959
0.000209180048692221
3.97442092515219e-05
7.55139975778916e-06
1.43476595397994e-06
2.72605531256189e-07
5.17950509386758e-08
9.8410596783484e-09
1.8698013388862e-09
3.55262254388377e-10
6.74998283337916e-11
1.28249673834204e-11
2.43674380284988e-12
4.62981322541477e-13
8.79664512828805e-14
1.67136257437473e-14
3.17558889131198e-15
6.03361889349277e-16
1.14638758976363e-16
2.17813642055089e-17
4.13845919904669e-18
7.8630724781887e-19
0.81
0.1539
0.029241
0.00555579
0.0010556001
0.000200564019
3.81071636099999e-05
7.24036108589998e-06
1.375668606321e-06
2.61377035200989e-07
4.9661636688188e-08
9.43571097075571e-09
1.79278508444358e-09
3.40629166044281e-10
6.47195415484134e-11
1.22967128941985e-11
2.33637544989772e-12
4.43911335480567e-13
8.43431537413077e-14
1.60251992108485e-14
3.04478785006121e-15
5.78509691511629e-16
1.09916841387209e-16
2.08841998635698e-17
3.96799797407826e-18
7.53919615074869e-19
1.43244726864225e-19
2.72164981042028e-20
5.17113463979852e-21
9.82515581561719e-22
1.86677960496727e-22
3.5468812494378e-23
6.73907437393183e-24
1.28042413104705e-24
2.43280584898939e-25
0.81
0.1539
0.029241
0.00555579
0.0010556001
0.000200564019
3.81071636099999e-05
7.24036108589998e-06
1.375668606321e-06
2.61377035200989e-07
4.9661636688188e-08
9.43571097075571e-09
1.79278508444358e-09
3.40629166044281e-10
6.47195415484134e-11
1.22967128941985e-11
2.33637544989772e-12
4.43911335480567e-13
8.43431537413077e-14
1.60251992108485e-14
3.04478785006121e-15
5.78509691511629e-16
1.09916841387209e-16
2.08841998635698e-17
3.96799797407826e-18
7.53919615074869e-19
1.43244726864225e-19
2.72164981042028e-20
5.17113463979852e-21
9.82515581561719e-22
1.86677960496727e-22
3.5468812494378e-23
6.73907437393183e-24
1.28042413104705e-24
2.43280584898939e-25
4.62233111307984e-26
8.78242911485169e-27
1.66866153182182e-27
3.17045691046146e-28
6.02386812987677e-29
1.14453494467659e-29
2.17461639488551e-30
4.13177115028247e-31
7.85036518553669e-32
0.81
0.1539
0.029241
0.00555579
0.0010556001
0.000200564019
0.81003810716361
0.153907240361086
0.0292423756686063
0.0055560513770352
0.00105564976163669
0.00020057345471097
3.81089563950844e-05
0.810007240701715
0.153901375733326
0.0292412613893319
0.00555583966397306
0.811055609536155
0.154100565811869
0.0292791075042552
0.00556303042580848
0.00105697578090361
0.000200825398371686
3.81568256906203e-05
7.24979688121786e-06
1.37746140743139e-06
2.61717667411965e-07
4.97263568082733e-08
9.44800779357192e-09
1.79512148077866e-09
3.41073081347946e-10
0.810000000064804
0.963900000012313
0.183141000002339
0.844796790000444
0.160511390100084
0.030497164119016
1.62579446118261
0.308900947624696
0.868691180048692
0.165051324209252
0.841359751599758
0.159858352803954
0.0303730870327512
0.00577088653622273
0.00109646844188232
0.810208329003958
0.963939582510752
0.183148520677043
0.0347982189286381
0.816611661596441
0.155156215703324
0.0294796809836315
0.00560113938688999
0.811064216483509
0.964102201131867
0.183179418215055
0.84480408946086
0.160512776997563
0.840497427629537
0.159694511249612
0.0303419571374263
0.00576497185611099
0.00109534465266109
0.000208115484005607
3.95419419610653e-05
7.5129689726024e-06
1.42746410479445e-06
2.71218179910946e-07
5.15314541830798e-08
9.79097629478516e-09
0.810000001860286
0.153900000353454
0.0292410000671563
0.81555579001276
0.154955600102424
0.0294415640194606
0.00559389716369752
0.00106284046110253
0.00020193968760948
3.83685406458012e-05
7.29002272270223e-06
1.38510431731342e-06
0.81000026316982
0.963900050002266
0.18314100950043
0.0347967918050818
0.00661139044296554
0.00125616418416345
0.000238671194991056
4.53475270483006e-05
0.810008616030139
0.963901637045727
0.183141311038688
0.0347968490973507
0.00661140132849663
0.00125616625241436
0.000238671587958728
4.53476017121584e-05
8.61604432531009e-06
1.63704842180892e-06
3.11039200143694e-07
5.90974480273019e-08
1.12285151251873e-08
2.1334178737856e-09
4.05349396019263e-10
7.701638524366e-11
1.46331131962954e-11
2.78029150729612e-12
5.28255386386263e-13
1.0036852341339e-13
1.90700194485441e-14
3.62330369522338e-15
6.88427702092441e-16
1.30801263397564e-16
2.48522400455371e-17
0.81
0.1539
2.459241
1.27725579
0.2426786001
1.666108934019
0.31656069746361
0.0601465325180859
0.0114278411784363
0.812171289823903
0.964312545066542
0.183219383562643
0.0348116828769021
0.0066142197466114
0.00125670175185617
0.000238773332852671
4.53669332420076e-05
8.61971731598144e-06
1.63774629003647e-06
3.1117179510693e-07
5.91226410703166e-08
1.12333018033602e-08
2.13432734263843e-09
4.05522195101301e-10
7.70492170692472e-11
1.4639351243157e-11
2.78147673619982e-12
0.810000000000529
0.1539000000001
0.0292410000000191
0.00555579000000362
0.811055600100001
0.964100564019
0.18317910716361
0.0348040303610859
0.00661276576860632
0.811256425496035
0.154138720844247
0.0292863569604069
0.815564407822477
0.154957237486271
0.0294418751223914
0.00559395627325437
0.00106285169191833
0.810201941821465
0.153938368946078
0.0292482900997548
0.00555717511895342
0.00105586327260115
0.000200614021794218
3.81166641409015e-05
7.24216618677128e-06
1.37601157548654e-06
2.61442199342443e-07
4.96740178750642e-08
9.43806339626219e-09
1.79323204528982e-09
3.40714088605065e-10
6.47356768349623e-11
1.22997785986428e-11
2.33695793374214e-12
4.44022007411006e-13
8.43641814080911e-14
1.60291944675373e-14
3.04554694883209e-15
5.78653920278097e-16
1.09944244852838e-16
0.81
0.1539
0.029241
0.00555579
0.8110556001
0.154100564019
0.02927910716361
0.815563030361086
0.964956975768606
0.183341825396035
0.0348349468252467
0.00661863989679687
0.0012575415803914
0.000238932900274367
4.53972510521297e-05
8.62547769990463e-06
0.810001638840763
0.153900311379745
0.0292410591621515
0.00555580124080879
0.00105560223575367
0.000200564424793197
3.81072407107075e-05
7.24037573503441e-06
1.37567138965654e-06
2.61377564034742e-07
4.9661737166601e-08
9.43573006165419e-09
1.7927887117143e-09
0.81000000034063
0.15390000006472
0.0292410000122967
0.00555579000233638
0.00105560010044391
0.000200564019084343
3.81071636260252e-05
7.24036108894478e-06
1.37566860689951e-06
2.61377035310906e-07
4.96616367090722e-08
9.43571097472371e-09
1.79278508519751e-09
3.40629166187526e-10
6.47195415756299e-11
1.22967128993697e-11
2.33637545088024e-12
4.43911335667245e-13
8.43431537767765e-14
1.60251992175875e-14
3.04478785134163e-15
5.7850969175491e-16
1.09916841433433e-16
2.08841998723522e-17
3.96799797574692e-18
0.81
0.1539
0.029241
0.00555579
0.0010556001
0.000200564019
3.81071636099999e-05
7.24036108589998e-06
1.375668606321e-06
2.61377035200989e-07
4.9661636688188e-08
9.43571097075571e-09
1.79278508444358e-09
3.40629166044281e-10
6.47195415484134e-11
1.22967128941985e-11
2.33637544989772e-12
4.43911335480567e-13
8.43431537413077e-14
1.60251992108485e-14
3.04478785006121e-15
5.78509691511629e-16
1.09916841387209e-16
2.08841998635698e-17
3.96799797407826e-18
7.53919615074869e-19
1.43244726864225e-19
2.72164981042028e-20
5.17113463979852e-21
9.82515581561719e-22
1.86677960496727e-22
3.5468812494378e-23
6.73907437393183e-24
1.28042413104705e-24
2.43280584898939e-25
4.62233111307984e-26
0.81
0.1539
0.029241
0.00555579
0.0010556001
0.000200564019
3.81071636099999e-05
7.24036108589998e-06
1.375668606321e-06
2.61377035200989e-07
4.9661636688188e-08
9.43571097075571e-09
1.79278508444358e-09
3.40629166044281e-10
6.47195415484134e-11
1.22967128941985e-11
2.33637544989772e-12
0.810000000000444
0.963900000000084
0.183141000000016
0.034796790000003
0.00661139010000057
0.00125616411900011
0.000238671182610021
0.810045347524696
0.153908616029692
0.0292426370456415
0.00555610103867189
0.00105565919734766
0.000200575247496055
0.810038109297024
0.153907240766435
0.839242375745623
0.159456051391668
0.030296649764417
0.815756363455239
0.154993709056495
0.0294488047207341
0.00559527289693948
0.0010631018504185
0.000201989351579515
3.83779768001079e-05
0.810007291815592
0.153901385444962
0.0292412632345429
0.815555840014563
0.964955609602767
0.183341565824526
0.0348348975066599
0.816618630526265
0.15515753979999
0.0294799325619982
0.00560118718677965
0.00106422556548813
0.000202202857442745
3.84185429141216e-05
7.2995231536831e-06
0.810001386909399
0.153900263512786
0.0292410500674293
0.815555799512812
0.154955601907434
0.0294415643624125
2.43559389722886
0.462762840473483
0.0879249396899617
0.0167057385410927
0.00317409032280762
0.000603077161333447
0.810114584660653
0.153921771085524
0.0292451365062496
0.00555657593618742
0.00105574942787561
0.810200592391296
0.153938112554346
0.839248241385326
1.77945716586321
1.95809686151401
0.372038403687662
0.0706872967006557
0.0134305863731246
0.00255181141089367
0.000484844168069797
0.810092120391933
0.153917502874467
0.0292443255461488
0.00555642185376827
0.00105572015221597
0.810200586828921
0.153938111497495
0.839248241184524
0.96945716582506
0.184196861506761
0.0349974036862846
0.00664950670039408
0.00126340627307487
0.000240047191884226
4.56089664580029e-05
8.66570362702056e-06
1.64648368913391e-06
3.12831900935442e-07
5.94380611777339e-08
1.12932316237694e-08
0.810000002145714
0.153900000407686
0.0292410000774603
0.00555579001471745
0.00105560010279631
0.0002005640195313
3.81071637109469e-05
7.24036110507992e-06
0.81000137566861
0.153900261377036
0.0292410496616368
0.815555799435711
0.154955601892785
0.0294415643596291
0.00559389722832954
0.00106284047338261
0.000201939689942696
3.83685410891123e-05
7.29002280693133e-06
1.38510433331695e-06
2.63169823330221e-07
0.810000050002266
0.963900009500431
0.183141001805082
0.0347967903429655
0.00661139016516345
0.00125616413138105
0.810238671184962
0.153945347525143
0.0292496160297771
0.00555742704565765
0.811055911138675
0.154100623116348
0.0292791183921061
0.8155630324945
0.154956976173955
0.0294418254730514
0.00559394683987977
0.00106284989957716
0.81020194148092
0.153938368881375
0.0292482900874612
0.815557175116618
0.154955863272157
0.83944161402171
0.159493906664125
0.0303038422661837
0.0057577300305749
0.00109396870580923
0.000207854054103754
3.94922702797132e-05
7.50353135314551e-06
1.42567095709765e-06
2.70877481848553e-07
5.1466721551225e-08
9.77867709473275e-09
0.810000001857949
0.15390000035301
0.0292410000670719
0.00555579001274367
0.0010556001024213
0.81020056401946
0.153938107163697
0.0292482403611025
0.00555716566860947
0.0010558614770358
0.000200613680636802
3.81165993209923e-05
7.24215387098854e-06
1.37600923548782e-06
2.61441754742686e-07
4.96739334011104e-08
9.43804734621097e-09
0.810000001793229
0.153900000340713
0.0292410000647355
0.00555579001229975
0.00105560010233695
0.000200564019444021
3.8107163694364e-05
7.24036110192915e-06
1.37566860936654e-06
2.61377035779642e-07
4.9661636798132e-08
0.810000009435711
0.963900001792785
0.183141000340629
0.0347967900647195
0.00661139011229671
0.811256164121336
0.154138671183054
0.0292863475247802
0.00556440602970824
0.00105723714564457
0.000200875057672467
3.81662609577688e-05
7.25158958197607e-06
1.37780202057545e-06
2.61782383909336e-07
4.97386529427738e-08
0.810000009450344
0.153900001795565
0.839241000341157
0.15945579006482
0.840296600112316
0.15965635402134
0.840334707264055
0.15966359438017
0.0303360829322324
0.00576385575712415
0.00109513259385359
0.000208075192832182
3.95342866381145e-05
7.51151446124175e-06
1.42718774763593e-06
2.71165672050827e-07
5.15214776896571e-08
9.78908076103485e-09
1.85992534459662e-09
3.53385815473358e-10
6.7143304939938e-11
1.27572279385882e-11
2.42387330833176e-12
4.60535928583034e-13
8.75018264307765e-14
1.66253470218475e-14
3.15881593415103e-15
6.00175027488695e-16
1.14033255222852e-16
2.16663184923419e-17
4.11660051354496e-18
7.82154097573542e-19
1.48609278538973e-19
2.82357629224048e-20
5.36479495525692e-21
1.01931104149881e-21
1.93669097884775e-22
3.67971285981072e-23
6.99145443364036e-24
0.81
0.9639
0.183141
0.03479679
0.00661139009999999
0.001256164119
0.00023867118261
4.53475246958999e-05
8.61602969222098e-06
1.63704564152199e-06
3.11038671889177e-07
5.90973476589437e-08
1.12284960551993e-08
2.13341425048787e-09
4.05348707592694e-10
7.70162544426119e-11
1.46330883440963e-11
2.78028678537829e-12
5.28254489221875e-13
1.00368352952156e-13
1.90699870609097e-14
3.62329754157283e-15
6.88426532898838e-16
1.30801041250779e-16
2.48521978376481e-17
4.72191758915313e-18
8.97164341939094e-19
1.70461224968428e-19
3.23876327440013e-20
6.15365022136024e-21
1.16919354205845e-21
2.22146772991105e-22
4.22078868683099e-23
8.01949850497887e-24
1.52370471594599e-24
2.89503896029737e-25
5.500574024565e-26
1.04510906466735e-26
1.98570722286797e-27
3.77284372344913e-28
7.16840307455335e-29
1.36199658416514e-29
2.58779350991376e-30
4.91680766883614e-31
9.34193457078866e-32
1.77496756844985e-32
3.3724383800547e-33
6.40763292210394e-34
1.21745025519975e-34
2.31315548487952e-35
0.81
0.1539
0.029241
0.00555579
0.0010556001
0.000200564019
3.81071636099999e-05
7.24036108589998e-06
1.375668606321e-06
2.61377035200989e-07
4.9661636688188e-08
9.43571097075571e-09
1.79278508444358e-09
3.40629166044281e-10
6.47195415484134e-11
1.22967128941985e-11
0.810000000002336
0.153900000000444
0.839241000000084
0.159455790000016
0.030296600100003
0.00575635401900057
0.00109370726361011
0.000207804380085921
3.94828322163249e-05
7.50173812110173e-06
1.42533024300933e-06
2.70812746171772e-07
0.810000051454422
0.15390000977634
0.0292410018575046
0.00555579035292587
0.00105560016705592
0.000200564031740624
3.81071660307185e-05
7.24036154583652e-06
1.37566869370894e-06
2.61377051804698e-07
4.96616398428927e-08
9.4357115701496e-09
0.810000001792785
0.963900000340629
0.18314100006472
1.6547967900123
0.314411390102336
0.869738164119444
0.165250251182694
0.0313975477247119
0.00596553406769526
0.0011334514728621
0.000215355779843799
4.09175981703218e-05
7.77434365236113e-06
0.810001477125294
0.153900280653806
0.839241053324223
0.969455800131602
0.994196602025004
0.188897354384751
0.845890497333103
1.78071919449329
1.14833664695373
0.218183962921208
0.0414549529550295
0.817876441061456
0.155396523801677
0.0295253395223185
0.00560981450924052
0.0010658647567557
0.000202514303783583
3.84777177188807e-05
7.31076636658733e-06
1.38904560965159e-06
2.63918665833802e-07
5.01445465084224e-08
9.52746383660026e-09
1.81021812895405e-09
3.43941444501269e-10
0.810000000065349
0.153900000012416
0.0292410000023591
0.00555579000044822
1.62105560010009
0.308000564019016
0.058520107163613
0.0111188203610865
0.00211257586860643
0.000401389415035222
7.62639888566921e-05
1.44901578827715e-05
0.810002753129998
0.1539005230947
0.0292410993879929
0.00555580888371865
0.811055603687907
0.154100564700702
0.0292791072931334
0.00556303038569535
1.62105697577328
0.308000825396924
0.0585201568254155
0.821118829796829
0.966012577661397
0.993542389755666
0.188773054053576
0.0358668802701795
0.0068147072513341
0.00129479437775348
0.810246010931773
0.153946742077037
0.029249880994637
0.00555747738898103
0.811055920703906
0.154100624933742
0.029279118737411
0.00556303256010809
0.811056976186421
0.15410082547542
0.0292791568403298
0.00556303979966265
0.0010569775619359
0.000200825736767822
3.81568899858861e-05
7.24980909731836e-06
1.37746372849049e-06
2.61718108413193e-07
0.810000049726441
0.153900009448024
0.0292410017951245
0.00555579034107365
0.811055600164804
0.964100564031313
0.183179107165949
0.0348040303615304
0.00661276576869077
0.811256425496051
0.15413872084425
0.0292863569604074
0.00556440782247741
0.811057237486271
0.964100875122391
0.183179166273254
0.844804041591918
0.160512767902464
0.0304974259014682
0.815794510921279
0.155000957075043
0.0294501818442582
0.00559553455040905
0.00106315156457772
0.000201998797269767
0.810038379771481
0.153907292156581
0.0292423855097505
0.815556053246853
0.964955650116902
0.183341573522211
0.0348348989692201
0.00661863080415183
0.811257539852789
0.15413893257203
0.839286397188686
0.15946441546585
0.0302982389385115
0.00575666539831719
0.00109376642568027
0.00020781562087925
3.94849679670576e-05
7.50214391374094e-06
1.42540734361078e-06
2.70827395286048e-07
1.62000005145721
0.307800009776869
0.0584820018576051
0.011111580352945
0.00211120026705954
0.000401128050741313
7.62143296408494e-05
1.44807226317614e-05
2.75133730003466e-06
0.810000522754087
0.963900099323277
0.183141018871423
0.0347967935855703
0.816611390781258
0.155156164248439
0.0294796712072034
0.00560113752936865
0.00106421613058004
0.000202201064810208
3.84182023139395e-05
0.81000729945844
0.153901386897104
0.0292412635104497
0.00555584006698543
0.811055609612727
