0
0
0
0
0
0
0
0
0
0
0
0
0
0.92
0.0736
0.00588799999999999
0.000471039999999999
3.76831999999999e-05
3.01465599999999e-06
2.41172479999999e-07
1.92937983999999e-08
1.54350387199999e-09
1.23480309759999e-10
9.87842478079995e-12
7.90273982463996e-13
6.32219185971196e-14
5.05775348776957e-15
4.04620279021565e-16
3.23696223217252e-17
2.58956978573802e-18
2.07165582859041e-19
1.65732466287233e-20
1.32585973029786e-21
1.06068778423829e-22
8.48550227390631e-24
6.78840181912504e-25
5.43072145530003e-26
4.34457716424002e-27
3.47566173139202e-28
2.78052938511361e-29
2.22442350809089e-30
1.77953880647271e-31
1.42363104517817e-32
1.13890483614253e-33
9.11123868914026e-35
7.2889909513122e-36
5.83119276104976e-37
4.66495420883981e-38
3.73196336707184e-39
2.98557069365747e-40
2.38845655492598e-41
1.91076524394078e-42
1.52861219515262e-43
1.2228897561221e-44
9.78311804897678e-46
7.82649443918142e-47
6.26119555134513e-48
5.00895644107611e-49
4.00716515286088e-50
3.2057321222887e-51
2.56458569783096e-52
2.05166855826477e-53
1.64133484661181e-54
1.31306787728945e-55
1.05045430183156e-56
8.40363441465248e-58
6.72290753172198e-59
5.37832602537758e-60
4.30266082030206e-61
3.44212865624165e-62
2.75370292499332e-63
2.20296233999465e-64
1.76236987199572e-65
1.40989589759658e-66
1.12791671807726e-67
9.02333374461808e-69
7.21866699569446e-70
5.77493359655556e-71
4.61994687724445e-72
3.69595750179556e-73
2.95676600143644e-74
2.36541280114915e-75
1.89233024091932e-76
1.51386419273546e-77
1.21109135418837e-78
9.68873083350692e-80
7.75098466680553e-81
6.20078773344442e-82
4.96063018675553e-83
3.96850414940442e-84
3.17480331952354e-85
2.53984265561883e-86
2.03187412449506e-87
1.62549929959605e-88
1.30039943967684e-89
1.04031955174147e-90
8.32255641393176e-92
6.65804513114541e-93
5.32643610491632e-94
4.26114888393306e-95
3.40891910714644e-96
2.72713528571715e-97
2.18170822857372e-98
1.74536658285898e-99
1.39629326628718e-100
1.11703461302974e-101
8.93627690423795e-103
7.14902152339035e-104
5.71921721871228e-105
4.57537377496982e-106
3.66029901997586e-107
2.92823921598068e-108
2.34259137278455e-109
1.87407309822764e-110
0.92
0.0736
0.00588799999999999
0.000471039999999999
3.76831999999999e-05
3.01465599999999e-06
2.41172479999999e-07
1.92937983999999e-08
1.54350387199999e-09
0.92000000012348
0.0736000000098784
0.00588800000079027
0.000471040000063221
3.76832000050577e-05
0.920003014656
0.07360024117248
0.0058880192937984
0.000471041543503871
3.76833234803097e-05
3.01466587842477e-06
2.41173270273982e-07
1.92938616219185e-08
0.920000001543509
0.0736000001234807
0.00588800000987845
0.000471040000790276
0.920037683200063
0.993603014656005
0.0794882411724804
0.00635905929379843
0.000508724743503874
4.06979794803099e-05
3.25583835842479e-06
0.920000260467069
0.0736000208373655
0.00588800166698923
0.000471040133359138
3.76832106687311e-05
0.920003014656854
0.0736002411725483
0.00588801929380386
0.000471041543504308
3.76833234803446e-05
3.01466587842757e-06
2.41173270274206e-07
1.92938616219364e-08
1.54350892975491e-09
1.23480714380393e-10
9.87845715043144e-12
7.90276572034515e-13
6.32221257627612e-14
5.05777006102089e-15
4.04621604881671e-16
3.23697283905337e-17
2.58957827124269e-18
2.07166261699415e-19
1.65733009359532e-20
1.32586407487626e-21
1.060691259901e-22
1.84
0.1472
0.931776
0.07454208
0.00596336639999999
0.000477069311999999
3.81655449599999e-05
3.05324359679999e-06
2.44259487743999e-07
1.95407590195199e-08
0.920000001563261
0.0736000001250608
0.00588800001000486
0.000471040000800389
3.76832000640311e-05
3.01465600512248e-06
0.92000024117248
0.0736000192937984
0.00588800154350387
0.000471040123480309
3.76832098784247e-05
3.01465679027398e-06
2.41172543221918e-07
1.92938034577534e-08
1.54350427662027e-09
0.92000000012348
0.0736000000098784
0.00588800000079027
0.920471040000063
0.073637683200005
0.0058910146560004
0.000471281172480032
0.920037702493798
0.0736030161995038
0.0058882412959603
0.000471059303676824
0.920037684744294
0.0736030147795435
0.00588824118236348
0.000471059294589078
3.76847435671262e-05
0.920003014779485
0.0736002411823588
0.0058880192945887
0.000471041543567096
0.920037683323485
0.0736030146658788
0.92588824117327
0.0740710592938616
0.00592568474350892
0.000474054779480714
3.79243823584571e-05
3.03395058867656e-06
2.42716047094125e-07
0.920000019417284
0.993600001553383
0.0794880001242706
0.00635904000994164
0.000508723200795331
4.06978560636265e-05
3.25582848509012e-06
2.60466278807209e-07
2.08373023045767e-08
0.920000001666984
0.993600000133359
0.0794880000106686
0.00635904000085349
0.000508723200068279
4.06978560054623e-05
3.25582848043698e-06
0.920000260466278
0.0736000208373022
0.00588800166698418
0.000471040133358734
3.76832106686987e-05
3.01465685349589e-06
2.41172548279671e-07
1.92938038623737e-08
1.5435043089899e-09
0.92000000012348
0.0736000000098784
0.00588800000079027
0.000471040000063221
3.76832000050577e-05
3.01465600040461e-06
2.41172480032369e-07
1.92937984025895e-08
1.54350387220716e-09
1.23480309776573e-10
0.920000000009878
0.0736000000007902
0.00588800000006322
0.000471040000005057
3.76832000004045e-05
3.01465600003236e-06
2.41172480002589e-07
1.92937984002071e-08
0.920000001543504
0.0736000001234803
0.00588800000987842
0.000471040000790273
3.76832000632218e-05
3.01465600505775e-06
2.4117248040462e-07
0.920000019293798
0.0736000015435038
0.0058880001234803
0.000471040009878424
3.76832007902739e-05
3.01465606322191e-06
2.41172485057753e-07
1.92937988046202e-08
1.54350390436962e-09
1.23480312349569e-10
9.87842498796553e-12
7.90273999037242e-13
6.32219199229794e-14
5.05775359383835e-15
4.04620287507068e-16
3.23696230005654e-17
2.58956984004523e-18
0.92
0.0736
0.00588799999999999
0.000471039999999999
3.76831999999999e-05
3.01465599999999e-06
2.41172479999999e-07
1.92937983999999e-08
1.54350387199999e-09
1.23480309759999e-10
9.87842478079995e-12
7.90273982463996e-13
6.32219185971196e-14
5.05775348776957e-15
4.04620279021565e-16
3.23696223217252e-17
2.58956978573802e-18
2.07165582859041e-19
1.65732466287233e-20
1.32585973029786e-21
1.06068778423829e-22
8.48550227390631e-24
6.78840181912504e-25
5.43072145530003e-26
4.34457716424002e-27
3.47566173139202e-28
2.78052938511361e-29
2.22442350809089e-30
1.77953880647271e-31
1.42363104517817e-32
0.92
0.0736
0.00588799999999999
0.000471039999999999
3.76831999999999e-05
3.01465599999999e-06
2.41172479999999e-07
1.92937983999999e-08
1.54350387199999e-09
1.23480309759999e-10
9.87842478079995e-12
7.90273982463996e-13
0.920000000000063
0.073600000000005
0.0058880000000004
0.000471040000000032
3.76832000000025e-05
3.0146560000002e-06
0.92000024117248
0.0736000192937984
0.00588800154350387
0.000471040123480309
3.76832098784247e-05
3.01465679027398e-06
2.41172543221918e-07
1.92938034577534e-08
1.54350427662027e-09
1.23480342129622e-10
9.87842737036974e-12
7.90274189629579e-13
6.32219351703663e-14
5.0577548136293e-15
4.04620385090344e-16
3.23696308072275e-17
2.5895704645782e-18
2.07165637166256e-19
1.65732509733004e-20
1.32586007786403e-21
1.06068806229123e-22
8.48550449832981e-24
6.78840359866385e-25
5.43072287893108e-26
4.34457830314486e-27
3.47566264251588e-28
2.78053011401271e-29
2.22442409121016e-30
1.77953927296813e-31
0.92
0.0736
0.00588799999999999
0.000471039999999999
3.76831999999999e-05
3.01465599999999e-06
2.41172479999999e-07
1.92937983999999e-08
1.54350387199999e-09
1.23480309759999e-10
9.87842478079995e-12
7.90273982463996e-13
6.32219185971196e-14
5.05775348776957e-15
4.04620279021565e-16
3.23696223217252e-17
0.92
0.0736
0.00588799999999999
0.000471039999999999
3.76831999999999e-05
3.01465599999999e-06
2.41172479999999e-07
1.92937983999999e-08
1.54350387199999e-09
1.23480309759999e-10
9.87842478079995e-12
7.90273982463996e-13
6.32219185971196e-14
0.920000000000005
0.0736000000000004
0.00588800000000003
0.000471040000000002
3.76832000000001e-05
3.01465600000001e-06
2.41172480000001e-07
0.920000019293798
0.0736000015435038
0.0058880001234803
0.000471040009878424
3.76832007902739e-05
3.01465606322191e-06
2.41172485057753e-07
1.92937988046202e-08
1.54350390436962e-09
1.23480312349569e-10
9.87842498796553e-12
7.90273999037242e-13
6.32219199229794e-14
5.05775359383835e-15
4.04620287507068e-16
3.23696230005654e-17
0.92
0.0736
0.00588799999999999
0.000471039999999999
3.76831999999999e-05
3.01465599999999e-06
2.41172479999999e-07
0.920000019293798
1.9136000015435
0.15308800012348
0.0122470400098784
0.000979763200790272
0.920078381056063
0.073606270484485
0.0058885016387588
0.920471080131101
0.993637686410488
0.079491014912839
0.926359281193027
0.0741087424954421
0.00592869939963537
0.000474295951970829
3.79436761576663e-05
1.84000303549409
0.147200242839527
0.0117760194271622
0.000942081554172974
7.53665243338379e-05
6.02932194670703e-06
4.82345755736562e-07
3.85876604589249e-08
3.08701283671399e-09
2.46961026937119e-10
1.97568821549695e-11
1.58055057239756e-12
1.26444045791805e-13
1.01155236633444e-14
8.09241893067551e-16
6.4739351445404e-17
5.17914811563232e-18
4.14331849250585e-19
3.31465479400468e-20
2.65172383520374e-21
2.12137906816299e-22
1.69710325453039e-23
1.35768260362431e-24
0.92
0.0736
0.00588799999999999
0.000471039999999999
3.76831999999999e-05
3.01465599999999e-06
2.41172479999999e-07
1.92937983999999e-08
1.54350387199999e-09
0.92000000012348
0.0736000000098784
0.92588800000079
0.0740710400000632
0.00592568320000505
0.000474054656000404
3.79243724800323e-05
3.03394979840258e-06
2.42715983872206e-07
1.94172787097765e-08
1.55338229678212e-09
1.2427058374257e-10
9.94164669940556e-12
7.95331735952444e-13
6.36265388761955e-14
5.09012311009564e-15
0.92
0.0736
0.005888
0.00047104
0.9200376832
0.073603014656
0.00588824117247999
0.000471059293798399
3.76847435038719e-05
3.01477948030975e-06
2.4118235842478e-07
0.920000019294589
0.0736000015435671
0.00588800012348536
0.000471040009878829
3.76832007903063e-05
3.0146560632245e-06
2.4117248505796e-07
1.92937988046368e-08
1.54350390437094e-09
0.92000000012348
0.993600000009878
0.0794880000007902
0.00635904000006322
0.920508723200005
0.0736406978560004
0.00589125582848003
0.000471300466278402
3.77040373022721e-05
3.01632298418177e-06
2.41305838734541e-07
1.93044670987633e-08
1.54435736790106e-09
1.23548589432085e-10
0.920000000009884
0.0736000000007907
0.00588800000006325
0.00047104000000506
3.76832000004048e-05
0.920003014656
0.07360024117248
0.00588801929379839
0.000471041543503871
3.76833234803097e-05
3.01466587842477e-06
0.92000024117327
0.993600019293862
0.0794880015435089
0.926359040123481
0.0741087232098784
0.00592869785679027
0.000474295828543221
3.79436662834577e-05
3.03549330267661e-06
2.42839464214129e-07
1.94271571371303e-08
1.55417257097042e-09
1.24333805677634e-10
9.9467044542107e-12
7.95736356336856e-13
6.36589085069484e-14
5.09271268055587e-15
4.0741701444447e-16
3.25933611555575e-17
2.6074688924446e-18
2.08597511395568e-19
1.66878009116454e-20
1.33502407293163e-21
1.06801925834531e-22
8.54415406676245e-24
6.83532325340996e-25
5.46825860272796e-26
0.92
0.0736
0.00588799999999999
0.000471039999999999
3.76831999999999e-05
3.01465599999999e-06
2.41172479999999e-07
1.92937983999999e-08
1.54350387199999e-09
1.23480309759999e-10
9.87842478079995e-12
7.90273982463996e-13
6.32219185971196e-14
0.920000000000005
0.0736000000000004
0.925888
0.07407104
0.00592568319999999
0.000474054655999999
3.79243724799999e-05
3.03394979839999e-06
2.42715983871999e-07
1.94172787097599e-08
1.55338229678079e-09
1.24270583742463e-10
9.94164669939707e-12
7.95331735951765e-13
0.920000000000064
0.0736000000000051
0.0058880000000004
0.000471040000000032
3.76832000000025e-05
3.0146560000002e-06
2.41172480000016e-07
1.92937984000013e-08
1.5435038720001e-09
1.23480309760008e-10
9.87842478080063e-12
7.9027398246405e-13
6.3221918597124e-14
5.05775348776992e-15
4.04620279021593e-16
3.23696223217274e-17
2.58956978573819e-18
2.07165582859055e-19
1.65732466287244e-20
1.32585973029795e-21
1.06068778423836e-22
8.48550227390689e-24
6.78840181912551e-25
5.4307214553004e-26
4.34457716424032e-27
3.47566173139225e-28
2.7805293851138e-29
2.22442350809104e-30
1.77953880647283e-31
1.42363104517826e-32
1.13890483614261e-33
9.11123868914089e-35
7.28899095131271e-36
5.83119276105016e-37
4.66495420884013e-38
3.7319633670721e-39
2.98557069365768e-40
2.38845655492614e-41
1.91076524394091e-42
1.52861219515273e-43
1.22288975612218e-44
9.78311804897745e-46
0.92
0.0736
0.925888
0.07407104
0.00592568319999999
0.000474054655999999
3.79243724799999e-05
3.03394979839999e-06
2.42715983871999e-07
1.94172787097599e-08
1.55338229678079e-09
1.24270583742463e-10
9.94164669939707e-12
7.95331735951765e-13
6.36265388761412e-14
5.09012311009129e-15
4.07209848807303e-16
3.25767879045842e-17
2.60614303236674e-18
2.08491442589339e-19
1.66793154071471e-20
1.33434523257177e-21
1.06747618605741e-22
8.5398094884593e-24
6.83184759076744e-25
5.46547807261395e-26
4.37238245809116e-27
3.49790596647292e-28
2.79832477317834e-29
2.23865981854267e-30
1.79092785483413e-31
1.43274228386731e-32
1.14619382709384e-33
9.16955061675075e-35
7.3356404934006e-36
5.86851239472048e-37
4.69480991577638e-38
3.7558479326211e-39
3.00467834609688e-40
2.4037426768775e-41
1.922994141502e-42
1.5383953132016e-43
1.23071625056128e-44
9.84573000449023e-46
7.87658400359218e-47
6.30126720287374e-48
5.04101376229899e-49
4.03281100983919e-50
3.22624880787135e-51
2.58099904629708e-52
2.06479923703766e-53
1.65183938963013e-54
1.3214715117041e-55
1.05717720936328e-56
8.45741767490625e-58
6.76593413992499e-59
5.41274731193999e-60
4.33019784955199e-61
3.46415827964159e-62
1.84
0.1472
0.011776
0.000942079999999999
0.9200753664
0.073606029312
0.00588848234496
0.000471078587596799
3.76862870077439e-05
3.01490296061951e-06
0.920000241192237
0.0736000192953789
0.00588800154363031
0.000471040123490425
0.920037683209879
0.0736030146567903
0.00588824117254322
0.000471059293803457
0.920037684743504
0.0736030147794803
0.00588824118235842
0.000471059294588674
3.76847435670939e-05
3.01477948536751e-06
0.920000241182359
0.0736000192945887
0.00588800154356709
0.920471040123485
0.0736376832098788
0.0058910146567903
0.000471281172543224
3.77024938034579e-05
3.01619950427663e-06
2.4129596034213e-07
1.93036768273704e-08
1.54429414618963e-09
1.2354353169517e-10
9.88348253561363e-12
7.9067860284909e-13
0.920000000000063
0.073600000000005
0.0058880000000004
0.000471040000000032
3.76832000000025e-05
3.0146560000002e-06
2.41172480000016e-07
1.92937984000013e-08
1.5435038720001e-09
1.23480309760008e-10
9.87842478080063e-12
7.9027398246405e-13
6.3221918597124e-14
5.05775348776991e-15
4.04620279021593e-16
3.23696223217274e-17
2.58956978573819e-18
0.92
0.0736
0.00588799999999999
0.000471039999999999
3.76831999999999e-05
3.01465599999999e-06
2.41172479999999e-07
1.92937983999999e-08
1.54350387199999e-09
0.92000000012348
0.993600000009878
0.0794880000007902
0.00635904000006322
0.000508723200005057
4.06978560004045e-05
0.92000325582848
0.0736002604662784
0.00588802083730227
0.000471041666984181
3.76833333587345e-05
3.01466666869876e-06
0.920000241173334
0.0736000192938666
0.00588800154350933
0.000471040123480746
3.76832098784597e-05
3.01465679027677e-06
2.41172543222142e-07
1.92938034577713e-08
1.5435042766217e-09
0.92000000012348
0.0736000000098784
0.00588800000079027
0.000471040000063221
3.76832000050577e-05
3.01465600040461e-06
2.41172480032369e-07
1.8400000192938
0.147200001543504
0.0117760001234803
0.000942080009878423
7.53664007902738e-05
6.0293120632219e-06
4.82344965057752e-07
3.85875972046201e-08
3.08700777636961e-09
0.920000000246961
0.0736000000197568
0.00588800000158054
0.000471040000126443
3.76832000101154e-05
0.920003014656001
0.07360024117248
0.0058880192937984
0.000471041543503872
3.76833234803097e-05
3.01466587842478e-06
2.41173270273982e-07
1.92938616219185e-08
1.54350892975348e-09
1.23480714380279e-10
0.920000000009878
0.0736000000007902
0.00588800000006322
0.000471040000005057
3.76832000004045e-05
3.01465600003236e-06
2.41172480002589e-07
1.92937984002071e-08
1.54350387201657e-09
1.23480309761325e-10
9.87842478090602e-12
7.90273982472481e-13
6.32219185977985e-14
0.920000000000005
0.9936
0.999488
0.07995904
0.00639672319999999
0.000511737855999999
4.09390284799999e-05
3.27512227839999e-06
2.62009782271999e-07
2.09607825817599e-08
1.67686260654079e-09
1.34149008523263e-10
0.920000000010732
0.0736000000008585
0.00588800000006868
0.000471040000005494
3.76832000004395e-05
3.01465600003516e-06
2.41172480002813e-07
1.9293798400225e-08
1.543503872018e-09
1.2348030976144e-10
9.87842478091518e-12
7.90273982473214e-13
6.32219185978571e-14
5.05775348782857e-15
4.04620279026285e-16
3.23696223221028e-17
2.58956978576822e-18
0.92
0.0736
0.00588799999999999
0.000471039999999999
3.76831999999999e-05
3.01465599999999e-06
2.41172479999999e-07
1.92937983999999e-08
1.54350387199999e-09
1.23480309759999e-10
9.87842478079995e-12
7.90273982463996e-13
6.32219185971196e-14
5.05775348776957e-15
4.04620279021565e-16
3.23696223217252e-17
2.58956978573802e-18
2.07165582859041e-19
1.65732466287233e-20
1.32585973029786e-21
1.06068778423829e-22
8.48550227390631e-24
6.78840181912504e-25
5.43072145530003e-26
4.34457716424002e-27
3.47566173139202e-28
2.78052938511361e-29
2.22442350809089e-30
1.77953880647271e-31
1.42363104517817e-32
1.13890483614253e-33
9.11123868914026e-35
7.2889909513122e-36
5.83119276104976e-37
4.66495420883981e-38
3.73196336707184e-39
2.98557069365747e-40
2.38845655492598e-41
1.91076524394078e-42
1.52861219515262e-43
1.2228897561221e-44
9.78311804897678e-46
7.82649443918142e-47
6.26119555134513e-48
5.00895644107611e-49
4.00716515286088e-50
3.2057321222887e-51
2.56458569783096e-52
2.05166855826477e-53
1.64133484661181e-54
1.31306787728945e-55
1.05045430183156e-56
8.40363441465248e-58
6.72290753172198e-59
5.37832602537758e-60
4.30266082030206e-61
3.44212865624165e-62
2.75370292499332e-63
2.20296233999465e-64
1.76236987199572e-65
1.40989589759658e-66
1.12791671807726e-67
9.02333374461808e-69
7.21866699569446e-70
5.77493359655556e-71
4.61994687724445e-72
3.69595750179556e-73
2.95676600143644e-74
2.36541280114915e-75
1.89233024091932e-76
1.51386419273546e-77
1.21109135418837e-78
9.68873083350692e-80
7.75098466680553e-81
6.20078773344442e-82
4.96063018675553e-83
3.96850414940442e-84
3.17480331952354e-85
2.53984265561883e-86
2.03187412449506e-87
1.62549929959605e-88
1.30039943967684e-89
1.04031955174147e-90
8.32255641393176e-92
6.65804513114541e-93
5.32643610491632e-94
4.26114888393306e-95
3.40891910714644e-96
2.72713528571715e-97
2.18170822857372e-98
1.74536658285898e-99
1.39629326628718e-100
1.11703461302974e-101
8.93627690423795e-103
7.14902152339035e-104
5.71921721871228e-105
4.57537377496982e-106
3.66029901997586e-107
2.92823921598068e-108
2.34259137278455e-109
1.87407309822764e-110
1.49925847858211e-111
1.19940678286569e-112
9.59525426292548e-114
7.67620341034038e-115
6.1409627282723e-116
4.91277018261784e-117
3.93021614609427e-118
3.14417291687541e-119
2.51533833350033e-120
2.01227066680026e-121
1.60981653344021e-122
1.28785322675217e-123
1.03028258140173e-124
8.24226065121386e-126
0.92
0.0736
0.00588799999999999
0.000471039999999999
3.76831999999999e-05
3.01465599999999e-06
2.41172479999999e-07
1.92937983999999e-08
1.54350387199999e-09
1.23480309759999e-10
9.87842478079995e-12
7.90273982463996e-13
6.32219185971196e-14
5.05775348776957e-15
4.04620279021565e-16
3.23696223217252e-17
0.92
0.9936
0.079488
0.00635903999999999
0.000508723199999999
4.06978559999999e-05
3.25582847999999e-06
0.920000260466278
0.0736000208373022
0.00588800166698418
0.920471040133359
0.0736376832106687
0.925891014656854
0.0740712811725482
0.00592570249380386
0.000474056199504308
3.79244959603446e-05
0.920003033959677
0.0736002427167741
0.00588801941734193
0.000471041553387354
3.76833242709883e-05
3.01466594167906e-06
2.41173275334325e-07
1.9293862026746e-08
0.920000001543509
0.993600000123481
0.0794880000098784
0.00635904000079027
0.000508723200063221
4.06978560050577e-05
3.25582848040461e-06
2.60466278432369e-07
2.08373022745895e-08
1.66698418196716e-09
1.33358734557373e-10
1.06686987645898e-11
0.920000000000854
0.0736000000000682
0.925888000000005
0.0740710400000004
0.00592568320000003
0.000474054656000002
0.92003792437248
0.0736030339497984
0.925888242715984
0.994071059417279
0.0795256847533823
0.00636205478027058
0.000508964382421646
4.07171505937316e-05
3.25737204749853e-06
2.60589763799882e-07
2.08471811039906e-08
0.920000001667775
0.993600000133422
0.0794880000106737
0.00635904000085389
0.000508723200068311
4.06978560054649e-05
3.25582848043719e-06
2.60466278434975e-07
2.0837302274798e-08
1.66698418198384e-09
1.84000000013336
0.147200000010669
0.0117760000008535
0.920942080000068
0.0736753664000054
0.00589402931200043
0.000471522344960034
3.77217875968027e-05
3.01774300774422e-06
0.920000241419441
0.0736000193135552
0.925888001545084
0.0740710401236067
0.00592568320988853
0.000474054656791082
0.920037924372543
0.0736030339498034
0.00588824271598427
0.000471059417278741
0.920037684753382
0.0736030147802706
0.00588824118242164
0.000471059294593731
3.76847435674985e-05
3.01477948539988e-06
2.4118235883199e-07
1.92945887065592e-08
1.54356709652473e-09
1.23485367721979e-10
0.920000000009879
0.0736000000007903
0.00588800000006322
0.920471040000005
0.0736376832000004
0.00589101465600003
0.000471281172480002
3.77024937984001e-05
3.01619950387201e-06
2.41295960309761e-07
1.93036768247808e-08
1.54429414598247e-09
1.23543531678597e-10
9.88348253428778e-12
0.920000000000791
0.0736000000000632
0.00588800000000505
0.000471040000000404
3.76832000000323e-05
3.01465600000258e-06
0.92000024117248
0.0736000192937984
0.925888001543504
0.0740710401234803
0.00592568320987842
0.000474054656790273
0.920037924372543
0.0736030339498034
0.00588824271598427
0.000471059417278741
1.84003768475338
1.06720301478027
1.00537624118242
0.0804300992945937
0.00643440794356749
0.000514752635485399
4.11802108388319e-05
3.29441686710655e-06
2.63553349368524e-07
2.10842679494819e-08
0.920000001686741
0.0736000001349393
0.00588800001079514
0.000471040000863611
0.920037683200069
0.0736030146560055
0.00588824117248044
0.000471059293798435
3.76847435038748e-05
3.01477948030998e-06
2.41182358424798e-07
1.92945886739838e-08
1.54356709391871e-09
1.23485367513497e-10
9.87882940107971e-12
7.90306352086377e-13
6.32245081669101e-14
5.05796065335281e-15
4.04636852268224e-16
0.92
0.0736
0.00588799999999999
0.000471039999999999
3.76831999999999e-05
3.01465599999999e-06
2.41172479999999e-07
1.92937983999999e-08
1.54350387199999e-09
1.23480309759999e-10
9.87842478079995e-12
7.90273982463996e-13
0.920000000000063
0.993600000000005
0.0794880000000004
0.00635904000000003
0.9205087232
0.073640697856
0.00589125582847999
0.000471300466278399
0.920037704037302
0.993603016322984
0.0794882413058387
0.00635905930446709
0.000508724744357367
4.06979795485894e-05
3.25583836388715e-06
2.60467069110972e-07
0.920000020837366
0.0736000016669892
0.00588800013335913
0.00047104001066873
3.76832008534984e-05
3.01465606827987e-06
2.4117248546239e-07
1.92937988369912e-08
1.54350390695929e-09
1.23480312556743e-10
9.87842500453946e-12
7.90274000363156e-13
6.32219200290525e-14
5.05775360232419e-15
4.04620288185935e-16
3.23696230548748e-17
2.58956984438998e-18
2.07165587551199e-19
1.65732470040959e-20
1.32585976032767e-21
1.06068780826213e-22
0.92
0.0736
0.00588799999999999
0.000471039999999999
3.76831999999999e-05
3.01465599999999e-06
2.41172479999999e-07
1.92937983999999e-08
1.54350387199999e-09
1.23480309759999e-10
9.87842478079995e-12
7.90273982463996e-13
6.32219185971196e-14
5.05775348776957e-15
4.04620279021565e-16
3.23696223217252e-17
2.58956978573802e-18
2.07165582859041e-19
1.65732466287233e-20
1.32585973029786e-21
1.06068778423829e-22
8.48550227390631e-24
6.78840181912504e-25
5.43072145530003e-26
4.34457716424002e-27
3.47566173139202e-28
2.78052938511361e-29
2.22442350809089e-30
1.77953880647271e-31
1.42363104517817e-32
1.13890483614253e-33
9.11123868914026e-35
7.2889909513122e-36
5.83119276104976e-37
0.92
0.0736
0.00588799999999999
0.000471039999999999
3.76831999999999e-05
3.01465599999999e-06
2.41172479999999e-07
1.92937983999999e-08
1.54350387199999e-09
1.23480309759999e-10
9.87842478079995e-12
7.90273982463996e-13
6.32219185971196e-14
5.05775348776957e-15
4.04620279021565e-16
3.23696223217252e-17
2.58956978573802e-18
2.07165582859041e-19
1.65732466287233e-20
1.32585973029786e-21
1.06068778423829e-22
8.48550227390631e-24
6.78840181912504e-25
5.43072145530003e-26
4.34457716424002e-27
3.47566173139202e-28
0.92
0.0736
0.00588799999999999
0.000471039999999999
0.9200376832
0.073603014656
0.00588824117247999
0.920471059293798
0.0736376847435038
0.0058910147794803
0.000471281182358424
3.77024945886739e-05
3.01619956709391e-06
2.41295965367513e-07
1.9303677229401e-08
1.54429417835208e-09
1.23543534268166e-10
9.8834827414533e-12
7.90678619316264e-13
6.32542895453011e-14
0.920000000000005
0.9936
0.079488
0.00635904
0.000508723199999999
4.06978559999999e-05
3.25582847999999e-06
0.920000260466278
0.0736000208373022
0.00588800166698418
0.000471040133358734
3.76832106686987e-05
3.01465685349589e-06
2.41172548279671e-07
0.920000019293804
0.993600001543504
0.0794880001234803
0.00635904000987842
0.000508723200790274
4.06978560632219e-05
3.25582848505775e-06
2.6046627880462e-07
2.08373023043696e-08
1.66698418434956e-09
1.33358734747965e-10
1.06686987798372e-11
8.53495902386976e-13
6.8279672190958e-14
0.920000000000005
0.0736000000000004
0.00588800000000003
0.000471040000000002
3.76832000000001e-05
0.920003014656
0.07360024117248
0.00588801929379839
0.000471041543503871
3.76833234803097e-05
0.920003014665878
0.0736002411732702
0.925888019293862
0.0740710415435089
0.925925683323481
0.0740740546658784
0.00592592437327027
0.000474073949861621
3.79259159889297e-05
3.03407327911437e-06
2.4272586232915e-07
1.9418068986332e-08
1.55344551890656e-09
0.920000000124276
1.91360000000994
0.153088000000795
0.932247040000064
1.91457976320001
0.153166381056
0.01225331048448
0.000980264838758401
0.920078421187101
0.073606273694968
0.925888501895597
0.0740710801516478
0.00592568641213182
0.920474054912971
0.0736379243930376
0.00589103395144301
0.00047128271611544
3.77026172892352e-05
3.01620938313881e-06
2.41296750651105e-07
1.93037400520884e-08
1.54429920416707e-09
1.23543936333366e-10
9.88351490666924e-12
7.90681192533539e-13
6.32544954026831e-14
5.06035963221465e-15
4.04828770577171e-16
3.23863016461737e-17
0.92
0.0736
0.00588799999999999
0.000471039999999999
0.9200376832
0.073603014656
0.00588824117247999
0.000471059293798399
3.76847435038719e-05
0.92000301477948
0.0736002411823584
0.00588801929458867
0.000471041543567093
3.76833234853674e-05
3.01466587882939e-06
2.41173270306351e-07
1.92938616245081e-08
1.54350892996065e-09
1.23480714396852e-10
9.87845715174813e-12
0.92000000000079
0.0736000000000632
0.00588800000000505
0.000471040000000404
3.76832000000323e-05
3.01465600000258e-06
2.41172480000206e-07
1.92937984000165e-08
1.54350387200132e-09
1.23480309760106e-10
9.87842478080844e-12
7.90273982464675e-13
6.32219185971739e-14
5.05775348777391e-15
4.04620279021913e-16
3.2369622321753e-17
2.58956978574024e-18
2.07165582859219e-19
0.92
0.0736
0.00588799999999999
0.000471039999999999
3.76831999999999e-05
0.920003014656
0.07360024117248
0.00588801929379839
0.000471041543503871
0.92003768332348
0.0736030146658784
0.00588824117327027
0.920471059293862
0.993637684743509
0.0794910147794807
0.00635928118235845
0.000508742494588676
4.0699399567094e-05
3.25595196536752e-06
2.60476157229402e-07
2.08380925783521e-08
1.66704740626817e-09
1.33363792501453e-10
1.06691034001163e-11
8.53528272009301e-13
0.920000000000068
0.993600000000005
0.0794880000000004
0.00635904000000003
0.000508723200000002
4.06978560000001e-05
3.25582848000001e-06
2.60466278400001e-07
2.0837302272e-08
1.66698418176e-09
1.333587345408e-10
1.0668698763264e-11
8.5349590106112e-13
6.82796720848896e-14
5.46237376679116e-15
4.36989901343293e-16
3.49591921074634e-17
2.79673536859707e-18
2.23738829487766e-19
1.78991063590212e-20
1.4319285087217e-21
1.14554280697736e-22
9.16434245581886e-24
7.33147396465508e-25
5.86517917172406e-26
4.69214333737925e-27
3.7537146699034e-28
3.00297173592272e-29
2.40237738873817e-30
1.92190191099054e-31
1.53752152879243e-32
1.23001722303394e-33
9.84013778427153e-35
7.87211022741722e-36
6.29768818193378e-37
0.92
0.0736
0.00588799999999999
0.000471039999999999
3.76831999999999e-05
3.01465599999999e-06
2.41172479999999e-07
1.92937983999999e-08
1.54350387199999e-09
1.23480309759999e-10
9.87842478079995e-12
7.90273982463996e-13
6.32219185971196e-14
5.05775348776957e-15
4.04620279021565e-16
3.23696223217252e-17
2.58956978573802e-18
0.92
0.0736
0.925888
0.07407104
0.00592568319999999
0.000474054655999999
3.79243724799999e-05
3.03394979839999e-06
2.42715983871999e-07
1.94172787097599e-08
1.55338229678079e-09
1.24270583742463e-10
9.94164669939707e-12
7.95331735951765e-13
0.920000000000064
0.0736000000000051
0.0058880000000004
0.000471040000000032
3.76832000000025e-05
3.0146560000002e-06
2.41172480000016e-07
1.92937984000013e-08
1.5435038720001e-09
1.23480309760008e-10
9.87842478080063e-12
7.9027398246405e-13
6.3221918597124e-14
5.05775348776992e-15
4.04620279021593e-16
3.23696223217274e-17
0.92
0.0736
0.00588799999999999
0.000471039999999999
3.76831999999999e-05
3.01465599999999e-06
2.41172479999999e-07
1.92937983999999e-08
1.54350387199999e-09
1.23480309759999e-10
9.87842478079995e-12
7.90273982463996e-13
6.32219185971196e-14
5.05775348776957e-15
4.04620279021565e-16
3.23696223217252e-17
2.58956978573802e-18
0.92
0.0736
0.00588799999999999
0.000471039999999999
3.76831999999999e-05
3.01465599999999e-06
2.41172479999999e-07
1.92937983999999e-08
1.54350387199999e-09
1.23480309759999e-10
9.87842478079995e-12
7.90273982463996e-13
6.32219185971196e-14
5.05775348776957e-15
4.04620279021565e-16
3.23696223217252e-17
2.58956978573802e-18
2.07165582859041e-19
1.65732466287233e-20
1.32585973029786e-21
1.06068778423829e-22
8.48550227390631e-24
6.78840181912504e-25
5.43072145530003e-26
4.34457716424002e-27
3.47566173139202e-28
2.78052938511361e-29
2.22442350809089e-30
1.77953880647271e-31
0.92
0.0736
0.00588799999999999
0.000471039999999999
3.76831999999999e-05
3.01465599999999e-06
2.41172479999999e-07
1.92937983999999e-08
1.54350387199999e-09
1.23480309759999e-10
0.920000000009878
0.0736000000007902
0.00588800000006322
0.000471040000005057
3.76832000004045e-05
3.01465600003236e-06
2.41172480002589e-07
1.92937984002071e-08
1.54350387201657e-09
1.23480309761325e-10
9.87842478090602e-12
0.92000000000079
0.0736000000000632
0.00588800000000505
0.000471040000000404
3.76832000000323e-05
3.01465600000258e-06
2.41172480000206e-07
1.92937984000165e-08
1.54350387200132e-09
1.23480309760106e-10
9.87842478080844e-12
7.90273982464675e-13
6.32219185971739e-14
0.920000000000005
0.0736000000000004
0.00588800000000003
0.000471040000000002
0.9200376832
0.073603014656
0.00588824117247999
0.000471059293798399
0.920037684743504
0.0736030147794803
0.925888241182358
0.0740710592945886
0.00592568474356709
0.000474054779485367
0.920037924382359
0.0736030339505887
0.925888242716047
0.994071059417284
0.0795256847533827
0.00636205478027061
0.920508964382422
0.0736407171505937
0.925891257372048
0.0740713005897638
0.925925704047181
0.0740740563237745
0.00592592450590195
0.000474073960472156
3.79259168377725e-05
3.0340733470218e-06
2.42725867761744e-07
1.94180694209395e-08
1.55344555367516e-09
1.24275644294013e-10
9.942051543521e-12
7.95364123481679e-13
6.36291298785343e-14
5.09033039028274e-15
4.07226431222619e-16
3.25781144978095e-17
2.60624915982476e-18
0.92
0.0736
0.00588799999999999
0.000471039999999999
0.9200376832
0.073603014656
0.00588824117247999
0.000471059293798399
3.76847435038719e-05
3.01477948030975e-06
2.4118235842478e-07
0.920000019294589
0.0736000015435671
0.00588800012348536
0.000471040009878829
3.76832007903063e-05
3.0146560632245e-06
2.4117248505796e-07
0.920000019293799
0.0736000015435039
0.00588800012348031
0.000471040009878424
3.76832007902739e-05
3.01465606322191e-06
2.41172485057753e-07
1.92937988046202e-08
1.54350390436962e-09
1.23480312349569e-10
0.920000000009878
0.0736000000007902
0.925888000000063
0.074071040000005
0.0059256832000004
0.000474054656000032
3.79243724800025e-05
3.0339497984002e-06
2.42715983872016e-07
1.94172787097613e-08
1.5533822967809e-09
1.24270583742472e-10
9.94164669939775e-12
0.920000000000795
0.0736000000000636
0.00588800000000509
0.000471040000000407
3.76832000000325e-05
3.0146560000026e-06
0.92000024117248
0.993600019293798
0.0794880015435038
0.0063590401234803
0.920508723209878
0.0736406978567902
0.00589125582854322
0.920471300466283
0.993637704037303
0.999491016322984
0.999959281305839
0.999996742504467
0.0799997394003573
0.00639997915202858
1.84051199833216
0.147240959866573
0.0117792767893258
0.000942342143146066
7.53873714516852e-05
6.03098971613481e-06
4.82479177290785e-07
3.85983341832628e-08
3.08786673466102e-09
2.47029338772882e-10
1.97623471018305e-11
1.58098776814644e-12
1.26479021451715e-13
1.01183217161372e-14
8.09465737290976e-16
6.4757258983278e-17
5.18058071866224e-18
4.14446457492979e-19
3.31557165994383e-20
2.65245732795506e-21
2.12196586236405e-22
1.69757268989124e-23
1.35805815191299e-24
1.08644652153039e-25
8.69157217224313e-27
0.92
0.9936
0.079488
0.00635903999999999
0.000508723199999999
4.06978559999999e-05
3.25582847999999e-06
2.60466278399999e-07
2.08373022719999e-08
1.66698418175999e-09
1.33358734540799e-10
1.06686987632639e-11
8.53495901061115e-13
6.82796720848892e-14
0.920000000000005
0.0736000000000004
0.00588800000000003
0.000471040000000002
3.76832000000001e-05
3.01465600000001e-06
2.41172480000001e-07
1.92937984e-08
1.543503872e-09
1.2348030976e-10
0.920000000009878
0.0736000000007902
0.00588800000006322
0.000471040000005057
3.76832000004045e-05
3.01465600003236e-06
2.41172480002589e-07
1.92937984002071e-08
1.54350387201657e-09
1.23480309761325e-10
9.87842478090602e-12
7.90273982472481e-13
6.32219185977985e-14
5.05775348782388e-15
4.0462027902591e-16
3.23696223220728e-17
2.58956978576582e-18
2.07165582861266e-19
0.92
0.0736
0.00588799999999999
0.000471039999999999
3.76831999999999e-05
3.01465599999999e-06
2.41172479999999e-07
1.92937983999999e-08
1.54350387199999e-09
1.23480309759999e-10
9.87842478079995e-12
7.90273982463996e-13
6.32219185971196e-14
5.05775348776957e-15
4.04620279021565e-16
3.23696223217252e-17
2.58956978573802e-18
2.07165582859041e-19
1.65732466287233e-20
1.32585973029786e-21
1.06068778423829e-22
8.48550227390631e-24
6.78840181912504e-25
5.43072145530003e-26
4.34457716424002e-27
3.47566173139202e-28
2.78052938511361e-29
2.22442350809089e-30
1.77953880647271e-31
1.42363104517817e-32
1.13890483614253e-33
9.11123868914026e-35
7.2889909513122e-36
5.83119276104976e-37
4.66495420883981e-38
3.73196336707184e-39
2.98557069365747e-40
2.38845655492598e-41
1.91076524394078e-42
1.52861219515262e-43
1.2228897561221e-44
9.78311804897678e-46
7.82649443918142e-47
6.26119555134513e-48
5.00895644107611e-49
4.00716515286088e-50
3.2057321222887e-51
2.56458569783096e-52
2.05166855826477e-53
1.64133484661181e-54
1.31306787728945e-55
1.05045430183156e-56
8.40363441465248e-58
6.72290753172198e-59
5.37832602537758e-60
4.30266082030206e-61
3.44212865624165e-62
2.75370292499332e-63
2.20296233999465e-64
1.76236987199572e-65
1.40989589759658e-66
1.12791671807726e-67
9.02333374461808e-69
7.21866699569446e-70
5.77493359655556e-71
4.61994687724445e-72
3.69595750179556e-73
2.95676600143644e-74
2.36541280114915e-75
1.89233024091932e-76
1.51386419273546e-77
1.21109135418837e-78
0.92
0.0736
0.925888
0.07407104
0.00592568319999999
0.000474054655999999
3.79243724799999e-05
0.920003033949798
0.0736002427159838
0.925888019417279
0.0740710415533823
0.00592568332427058
0.000474054665941646
3.79243732753317e-05
3.03394986202653e-06
2.42715988962122e-07
1.94172791169698e-08
1.55338232935758e-09
1.24270586348606e-10
9.94164690788851e-12
7.9533175263108e-13
6.36265402104864e-14
5.09012321683891e-15
0.92
0.0736
0.005888
0.00047104
3.76831999999999e-05
3.01465599999999e-06
2.41172479999999e-07
1.8400000192938
0.147200001543504
0.0117760001234803
0.000942080009878423
7.53664007902738e-05
6.0293120632219e-06
4.82344965057752e-07
0.920000038587597
0.993600003087008
0.999488000246961
0.999959040019757
0.0799967232015805
0.00639973785612644
0.000511979028490115
4.09583222792092e-05
3.27666578233673e-06
2.62133262586938e-07
2.09706610069551e-08
1.6776528805564e-09
1.34212230444512e-10
1.0736978435561e-11
8.58958274844877e-13
0.920000000000069
0.0736000000000055
0.00588800000000043
0.000471040000000035
3.76832000000027e-05
3.01465600000022e-06
2.41172480000017e-07
1.92937984000014e-08
0.920000001543504
0.0736000001234803
1.84588800000988
1.06767104000079
0.0854136832000632
0.00683309465600505
0.000546647572480404
0.920043731805798
0.0736034985444638
0.925888279883557
0.0740710623906845
0.00592568499125476
0.9204740547993
0.073637924383944
0.925891033950716
0.0740712827160572
0.00592570261728457
0.000474056209382766
3.79244967506212e-05
3.0339597400497e-06
0.920000242716779
0.0736000194173423
0.00588800155338738
0.00047104012427099
3.76832099416792e-05
3.01465679533434e-06
2.41172543626747e-07
1.92938034901397e-08
1.54350427921118e-09
1.23480342336894e-10
0.920000000009878
0.0736000000007902
0.00588800000006322
0.000471040000005057
3.76832000004045e-05
3.01465600003236e-06
2.41172480002589e-07
1.92937984002071e-08
0.920000001543504
0.0736000001234803
0.00588800000987842
0.000471040000790273
3.76832000632218e-05
3.01465600505775e-06
2.4117248040462e-07
1.92937984323696e-08
1.54350387458956e-09
1.23480309967165e-10
9.8784247973732e-12
7.90273983789855e-13
6.32219187031884e-14
5.05775349625507e-15
4.04620279700405e-16
3.23696223760324e-17
2.58956979008259e-18
2.07165583206607e-19
1.65732466565286e-20
1.32585973252228e-21
1.06068778601783e-22
8.48550228814261e-24
6.78840183051409e-25
5.43072146441127e-26
0.92
0.0736
0.00588799999999999
0.000471039999999999
3.76831999999999e-05
3.01465599999999e-06
2.41172479999999e-07
1.92937983999999e-08
1.54350387199999e-09
1.23480309759999e-10
9.87842478079995e-12
0.92000000000079
0.0736000000000632
0.00588800000000505
0.000471040000000404
3.76832000000323e-05
0.920003014656
0.07360024117248
0.00588801929379839
0.000471041543503871
3.76833234803097e-05
3.01466587842477e-06
0.92000024117327
0.0736000192938616
0.00588800154350892
0.920471040123481
1.91363768320988
0.15309101465679
0.0122472811725432
0.000979782493803456
7.83825995042765e-05
6.27060796034211e-06
5.01648636827369e-07
4.01318909461895e-08
3.21055127569516e-09
2.56844102055613e-10
2.0547528164449e-11
0.920000000001644
0.0736000000001315
0.00588800000001052
0.000471040000000841
0.9200376832
0.073603014656
0.00588824117247999
0.000471059293798399
3.76847435038719e-05
1.84000301477948
0.147200241182358
0.0117760192945887
0.920942081543567
0.0736753665234853
0.925894029321879
0.0740715223457503
0.00592572178766002
0.000474057743012801
3.79246194410241e-05
3.03396955528192e-06
2.42717564422554e-07
1.94174051538043e-08
1.55339241230434e-09
1.24271392984347e-10
9.94171143874778e-12
7.95336915099822e-13
6.36269532079858e-14
5.09015625663886e-15
4.07212500531108e-16
3.25770000424887e-17
2.60616000339909e-18
2.08492800271927e-19
1.66794240217542e-20
1.33435392174033e-21
0.92
0.9936
0.079488
0.92635904
0.0741087232
0.00592869785599999
0.000474295828479999
3.79436662783999e-05
3.03549330227199e-06
2.42839464181759e-07
1.94271571345407e-08
1.55417257076326e-09
1.24333805661061e-10
9.94670445288484e-12
7.95736356230787e-13
6.36589084984629e-14
5.09271267987703e-15
4.07417014390162e-16
3.2593361151213e-17
2.60746889209704e-18
2.08597511367763e-19
1.6687800909421e-20
1.33502407275368e-21
1.06801925820294e-22
8.54415406562355e-24
6.83532325249883e-25
5.46825860199906e-26
4.37460688159925e-27
3.4996855052794e-28
0.92
0.0736
0.00588799999999999
0.000471039999999999
3.76831999999999e-05
3.01465599999999e-06
2.41172479999999e-07
1.92937983999999e-08
1.54350387199999e-09
1.23480309759999e-10
9.87842478079995e-12
7.90273982463996e-13
6.32219185971196e-14
5.05775348776957e-15
4.04620279021565e-16
3.23696223217252e-17
2.58956978573802e-18
2.07165582859041e-19
1.65732466287233e-20
1.32585973029786e-21
1.06068778423829e-22
8.48550227390631e-24
6.78840181912504e-25
5.43072145530003e-26
4.34457716424002e-27
3.47566173139202e-28
2.78052938511361e-29
2.22442350809089e-30
1.77953880647271e-31
1.42363104517817e-32
1.13890483614253e-33
9.11123868914026e-35
7.2889909513122e-36
5.83119276104976e-37
4.66495420883981e-38
0.92
0.0736
0.00588799999999999
0.000471039999999999
3.76831999999999e-05
3.01465599999999e-06
2.41172479999999e-07
1.92937983999999e-08
1.54350387199999e-09
1.23480309759999e-10
9.87842478079995e-12
7.90273982463996e-13
6.32219185971196e-14
5.05775348776957e-15
4.04620279021565e-16
3.23696223217252e-17
2.58956978573802e-18
2.07165582859041e-19
1.65732466287233e-20
1.32585973029786e-21
1.06068778423829e-22
8.48550227390631e-24
6.78840181912504e-25
5.43072145530003e-26
4.34457716424002e-27
3.47566173139202e-28
2.78052938511361e-29
2.22442350809089e-30
1.77953880647271e-31
1.42363104517817e-32
1.13890483614253e-33
9.11123868914026e-35
7.2889909513122e-36
5.83119276104976e-37
4.66495420883981e-38
3.73196336707184e-39
2.98557069365747e-40
2.38845655492598e-41
1.91076524394078e-42
1.52861219515262e-43
1.2228897561221e-44
9.78311804897678e-46
7.82649443918142e-47
6.26119555134513e-48
0.92
0.0736
0.00588799999999999
0.000471039999999999
3.76831999999999e-05
3.01465599999999e-06
0.92000024117248
0.0736000192937984
0.00588800154350387
0.000471040123480309
3.76832098784247e-05
3.01465679027398e-06
2.41172543221918e-07
0.920000019293803
0.0736000015435042
0.00588800012348034
0.000471040009878427
0.92003768320079
0.0736030146560632
0.00588824117248505
0.000471059293798804
3.76847435039043e-05
3.01477948031234e-06
2.41182358424987e-07
1.9294588673999e-08
1.54356709391992e-09
1.23485367513593e-10
9.87882940108746e-12
7.90306352086996e-13
6.32245081669597e-14
5.05796065335677e-15
0.92
0.9936
0.079488
0.92635904
0.0741087232
0.00592869785599999
1.84047429582848
0.147237943666278
0.931779035493302
0.0745423228394641
0.925963385827157
0.0740770708661725
0.0059261656692938
0.000474093253543504
3.79274602834803e-05
0.920003034196823
0.993600242735746
0.0794880194188596
0.00635904155350877
0.920508723324281
0.0736406978659424
0.00589125582927539
0.000471300466342031
0.920037704037307
0.993603016322985
0.0794882413058387
0.926359059304467
0.0741087247443573
0.925928697979549
0.0740742958383638
0.00592594366706911
0.000474075493365528
3.79260394692422e-05
3.03408315753938e-06
2.4272665260315e-07
1.9418132208252e-08
1.55345057666016e-09
1.24276046132813e-10
9.94208369062501e-12
7.9536669525e-13
0.920000000000064
0.0736000000000051
0.0058880000000004
0.92047104
0.0736376832
0.00589101465599999
0.000471281172479999
3.77024937983999e-05
3.01619950387199e-06
2.41295960309759e-07
1.93036768247807e-08
1.54429414598246e-09
0.920000000123544
0.993600000009883
0.0794880000007906
0.00635904000006325
0.00050872320000506
4.06978560004047e-05
3.25582848003238e-06
2.6046627840259e-07
0.920000020837302
0.993600001666984
0.0794880001333587
0.00635904001066869
0.000508723200853495
4.06978560682796e-05
3.25582848546237e-06
2.60466278836989e-07
2.08373023069591e-08
1.66698418455673e-09
1.33358734764538e-10
1.06686987811631e-11
8.53495902493044e-13
6.82796721994435e-14
5.46237377595548e-15
4.36989902076438e-16
3.4959192166115e-17
2.7967353732892e-18
2.23738829863136e-19
1.78991063890509e-20
1.43192851112407e-21
1.14554280889925e-22
9.16434247119403e-24
7.33147397695522e-25
5.86517918156417e-26
0.92
0.0736
2.765888
1.14127104
0.0913016831999999
1.847304134656
0.14778433077248
0.0118227464617984
0.000945819716943871
0.920075665577356
0.993606053246188
0.079488484259695
0.0063590787407756
0.000508726299262048
4.06981039409638e-05
3.2558483152771e-06
2.60467865222168e-07
2.08374292177734e-08
1.66699433742187e-09
1.3335954699375e-10
1.06687637595e-11
8.53501100759998e-13
6.82800880607998e-14
5.46240704486398e-15
4.36992563589118e-16
3.49594050871295e-17
2.79675240697035e-18
0.92
0.0736
0.00588799999999999
0.000471039999999999
0.9200376832
0.993603014656
0.07948824117248
0.00635905929379839
0.000508724743503871
0.92004069797948
0.0736032558383584
0.00588826046706867
0.920471060837366
0.0736376848669892
0.00589101478935913
0.00047128118314873
3.77024946518984e-05
0.920003016199572
0.0736002412959657
0.00588801930367726
0.00047104154429418
3.76833235435344e-05
3.01466588348275e-06
2.4117327067862e-07
1.92938616542896e-08
1.54350893234317e-09
1.23480714587453e-10
9.87845716699625e-12
7.902765733597e-13
6.32221258687759e-14
5.05777006950207e-15
4.04621605560166e-16
3.23697284448132e-17
2.58957827558506e-18
2.07166262046804e-19
1.65733009637443e-20
1.32586407709955e-21
1.06069126167964e-22
8.48553009343709e-24
6.78842407474967e-25
0.92
0.0736
0.00588799999999999
0.000471039999999999
0.9200376832
0.073603014656
0.00588824117247999
0.920471059293798
0.993637684743504
0.0794910147794803
0.00635928118235842
0.000508742494588673
4.06993995670938e-05
3.25595196536751e-06
2.604761572294e-07
2.0838092578352e-08
0.920000001667047
0.0736000001333638
0.0058880000106691
0.000471040000853528
3.76832000682822e-05
3.01465600546257e-06
2.41172480437006e-07
1.92937984349605e-08
1.54350387479684e-09
1.23480309983747e-10
9.87842479869974e-12
7.90273983895979e-13
6.32219187116783e-14
0.920000000000005
0.0736000000000004
0.00588800000000003
0.000471040000000002
3.76832000000001e-05
3.01465600000001e-06
2.41172480000001e-07
1.92937984e-08
1.543503872e-09
1.2348030976e-10
9.87842478080000e-12
7.90273982464e-13
6.322191859712e-14
5.0577534877696e-15
4.04620279021567e-16
3.23696223217254e-17
2.58956978573803e-18
2.07165582859042e-19
1.65732466287234e-20
1.32585973029787e-21
1.06068778423829e-22
8.48550227390635e-24
6.78840181912508e-25
5.43072145530006e-26
4.34457716424005e-27
0.92
0.0736
0.00588799999999999
0.000471039999999999
3.76831999999999e-05
3.01465599999999e-06
2.41172479999999e-07
1.92937983999999e-08
1.54350387199999e-09
1.23480309759999e-10
9.87842478079995e-12
7.90273982463996e-13
6.32219185971196e-14
5.05775348776957e-15
4.04620279021565e-16
3.23696223217252e-17
2.58956978573802e-18
2.07165582859041e-19
1.65732466287233e-20
1.32585973029786e-21
1.06068778423829e-22
8.48550227390631e-24
6.78840181912504e-25
5.43072145530003e-26
4.34457716424002e-27
3.47566173139202e-28
2.78052938511361e-29
2.22442350809089e-30
1.77953880647271e-31
1.42363104517817e-32
1.13890483614253e-33
9.11123868914026e-35
7.2889909513122e-36
5.83119276104976e-37
4.66495420883981e-38
3.73196336707184e-39
0.92
0.0736
0.00588799999999999
0.000471039999999999
3.76831999999999e-05
3.01465599999999e-06
2.41172479999999e-07
1.92937983999999e-08
1.54350387199999e-09
1.23480309759999e-10
9.87842478079995e-12
7.90273982463996e-13
6.32219185971196e-14
5.05775348776957e-15
4.04620279021565e-16
3.23696223217252e-17
2.58956978573802e-18
0.92
0.9936
0.079488
0.00635903999999999
0.000508723199999999
4.06978559999999e-05
3.25582847999999e-06
0.920000260466278
0.0736000208373022
0.00588800166698418
0.000471040133358734
3.76832106686987e-05
3.01465685349589e-06
0.920000241172548
0.0736000192938038
0.925888001543504
0.0740710401234803
0.00592568320987842
0.92047405465679
0.0736379243725432
0.00589103394980345
0.000471282715984276
3.7702617278742e-05
3.01620938229936e-06
2.41296750583949e-07
0.92000001930374
0.0736000015442992
0.00588800012354393
0.920471040009884
0.993637683200791
0.0794910146560632
0.00635928117248505
0.920508742493799
0.0736406993995039
0.00589125595196031
0.000471300476156824
3.77040380925459e-05
3.01632304740367e-06
2.41305843792294e-07
1.93044675033835e-08
0.920000001544357
0.0736000001235486
0.00588800000988388
0.920471040000791
0.0736376832000632
0.00589101465600505
2.76047128117248
0.220837702493798
0.0176670161995039
0.00141336129596031
0.000113068903676825
9.04551229414596e-06
0.920000723640984
0.0736000578912787
0.00588800463130229
0.000471040370504183
3.76832296403346e-05
0.920003014658371
0.0736002411726697
0.925888019293814
1.91407104154351
1.99312568332348
0.159450054665878
0.0127560043732703
0.00102048034986162
8.16384279889296e-05
6.53107423911437e-06
0.920000522485939
0.0736000417988751
0.00588800334391
0.0004710402675128
3.7683221401024e-05
0.920003014657712
0.0736002411726169
0.925888019293809
0.994071041543505
0.0795256833234803
0.00636205466587842
0.000508964373270274
4.07171498616219e-05
3.25737198892975e-06
2.6058975911438e-07
2.08471807291504e-08
1.66777445833203e-09
1.33421956666562e-10
1.0673756533325e-11
8.53900522665998e-13
0.920000000000068
0.0736000000000054
0.00588800000000043
0.000471040000000034
3.76832000000027e-05
3.01465600000022e-06
2.41172480000017e-07
1.92937984000014e-08
0.920000001543504
0.0736000001234803
0.00588800000987842
0.92047104000079
0.0736376832000632
0.00589101465600505
0.000471281172480404
3.77024937984323e-05
3.01619950387458e-06
2.41295960309966e-07
1.93036768247973e-08
1.54429414598378e-09
1.23543531678703e-10
0.920000000009883
0.993600000000791
0.0794880000000632
0.00635904000000505
0.000508723200000404
4.06978560000323e-05
0.92000325582848
0.0736002604662784
0.00588802083730227
0.000471041666984181
0.920037683333359
0.0736030146666687
0.00588824117333349
0.920471059293867
0.0736376847435093
0.00589101477948074
0.000471281182358459
3.77024945886767e-05
0.920003016199567
0.0736002412959653
0.00588801930367722
0.920471041544294
0.0736376833235435
0.925891014665884
0.0740712811732707
0.00592570249386165
0.000474056199508932
3.79244959607145e-05
3.03395967685716e-06
2.42716774148573e-07
1.94173419318858e-08
1.55338735455086e-09
1.24270988364069e-10
9.94167906912552e-12
7.95334325530041e-13
0.920000000000064
0.0736000000000051
0.0058880000000004
0.000471040000000032
3.76832000000025e-05
0.920003014656
0.07360024117248
0.00588801929379839
0.000471041543503871
3.76833234803097e-05
3.01466587842477e-06
2.41173270273982e-07
1.92938616219185e-08
1.54350892975348e-09
1.23480714380278e-10
9.87845715042227e-12
7.90276572033782e-13
0.920000000000063
0.073600000000005
0.0058880000000004
0.000471040000000032
3.76832000000025e-05
3.0146560000002e-06
2.41172480000016e-07
1.92937984000013e-08
1.5435038720001e-09
1.23480309760008e-10
9.87842478080063e-12
0.92000000000079
0.993600000000063
0.079488000000005
0.0063590400000004
0.000508723200000032
0.920040697856
0.07360325582848
0.00588826046627839
0.000471060837302271
3.76848669841817e-05
3.01478935873453e-06
2.41183148698763e-07
1.9294651895901e-08
1.54357215167208e-09
1.23485772133766e-10
9.8788617707013e-12
0.92000000000079
0.0736000000000632
0.925888000000005
0.0740710400000004
0.9259256832
0.074074054656
0.92592592437248
0.0740740739497984
0.00592592591598387
0.000474074073278709
3.79259258622967e-05
3.03407406898374e-06
2.42725925518699e-07
1.94180740414959e-08
1.55344592331967e-09
1.24275673865574e-10
9.94205390924588e-12
7.9536431273967e-13
6.36291450191736e-14
5.09033160153388e-15
4.0722652812271e-16
3.25781222498168e-17
2.60624977998534e-18
2.08499982398827e-19
1.66799985919062e-20
1.33439988735249e-21
1.06751990988199e-22
8.54015927905596e-24
6.83212742324476e-25
5.46570193859581e-26
4.37256155087664e-27
3.49804924070131e-28
2.79843939256105e-29
2.23875151404884e-30
1.79100121123907e-31
1.43280096899126e-32
1.146240775193e-33
9.16992620154402e-35
7.33594096123522e-36
0.92
0.9936
0.079488
0.00635903999999999
0.000508723199999999
4.06978559999999e-05
3.25582847999999e-06
2.60466278399999e-07
2.08373022719999e-08
1.66698418175999e-09
1.33358734540799e-10
1.06686987632639e-11
8.53495901061115e-13
6.82796720848892e-14
5.46237376679113e-15
4.3698990134329e-16
3.49591921074632e-17
2.79673536859706e-18
2.23738829487764e-19
1.78991063590211e-20
1.43192850872169e-21
1.14554280697735e-22
9.16434245581881e-24
7.33147396465505e-25
5.86517917172403e-26
4.69214333737922e-27
3.75371466990338e-28
3.0029717359227e-29
2.40237738873816e-30
1.92190191099053e-31
1.53752152879242e-32
1.23001722303394e-33
9.84013778427148e-35
7.87211022741718e-36
6.29768818193374e-37
5.03815054554699e-38
4.03052043643759e-39
3.22441634915007e-40
2.57953307932006e-41
2.06362646345604e-42
1.65090117076483e-43
1.32072093661187e-44
1.05657674928949e-45
8.45261399431594e-47
6.76209119545275e-48
5.4096729563622e-49
4.32773836508975e-50
3.4621906920718e-51
2.76975255365744e-52
2.21580204292595e-53
0.92
0.0736
0.00588799999999999
0.000471039999999999
3.76831999999999e-05
3.01465599999999e-06
2.41172479999999e-07
1.92937983999999e-08
1.54350387199999e-09
1.23480309759999e-10
9.87842478079995e-12
7.90273982463996e-13
6.32219185971196e-14
5.05775348776957e-15
4.04620279021565e-16
3.23696223217252e-17
0.92
0.0736
0.925888
0.07407104
0.00592568319999999
0.000474054655999999
3.79243724799999e-05
3.03394979839999e-06
2.42715983871999e-07
1.94172787097599e-08
1.55338229678079e-09
1.24270583742463e-10
0.920000000009942
0.0736000000007953
0.00588800000006362
0.000471040000005089
3.76832000004071e-05
3.01465600003257e-06
2.41172480002605e-07
1.92937984002084e-08
1.54350387201667e-09
1.23480309761334e-10
9.8784247809067e-12
7.90273982472535e-13
0.920000000000063
0.993600000000005
0.0794880000000004
1.84635904
0.1477087232
0.931816697856
0.07454533582848
0.00596362686627839
0.000477090149302271
3.81672119441817e-05
3.05337695553453e-06
2.44270156442763e-07
1.9541612515421e-08
0.920000001563329
0.0736000001250663
0.925888000010005
0.9940710400008
0.999525683200064
0.0799620546560051
0.92639696437248
1.9141117571498
1.07312894057198
0.0858503152457587
0.00686802521966069
0.920549442017573
0.0736439553614058
0.00589151642891246
0.000471321314312997
3.77057051450397e-05
3.01645641160318e-06
2.41316512928254e-07
1.93053210342603e-08
1.54442568274082e-09
1.23554054619266e-10
9.88432436954126e-12
7.907459495633e-13
6.3259675965064e-14
5.06077407720512e-15
0.92
0.0736
0.005888
0.00047104
1.8400376832
0.147203014656
0.01177624117248
0.000942099293798399
7.53679435038719e-05
6.02943548030975e-06
4.82354838424779e-07
3.85883870739823e-08
0.920000003087071
0.0736000002469656
0.00588800001975725
0.00047104000158058
0.920037683200126
0.0736030146560101
0.0058882411724808
0.000471059293798464
1.8400376847435
0.14720301477948
0.0117762411823584
0.920942099294589
0.993675367943567
0.999494029435485
0.0799595223548388
0.0063967617883871
0.000511740943070968
4.09392754456774e-05
0.920003275142036
0.0736002620113628
0.00588802096090902
0.000471041676872722
0.92003768333415
0.0736030146667319
0.00588824117333855
0.000471059293867084
0.920037684743509
0.0736030147794807
0.00588824118235846
0.000471059294588676
3.76847435670941e-05
3.01477948536752e-06
2.41182358829402e-07
1.92945887063521e-08
1.54356709650817e-09
1.23485367720654e-10
0.920000000009879
0.0736000000007903
0.00588800000006322
0.000471040000005057
0.9200376832
0.993603014656
0.07948824117248
0.00635905929379839
0.000508724743503871
0.92004069797948
0.0736032558383584
0.00588826046706867
0.000471060837365493
0.920037684866989
0.993603014789359
0.0794882411831487
0.926359059294652
0.0741087247435721
0.00592869797948577
0.920474295838359
0.0736379436670687
0.00589103549336549
0.000471282839469239
3.77026271575391e-05
3.01621017260313e-06
0.920000241296814
0.0736000193037451
0.0058880015442996
0.920471040123544
0.993637683209884
0.0794910146567906
0.00635928117254325
0.00050874249380346
0.920040699399504
0.0736032559519603
0.925888260476157
0.0740710608380925
0.0059256848670474
0.000474054789363792
3.79243831491033e-05
3.03395065192826e-06
2.42716052154261e-07
1.94172841723409e-08
1.55338273378727e-09
1.24270618702981e-10
1.84000000000994
0.147200000000795
0.0117760000000636
0.000942080000005089
7.53664000004071e-05
6.02931200003256e-06
4.82344960002605e-07
3.85875968002084e-08
3.08700774401667e-09
0.920000000246961
0.993600000019757
0.0794880000015805
0.00635904000012644
0.92050872320001
0.0736406978560008
0.00589125582848006
0.000471300466278405
3.77040373022723e-05
3.01632298418179e-06
2.41305838734543e-07
0.920000019304467
0.0736000015443573
0.00588800012354858
0.000471040009883886
0.920037683200791
