0
0
0
0
0
0
0
0
0
0
0
0
0
0.19
0.1539
0.124659
0.10097379
0.0817887699
0.066248903619
0.05366161193139
0.0434659056644259
0.035207383588185
0.0285179807064298
0.0230995643722082
0.0187106471414886
0.0151556241846058
0.0122760555895307
0.00994360502751986
0.00805432007229108
0.00652399925855578
0.00528443939943018
0.00428039591353845
0.00346712068996614
0.00280836775887258
0.00227477788468679
0.0018425700865963
0.001492481770143
0.00120891023381583
0.000979217289390823
0.000793166004406567
0.000642464463569319
0.000520396215491148
0.00042152093454783
0.000341431956983743
0.000276559885156831
0.000224013506977033
0.000181450940651397
0.000146975261927632
0.000119049962161382
9.64304693507192e-05
7.81086801740825e-05
6.32680309410068e-05
5.12471050622155e-05
4.15101551003946e-05
3.36232256313196e-05
2.72348127613689e-05
2.20601983367088e-05
1.78687606527341e-05
1.44736961287147e-05
1.17236938642589e-05
9.49619203004969e-06
7.69191554434025e-06
6.2304515909156e-06
5.04666578864164e-06
4.08779928879973e-06
3.31111742392778e-06
2.6820051133815e-06
2.17242414183902e-06
1.7596635548896e-06
1.42532747946058e-06
1.15451525836307e-06
9.35157359274085e-07
7.57477461012009e-07
6.13556743419728e-07
4.96980962169979e-07
4.02554579357683e-07
3.26069209279723e-07
2.64116059516576e-07
2.13934008208427e-07
1.73286546648826e-07
1.40362102785549e-07
1.13693303256294e-07
9.20915756375985e-08
7.45941762664548e-08
6.04212827758284e-08
4.8941239048421e-08
3.9642403629221e-08
3.2110346939669e-08
2.60093810211319e-08
2.10675986271169e-08
1.70647548879647e-08
1.38224514592514e-08
1.11961856819936e-08
9.06891040241482e-09
7.34581742595601e-09
5.95011211502437e-09
4.81959081316974e-09
3.90386855866749e-09
3.16213353252067e-09
2.56132816134174e-09
2.07467581068681e-09
1.68048740665632e-09
1.36119479939162e-09
1.10256778750721e-09
8.93079907880839e-10
7.2339472538348e-10
5.85949727560619e-10
4.74619279324101e-10
3.84441616252522e-10
3.11397709164543e-10
2.5223214442328e-10
2.04308036982857e-10
1.65489509956114e-10
1.34046503064452e-10
0.190000000108578
0.153900000087948
0.124659000071238
0.100973790057703
0.0817887699467392
0.0662489036568587
0.0536616119620556
0.043465905689265
0.0352073836083047
0.218517980722727
0.176999564385409
0.143369647152181
0.116129414193267
0.094064825496546
0.266192508652202
0.215615932008284
0.17464890492671
0.141465612990635
0.114587146522414
0.0928155886831557
0.0751806268333561
0.0608963077350184
0.239326009265365
0.193854067504946
0.157021794679006
0.127187653689995
0.293021999488896
0.427347819586006
0.346151733864665
0.280382904430378
0.227110152588606
0.183959223596771
0.149006971113385
0.310695646601842
0.251663473747492
0.203847413735468
0.165116405125729
0.133744288151841
0.298332873402991
0.241649627456423
0.195736198239702
0.158546320574159
0.128422519665069
0.104022240928706
0.0842580151522516
0.0682489922733238
0.0552816837413923
0.0447781638305278
0.0362703127027275
0.0293789532892093
0.0237969521642595
0.0192755312530502
0.0156131803149707
0.0126466760551262
0.0102438076046523
0.00829748415976833
0.00672096216941235
0.005443979357224
0.00440962327935144
0.383571794856275
0.310693153833583
0.441661454605202
0.357745778230214
0.289774080366473
0.234717005096843
0.190120774128443
0.153997827044039
0.124738239905671
0.101037974323594
0.271840759202111
0.22019101495371
0.178354722112505
0.144467324911129
0.117018533178015
0.0947850118741918
0.266775859618095
0.216088446290657
0.175031641495432
0.1417756296113
0.114838259985153
0.0930189905879741
0.075345382376259
0.0610297597247698
0.0494341053770636
0.230041625355421
0.186333716537891
0.150930310395692
0.312253551420511
0.252925376650614
0.204869555086997
0.165944339620468
0.324414915092579
0.262776081224989
0.212848625792241
0.172407386891715
0.329649983382289
0.267016486539654
0.21628335409712
0.175189516818667
0.14190350862312
0.304941841984728
0.247002892007629
0.20007234252618
0.162058597446206
0.321267463931427
0.260226645784456
0.400783583085409
0.324634702299181
0.262954108862337
0.212992828178493
0.172524190824579
0.139744594567909
0.113193121600006
0.281686428496005
0.418166007081764
0.338714465736229
0.274358717246346
0.22223056096954
0.180006754385327
0.145805471052115
0.118102431552213
0.0956629695572928
0.267487005341407
0.40666447432654
0.329398224204497
0.266812561605643
0.216118174900571
0.175055721669462
0.141795134552264
0.304854058987334
0.246931787779741
0.20001474810159
0.162011945962288
0.131229676229453
0.106296037745857
0.0860997905741443
0.0697408303650569
0.0564900725956961
0.235756958802514
0.190963136630036
0.154680140670329
0.125290913942967
0.101485640293803
0.0822033686379805
0.0665847285967642
0.053933630163379
0.043686240432337
0.035385854750193
0.218662542347656
0.177116659301602
0.143464494034297
0.116206240167781
0.0941270545359025
0.076242914174081
0.0617567604810056
0.0500229759896146
0.230518610551588
0.186720074546786
0.151243260382897
0.122507040910146
0.0992307031372186
0.0803768695411471
0.0651052643283291
0.242735264105947
0.196615563925817
0.159258606779912
0.128999471491728
0.1044895719083
0.084636553245723
0.0685556081290356
0.0555300425845189
0.0449793344934603
0.0364332609397028
0.0295109413611593
0.023903862502539
0.0193621286270566
0.0156833241879159
0.0127034925922118
0.0102898289996916
0.00833476148975019
0.196751156806698
0.159368437013425
0.129088433980874
0.104561631524508
0.0846949215348517
0.0686028864432299
0.0555683380190162
0.0450103537954031
0.0364583865742765
0.029531293125164
0.0239203474313828
0.0193754814194201
0.0156941399497303
0.0127122533592815
0.010296925221018
0.00834050942902461
0.00675581263750993
0.00547220823638305
0.00443248867147027
0.00359031582389092
0.00290815581735164
0.00235560621205483
0.00190804103176441
0.00154551323572917
0.00125186572094063
0.00101401123396191
0.000821349099509149
0.00066529277060241
0.000538887144187953
0.000436498586792242
0.190353563855302
0.154186386722794
0.124890973245463
0.101161688328825
0.0819409675463486
0.0663721837125424
0.0537614688071593
0.0435467897337991
0.0352728996843772
0.0285710487443456
0.0231425494829199
0.0187454650811651
0.205183826715744
0.166198899639752
0.134621108708199
0.109043098053642
0.0883249094234497
0.0715431766329943
0.247949973072725
0.200839478188908
0.162679977333015
0.131770781639742
0.106734333128191
0.0864548098338349
0.0700283959654063
0.0567230007319791
0.0459456305929031
0.0372159607802515
0.0301449282320037
0.024417391867923
0.0197780874130176
0.0160202508045443
0.0129764031516809
0.0105108865528615
0.00851381810781782
0.00689619266733244
0.00558591606053927
0.00452459200903681
0.00366491952731982
0.00296858481712905
0.00240455370187453
0.00194768849851837
0.00157762768379988
0.0012778784238779
0.0010350815233411
0.000838416033906293
0.000679116987464097
0.190550084759846
0.154345568655475
0.125019910610935
0.101266127594857
0.0820255633518344
0.0664407063149859
0.0538169721151386
0.0435917474132622
0.0353093154047424
0.0286005454778414
0.0231664418370515
0.0187648178880117
0.0151995024892895
0.0123115970163245
0.00997239358322284
0.0080776388024105
0.196542887429953
0.159199738818262
0.128951788442792
0.104450948638661
0.0846052683973157
0.0685302674018258
0.0555095165954789
0.0449627084423379
0.0364197938382937
0.0295000330090179
0.0238950267373045
0.0193549716572166
0.0156775270423455
0.2026987969043
0.164186025492483
0.132990680648911
0.107722451325618
0.0872551855737506
0.070676700314738
0.0572481272549378
0.2363709830765
0.191460496291965
0.155083001996491
0.125617231617158
0.101749957609898
0.0824174656640174
0.0667581471878541
0.0540740992221618
0.0438000203699511
0.0354780164996604
0.0287371933647249
0.0232771266254272
0.018854472566596
0.0152721227789428
0.0123704194509436
0.0100200397552644
0.198116232201764
0.160474148083429
0.129984059947577
0.105287088557538
0.0852825417316056
0.0690788588026005
0.0559538756301064
0.235322639260386
0.570611337800913
0.462195183618739
0.374378098731179
0.303246259972255
0.435629470577527
0.352859871167797
0.285816495645915
0.421511361473191
0.531424202793285
0.430453604262561
0.538667419452674
0.436320609756666
0.3534196939029
0.286269952061349
0.231878661169692
0.567821715547451
0.459935589593435
0.372547827570683
0.301763740332253
0.244428629669125
0.197987190031991
0.160369623925913
0.129899395379989
0.105218510257791
0.0852269933088111
0.069033864580137
0.055917430309911
0.0452931185510279
0.0366874260263326
0.0297168150813294
0.0240706202158768
0.0194972023748602
0.0157927339236368
0.0127921144781458
0.0103616127272981
0.00839290630911146
0.00679825411038028
0.00550658582940803
0.194460334521821
0.157512870962675
0.127585425479766
0.103344194638611
0.0837087976572748
0.0678041261023926
0.054921342142938
0.0444862871357798
0.0360338925799816
0.219187452989785
0.177541836921726
0.333808887906598
0.270385199204344
0.219012011355519
0.17739972919797
0.143693780650356
0.116391962326788
0.0942774894846986
0.0763647664826059
0.0618554608509108
0.0501029232892377
0.0405833678642826
0.0328725279700689
0.0266267476557558
0.0215676656011622
0.207469809136941
0.168050545400923
0.136120941774747
0.110257962837545
0.279308949898412
0.226240249417714
0.183254602028348
0.148436227642962
0.120233344390799
0.0973890089565473
0.0788850972548033
0.253896928776391
0.205656512308876
0.16658177497019
0.134931237725854
0.109294302557942
0.0885283850719327
0.0717079919082655
0.0580834734456951
0.047047613491013
0.228108566927721
0.374767939211454
0.303562030761278
0.245885244916635
0.389167048382474
0.315225309189804
0.255332500443741
0.206819325359431
0.167523653541139
0.135694159368322
0.109912269088341
0.0890289379615563
0.0721134397488606
0.0584118861965771
0.237313627819227
0.192224038533574
0.155701471212195
0.126118191681878
0.102155735262321
0.27274614556248
0.220924377905609
0.178948746103543
0.14494848434387
0.117408272318535
0.0951007005780132
0.267031567468191
0.406295569649234
0.32909941141588
0.456570523246863
0.369822123829959
0.299555920302267
0.242640295444836
0.196538639310317
0.159196297841357
0.128949001251499
0.104448691013714
0.0846034397211086
0.068528786174098
0.0555083168010194
0.0449617366088257
0.0364190066531488
0.0294993953890505
0.0238945102651309
0.0193545533147561
0.0156771881849524
0.0126985224298114
0.0102858031681473
0.00833150056619929
0.00674851545862143
0.00546629752148336
0.00442770099240152
0.00358643780384523
0.192905014621115
0.156253061843103
0.126564980092913
0.10251763387526
0.0830392834389604
0.067261819585558
0.054482073864302
0.0441304798300846
0.0357456886623685
0.0289540078165185
0.02345274633138
0.0189967245284178
0.0153873468680184
0.202463750963095
0.163995638280107
0.322836467006887
0.261497538275578
0.211813006003218
0.171568534862607
0.138970513238712
0.112566115723356
0.0911785537359187
0.0738546285260941
0.0598222491061363
0.0484560217759704
0.039249377638536
0.0317919958872142
0.215751516668643
0.174758728501601
0.141554570086297
0.114659201769901
0.0928739534336195
0.0752279022812318
0.0609346008477978
0.0493570266867162
0.0399791916162401
0.0323831452091545
0.0262303476194151
0.0212465815717263
0.0172097310730983
0.0139398821692096
0.0112913045570598
0.00914595669121842
0.00740822491988692
0.00600066218510841
0.00486053636993781
0.00393703445964963
0.0031889979123162
0.00258308830897612
0.00209230153027066
0.00169476423951923
0.00137275903401058
0.00111193481754857
0.000900667202214341
0.000729540433793616
0.000590927751372829
0.000478651478611992
0.000387707697675713
0.000314043235117328
0.000254375020445035
0.000206043766560479
0.000166895450913988
0.00013518531524033
0.000109500105344667
8.86950853291806e-05
7.18430191166363e-05
5.81928454844754e-05
4.71362048424251e-05
3.81803259223643e-05
0.190030926063997
0.153925050111838
0.314679290590589
0.254890225378377
0.206461082556485
0.167233476870753
0.13545911626531
0.109721884174901
0.0888747261816699
0.0719885282071526
0.0583107078477936
0.0472316733567128
0.0382576554189374
0.0309887008893393
0.0251008477203648
0.0203316866534955
0.0164686661893314
0.0133396196133584
0.0108050918868203
0.00875212442832445
0.0070892207869428
0.00574226883742367
0.00465123775831317
0.00376750258423367
0.00305167709322927
0.00247185844551571
0.00200220534086773
0.00162178632610286
0.00131364692414332
0.00106405400855609
0.00086188374693043
0.000698125835013648
0.000565481926361055
0.000458040360352454
0.000371012691885488
0.000300520280427245
0.000243421427146069
0.000197171355988316
0.000159708798350536
0.000129364126663934
0.000104784942597787
8.48758035042071e-05
6.87494008384077e-05
5.56870146791103e-05
4.51064818900793e-05
3.65362503309643e-05
2.9594362768081e-05
2.39714338421457e-05
1.9416861412138e-05
1.57276577438318e-05
1.27394027725037e-05
1.0318916245728e-05
8.3583221590397e-06
6.77024094882216e-06
5.48389516854595e-06
4.44195508652222e-06
3.597983620083e-06
2.91436673226723e-06
2.36063705313645e-06
0.380001912116013
0.307801548813971
0.249319254539316
0.201948596176846
0.353578362903245
0.286398473951629
0.231982763900819
0.187906038759664
0.152203891395328
0.123285152030215
0.289860973144474
0.234787388247024
0.19017778448009
0.154044005428873
0.314775644397387
0.254968271961883
0.206524300289126
0.167284683234192
0.325500593419695
0.263655480669953
0.213560939342662
0.172984360867556
0.140117332302721
0.113495039165204
0.281930981723815
0.22836409519629
0.184974917108995
0.339829682858286
0.275262043115212
0.222962254923321
0.18059942648789
0.146285535455191
0.118491283718705
0.095977939812151
0.0777421312478423
0.0629711263107523
0.0510066123117093
0.0413153559724846
0.0334654383377125
0.217107005053547
0.175856674093373
0.142443906015632
0.115379563872662
0.0934574467368564
0.0757005318568536
0.0613174308040515
0.0496671189512817
0.0402303663505382
0.0325865967439359
0.0263951433625881
0.0213800661236964
0.0173178535601941
0.0140274613837572
0.0113622437208433
0.00920341741388309
0.0074547681052453
0.196038362165249
0.158791073353851
0.12862076941662
0.104182823227462
0.0843880868142442
0.0683543503195378
0.0553670237588256
0.0448472892446488
0.0363263042881655
0.219424306473414
0.367733688243465
0.297864287477207
0.241270072856538
0.195428759013796
0.158297294801174
0.318220808788951
0.257758855119051
0.208784672646431
0.169115584843609
0.136983623723323
0.110956735215892
0.279874955524873
0.226698713975147
0.183625958319869
0.148737026239094
0.120476991253666
0.0975863629154694
0.0790449539615303
0.0640264127088395
0.05186139429416
0.23200772937827
0.187926260796398
0.152220271245083
0.123298419708517
0.0998717199638988
0.080896093170758
0.065525835468314
0.433075926729334
0.350791500650761
0.284141115527116
0.230154303576964
0.186424985897341
0.151004238576846
0.122313433247245
0.0990738809302688
0.0802498435535178
0.255002373278349
0.206551922355463
0.167307057107925
0.135518716257419
0.10977016016851
0.278913829736493
0.225920202086559
0.182995363690113
0.148226244588992
0.120063258117083
0.0972512390748373
0.0787735036506182
0.0638065379570008
0.0516832957451706
0.0418634695535882
0.223909410338406
0.181366622374109
0.146906964123028
0.118994640939653
0.096385659161119
0.0780723839205064
0.0632386309756102
0.0512232910902442
0.0414908657830978
0.0336076012843093
0.0272221570402905
0.0220499472026353
0.0178604572341346
0.204466970359649
0.355618245991316
0.478050779252966
0.387221131194902
0.313649116267871
0.254055784176975
0.20578518518335
0.166685999998514
0.135015659998796
0.109362684599025
0.0885837745252101
0.0717528573654202
0.24811981446599
0.200977049717452
0.162791410271136
0.13186104231962
0.106807444278893
0.086514029865903
0.0700763641913814
0.0567618549950189
0.0459771025459654
0.0372414530622319
0.0301655769804079
0.0244341173541304
0.0197916350568456
0.0160312243960449
0.0129852917607964
0.0105180863262451
0.00851964992425852
0.196900916438649
0.159489742315306
0.129186691275398
0.104641219933072
0.0847593881457886
0.0686551043980887
0.0556106345624519
0.045044613995586
0.0364861373364247
0.029553771242504
0.0239385547064282
0.0193902293122069
0.0157060857428876
0.0127219294517389
0.0103047628559085
0.00834685791328591
0.00676095490976159
0.00547637347690689
0.00443586251629458
0.00359304863819861
0.00291036939694087
0.00235739921152211
0.00190949336133291
0.00154668962267966
0.00125281859437052
0.00101478306144012
0.000821974279766499
0.000665799166610864
0.0005392973249548
0.000436830833213388
0.000353832974902844
0.000286604709671304
0.000232149814833756
0.000188041350015343
0.000152313493512427
0.000123373929745066
9.99328830935037e-05
8.0945635305738e-05
6.55659645976478e-05
5.31084313240947e-05
4.30178293725167e-05
3.48444417917385e-05
2.82239978513082e-05
2.28614382595597e-05
1.85177649902433e-05
1.49993896420971e-05
1.21495056100986e-05
9.84109954417991e-06
7.97129063078572e-06
6.45674541093644e-06
5.22996378285851e-06
4.2362706641154e-06
3.43137923793347e-06
2.77941718272611e-06
2.25132791800815e-06
1.8235756135866e-06
1.47709624700515e-06
1.19644796007417e-06
9.69122847660078e-07
7.84989506604663e-07
6.35841500349777e-07
5.1503161528332e-07
4.17175608379489e-07
3.37912242787386e-07
2.73708916657783e-07
2.21704222492804e-07
1.79580420219171e-07
1.45460140377529e-07
1.17822713705798e-07
9.54363981016966e-08
7.73034824623742e-08
6.26158207945231e-08
5.07188148435638e-08
4.10822400232866e-08
3.32766144188622e-08
2.69540576792784e-08
2.18327867202155e-08
1.76845572433745e-08
1.43244913671334e-08
1.1602838007378e-08
9.39829878597621e-09
7.61262201664073e-09
6.16622383347899e-09
4.99464130511798e-09
4.04565945714557e-09
3.27698416028791e-09
2.65435716983321e-09
2.1500293075649e-09
1.74152373912757e-09
1.41063422869333e-09
1.1426137252416e-09
9.25517117445694e-10
7.49668865131012e-10
6.0723178075612e-10
4.91857742412457e-10
3.9840477135409e-10
3.22707864796813e-10
2.61393370485419e-10
2.11728630093189e-10
1.71500190375483e-10
1.38915154204141e-10
1.12521274905355e-10
9.11422326733372e-11
7.38252084654031e-11
5.97984188569765e-11
4.8436719274151e-11
3.92337426120623e-11
3.17793315157705e-11
2.57412585277741e-11
2.0850419407497e-11
1.68888397200726e-11
1.36799601732588e-11
1.10807677403396e-11
8.97542186967509e-12
7.27009171443683e-12
0.190000000005889
0.15390000000477
0.124659000003864
0.10097379000313
0.0817887699025349
0.0662489036210533
0.0536616119330532
0.0434659056657731
0.0352073835892762
0.0285179807073137
0.0230995643729241
0.0187106471420685
0.0151556241850755
0.0122760555899112
0.00994360502782805
0.00805432007254072
0.196523999258758
0.349184439399594
0.282839395913671
0.229099910690074
0.18557092765896
0.150312451403757
0.121753085637043
0.288619999366005
0.233782199486464
0.189363581584036
0.343384501083069
0.278141445877286
0.415294571160602
0.336388602640087
0.272474768138471
0.220704562192161
0.178770695375651
0.334804263254277
0.271191453235964
0.219665077121131
0.177928712468116
0.144122257099174
0.116739028250331
0.0945586128827682
0.0765924764350423
0.252039905912384
0.394152323789031
0.319263382269115
0.258603339637983
0.209468705106767
0.169669651136481
0.13743241742055
0.111320258110645
0.0901694090696226
0.0730372213463943
0.0591601492905794
0.0479197209253693
0.228814973949549
0.185340128899135
0.340125504408299
0.275501658570722
0.223156343442285
0.180756638188251
0.336412876932483
0.272494430315312
0.410720488555402
0.522683595729876
0.423373712541199
0.342932707158372
0.277775492798281
0.224998149166608
0.182248500824952
0.147621285668211
0.119573241391251
0.286854325526913
0.4223520036768
0.342105122978208
0.277105149612348
0.224455171186002
0.181808688660662
0.147265037815136
0.11928468063026
0.0966205913105108
0.0782626789615138
0.443392769958826
0.359148143666649
0.290909996369986
0.425637097059689
0.344766048618348
0.279260499380862
0.226201004498498
0.183222813643783
0.148410479051465
0.310212488031686
0.251272115305666
0.393530413397589
0.318759634852047
0.258195304230158
0.209138196426428
0.359401939105407
0.29111557067538
0.235803612247058
0.191000925920117
0.344710749995294
0.279215707496189
0.226164723071913
0.183193425688249
0.148386674807482
0.12019320659406
0.0973564973411889
0.078858762846363
0.0638755979055541
0.0517392343034988
0.231908779785834
0.187846111626526
0.152155350417486
0.313245833838163
0.253729125408912
0.205520591581219
0.166471679180787
0.134842060136438
0.109222068710515
0.0884698756555169
0.0716605992809687
0.0580450854175846
0.0470165191882436
0.0380833805424773
0.220847538239407
0.178886505973919
0.144898069838875
0.117367436569489
0.0950676236212857
0.0770047751332414
0.252373867857926
0.20442283296492
0.355582494701585
0.288021820708284
0.23329767477371
0.188971116566705
0.343066604419031
0.277883949579415
0.225085999159326
0.182319659319054
0.527678924048434
0.617419928479232
0.690110142068178
0.558989215075224
0.452781264210931
0.366752824010854
0.297069787448792
0.240626527833522
0.194907487545153
0.157875064911574
0.317878802578375
0.257481830088483
0.208560282371672
0.168933828721054
0.326836401264054
0.264737485023884
0.214437362869346
0.17369426392417
0.140692353778578
0.113960806560648
0.0923082533141249
0.0747696851844411
0.0605634449993973
0.0490563904495118
0.0397356762641046
0.0321858977739247
0.026070577196879
0.021117167529472
0.0171049056988723
0.203854973616087
0.16512252862903
0.133749248189514
0.108336891033507
0.0877528817371404
0.0710798342070837
0.0575746657077378
0.0466354792232677
0.0377747381708468
0.0305975379183859
0.0247840057138926
0.020075044628253
0.206260786148885
0.357071236780597
0.289227701792283
0.23427443845175
0.379762295145917
0.307607459068193
0.249162041845236
0.201821253894641
0.35347521565466
0.476314924680274
0.385815088991022
0.312510222082728
0.25313327988701
0.205037956708478
0.166080744933867
0.134525403396432
0.29896557675111
0.242162117168399
0.196151314906403
0.158882565074187
0.128694877710091
0.104242850945174
0.0844367092655909
0.0683937345051287
0.0553989249491542
0.0448731292088149
0.0363472346591401
0.0294412600739035
0.0238474206598618
0.0193164107344881
0.0156462926949353
0.0126734970828976
0.0102655326371471
0.00831508143608913
0.0067352159632322
0.00545552493021808
0.00441897519347664
0.193579369906716
0.15679928962444
0.127007424595796
0.102876013922595
0.0833295712773021
0.0674969527346147
0.0546725317150379
0.0442847506891807
0.0358706480582364
0.0290552249271715
0.0235347321910089
0.0190631330747172
0.0154411377905209
0.012507321610322
0.0101309305043608
0.00820605370853223
0.00664690350391111
0.005383991838168
0.00436103338891608
0.00353243704502202
0.00286127400646784
0.00231763194523895
0.00187728187564355
0.00152059831927128
0.00123168463860973
0.000997664557273884
0.000808108291391846
0.000654567716027395
0.00053019984998219
0.000429461878485574
0.000347864121573315
0.000281769938474385
0.000228233650164252
0.000184869256633044
0.190149744097873
0.154021292719277
0.124757247102614
0.101053370153118
0.0818532298240253
0.0663011161574605
0.053703904087543
0.0435001623109098
0.035235131471837
0.0285404564921879
0.0231177697586722
0.0187253935045245
0.0151675687386649
0.0122857306783185
0.00995144184943801
0.00806066789804479
0.00652914099741628
0.00528860420790719
0.00428376940840482
0.00346985322080791
0.0028105811088544
0.00227657069817207
0.00184402226551937
0.00149365803507069
0.00120986300840726
0.000979989036809882
0.190793791119816
0.154542970807051
0.125179806353711
0.101395643146506
0.27213047094867
0.220425681468423
0.178544801989422
0.334621289611432
0.27104324458526
0.219545028114061
0.177831472772389
0.144043492945635
0.116675229285965
0.0945069357216313
0.0765506179345214
0.0620060005269623
0.0502248604268395
0.04068213694574
0.0329525309260494
0.0266915500501
0.211620155540581
0.361412325987871
0.292743984050175
0.237122627080642
0.19206932793532
0.155576155627609
0.126016686058363
0.292073515707274
0.236579547722892
0.191629433655543
0.15521984126099
0.125728071421402
0.101839737851335
0.0824901876595816
0.256817052004261
0.398021812123452
0.322397667819996
0.261142110934197
0.211525109856699
0.171335338983926
0.13878162457698
0.112413115907354
0.0910546238849568
0.073754245346815
0.0597409387309202
0.0483901603720454
0.0391960299013567
0.031748784220099
0.21571651521828
0.174730377326807
0.141531605634714
0.114640600564118
0.0928588864569356
0.265215698030118
0.214824715404395
0.17400801947756
0.140946495776824
0.114166661579227
0.282474995879174
0.228804746662131
0.375331844796326
0.304018794285024
0.43625522337087
0.353366730930404
0.286227052053628
0.231843912163438
0.187793568852385
0.152112790770432
0.12321136052405
0.0998012020244804
0.0808389736398292
0.255479568648262
0.586938450605092
0.475420144990124
0.575090317442001
0.845823157128021
0.685116757273697
0.554944573391694
0.449505104447273
0.554099134602291
0.448820299027856
0.553544442212563
0.448370998192176
0.363180508535663
0.484176211913887
0.392182731650248
0.317668012636701
0.257311090235728
0.20842198309094
0.168821806303661
0.136745663105966
0.110763987115832
0.089718829563824
0.0726722519466974
0.0588645240768249
0.0476802645022282
0.0386210142468048
0.0312830215399119
0.0253392474473287
0.0205247904323362
0.206625080250192
0.167366315002656
0.135566715152151
0.109809039273242
0.278945321811326
0.225945710667174
0.183016025640411
0.148242980768733
0.120076814422674
0.287262219682366
0.232682397942716
0.1884727423336
0.152662921290216
0.123656966245075
0.100162142658511
0.0811313355533938
0.065716381798249
0.0532302692565817
0.0431165180978312
0.0349243796592433
0.218288747523987
0.17681388549443
0.143219247250488
0.116007590272895
0.0939661481210451
0.0761125799780466
0.0616511897822177
0.0499374637235964
0.040449345616113
0.0327639699490516
0.0265388156587318
0.0214964406835727
0.0174121169536939
0.0141038147324921
0.0114240899333186
0.00925351284598805
0.00749534540525032
0.00607122977825276
0.194917696120385
0.157883333857512
0.127885500424584
0.103587255343913
0.0839056768285699
0.257963598231142
0.208950514567225
0.169249916799452
0.137092432607556
0.30104487041212
0.243846345033818
0.197515539477392
0.349987586976688
0.473489945451117
0.383526855815405
0.310656753210478
0.251631970100487
0.203821895781395
0.16509573558293
0.133727545822173
0.10831931211596
0.0877386428139277
0.0710683006792815
0.057565323550218
0.0466279120756766
0.227768608781298
0.374492573112851
0.30333898422141
0.245704577219342
0.199020707547667
0.16120677311361
0.130577486222024
0.10576776383984
0.0856718887102702
0.0693942298553188
0.0562093261828083
0.0455295542080747
0.0368789389085405
0.0298719405159178
0.0241962718178934
0.0195989801724937
0.0158751739397199
0.0128588908911731
0.0104157016218502
0.00843671831369867
0.00683374183409593
0.0055353308856177
0.00448361801735034
0.00363173059405377
0.00294170178118356
0.00238277844275868
0.00193005053863453
0.00156334093629397
0.00126630615839812
0.00102570798830247
0.000830823470525005
0.000672967011125254
0.000545103279011456
0.000441533655999279
0.000357642261359416
0.190289690231701
0.154134649087678
0.124849065761019
0.101127743266425
0.0819134720458047
0.0663499123571018
0.0537434290092524
0.0435321774974945
0.0352610637729705
0.0285614616561061
0.023134783941446
0.0187391749925712
0.0151787317439827
0.012294772712626
0.00995876589722705
0.00806660037675391
0.00653394630517067
0.195292496507188
0.158186922170823
0.318131406958366
0.257686439636277
0.208726016105384
0.169068073045361
0.136945139166743
0.110925562725061
0.0898497058072998
0.0727782617039128
0.0589503919801694
0.0477498175039372
0.0386773521781891
0.0313286552643332
0.21537621076411
0.174454730718929
0.141308331882333
0.114459748824689
0.0927123965479984
0.0750970412038787
0.0608286033751417
0.0492711687338648
0.0399096466744305
0.0323268138062887
0.0261847191830939
0.021209622538306
0.0171797942560279
0.0139156333473826
0.0112716630113799
0.00913004703921771
0.197395338101766
0.159890223862431
0.129511081328569
0.104903975876141
0.0849722204596741
0.068827498572336
0.0557502738435922
0.0451577218133097
0.0365777546687808
0.0296279812817125
0.0239986648381871
0.0194389185189316
0.0157455240003346
0.012753874440271
0.0103306382966195
0.0083678170202618
0.00677793178641206
0.195490124746994
0.158347001045065
0.128261070846503
0.103891467385667
0.0841520885823904
0.0681631917517362
0.0552121853189063
0.0447218701083141
0.0362247147877344
0.0293420189780649
0.0237670353722326
0.0192512986515084
0.0155935519077218
0.0126307770452547
0.0102309294066563
0.00828705281939158
0.00671251278370718
0.00543713535480282
0.00440407963739028
0.00356730450628613
0.00288951665009176
0.00234050848657433
0.00189581187412521
0.00153560761804142
0.00124384217061355
0.00100751215819697
0.000816084848139549
0.000661028726993035
0.000535433268864358
0.19043370094778
0.154251297767702
0.124943551191839
0.101204276465389
0.0819754639369653
0.0664001257889419
0.0537841018890429
0.0435651225301248
0.0352877492494011
0.0285830768920149
0.213152292282532
0.172653356748851
0.139849218966569
0.113277867362921
0.0917550725639661
0.0743216087768126
0.0602005031092182
0.0487624075184667
0.0394975500899581
0.031993015572866
0.0259143426140215
0.210990617517357
0.17090240018906
0.138430944153138
0.112129064764042
0.090824542458874
0.0735678793916879
0.0595899823072672
0.0482678856688864
0.039096987391798
0.0316685597873564
0.0256515334277587
0.0207777420764845
0.0168299710819525
0.203632276576381
0.164942144026869
0.133603136661764
0.108218540696029
0.277657017963783
0.224902184550664
0.182170769486038
0.147558323283691
0.30952224185979
0.25071301590643
0.393077542884208
0.318392809736209
0.257898175886329
0.208897522467926
0.35920699319902
0.290957664491207
0.425675708237877
0.534797323672681
0.433185832174871
0.350880524061646
0.474213224489933
0.384112711836846
0.501131296587845
0.405916350236155
0.518792243691285
0.420221717389941
0.340379591085852
0.27570746877954
0.223323049711428
0.180891670266257
0.146522252915668
0.118683024861691
0.0961332501379696
0.0778679326117554
0.0630730254155219
0.0510891505865727
0.0413822119751239
0.0335195916998504
0.0271508692768788
0.0219922041142718
0.0178136853325602
0.204429085119374
0.165587558946693
0.134125922746821
0.108641997424925
0.278000017914189
0.225180014510493
0.1823958117535
0.147740607520335
0.119669892091471
0.0969326125940916
0.0785154162012142
0.253597487122984
0.205413964569617
0.16638531130139
0.134772102154125
0.109165402744842
0.0884239762233218
0.0716234207408906
0.248014970800121
0.200892126348098
0.16272262234196
0.131805324096987
0.10676231251856
0.0864774731400334
0.0700467532434271
0.0567378701271759
0.0459576748030125
0.0372257165904401
0.220152830438257
0.178323792654988
0.33444227205054
0.270898240360938
0.219427574692359
0.177736335500811
0.143966431755657
0.116612809722082
0.0944563758748866
0.0765096644586582
0.0619728282115131
0.0501979908513256
0.0406603725895738
0.222934901797555
0.180577270456019
0.146267589069376
0.118476747146194
0.0959661651884174
0.0777325938026181
0.252963400980121
0.394900354793898
0.319869287383057
0.259094122780276
0.399866239452024
0.323891653956139
0.262352239704473
0.402505314160623
0.516029304470105
0.607983736620785
0.682466826662836
0.742798129596897
0.601666484973487
0.487349852828524
0.774753380791105
0.627550238440795
0.508315693137044
0.411735711441006
0.333505926267214
0.270139800276444
0.218813238223919
0.177238722961375
0.143563365598714
0.116286326134958
0.094191924169316
0.0762954585771459
0.0617993214474882
0.0500574503724655
0.040546534801697
0.0328426931893746
0.0266025814833934
0.0215480910015487
0.0174539537112544
0.0141377025061161
0.011451539029954
0.00927574661426276
0.00751335475755284
0.0060858173536178
0.00492951205643042
0.193992904765709
0.347134252860224
0.281178744816782
0.227754783301593
0.18448137447429
0.149429913324175
0.121038229792582
0.0980409661319914
0.079413182566913
0.0643246778791995
0.0521029890821516
0.0422034211565428
0.0341847711367997
0.0276896646208078
0.212428628342854
0.172067188957712
0.139374423055747
0.112893282675155
0.0914435589668754
0.0740692827631691
0.059996119038167
0.0485968564209153
0.0393634537009414
0.0318843974977625
0.215826361973188
0.174819353198282
0.141603676090608
0.114698977633393
0.0929061718830482
0.075253999225269
0.0609557393724679
0.049374148891699
0.0399930606022762
0.0323943790878437
0.0262394470611534
0.0212539521195343
0.0172157012168228
0.0139447179856264
0.0112952215683574
0.00914912947036951
0.0074107948709993
0.00600274384550944
0.194862222514863
0.157838400237039
0.127849104192001
0.103557774395521
0.0838817972603721
0.0679442557809014
0.0550348471825302
0.0445782262178494
0.036108363236458
0.029247774221531
0.0236906971194401
0.0191894646667465
0.0155434663800647
0.0125902077678524
0.0101980682919604
0.00826043531648795
0.00669095260635524
0.00541967161114775
0.00438993400502967
0.00355584654407404
0.00288023570069997
0.00233299091756698
0.00188972264322925
0.00153067534101569
0.00123984702622271
0.0010042760912404
0.000813463633904721
0.000658905543462824
0.000533713490204887
0.000432307927065959
0.000350169420923427
0.000283637230947976
0.00022974615706786
0.000186094387224967
0.000150736453652223
0.000122096527458301
9.88981872412236e-05
8.01075316653911e-05
6.48871006489668e-05
5.25585515256631e-05
4.25724267357871e-05
3.44836656559876e-05
2.79317691813499e-05
2.26247330368935e-05
1.83260337598837e-05
1.48440873455058e-05
1.20237107498597e-05
9.73920570738635e-06
7.88875662298295e-06
6.38989286461619e-06
5.17581322033911e-06
4.19240870847468e-06
3.39585105386449e-06
2.75063935363024e-06
2.22801787644049e-06
1.8046944799168e-06
1.46180252873261e-06
1.18406004827341e-06
9.59088639101464e-07
7.76861797672186e-07
6.29258056114471e-07
5.09699025452721e-07
4.12856210616704e-07
3.34413530599531e-07
2.7087495978562e-07
2.19408717426352e-07
1.77721061115345e-07
1.4395405950343e-07
1.16602788197778e-07
9.44482584402001e-08
7.65030893365621e-08
6.19675023626153e-08
0.190000050193677
0.153900040656878
0.314659032932071
0.254873816674978
0.206447791506732
0.167222711120453
0.135450396007567
0.299714820766129
0.242769004820565
0.386642893904657
0.313180744062773
0.253676402690846
0.205477886179585
0.166437087805464
0.134814041122426
0.109199373309165
0.0884514923804236
0.0716457088281431
0.0580330241507959
0.0470067495621447
0.0380754671453372
0.0308411283877231
0.0249813139940557
0.210234864335185
0.1702902401115
0.137935094490315
0.111727426537155
0.0904992154950957
0.0733043645510275
0.0593765352863323
0.428094993581929
0.346756944801363
0.280873125289104
0.227507231484174
0.184280857502181
0.149267494576767
0.120906670607181
0.287934403191817
0.423226866585371
0.532813761934151
0.621579147166662
0.503479109204997
0.407818078456047
0.330332643549398
0.267569441275013
0.21673124743276
0.175552310420536
0.142197371440634
0.115179870866914
0.0932956954022
0.075569513275782
0.0612113057533834
0.239581157660241
0.194060737704795
0.157189197540884
0.127323250008116
0.103131832506574
0.0835367843303249
0.0676647953075632
0.0548084841991262
0.234394872201292
0.189859846483047
0.533786475651268
0.622367045277527
0.504117306674797
0.408335018406585
0.330751364909334
0.457908605576561
0.370905970517014
0.490433836118781
0.397251407256213
0.321773639877533
0.450636648300801
0.365015685123649
0.485662704950156
0.393386791009626
0.318643300717797
0.258101073581416
0.209061869600947
0.169340114376767
0.327165492645181
0.265004049042597
0.214653279724503
0.173869156576848
0.140834016827247
0.11407555363007
0.0924011984403566
0.0748449707366889
0.060624426296718
0.0491057853003416
0.229775686093277
0.186118305735554
0.150755827645799
0.122112220393097
0.0989108985184086
0.080117827799911
0.0648954405179279
0.0525653068195216
0.232577898523812
0.188388097804288
0.152594359221473
0.123601430969393
0.100117159085209
0.0810948988590191
0.0656868680758054
0.0532063631414024
0.043097154144536
0.0349086948570741
0.02827604283423
0.0229035946957263
0.0185519117035383
0.0150270484798661
0.0121719092686915
0.00985924650764012
0.0079859896711885
0.00646865163366268
0.00523960782326677
0.00424408233684609
0.00343770669284533
0.00278454242120472
0.00225547936117582
0.00182693828255242
0.191479820008867
0.155098654207183
0.125629909907818
0.101760227025333
0.0824257838905194
0.0667648849513207
0.0540795568105698
0.0438044410165615
0.0354815972234148
0.028740093750966
0.0232794759382825
0.208856375510009
0.169173664163107
0.137030667972117
0.110994841057415
0.0899058212565058
0.26282371521777
0.212887209326393
0.172438639554379
0.139675298039047
0.113136991411628
0.0916409630434186
0.264229180065169
0.214025635852787
0.173360765040757
0.330422219683014
0.647641997943241
0.524590018334025
0.424917914850561
0.344183511028954
0.278788643933453
0.225818801586097
0.182913229284738
0.148159715720638
0.120009369733717
0.0972075894843107
0.0787381474822917
0.253777899460656
0.205560098563132
0.166503679836137
0.134867980667271
0.299243064340489
0.242386882115796
0.196333374513795
0.159030033356174
0.128814327018501
0.484339604884986
0.392315079956839
0.317775214765039
0.447397923959682
0.362392318407342
0.483537777909947
0.391665600107057
0.317249136086716
0.25697180023024
0.208147158186495
0.168599198131061
0.136565350486159
0.110617933893789
0.0896005264539691
0.0725764264277149
0.0587869054064491
0.0476173933792238
0.0385700886371713
0.0312417717961087
0.0253058351548481
0.0204977264754269
0.0166031584450958
0.0134485583405276
0.0108933322558274
0.00882359912722017
0.197147115293048
0.349689163387369
0.283248222343769
0.419431060098453
0.339739158679747
0.275188718530595
0.222902862009782
0.180551318227923
0.146246567764618
0.118459719889341
0.0959523731103659
0.0777214222193964
0.0629543519977111
0.050993025118146
0.0413043503456982
0.0334565237800156
0.0270997842618126
0.0219508252520682
0.0177801684541753
0.014401936447882
0.0116655685227844
0.00944911050345536
0.00765377950779884
0.00619956140131706
0.00502164473506682
0.00406753223540412
0.00329470111067734
0.00266870789964865
0.0021616533987154
0.191750939252959
0.155318260794897
0.125807791243867
0.101904310907532
0.082542491835101
0.0668594183864318
0.0541561288930098
0.0438664644033379
0.0355318361667037
0.02878078729503
0.0233124377089743
0.0188830745442692
0.015295290380858
0.012389185208495
0.010035240018881
0.00812854441529358
0.0065841209763878
0.00533313799087412
0.00431984177260804
0.00349907183581251
0.00283424818700813
0.00229574103147659
0.00185955023549604
0.00150623569075179
0.00122005090950895
0.000988241236702249
0.000800475401728822
0.000648385075400346
0.00052519191107428
0.000425405447970167
0.000344578412855835
0.000279108514413227
0.000226077896674713
0.000183123096306518
0.00014832970800828
0.190120147063487
0.153997319121424
0.124737828488354
0.101037641075566
0.0818404892712088
0.0662907963096792
0.0536955450108401
0.0434933914587805
0.0352296470816122
0.0285360141361059
0.0231141714502458
0.0187224788746991
0.0151652078885063
0.0122838183896901
0.00994989289564896
0.00805941324547566
0.00652812472883528
0.00528778103035658
0.00428310263458883
0.00346931313401695
0.00281014363855373
0.00227621634722852
0.0018437352412551
0.00149342554541663
0.00120967469178747
0.000979836500347854
0.000793667565281762
0.000642870727878227
0.000520725289581364
0.000421787484560905
0.000341647862494333
0.00027673476862041
0.000224155162582532
0.000181565681691851
0.000147068202170399
0.000119125243758023
9.64914474439989e-05
7.81580724296391e-05
6.33080386680077e-05
5.12795113210862e-05
4.15364041700799e-05
3.36444873777647e-05
2.72520347759894e-05
2.20741481685514e-05
0.190017880060017
0.153914482848613
0.124670731107377
0.100983292196975
0.08179646667955
0.0662551380104355
0.243666661788453
0.197369996048647
0.159869696799404
0.129494454407517
0.104890508070089
0.084961311536772
0.0688186623447853
0.245743116499276
0.199051924364414
0.161232058735175
0.130597967575492
0.295784353736148
0.23958532652628
0.194064114486287
0.157191932733892
0.127325465514453
0.103133627066707
0.0835382379240326
0.0676659727184664
0.0548094379019578
0.0443956447005858
0.0359604722074745
0.0291279824880544
0.023593665815324
0.0191108693104125
0.205479804141434
0.356438641354562
0.288715299497195
0.423859392592728
0.34332610800011
0.278094147480089
0.605256259458872
0.490257570161686
0.587108631830966
0.475557991783082
0.575201973344297
0.46591359840888
0.377390014711193
0.305685911916066
0.247605588652014
0.390560526808131
0.506354026714586
0.410146761638815
0.33221887692744
0.459097290311227
0.371868805152094
0.301213732173196
0.243983123060289
0.387626329678834
0.503977327039855
0.408221634902283
0.520659524270849
0.421734214659388
0.531604713874104
0.430599818238024
0.3487858527728
0.282516540745968
0.228838398004234
0.18535910238343
0.150140872930578
0.121614107073768
0.0985074267297522
0.0797910156510993
0.0646307226773904
0.0523508853686863
0.232404217148636
0.188247415890395
0.15248040687122
0.313509129565688
0.253942394948207
0.205693339908048
0.166611605325519
0.13495540031367
0.109313874254073
0.0885442381457991
0.0717208328980973
0.0580938746474588
0.237056038464442
0.382015391156198
0.30943246683652
0.250640298137581
0.203018641491441
0.164445099608067
0.133200530682534
0.107892429852853
0.277392868180811
0.414688223226457
0.33589746081343
0.272076943258878
0.220382324039691
0.17850968247215
0.144592842802442
0.117120202669978
0.0948673641626819
0.0768425649717724
0.0622424776271356
0.0504164068779799
0.0408372895711637
0.0330782045526426
0.0267933456876405
0.0217026100069888
0.0175791141056609
0.0142390824255854
0.0115336567647241
0.00934226197942655
0.00756723220333551
0.00612945808470176
0.00496486104860843
0.00402153744937283
0.00325744533399199
0.192638530720534
0.156037209883632
0.696390140005742
0.754076013404651
0.610801570857767
0.874749272394792
0.708546910639781
0.573922997618223
0.464877628070761
0.566550878737316
0.648906211777226
0.525614031539553
0.425747365547038
0.344855366093101
0.279332846535412
0.226259605693684
0.183270280611884
0.148448927295626
0.120243631109457
0.0973973411986601
0.0788918463709147
0.0639023955604409
0.0517609404039571
0.0419263617272053
0.0339603529990363
0.0275078859292194
0.0222813876026677
0.208047923958161
0.16851881840611
0.136500242908949
0.110565196756249
0.279557809372562
0.416441825591775
0.337317878729338
0.273227481770764
0.221314260234319
0.369264550789798
0.299104286139736
0.242274471773187
0.386242322136281
0.312856280930388
0.253413587553614
0.205265005918427
0.166264654793926
0.32467437038308
0.262986240010295
0.213018854408339
0.172545272070755
0.139761670377311
0.113206953005622
0.0916976319345539
0.0742750818669887
0.0601628163122608
0.0487318812129313
0.0394728237824743
0.0319729872638042
0.0258981196836814
0.020977476943782
0.0169917563244634
0.0137633226228153
0.0111482913244804
0.00903011597282914
0.00731439393799161
0.0059246590897732
0.00479897386271629
0.0038871688288002
0.00314860675132816
0.192550371468576
0.155965800889546
0.126332298720533
0.102329161963631
0.272886621190541
0.221038163164339
0.179040912163114
0.335023138852123
0.461368742470219
0.373708681400878
0.302704031934711
0.245190265867116
0.198604115352364
0.160869333435415
0.130304160082686
0.105546369666976
0.27549255943025
0.223148973138503
0.180750668242187
0.146408041276172
0.118590513433699
0.0960583158812962
0.07780723586385
0.0630238610497185
0.051049327450272
0.0413499552347203
0.0334934637401234
0.0271297056295
0.021975061559895
0.207799799863515
0.168317837889447
0.136337448690452
0.110433333439266
0.0894510000858057
0.0724553100695026
0.0586888011562971
0.0475379289366007
0.0385057224386465
0.0311896351753037
0.025263604491996
0.0204635196385168
0.0165754509071986
0.0134261152348308
0.010875153340213
0.00880887420557252
0.00713518810651374
0.00577950236627613
0.00468139691668367
0.00379193150251377
0.00307146451703615
0.00248788625879928
0.00201518786962742
0.00163230217439821
0.00132216476126255
0.191070953456623
0.154767472299864
0.12536165256289
0.101542938575941
0.0822497802465122
0.0666223219996749
0.0539640808197367
0.0437109054639867
0.0354058334258292
0.0286787250749217
0.0232297673106866
0.0188161115216561
0.0152410503325415
0.0123452507693586
0.00999965312318045
0.00809971902977617
0.00656077241411869
0.00531422565543614
0.00430452278090328
0.00348666345253165
0.00282419739655064
0.00228759989120602
0.00185295591187687
0.00150089428862027
0.00121572437378242
0.000984736742763758
0.000797636761638644
0.000646085776927302
0.000523329479311115
0.000423896878242003
0.000343356471376022
0.000278118741814578
0.000225276180869808
0.000182473706504545
0.000147803702268681
0.000119720998837632
0.190096974009058
0.153978548947337
0.124722624647343
0.101025325964348
0.0818305140311219
0.0662827163652088
0.0536890002558191
0.0434880902072135
0.0352253530678429
0.0285325359849528
0.0231113541478117
0.0187201968597275
0.0151633594563793
0.0122823211596672
0.00994868013933045
0.00805843091285767
0.00652732903941471
0.195287136521926
0.34818258058276
0.282027890272036
0.228442591120349
0.185038498807483
0.149881184034061
0.121403759067589
0.288337044844747
0.233553006324245
0.189177935122639
0.153234127449337
0.124119643233963
0.10053691101951
0.271434897925803
0.219862267319901
0.36808843652912
0.298151633588587
0.241502823206755
0.385617286797472
0.312350002305952
0.253003501867821
0.204932836512935
0.165995597575478
0.134456434036137
0.108909711569271
0.278216866371109
0.225355661760599
0.182538086026085
0.337855849681129
0.463663238241714
0.375567222975789
0.304209450610389
0.436409654994415
0.353491820545476
0.286328374641836
0.231925983459887
0.187860046602508
0.152166637748032
0.123254976575906
0.0998365310264837
0.270867590131452
0.219402748006476
0.177716225885246
0.333950142967049
0.27049961580331
0.219104688800681
0.747474797928552
0.605454586322127
0.490418214920923
0.397238754085947
0.321763390809617
0.26062834655579
0.40110896071019
0.324898258175254
0.263167589121956
0.213165747188784
0.172664255222915
0.329858046730561
0.267185017851755
0.406419864459921
0.709200090212536
0.954452073072154
0.773106179188445
0.626216005142641
0.507234964165539
0.410860320974087
0.33279685998901
0.459565456591098
0.37224801983879
0.30152089606942
0.24423192581623
0.197827859911146
0.350240566528028
0.283694858887703
0.419792835699039
0.530032196916222
0.42932607950214
0.347754124396733
0.281680840761354
0.228161481016697
0.184810799623524
0.149696747695055
0.121254365632994
0.0982160361627255
0.0795549892918076
0.0644395413263642
0.052196028474355
0.232278783064228
0.188145814282024
0.15239810956844
0.123442468750436
0.0999883996878533
0.0809906037471612
0.0656023890352006
0.0531379351185125
0.233041727445995
0.188763799231256
0.152898677377317
0.313847928675627
0.254216822227258
0.205915626004079
0.166791657063304
0.135101242221276
0.109432006199234
0.0886399250213794
0.0717983392673173
0.058156654806527
0.0471068903932869
0.228156581218562
0.374806830787036
0.303593532937499
0.245910761679374
0.199187716960293
0.161342050737837
0.320687061097648
0.259756519489095
0.210402780786167
0.170426252436795
0.328045264473804
0.265716664223781
0.215230498021263
0.364336703397223
0.295112729751751
0.239041311098918
0.193623461990124
0.156835004212
0.31703635341172
0.256799446263493
0.20800755147343
0.358486116693478
0.290373754521717
0.425202741162591
0.344414220341699
0.278975518476776
0.225970169966189
0.183035837672613
0.148259028514816
0.120089813097001
0.097272748608571
0.0787909263729425
0.0638206503620835
0.0516947267932876
0.041872728702563
0.223916910249076
0.181372697301752
0.146911884814419
0.118998626699679
0.0963888876267402
0.26807499897766
0.217140749171904
0.175884006829242
0.142466045531686
0.115397496880666
0.0934719724733394
0.0757122977034049
0.061326961139758
0.049674838523204
0.0402366192037952
0.0325916615550741
0.0263992458596101
0.211383389146284
0.17122054520849
0.138688641618877
0.11233779971129
0.0909936177661452
0.0737048303905776
0.0597009126163679
0.048357739219258
0.039169768767599
0.0317275127017552
0.0256992852884217
0.210816421083622
0.360761301077734
0.292216653872964
0.236695489637101
0.191723346606052
0.345295910750902
0.279689687708231
0.226548647043667
0.18350440410537
0.14863856732535
0.120397239533533
0.097521764022162
0.0789926288579512
0.0639840293749405
0.0518270637937018
0.0419799216728985
0.224003736555048
0.181443026609589
0.336968851553767
0.272944769758551
0.411085263504426
0.332979063438585
0.459713041385254
0.372367563522056
0.301617726452865
0.244310358426821
0.197891390325725
0.160292026163837
0.129836541192708
0.105167598366094
0.0851857546765358
0.069000461287994
0.0558903736432752
0.0452712026510529
0.0366696741473528
0.0297024360593558
0.0240589732080782
0.0194877682985433
0.0157850923218201
0.0127859247806743
0.0103565990723462
0.0083888452486004
0.00679496465136633
0.00550392136760672
0.00445817630776145
0.00361112280928677
0.00292500947552229
0.00236925767517305
0.00191909871689017
0.00155446996068104
0.00125912066815164
0.00101988774120283
0.000826109070374292
0.000669148347003177
0.000542010161072573
0.190439028230469
0.34425561286668
0.278847046422011
0.225866107601829
0.182951547157481
0.14819075319756
0.120034510090023
0.097227953172919
0.0787546420700644
0.0637912600767522
0.0516709206621693
0.0418534457363571
0.0339012910464492
0.0274600457476239
0.0222426370555754
0.018016536015016
0.014593394172163
0.011820649279452
0.00957472591635614
0.00775552799224847
0.00628197767372126
0.00508840191571422
0.00412160555172852
0.0033385004969001
0.00270418540248908
0.00219039017601616
0.00177421604257309
0.0014371149944842
0.0011640631455322
0.000942891147881085
0.000763741829783679
0.00061863088212478
0.000501091014521072
0.000405883721762068
0.000328765814627275
0.000266300309848093
0.000215703250976955
0.000174719633291334
0.00014152290296598
0.000114633551402444
9.28531766359797e-05
7.52110730751436e-05
6.09209691908663e-05
4.93459850446017e-05
3.99702478861274e-05
3.23759007877632e-05
2.62244796380882e-05
2.12418285068514e-05
1.72058810905497e-05
1.39367636833452e-05
0.190011288778584
0.153909143910653
0.124666406567629
0.100979789319779
0.0817936293490212
0.0662528397727071
0.0536648002158928
0.0434684881748732
0.0352094754216473
0.0285196750915343
0.0231009368241428
0.0187117588275556
0.0151565246503201
0.0122767849667593
0.009944195823075
0.00805479861669075
0.19652438687952
0.159184753372411
0.318939650231653
0.258341116687639
0.209256304516987
0.16949760665876
0.137293061393595
0.111207379728812
0.090077977580338
0.0729631618400738
0.0591001610904598
0.0478711304832724
0.228775615691451
0.185308248710075
0.150099681455161
0.12158074197868
0.098480401002731
0.0797691248122121
0.0646129910978918
0.0523365227892924
0.0423925834593268
0.0343379926020547
0.0278137740076643
0.0225291569462081
0.208248617126429
0.358681379872407
0.29053191769665
0.615330853334286
0.498417991200772
0.593718572872625
0.480912044026827
0.38953875566173
0.315526392086001
0.255576377589661
0.207016865847625
0.167683661336576
0.135823765682627
0.300017250202928
0.243013972664372
0.386841317858141
0.503341467465094
0.597706588646726
0.484142336803848
0.582155292811117
0.851545787177005
0.879752087613374
0.712599190966833
0.577205344683135
0.657536329193339
0.532604426646605
0.43140958558375
0.349441764322837
0.283047829101498
0.229268741572214
0.185707680673493
0.150423221345529
0.121842809289879
0.0986926755248019
0.0799410671750895
0.0647522644118225
0.0524493341735763
0.0424839606805968
0.224412008151283
0.18177372660254
0.147236718548057
0.119261742023926
0.47660201103938
0.386047628941898
0.312698579442937
0.253285849348779
0.205161537972511
0.166180845757734
0.134606485063765
0.109031252901649
0.278315314850336
0.225435405028772
0.182602678073305
0.147908169239377
0.309805617083896
0.250942549837956
0.203263465368744
0.164643406948683
0.513361159628433
0.415822539299031
0.336816256832215
0.462821168034094
0.564885146107616
0.647556968347169
0.524521144361207
0.424862126932578
0.344138322815388
0.278752041480464
0.415789153599176
0.336789214415333
0.272799263676419
0.2209674035779
0.368983596898099
0.29887671348746
0.242090137924843
0.196093011719123
0.348835339492489
0.282556624988916
0.228870866241022
0.185385401655228
0.150162175340735
0.121631362025995
0.0985214032410561
0.0798023366252554
0.0646398926664569
0.0523583130598301
0.232410233578462
0.188252289198555
0.152484354250829
0.123512326943172
0.290044984823969
0.424936437707415
0.344198514543006
0.278800796779835
0.225828645391666
0.37292120276725
0.302066174241472
0.244673601135593
0.19818561691983
0.350530349705062
0.4739295832611
0.383882962441491
0.500945199577608
0.405765611657862
0.328670145442869
0.456222817808724
0.369540482425066
0.299327790764304
0.242455510519086
0.19638896352046
0.159075060451572
0.318850798965774
0.258269147162277
0.209198009201444
0.35945038745317
0.481154813837067
0.389735399208025
0.3156856733585
0.255705395420385
0.397121370290512
0.321668309935315
0.450551331047605
0.36494657814856
0.295606728300334
0.23944144992327
0.193947574437849
0.157097535294658
0.127249003588673
0.103071692906825
0.0834880712545281
0.0676253377161678
0.434776523550096
0.352168984075578
0.285256877101218
0.231058070451987
0.187157037066109
0.151597200023548
0.122793732019074
0.0994629229354501
0.0805649675777146
0.255257623737949
0.396758675227739
0.321374526934468
0.260313366816919
0.400853827121705
0.324691599968581
0.26300019597455
0.213030158739386
0.172554428578903
0.139769087148911
0.113212960590618
0.281702498078401
0.228179023443504
0.184825008989239
0.149708257281283
0.311263688397839
