0
0
0
0
0
0
0
0
0
0
0
0
0
0.34
0.2244
0.148104
0.09774864
0.0645141024
0.042579307584
0.02810234300544
0.0185475463835904
0.0122413806131697
0.00807931120469197
0.0053323453950967
0.00351934796076382
0.00232276965410412
0.00153302797170872
0.00101179846132776
0.000667786984476318
0.00044073940975437
0.000290888010437884
0.000191986086889004
0.000126710817346742
8.36291394488499e-05
5.51952320362409e-05
3.6428853143919e-05
2.40430430749866e-05
1.58684084294911e-05
1.04731495634641e-05
6.91227871188633e-06
4.56210394984498e-06
3.01098860689769e-06
1.98725248055247e-06
1.31158663716463e-06
8.65647180528657e-07
5.71327139148913e-07
3.77075911838283e-07
2.48870101813267e-07
1.64254267196756e-07
1.08407816349859e-07
7.15491587909069e-08
4.72224448019985e-08
3.1166813569319e-08
2.05700969557506e-08
1.35762639907954e-08
8.96033423392494e-09
5.91382059439046e-09
3.9031215922977e-09
2.57606025091648e-09
1.70019976560488e-09
1.12213184529922e-09
7.40607017897485e-10
4.8880063181234e-10
3.22608416996144e-10
2.12921555217455e-10
1.4052822644352e-10
9.27486294527235e-11
6.12140954387975e-11
4.04013029896063e-11
2.66648599731402e-11
1.75988075822725e-11
1.16152130042999e-11
7.66604058283791e-12
5.05958678467302e-12
3.33932727788419e-12
2.20395600340357e-12
1.45461096224635e-12
9.60043235082593e-13
6.33628535154511e-13
4.18194833201978e-13
2.76008589913305e-13
1.82165669342781e-13
1.20229341766236e-13
7.93513655657155e-14
5.23719012733722e-14
3.45654548404257e-14
2.28132001946809e-14
1.50567121284894e-14
9.93743000480302e-15
6.55870380316999e-15
4.32874451009219e-15
2.85697137666085e-15
1.88560110859616e-15
1.24449673167346e-15
8.21367842904487e-16
5.42102776316961e-16
3.57787832369194e-16
2.36139969363668e-16
1.55852379780021e-16
1.02862570654814e-16
6.78892966321771e-17
4.48069357772369e-17
2.95725776129764e-17
1.95179012245644e-17
1.28818148082125e-17
8.50199777342025e-18
5.61131853045736e-18
3.70347023010186e-18
2.44429035186723e-18
1.61323163223237e-18
1.06473287727336e-18
7.0272369900042e-19
4.63797641340277e-19
3.06106443284583e-19
0.34
0.2244
0.148104
0.09774864
0.0645141024
0.042579307584
0.02810234300544
0.0185475463835904
0.0122413806131697
0.348079311204692
0.229732345395097
0.151623347960764
0.100071409654104
0.0660471303717087
0.383591106045328
0.253170129989916
0.167092285793345
0.110280908623608
0.0727853996915809
0.0480383637964434
0.0317053201056527
0.0209255112697307
0.353810837438022
0.233515152709095
0.154120000788002
0.101719200520082
0.407134672343254
0.608708883746548
0.401747863272721
0.265153589759996
0.175001369241597
0.115500903699454
0.0762305964416398
0.390312193651482
0.257606047809978
0.170019991554586
0.112213194426027
0.0740607083211775
0.388880067491977
0.256660844544705
0.169396157399505
0.111801463883673
0.0737889661632244
0.0487007176677281
0.0321424736607006
0.0212140326160624
0.0140012615266012
0.00924083260755676
0.00609894952098746
0.00402530668385173
0.00265670241134214
0.00175342359148581
0.00115725957038064
0.000763791316451219
0.000504102268857805
0.000332707497446151
0.00021958694831446
0.000144927385887543
9.56520746857786e-05
0.680063130369293
0.448841666043733
0.636235499588864
0.41991542972865
0.277144183620909
0.1829151611898
0.120724006385268
0.0796778442142768
0.0525873771814227
0.034707668939739
0.362907061500228
0.23951866059015
0.158082315989499
0.104334328553069
0.0688606568450258
0.045448033517717
0.369995702121693
0.244197163400318
0.16117012784421
0.106372284377178
0.0702057076889377
0.0463357670746989
0.0305816062693012
0.0201838601377388
0.0133213476909076
0.348792089475999
0.230202779054159
0.151933834175745
0.440276330555992
0.290582378166955
0.19178436959019
0.126577683929525
0.423541271393487
0.279537239119701
0.184494577819003
0.121766421360542
0.420365838097958
0.277441453144652
0.18311135907547
0.12085349698981
0.0797633080132748
0.392643783288761
0.259144896970583
0.171035632000584
0.112883517120386
0.414503121299455
0.27357206005764
0.520557559638042
0.343567989361108
0.226754872978331
0.149658216165699
0.0987744226693611
0.0651911189617783
0.0430261385147737
0.368397251419751
0.583142185937035
0.384873842718443
0.254016736194173
0.167651045888154
0.110649690286182
0.0730287955888798
0.0481990050886607
0.031811343358516
0.360995486616621
0.57825702116697
0.3816496339702
0.251888758420332
0.166246580557419
0.109722743167897
0.0724170104908117
0.387795226923936
0.255944849769798
0.168923600848066
0.111489576559724
0.0735831205294177
0.0485648595494157
0.0320528073026143
0.0211548528197255
0.0139622028610188
0.349215053888272
0.23048193556626
0.152118077473731
0.100397931132663
0.0662626345475574
0.0437333388013879
0.028864003608916
0.0190502423818846
0.0125731599720438
0.00829828558154891
0.345476868483822
0.228014733199323
0.150489723911553
0.099323217781625
0.0655533237358725
0.0432651936656758
0.028555027819346
0.0188463183607684
0.352438570118107
0.232609456277951
0.153522241143447
0.101324679154675
0.0668742882420857
0.0441370302397765
0.0291304399582525
0.359226090372447
0.237089219645815
0.156478884966238
0.103276064077717
0.0681622022912931
0.0449870535122535
0.0296914553180873
0.0195963605099376
0.0129335979365588
0.00853617463812882
0.00563387526116502
0.00371835767236891
0.00245411606376348
0.0016197166020839
0.00106901295737537
0.000705548551867746
0.000465662044232712
0.340307336949194
0.224602842386468
0.148237875975069
0.0978369981435453
0.0645724187747399
0.0426177963913283
0.0281277456182767
0.0185643121080626
0.0122524459913213
0.00808661435427208
0.00533716547381957
0.00352252921272092
0.0023248692803958
0.00153441372506123
0.00101271305854041
0.000668390618636672
0.000441137808300203
0.000291150953478134
0.000192159629295569
0.000126825355335075
8.37047345211496e-05
5.52451247839587e-05
3.64617823574128e-05
2.40647763558924e-05
1.5882752394889e-05
1.04826165806267e-05
6.91852694321364e-06
4.566227782521e-06
3.01371033646386e-06
1.98904882206615e-06
0.340001312772223
0.224400866429667
0.14810457184358
0.0977490174167629
0.0645143514950635
0.0425794719867419
0.0281024515112496
0.0185476179974248
0.0122414278783003
0.00807934239967823
0.00533236598378763
0.00351936154929983
0.342322778622538
0.225933033890875
0.149115802367977
0.0984164295628651
0.064954843511491
0.042870196717584
0.368294329833605
0.24307425769018
0.160429010075519
0.105883146649842
0.0698828767888958
0.0461226986806713
0.030440981129243
0.0200910475453004
0.0132600913798983
0.00875166031073285
0.00577609580508368
0.00381222323135523
0.00251606733269445
0.00166060443957834
0.0010959989301217
0.000723359293880323
0.000477417133961013
0.000315095308414269
0.000207962903553417
0.000137255516345255
9.05886407878686e-05
5.97885029199933e-05
3.94604119271955e-05
2.60438718719491e-05
1.71889554354864e-05
1.1344710587421e-05
7.48750898769786e-06
4.94175593188059e-06
3.26155891504119e-06
0.340002152628884
0.224401420735063
0.148104937685142
0.0977492588721936
0.0645145108556478
0.0425795771647275
0.0281025209287202
0.0185476638129553
0.0122414581165505
0.00807936235692333
0.00533237915556939
0.0035193702426758
0.00232278436016603
0.00153303767770958
0.00101180486728832
0.000667791212410292
0.340440742200191
0.224690889852126
0.148295987302403
0.097875351619586
0.0645977320689268
0.0426345031654917
0.0281387720892245
0.0185715895788882
0.0122572491220662
0.00808978442056368
0.00533925771757203
0.00352391009359754
0.00232578066177438
0.341535015236771
0.225413110056269
0.148772652637137
0.0981899507405107
0.0648053674887371
0.0427715425425665
0.0282292180780939
0.358631283931542
0.236696647394818
0.15621978728058
0.103105059605183
0.0680493393394205
0.0449125639640175
0.0296422922162516
0.019563912862726
0.0129121824893992
0.00852204044300345
0.00562454669238228
0.0037122008169723
0.00245005253920172
0.00161703467587314
0.00106724288607627
0.000704380304810337
0.340464891001175
0.224706828060775
0.148306506520112
0.0978822943032737
0.0646023142401606
0.042637527398506
0.028140768083014
0.358572906934789
0.916658118576961
0.604994358260794
0.399296276452124
0.263535542458402
0.513933458022545
0.33919608229488
0.223869414314621
0.48775381344765
0.661917516875449
0.436865561137796
0.628331270350945
0.414698638431624
0.273701101364872
0.180642726900815
0.119224199754538
0.758687971837995
0.500734061413077
0.330484480532631
0.218119757151536
0.143959039720014
0.0950129662152091
0.062708557702038
0.0413876480833451
0.0273158477350078
0.0180284595051051
0.0118987832733694
0.00785319696042379
0.0051831099938797
0.0034208525959606
0.002257762713334
0.00149012339080044
0.000983481437928288
0.00064909774903267
0.000428404514361562
0.000282746979478631
0.000186613006455897
0.000123164584260892
8.12886256121885e-05
0.340053650492904
0.224435409325317
0.148127370154709
0.0977640643021079
0.0645242824393912
0.0425860264099982
0.0281067774305988
0.0185504731041952
0.0122433122487688
0.348080586084187
0.229733186815564
0.491623903298272
0.32447177617686
0.214151372276727
0.14133990570264
0.0932843377637424
0.06156766292407
0.0406346575298862
0.0268188739697249
0.0177004568200184
0.0116823015012121
0.00771031899080002
0.00508881053392801
0.00335861495239249
0.00221668586857904
0.341463012673262
0.225365588364353
0.148741288320473
0.0981692502915121
0.404791705192398
0.267162525426983
0.176327266781809
0.116375996075994
0.0768081574101558
0.0506933838907028
0.0334576333678639
0.36208203802279
0.238974145095041
0.157722935762727
0.1040971376034
0.068704110818244
0.045344713140041
0.0299275106724271
0.0197521570438019
0.0130364236489092
0.34860403960828
0.570078666141465
0.376251919653367
0.248326266971222
0.503895336201007
0.332570921892664
0.219496808449158
0.144867893576445
0.0956128097604534
0.0631044544418992
0.0416489399316535
0.0274883003548913
0.0181422782342283
0.0119739036345906
0.34790277639883
0.229615832423228
0.15154644939933
0.100020656603558
0.0660136333583482
0.38356899801651
0.253155538690896
0.167082655535992
0.110274552653754
0.0727812047514779
0.0480355951359754
0.371703492789744
0.585324305241231
0.386314041459212
0.59496726736308
0.392678396459633
0.259167741663358
0.171050709497816
0.112893468268559
0.0745096890572487
0.0491763947777841
0.0324564205533375
0.0214212375652028
0.0141380167930338
0.00933109108340232
0.00615852011504553
0.00406462327593005
0.00268265136211383
0.00177054989899513
0.00116856293333678
0.000771251536002278
0.000509026013761503
0.000335957169082592
0.000221731731594511
0.000146342942852377
9.65863422825689e-05
6.37469859064954e-05
4.2073010698287e-05
0.340027768187061
0.22441832700346
0.148116095822284
0.0977566232427072
0.0645193713401868
0.0425827850845233
0.0281046381557853
0.0185490611828183
0.0122423803806601
0.00807997105123566
0.00533278089381554
0.00351963538991825
0.00232295935734605
0.341533153175848
0.22541188109606
0.4887718415234
0.322589415405444
0.212909014167593
0.140519949350611
0.0927431665714034
0.0612104899371262
0.0403989233585033
0.0266632894166122
0.017597771014964
0.0116145288698763
0.00766558905411833
0.0050592887757181
0.343339130591974
0.226603826190703
0.149558525285864
0.0987086266886701
0.0651476936145223
0.0429974777855847
0.0283783353384859
0.0187297013234007
0.0123616028734445
0.00815865789647334
0.0053847142116724
0.00355391137970378
0.0023455815106045
0.00154808379699897
0.00102173530601932
0.00067434530197275
0.000445067899302015
0.00029374481353933
0.000193871576935958
0.000127955240777732
8.44504589133032e-05
5.57373028827801e-05
3.67866199026349e-05
2.4279169135739e-05
1.60242516295877e-05
1.05760060755279e-05
6.98016400984842e-06
4.60690824649995e-06
3.04055944268997e-06
2.00676923217538e-06
1.32446769323575e-06
8.74148677535595e-07
5.76938127173493e-07
3.80779163934505e-07
2.51314248196773e-07
1.6586740380987e-07
1.09472486514514e-07
7.22518410995795e-08
4.76862151257225e-08
3.14729019829768e-08
2.07721153087647e-08
1.37095961037847e-08
0.340000009048333
0.2244000059719
0.488104003941454
0.32214864260136
0.212618104116897
0.140327948717152
0.0926164461533204
0.0611268544611915
0.0403437239443864
0.026626857803295
0.0175737261501747
0.0115986592591153
0.0076551151110161
0.00505237597327062
0.00333456814235861
0.00220081497395668
0.00145253788281141
0.000958675002655531
0.00063272550175265
0.000417598831156749
0.000275615228563454
0.00018190605085188
0.000120057993562241
7.92382757510789e-05
5.2297261995712e-05
3.45161929171699e-05
2.27806873253322e-05
1.50352536347192e-05
9.92326739891469e-06
6.54935648328369e-06
4.32257527896724e-06
2.85289968411838e-06
1.88291379151813e-06
1.24272310240196e-06
8.20197247585296e-07
5.41330183406295e-07
3.57277921048155e-07
2.35803427891782e-07
1.55630262408576e-07
1.0271597318966e-07
6.77925423051758e-08
4.4743077921416e-08
2.95304314281346e-08
1.94900847425688e-08
1.28634559300954e-08
8.48988091386297e-09
5.60332140314956e-09
3.69819212607871e-09
2.44080680321195e-09
1.61093249011989e-09
1.06321544347912e-09
7.01722192696222e-10
4.63136647179507e-10
3.05670187138474e-10
2.01742323511393e-10
1.33149933517519e-10
8.78789561215628e-11
5.80001110402314e-11
3.82800732865527e-11
0.680000000025265
0.448800000016675
0.296208000011005
0.195497280007263
0.469028204804794
0.309558615171164
0.204308686012968
0.134843732768559
0.0889968636272489
0.0587379299939843
0.37876703379603
0.24998624230538
0.16499091992155
0.108894007148223
0.411870044717827
0.271834229513766
0.179410591479086
0.118410990376196
0.41815125364829
0.275979827407871
0.182146686089195
0.120216812818869
0.0793430964604533
0.0523664436638992
0.374561852818173
0.247210822859994
0.163159143087596
0.447685034437814
0.295472122728957
0.195011601001112
0.128707656660734
0.0849470533960842
0.0560650552414155
0.0370029364593343
0.0244219380631606
0.016118479121686
0.0106381962203128
0.00702120950540642
0.00463399827356824
0.343058438860555
0.226418569647966
0.149436255967658
0.0986279289386541
0.0650944330995117
0.0429623258456777
0.0283551350581473
0.0187143891383772
0.012351496831329
0.00815198790867711
0.00538031201972689
0.00355100593301975
0.00234366391579303
0.0015468181844234
0.00102090000171945
0.000673794001134834
0.00044470404074899
0.340293504666894
0.22459371308015
0.148231850632899
0.0978330214177134
0.0645697941356908
0.042616064129556
0.0281266023255069
0.0185635575348346
0.0122519479729908
0.348086285662174
0.569736948537035
0.376026386034443
0.248177414782732
0.163797093756603
0.108106081879358
0.411350014040376
0.271491009266648
0.179184066115988
0.118261483636552
0.0780525792001243
0.051514702272082
0.373999703499574
0.246839804309719
0.162914270844414
0.107523418757314
0.0709654563798269
0.0468372012106858
0.0309125527990526
0.0204022848473747
0.0134655079992673
0.348887235279516
0.230265575284481
0.151975279687757
0.10030368459392
0.0662004318319871
0.0436922850091115
0.0288369081060136
0.699032359349969
0.461361357170979
0.304498495732846
0.200969007183679
0.132639544741228
0.0875420995292104
0.0577777856892789
0.038133338554924
0.0251680034462499
0.356610882274525
0.235363182301186
0.155339700318783
0.102524202210397
0.0676659734588619
0.384659542482849
0.25387529803868
0.167557696705529
0.110588079825649
0.0729881326849284
0.0481721675720527
0.0317936305975548
0.0209837961943862
0.0138493054882949
0.00914054162227461
0.346032757470701
0.228381619930663
0.150731869154237
0.0994830336417967
0.0656588022035858
0.0433348094543666
0.028600974239882
0.0188766429983221
0.0124585843788926
0.0082226656900691
0.00542695935544561
0.0035817931745941
0.00236398349523211
0.341560229106853
0.565429751210523
0.713183635798945
0.470701199627304
0.31066279175402
0.205037442557653
0.135324712088051
0.0893143099781138
0.0589474445855551
0.0389053134264664
0.0256775068614678
0.0169471545285688
0.351185121988855
0.231782180512645
0.152976239138345
0.100964317831308
0.0666364497686632
0.0439800568473177
0.0290268375192297
0.0191577127626916
0.0126440904233765
0.00834509967942846
0.00550776578842278
0.00363512542035903
0.00239918277743696
0.0015834606331084
0.00104508401785154
0.000689755451782017
0.000455238598176131
0.340300457474796
0.224598301933365
0.148234879276021
0.097835020322174
0.0645711134126348
0.042616934852339
0.0281271770025437
0.0185639368216789
0.012252198302308
0.00808645087952331
0.00533705758048538
0.00352245800312035
0.00232482228205943
0.00153438270615922
0.00101269258606509
0.000668377106802958
0.000441128890489952
0.000291145067723369
0.000192155744697423
0.000126822791500299
8.37030423901975e-05
5.52440079775304e-05
3.646104526517e-05
2.40642898750122e-05
1.58824313175081e-05
1.04824046695553e-05
6.91838708190651e-06
4.5661354740583e-06
3.01364941287848e-06
1.98900861249979e-06
1.31274568424986e-06
8.6641215160491e-07
5.71832020059241e-07
3.77409133239099e-07
2.49090027937805e-07
1.64399418438951e-07
1.08503616169708e-07
7.16123866720072e-08
4.72641752035247e-08
3.11943556343263e-08
2.05882747186554e-08
1.35882613143125e-08
8.96825246744628e-09
5.91904662851454e-09
3.9065707748196e-09
2.57833671138093e-09
1.70170222951142e-09
1.12312347147753e-09
7.41261491175172e-10
4.89232584175614e-10
3.22893505555905e-10
2.13109713666897e-10
1.40652411020152e-10
9.28305912733005e-11
6.12681902403783e-11
4.04370055586497e-11
2.66884236687088e-11
1.76143596213478e-11
1.16254773500895e-11
7.67281505105909e-12
5.064057933699e-12
3.34227823624134e-12
2.20590363591928e-12
1.45589639970673e-12
9.6089162380644e-13
6.3418847171225e-13
4.18564391330085e-13
2.76252498277856e-13
1.82326648863385e-13
1.20335588249834e-13
7.94214882448905e-14
5.24181822416277e-14
3.45960002794743e-14
2.2833360184453e-14
1.5070017721739e-14
9.94621169634774e-15
6.56449971958951e-15
4.33256981492907e-15
2.85949607785319e-15
1.8872674113831e-15
1.24559649151285e-15
8.2209368439848e-16
5.42581831702997e-16
3.58104008923978e-16
2.36348645889825e-16
1.55990106287285e-16
1.02953470149608e-16
6.79492902987412e-17
4.48465315971692e-17
2.95987108541316e-17
1.95351491637269e-17
1.28931984480597e-17
8.50951097571943e-18
5.61627724397482e-18
3.70674298102338e-18
2.44645036747543e-18
1.61465724253378e-18
1.0656737800723e-18
7.03344694847716e-19
4.64207498599493e-19
3.06376949075665e-19
2.02208786389939e-19
1.3345779901736e-19
8.80821473514574e-20
5.81342172519619e-20
3.83685833862948e-20
2.53232650349546e-20
1.671335492307e-20
1.10308142492262e-20
7.2803374044893e-21
4.80502268696294e-21
3.17131497339554e-21
2.09306788244106e-21
1.3814248024111e-21
9.11740369591323e-22
0.34
0.2244
0.148104
0.09774864
0.0645141024
0.042579307584
0.02810234300544
0.0185475463835904
0.0122413806131697
0.00807931120469197
0.0053323453950967
0.00351934796076382
0.00232276965410412
0.00153302797170872
0.00101179846132776
0.000667786984476318
0.340440739409754
0.564690888010438
0.372695986086889
0.245979350817347
0.162346371539449
0.107148605216036
0.0707180794425839
0.386673932432105
0.255204795405189
0.168435164967425
0.451167208878501
0.29777035785981
0.536528436187475
0.354108767883733
0.233711786803264
0.154249779290154
0.101804854331502
0.407191203858791
0.268746194546802
0.177372488400889
0.117065842344587
0.0772634559474274
0.0509938809253021
0.0336559614106994
0.0222129345310616
0.354660536790501
0.57407595428173
0.378890129825942
0.250067485685122
0.16504454055218
0.108929396764439
0.0718934018645297
0.0474496452305896
0.0313167658521891
0.0206690654624448
0.0136415832052136
0.00900344491544097
0.345942273644191
0.228321900605166
0.49069245439941
0.32385701990361
0.213745633136383
0.141072117870013
0.433107597794208
0.285851014544177
0.528661669599157
0.688916701935444
0.454685023277393
0.300092115363079
0.198060796139632
0.130720125452157
0.0862752827984238
0.0569416866469597
0.0375815131869934
0.364803798703416
0.580770507144254
0.383308534715208
0.252983632912037
0.166969197721944
0.110199670496483
0.072731782527679
0.0480029764682681
0.031681964469057
0.0209100965495776
0.693800663722721
0.457908438056996
0.302219569117617
0.539464915617627
0.356046844307634
0.234990917243038
0.155094005380405
0.102362043551068
0.0675589487437046
0.384588906170845
0.253828678072758
0.50752692752802
0.334967772168493
0.221078729631206
0.145911961556596
0.436301894627353
0.287959250454053
0.190053105299675
0.125435049497785
0.422787132668538
0.279039507561235
0.184166074990415
0.121549609493674
0.0802227422658249
0.0529470098954444
0.0349450265309933
0.0230637175104556
0.0152220535569007
0.0100465553475544
0.346630726529386
0.228776279509395
0.1509923444762
0.439654947354292
0.290172265253833
0.19151369506753
0.12639903874457
0.0834233655714159
0.0550594212771345
0.0363392180429088
0.0239838839083198
0.0158293633794911
0.0104473798304641
0.0068952706881063
0.34455087865415
0.227403579911739
0.150086362741748
0.0990569994095535
0.0653776196103053
0.0431492289428015
0.368478491102249
0.243195804127484
0.50050923072414
0.330336092277932
0.218021820903435
0.143894401796267
0.434970305185536
0.287080401422454
0.18947306493882
0.125052222859621
0.76253446708735
0.843272748277651
0.896560013863249
0.591729609149745
0.390541542038831
0.257757417745629
0.170119895712115
0.112279131169996
0.0741042265721973
0.0489087895376502
0.372279801094849
0.2457046687226
0.162165081356916
0.107028953695565
0.410639109439073
0.271021812229788
0.17887439607166
0.118057101407296
0.0779176869288151
0.051425673373018
0.0339409444261918
0.0224010233212866
0.0147846753920492
0.00975788575875245
0.00644020460077661
0.00425053503651256
0.00280535312409829
0.00185153306190487
0.00122201182085722
0.340806527801766
0.224932308349165
0.148455323510449
0.0979805135168964
0.0646671389211516
0.0426803116879601
0.0281690057140536
0.0185915437712754
0.0122704188890418
0.00809847646676756
0.00534499446806659
0.00352769634892395
0.34232827959029
0.565936664529591
0.37351819858953
0.24652201106909
0.502704527305599
0.331784988021696
0.218978092094319
0.144525540782251
0.435386856916285
0.627355325564748
0.414054514872734
0.273275979816004
0.180362146678563
0.119039016807851
0.078565751093182
0.0518533957215001
0.37422324117619
0.246987339176285
0.163011643856348
0.10758768494519
0.0710078720638253
0.0468651955621247
0.0309310290710023
0.0204144791868615
0.0134735562633286
0.00889254713379688
0.00586908110830594
0.00387359353148192
0.00255657173077807
0.00168733734231352
0.00111364264592693
0.000735004146311771
0.000485102736565769
0.000320167806133407
0.000211310752048049
0.000139465096351712
9.204696359213e-05
0.340060750995971
0.224440095657341
0.148130463133845
0.0977661056683376
0.0645256297411028
0.0425869156291278
0.0281073643152244
0.0185508604480481
0.0122435678957117
0.00808075481116974
0.00533329817537203
0.00351997679574554
0.00232318468519206
0.00153330189222676
0.00101197924886966
0.000667906304253975
0.000440818160807623
0.000290939986133031
0.000192020390847801
0.000126733457959548
8.3644082253302e-05
5.52050942871793e-05
3.64353622295383e-05
2.40473390714953e-05
1.58712437871869e-05
1.04750208995433e-05
6.91351379369861e-06
4.56291910384108e-06
3.01152660853511e-06
1.98760756163317e-06
1.3118209906779e-06
8.65801853847411e-07
5.71429223539291e-07
3.77143287535932e-07
0.34000024891457
0.224400164283616
0.148104108427187
0.0977487115619431
0.0645141496308825
0.0425793387563824
0.0281023635792124
0.0185475599622802
0.0122413895751049
0.00807931711956924
0.0053323492989157
0.00351935053728436
0.00232277135460768
0.00153302909404107
0.0010117992020671
0.000667787473364289
0.000440739732420431
0.000290888223397484
0.00019198622744234
0.000126710910111944
8.36292006738831e-05
5.51952724447628e-05
3.64288798135435e-05
2.40430606769387e-05
1.58684200467795e-05
1.04731572308745e-05
0.340006912283772
0.22440456210729
0.148107010990811
0.0977506272539354
0.404515413987597
0.266980173231814
0.176206914332997
0.456296563459778
0.301155731883454
0.198762783043079
0.131183436808432
0.0865810682935653
0.0571435050737531
0.0377147133486771
0.0248917108101269
0.0164285291346837
0.0108428292288913
0.00715626729106823
0.00472313641210503
0.00311727003198932
0.342057398221113
0.565757882825935
0.373400202665117
0.246444133758977
0.162653128280925
0.10735106466541
0.0708517026791708
0.386762123768253
0.255263001687047
0.168473581113451
0.111192563534878
0.0733870919330192
0.0484354806757927
0.0319674172460232
0.361098495382375
0.578325006952368
0.381694504588563
0.251918373028451
0.166266126198778
0.109735643291193
0.0724255245721876
0.0478008462176438
0.0315485585036449
0.0208220486124056
0.0137425520841877
0.0090700843755639
0.00598625568787217
0.00395092875399563
0.342607612977637
0.22612102456524
0.149239876213059
0.0984983183006187
0.0650088900784083
0.38290586745175
0.252717872518155
0.166793795861982
0.110083905268908
0.0726553774774794
0.387952549135136
0.25604868242919
0.508992130403265
0.335934806066155
0.561716972003662
0.370733201522417
0.244683913004795
0.161491382583165
0.106584312504889
0.0703456462532266
0.0464281265271295
0.0306425635079055
0.0202240919152176
0.353347900664044
0.913209614438269
0.602718345529257
0.73779410804931
1.16694411131254
0.770183113466279
0.508320854887744
0.335491764225911
0.561424564389101
0.370540212496807
0.584556540247892
0.385807316563609
0.254632828931982
0.508057667095108
0.335318060282771
0.221309919786629
0.146064547059175
0.0964026010590556
0.0636257166989767
0.0419929730213246
0.0277153621940742
0.018292139048089
0.0120728117717387
0.00796805576934756
0.00525891680776939
0.0034708850931278
0.00229078416146435
0.00151191754656647
0.000997865580733869
0.340658591283284
0.224834670246968
0.148390882362999
0.0979379823595791
0.404639068357322
0.267061785115833
0.17626077817645
0.116332113596457
0.0767791949736614
0.390674268682617
0.257845017330527
0.170177711438148
0.112317289549177
0.0741294111024571
0.0489254113276217
0.0322907714762303
0.021311909174312
0.0140658600550459
0.00928346763633031
0.006127088639978
0.344043878502385
0.227068959811574
0.149865513475639
0.0989112388939218
0.0652814176699884
0.0430857356621923
0.0284365855370469
0.018768146454451
0.0123869766599376
0.00817540459555884
0.00539576703306883
0.00356120624182543
0.00235039611960478
0.00155126143893916
0.00102383254969984
0.000675729482801897
0.000445981458649252
0.000294347762708506
0.340194269523388
0.224528217885436
0.148188623804388
0.0978044917108958
0.0645509645291912
0.382603636589266
0.252518400148916
0.166662144098284
0.109997015104868
0.412598029969213
0.27231469977968
0.179727701854589
0.458620283224029
0.642689386927859
0.424174995372387
0.279955496945775
0.184770627984212
0.12194861446958
0.0804860855499226
0.0531208164629489
0.0350597388655463
0.0231394276512605
0.0152720222498319
0.0100795346848891
0.0066524928920268
0.344390645308738
0.567297825903767
0.374416565096486
0.247114932963681
0.163095855756029
0.107643264798979
0.0710445547673264
0.0468894061464354
0.0309470080566474
0.0204250253173872
0.0134805167094756
0.00889714102825388
0.00587211307864756
0.00387559463190739
0.00255789245705888
0.00168820902165886
0.00111421795429485
0.000735383849834599
0.000485353340890835
0.000320333204987951
0.000211419915292048
0.000139537144092751
9.20945151012159e-05
6.07823799668025e-05
4.01163707780897e-05
2.64768047135392e-05
1.74746911109359e-05
1.15332961332177e-05
7.61197544792365e-06
5.02390379562961e-06
3.31577650511554e-06
2.18841249337626e-06
1.44435224562833e-06
9.53272482114698e-07
6.291598381957e-07
0.340000415245493
0.224400274062026
0.148104180880937
0.0977487593814183
0.0645141811917361
0.0425793595865458
0.0281023773271202
0.0185475690358993
0.0122413955636936
0.00807932107203775
0.00533235190754492
0.00351935225897964
0.00232277249092656
0.00153302984401153
0.00101179969704761
0.000667787800051423
0.000440739948033939
0.340290888365702
0.224591986321364
0.4882307109721
0.322232269241586
0.212673297699447
0.140364376481635
0.092640488477879
0.0611427223954001
0.0403541967809641
0.0266337698754363
0.0175782881177879
0.01160167015774
0.00765710230410842
0.00505368752071156
0.34333543376367
0.226601386284022
0.149556914947454
0.0987075638653199
0.0651469921511112
0.0429970148197334
0.028378029781024
0.0187294996554758
0.0123614697726141
0.00815857004992528
0.00538465623295068
0.00355387311374745
0.00234555625507332
0.00154806712834839
0.00102172430470994
0.000674338041108558
0.340445063107132
0.224693741650707
0.148297869489467
0.0978765938630479
0.0645985519496116
0.0426350442867437
0.0281391292292508
0.0185718252913055
0.0122574046922617
0.00808988709689269
0.00533932548394917
0.00352395481940645
0.00232581018080826
0.00153503471933345
0.00101312291476008
0.000668661123741651
0.00044131634166949
0.340291268785502
0.224592237398431
0.148230876682965
0.0978323786107566
0.0645693698830994
0.0426157841228456
0.0281264175210781
0.0185634355639115
0.0122518674721816
0.00808623253163986
0.00533691347088231
0.00352236289078232
0.00232475950791633
0.00153434127522478
0.00101266524164835
0.000668359059487913
0.000441116979262023
0.000291137206312935
0.000192150556166537
0.000126819367069914
8.37007822661435e-05
5.52425162956547e-05
3.64600607551321e-05
2.40636400983872e-05
1.58820024649355e-05
1.04821216268575e-05
6.91820027372592e-06
4.56601218065911e-06
3.01356803923501e-06
0.340001988954906
0.224401312710238
0.148104866388757
0.0977492118165796
0.0645144797989425
0.0425795566673021
0.0281025074004194
0.0185476548842768
0.0122414522236227
0.00807935846759096
0.34533237658861
0.227919368548483
0.150426783241999
0.099281676939719
0.0655259067802145
0.0432470984749416
0.0285430849934614
0.0188384360956846
0.0124333678231518
0.00820602276328019
0.00541597502376492
0.343574543515685
0.226759198720352
0.149661071155432
0.0987763069625853
0.0651923625953063
0.0430269593129022
0.0283977931465154
0.0187425434767002
0.0123700786946221
0.00816425193845059
0.00538840627937739
0.00355634814438908
0.00234718977529679
0.341549145251696
0.225422435866119
0.148778807671639
0.0981940130632815
0.404808048621766
0.267173312090365
0.176334385979641
0.116380694746563
0.416811258532732
0.275095430631603
0.521562984216858
0.344231569583126
0.227192835924863
0.14994727171041
0.43896519932887
0.289717031557054
0.531213240827656
0.690600738946253
0.455796487704527
0.300825681884988
0.538544950044092
0.355439667029101
0.574590180239206
0.379229518957876
0.590291482512198
0.389592378458051
0.257130969782314
0.169706440056327
0.112006250437176
0.073924125288536
0.0487899226904337
0.0322013489756863
0.0212528903239529
0.0140269076138089
0.0092577590251139
0.00611012095657517
0.00403267983133961
0.00266156868868414
0.00175663533453153
0.00115937932079081
0.000765190351721936
0.340505025632137
0.22473331691721
0.148323989165359
0.0978938328491367
0.40460992968043
0.267042553589084
0.176248085368795
0.116323736343405
0.0767736659866472
0.0506706195511872
0.0334426089037835
0.362072121876497
0.238967600438488
0.157718616289402
0.104094286751005
0.0687022292556635
0.0453434713087379
0.029926691063767
0.359751616102086
0.237436066627377
0.156707803974069
0.103427150622885
0.0682619194111043
0.0450528668113289
0.029734892095477
0.0196250287830148
0.0129525189967898
0.00854866253788127
0.345642117275002
0.228123797401501
0.490561706284991
0.323770726148094
0.213688679257742
0.14103452831011
0.0930827886846724
0.0614346405318838
0.0405468627510433
0.0267609294156886
0.0176622134143544
0.0116570608534739
0.00769366016329279
0.345077815707773
0.22775135836713
0.150315896522306
0.099208491704722
0.0654776045251165
0.0432152189865769
0.368522044531141
0.583224549390553
0.384928202597765
0.254052613714525
0.507674725051586
0.335065318534047
0.221143110232471
0.485954452753431
0.660729938817264
0.776081759619394
0.8522139613488
0.902461214490208
0.595624401563537
0.393112105031935
0.939453989321077
0.620039632951911
0.409226157748261
0.270089264113852
0.178258914315142
0.117650883447994
0.077649583075676
0.0512487248299462
0.0338241583877645
0.0223239445359245
0.0147338033937102
0.00972431023984873
0.00641804475830016
0.00423590954047811
0.00279570029671555
0.00184516219583226
0.00121780704924929
0.000803752652504533
0.000530476750652992
0.000350114655430975
0.000231075672584443
0.000152509943905733
0.000100656562977783
6.64333315653371e-05
4.38459988331225e-05
0.34002893835923
0.564419099317092
0.37251660554928
0.245860959662525
0.162268233377267
0.107097034028996
0.0706840424591373
0.0466514680230306
0.0307899688952002
0.0203213794708321
0.0134121104507492
0.00885199289749447
0.00584231531234635
0.00385592810614859
0.342544912550058
0.226079642283038
0.149212563906805
0.0984802921784915
0.0649969928378044
0.0428980152729509
0.0283126900801476
0.0186863754528974
0.0123330077989123
0.0081397851472821
0.345372258197206
0.227945690410156
0.150444155670703
0.099293142742664
0.0655334742101582
0.0432520929787044
0.0285463813659449
0.0188406117015236
0.0124348037230056
0.00820697045718369
0.00541660050174124
0.00357495633114922
0.00235947117855848
0.0015572509778486
0.00102778564538007
0.000678338525950849
0.00044770342712756
0.00029548426190419
0.340195019612857
0.224528712944485
0.14818895054336
0.0978047073586178
0.0645511068566878
0.0426037305254139
0.0281184621467732
0.0185581850168703
0.0122484021111344
0.0080839453933487
0.00533540395961014
0.00352136661334269
0.00232410196480618
0.00153390729677208
0.00101237881586957
0.000668170018473916
0.000440992212192785
0.000291054860047238
0.000192096207631177
0.000126783497036577
8.36771080441407e-05
5.52268913091329e-05
3.64497482640277e-05
2.40568338542583e-05
1.58775103438105e-05
1.04791568269149e-05
6.91624350576383e-06
4.56472071380413e-06
3.01271567111072e-06
1.98839234293308e-06
1.31233894633583e-06
8.66143704581649e-07
5.71654845023888e-07
3.77292197715766e-07
2.49012850492406e-07
1.64348481324988e-07
1.08469997674492e-07
7.15901984651646e-08
4.72495309870086e-08
3.11846904514257e-08
2.0581895697941e-08
1.3584051160641e-08
8.96547376602308e-09
5.91721268557523e-09
3.90536037247965e-09
2.57753784583657e-09
1.70117497825214e-09
1.12277548564641e-09
7.4103182052663e-10
4.89081001547576e-10
3.227934610214e-10
2.13043684274124e-10
1.40608831620922e-10
9.28018288698084e-11
6.12492070540735e-11
4.04244766556885e-11
2.66801545927544e-11
1.76089020312179e-11
1.16218753406038e-11
7.67043772479852e-12
5.06248889836703e-12
3.34124267292224e-12
2.20522016412868e-12
1.45544530832493e-12
9.60593903494451e-13
6.33991976306337e-13
4.18434704362183e-13
2.76166904879041e-13
1.82270157220167e-13
1.2029830376531e-13
7.93968804851046e-14
5.2401941120169e-14
0.340000000000035
0.224400000000023
0.488104000000015
0.32214864000001
0.212618102400007
0.140327947584004
0.0926164454054428
0.401126853967592
0.264743723618611
0.514730857588283
0.339722366008267
0.224216761565456
0.147983062633201
0.0976688213379127
0.0644614220830223
0.0425445385747947
0.0280793954593645
0.0185324010031806
0.0122313846620992
0.00807271387698546
0.0053279911588104
0.00351647416481487
0.00232087294877781
0.341531776146193
0.225410972256488
0.148771241689282
0.098189019514926
0.0648047528798511
0.0427711369007018
0.0282289503544632
0.698631107233946
0.461096530774404
0.304323710311107
0.20085364880533
0.132563408211518
0.0874918494196019
0.0577446206169372
0.378111449607179
0.589553556740738
0.729105347448887
0.821209529316265
0.541998289348735
0.357718870970165
0.236094454840309
0.155822340194604
0.102842744528439
0.0678762113887694
0.0447982995165878
0.029566877680948
0.0195141392694256
0.0128793319178209
0.00850035906576181
0.345610236983403
0.228102756409046
0.15054781922997
0.0993615606917803
0.065578630056575
0.0432818958373395
0.0285660512526441
0.0188535938267451
0.352443371925652
0.23261262547093
0.833524332810814
0.890126059655137
0.58748319937239
0.387738911585778
0.255907681646613
0.508899069886765
0.335873386125265
0.561676434842675
0.370706446996165
0.244666255017469
0.50147972831153
0.330976620685609
0.558444569652502
0.368573415970651
0.24325845454063
0.160550579996816
0.105963382797898
0.0699358326466129
0.386157649546765
0.254864048700865
0.168210272142571
0.111018779614097
0.0732723945453037
0.0483597803999005
0.0319174550639343
0.0210655203421966
0.0139032434258498
0.00917614066106085
0.3460562528363
0.228397126871958
0.150742103735492
0.0994897884654249
0.0656632603871804
0.0433377518555391
0.0286029162246558
0.0188779247082728
0.35245943030746
0.232623224002924
0.15353132784193
0.101330676375674
0.0668782464079445
0.0441396426292434
0.0291321641353006
0.0192272283292984
0.0126899706973369
0.00837538066024239
0.00552775123575997
0.00364831581560158
0.00240788843829704
0.00158920636927605
0.00104887620372219
0.000692258294456647
0.000456890474341387
0.000301547713065315
0.000199021490623108
0.000131354183811251
8.66937613154258e-05
5.7217882468181e-05
3.77638024289995e-05
2.49241096031397e-05
0.340016449912338
0.224410856942143
0.148111165581814
0.0977533692839975
0.0645172237274383
0.0425813676601093
0.0281037026556721
0.0185484437527436
0.0122419728768108
0.00807970209869511
0.00533260338513877
0.343519518234192
0.226722882034566
0.149637102142814
0.0987604874142571
0.0651819216934097
0.38302006831765
0.252793245089649
0.166843541759168
0.110116737561051
0.0726770467902938
0.0479668508815939
0.371658121581852
0.245294360244022
0.161894277761055
0.446850223322296
0.974921147392715
0.643447957279192
0.424675651804267
0.280285930190816
0.184988713925939
0.122092551191119
0.0805810837861388
0.0531835152988516
0.0351011200972421
0.0231667392641798
0.0152900479143586
0.350091431623477
0.231060344871495
0.152499827615186
0.100649886226023
0.406428924909175
0.268243090440056
0.177040439690437
0.116846690195688
0.0771188155291542
0.730898418249242
0.4823929560445
0.31837935098937
0.550130371652984
0.363086045290969
0.57963678989204
0.382560281328746
0.252489785676973
0.166643258546802
0.109984550640889
0.0725898034229869
0.0479092702591713
0.0316201183710531
0.020869278124895
0.0137737235624307
0.00909065755120427
0.00599983398379482
0.00395989042930458
0.00261352768334102
0.00172492827100507
0.00113845265886335
0.00075137875484981
0.000495909978200874
0.000327300585612577
0.000216018386504301
0.340142572135093
0.564494097609161
0.372566104422046
0.585893628918551
0.386689795086243
0.255215264756921
0.168442074739568
0.111171769328115
0.0733733677565556
0.0484264227193267
0.0319614389947556
0.0210945497365387
0.0139224028261155
0.00918878586523626
0.00606459867105593
0.00400263512289691
0.00264173918111196
0.0017435478595339
0.00115074158729237
0.000759489447612965
0.000501263035424557
0.000330833603380207
0.000218350178230937
0.000144111117632418
9.5113337637396e-05
6.27748028406814e-05
4.14313698748497e-05
2.73447041174008e-05
1.80475047174845e-05
0.340011911353114
0.224407861493055
0.148109188585416
0.0977520644663747
0.0645163625478073
0.0425807992815528
0.0281033275258249
0.0185481961670444
0.0122418094702493
0.00807959425036454
0.0053325322052406
0.00351947125545879
0.0023228510286028
0.00153308167887785
0.00101183390805938
0.000667810379319191
0.000440754850350666
0.00029089820123144
0.00019199281281275
0.000126715256456415
8.36320692612339e-05
5.51971657124144e-05
3.64301293701935e-05
2.40438853843277e-05
1.58689643536563e-05
1.04735164734131e-05
6.91252087245268e-06
4.56226377581877e-06
3.01109409204039e-06
1.98732210074665e-06
1.31163258649279e-06
8.65677507085242e-07
5.7134715467626e-07
3.77089122086331e-07
2.48878820576979e-07
0.340000164260022
0.224400108411614
0.148104071551665
0.0977486872240991
0.0645141335679054
0.0425793281548176
0.0281023565821796
0.0185475553442385
0.0122413865271974
0.0080793151079503
0.0053323479712472
0.00351934966102315
0.00232277077627528
0.00153302871234168
0.00101179895014551
0.000667787307096037
0.000440739622683385
0.000290888150971034
0.000191986179640882
0.000126710878562982
8.36291798515683e-05
5.51952587020351e-05
3.64288707433432e-05
2.40430546906065e-05
1.58684160958003e-05
1.04731546232282e-05
6.9122820513306e-06
4.56210615387819e-06
3.01099006155961e-06
1.98725344062934e-06
1.31158727081537e-06
8.65647598738141e-07
5.71327415167173e-07
3.77076094010334e-07
2.4887022204682e-07
1.64254346550901e-07
1.08407868723595e-07
7.15491933575727e-08
4.7222467615998e-08
3.11668286265587e-08
2.05701068935287e-08
1.35762705497289e-08
8.9603385628211e-09
5.91382345146193e-09
0.340000003903124
0.224400002576061
0.148104001700201
0.0977486411221324
0.0645141031406074
0.0425793080728009
0.368102343328049
0.242947546596512
0.160345380753698
0.105827951297441
0.0698464478563108
0.0460986555851651
0.030425112686209
0.360080574372898
0.237653179086113
0.156851098196834
0.103521724809911
0.408324338374541
0.269494063327197
0.17786608179595
0.117391613985327
0.0774784652303158
0.0511357870520084
0.0337496194543256
0.0222747488398549
0.0147013342343042
0.00970288059464078
0.00640390119246291
0.00422657478702552
0.00278953935943684
0.00184109597722832
0.341215123344971
0.565201981407681
0.373033307729069
0.586201983101186
0.386893308846782
0.255349583838876
0.848530725333658
0.560030278720214
0.709619983955342
0.468349189410525
0.649110465010947
0.428412906907225
0.282752518558768
0.186616662248787
0.123166997084199
0.421290218075572
0.618051543929877
0.407914018993719
0.269223252535854
0.517687346673664
0.341673648804618
0.225504608211048
0.148833041419292
0.438229807336733
0.629231672842243
0.415292904075881
0.614093316690081
0.405301589015454
0.607499048750199
0.400949372175132
0.264626585635587
0.174653546519487
0.115271340702862
0.0760790848638886
0.0502121960101665
0.0331400493667099
0.0218724325820285
0.0144358055041388
0.00952763163273162
0.00628823687760287
0.344150236339218
0.227139155983884
0.149911842949363
0.43894181634658
0.289701598788743
0.19120305520057
0.126194016432376
0.0832880508453683
0.0549701135579431
0.0362802749482424
0.02394498146584
0.0158036877674544
0.35043043392652
0.571284086391503
0.377047497018392
0.248851348032139
0.164241889701212
0.1083996472028
0.0715437671538477
0.0472188863215395
0.371164464972216
0.584968546881663
0.386079240941897
0.254812299021652
0.16817611735429
0.110996237453832
0.0732575167195289
0.0483499610348891
0.0319109742830268
0.0210612430267977
0.0139004203976865
0.00917427746247306
0.00605502312523222
0.00399631526265327
0.00263756807335115
0.00174079492841176
0.00114892465275176
0.000758290270816163
0.000500471578738668
0.000330311241967521
0.000218005419698564
0.000143883577001052
9.49631608206943e-05
6.26756861416582e-05
4.13659528534944e-05
0.340027301528883
0.224418019009063
1.16811589254598
1.11095648908035
0.73323128279303
1.1639326466434
0.768195546784644
0.507009060877865
0.334625980179391
0.560853146918398
0.710163076966143
0.468707630797654
0.309347036326452
0.204169043975458
0.134751569023802
0.0889360355557095
0.0586977834667683
0.038740537088067
0.0255687544781242
0.016875377955562
0.0111377494506709
0.00735091463744281
0.00485160366071225
0.00320205841607009
0.00211335855460626
0.00139481664604013
0.000920578986386485
0.340607582131015
0.22480100420647
0.14836866277627
0.0979233174323383
0.404629389505343
0.607055397073527
0.400656562068528
0.264433330965228
0.174525998437051
0.455187158968453
0.300423524919179
0.198279526446658
0.470864487454794
0.310770561720164
0.205108570735308
0.135371656685304
0.0893452934123003
0.398967893652118
0.263318809810398
0.173790414474863
0.114701673553409
0.0757031045452502
0.0499640489998651
0.032976272339911
0.0217643397443412
0.0143644642312652
0.00948054639263504
0.00625716061913912
0.00412972600863182
0.002725619165697
0.00179890864936002
0.00118727970857761
0.000783604607661225
0.000517179041056408
0.00034133816709723
0.000225283190284171
0.000148686905587553
9.81333576877851e-05
6.47680160739381e-05
4.27468906087992e-05
0.340028212947802
0.224418620545549
0.148116289560062
0.0977567511096412
0.404519455732363
0.26698284078336
0.176208674917017
0.456297725445231
0.641156498793853
0.423163289203943
0.279287770874602
0.184329928777237
0.121657752992977
0.0802941169753646
0.0529941172037406
0.0349761173544688
0.363084237453949
0.239635596719607
0.15815949383494
0.104385265931061
0.0688942755145
0.04547022183957
0.0300103464141162
0.0198068286333167
0.013072506897989
0.00862785455267275
0.00569438400476401
0.00375829344314425
0.0024804736724752
0.341637112623834
0.22548049433173
0.148817126258942
0.0982193033309016
0.0648247401983951
0.0427843285309408
0.0282376568304209
0.0186368535080778
0.0123003233153313
0.00811821338811868
0.00535802083615833
0.0035362937518645
0.00233395387623057
0.00154040955831217
0.00101667030848604
0.000671002403600783
0.000442861586376517
0.000292288647008501
0.000192910507025611
0.000127320934636903
8.4031816860356e-05
5.5460999127835e-05
3.66042594243711e-05
2.41588112200849e-05
1.5944815405256e-05
0.340010523578167
0.22440694556159
0.14810858407065
0.0977516654866288
0.064516099221175
0.0425806254859755
0.0281032128207438
0.0185481204616909
0.012241759504716
0.00807956127311256
0.00533251044025429
0.00351945689056783
0.00232284154777477
0.00153307542153135
0.00101182977821069
0.000667807653619055
0.000440753051388576
0.00029089701391646
0.000191992029184864
0.00012671473926201
8.36317279129266e-05
5.51969404225316e-05
3.64299806788708e-05
2.40437872480547e-05
1.58688995837161e-05
1.04734737252526e-05
6.91249265866674e-06
4.56224515472005e-06
3.01108180211523e-06
1.98731398939605e-06
1.31162723300139e-06
8.6567397378092e-07
5.71344822695407e-07
3.77087582978969e-07
2.48877804766119e-07
1.64259351145639e-07
0.340000108411172
0.224400071551373
0.148104047223906
0.0977486711677782
0.0645141229707336
0.0425793211606842
0.0281023519660516
0.018547552297594
0.0122413845164121
0.00807931378083195
0.00533234709534909
0.0035193490829304
0.00232277039473406
0.00153302846052448
0.00101179878394616
0.000667787197404464
0.000440739550286946
0.340290888103189
0.564591986148105
0.372630710857749
0.245936269166114
0.162317937649636
0.107129838848759
0.0707056936401812
0.38666575780252
0.255199400149663
0.168431604098777
0.111164858705193
0.0733688067454275
0.0484234124519821
0.371959452218308
0.245493238464083
0.502025537386295
0.331336854674955
0.21868232408547
0.48433033389641
0.319658020371631
0.210974293445276
0.139243033673882
0.0919004022247623
0.0606542654683431
0.0400318152091065
0.36642099803801
0.241837858705087
0.159612986745357
0.445344571251936
0.633927417026278
0.418392095237343
0.276138782856646
0.522251596685387
0.344686053812355
0.227492795516154
0.150145245040662
0.0990958617268368
0.0654032687397123
0.0431661573682101
0.0284896638630187
0.358803178149592
0.236810097578731
0.156294664401962
0.443154478505295
0.292481955813495
0.193038090836907
1.14740513995236
0.757287392368556
0.499809678963247
0.329874388115743
0.21771709615639
0.143693283463218
0.434837567085724
0.286992794276578
0.189415244222541
0.125014061186877
0.0825092803833389
0.394456125053004
0.260341042534982
0.511825088073088
1.01780455812824
1.35175100836464
0.89215566552066
0.588822739243636
0.3886230079008
0.256491185214528
0.169284182241588
0.451727560279448
0.298140189784436
0.196772525257728
0.1298698666701
0.0857141120022661
0.396571313921496
0.261737067188187
0.512746464344203
0.678412666467174
0.447752359868335
0.295516557513101
0.195040927958647
0.128727012452707
0.0849598282187864
0.0560734866243991
0.0370085011721034
0.0244256107735882
0.0161209031105682
0.010639796052975
0.00702226539496352
0.344634695160676
0.227458898806046
0.15012287321199
0.0990810963199137
0.065393523571143
0.0431597255569544
0.0284854188675899
0.0188003764526093
0.352408248458722
0.232589443982757
0.153509033028619
0.441315961798889
0.291268534787267
0.192237232959596
0.126876573753333
0.0837385386772
0.055267435526952
0.0364765074477883
0.0240744949155403
0.0158891666442566
0.0104868499852093
0.346921320990238
0.568968071853557
0.375518927423348
0.247842492099409
0.16357604478561
0.107960189558503
0.411253725108612
0.271427458571684
0.179142122657311
0.118233800953825
0.418034308629525
0.275902643695486
0.182095744839021
0.460183191593754
0.303720906451877
0.200455798258239
0.132300826850438
0.0873185457212889
0.397630240176051
0.262435958516193
0.173207732620688
0.454317103529654
0.299849288329571
0.537900530297517
0.355014349996361
0.234309470997598
0.154644250858415
0.102065205566554
0.0673630356739255
0.0444596035447908
0.029343338339562
0.0193666033041109
0.0127819581807132
0.0084360923992707
0.00556782098351866
0.343674761849122
0.226825342820421
0.149704726261478
0.0988051193325752
0.0652113787594997
0.38303950998127
0.252806076587638
0.166852010547841
0.110122326961575
0.0726807357946395
0.0479692856244621
0.031659728512145
0.0208954208180157
0.0137909777398903
0.00910204530832763
0.00600734990349623
0.00396485093630751
0.342616801617963
0.226127089067856
0.149243878784785
0.0985009599979578
0.0650106335986522
0.0429070181751104
0.0283186319955729
0.0186902971170781
0.0123355960972715
0.00814149342419922
0.00537338565997148
0.343546434535581
0.566740646793484
0.374048826883699
0.246872225743241
0.162935668990539
0.447537541533756
0.295374777412279
0.194947353092104
0.128665253040789
0.0849190670069205
0.0560465842245675
0.0369907455882146
0.0244138920882216
0.0161131687782263
0.0106346913936293
0.00701889631979536
0.344632471571065
0.227457431236903
0.490121904616356
0.323480457046795
0.553497101650885
0.365308087089584
0.581103337479125
0.383528202736223
0.253128613805907
0.167064885111899
0.110262824173853
0.072773463954743
0.0480304862101304
0.031700120898686
0.0209220797931328
0.0138085726634676
0.00911365795788864
0.0060150142522065
0.00396990940645629
0.00262014020826115
0.00172929253745236
0.00114133307471856
0.000753279829314248
0.000497164687347403
0.000328128693649286
0.000216564937808529
0.000142932858953629
9.43356869093952e-05
6.22615533602008e-05
4.10926252177325e-05
2.71211326437035e-05
1.78999475448443e-05
1.18139653795972e-05
7.79721715053417e-06
5.14616331935255e-06
3.39646779077268e-06
2.24166874190997e-06
1.47950136966058e-06
9.76470903975983e-07
0.340000644470797
0.564400425350726
0.372504280731479
0.245852825282776
0.162262864686632
0.107093490693177
0.070681703857497
0.046649924545948
0.0307889502003257
0.0203207071322149
0.0134116667072619
0.00885170002679283
0.00584212201768327
0.00385580053167095
0.00254482835090283
0.00167958671159587
0.00110852722965327
0.00073162797157116
0.000482874461236965
0.000318697144416397
0.000210340115314822
0.000138824476107783
9.16241542311365e-05
6.04719417925501e-05
3.9911481583083e-05
2.63415778448348e-05
1.7385441377591e-05
1.147439130921e-05
7.57309826407862e-06
4.99824485429189e-06
3.29884160383265e-06
2.17723545852955e-06
1.4369754026295e-06
9.48403765735471e-07
6.2594648538541e-07
4.13124680354371e-07
2.72662289033885e-07
1.79957110762364e-07
1.1877169310316e-07
7.83893174480857e-08
5.17369495157366e-08
3.41463866803861e-08
2.25366152090548e-08
1.48741660379762e-08
9.81694958506428e-09
6.47918672614243e-09
4.276263239254e-09
2.82233373790764e-09
1.86274026701904e-09
1.22940857623257e-09
0.34000000081141
0.22440000053553
0.14810400035345
0.097748640233277
0.0645141025539628
0.0425793076856155
0.0281023430725062
0.0185475464278541
0.0122413806423837
0.00807931122397324
0.00533234540782234
0.00351934796916274
0.00232276965964741
0.00153302797536729
0.00101179846374241
0.000667786986069991
0.340440739410806
0.224690888011132
0.488295986087347
0.322275350817649
0.212701731539648
0.140383142816168
0.0926528742586708
0.0611508970107227
0.040359592027077
0.0266373307378708
0.0175806382869947
0.0116032212694165
0.347658126037815
0.229454363184958
0.151439879702072
0.0999503206033676
0.0659672115982226
0.0435383596548269
0.0287353173721858
0.0189653094656426
0.0125171042473241
0.00826128880323392
0.00545245061013438
0.00359861740268869
0.342375087485775
0.565967557740611
0.373538588108803
0.92653546815181
0.611513408980195
0.743598849926928
0.490775240951773
0.32391165902817
0.213781694958592
0.141095918672671
0.0931233063239627
0.0614613821738154
0.0405645122347181
0.366772578074914
0.242069901529443
0.499766135009433
0.669845649106225
0.782098128410109
0.516184764750672
0.680681944735443
1.12925008352539
1.08530505512676
0.716301336383661
0.472758882013216
0.652020862128723
0.430333769004957
0.284020287543272
0.187453389778559
0.123719237253849
0.0816546965875404
0.0538920997477766
0.0355687858335326
0.0234753986501315
0.0154937631090868
0.0102258836519973
0.0067490832103182
0.00445439491881001
0.00293990064641461
0.341940334426634
0.225680620721578
0.148949209676242
0.0983064783863194
0.744882275734971
0.491622301985081
0.324470719310153
0.214150674744701
0.141339445331503
0.0932840339187918
0.0615674623864026
0.0406345251750257
0.366818786615517
0.242100399166241
0.159786263449719
0.105458933876815
0.409602896358698
0.27033791159674
0.178423021653849
0.11775919429154
0.757721068232416
0.500095905033395
0.330063297322041
0.557841776232547
0.708175572313481
0.807395877726897
0.532881279299752
0.351701644337836
0.232123085262972
0.153201236273561
0.441112815940551
0.291134458520763
0.192148742623704
0.126818170131644
0.423699992286885
0.279641994909344
0.184563716640167
0.12181205298251
0.420395954968457
0.277461330279181
0.18312447798426
0.120862155469611
0.0797690226099435
0.0526475549225627
0.0347473862488914
0.0229332749242683
0.0151359614500171
0.00998973455701128
0.346593224807627
0.228751528373034
0.150976008726202
0.0996441657592936
0.405765149401134
0.607804998604748
0.401151299079134
0.264759857392228
0.174741505878871
0.455329393880055
0.300517399960836
0.198341483974152
0.13090537942294
0.426397550419141
0.621422383276633
0.410138772962578
0.610691590155301
0.403056449502499
0.266017256671649
0.515571389403289
0.34027711700617
0.224582897224072
0.148224712167888
0.0978283100308059
0.0645666846203319
0.382614011849419
0.252525247820617
0.166666663561607
0.449999997950661
0.636999998647436
0.420419999107308
0.277477199410823
0.183134951611143
0.460869068063354
0.304173584921814
0.540754566048397
0.356898013591942
0.235552688970682
0.15546477472065
0.102606751315629
0.0677204558683151
0.044695500873088
0.0294990305762381
0.0194693601803171
0.0128497777190093
0.688480853294546
0.4543973631744
0.299902259695104
0.197935491398769
0.130637424323187
0.0862207000533037
0.0569056620351804
0.0375577369432191
0.0247881063825246
0.356360150212466
0.575197699140228
0.37963048143255
0.250556117745483
0.505367037712019
0.333542244889932
0.220137881627355
0.145291001874054
0.095892061236876
0.0632887604163381
0.0417705818747832
0.367568584037357
0.242595265464656
0.160112875206673
0.105674497636404
0.409745168440027
