0
0
0
0
0
0
0
0
0
0
0
0
0
0.8
0.16
0.032
0.0064
0.00128
0.000256
5.11999999999999e-05
1.024e-05
2.048e-06
4.09599999999999e-07
8.19199999999998e-08
1.6384e-08
3.27679999999999e-09
6.55359999999998e-10
1.31072e-10
2.62143999999999e-11
5.24287999999998e-12
1.048576e-12
2.09715199999999e-13
4.19430399999998e-14
8.38860799999996e-15
1.67772159999999e-15
3.35544319999998e-16
6.71088639999997e-17
1.34217727999999e-17
2.68435455999999e-18
5.36870911999997e-19
1.07374182399999e-19
2.14748364799999e-20
4.29496729599997e-21
8.58993459199994e-22
1.71798691839999e-22
3.43597383679998e-23
6.87194767359995e-24
1.37438953471999e-24
2.74877906943998e-25
5.49755813887996e-26
1.09951162777599e-26
2.19902325555198e-27
4.39804651110396e-28
8.79609302220792e-29
1.75921860444158e-29
3.51843720888317e-30
7.03687441776633e-31
1.40737488355327e-31
2.81474976710653e-32
5.62949953421306e-33
1.12589990684261e-33
2.25179981368522e-34
4.50359962737045e-35
9.00719925474089e-36
1.80143985094818e-36
3.60287970189635e-37
7.20575940379271e-38
1.44115188075854e-38
2.88230376151708e-39
5.76460752303416e-40
1.15292150460683e-40
2.30584300921366e-41
4.61168601842733e-42
9.22337203685465e-43
1.84467440737093e-43
3.68934881474186e-44
7.37869762948372e-45
1.47573952589674e-45
2.95147905179349e-46
5.90295810358697e-47
1.18059162071739e-47
2.36118324143479e-48
4.72236648286957e-49
9.44473296573914e-50
1.88894659314783e-50
3.77789318629566e-51
7.55578637259131e-52
1.51115727451826e-52
3.02231454903652e-53
6.04462909807304e-54
1.20892581961461e-54
2.41785163922922e-55
4.83570327845843e-56
9.67140655691686e-57
1.93428131138337e-57
3.86856262276674e-58
7.73712524553348e-59
1.5474250491067e-59
3.09485009821339e-60
6.18970019642678e-61
1.23794003928536e-61
2.47588007857071e-62
4.95176015714142e-63
9.90352031428284e-64
1.98070406285657e-64
3.96140812571314e-65
7.92281625142627e-66
1.58456325028525e-66
3.16912650057051e-67
6.33825300114101e-68
1.2676506002282e-68
2.5353012004564e-69
5.07060240091281e-70
1.01412048018256e-70
0.8
0.16
0.032
0.0064
0.00128
0.000256
5.11999999999999e-05
1.024e-05
2.048e-06
0.8000004096
0.16000008192
0.032000016384
0.0064000032768
0.00128000065536
0.800256000131072
0.160051200026214
0.0320102400052429
0.00640204800104857
0.00128040960020971
0.000256081920041943
5.12163840083885e-05
1.02432768016777e-05
0.80000204865536
0.160000409731072
0.0320000819462144
0.00640001638924288
0.801280003277849
0.96025600065557
0.192051200131114
0.0384102400262228
0.00768204800524455
0.00153640960104891
0.000307281920209782
0.800061456384042
0.160012291276808
0.0320024582553617
0.00640049165107233
0.00128009833021447
0.800256019666043
0.160051203933209
0.0320102407866417
0.00640204815732834
0.00128040963146567
0.000256081926293133
5.12163852586267e-05
1.02432770517253e-05
2.04865541034507e-06
4.09731082069013e-07
8.19462164138026e-08
1.63892432827605e-08
3.2778486565521e-09
6.55569731310421e-10
1.31113946262084e-10
2.62227892524168e-11
5.24455785048336e-12
1.04891157009667e-12
2.09782314019334e-13
4.19564628038669e-14
8.39129256077337e-15
1.6
0.32
0.864
0.1728
0.03456
0.006912
0.0013824
0.00027648
5.52959999999999e-05
1.10592e-05
0.80000221184
0.160000442368
0.0320000884736
0.00640001769472
0.001280003538944
0.0002560007077888
0.800051200141558
0.160010240028312
0.0320020480056623
0.00640040960113246
0.00128008192022649
0.000256016384045298
5.12032768090596e-05
1.02406553618119e-05
2.04813107236238e-06
0.800000409626215
0.160000081925243
0.0320000163850486
0.80640000327701
0.161280000655402
0.0322560001310804
0.00645120002621608
0.801290240005243
0.160258048001049
0.0320516096002097
0.00641032192004194
0.801282064384008
0.160256412876802
0.0320512825753603
0.00641025651507206
0.00128205130301441
0.800256410260603
0.160051282052121
0.0320102564104241
0.00640205128208482
0.801280410256417
0.160256082051283
0.832051216410257
0.166410243282051
0.0332820486564103
0.00665640973128205
0.00133128194625641
0.000266256389251282
5.32512778502564e-05
0.80001065025557
0.960002130051114
0.192000426010223
0.0384000852020445
0.00768001704040891
0.00153600340808178
0.000307200681616356
6.14401363232712e-05
1.22880272646542e-05
0.800002457605453
0.960000491521091
0.192000098304218
0.0384000196608436
0.00768000393216872
0.00153600078643374
0.000307200157286749
0.800061440031457
0.160012288006291
0.0320024576012583
0.00640049152025166
0.00128009830405033
0.000256019660810066
5.12039321620132e-05
1.02407864324026e-05
2.04815728648053e-06
0.800000409631457
0.160000081926291
0.0320000163852583
0.00640000327705166
0.00128000065541033
0.000256000131082066
5.12000262164132e-05
1.02400052432826e-05
2.04800104865653e-06
4.09600209731305e-07
0.800000081920042
0.160000016384008
0.0320000032768017
0.00640000065536033
0.00128000013107207
0.000256000026214413
5.12000052428826e-05
1.02400010485765e-05
0.80000204800021
0.160000409600042
0.0320000819200084
0.00640001638400167
0.00128000327680033
0.000256000655360067
5.12001310720134e-05
0.800010240026214
0.160002048005243
0.0320004096010486
0.00640008192020971
0.00128001638404194
0.000256003276808388
5.12006553616777e-05
1.02401310723355e-05
2.04802621446711e-06
4.09605242893421e-07
8.19210485786842e-08
1.63842097157368e-08
3.27684194314737e-09
6.55368388629473e-10
1.31073677725895e-10
2.62147355451789e-11
5.24294710903578e-12
0.800000000001049
0.16000000000021
0.0320000000000419
0.00640000000000839
0.00128000000000168
0.000256000000000335
5.1200000000067e-05
1.02400000000134e-05
2.04800000000268e-06
4.09600000000536e-07
8.19200000001072e-08
1.63840000000214e-08
3.27680000000429e-09
6.55360000000857e-10
1.31072000000171e-10
2.62144000000343e-11
5.24288000000685e-12
1.04857600000137e-12
2.09715200000274e-13
4.19430400000548e-14
8.38860800001096e-15
1.67772160000219e-15
3.35544320000438e-16
6.71088640000876e-17
1.34217728000175e-17
2.6843545600035e-18
5.36870912000701e-19
1.0737418240014e-19
2.1474836480028e-20
4.2949672960056e-21
0.8
0.16
0.032
0.0064
0.00128
0.000256
5.11999999999999e-05
1.024e-05
2.048e-06
4.09599999999999e-07
8.19199999999998e-08
1.6384e-08
0.8000000032768
0.16000000065536
0.032000000131072
0.0064000000262144
0.00128000000524288
0.000256000001048576
0.80005120000021
0.160010240000042
0.0320020480000084
0.00640040960000167
0.00128008192000033
0.000256016384000067
5.12032768000134e-05
1.02406553600027e-05
2.04813107200053e-06
4.09626214400107e-07
8.19252428800213e-08
1.63850485760043e-08
3.27700971520085e-09
6.5540194304017e-10
1.31080388608034e-10
2.62160777216068e-11
5.24321554432136e-12
1.04864310886427e-12
2.09728621772854e-13
4.19457243545708e-14
8.38914487091416e-15
1.67782897418283e-15
3.35565794836566e-16
6.71131589673133e-17
1.34226317934627e-17
2.68452635869253e-18
5.36905271738506e-19
1.07381054347701e-19
2.14762108695402e-20
0.8
0.16
0.032
0.0064
0.00128
0.000256
5.11999999999999e-05
1.024e-05
2.048e-06
4.09599999999999e-07
8.19199999999998e-08
1.6384e-08
3.27679999999999e-09
6.55359999999998e-10
1.31072e-10
2.62143999999999e-11
0.800000000005243
0.160000000001049
0.0320000000002097
0.00640000000004194
0.00128000000000839
0.000256000000001677
5.12000000003355e-05
1.02400000000671e-05
2.04800000001342e-06
4.09600000002684e-07
8.19200000005367e-08
1.63840000001073e-08
3.27680000002147e-09
0.80000000065536
0.160000000131072
0.0320000000262144
0.00640000000524288
0.00128000000104857
0.000256000000209715
5.1200000041943e-05
0.800010240000008
0.160002048000002
0.0320004096000003
0.00640008192000006
0.00128001638400001
0.000256003276800002
5.12006553600005e-05
1.02401310720001e-05
2.04802621440002e-06
4.09605242880003e-07
8.19210485760007e-08
1.63842097152001e-08
3.27684194304003e-09
6.55368388608005e-10
1.31073677721601e-10
2.62147355443202e-11
0.800000000005243
0.160000000001049
0.0320000000002097
0.00640000000004194
0.00128000000000839
0.000256000000001677
5.12000000003355e-05
0.80001024
1.760002048
0.3520004096
0.07040008192
0.014080016384
0.8028160032768
0.16056320065536
0.032112640131072
0.806422528026214
0.961284505605243
0.192256901121049
0.83845138022421
0.167690276044842
0.0335380552089684
0.00670761104179367
0.00134152220835873
1.60026830444167
0.320053660888334
0.0640107321776669
0.0128021464355334
0.00256042928710667
0.000512085857421334
0.000102417171484267
2.04834342968534e-05
4.09668685937067e-06
8.19337371874134e-07
1.63867474374827e-07
3.27734948749654e-08
6.55469897499307e-09
1.31093979499861e-09
2.62187958999723e-10
5.24375917999445e-11
1.04875183599889e-11
2.09750367199778e-12
4.19500734399556e-13
8.39001468799112e-14
1.67800293759822e-14
3.35600587519645e-15
6.71201175039289e-16
0.8
0.16
0.032
0.0064
0.00128
0.000256
5.11999999999999e-05
1.024e-05
2.048e-06
0.8000004096
0.16000008192
0.832000016384
0.1664000032768
0.03328000065536
0.006656000131072
0.0013312000262144
0.00026624000524288
5.32480010485759e-05
1.06496002097152e-05
2.12992004194304e-06
4.25984008388607e-07
8.51968016777214e-08
1.70393603355443e-08
3.40787206710885e-09
6.81574413421771e-10
0.800000000136315
0.160000000027263
0.0320000000054526
0.00640000000109052
0.801280000000218
0.160256000000044
0.0320512000000087
0.00641024000000174
0.00128204800000035
0.00025640960000007
5.12819200000139e-05
0.800010256384
0.1600020512768
0.03200041025536
0.006400082051072
0.0012800164102144
0.00025600328204288
5.12006564085759e-05
1.02401312817152e-05
2.04802625634304e-06
0.800000409605251
0.96000008192105
0.19200001638421
0.038400003276842
0.807680000655368
0.161536000131074
0.0323072000262147
0.00646144000524294
0.00129228800104859
0.000258457600209718
5.16915200419435e-05
1.03383040083887e-05
2.06766080167774e-06
4.13532160335548e-07
0.800000082706432
0.160000016541286
0.0320000033082573
0.00640000066165145
0.00128000013233029
0.800256000026466
0.160051200005293
0.0320102400010586
0.00640204800021172
0.00128040960004234
0.000256081920008469
0.800051216384002
0.9600102432768
0.19200204865536
0.838400409731072
0.167680081946214
0.0335360163892429
0.00670720327784857
0.00134144065556971
0.000268288131113943
5.36576262227885e-05
1.07315252445577e-05
2.14630504891154e-06
4.29261009782308e-07
8.58522019564616e-08
1.71704403912923e-08
3.43408807825846e-09
6.86817615651692e-10
1.37363523130338e-10
2.74727046260677e-11
5.49454092521353e-12
1.09890818504271e-12
2.19781637008541e-13
4.39563274017082e-14
8.79126548034165e-15
1.75825309606833e-15
3.51650619213666e-16
7.03301238427331e-17
0.8
0.16
0.032
0.0064
0.00128
0.000256
5.11999999999999e-05
1.024e-05
2.048e-06
4.09599999999999e-07
8.19199999999998e-08
1.6384e-08
3.27679999999999e-09
0.80000000065536
0.160000000131072
0.832000000026214
0.166400000005243
0.0332800000010486
0.00665600000020971
0.00133120000004194
0.000266240000008388
5.32480000016776e-05
1.06496000003355e-05
2.1299200000671e-06
4.25984000013421e-07
8.51968000026842e-08
1.70393600005368e-08
0.800000003407872
0.160000000681574
0.0320000001363149
0.00640000002726297
0.00128000000545259
0.000256000001090519
5.12000002181037e-05
1.02400000436207e-05
2.04800000872415e-06
4.0960000174483e-07
8.19200003489659e-08
1.63840000697932e-08
3.27680001395864e-09
6.55360002791727e-10
1.31072000558345e-10
2.62144001116691e-11
5.24288002233381e-12
1.04857600446676e-12
2.09715200893352e-13
4.19430401786705e-14
8.38860803573409e-15
1.67772160714682e-15
3.35544321429364e-16
6.71088642858727e-17
1.34217728571745e-17
2.68435457143491e-18
5.36870914286981e-19
1.07374182857396e-19
2.14748365714792e-20
4.29496731429585e-21
8.58993462859169e-22
1.71798692571834e-22
3.43597385143668e-23
6.87194770287335e-24
1.37438954057467e-24
2.74877908114934e-25
5.49755816229868e-26
1.09951163245973e-26
2.19902326491947e-27
4.39804652983894e-28
8.79609305967787e-29
1.75921861193557e-29
0.8
0.16
0.832
0.1664
0.03328
0.006656
0.0013312
0.00026624
5.32479999999999e-05
1.06496e-05
2.12992e-06
4.25983999999999e-07
8.51967999999998e-08
1.703936e-08
3.40787199999999e-09
6.81574399999998e-10
1.3631488e-10
2.72629759999999e-11
5.45259519999998e-12
1.09051904e-12
2.18103807999999e-13
4.36207615999998e-14
8.72415231999996e-15
1.74483046399999e-15
3.48966092799998e-16
6.97932185599996e-17
1.39586437119999e-17
2.79172874239998e-18
5.58345748479997e-19
1.11669149695999e-19
2.23338299391999e-20
4.46676598783997e-21
8.93353197567994e-22
1.78670639513599e-22
3.57341279027197e-23
7.14682558054395e-24
1.42936511610879e-24
2.85873023221758e-25
5.71746046443515e-26
1.14349209288703e-26
2.28698418577406e-27
4.57396837154812e-28
9.14793674309624e-29
1.82958734861925e-29
3.65917469723849e-30
7.31834939447699e-31
1.4636698788954e-31
2.92733975779079e-32
5.85467951558159e-33
1.17093590311632e-33
2.34187180623263e-34
4.68374361246527e-35
9.36748722493053e-36
1.87349744498611e-36
3.74699488997221e-37
7.49398977994442e-38
1.49879795598888e-38
2.99759591197777e-39
5.99519182395553e-40
1.6
0.32
0.064
0.0128
0.80256
0.160512
0.0321024
0.00642048
0.001284096
0.0002568192
0.80005136384
0.160010272768
0.0320020545536
0.00640041091072
0.801280082182144
0.160256016436429
0.0320512032872858
0.00641024065745715
0.801282048131492
0.160256409626298
0.0320512819252596
0.00641025638505193
0.00128205127701039
0.000256410255402077
0.80005128205108
0.160010256410216
0.0320020512820432
0.806400410256409
0.161280082051282
0.0322560164102563
0.00645120328205127
0.00129024065641025
0.00025804813128205
5.16096262564101e-05
1.0321925251282e-05
2.0643850502564e-06
4.1287701005128e-07
8.25754020102561e-08
1.65150804020512e-08
0.800000003303016
0.160000000660603
0.0320000001321206
0.00640000002642412
0.00128000000528482
0.000256000001056965
5.1200000211393e-05
1.02400000422786e-05
2.04800000845572e-06
4.09600001691143e-07
8.19200003382286e-08
1.63840000676457e-08
3.27680001352914e-09
6.55360002705829e-10
1.31072000541166e-10
2.62144001082331e-11
5.24288002164663e-12
0.800000000001049
0.16000000000021
0.0320000000000419
0.00640000000000839
0.00128000000000168
0.000256000000000335
5.1200000000067e-05
1.02400000000134e-05
2.04800000000268e-06
0.8000004096
0.96000008192
0.192000016384
0.0384000032768
0.00768000065536
0.001536000131072
0.800307200026214
0.160061440005243
0.0320122880010486
0.00640245760020971
0.00128049152004194
0.000256098304008388
0.800051219660802
0.16001024393216
0.0320020487864321
0.00640040975728641
0.00128008195145728
0.000256016390291456
5.12032780582912e-05
1.02406556116582e-05
2.04813112233165e-06
0.800000409626225
0.160000081925245
0.032000016385049
0.00640000327700979
0.00128000065540196
0.000256000131080392
5.12000262160783e-05
1.60001024000524
0.320002048001049
0.0640004096002097
0.0128000819200419
0.00256001638400839
0.000512003276801677
0.000102400655360335
2.04801310720671e-05
4.09602621441342e-06
0.800000819205243
0.160000163841049
0.0320000327682097
0.00640000655364194
0.00128000131072839
0.800256000262146
0.160051200052429
0.0320102400104858
0.00640204800209716
0.00128040960041943
0.000256081920083886
5.12163840167773e-05
1.02432768033554e-05
2.04865536067109e-06
4.09731072134218e-07
0.800000081946215
0.160000016389243
0.0320000032778486
0.00640000065556971
0.00128000013111394
0.000256000026222788
5.12000052445577e-05
1.02400010489115e-05
2.04800020978231e-06
4.09600041956461e-07
8.19200083912922e-08
1.63840016782584e-08
3.27680033565169e-09
0.80000000065536
0.960000000131072
0.992000000026214
0.198400000005243
0.0396800000010486
0.00793600000020971
0.00158720000004194
0.000317440000008388
6.34880000016776e-05
1.26976000003355e-05
2.5395200000671e-06
5.07904000013421e-07
0.8000001015808
0.16000002031616
0.032000004063232
0.0064000008126464
0.00128000016252928
0.000256000032505856
5.12000065011711e-05
1.02400013002342e-05
2.04800026004684e-06
4.09600052009369e-07
8.19200104018737e-08
1.63840020803747e-08
3.27680041607495e-09
6.55360083214989e-10
1.31072016642998e-10
2.62144033285996e-11
5.24288066571991e-12
0.800000000001049
0.16000000000021
0.0320000000000419
0.00640000000000839
0.00128000000000168
0.000256000000000335
5.1200000000067e-05
1.02400000000134e-05
2.04800000000268e-06
4.09600000000536e-07
8.19200000001072e-08
1.63840000000214e-08
3.27680000000429e-09
6.55360000000857e-10
1.31072000000171e-10
2.62144000000343e-11
5.24288000000685e-12
1.04857600000137e-12
2.09715200000274e-13
4.19430400000548e-14
8.38860800001096e-15
1.67772160000219e-15
3.35544320000438e-16
6.71088640000876e-17
1.34217728000175e-17
2.6843545600035e-18
5.36870912000701e-19
1.0737418240014e-19
2.1474836480028e-20
4.2949672960056e-21
8.5899345920112e-22
1.71798691840224e-22
3.43597383680448e-23
6.87194767360896e-24
1.37438953472179e-24
2.74877906944358e-25
5.49755813888716e-26
1.09951162777743e-26
2.19902325555486e-27
4.39804651110973e-28
8.79609302221945e-29
1.75921860444389e-29
3.51843720888778e-30
7.03687441777556e-31
1.40737488355511e-31
2.81474976711022e-32
5.62949953422044e-33
1.12589990684409e-33
2.25179981368818e-34
4.50359962737635e-35
9.0071992547527e-36
1.80143985095054e-36
3.60287970190108e-37
7.20575940380215e-38
1.44115188076043e-38
2.88230376152086e-39
5.76460752304172e-40
1.15292150460834e-40
2.30584300921669e-41
4.61168601843337e-42
9.22337203686674e-43
1.84467440737335e-43
3.68934881474669e-44
7.37869762949339e-45
1.47573952589868e-45
2.95147905179735e-46
5.90295810359471e-47
1.18059162071894e-47
2.36118324143788e-48
4.72236648287576e-49
9.44473296575152e-50
1.8889465931503e-50
3.77789318630061e-51
7.55578637260121e-52
1.51115727452024e-52
3.02231454904048e-53
6.04462909808096e-54
1.20892581961619e-54
2.41785163923238e-55
4.83570327846477e-56
9.67140655692954e-57
1.93428131138591e-57
3.86856262277181e-58
7.73712524554362e-59
1.54742504910872e-59
3.09485009821745e-60
6.1897001964349e-61
1.23794003928698e-61
2.47588007857396e-62
4.95176015714791e-63
9.90352031429582e-64
1.98070406285916e-64
3.96140812571833e-65
7.92281625143665e-66
1.58456325028733e-66
3.16912650057466e-67
6.33825300114932e-68
1.26765060022986e-68
2.53530120045973e-69
5.07060240091945e-70
1.01412048018389e-70
2.02824096036778e-71
4.05648192073556e-72
8.11296384147111e-73
1.62259276829422e-73
3.24518553658844e-74
6.49037107317689e-75
1.29807421463538e-75
2.59614842927075e-76
5.19229685854151e-77
1.0384593717083e-77
2.0769187434166e-78
4.1538374868332e-79
8.3076749736664e-80
1.66153499473328e-80
0.8
0.16
0.032
0.0064
0.00128
0.000256
5.11999999999999e-05
1.024e-05
2.048e-06
4.09599999999999e-07
8.19199999999998e-08
1.6384e-08
3.27679999999999e-09
6.55359999999998e-10
1.31072e-10
2.62143999999999e-11
0.800000000005243
0.960000000001049
0.19200000000021
0.0384000000000419
0.00768000000000838
0.00153600000000168
0.000307200000000335
0.80006144
0.160012288
0.0320024576
0.80640049152
0.161280098304
0.8322560196608
0.16645120393216
0.033290240786432
0.00665804815728639
0.00133160963145728
0.800266321926292
0.160053264385258
0.0320106528770516
0.00640213057541033
0.00128042611508207
0.000256085223016413
5.12170446032826e-05
1.02434089206565e-05
0.800002048681784
0.960000409736357
0.192000081947271
0.0384000163894543
0.00768000327789085
0.00153600065557817
0.000307200131115634
6.14400262231268e-05
1.22880052446253e-05
2.45760104892507e-06
4.91520209785014e-07
9.83040419570028e-08
0.800000019660808
0.160000003932162
0.832000000786432
0.166400000157286
0.0332800000314573
0.00665600000629145
0.801331200001258
0.160266240000252
0.83205324800005
0.96641064960001
0.193282129920002
0.0386564259840004
0.00773128519680008
0.00154625703936001
0.000309251407872003
6.18502815744006e-05
1.23700563148801e-05
0.800002474011263
0.960000494802253
0.19200009896045
0.0384000197920901
0.00768000395841802
0.0015360007916836
0.000307200158336721
6.14400316673441e-05
1.22880063334688e-05
2.45760126669376e-06
1.60000049152025
0.320000098304051
0.0640000196608101
0.812800003932162
0.162560000786432
0.0325120001572865
0.00650240003145729
0.00130048000629146
0.000260096001258292
0.800052019200252
0.16001040384005
0.83200208076801
0.166400416153602
0.0332800832307204
0.00665601664614408
0.801331203329229
0.160266240665846
0.0320532481331691
0.00641064962663383
0.801282129925327
0.160256425985065
0.0320512851970131
0.00641025703940261
0.00128205140788052
0.000256410281576104
5.12820563152209e-05
1.02564112630442e-05
2.05128225260883e-06
4.10256450521767e-07
0.80000008205129
0.160000016410258
0.0320000032820516
0.80640000065641
0.161280000131282
0.0322560000262564
0.00645120000525128
0.00129024000105026
0.000258048000210051
5.16096000420102e-05
1.0321920008402e-05
2.06438400168041e-06
4.12876800336081e-07
8.25753600672162e-08
0.800000016515072
0.160000003303014
0.0320000006606029
0.00640000013212057
0.00128000002642411
0.000256000005284823
0.800051200001057
0.160010240000211
0.832002048000042
0.166400409600008
0.0332800819200017
0.00665601638400033
0.8013312032768
0.16026624065536
0.032053248131072
0.0064106496262144
1.60128212992524
1.12025642598505
1.02405128519701
0.204810257039402
0.0409620514078804
0.00819241028157607
0.00163848205631521
0.000327696411263043
6.55392822526085e-05
1.31078564505217e-05
0.80000262157129
0.160000524314258
0.0320001048628516
0.00640002097257032
0.801280004194514
0.160256000838903
0.0320512001677805
0.00641024003355611
0.00128204800671122
0.000256409601342244
5.12819202684488e-05
1.02563840536898e-05
2.05127681073795e-06
4.1025536214759e-07
8.20510724295181e-08
1.64102144859036e-08
3.28204289718072e-09
6.56408579436144e-10
1.31281715887229e-10
0.800000000026256
0.160000000005251
0.0320000000010502
0.00640000000021005
0.00128000000004201
0.000256000000008402
5.12000000016803e-05
1.02400000003361e-05
2.04800000006721e-06
4.09600000013443e-07
8.19200000026885e-08
1.63840000005377e-08
0.8000000032768
0.96000000065536
0.192000000131072
0.0384000000262144
0.807680000005243
0.161536000001049
0.0323072000002097
0.00646144000004194
0.801292288000008
0.960258457600002
0.19205169152
0.038410338304
0.00768206766080001
0.00153641353216
0.000307282706432
6.14565412864e-05
0.800012291308257
0.160002458261651
0.0320004916523303
0.00640009833046605
0.00128001966609321
0.000256003933218642
5.12007866437284e-05
1.02401573287457e-05
2.04803146574913e-06
4.09606293149827e-07
8.19212586299654e-08
1.63842517259931e-08
3.27685034519861e-09
6.55370069039722e-10
1.31074013807944e-10
2.62148027615889e-11
5.24296055231778e-12
1.04859211046355e-12
2.09718422092711e-13
4.19436844185422e-14
8.38873688370843e-15
0.800000000000002
0.16
0.0320000000000001
0.00640000000000001
0.00128
0.000256
5.12e-05
1.024e-05
2.048e-06
4.096e-07
8.192e-08
1.6384e-08
3.2768e-09
6.55359999999999e-10
1.31072e-10
2.62144e-11
5.24287999999999e-12
1.048576e-12
2.097152e-13
4.19430399999999e-14
8.38860799999998e-15
1.6777216e-15
3.35544319999999e-16
6.71088639999998e-17
1.34217728e-17
2.68435455999999e-18
5.36870911999998e-19
1.073741824e-19
2.14748364799999e-20
4.29496729599998e-21
8.58993459199996e-22
1.71798691839999e-22
3.43597383679998e-23
6.87194767359996e-24
0.8
0.16
0.032
0.0064
0.00128
0.000256
5.11999999999999e-05
1.024e-05
2.048e-06
4.09599999999999e-07
8.19199999999998e-08
1.6384e-08
3.27679999999999e-09
6.55359999999998e-10
1.31072e-10
2.62143999999999e-11
5.24287999999998e-12
1.048576e-12
2.09715199999999e-13
4.19430399999998e-14
8.38860799999996e-15
1.67772159999999e-15
3.35544319999998e-16
6.71088639999997e-17
1.34217727999999e-17
2.68435455999999e-18
0.8
0.16
0.032
0.0064
0.80128
0.160256
0.0320512
0.80641024
0.161282048
0.0322564096
0.00645128192
0.001290256384
0.0002580512768
5.16102553599999e-05
1.0322051072e-05
2.0644102144e-06
4.12882042879999e-07
8.25764085759998e-08
1.65152817152e-08
3.30305634303999e-09
0.800000000660611
0.960000000132122
0.192000000026424
0.0384000000052849
0.00768000000105697
0.00153600000021139
0.000307200000042279
0.800061440000008
0.160012288000002
0.0320024576000003
0.00640049152000006
0.00128009830400001
0.000256019660800002
5.12039321600005e-05
0.800010240786432
0.960002048157286
0.192000409631457
0.0384000819262914
0.00768001638525828
0.00153600327705166
0.000307200655410331
6.14401310820662e-05
1.22880262164132e-05
2.45760524328265e-06
4.9152104865653e-07
9.83042097313059e-08
1.96608419462612e-08
3.93216838925223e-09
0.800000000786434
0.160000000157287
0.0320000000314573
0.00640000000629147
0.00128000000125829
0.800256000000252
0.16005120000005
0.03201024000001
0.00640204800000201
0.0012804096000004
0.80025608192
0.160051216384
0.8320102432768
0.16640204865536
0.833280409731072
0.166656081946214
0.0333312163892429
0.00666624327784857
0.00133324865556971
0.000266649731113943
5.33299462227885e-05
1.06659892445577e-05
2.13319784891154e-06
0.80000042663957
1.76000008532791
0.352000017065583
0.870400003413117
1.77408000068262
0.354816000136525
0.0709632000273049
0.014192640005461
0.802838528001092
0.160567705600218
0.832113541120044
0.166422708224009
0.0332845416448017
0.80665690832896
0.161331381665792
0.0322662763331584
0.00645325526663168
0.00129065105332634
0.000258130210665267
5.16260421330534e-05
1.03252084266107e-05
2.06504168532214e-06
4.13008337064427e-07
8.26016674128854e-08
1.65203334825771e-08
3.30406669651541e-09
6.60813339303083e-10
1.32162667860616e-10
2.64325335721233e-11
0.800000000005287
0.160000000001057
0.0320000000002114
0.00640000000004229
0.801280000000009
0.160256000000002
0.0320512000000003
0.00641024000000006
0.00128204800000001
0.8002564096
0.16005128192
0.032010256384
0.0064020512768
0.00128041025536
0.000256082051072
5.12164102143999e-05
1.024328204288e-05
2.048656408576e-06
4.09731281715199e-07
8.19462563430398e-08
0.800000016389251
0.16000000327785
0.03200000065557
0.00640000013111401
0.0012800000262228
0.00025600000524456
5.1200001048912e-05
1.02400002097824e-05
2.04800004195648e-06
4.09600008391296e-07
8.19200016782592e-08
1.63840003356518e-08
3.27680006713037e-09
6.55360013426073e-10
1.31072002685215e-10
2.62144005370429e-11
5.24288010740858e-12
1.04857602148172e-12
0.80000000000021
0.160000000000042
0.0320000000000084
0.00640000000000167
0.00128000000000033
0.800256
0.1600512
0.03201024
0.006402048
0.8012804096
0.16025608192
0.032051216384
0.8064102432768
0.96128204865536
0.192256409731072
0.0384512819462144
0.00769025638924288
0.00153805127784857
0.000307610255569715
6.1522051113943e-05
1.23044102227886e-05
2.46088204455772e-06
4.92176408911543e-07
9.84352817823087e-08
1.96870563564617e-08
0.800000003937411
0.960000000787482
0.192000000157496
0.0384000000314993
0.00768000000629985
0.00153600000125997
0.000307200000251994
6.14400000503988e-05
1.22880000100798e-05
2.45760000201595e-06
4.9152000040319e-07
9.8304000080638e-08
1.96608000161276e-08
3.93216000322552e-09
7.86432000645103e-10
1.57286400129021e-10
3.14572800258041e-11
6.29145600516082e-12
1.25829120103216e-12
2.51658240206433e-13
5.03316480412865e-14
1.00663296082573e-14
2.01326592165146e-15
4.02653184330292e-16
8.05306368660584e-17
1.61061273732117e-17
3.22122547464233e-18
6.44245094928467e-19
1.28849018985693e-19
2.57698037971387e-20
5.15396075942773e-21
1.03079215188555e-21
2.06158430377109e-22
4.12316860754218e-23
8.24633721508436e-24
0.8
0.16
0.032
0.0064
0.00128
0.000256
5.11999999999999e-05
1.024e-05
2.048e-06
4.09599999999999e-07
8.19199999999998e-08
1.6384e-08
3.27679999999999e-09
6.55359999999998e-10
1.31072e-10
2.62143999999999e-11
5.24287999999998e-12
0.800000000001049
0.16000000000021
0.832000000000042
0.166400000000008
0.0332800000000017
0.00665600000000033
0.00133120000000007
0.000266240000000013
5.32480000000026e-05
1.06496000000005e-05
2.1299200000001e-06
4.25984000000021e-07
8.51968000000041e-08
1.70393600000008e-08
0.800000003407872
0.160000000681574
0.0320000001363149
0.00640000002726297
0.00128000000545259
0.000256000001090519
5.12000002181037e-05
1.02400000436207e-05
2.04800000872415e-06
4.0960000174483e-07
8.19200003489659e-08
1.63840000697932e-08
3.27680001395864e-09
6.55360002791727e-10
1.31072000558345e-10
2.62144001116691e-11
0.800000000005243
0.160000000001049
0.0320000000002097
0.00640000000004194
0.00128000000000839
0.000256000000001677
5.12000000003355e-05
1.02400000000671e-05
2.04800000001342e-06
4.09600000002684e-07
8.19200000005367e-08
1.63840000001073e-08
3.27680000002147e-09
6.55360000004293e-10
1.31072000000859e-10
2.62144000001717e-11
5.24288000003434e-12
0.800000000001049
0.16000000000021
0.0320000000000419
0.00640000000000839
0.00128000000000168
0.000256000000000335
5.1200000000067e-05
1.02400000000134e-05
2.04800000000268e-06
4.09600000000536e-07
8.19200000001072e-08
1.63840000000214e-08
3.27680000000429e-09
6.55360000000857e-10
1.31072000000171e-10
2.62144000000343e-11
5.24288000000685e-12
1.04857600000137e-12
2.09715200000274e-13
4.19430400000548e-14
8.38860800001096e-15
1.67772160000219e-15
3.35544320000438e-16
6.71088640000876e-17
1.34217728000175e-17
2.6843545600035e-18
5.36870912000701e-19
1.0737418240014e-19
2.1474836480028e-20
0.8
0.16
0.032
0.0064
0.00128
0.000256
5.11999999999999e-05
1.024e-05
2.048e-06
4.09599999999999e-07
0.80000008192
0.160000016384
0.0320000032768
0.00640000065536
0.001280000131072
0.0002560000262144
5.12000052428799e-05
1.0240001048576e-05
2.0480002097152e-06
4.09600041943039e-07
8.19200083886078e-08
0.800000016384002
0.1600000032768
0.0320000006553601
0.00640000013107201
0.0012800000262144
0.00025600000524288
5.1200001048576e-05
1.02400002097152e-05
2.04800004194304e-06
4.09600008388608e-07
8.19200016777216e-08
1.63840003355443e-08
3.27680006710886e-09
0.80000000065536
0.160000000131072
0.0320000000262144
0.00640000000524288
0.801280000001049
0.16025600000021
0.0320512000000419
0.00641024000000838
0.801282048000002
0.1602564096
0.83205128192
0.166410256384
0.0332820512768
0.00665641025536
0.801331282051072
0.160266256410214
0.832053251282043
0.966410650256409
0.193282130051282
0.0386564260102563
0.807731285202051
0.16154625704041
0.832309251408082
0.166461850281616
0.833292370056323
0.166658474011265
0.0333316948022529
0.00666633896045058
0.00133326779209012
0.000266653558418023
5.33307116836046e-05
1.06661423367209e-05
2.13322846734418e-06
4.26645693468837e-07
8.53291386937673e-08
1.70658277387535e-08
3.41316554775069e-09
6.82633109550138e-10
1.36526621910028e-10
2.73053243820055e-11
5.4610648764011e-12
0.800000000001092
0.160000000000218
0.0320000000000437
0.00640000000000873
0.801280000000002
0.160256
0.0320512000000001
0.00641024000000001
0.001282048
0.0002564096
5.128192e-05
0.800010256384
0.1600020512768
0.03200041025536
0.006400082051072
0.0012800164102144
0.00025600328204288
5.12006564085759e-05
0.800010240131282
0.160002048026256
0.0320004096052513
0.00640008192105025
0.00128001638421005
0.00025600327684201
5.1200655368402e-05
1.02401310736804e-05
2.04802621473608e-06
4.09605242947215e-07
0.800000081921049
0.16000001638421
0.832000003276842
0.166400000655368
0.0332800001310737
0.00665600002621473
0.00133120000524295
0.000266240001048589
5.32480002097178e-05
1.06496000419436e-05
2.12992000838871e-06
4.25984001677742e-07
8.51968003355484e-08
0.80000001703936
0.160000003407872
0.0320000006815744
0.00640000013631488
0.00128000002726297
0.000256000005452595
0.800051200001091
0.960010240000218
0.192002048000044
0.0384004096000087
0.807680081920002
0.161536016384
0.0323072032768001
0.80646144065536
0.961292288131072
0.992258457626214
0.998451691525243
0.999690338305049
0.19993806766101
0.0399876135322019
1.60799752270644
0.321599504541288
0.0643199009082576
0.0128639801816515
0.0025727960363303
0.00051455920726606
0.000102911841453212
2.05823682906424e-05
4.11647365812848e-06
8.23294731625696e-07
1.64658946325139e-07
3.29317892650278e-08
6.58635785300556e-09
1.31727157060111e-09
2.63454314120222e-10
5.26908628240445e-11
1.05381725648089e-11
2.10763451296178e-12
4.21526902592355e-13
8.4305380518471e-14
1.68610761036942e-14
3.37221522073884e-15
6.74443044147768e-16
1.34888608829554e-16
2.69777217659107e-17
0.8
0.96
0.192
0.0384
0.00767999999999999
0.001536
0.0003072
6.14399999999999e-05
1.2288e-05
2.4576e-06
4.91519999999999e-07
9.83039999999998e-08
1.96607999999999e-08
3.93215999999999e-09
0.800000000786432
0.160000000157286
0.0320000000314573
0.00640000000629145
0.00128000000125829
0.000256000000251658
5.12000000503316e-05
1.02400000100663e-05
2.04800000201326e-06
4.09600000402652e-07
0.80000008192
0.160000016384
0.0320000032768
0.00640000065536
0.001280000131072
0.0002560000262144
5.12000052428799e-05
1.0240001048576e-05
2.0480002097152e-06
4.09600041943039e-07
8.19200083886078e-08
1.63840016777216e-08
3.27680033554431e-09
6.55360067108862e-10
1.31072013421772e-10
2.62144026843545e-11
5.24288053687089e-12
1.04857610737418e-12
0.80000000000021
0.160000000000042
0.0320000000000084
0.00640000000000167
0.00128000000000033
0.000256000000000067
5.12000000000134e-05
1.02400000000027e-05
2.04800000000053e-06
4.09600000000107e-07
8.19200000000213e-08
1.63840000000043e-08
3.27680000000085e-09
6.5536000000017e-10
1.31072000000034e-10
2.62144000000068e-11
5.24288000000136e-12
1.04857600000027e-12
2.09715200000054e-13
4.19430400000108e-14
8.38860800000216e-15
1.67772160000043e-15
3.35544320000086e-16
6.71088640000173e-17
1.34217728000035e-17
2.68435456000069e-18
5.36870912000138e-19
1.07374182400028e-19
2.14748364800055e-20
4.2949672960011e-21
8.5899345920022e-22
1.71798691840044e-22
3.43597383680088e-23
6.87194767360175e-24
1.37438953472035e-24
2.7487790694407e-25
5.4975581388814e-26
1.09951162777628e-26
2.19902325555256e-27
4.39804651110512e-28
8.79609302221023e-29
1.75921860444205e-29
3.51843720888409e-30
7.03687441776818e-31
1.40737488355364e-31
2.81474976710727e-32
5.62949953421454e-33
1.12589990684291e-33
2.25179981368582e-34
4.50359962737163e-35
9.00719925474326e-36
1.80143985094865e-36
3.6028797018973e-37
7.2057594037946e-38
1.44115188075892e-38
2.88230376151784e-39
5.76460752303568e-40
1.15292150460714e-40
2.30584300921427e-41
4.61168601842854e-42
9.22337203685708e-43
1.84467440737141e-43
3.68934881474283e-44
7.37869762948566e-45
1.47573952589713e-45
2.95147905179426e-46
5.90295810358852e-47
1.1805916207177e-47
2.36118324143541e-48
4.72236648287081e-49
9.44473296574163e-50
1.88894659314832e-50
0.8
0.16
0.832
0.1664
0.03328
0.006656
0.0013312
0.80026624
0.160053248
0.8320106496
0.16640212992
0.033280425984
0.0066560851968
0.00133121703936
0.000266243407872
5.32486815743999e-05
1.064973631488e-05
2.129947262976e-06
4.25989452595199e-07
8.51978905190398e-08
1.7039578103808e-08
3.40791562076159e-09
6.81583124152318e-10
0.800000000136317
0.160000000027263
0.0320000000054527
0.00640000000109053
0.00128000000021811
0.000256000000043621
5.12000000087242e-05
1.60001024
0.320002048
0.0640004096
0.01280008192
0.002560016384
0.0005120032768
0.00010240065536
0.800020480131072
0.960004096026214
0.992000819205243
0.998400163841049
0.19968003276821
0.0399360065536419
0.00798720131072838
0.00159744026214568
0.000319488052429135
6.3897610485827e-05
1.27795220971654e-05
2.55590441943308e-06
5.11180883886616e-07
1.02236176777323e-07
2.04472353554646e-08
0.800000004089447
0.160000000817889
0.0320000001635779
0.00640000003271557
0.00128000000654311
0.000256000001308623
5.12000002617246e-05
1.02400000523449e-05
0.800002048000011
0.160000409600002
1.63200008192
1.126400016384
0.2252800032768
0.04505600065536
0.00901120013107199
0.801802240026214
0.160360448005243
0.832072089601049
0.16641441792021
0.0332828835840419
0.806656576716808
0.161331315343362
0.832266263068672
0.166453252613734
0.0332906505227469
0.00665813010454937
0.00133162602090987
0.000266325204181975
0.800053265040836
0.160010653008167
0.0320021306016334
0.00640042612032669
0.00128008522406534
0.000256017044813067
5.12034089626135e-05
1.02406817925227e-05
2.04813635850454e-06
4.09627271700907e-07
0.800000081925454
0.160000016385091
0.0320000032770182
0.00640000065540363
0.00128000013108073
0.000256000026216145
5.1200005243229e-05
1.02400010486458e-05
0.80000204800021
0.160000409600042
0.0320000819200084
0.00640001638400167
0.00128000327680033
0.000256000655360067
5.12001310720134e-05
1.02400262144027e-05
2.04800524288053e-06
4.09601048576107e-07
8.19202097152213e-08
1.63840419430443e-08
3.27680838860885e-09
6.5536167772177e-10
1.31072335544354e-10
2.62144671088708e-11
5.24289342177416e-12
1.04857868435483e-12
2.09715736870966e-13
4.19431473741932e-14
8.38862947483864e-15
1.67772589496773e-15
3.35545178993546e-16
6.71090357987091e-17
0.8
0.16
0.032
0.0064
0.00128
0.000256
5.11999999999999e-05
1.024e-05
2.048e-06
4.09599999999999e-07
8.19199999999998e-08
0.800000016384
0.1600000032768
0.03200000065536
0.006400000131072
0.0012800000262144
0.800256000005243
0.160051200001049
0.0320102400002097
0.00640204800004194
0.00128040960000839
0.000256081920001677
0.800051216384
0.1600102432768
0.03200204865536
0.806400409731072
1.76128008194621
0.352256016389243
0.0704512032778485
0.0140902406555697
0.00281804813111394
0.000563609626222788
0.000112721925244558
2.25443850489115e-05
4.5088770097823e-06
9.0177540195646e-07
1.80355080391292e-07
0.800000036071016
0.160000007214203
0.0320000014428406
0.00640000028856813
0.801280000057714
0.160256000011543
0.0320512000023085
0.00641024000046171
0.00128204800009234
1.60025640960002
0.320051281920004
0.0640102563840007
0.8128020512768
0.16256041025536
0.832512082051072
0.166502416410214
0.0333004832820429
0.00666009665640857
0.00133201933128171
0.000266403866256343
5.32807732512685e-05
1.06561546502537e-05
2.13123093005074e-06
4.26246186010148e-07
8.52492372020296e-08
1.70498474404059e-08
3.40996948808118e-09
6.81993897616236e-10
1.36398779523247e-10
2.72797559046494e-11
5.45595118092989e-12
1.09119023618598e-12
2.18238047237195e-13
4.36476094474391e-14
0.800000000000009
0.960000000000002
0.192
0.8384
0.16768
0.033536
0.0067072
0.00134144
0.000268288
5.36575999999999e-05
1.073152e-05
2.146304e-06
4.29260799999999e-07
8.58521599999998e-08
1.7170432e-08
3.43408639999999e-09
6.86817279999998e-10
1.37363456e-10
2.74726911999999e-11
5.49453823999998e-12
1.098907648e-12
2.19781529599999e-13
4.39563059199998e-14
8.79126118399996e-15
1.75825223679999e-15
3.51650447359998e-16
7.03300894719997e-17
1.40660178943999e-17
2.81320357887998e-18
0.8
0.16
0.032
0.0064
0.00128
0.000256
5.11999999999999e-05
1.024e-05
2.048e-06
4.09599999999999e-07
8.19199999999998e-08
1.6384e-08
3.27679999999999e-09
6.55359999999998e-10
1.31072e-10
2.62143999999999e-11
5.24287999999998e-12
1.048576e-12
2.09715199999999e-13
4.19430399999998e-14
8.38860799999996e-15
1.67772159999999e-15
3.35544319999998e-16
6.71088639999997e-17
1.34217727999999e-17
2.68435455999999e-18
5.36870911999997e-19
1.07374182399999e-19
2.14748364799999e-20
4.29496729599997e-21
8.58993459199994e-22
1.71798691839999e-22
3.43597383679998e-23
6.87194767359995e-24
1.37438953471999e-24
0.8
0.16
0.032
0.0064
0.00128
0.000256
5.11999999999999e-05
1.024e-05
2.048e-06
4.09599999999999e-07
8.19199999999998e-08
1.6384e-08
3.27679999999999e-09
6.55359999999998e-10
1.31072e-10
2.62143999999999e-11
5.24287999999998e-12
1.048576e-12
2.09715199999999e-13
4.19430399999998e-14
8.38860799999996e-15
1.67772159999999e-15
3.35544319999998e-16
6.71088639999997e-17
1.34217727999999e-17
2.68435455999999e-18
5.36870911999997e-19
1.07374182399999e-19
2.14748364799999e-20
4.29496729599997e-21
8.58993459199994e-22
1.71798691839999e-22
3.43597383679998e-23
6.87194767359995e-24
1.37438953471999e-24
2.74877906943998e-25
5.49755813887996e-26
1.09951162777599e-26
2.19902325555198e-27
4.39804651110396e-28
8.79609302220792e-29
1.75921860444158e-29
3.51843720888317e-30
7.03687441776633e-31
0.8
0.16
0.032
0.0064
0.00128
0.000256
0.8000512
0.16001024
0.032002048
0.0064004096
0.00128008192
0.000256016384
5.12032767999999e-05
0.80001024065536
0.160002048131072
0.0320004096262144
0.00640008192524288
0.801280016385049
0.16025600327701
0.0320512006554019
0.00641024013108039
0.00128204802621608
0.000256409605243215
5.12819210486431e-05
1.02563842097286e-05
2.05127684194572e-06
4.10255368389144e-07
8.20510736778288e-08
1.64102147355658e-08
3.28204294711315e-09
6.5640858942263e-10
0.800000000131282
0.960000000026256
0.192000000005251
0.83840000000105
0.16768000000021
0.033536000000042
1.60670720000001
0.321341440000002
0.864268288
0.1728536576
0.83457073152
0.166914146304
0.0333828292608
0.00667656585216
0.001335313170432
0.800267062634086
0.960053412526817
0.192010682505363
0.0384021365010727
0.807680427300215
0.161536085460043
0.0323072170920086
0.00646144341840171
0.80129228868368
0.960258457736736
0.192051691547347
0.838410338309469
0.167682067661894
0.833536413532379
0.166707282706476
0.0333414565412951
0.00666829130825903
0.0013336582616518
0.000266731652330361
5.33463304660722e-05
1.06692660932144e-05
2.13385321864289e-06
4.26770643728577e-07
8.53541287457154e-08
1.70708257491431e-08
0.800000003414165
0.160000000682833
0.0320000001365666
0.806400000027313
0.161280000005463
0.0322560000010925
0.0064512000002185
0.0012902400000437
0.00025804800000874
5.1609600001748e-05
1.03219200003496e-05
2.06438400006992e-06
0.8000004128768
0.96000008257536
0.192000016515072
0.0384000033030144
0.00768000066060288
0.00153600013212057
0.000307200026424115
6.1440005284823e-05
0.800012288001057
0.960002457600211
0.192000491520042
0.0384000983040084
0.00768001966080169
0.00153600393216034
0.000307200786432067
6.14401572864134e-05
1.22880314572827e-05
2.45760629145654e-06
4.91521258291307e-07
9.83042516582614e-08
1.96608503316523e-08
3.93217006633046e-09
7.86434013266091e-10
1.57286802653218e-10
3.14573605306436e-11
6.29147210612872e-12
1.25829442122574e-12
2.51658884245149e-13
5.03317768490298e-14
1.00663553698059e-14
2.01327107396119e-15
4.02654214792238e-16
8.05308429584475e-17
0.8
0.16
2.432
1.2864
0.25728
1.651456
0.3302912
0.06605824
0.013211648
0.8026423296
0.96052846592
0.192105693184
0.0384211386368
0.00768422772735999
0.001536845545472
0.0003073691090944
6.14738218188799e-05
1.2294764363776e-05
2.4589528727552e-06
4.91790574551039e-07
9.83581149102078e-08
1.96716229820415e-08
3.93432459640831e-09
7.86864919281662e-10
1.57372983856332e-10
3.14745967712665e-11
6.29491935425329e-12
0.800000000001259
0.160000000000252
0.0320000000000503
0.00640000000001007
0.801280000000002
0.960256
0.1920512
0.03841024
0.007682048
0.8015364096
0.16030728192
0.032061456384
0.8064122912768
0.16128245825536
0.032256491651072
0.0064512983302144
0.00129025966604288
0.800258051933209
0.160051610386642
0.0320103220773283
0.00640206441546567
0.00128041288309313
0.000256082576618627
5.12165153237253e-05
1.02433030647451e-05
2.04866061294901e-06
4.09732122589802e-07
8.19464245179604e-08
1.63892849035921e-08
3.27785698071841e-09
6.55571396143683e-10
1.31114279228737e-10
2.62228558457473e-11
5.24457116914946e-12
1.04891423382989e-12
2.09782846765978e-13
4.19565693531956e-14
8.39131387063912e-15
1.67826277412782e-15
3.35652554825565e-16
0.8
0.16
0.032
0.0064
0.80128
0.160256
0.0320512
0.80641024
0.961282048
0.1922564096
0.03845128192
0.00769025638399999
0.0015380512768
0.00030761025536
6.15220510719999e-05
1.23044102144e-05
0.800002460882043
0.160000492176409
0.0320000984352817
0.00640001968705634
0.00128000393741127
0.000256000787482253
5.12001574964507e-05
1.02400314992901e-05
2.04800629985803e-06
4.09601259971605e-07
8.1920251994321e-08
1.63840503988642e-08
3.27681007977284e-09
0.800000000655362
0.160000000131072
0.0320000000262145
0.00640000000524289
0.00128000000104858
0.000256000000209716
5.12000000419431e-05
1.02400000083886e-05
2.04800000167772e-06
4.09600000335545e-07
8.19200000671089e-08
1.63840000134218e-08
3.27680000268436e-09
6.55360000536871e-10
1.31072000107374e-10
2.62144000214748e-11
5.24288000429496e-12
1.04857600085899e-12
2.09715200171798e-13
4.19430400343597e-14
8.38860800687193e-15
1.67772160137439e-15
3.35544320274877e-16
6.71088640549754e-17
1.34217728109951e-17
0.8
0.16
0.032
0.0064
0.00128
0.000256
5.11999999999999e-05
1.024e-05
2.048e-06
4.09599999999999e-07
8.19199999999998e-08
1.6384e-08
3.27679999999999e-09
6.55359999999998e-10
1.31072e-10
2.62143999999999e-11
5.24287999999998e-12
1.048576e-12
2.09715199999999e-13
4.19430399999998e-14
8.38860799999996e-15
1.67772159999999e-15
3.35544319999998e-16
6.71088639999997e-17
1.34217727999999e-17
2.68435455999999e-18
5.36870911999997e-19
1.07374182399999e-19
2.14748364799999e-20
4.29496729599997e-21
8.58993459199994e-22
1.71798691839999e-22
3.43597383679998e-23
6.87194767359995e-24
1.37438953471999e-24
2.74877906943998e-25
0.8
0.16
0.032
0.0064
0.00128
0.000256
5.11999999999999e-05
1.024e-05
2.048e-06
4.09599999999999e-07
8.19199999999998e-08
1.6384e-08
3.27679999999999e-09
6.55359999999998e-10
1.31072e-10
2.62143999999999e-11
5.24287999999998e-12
0.800000000001049
0.96000000000021
0.192000000000042
0.0384000000000084
0.00768000000000167
0.00153600000000033
0.000307200000000067
0.80006144
0.160012288
0.0320024576
0.00640049152
0.001280098304
0.0002560196608
0.80005120393216
0.160010240786432
0.832002048157286
0.166400409631457
0.0332800819262914
0.806656016385258
0.161331203277052
0.0322662406554103
0.00645324813108206
0.00129064962621641
0.000258129925243282
5.16259850486565e-05
0.80001032519701
0.160002065039402
0.0320004130078804
0.806400082601576
0.961280016520315
0.192256003304063
0.0384512006608126
0.807690240132163
0.161538048026432
0.0323076096052865
0.0064615219210573
0.00129230438421146
0.000258460876842292
5.16921753684583e-05
1.03384350736917e-05
0.800002067687015
0.160000413537403
0.0320000827074806
0.806400016541496
0.161280003308299
0.0322560006616598
2.40645120013233
0.481290240026466
0.0962580480052932
0.0192516096010586
0.00385032192021173
0.000770064384042345
0.800154012876809
0.160030802575362
0.0320061605150723
0.00640123210301446
0.00128024642060289
0.800256049284121
0.160051209856824
0.832010241971365
1.76640204839427
1.95328040967885
0.390656081935771
0.0781312163871541
0.0156262432774308
0.00312524865548616
0.000625049731097233
0.800125009946219
0.160025001989244
0.0320050003978488
0.00640100007956975
0.00128020001591395
0.800256040003183
0.160051208000637
0.832010241600127
0.966402048320026
0.193280409664005
0.038656081932801
0.0077312163865602
0.00154624327731204
0.000309248655462408
6.18497310924816e-05
1.23699462184963e-05
2.47398924369926e-06
4.94797848739852e-07
9.89595697479704e-08
1.97919139495941e-08
0.800000003958383
0.160000000791677
0.0320000001583353
0.00640000003166706
0.00128000000633341
0.000256000001266682
5.12000002533364e-05
1.02400000506673e-05
0.80000204800001
0.160000409600002
0.0320000819200004
0.806400016384
0.1612800032768
0.03225600065536
0.006451200131072
0.0012902400262144
0.00025804800524288
5.16096010485759e-05
1.03219202097152e-05
2.06438404194304e-06
4.12876808388607e-07
0.800000082575362
0.960000016515072
0.192000003303014
0.0384000006606029
0.00768000013212057
0.00153600002642411
0.800307200005285
0.160061440001057
0.0320122880002114
0.00640245760004227
0.801280491520008
0.160256098304002
0.0320512196608003
0.80641024393216
0.161282048786432
0.0322564097572864
0.00645128195145728
0.00129025639029146
0.800258051278058
0.160051610255612
0.0320103220511223
0.806402064410225
0.161280412882045
0.832256082576409
0.166451216515282
0.0332902433030563
0.00665804866061127
0.00133160973212225
0.000266321946424451
5.32643892848901e-05
1.0652877856978e-05
2.1305755713956e-06
4.26115114279121e-07
8.52230228558241e-08
1.70446045711648e-08
0.800000003408921
0.160000000681784
0.0320000001363568
0.00640000002727136
0.00128000000545427
0.800256000001091
0.160051200000218
0.0320102400000436
0.00640204800000872
0.00128040960000174
0.000256081920000349
5.12163840000697e-05
1.02432768000139e-05
2.04865536000279e-06
4.09731072000558e-07
8.19462144001115e-08
1.63892428800223e-08
0.800000003277849
0.16000000065557
0.0320000001311139
0.00640000002622279
0.00128000000524456
0.000256000001048911
5.12000002097823e-05
1.02400000419564e-05
2.04800000839129e-06
4.09600001678258e-07
8.19200003356515e-08
0.800000016384
0.9600000032768
0.19200000065536
0.038400000131072
0.00768000002621439
0.801536000005243
0.160307200001049
0.0320614400002097
0.00641228800004194
0.00128245760000839
0.000256491520001677
5.12983040003355e-05
1.02596608000671e-05
2.05193216001342e-06
4.10386432002684e-07
8.20772864005367e-08
0.800000016415457
0.160000003283091
0.832000000656618
0.166400000131324
0.833280000026265
0.166656000005253
0.833331200001051
0.16666624000021
0.033333248000042
0.0066666496000084
0.00133332992000168
0.000266665984000336
5.33331968000672e-05
1.06666393600134e-05
2.13332787200269e-06
4.26665574400537e-07
8.53331148801074e-08
1.70666229760215e-08
3.41332459520429e-09
6.82664919040859e-10
1.36532983808172e-10
2.73065967616343e-11
5.46131935232687e-12
1.09226387046537e-12
2.18452774093075e-13
4.36905548186149e-14
8.73811096372298e-15
1.74762219274459e-15
3.49524438548919e-16
6.99048877097838e-17
1.39809775419568e-17
2.79619550839135e-18
5.5923910167827e-19
1.11847820335654e-19
2.23695640671308e-20
4.47391281342616e-21
8.94782562685231e-22
1.78956512537046e-22
3.57913025074092e-23
0.8
0.96
0.192
0.0384
0.00767999999999999
0.001536
0.0003072
6.14399999999999e-05
1.2288e-05
2.4576e-06
4.91519999999999e-07
9.83039999999998e-08
1.96607999999999e-08
3.93215999999999e-09
7.86431999999998e-10
1.572864e-10
3.14572799999999e-11
6.29145599999998e-12
1.2582912e-12
2.51658239999999e-13
5.03316479999998e-14
1.00663296e-14
2.01326591999999e-15
4.02653183999998e-16
8.05306367999996e-17
1.61061273599999e-17
3.22122547199998e-18
6.44245094399996e-19
1.28849018879999e-19
2.57698037759998e-20
5.15396075519997e-21
1.03079215103999e-21
2.06158430207999e-22
4.12316860415997e-23
8.24633720831994e-24
1.64926744166399e-24
3.29853488332797e-25
6.59706976665594e-26
1.31941395333119e-26
2.63882790666238e-27
5.27765581332475e-28
1.05553116266495e-28
2.1110623253299e-29
4.2221246506598e-30
8.4442493013196e-31
1.68884986026392e-31
3.37769972052784e-32
6.75539944105567e-33
1.35107988821113e-33
2.70215977642227e-34
0.8
0.16
0.032
0.0064
0.00128
0.000256
5.11999999999999e-05
1.024e-05
2.048e-06
4.09599999999999e-07
8.19199999999998e-08
1.6384e-08
3.27679999999999e-09
6.55359999999998e-10
1.31072e-10
2.62143999999999e-11
0.800000000005243
0.160000000001049
0.83200000000021
0.166400000000042
0.0332800000000084
0.00665600000000167
0.00133120000000033
0.000266240000000067
5.32480000000134e-05
1.06496000000027e-05
2.12992000000053e-06
4.25984000000107e-07
0.8000000851968
0.16000001703936
0.032000003407872
0.0064000006815744
0.00128000013631488
0.000256000027262976
5.12000054525951e-05
1.0240001090519e-05
2.0480002181038e-06
4.09600043620761e-07
8.19200087241521e-08
1.63840017448304e-08
0.8000000032768
0.96000000065536
0.192000000131072
1.63840000002621
0.327680000005243
0.865536000001049
0.17310720000021
0.0346214400000419
0.00692428800000838
0.00138485760000168
0.000276971520000335
5.5394304000067e-05
1.10788608000134e-05
0.80000221577216
0.160000443154432
0.832000088630886
0.966400017726177
0.993280003545235
0.198656000709047
0.839731200141809
1.76794624002836
1.15358924800567
0.230717849601134
0.0461435699202269
0.809228713984045
0.161845742796809
0.0323691485593618
0.00647382971187236
0.00129476594237447
0.000258953188474894
5.17906376949788e-05
1.03581275389958e-05
2.07162550779915e-06
4.1432510155983e-07
8.28650203119661e-08
1.65730040623932e-08
3.31460081247864e-09
6.62920162495728e-10
0.800000000132584
0.160000000026517
0.0320000000053033
0.00640000000106067
1.60128000000021
0.320256000000042
0.0640512000000085
0.0128102400000017
0.00256204800000034
0.000512409600000067
0.000102481920000013
2.04963840000027e-05
0.8000040992768
0.16000081985536
0.032000163971072
0.0064000327942144
0.801280006558843
0.160256001311769
0.0320512002623537
0.00641024005247074
1.60128204801049
0.320256409602099
0.0640512819204197
0.812810256384084
0.962562051276817
0.992512410255363
0.198502482051073
0.0397004964102145
0.0079400992820429
0.00158801985640858
0.800317603971282
0.160063520794256
0.0320127041588513
0.00640254083177025
0.801280508166354
0.160256101633271
0.0320512203266541
0.00641024406533083
0.801282048813066
0.160256409762613
0.0320512819525226
0.00641025639050453
0.0012820512781009
0.000256410255620181
5.12820511240362e-05
1.02564102248072e-05
2.05128204496145e-06
4.10256408992289e-07
0.800000082051282
0.160000016410256
0.0320000032820513
0.00640000065641025
0.801280000131282
0.960256000026256
0.192051200005251
0.0384102400010502
0.00768204800021005
0.801536409600042
0.160307281920008
0.0320614563840017
0.00641229127680033
0.80128245825536
0.960256491651072
0.192051298330214
0.838410259666043
0.167682051933209
0.0335364103866417
0.806707282077328
0.161341456415466
0.0322682912830931
0.00645365825661862
0.00129073165132372
0.000258146330264745
0.800051629266053
0.160010325853211
0.0320020651706421
0.806400413034128
0.961280082606826
0.192256016521365
0.038451203304273
0.0076902406608546
0.801538048132171
0.160307609626434
0.832061521925287
0.166412304385057
0.0332824608770115
0.00665649217540229
0.00133129843508046
0.000266259687016092
5.32519374032183e-05
1.06503874806437e-05
2.13007749612873e-06
4.26015499225746e-07
1.6000000852031
0.32000001704062
0.064000003408124
0.0128000006816248
0.00256000013632496
0.000512000027264991
0.000102400005452998
2.04800010905996e-05
4.09600021811993e-06
0.800000819200044
0.960000163840009
0.192000032768002
0.0384000065536003
0.80768000131072
0.161536000262144
0.0323072000524288
0.00646144001048576
0.00129228800209715
0.00025845760041943
5.1691520083886e-05
0.800010338304017
0.160002067660803
0.0320004135321607
0.00640008270643213
0.801280016541286
