0
0
0
0
0
0
0
0
0
0
0
0
0
0
0
0
0
0
0
0
0
0
0
0.0416666666666667
0.0383333333333333
0.0352666666666667
0.0324453333333333
0.0298497066666667
0.0274617301333333
0.0252647917226667
0.0232436083848533
0.0213841197140651
0.0196733901369399
0.0180995189259847
0.0166515574119059
0.0153194328189534
0.0140938781934372
0.0129663679379622
0.0119290585029252
0.0109747338226912
0.0100967551168759
0.00928901470752583
0.00854589353092376
0.00786222204844986
0.00723324428457387
0.00665458474180796
0.00612221796246333
0.00563244052546626
0.00518184528342896
0.00476729766075464
0.00438591384789427
0.00403504074006273
0.00371223748085771
0.0034152584823891
0.00314203780379797
0.00289067477949413
0.0026594207971346
0.00244666713336383
0.00225093376269473
0.00207085906167915
0.00190519033674482
0.00175277510980523
0.00161255310102081
0.00148354885293915
0.00136486494470402
0.00125567574912769
0.00115522168919748
0.00106280395406168
0.000977779637736746
0.000899557266717807
0.000827592685380382
0.000761385270549952
0.000700474448905956
0.000644436492993479
0.000592881573554001
0.000545451047669681
0.000501814963856106
0.000461669766747618
0.000424736185407808
0.000390757290575184
0.000359496707329169
0.000330736970742836
0.000304278013083409
0.000279935772036736
0.000257540910273797
0.000236937637451893
0.000217982626455742
0.000200544016339283
0.00018450049503214
0.000169740455429569
0.000156161218995203
0.000143668321475587
0.00013217485575754
0.000121600867296937
0.000111872797913182
0.000102922974080127
9.46891361537172e-05
8.71140052614199e-05
8.01448848405063e-05
7.37332940532658e-05
6.78346305290045e-05
6.24078600866842e-05
5.74152312797494e-05
5.28220127773695e-05
4.85962517551799e-05
4.47085516147655e-05
4.11318674855843e-05
3.78413180867375e-05
3.48140126397985e-05
3.20288916286147e-05
2.94665802983255e-05
2.71092538744595e-05
2.49405135645027e-05
2.29452724793425e-05
0.080021109650681
0.0736194208786265
0.0677298672083364
0.0623114778316695
0.0573265596051359
0.0527404348367251
0.0485212000497871
0.0446395040458041
0.0410683437221398
0.117782876224369
0.108360246126419
0.0996914264363056
0.0917161123214011
0.084378823335689
0.157628517468834
0.145018236071327
0.133416777185621
0.122743435010771
0.11292396020991
0.103890043393117
0.0955788399216675
0.0879325327279342
0.160897930109699
0.148026095700923
0.13618400804485
0.125289287401262
0.195266144409161
0.259644852856428
0.238873264627914
0.219763403457681
0.202182331181066
0.186007744686581
0.171127125111654
0.237436955102722
0.218441998694504
0.200966638798944
0.184889307695028
0.170098163079426
0.236490310033072
0.217571085230426
0.200165398411992
0.184152166539033
0.16941999321591
0.155866393758637
0.143397082257946
0.131925315677311
0.121371290423126
0.111661587189276
0.102728660214134
0.0945103673970031
0.0869495380052429
0.0799935749648234
0.0735940889676376
0.0677065618502266
0.0622900369022084
0.0573068339500318
0.0527222872340292
0.0485045042553069
0.0446241439148823
0.201054212401692
0.184969875409556
0.250172285376792
0.230158502546649
0.211745822342917
0.194806156555483
0.179221664031045
0.164883930908561
0.151693216435876
0.139557759121006
0.208393138391326
0.19172168732002
0.176383952334418
0.162273236147665
0.149291377255851
0.137348067075383
0.206360221709353
0.189851403972604
0.174663291654796
0.160690228322412
0.147835010056619
0.13600820925209
0.125127552511923
0.115117348310969
0.105907960446091
0.177435323610404
0.163240497721572
0.150181257903846
0.218166757271538
0.200713416689815
0.18465634335463
0.16988383588626
0.236293129015359
0.21738967869413
0.1999985043986
0.183998624046712
0.249278734122975
0.229336435393137
0.210989520561686
0.194110358916751
0.178581530203411
0.244295007787138
0.224751407164167
0.206771294591034
0.190229591023751
0.255011223741851
0.234610325842503
0.295841499775103
0.272174179793094
0.250400245409647
0.230368225776875
0.211938767714725
0.194983666297547
0.179384972993743
0.245034175154244
0.305431441141904
0.280996925850552
0.258517171782508
0.237835798039907
0.218808934196715
0.201304219460978
0.185199881904099
0.170383891351771
0.23675318004363
0.297812925640139
0.273987891588928
0.252068860261814
0.231903351440869
0.213351083325599
0.196282996659551
0.260580356926787
0.239733928372644
0.220555214102833
0.202910796974606
0.186677933216638
0.171743698559307
0.158004202674562
0.145363866460597
0.133734757143749
0.203035976572249
0.18679309844647
0.171849650570752
0.158101678525092
0.145453544243084
0.133817260703638
0.123111879847347
0.113262929459559
0.104201895102794
0.0958657434945707
0.168196484015005
0.154740765293805
0.1423615040703
0.130972583744676
0.120494777045102
0.110855194881494
0.101986779290975
0.0938278369476966
0.166321609991881
0.15301588119253
0.140774610697128
0.129512641841358
0.119151630494049
0.109619500054525
0.100849940050163
0.17278194484615
0.158959389258458
0.146242638117781
0.134543227068359
0.12377976890289
0.113877387390659
0.104767196399406
0.0963858206874538
0.0886749550324575
0.0815809586298609
0.075054481939472
0.0690501233843143
0.0635261135135691
0.0584440244324836
0.0537685024778849
0.0494670222796541
0.0455096604972818
0.121868887657499
0.112119376644899
0.103149826513307
0.0948978403922428
0.0873060131608634
0.0803215321079943
0.0738958095393547
0.0679841447762064
0.0625454131941099
0.0575417801385811
0.0529384377274946
0.048703362709295
0.0448070936925514
0.0412225261971473
0.0379247241013755
0.0348907461732655
0.0320994864794043
0.0295315275610519
0.0271690053561678
0.0249954849276743
0.0229958461334604
0.0211561784427836
0.0194636841673609
0.017906589433972
0.0164740622792543
0.0151561372969139
0.0139436463131608
0.0128281546081079
0.0118019022394593
0.0108577500603026
0.0899891300554784
0.0827899996510401
0.0761667996789569
0.0700734557046404
0.0644675792482691
0.0593101729084076
0.054565359075735
0.0502001303496762
0.0461841199217021
0.0424893903279659
0.0390902391017287
0.0359630199735904
0.113085978375703
0.104039100105647
0.0957159720971951
0.0880586943294195
0.081013998783066
0.0745328788804207
0.148570248569987
0.136684628684388
0.125749858389637
0.115689869718466
0.106434680140989
0.0979199057297097
0.0900863132713329
0.0828794082096263
0.0762490555528562
0.0701491311086277
0.0645372006199375
0.0593742245703425
0.0546242866047151
0.0502543436763379
0.0462339961822309
0.0425352764876524
0.0391324543686402
0.036001858019149
0.0331217093776171
0.0304719726274077
0.0280342148172151
0.0257914776318379
0.0237281594212909
0.0218299066675876
0.0200835141341806
0.0184768330034461
0.0169986863631705
0.0156387914541168
0.0143876881377875
0.0932366730867645
0.0857777392398233
0.0789155201006375
0.0726022784925865
0.0667940962131796
0.0614505685161252
0.0565345230348352
0.0520117611920484
0.0478508202966845
0.0440227546729497
0.0405009342991138
0.0372608595551847
0.0342799907907699
0.0315375915275083
0.0290145842053076
0.026693417468883
0.104557944071372
0.0961933085456626
0.0884978438620096
0.0814180163530488
0.0749045750448049
0.0689122090412205
0.0633992323179229
0.0583272937324891
0.0536611102338899
0.0493682214151787
0.0454187637019645
0.0417852626058073
0.0384424415973427
0.115367046269555
0.106137682567991
0.0976466679625516
0.0898349345255475
0.0826481397635037
0.0760362885824234
0.0699533854958295
0.144357114656163
0.13280854548367
0.122183861844976
0.112409152897378
0.103416420665588
0.0951431070123411
0.0875316584513538
0.0805291257752455
0.0740867957132259
0.0681598520561678
0.0627070638916744
0.0576904987803404
0.0530752588779132
0.0488292381676801
0.0449228991142657
0.0413290671851245
0.118022741810315
0.108580922465489
0.0998944486682502
0.0919028927747902
0.084550661352807
0.0777866084445824
0.0715636797690158
0.145838585387495
0.294171498556495
0.270637778671975
0.248986756378217
0.22906781586796
0.290742390598523
0.267482999350641
0.24608435940259
0.306397610650383
0.361885801798352
0.332934937654484
0.386300142642125
0.355396131230755
0.326964440732295
0.300807285473711
0.276742702635815
0.414603286424949
0.381435023510953
0.350920221630077
0.322846603899671
0.297018875587697
0.273257365540682
0.251396776297427
0.231285034193633
0.212782231458142
0.195759652941491
0.180098880706172
0.165690970249678
0.152435692629704
0.140240837219327
0.129021570241781
0.118699844622439
0.109203857052644
0.100467548488432
0.0924301446093576
0.085035733040609
0.0782328743973603
0.0719742444455714
0.0662163048899257
0.140919000498732
0.129645480458833
0.119273842022126
0.109731934660356
0.100953379887528
0.0928771094965257
0.0854469407368036
0.0786111854778593
0.0723222906396306
0.14653650738846
0.134813586797383
0.204028499853593
0.187706219865305
0.172689722276081
0.158874544493994
0.146164580934475
0.134471414459717
0.12371370130294
0.113816605198704
0.104711276782808
0.0963343746401834
0.0886276246689687
0.0815374146954512
0.0750144215198151
0.0690132677982299
0.143492206374372
0.132012829864422
0.121451803475268
0.111735659197247
0.182796806461467
0.16817306194455
0.154719216988986
0.142341679629867
0.130954345259477
0.120477997638719
0.110839757827622
0.181972577201412
0.167414771025299
0.154021589343275
0.141699862195813
0.130363873220148
0.119934763362536
0.110339982293533
0.101512783710051
0.0933917610132466
0.165920420132187
0.232646786521612
0.214035043599883
0.196912240111892
0.261159260902941
0.240266520030706
0.221045198428249
0.203361582553989
0.18709265594967
0.172125243473697
0.158355223995801
0.145686806076137
0.134031861590046
0.123309312662842
0.193444567649815
0.17796900223783
0.163731482058803
0.150632963494099
0.138582326414571
0.207495740301405
0.190896081077293
0.17562439459111
0.161574443023821
0.148648487581915
0.136756608575362
0.205816079889333
0.269350793498186
0.247802730018331
0.307978511616865
0.283340230687516
0.260673012232515
0.239819171253913
0.2206336375536
0.202982946549312
0.186744310825367
0.171804765959338
0.158060384682591
0.145415553907984
0.133782309595345
0.123079724827717
0.1132333468415
0.10417467909418
0.0958407047666456
0.0881734483853139
0.0811195725144888
0.0746300067133297
0.0686596061762634
0.0631668376821623
0.0581134906675893
0.0534644114141822
0.0491872585010476
0.0452522778209638
0.121632095595287
0.111901527947664
0.102949405711851
0.0947134532549026
0.0871363769945104
0.0801654668349496
0.0737522294881536
0.0678520511291013
0.0624238870387732
0.0574299760756714
0.0528355779896177
0.0486087317504482
0.0447200332104124
0.121142430553579
0.111451036109293
0.18253495322055
0.167932156962906
0.154497584405873
0.142137777653403
0.130766755441131
0.120305415005841
0.110680981805373
0.101826503260944
0.093680383000068
0.0861859523600626
0.0792910761712576
0.072947790077557
0.147111966871352
0.135343009521644
0.124515568759913
0.11455432325912
0.10538997739839
0.0969587792065189
0.0892020768699974
0.0820659107203976
0.0755006378627658
0.0694605868337446
0.063903739887045
0.0587914406960814
0.0540881254403949
0.0497610754051633
0.0457801893727502
0.0421177742229302
0.0387483522850958
0.0356484841022881
0.0327966053741051
0.0301728769441767
0.0277590467886425
0.0255383230455511
0.0234952572019071
0.0216156366257545
0.0198863856956941
0.0182954748400386
0.0168318368528355
0.0154852899046087
0.01424646671224
0.0131067493752608
0.0120582094252399
0.0110935526712207
0.0102060684575231
0.00938958298092122
0.00863841634244753
0.00794734303505173
0.00731155559224759
0.00672663114486778
0.00618850065327836
0.00569342060101609
0.0052379469529348
0.00481891119670002
0.084433398300964
0.0776787264368869
0.151464428321936
0.139347274056181
0.128199492131687
0.117943532761152
0.10850805014026
0.0998274061290388
0.0918412136387157
0.0844939165476184
0.077734403223809
0.0715156509659042
0.0657943988886319
0.0605308469775414
0.0556883792193381
0.051233308881791
0.0471346441712477
0.0433638726375479
0.0398947628265441
0.0367031818004206
0.0337669272563869
0.031065573075876
0.0285803272298059
0.0262939010514214
0.0241903889673077
0.0222551578499231
0.0204747452219292
0.0188367656041749
0.0173298243558409
0.0159434384073736
0.0146679633347837
0.013494526268001
0.012414964166561
0.0114217670332361
0.0105080256705772
0.00966738361693103
0.00889399292757655
0.00818247349337042
0.00752787561390079
0.00692564556478873
0.00637159391960563
0.00586186640603718
0.0053929170935542
0.00496148372606987
0.00456456502798428
0.00419939982574554
0.00386344783968589
0.00355437201251102
0.00327002225151014
0.00300842047138933
0.00276774683367818
0.00254632708698393
0.00234262092002521
0.0021552112464232
0.00198279434670934
0.00182417079897259
0.00167823713505479
0.0015439781642504
0.00142045991111037
0.161306823118222
0.148402277268764
0.136530095087263
0.125607687480282
0.195559072481859
0.17991434668331
0.165521198948646
0.152279503032754
0.140097142790134
0.128889371366923
0.198578221657569
0.182691963924964
0.168076606810967
0.154630478266089
0.222260040004802
0.204479236804418
0.188120897860065
0.173071226031259
0.239225527948759
0.220087485712858
0.202480486855829
0.186282047907363
0.171379484074774
0.157669125348792
0.225055595320889
0.207051147695218
0.1904870558796
0.255248091409232
0.234828244096494
0.216041984568774
0.198758625803272
0.18285793573901
0.16822930087989
0.154770956809498
0.142389280264739
0.13099813784356
0.120518286816075
0.110876823870789
0.102006677961126
0.173846143724236
0.159938452226297
0.147143376048193
0.135371905964338
0.124542153487191
0.114578781208215
0.105412478711558
0.0969794804146335
0.0892211219814628
0.0820834322229458
0.0755167576451101
0.0694754170335013
0.0639173836708212
0.0588039929771555
0.0540996735389831
0.0497716996558644
0.0457899636833953
0.122126766588724
0.112356625261626
0.103368095240696
0.0950986476214401
0.0874907558117249
0.0804914953467869
0.0740521757190439
0.0681280016615204
0.0626777615285988
0.137663540606311
0.206650457357806
0.190118420769182
0.174908947107647
0.160916231339035
0.148042932831912
0.216199498205359
0.198903538348931
0.182991255281016
0.168351954858535
0.154883798469852
0.142493094592264
0.211093647024883
0.194206155262892
0.178669662841861
0.164376089814512
0.151226002629351
0.139127922419003
0.127997688625483
0.117757873535444
0.108337243652609
0.1796702641604
0.165296643027568
0.152072911585363
0.139907078658534
0.128714512365851
0.118417351376583
0.108943963266456
0.26022844620514
0.239410170508729
0.22025735686803
0.202636768318588
0.186425826853101
0.171511760704853
0.157790819848465
0.145167554260587
0.13355414991974
0.202869817926161
0.186640232492068
0.171709013892703
0.157972292781287
0.145334509358784
0.213707748610081
0.196611128721275
0.180882238423573
0.166411659349687
0.153098726601712
0.140850828473575
0.129582762195689
0.119216141220034
0.109678849922431
0.100904541928637
0.172832178574346
0.159005604288398
0.146285155945326
0.1345823434697
0.123815755992124
0.113910495512754
0.104797655871734
0.0964138434019951
0.0887007359298355
0.0816046770554487
0.0750763028910128
0.0690701986597318
0.0635445827669532
0.138461016145597
0.207384134853949
0.270793404065633
0.249129931740383
0.229199537201152
0.21086357422506
0.193994488287055
0.178474929224091
0.164196934886163
0.15106118009527
0.138976285687649
0.127858182832637
0.197629528206026
0.181819165949544
0.16727363267358
0.153891742059694
0.141580402694918
0.130253970479325
0.119833652840979
0.110246960613701
0.101427203764605
0.0933130274634362
0.0858479852663614
0.0789801464450524
0.0726617347294482
0.0668487959510924
0.061500892275005
0.0565808208930046
0.0520543552215642
0.127890006803839
0.117658806259532
0.108246101758769
0.0995864136180679
0.0916195005286225
0.0842899404863327
0.0775467452474261
0.071343005627632
0.0656355651774214
0.0603847199632277
0.0555539423661695
0.0511096269768759
0.0470208568187259
0.0432591882732278
0.0397984532113696
0.03661457695446
0.0336854107981032
0.030990577934255
0.0285113316995146
0.0262304251635534
0.0241319911504691
0.0222014318584316
0.0204253173097571
0.0187912919249765
0.0172879885709784
0.0159049494853001
0.0146325535264761
0.013461949244358
0.0123849933048094
0.0113941938404246
0.0104826583331907
0.0096440456665354
0.00887252201321257
0.00816272025215557
0.00750970263198312
0.00690892642142447
0.00635621230771052
0.00584771532309367
0.00537989809724618
0.00494950624946649
0.00455354574950917
0.00418926208954843
0.00385412112238456
0.00354579143259379
0.00326212811798629
0.00300115786854739
0.0027610652390636
0.00254018001993851
0.00233696561834343
0.00215000836887595
0.00197800769936588
0.00181976708341661
0.00167418571674328
0.00154025085940382
0.00141703079065151
0.00130366832739939
0.00119937486120744
0.00110342487231084
0.00101515088252598
0.000933938811923899
0.000859223706969987
0.000790485810412388
0.000727246945579397
0.000669067189933045
0.000615541814738402
0.00056629846955933
0.000520994591994583
0.000479315024635017
0.000440969822664215
0.000405692236851078
0.000373236857902992
0.000343377909270753
0.000315907676529092
0.000290635062406765
0.000267384257414224
0.000245993516821086
0.000226314035475399
0.000208208912637367
0.000191552199626378
0.000176228023656268
0.000162129781763766
0.000149159399222665
0.000137226647284852
0.000126248515502064
0.000116148634261899
0.000106856743520947
9.83082040392709e-05
9.04435477161292e-05
8.32080638988389e-05
7.65514187869318e-05
7.04273052839773e-05
6.47931208612591e-05
5.96096711923584e-05
5.48408974969697e-05
5.04536256972121e-05
4.64173356414352e-05
4.27039487901203e-05
3.92876328869107e-05
3.61446222559579e-05
3.32530524754812e-05
3.05928082774427e-05
2.81453836152473e-05
2.58937529260275e-05
2.38222526919453e-05
2.19164724765897e-05
2.01631546784625e-05
1.85501023041855e-05
1.70660941198507e-05
1.57008065902626e-05
1.44447420630416e-05
1.32891626979983e-05
1.22260296821584e-05
1.12479473075858e-05
1.03481115229789e-05
9.52026260114058e-06
0.0800087586415931
0.0736080579502656
0.0677194133142444
0.0623018602491048
0.0573177114291764
0.0527322945148423
0.0485137109536549
0.0446326140773626
0.0410620049511735
0.0377770445550797
0.0347548809906733
0.0319744905114194
0.0294165312705059
0.0270632087688654
0.0248981520673562
0.0229062999019677
0.10107379590981
0.172987892237025
0.159148860858063
0.146416951989418
0.134703595830265
0.123927308163844
0.114013123510736
0.184892073629877
0.170100707739487
0.156492651120328
0.223973239030702
0.206055379908246
0.269570949515586
0.248005273554339
0.228164851669992
0.209911663536393
0.193118730453481
0.257669232017203
0.237055693455827
0.218091237979361
0.200643938941012
0.184592423825731
0.169825029919672
0.156239027526099
0.143739905324011
0.21224071289809
0.275261455866243
0.253240539396943
0.232981296245188
0.214342792545573
0.197195369141927
0.181419739610573
0.166906160441727
0.153553667606389
0.141269374197878
0.129967824262048
0.119570398321084
0.190004766455397
0.174804385138965
0.240820034327848
0.22155443158162
0.203830077055091
0.187523670890683
0.252521777219429
0.232320035041874
0.293734432238525
0.350235677659443
0.322216823446687
0.296439477570952
0.272724319365276
0.250906373816054
0.23083386391077
0.212367154797908
0.195377782414075
0.259747559820949
0.318967755035274
0.293450334632452
0.269974307861856
0.248376363232907
0.228506254174275
0.210225753840333
0.193407693533106
0.177935078050458
0.163700271806421
0.310604250061907
0.285755910056955
0.262895437252398
0.321863802272206
0.29611469809043
0.272425522243196
0.25063148046374
0.230580962026641
0.212134485064509
0.275163726259349
0.253150628158601
0.312898577905913
0.28786669167344
0.264837356339565
0.243650367832399
0.304158338405808
0.279825671333343
0.257439617626676
0.236844448216542
0.297896892359218
0.274065140970481
0.252139929692842
0.231968735317415
0.213411236492022
0.19633833757266
0.180631270566847
0.166180768921499
0.15288630740778
0.140655402815157
0.209402970589945
0.192650732942749
0.177238674307329
0.243059580362743
0.223614813933723
0.205725628819026
0.189267578513503
0.174126172232423
0.160196078453829
0.147380392177523
0.135589960803321
0.124742763939056
0.114763342823931
0.105582275398017
0.177135693366175
0.162964837896881
0.149927650865131
0.13793343879592
0.126898763692247
0.116746862596867
0.187407113589118
0.172414544501988
0.238621380941829
0.219531670466483
0.201969136829164
0.185811605882831
0.250946677412205
0.230870943219228
0.21240126776169
0.195409166340755
0.339776433033494
0.392594318390815
0.44118677291955
0.405891831085986
0.373420484599107
0.343546845831178
0.316063098164684
0.290778050311509
0.267515806286589
0.246114541783662
0.306425378440969
0.281911348165691
0.259358440312436
0.238609765087441
0.299520983880446
0.27555930517001
0.253514560756409
0.233233395895897
0.214574724224225
0.197408746286287
0.181616046583384
0.167086762856713
0.153719821828176
0.141422236081922
0.130108457195368
0.119699780619739
0.11012379817016
0.101313894316547
0.0932087827712232
0.165752080149525
0.152491913737563
0.140292560638558
0.129069155787474
0.118743623324476
0.109244133458518
0.100504602781836
0.0924642345592894
0.0850670957945462
0.0782617281309825
0.0720007898805039
0.0662407266900636
0.140941468554859
0.20966615107047
0.192892858984832
0.177461430266046
0.243264515844762
0.223803354577181
0.205899086211007
0.189427159314126
0.254272986568996
0.313931147643476
0.288816655831998
0.265711323365438
0.244454417496203
0.224898064096507
0.206906218968787
0.190353721451284
0.255125423735181
0.234715389836366
0.215938158649457
0.198663105957501
0.182770057480901
0.168148452882429
0.154696576651834
0.142320850519688
0.130935182478113
0.120460367879864
0.110823538449474
0.101957655373517
0.0938010429436352
0.0862969595081444
0.0793932027474928
0.0730417465276934
0.0671984068054779
0.0618225342610397
0.0568767315201565
0.052326592998544
0.0481404655586605
0.124289228313968
0.11434609004885
0.105198402844942
0.0967825306173469
0.0890399281679591
0.0819167339145224
0.0753633952013606
0.0693343235852518
0.0637875776984316
0.0586845714825571
0.0539898057639525
0.0496706213028363
0.0456969715986094
0.0420412138707207
0.038677916761063
0.035583683420178
0.0327369887465637
0.0301180296468386
0.0277085872750916
0.0254919002930842
0.0234525482696375
0.0215763444080665
0.0198502368554212
0.0182622179069875
0.0168012404744285
0.0154571412364742
0.0142205699375563
0.0130829243425518
0.0120362903951476
0.0110733871635358
0.010187516190453
0.00937251489521672
0.00862271370359938
0.00793289660731143
0.0872982648787265
0.0803144036884284
0.0738892513933541
0.0679781112818858
0.0625398623793349
0.0575366733889882
0.0529337395178691
0.0486990403564396
0.0448031171279244
0.0412188677576905
0.0379213583370752
0.0348876496701092
0.0320966376965005
0.0295289066807804
0.027166594146318
0.0249932666146126
0.0229938052854436
0.0211543008626081
0.0194619567935994
0.0179050002501115
0.0164726002301026
0.0151547922116944
0.0139424088347588
0.0128270161279781
0.0118008548377399
0.0108567864507207
0.089988243534663
0.08278918405189
0.0761660493277388
0.0700727653815197
0.144466944150998
0.132909588618918
0.122276821529405
0.192494675807052
0.177095101742488
0.162927493603089
0.149893294114842
0.137901830585655
0.126869684138802
0.116720109407698
0.107382500655082
0.0987919006026757
0.0908885485544617
0.0836174646701047
0.0769280674964963
0.0707738220967766
0.145111916329035
0.213502963022712
0.196422725980895
0.180708907902423
0.166252195270229
0.152952019648611
0.140715858076722
0.209458589430584
0.192701902276138
0.177285750094047
0.163102890086523
0.150054658879601
0.138050286169233
0.127006263275694
0.196845762213639
0.261098101236548
0.240210253137624
0.220993432886614
0.203313958255685
0.18704884159523
0.172084934267612
0.158318139526203
0.145652688364107
0.134000473294978
0.12328043543138
0.113418000596869
0.10434456054912
0.0959969957051903
0.168317236048775
0.154851857164873
0.142463708591683
0.131066611904349
0.120581282952001
0.190934780315841
0.175659997890573
0.161607198059328
0.148678622214581
0.136784332437415
0.205841585842422
0.189374258975028
0.254224318257026
0.233886372796464
0.295175462972747
0.271561425934927
0.249836511860133
0.229849590911322
0.211461623638416
0.194544693747343
0.178981118247556
0.164662628787751
0.151489618484731
0.219370449005953
0.361820813085476
0.332875148038638
0.386245136195547
0.515345525299904
0.474117883275911
0.436188452613838
0.401293376404731
0.449189906292353
0.413254713788965
0.460194336685847
0.42337878975098
0.389508486570901
0.438347807645229
0.403279983033611
0.371017584390922
0.341336177639648
0.314029283428477
0.288906940754198
0.265794385493863
0.244530834654354
0.224968367882005
0.206970898451445
0.190413226575329
0.175180168449303
0.161165754973359
0.14827249457549
0.136410695009451
0.125497839408695
0.195458012255999
0.179821371275519
0.165435661573478
0.1522008086476
0.220024743955792
0.202422764439328
0.186228943284182
0.171330627821447
0.157624177595732
0.225014243388073
0.207013103917027
0.190452055603665
0.175215891155372
0.161198619862942
0.148302730273907
0.136438511851994
0.125523430903835
0.115481556431528
0.106243031917006
0.0977435893636453
0.169924102214554
0.156330174037389
0.143823760114398
0.132317859305246
0.121732430560827
0.111993836115961
0.103034329226684
0.094791582888549
0.0872082562574651
0.0802315957568679
0.0738130680963185
0.067908022648613
0.062475380836724
0.057477350369786
0.0528791623402032
0.0486488293529869
0.044756923004748
0.0411763691643681
0.117882259631219
0.108451678860721
0.0997755445518635
0.0917935009877144
0.0844500209086973
0.157694019236002
0.145078497697121
0.133472217881352
0.122794440450844
0.192970885214776
0.177533214397594
0.163330557245786
0.230264112666124
0.291842983652834
0.268495544960607
0.247015901363758
0.227254629254658
0.209074258914285
0.192348318201142
0.176960452745051
0.162803616525447
0.149779327203411
0.137796981027138
0.126773222544967
0.11663136474137
0.18730085556206
0.252316787117095
0.232131444147728
0.21356092861591
0.196476054326637
0.180757969980506
0.166297332382065
0.1529935457915
0.14075406212818
0.129493737157926
0.119134238185292
0.109603499130468
0.100835219200031
0.0927684016640285
0.0853469295309062
0.0785191751684337
0.072237641154959
0.0664586298625623
0.0611419394735573
0.0562505843156727
0.0517505375704189
0.0476104945647854
0.0438016549996026
0.0402975225996344
0.0370737207916636
0.0341078231283305
0.0313791972780641
0.028868861495819
0.0265593525761534
0.0244346043700612
0.0224798360204563
0.0206814491388198
0.0190269332077142
0.0175047785510971
0.0161043962670093
0.0948160445656486
0.0872307610003967
0.0802523001203649
0.0738321161107357
0.0679255468218769
0.0624915030761267
0.0574921828300366
0.0528928082036337
0.048661383547343
0.0447684728635556
0.0411869950344711
0.0378920354317134
0.0348606725971764
0.0320718187894022
0.0295060732862501
0.0271455874233501
0.0249739404294821
0.102976025195123
0.0947379431795136
0.167158907725153
0.15378619510714
0.141483299498569
0.130164635538684
0.119751464695589
0.110171347519942
0.101357639718346
0.0932490285408787
0.0857891062576085
0.0789259777569998
0.0726118995364398
0.0668029475735246
0.141458711767643
0.130142014826231
0.119730653640133
0.110152201348922
0.101340025241008
0.0932328232217277
0.0857741973639895
0.0789122615748703
0.0725992806488807
0.0667913381969703
0.0614480311412126
0.0565321886499156
0.0520096135579224
0.0478488444732886
0.0440209369154255
0.0404992619621915
0.117259321005216
0.107878575324799
0.099248289298815
0.0913084261549098
0.084003752062517
0.0772834518975156
0.0711007757457144
0.0654127136860572
0.0601796965911727
0.0553653208638788
0.0509360951947685
0.0468612075791871
0.0431123109728521
0.0396633260950239
0.036490260007422
0.0335710392068283
0.030885356070282
0.108414527584659
0.0997413653778867
0.0917620561476558
0.0844210916558433
0.0776674043233758
0.0714540119775058
0.0657376910193053
0.0604786757377609
0.05564038167874
0.0511891511444408
0.0470940190528856
0.0433264975286547
0.0398603777263623
0.0366715475082533
0.0337378237075931
0.0310387978109856
0.0285556939861068
0.0262712384672182
0.0241695393898408
0.0222359762386535
0.0204570981395612
0.0188205302883963
0.0173148878653246
0.0159296968360987
0.0146553210892108
0.0134828954020739
0.012404263769908
0.0114119226683154
0.0104989688548501
0.0896590513464621
0.0824863272387452
0.0758874210596455
0.0698164273748739
0.064231113184884
0.0590926241300933
0.0543652141996858
0.050015997063711
0.0460147172986141
0.042333539914725
0.118946856721547
0.109431108183823
0.100676619529117
0.092622489966788
0.0852126907694449
0.0783956755078893
0.0721240214672582
0.0663540997498775
0.0610457717698873
0.0561621100282964
0.0516691412260327
0.12753560992795
0.117332761133714
0.107946140243017
0.0993104490235756
0.0913656131016895
0.0840563640535544
0.07733185492927
0.0711453065349284
0.0654536820121342
0.0602173874511634
0.0553999964550703
0.0509679967386647
0.0468905569995715
0.123139312439606
0.113288167444437
0.104225114048882
0.0958871049249718
0.168216136530974
0.154758845608496
0.142378137959816
0.130987886923031
0.200508855969189
0.184468147491654
0.249710695692321
0.229733840036936
0.211355132833981
0.194446722207262
0.258890984430681
0.238179705676227
0.299125329222129
0.355195302884358
0.32677967865361
0.300637304361321
0.356586320012415
0.328059414411422
0.381814661258508
0.351269488357828
0.403167929289202
0.370914494946065
0.34124133535038
0.31394202852235
0.288826666240562
0.265720532941317
0.244462890306012
0.224905859081531
0.206913390355008
0.190360319126608
0.175131493596479
0.161120974108761
0.14823129618006
0.136372792485655
0.125462969086803
0.115425931559858
0.10619185703507
0.177696508472264
0.163480787794483
0.150402324770924
0.13837013878925
0.20730052768611
0.190716485471222
0.175459166633524
0.161422433302842
0.148508638638615
0.136627947547525
0.125697711743723
0.195641894804226
0.179990543219888
0.165591299762297
0.152343995781313
0.140156476118808
0.128943958029303
0.118628441386959
0.189138166076002
0.174007112789922
0.160086543766728
0.14727962026539
0.135497250644159
0.124657470592626
0.114684872945216
0.105510083109599
0.0970692764608309
0.0893037343439644
0.162159435596447
0.149186680748732
0.217251746288833
0.199871606585726
0.183881878058868
0.169171327814159
0.155637621589026
0.143186611861904
0.131731682912952
0.121193148279916
0.111497696417522
0.102577880704121
0.0943716502477909
0.166821918227968
0.15347616476973
0.141198071588152
0.1299022258611
0.119510047792212
0.109949243968835
0.181153304451328
0.246661040095222
0.226928156887604
0.208773904336596
0.272071991989668
0.250306232630495
0.230281734020055
0.291859195298451
0.348510459674575
0.400629622900609
0.44857925306856
0.492692912823075
0.453277479797229
0.417015281413451
0.543654058900375
0.500161734188345
0.460148795453277
0.423336891817015
0.389469940471654
0.358312345233922
0.329647357615208
0.303275569005991
0.279013523485512
0.256692441606671
0.236157046278137
0.217264482575886
0.199883323969816
0.18389265805223
0.169181245408052
0.155646745775408
0.143195006113375
0.131739405624305
0.121200253174361
0.111504232920412
0.102583894286779
0.0943771827438366
0.0868270081243297
0.0798808474743833
0.0734903796764327
0.147611149302318
0.215802257358133
0.198538076769482
0.182655030627923
0.16804262817769
0.154599217923474
0.142231280489596
0.130852778050429
0.120384555806394
0.110753791341883
0.101893488034532
0.0937420089917697
0.0862426482724282
0.0793432364106339
0.152995777497783
0.140756115297961
0.129495626074124
0.119135975988194
0.109605097909138
0.100836690076407
0.0927697548702947
0.0853481744806711
0.0785203205222174
0.07223869488044
0.146459599290005
0.134742831346804
0.12396340483906
0.114046332451935
0.10492262585578
0.096528815787318
0.0888065105243326
0.081701989682386
0.0751658305077951
0.0691525640671715
0.0636203589417978
0.058530730226454
0.0538482718083377
0.0495404100636707
0.045577177258577
0.0419310030778908
0.0385765228316596
0.0354904010051268
0.112651168924717
0.103639075410739
0.0953479493778802
0.0877201134276498
0.0807025043534378
0.0742463040051628
0.0683065996847498
0.0628420717099698
0.0578147059731722
0.0531895294953184
0.048934367135693
0.0450196177648375
0.0414180483436505
0.0381046044761585
0.0350562361180658
0.0322517372286205
0.0296715982503309
0.0272978703903044
0.0251140407590801
0.0231049174983537
0.0212565240984854
0.0195560021706066
0.017991521996958
0.0165522002372014
0.0152280242182253
0.0140097822807673
0.0128889996983059
0.0118578797224414
0.0109092493446461
0.0100365093970744
0.00923358864530846
0.00849490155368378
0.00781530942938908
0.00719008467503795
0.00661487790103492
0.00608568766895212
0.00559883265543595
0.00515092604300108
0.00473885195956099
0.00435974380279611
0.00401096429857242
0.00369008715468663
0.0033948801823117
0.00312328976772676
0.00287342658630862
0.00264355245940393
0.00243206826265162
0.00223750280163949
0.00205850257750833
0.00189382237130766
0.00174231658160305
0.00160293125507481
0.00147469675466882
0.00135672101429532
0.00124818333315169
0.00114832866649956
0.00105646237317959
0.000971945383325225
0.000894189752659207
0.00082265457244647
0.000756842206650753
0.000696294830118693
0.000640591243709197
0.000589343944212461
0.000542196428675465
0.000498820714381427
0.000458915057230913
0.00042220185265244
0.000388425704440245
0.000357351648085025
0.000328763516238223
0.000302462434939166
0.080278265440144
0.0738560042049325
0.147947523868538
0.136111721959055
0.125222784202331
0.115204961466144
0.105988564548853
0.177509479384944
0.163308721034149
0.230244023351417
0.211824501483304
0.194878541364639
0.179288258055468
0.164945197411031
0.151749581618148
0.139609615088696
0.128440845881601
0.118165578211073
0.108712331954187
0.100015345397852
0.0920141177660238
0.0846529883447419
0.0778807492771625
0.15165028933499
0.13951826618819
0.128356804893135
0.118088260501684
0.10864119966155
0.0999499036886256
0.0919539113935356
0.244597598482053
0.225029790603489
0.207027407355209
0.190465214766793
0.175227997585449
0.161209757778613
0.148312977156324
0.216447938983818
0.279132103865113
0.336801535555904
0.389857412711432
0.358668819694517
0.329975314118956
0.303577288989439
0.279291105870284
0.256947817400661
0.236391992008609
0.21748063264792
0.200082182036086
0.184075607473199
0.169349558875343
0.155801594165316
0.223337466632091
0.205470469301523
0.189032831757402
0.173910205216809
0.159997388799465
0.147197597695508
0.135421789879867
0.124588046689478
0.194621002954319
0.179051322717974
0.324727216900536
0.378749039548493
0.348449116384614
0.320573187073845
0.294927332107937
0.351333145539302
0.323226493896158
0.377368374384465
0.347178904433708
0.319404592079012
0.373852224712691
0.343944046735675
0.396428522996821
0.364714241157076
0.33553710186451
0.308694133715349
0.283998603018121
0.261278714776671
0.320376417594538
0.294746304186975
0.271166599852017
0.249473271863855
0.229515410114747
0.211154177305567
0.194261843121122
0.178720895671432
0.164423224017718
0.1512693660963
0.219167816808596
0.201634391463908
0.185503640146796
0.170663348935052
0.157010281020248
0.144449458538628
0.132893501855538
0.122262021707095
0.192481059970527
0.177082575172885
0.162915969159054
0.14988269162633
0.137892076296224
0.126860710192526
0.116711853377124
0.107374905106954
0.0987849126983975
0.0908821196825257
0.0836115501079236
0.0769226260992898
0.0707688160113466
0.0651073107304388
0.0598987258720037
0.0551068278022434
0.050698281578064
0.0466424190518189
0.0429110255276734
0.0394781434854595
0.0363198920066227
0.0334143006460929
0.0307411565944055
0.028281864066853
0.106019314941505
0.0975377697461844
0.0897347481664897
0.0825559683131705
0.0759514908481169
0.0698753715802675
0.0642853418538461
0.0591425145055384
0.0544111133450954
0.0500582242774877
0.0460535663352887
0.122369281028466
0.112579738546188
0.103573359462493
0.0952874907054938
0.0876644914490543
0.16065133213313
0.14779922556248
0.135975287517481
0.125097264516083
0.115089483354796
0.105882324686412
0.177411738711499
0.163218799614579
0.150161295645413
0.21814839199378
0.360696520634278
0.331840798983536
0.305293535064853
0.280870052259664
0.258400448078891
0.23772841223258
0.218710139253974
0.201213328113656
0.185116261864563
0.170306960915398
0.156682404042166
0.224147811718793
0.20621598678129
0.189718707838786
0.174541211211684
0.240577914314749
0.221331681169569
0.203625146676003
0.187335134941923
0.172348324146569
0.318560458214844
0.293075621557656
0.269629571833044
0.3280592060864
0.301814469599488
0.357669312031529
0.329055767069007
0.302731305703486
0.278512801247208
0.256231777147431
0.235733234975636
0.216874576177586
0.199524610083379
0.183562641276708
0.168877629974572
0.155367419576606
0.142938026010478
0.131502983929639
0.120982745215268
0.111304125598047
0.102399795550203
0.0942078119061868
0.0866711869536918
0.0797374919973965
0.0733584926376048
0.147489813226596
0.215690628168469
0.198435377914991
0.262560547681792
0.241555703867249
0.222231247557869
0.204452747753239
0.18809652793298
0.173048805698342
0.159204901242474
0.146468509143076
0.13475102841163
0.1239709461387
0.114053270447604
0.104929008811796
0.0965346881068519
0.0888119130583038
0.0817069600136395
0.0751704032125483
0.0691567709555445
0.0636242292791009
0.0585342909367728
0.053851547661831
0.0495434238488845
0.0455799499409738
0.0419335539456959
0.0385788696300402
0.035492560059637
0.032653155254866
0.110040902834477
0.101237630607719
0.0931386201591011
0.0856875305463731
0.0788325281026632
0.0725259258544502
0.0667238517860941
0.0613859436432066
0.0564750681517501
0.0519570626996101
0.0478004976836413
0.04397645786895
0.040458341239434
0.0372216739402793
0.0342439400250569
0.0315044248230524
0.0289840708372082
0.0266653451702315
0.024532117556613
0.022569548152084
0.0207639842999173
0.0191028655559239
0.01757463631145
0.016168665406534
0.0148751721740113
0.0136851584000904
0.0125903457280831
0.0115831180698365
0.0106564686242496
0.00980395113430959
0.00901963504356483
0.00829806424007964
0.00763421910087327
0.00702348157280341
0.00646160304697914
0.0859446748032208
0.0790691008189632
0.0727435727534461
0.0669240869331704
0.0615701599785168
0.0566445471802355
0.0521129834058166
0.0479439447333513
0.0441084291546832
0.0405797548223085
0.0373333744365239
0.0343467044816019
0.0315989681230738
0.0290710506732279
0.0267453666193697
0.0246057372898201
0.0226372783066345
0.0208262960421037
0.0191601923587354
0.0176273769700366
0.0162171868124337
0.014919811867439
0.0137262269180439
0.0126281287646003
0.0116178784634323
0.0106884481863577
0.00983337233144912
0.00904670254493319
0.00832296634133853
0.00765712903403145
0.00704455871130894
0.00648099401440422
0.00596251449325188
0.00548551333379173
0.0050466722670884
0.00464293848572132
0.00427150340686362
0.00392978313431453
0.00361540048356937
0.00332616844488382
0.00306007496929311
0.00281526897174966
0.00259004745400969
0.00238284365768892
0.0821922161650738
0.0756168388718679
0.0695674917621185
0.064002092421149
0.0588819250274571
0.0541713710252605
0.12983766134324
0.119450648435781
0.109894596560918
0.101103028836045
0.0930147865291611
0.0855736036068282
0.0787277153182819
0.152429498092819
0.140235138245394
0.129016327185762
0.118695021010901
0.189199419330029
0.174063465783627
0.160138388520937
0.147327317439262
0.135541132044121
0.124697841480591
0.114722014162144
0.105544253029172
0.0971007127868386
0.0893326557638916
0.0821860433027802
0.0756111598385578
0.0695622670514732
0.0639972856873553
0.138877502832367
0.207767302605778
0.191145918397315
0.25585424492553
0.235385905331488
0.216555032904969
0.359230630272571
0.330492179850766
0.384052805462704
0.353328581025688
0.405062294543633
0.372657310980142
0.342844726101731
0.315417148013593
0.290183776172505
0.346969074078705
0.399211548152409
0.367274624300216
0.337892654356199
0.390861242007703
0.359592342647087
0.33082495523532
0.304358958816494
0.360010242111174
0.411209422742281
0.378312668922898
0.428047655409066
0.393803842976341
0.442299535538234
0.406915572695175
0.374362326879561
0.344413340729196
0.316860273470861
0.291511451593192
0.268190535465736
0.246735292628477
0.226996469218199
0.208836751680743
0.192129811546284
0.176759426622581
0.242618672492775
0.223209178693353
0.205352444397884
0.268924248846054
0.247410308938369
0.2276174842233
0.209408085485436
0.192655438646601
0.177243003554873
0.163063563270483
0.150018478208845
0.138016999952137
0.206975639955966
0.270417588759489
0.24878418165873
0.228881447126031
0.210570931355949
0.193725256847473
0.178227236299675
0.163969057395701
0.230851532804045
0.292383410179721
0.268992737365344
0.247473318376116
0.227675452906027
0.209461416673545
0.192704503339661
0.177288143072488
0.163105091626689
0.150056684296554
0.13805214955283
0.127007977588603
0.116847339381515
0.107499552230994
0.0988995880525144
0.0909876210083133
0.0837086113276482
0.0770119224214364
0.0708509686277215
0.0651828911375038
0.0599682598465035
0.0551707990587832
0.0507571351340805
0.0466965643233541
0.0429608391774858
0.119523972043287
0.109962054279824
0.341165089937438
0.393871882742443
0.362362132123048
0.493373161553204
0.453903308628948
0.417591043938632
0.384183760423541
0.433449059589658
0.478773134822485
0.440471284036687
0.405233581313752
0.372814894808652
0.342989703223959
0.315550526966043
0.290306484808759
0.267081966024059
0.245715408742134
0.226058176042763
0.207973521959342
0.191335640202595
0.176028788986387
0.161946485867476
0.148990766998078
0.137071505638232
0.126105785187173
0.196017322372199
0.180335936582424
0.16590906165583
0.152636336723363
0.220425429785494
0.282791395402655
0.260168083770442
0.239354637068807
0.220206266103302
0.282589764815038
0.259982583629835
0.239183976939448
0.300049258784293
0.276045318081549
0.253961692635025
0.233644757224223
0.214953176646285
0.277756922514583
0.255536368713416
0.235093459216343
0.216285982479035
0.198983103880712
0.183064455570255
0.168419299124635
0.154945755194664
0.142550094779091
0.131146087196764
0.120654400221023
0.111002048203341
0.102121884347074
0.0939521335993078
0.0864359629113631
0.0795210858784541
0.0731593990081778
0.0673066470875235
0.0619221153205217
0.0569683460948799
0.0524108784072895
0.0482180081347064
0.0443605674839299
0.120811722085215
0.111146784318398
0.102255041572926
0.0940746382470923
0.166548667187325
0.153224773812339
0.140966791907352
0.209689448554764
0.272914292670383
0.251081149256752
0.230994657316212
0.212515084730915
0.195513877952442
0.179872767716246
0.165482946298947
0.152244310595031
0.220064765747429
0.202459584487634
0.186262817728623
0.171361792310334
0.157652848925507
0.145040621011466
0.133437371330549
0.122762381624105
0.112941391094177
0.103906079806643
0.0955935934221112
0.0879461059483423
0.080910417472475
0.154437584074677
0.142082577348703
0.130715971160807
0.120258693467942
0.110637997990507
0.101786958151266
0.0936440014991649
0.0861524813792317
0.0792602828688932
0.0729194602393817
0.0670859034202312
0.0617190311466127
0.0567815086548837
0.052238987962493
0.0480598689254935
0.0442150794114541
0.0406778730585377
0.0374236432138547
0.0344297517567463
0.0316753716162066
0.0291413418869101
0.0268100345359573
0.0246652317730807
0.0226920132312343
0.0208766521727355
0.0992065199989167
0.0912699983990034
0.0839683985270831
0.0772509266449165
0.0710708525133231
0.0653851843122573
0.0601543695672767
0.0553420200018946
0.050914658401743
0.0468414857296036
0.0430941668712353
0.0396466335215365
0.0364749028398135
0.0335569106126285
0.0308723577636182
0.0284025691425287
0.0261303636111264
0.0240399345222363
0.0221167397604574
0.0203474005796208
0.0187196085332512
0.0172220398505911
0.0158442766625438
0.0145767345295403
0.0134105957671771
0.0123377481058029
0.0113507282573387
0.0104426699967516
0.00960725639701145
0.00883867588525053
0.00813158181443049
0.00748105526927605
0.00688257084773397
0.00633196517991525
0.00582540796552203
0.00535937532828027
0.0849306253020179
0.0781361752778564
0.0718852812556279
0.0661344587551777
0.0608437020547635
0.0559762058903824
0.0514981094191518
0.0473782606656197
0.0435879998123701
0.0401009598273805
0.0368928830411901
0.0339414523978949
0.0312261362060633
0.0287280453095782
0.0264298016848119
0.024315417550027
0.0223701841460248
0.100580569414343
0.172534123861195
0.1587313939523
0.146032882436116
0.134350251841227
0.123602231693928
0.113714053158414
0.184616928905741
0.169847574593282
0.156259768625819
0.143758987135754
0.132258268164893
0.121677606711702
0.191943398174766
0.176587926320785
0.242460892215122
0.223064020837912
0.205218899170879
0.268801387237209
0.247297276258232
0.227513494157573
0.209312414624968
0.19256742145497
0.177162027738573
0.162989065519487
0.229949940277928
0.211553945055694
0.194629629451238
0.259059259095139
0.318334518367528
0.292867756898126
0.269438336346276
0.327883269438574
0.301652607883488
0.277520399252809
0.255318767312584
0.234893265927577
0.216101804653371
0.198813660281102
0.182908567458613
0.248275882061924
0.22841381149697
0.210140706577213
0.273329450051036
0.251463094046953
0.231346046523197
0.452838362801341
0.416611293777234
0.383282390275055
0.352619799053051
0.324410215128807
0.298457397918502
0.354580806085022
0.32621434159822
0.300117194270363
0.276107818728734
0.254019193230435
0.313697657772
0.28860184515024
0.345513697538221
0.477872601735163
0.59964279359635
0.551671370108642
0.507537660499951
0.466934647659955
0.429579875847158
0.395213485779386
0.443596406917035
0.408108694363672
0.375459998814578
0.345423198909412
0.317789342996659
0.372366195556926
0.342576899912372
0.395170747919383
0.443557088085832
0.408072521038965
0.375426719355848
0.34539258180738
0.31776117526279
0.292340281241767
0.268953058742425
0.247436814043031
0.227641868919589
0.209430519406022
0.19267607785354
0.177261991625257
0.243081032295236
0.223634549711617
0.205743785734688
0.189284282875913
0.17414154024584
0.160210217026173
0.147393399664079
0.135601927690953
0.204753773475676
0.188373471597622
0.173303593869813
0.239439306360228
0.220284161851409
0.202661428903297
0.186448514591033
0.17153263342375
0.15781002274985
0.145185220929862
0.133570403255473
0.122884770995035
0.113053989315433
0.184009670170198
0.249288896556582
0.229345784832056
0.210998122045491
0.194118272281852
0.178588810499304
0.244301705659359
0.224757569206611
0.206776963670082
0.190234806576475
0.255016022050357
0.234614740286329
0.215845561063422
0.278577916178349
0.256291682884081
0.235788348253354
0.216925280393086
0.199571257961639
0.263605557324708
0.242517112738731
0.223115743719633
0.285266484222062
0.262445165484297
0.321449552245553
0.295733588065909
0.272074901020636
0.250308908938986
0.230284196223867
0.211861460525957
0.194912543683881
0.17931954018917
0.164973976974037
0.151776058816114
0.139633974110825
0.128463256181959
0.198186195687402
0.18233130003241
0.167744796029817
0.154325212347432
0.141979195359637
0.210620859730866
0.193771190952397
0.178269495676205
0.164007936022109
0.15088730114034
0.138816317049113
0.127711011685184
0.117494130750369
0.10809460029034
0.0994470322671124
0.0914912696857435
0.084171968110884
0.157438210662013
0.144843153809052
0.133255701504328
0.122595245383982
0.112787625753263
0.103764615693002
0.095463446437562
0.0878263707225571
0.0808002610647525
0.0743362401795723
0.0683893409652065
0.14291819368799
0.211484738192951
0.194565959137515
0.179000682406514
0.164680627813993
0.231506177588873
0.212985683381763
0.195946828711222
0.180271082414324
0.165849395821178
0.152581444155484
0.140374928623045
0.129144934333202
0.118813339586546
0.109308272419622
0.100563610626052
0.172518521775968
0.158717040033891
0.226019676831179
0.207938102684685
0.27130305446991
0.249598810112317
0.309630905303332
0.284860432879066
0.26207159824874
0.241105870388841
0.221817400757734
0.204072008697115
0.187746248001346
0.172726548161238
0.158908424308339
0.146195750363672
0.134500090334578
0.123740083107812
0.113840876459187
0.104733606342452
0.096354917835056
0.0886465244082515
0.0815548024555914
0.0750304182591441
0.0690279847984125
0.0635057460145395
0.0584252863333764
0.0537512634267063
0.0494511623525698
0.0454950693643642
0.0418554638152151
0.0385070267099979
0.035426464573198
0.0325923474073422
0.0299849596147548
0.0275861628455744
0.0253792698179285
0.0233489282324942
0.0214810139738947
0.0997625328559831
0.171781530227504
0.158039007809304
0.14539588718456
0.133764216209795
0.123063078913011
0.113218032599971
0.104160589991973
0.095827742792615
0.0881615233692058
0.0811086014996694
0.0746199133796958
0.0686503203093202
0.0631582946845746
0.0581056311098086
0.0534571806210239
0.049180606171342
0.0452461576776346
0.0416264650634239
0.03829634785835
0.035232640029682
0.0324140288273074
0.0298209065211228
0.027435233999433
0.0252404152794784
0.0232211820571201
0.0213634874925505
0.0196544084931464
0.0180820558136947
0.0166354913485992
0.0153046520407112
0.0140802798774543
0.012953857487258
0.0119175488882773
0.0109641449772152
0.0100870133790379
0.00928005230871491
0.00853764812401771
0.0078546362740963
0.00722626537216859
0.00664816414239511
0.0061163110110035
0.00562700613012322
0.00517684563971336
0.00476269798853629
0.00438168214945339
0.00403114757749712
0.00370865577129735
0.00341196330959356
0.00313900624482608
0.08288788574524
0.0762568548856208
0.0701563064947711
0.0645438019751895
0.0593802978171743
0.0546298739918004
0.0502594840724563
0.0462387253466598
0.042539627318927
0.0391364571334129
0.0360055405627399
0.0331250973177207
0.030475089532303
0.0280370823697188
0.0257941157801413
0.02373058651773
0.101832139596312
0.0936855684286066
0.166190722954318
0.152895465117973
0.140663827908535
0.129410721675852
0.119057863941784
0.109533234826441
0.100770576040326
0.0927089299570999
0.0852922155605319
0.0784688383156893
0.152191331250434
0.140016024750399
0.128814742770368
0.118509563348738
0.109028798280839
0.100306494418372
0.0922819748649022
0.08489941687571
0.0781074635256532
0.071858866443601
0.0661101571281129
0.0608213445578639
0.135955636993235
0.205079186033776
0.188672851151074
0.333579023058988
0.306892701214269
0.362341285117127
0.333353982307757
0.306685663723137
0.282150810625286
0.259578745775263
0.238812446113242
0.219707450424183
0.202130854390248
0.265960386039028
0.244683555155906
0.305108870743433
0.360700161083959
0.411844148197242
0.378896616341463
0.428584887034146
0.554298096071414
0.589954248385701
0.542757908514845
0.499337275833657
0.539390293766965
0.496239070265608
0.456539944644359
0.42001674907281
0.386415409146986
0.355502176415227
0.327062002302009
0.300897042117848
0.27682527874842
0.254679256448546
0.234304915932663
0.21556052265805
0.198315680845406
0.182450426377773
0.247854392267551
0.228026040886147
0.209783957615256
0.193001241006035
0.337561141725552
0.310556250387508
0.285711750356508
0.262854810327987
0.241826425501748
0.222480311461608
0.20468188654468
0.188307335621105
0.253242748771417
0.232983328869703
0.214344662560127
0.197197089555317
0.261421322390892
0.24050761659962
0.221267007271651
0.203565646689919
0.347280394954725
0.319497963358347
0.293938126289679
0.350423076186505
0.402389230091585
0.450198091684258
0.414182244349517
0.381047664801556
0.350563851617432
0.322518743488037
0.376717244008994
0.346579864488275
0.318853475329213
0.293345197302876
0.349877581518646
0.321887374997154
0.296136384997382
0.272445474197591
0.330649836261784
0.304197849360841
0.279862021411974
0.257473059699016
0.236875214923095
0.217925197729247
0.200491181910907
0.184451887358035
0.169695736369392
0.156120077459841
0.223630471263053
0.205740033562009
0.189280830877048
0.174138364406885
0.240207295254334
0.300990711633987
0.276911454703268
0.254758538327007
0.234377855260846
0.295627626839978
0.27197741669278
0.250219223357358
0.230201685488769
0.291785550649668
0.348442706597694
0.320567290069879
0.374921906864288
0.344928154315145
0.317333901969934
0.371947189812339
0.342191414627352
0.314816101457164
0.289630813340591
0.266460348273343
0.245143520411476
0.305532038778558
0.281089475676273
0.258602317622172
0.317914132212398
0.372481001635406
0.342682521504574
0.315267919784208
0.290046486201471
0.346842767305353
0.319095345920925
0.373567718247251
0.343682300787471
0.316187716724473
0.290892699386516
0.267621283435594
0.246211580760747
0.226514654299887
0.208393481955896
0.191722003399424
0.17638424312747
0.322273503677273
0.296491623383091
0.272772293512444
0.250950510031448
0.230874469228932
0.212404511690618
0.195412150755368
0.179779178694939
0.165396844399344
0.232165096847396
0.293591889099605
0.270104537971636
0.248496174933905
0.308616480939193
0.283927162464057
0.261212989466933
0.240315950309578
0.221090674284812
0.203403420342027
0.187131146714665
0.252160654977492
0.231987802579292
0.213428778372949
0.196354476103113
0.260646118014864
