0
0
0
0
0
0
0
0
0
0
0
0
0
0
0
0
0
0
0
0
0
0
0
0
0
0
0
0
0
0
0
0
0
0
0
0
0
0
0
0
0
0
0
0
0
0
0
0
0.0204081632653061
0.0195918367346939
0.0188081632653061
0.0180558367346939
0.0173336032653061
0.0166402591346939
0.0159746487693061
0.0153356628185339
0.0147222363057925
0.0141333468535608
0.0135680129794184
0.0130252924602416
0.012504280761832
0.0120041095313587
0.0115239451501043
0.0110629873441002
0.0106204678503362
0.0101956491363227
0.00978782317086981
0.00939631024403502
0.00902045783427362
0.00865963952090267
0.00831325394006656
0.0079807237824639
0.00766149483116535
0.00735503503791873
0.00706083363640198
0.0067784002909459
0.00650726427930806
0.00624697370813574
0.00599709475981031
0.0057572109694179
0.00552692253064118
0.00530584562941554
0.00509361180423891
0.00488986733206936
0.00469427263878658
0.00450650173323512
0.00432624166390572
0.00415319199734949
0.00398706431745551
0.00382758174475729
0.003674478474967
0.00352749933596832
0.00338639936252958
0.0032509433880284
0.00312090565250726
0.00299606942640697
0.00287622664935069
0.00276117758337667
0.0026507304800416
0.00254470126083994
0.00244291321040634
0.00234519668199008
0.00225138881471048
0.00216133326212206
0.00207487993163718
0.00199188473437169
0.00191220934499682
0.00183572097119695
0.00176229213234907
0.00169180044705511
0.00162412842917291
0.00155916329200599
0.00149679676032575
0.00143692488991272
0.0413794478943162
0.0397242699785436
0.0381352991794018
0.0366098872122257
0.0351454917237367
0.0337396720547872
0.0323900851725957
0.0310944817656919
0.0298507024950642
0.0686566743952617
0.0659104074194512
0.0632739911226732
0.0607430314777662
0.0583133102186556
0.0959807778099094
0.092141546697513
0.0884558848296124
0.0849176494364279
0.0815209434589708
0.078260105720612
0.0751297014917875
0.072124513432116
0.109239532894831
0.104869951579038
0.100675153515877
0.0966481473752415
0.132782221480232
0.167470932621023
0.160772095316182
0.154341211503534
0.148167563043393
0.142240860521657
0.136551226100791
0.171089177056759
0.164245609974489
0.157675785575509
0.151368754152489
0.145314003986389
0.179501443826934
0.172321386073856
0.165428530630902
0.158811389405666
0.152458933829439
0.146360576476262
0.140506153417211
0.134885907280523
0.129490470989302
0.12431085214973
0.119338418063741
0.114564881341191
0.109982286087543
0.105582994644042
0.10135967485828
0.0973052878639488
0.0934130763493909
0.0896765532954152
0.0860894911635986
0.0826459115170547
0.0793400750563725
0.156166472054118
0.149919813171953
0.183923020645075
0.176566099819272
0.169503455826501
0.162723317593441
0.156214384889703
0.149965809494115
0.14396717711435
0.138208490029776
0.172680150428585
0.165772944411442
0.159142026634984
0.152776345569585
0.146665291746802
0.140798680076929
0.175166732873852
0.168160063558898
0.161433661016542
0.154976314575881
0.148777261992845
0.142826171513132
0.137113124652606
0.131628599666502
0.126363455679842
0.161308917452648
0.154856560754542
0.148662298324361
0.182715806391386
0.175407174135731
0.168390887170302
0.161655251683489
0.19518904161615
0.187381479951504
0.179886220753444
0.172690771923306
0.205783141046374
0.197551815404519
0.189649742788338
0.182063753076805
0.174781202953732
0.207789954835583
0.19947835664216
0.191499222376473
0.183839253481414
0.216485683342158
0.207826256008471
0.239513205768133
0.229932677537407
0.220735370435911
0.211905955618475
0.203429717393736
0.195292528697986
0.187480827550067
0.219981594448064
0.251182330670141
0.241135037443336
0.231489635945602
0.222230050507778
0.213340848487467
0.204807214547968
0.19661492596605
0.188750328927408
0.221200315770311
0.252352303139499
0.242258211013919
0.232567882573362
0.223265167270428
0.214334560579611
0.205761178156426
0.237530731030169
0.228029501788962
0.218908321717404
0.210151988848708
0.201745909294759
0.193676072922969
0.18592903000605
0.178491868805808
0.171352194053576
0.204498106291433
0.196318182039775
0.188465454758184
0.180926836567857
0.173689763105143
0.166742172580937
0.1600724856777
0.153669586250592
0.147522802800568
0.141621890688545
0.175957015061003
0.168918734458563
0.162161985080221
0.155675505677012
0.149448485449931
0.143470546031934
0.137731724190657
0.13222245522303
0.166933557014109
0.160256214733545
0.153845966144203
0.147692127498435
0.141784442398498
0.136113064702558
0.130668542114455
0.165441800429877
0.158824128412682
0.152471163276175
0.146372316745128
0.140517424075323
0.13489672711231
0.129500858027817
0.124320823706705
0.119347990758436
0.114574071128099
0.109991108282975
0.105591463951656
0.10136780539359
0.0973130931778462
0.0934205694507323
0.089683746672703
0.0860963968057949
0.122652540933563
0.117746439296221
0.113036581724372
0.108515118455397
0.104174513717181
0.100007533168494
0.096007231841754
0.0921669425680838
0.0884802648653605
0.0849410542707461
0.0815434120999162
0.0782816756159196
0.0751504085912828
0.0721443922476315
0.0692586165577262
0.0664882718954171
0.0638287410196005
0.0612755913788164
0.0588245677236638
0.0564715850147172
0.0542127216141285
0.0520442127495634
0.0499624442395808
0.0479639464699976
0.0460453886111977
0.0442035730667498
0.0424354301440798
0.0407380129383166
0.039108492420784
0.0375441527239526
0.0760423866149945
0.0730006911503947
0.0700806635043789
0.0672774369642038
0.0645863394856356
0.0620028859062102
0.0595227704699618
0.0571418596511633
0.0548561852651168
0.0526619378545121
0.0505554603403316
0.0485332419267183
0.0865919122496496
0.0831282357596636
0.0798031063292771
0.076610982076106
0.0735465427930617
0.0706046810813393
0.107780493838086
0.103469274084562
0.0993305031211798
0.0953572829963326
0.0915429916764793
0.0878812720094201
0.0843660211290433
0.0809913802838815
0.0777517250725263
0.0746416560696252
0.0716559898268402
0.0687897502337666
0.0660381602244159
0.0633966338154393
0.0608607684628217
0.0584263377243089
0.0560892842153365
0.053845712846723
0.0516918843328541
0.04962420895954
0.0476392406011584
0.045733670977112
0.0439043241380275
0.0421481511725064
0.0404622251256062
0.0388437361205819
0.0372899866757587
0.0357983872087283
0.0343664517203792
0.072991793651564
0.0700721219055014
0.0672692370292814
0.0645784675481101
0.0619953288461857
0.0595155156923383
0.0571348950646448
0.054849499262059
0.0526555192915766
0.0505492985199135
0.048527326579117
0.0465862335159523
0.0447227841753142
0.0429338728083016
0.0412165178959696
0.0395678571801308
0.0779851428929256
0.0748657371772085
0.0718711076901202
0.0689962633825154
0.0662364128472148
0.0635869563333262
0.0610434780799931
0.0586017389567934
0.0562576693985217
0.0540073626225808
0.0518470681176776
0.0497731853929705
0.0477822579772516
0.0858709676581616
0.0824361289518351
0.0791386837937617
0.0759731364420112
0.0729342109843308
0.0700168425449575
0.0672161688431592
0.104527522089433
0.100346421205856
0.0963325643576213
0.0924792617833165
0.0887800913119838
0.0852288876595045
0.0818197321531243
0.0785469428669993
0.0754050651523193
0.0723888625462265
0.0694933080443775
0.0667135757226024
0.0640450326936983
0.0614832313859503
0.0590239021305123
0.0566629460452918
0.0943964282034802
0.0906205710753409
0.0869957482323273
0.0835159183030342
0.0801752815709128
0.0769682703080763
0.0738895394957533
0.110933957915923
0.186496599599286
0.179036735615315
0.171875266190702
0.165000255543074
0.198400245321351
0.190464235508497
0.182845666088157
0.215531839444631
0.246910565866846
0.237034143232172
0.267552777502885
0.256850666402769
0.246576639746659
0.236713574156792
0.227245031190521
0.2981552299429
0.286229020745184
0.274779859915376
0.263788665518761
0.253237118898011
0.24310763414209
0.233383328776407
0.224047995625351
0.215086075800337
0.206482632768323
0.19822332745759
0.190294394359286
0.182682618584915
0.175375313841518
0.168360301287858
0.161625889236343
0.15516085366689
0.148954419520214
0.142996242739405
0.137276393029829
0.131785337308636
0.126513923816291
0.121453366863639
0.156595232189093
0.15033142290153
0.144318165985468
0.13854543934605
0.133003621772208
0.127683476901319
0.122576137825267
0.117673092312256
0.112966168619766
0.148447521874975
0.142509620999976
0.176809236159977
0.169736866713578
0.162947392045035
0.156429496363233
0.150172316508704
0.144165423848356
0.138398806894422
0.132862854618645
0.127548340433899
0.122446406816543
0.117548550543881
0.112846608522126
0.108332744181241
0.103999434413991
0.139839457037432
0.134245878755934
0.128876043605697
0.123721001861469
0.15877216178701
0.15242127531553
0.146324424302909
0.140471447330792
0.134852589437561
0.129458485860058
0.124280146425656
0.15930894056863
0.152936582945885
0.146819119628049
0.140946354842927
0.13530850064921
0.129896160623242
0.124700314198312
0.11971230163038
0.114923809565164
0.150326857182558
0.184313782895255
0.176941231579445
0.169863582316267
0.203069039023617
0.194946277462672
0.187148426364165
0.179662489309599
0.172475989737215
0.165576950147726
0.158953872141817
0.152595717256144
0.146491888565898
0.140632213023263
0.175006924502332
0.168006647522239
0.161286381621349
0.154834926356495
0.148641529302235
0.182695868130146
0.17538803340494
0.168372512068743
0.161637611585993
0.155172107122553
0.148965222837651
0.183006613924145
0.215686349367179
0.207058895392492
0.238776539576792
0.229225477993721
0.220056458873972
0.211254200519013
0.202804032498252
0.194691871198322
0.186904196350389
0.179428028496374
0.172250907356519
0.165360871062258
0.158746436219768
0.152396578770977
0.146300715620138
0.140448686995332
0.134830739515519
0.129437509934898
0.124260009537502
0.119289609156002
0.114518024789762
0.109937303798172
0.105539811646245
0.101318219180395
0.0972654904131792
0.093374870796652
0.129639875964786
0.124454280926195
0.119476109689147
0.114697065301581
0.110109182689518
0.105704815381937
0.101476622766659
0.0974175578559931
0.0935208555417533
0.0897800213200832
0.0861888204672799
0.0827412676485887
0.0794316169426451
0.116254352264939
0.111604178174342
0.147140011047368
0.141254410605473
0.135604234181254
0.130180064814004
0.124972862221444
0.119973947732586
0.115174989823283
0.110567990230351
0.106145270621137
0.101899459796292
0.0978234814044402
0.0939105421482626
0.130154120462332
0.124947955643839
0.119950037418085
0.115152035921362
0.110545954484507
0.106124116305127
0.101879151652922
0.0978039855868051
0.0938918261633329
0.0901361531167996
0.0865307069921276
0.0830694787124425
0.0797466995639448
0.076556831581387
0.0734945583181315
0.0705547759854062
0.06773258494599
0.0650232815481504
0.0624223502862244
0.0599254562747754
0.0575284380237844
0.055227300502833
0.0530182084827197
0.0508974801434109
0.0488615809376744
0.0469071177001675
0.0450308329921608
0.0432295996724743
0.0415004156855754
0.0398403990581523
0.0382467830958262
0.0367169117719932
0.0352482353011135
0.0338383058890689
0.0324847736535062
0.0311853827073659
0.0299379673990713
0.0287404487031084
0.0275908307549841
0.0264871975247847
0.0254277096237933
0.0244106012388416
0.0634341771892879
0.0608968101017164
0.0984609376976478
0.0945225001897419
0.0907416001821522
0.0871119361748661
0.0836274587278714
0.0802823603787566
0.0770710659636063
0.073988223325062
0.0710286943920596
0.0681875466163772
0.0654600447517221
0.0628416429616532
0.0603279772431871
0.0579148581534596
0.0555982638273212
0.0533743332742283
0.0512393599432592
0.0491897855455288
0.0472221941237077
0.0453333063587594
0.043519974104409
0.0417791751402326
0.0401080081346233
0.0385036878092384
0.0369635402968689
0.0354849986849941
0.0340655987375943
0.0327029747880906
0.0313948557965669
0.0301390615647043
0.0289334991021161
0.0277761591380314
0.0266651127725102
0.0255985082616098
0.0245745679311454
0.0235915852138996
0.0226479218053436
0.0217420049331298
0.0208723247358046
0.0200374317463725
0.0192359344765176
0.0184664970974569
0.0177278372135586
0.0170187237250162
0.0163379747760156
0.015684455784975
0.015057077553576
0.0144547944514329
0.0138766026733756
0.0133215385664406
0.012788677023783
0.0122771299428316
0.0117860447451184
0.0113146029553136
0.0108620188371011
0.010427538083617
0.0100104365602724
0.0896100190978615
0.086025618333947
0.0825845936005891
0.0792812098565655
0.116109961462303
0.111465563003811
0.107006940483658
0.102726662864312
0.0986175963497395
0.09467289249575
0.13088597679592
0.125650537724083
0.12062451621512
0.115799535566515
0.151167554143854
0.1451208519781
0.139316017898976
0.133743377183017
0.168393642095696
0.161657896411869
0.155191580555394
0.148983917333178
0.143024560639851
0.137303578214257
0.171811435085687
0.164938977682259
0.158341418574969
0.19200776183197
0.184327451358691
0.176954353304344
0.16987617917217
0.163081132005283
0.156557886725072
0.150295571256069
0.144283748405826
0.138512398469593
0.132971902530809
0.127653026429577
0.122546905372394
0.157645029157498
0.151339227991198
0.14528565887155
0.139474232516688
0.133895263216021
0.12853945268738
0.123397874579885
0.118461959596689
0.113723481212822
0.109174541964309
0.104807560285736
0.100615257874307
0.0965906475593347
0.0927270216569613
0.0890179407906829
0.0854572231590555
0.0820389342326933
0.118757376863386
0.11400708178885
0.109446798517296
0.105068926576604
0.10086616951354
0.0968315227329985
0.0929582618236786
0.0892399313507314
0.0856703340967022
0.122243520732834
0.157353779903521
0.15105962870738
0.145017243559085
0.139216553816721
0.133647891664052
0.16830197599749
0.161569896957591
0.155107101079287
0.148902817036116
0.142946704354671
0.137228836180484
0.171739682733265
0.164870095423934
0.158275291606977
0.151944279942698
0.14586650874499
0.14003184839519
0.134430574459383
0.129053351481007
0.123891217421767
0.158935568724896
0.1525781459759
0.146475020136864
0.14061601933139
0.134991378558134
0.129591723415809
0.124408054479177
0.199431732300009
0.191454463008009
0.183796284487689
0.176444433108181
0.169386655783854
0.1626111895525
0.1561067419704
0.149862472291584
0.14386797339992
0.178113254463924
0.170988724285367
0.164149175313952
0.157583208301394
0.151279879969338
0.185228684770565
0.177819537379742
0.170706755884552
0.16387848564917
0.157323346223203
0.151030412374275
0.144989195879304
0.139189628044132
0.133622042922367
0.128277161205472
0.163146074757253
0.156620231766963
0.150355422496285
0.144341205596433
0.138567557372576
0.133024855077673
0.127703860874566
0.122595706439583
0.117691878182
0.11298420305472
0.108464834932531
0.10412624153523
0.0999611918738207
0.135962744198868
0.170524234430913
0.203703265053677
0.19555513445153
0.187732929073468
0.18022361191053
0.173014667434108
0.166094080736744
0.159450317507274
0.153072304806983
0.146949412614704
0.141071436110116
0.175428578665711
0.168411435519083
0.161674978098319
0.155207978974387
0.148999659815411
0.143039673422795
0.137318086485883
0.131825363026448
0.12655234850539
0.121490254565174
0.116630644382567
0.111965418607264
0.107486801862974
0.103187329788455
0.0990598365969167
0.0950974431330401
0.0912935454077184
0.12764180359141
0.122536131447753
0.117634686189843
0.112929298742249
0.108412126792559
0.104075641720857
0.0999126160520228
0.0959161114099419
0.0920794669535442
0.0883962882754024
0.0848604367443863
0.0814660192746109
0.0782073785036264
0.0750790833634814
0.0720759200289421
0.0691928832277844
0.066425167898673
0.0637681611827261
0.0612174347354171
0.0587687373460004
0.0564179878521604
0.0541612683380739
0.051994817604551
0.0499150249003689
0.0479184239043542
0.04600168694818
0.0441616194702528
0.0423951546914427
0.040699348503785
0.0390713745636336
0.0375085195810882
0.0360081787978447
0.0345678516459309
0.0331851375800937
0.0318577320768899
0.0305834227938143
0.0293600858820618
0.0281856824467793
0.0270582551489081
0.0259759249429518
0.0249368879452337
0.0239394124274244
0.0229818359303274
0.0220625624931143
0.0211800599933897
0.0203328575936541
0.019519543289908
0.0187387615583116
0.0179892110959792
0.01726964265214
0.0165788569460544
0.0159157026682122
0.0152790745614837
0.0146679115790244
0.0140811951158634
0.0135179473112289
0.0129772294187797
0.0124581402420285
0.0119598146323474
0.0114814220470535
0.0110221651651714
0.0105812785585645
0.0101580274162219
0.00975170631957305
0.00936163806679013
0.00898717254411852
0.00862768564235378
0.00828257821665963
0.00795127508799325
0.00763322408447352
0.00732789512109457
0.00703477931625079
0.00675338814360076
0.00648325261785673
0.00622392251314246
0.00597496561261676
0.00573596698811209
0.00550652830858761
0.0052862671762441
0.00507481648919434
0.00487182382962656
0.0046769508764415
0.00448987284138384
0.00431027792772849
0.00413786681061935
0.00397235213819457
0.00381345805266679
0.00366091973056012
0.00351448294133771
0.0033739036236842
0.00323894747873684
0.00310938957958736
0.00298501399640387
0.00286561343654771
0.0027509888990858
0.00264094934312237
0.00253531136939748
0.00243389891462158
0.00233654295803672
0.00224308123971525
0.00215335799012664
0.00206722367052157
0.00198453472370071
0.00190515333475268
0.00182894720136257
0.00175578931330807
0.00168555774077575
0.00161813543114472
0.00155341001389893
0.00149127361334297
0.00143162266880925
0.00137435776205688
0.00131938345157461
0.00126660811351162
0.00121594378897116
0.0411673060374123
0.0395206137959158
0.0379397892440792
0.036422197674316
0.0349653097673434
0.0335666973766496
0.0322240294815837
0.0309350683023203
0.0296976655702275
0.0285097589474184
0.0273693685895217
0.0262745938459408
0.0252236100921032
0.024214665688419
0.0232460790608823
0.022316235898447
0.0614235864625091
0.0989666430040087
0.0950079772838484
0.0912076581924944
0.0875593518647947
0.0840569777902029
0.0806946986785947
0.117466910731451
0.112768234302193
0.108257504930105
0.143927204732901
0.138170116543585
0.172643311881842
0.165737579406568
0.159108076230305
0.152743753181093
0.146634003053849
0.180768642931695
0.173537897214427
0.16659638132585
0.159932526072816
0.153535225029904
0.147393816028708
0.141498063387559
0.135838140852057
0.170404615217975
0.203588430609256
0.195444893384885
0.18762709764949
0.18012201374351
0.17291713319377
0.166000447866019
0.159360429951378
0.152986012753323
0.14686657224319
0.140991909353463
0.135352232979324
0.169938143660151
0.163140617913745
0.196614993197195
0.188750393469307
0.181200377730535
0.173952362621314
0.206994268116461
0.198714497391803
0.230765917496131
0.261535280796285
0.251073869564434
0.241030914781857
0.231389678190582
0.222134091062959
0.213248727420441
0.204718778323623
0.196530027190678
0.228668826103051
0.259522073058929
0.249141190136572
0.239175542531109
0.229608520829865
0.22042417999667
0.211607212796803
0.203142924284931
0.195017207313534
0.187216519020992
0.259727858260153
0.249338743929747
0.239365194172557
0.269790586405654
0.258998962949428
0.248639004431451
0.238693444254193
0.229145706484025
0.219979878224664
0.251180683095678
0.241133455771851
0.271488117540977
0.260628592839337
0.250203449125764
0.240195311160733
0.270587498714304
0.259763998765732
0.249373438815103
0.239398501262498
0.269822561211998
0.259029658763519
0.248668472412978
0.238721733516459
0.2291728641758
0.220005949608768
0.211205711624418
0.202757483159441
0.194647183833063
0.186861296479741
0.219386844620551
0.210611370835729
0.2021869160023
0.234099439362208
0.22473546178772
0.215746043316211
0.207116201583562
0.19883155352022
0.190878291379411
0.183243159724235
0.175913433335265
0.168876896001855
0.16212182016178
0.155636947355309
0.189411469461097
0.181835010682653
0.174561610255347
0.167579145845133
0.160875980011328
0.154440940810874
0.18826330317844
0.180732771051302
0.21350346020925
0.20496332180088
0.196764788928845
0.188894197371691
0.221338429476823
0.21248489229775
0.20398549660584
0.195826076741607
0.267993033671942
0.297273312325065
0.325382379832062
0.312367084638779
0.299872401253228
0.287877505203099
0.276362404994975
0.265307908795176
0.254695592443369
0.244507768745634
0.274727457995809
0.263738359675977
0.253188825288937
0.24306127227738
0.273338821386285
0.262405268530833
0.2519090577896
0.241832695478016
0.232159387658895
0.222873012152539
0.213958091666438
0.20539976799978
0.197183777279789
0.189296426188598
0.181724569141054
0.174455586375412
0.167477362920395
0.160778268403579
0.154347137667436
0.188173252160739
0.180646322074309
0.173420469191337
0.166483650423683
0.159824304406736
0.153431332230466
0.147294078941248
0.141402315783598
0.135746223152254
0.130316374226164
0.125103719257117
0.120099570486833
0.155295587667359
0.189083764160665
0.181520413594238
0.174259597050469
0.20728921316845
0.198997644641712
0.191037738856043
0.183396229301802
0.21606038012973
0.24741796492454
0.237521246327559
0.228020396474456
0.218899580615478
0.210143597390859
0.201737853495225
0.193668339355416
0.225921605781199
0.216884741549951
0.208209351887953
0.199880977812435
0.191885738699938
0.18421030915194
0.176841896785862
0.169768220914428
0.162977492077851
0.156458392394737
0.150200056698947
0.144192054430989
0.13842437225375
0.1328873973636
0.127571901469056
0.122469025410294
0.117570264393882
0.112867453818127
0.108352755665401
0.104018645438785
0.099857899621234
0.135863583636385
0.130429040290929
0.125211878679292
0.12020340353212
0.115395267390836
0.110779456695202
0.106348278427394
0.102094347290298
0.0980105733986863
0.0940901504627389
0.0903265444442293
0.0867134826664601
0.0832449433598017
0.0799151456254096
0.0767185398003933
0.0736497982083775
0.0707038062800424
0.0678756540288407
0.0651606278676871
0.0625542027529796
0.0600520346428604
0.057649953257146
0.0553439551268602
0.0531301969217858
0.0510049890449143
0.0489647894831177
0.047006197903793
0.0451259499876413
0.0433209119881357
0.0415880755086102
0.0399245524882658
0.0383275703887352
0.0367944675731858
0.0353226888702583
0.073909781315448
0.0709533900628301
0.0681152544603169
0.0653906442819042
0.062775018510628
0.0602640177702029
0.0578534570593948
0.055539318777019
0.0533177460259382
0.0511850361849007
0.0491376347375047
0.0471721293480045
0.0452852441740843
0.0434738344071209
0.0417348810308361
0.0400654857896026
0.0384628663580185
0.0369243517036978
0.0354473776355499
0.0340294825301279
0.0326683032289228
0.0313615710997659
0.0301071082557752
0.0289028239255442
0.0277467109685224
0.0266368425297815
0.0655713688285903
0.0629485140754467
0.0604305735124288
0.0580133505719316
0.0956928165490544
0.0918651038870922
0.0881904997316085
0.124662879742344
0.11967636455265
0.114889309970544
0.110293737571723
0.105881988068854
0.1016467085461
0.0975808402042556
0.0936776065960853
0.0899305023322419
0.0863332822389522
0.0828799509493941
0.0795647529114184
0.0763821627949616
0.113326876283163
0.148793801231837
0.142842049182563
0.137128367215261
0.13164323252665
0.126377503225584
0.121322403096561
0.156469506972698
0.15021072669379
0.144202297626039
0.138434205720997
0.132896837492157
0.127580963992471
0.122477725432772
0.157578616415461
0.191275471758843
0.183624452888489
0.17627947477295
0.169228295782032
0.16245916395075
0.15596079739272
0.149722365497011
0.143733470877131
0.137984132042046
0.132464766760364
0.127166176089949
0.122079529046351
0.117196347884497
0.152508493969117
0.146408154210353
0.140551828041939
0.134929754920261
0.129532564723451
0.164351262134513
0.157777211649132
0.151466123183167
0.14540747825584
0.139591179125606
0.174007531960582
0.167047230682159
0.200365341454873
0.192350727796678
0.224656698684811
0.215670430737418
0.207043613507921
0.198761868967605
0.1908113942089
0.183178938440544
0.175851780902923
0.168817709666806
0.162065001280133
0.195582401228928
0.267759105179771
0.25704874097258
0.286766791333677
0.35529611968033
0.341084274893117
0.327440903897392
0.314343267741496
0.341769537031836
0.328098755550563
0.35497480532854
0.340775813115399
0.327144780590783
0.354058989367151
0.339896629792465
0.326300764600767
0.313248734016736
0.300718784656067
0.288690033269824
0.277142431939031
0.26605673466147
0.255414465275011
0.24519788666401
0.23538997119745
0.225974372349552
0.21693539745557
0.208257981557347
0.199927662295053
0.191930555803251
0.224253333571121
0.215283200228276
0.206671872219145
0.198404997330379
0.230468797437164
0.221250045539678
0.21240004371809
0.203904041969367
0.195747880290592
0.227917965078969
0.21880124647581
0.210049196616777
0.201647228752106
0.193581339602022
0.185838086017941
0.178404562577223
0.171268380074135
0.164417644871169
0.157840939076322
0.151527301513269
0.185466209452739
0.178047561074629
0.170925658631644
0.164088632286378
0.157525086994923
0.151224083515126
0.145175120174521
0.13936811536754
0.133793390752839
0.128441655122725
0.123303988917816
0.118371829361103
0.113636956186659
0.109091477939193
0.104727818821625
0.10053870606876
0.0965171578260098
0.0926564715129694
0.128950212652451
0.123792204146353
0.118840515980498
0.114086895341279
0.109523419527627
0.145142482746522
0.139336783436661
0.133763312099195
0.128412779615227
0.163276268430618
0.156745217693393
0.150475408985658
0.184456392626231
0.217078136921182
0.208395011444335
0.200059210986561
0.192056842547099
0.184374568845215
0.176999586091406
0.16991960264775
0.16312281854184
0.156597905800166
0.15033398956816
0.144320629985433
0.138547804786016
0.173005892594575
0.206085656890792
0.197842230615161
0.189928541390554
0.182331399734932
0.175038143745535
0.168036617995713
0.161315153275885
0.154862547144849
0.148668045259055
0.142721323448693
0.137012470510745
0.131531971690316
0.126270692822703
0.121219865109795
0.116371070505403
0.111716227685187
0.107247578577779
0.102957675434668
0.0988393684172816
0.0948857936805903
0.0910903619333667
0.087446747456032
0.0839488775577907
0.0805909224554791
0.0773672855572599
0.0742725941349695
0.0713016903695707
0.0684496227547879
0.0657116378445964
0.0630831723308125
0.06055984543758
0.0581374516200768
0.0558119535552737
0.0535794754130628
0.0914362963965403
0.0877788445406787
0.0842676907590515
0.0808969831286894
0.0776611038035419
0.0745546596514002
0.0715724732653442
0.0687095743347304
0.0659611913613412
0.0633227437068875
0.060789833958612
0.0583582406002675
0.0560239109762568
0.0537829545372066
0.0516316363557183
0.0495663709014896
0.04758371606543
0.0856803674228128
0.0822531527259003
0.118963026616864
0.11420450555219
0.109636325330102
0.105250872316898
0.101040837424222
0.0969992039272532
0.0931192357701631
0.0893944663393565
0.0858186876857823
0.082385940178351
0.0790905025712169
0.0759268824683683
0.112889807169634
0.108374214882848
0.104039246287534
0.0998776764360329
0.0958825693785916
0.0920472666034479
0.08836537593931
0.0848307609017376
0.0814375304656681
0.0781800292470413
0.0750528280771597
0.0720507149540733
0.0691686863559104
0.066401938901674
0.063745861345607
0.0611960268917827
0.0987481858161114
0.0947982583834669
0.0910063280481282
0.0873660749262031
0.083871431929155
0.0805165746519888
0.0772959116659092
0.0742040751992729
0.071235912191302
0.0683864757036499
0.0656510166755039
0.0630249760084837
0.0605039769681444
0.0580838178894186
0.0557604651738419
0.0535300465668882
0.0513888447042126
0.0893332909160441
0.0857599592794024
0.0823295609082263
0.0790363784718972
0.0758749233330213
0.0728399263997005
0.0699263293437125
0.067129276169964
0.0644441051231654
0.0618663409182388
0.0593916872815092
0.0570160197902489
0.0547353789986389
0.0525459638386933
0.0504441252851456
0.0484263602737398
0.0464893058627902
0.0446297336282786
0.0428445442831474
0.0411307625118215
0.0394855320113487
0.0379061107308947
0.0363898663016589
0.0349342716495926
0.0335369007836089
0.0321954247522645
0.0309076077621739
0.029671303451687
0.0284844513136195
0.0673450732610747
0.0646512703306317
0.0620652195174064
0.0595826107367102
0.0571993063072418
0.0549113340549521
0.052714880692754
0.0506062854650439
0.0485820340464421
0.0466387526845844
0.084773202577201
0.081382274474113
0.0781269834951485
0.0750019041553425
0.0720018279891288
0.0691217548695637
0.0663568846747811
0.0637026092877899
0.0611545049162783
0.0587083247196271
0.0563599917308421
0.0941055920616084
0.090341368379144
0.0867277136439783
0.0832586050982191
0.0799282608942904
0.0767311304585188
0.073661885240178
0.0707154098305709
0.067886793437348
0.0651713216998541
0.06256446883186
0.0600618900785856
0.0576594144754421
0.0953530378964244
0.0915389163805675
0.0878773597253447
0.084362265336331
0.120987774722878
0.116148263733963
0.111502333184604
0.10704223985722
0.142760550262931
0.137050128252414
0.171568123122317
0.164705398197425
0.158117182269528
0.151792494978747
0.185720795179597
0.178291963372413
0.211160284837516
0.242713873444016
0.233005318506255
0.223685105766005
0.254737701535365
0.24454819347395
0.274766265734992
0.263775615105592
0.293224590501369
0.281495606881314
0.270235782606061
0.259426351301819
0.249049297249746
0.239087325359756
0.229523832345366
0.220342879051551
0.211529163889489
0.20306799733391
0.194945277440553
0.187147466342931
0.179661567689214
0.172475104981645
0.165576100782379
0.158953056751084
0.152594934481041
0.186491137101799
0.179031491617727
0.171870231953018
0.164995422674898
0.198395605767902
0.190459781537186
0.182841390275698
0.17552773466467
0.168506625278083
0.16176636026696
0.155295705856282
0.18908387762203
0.181520522517149
0.174259701616463
0.167289313551805
0.160597741009732
0.154173831369343
0.148006878114569
0.182086602989987
0.174803138870387
0.167811013315572
0.161098572782949
0.154654629871631
0.148468444676766
0.142529706889695
0.136828518614107
0.131355377869543
0.126101162754761
0.161057116244571
0.154614831594788
0.188430238330996
0.180893028797757
0.173657307645846
0.166711015340012
0.160042574726412
0.153640871737355
0.147495236867861
0.141595427393147
0.135931610297421
0.130494345885524
0.125274572050103
0.160263589168099
0.153853045601375
0.14769892377732
0.141790966826227
0.136119328153178
0.130674555027051
0.165447572825969
0.19882966991293
0.190876483116413
0.183241423791756
0.215911766840086
0.207275296166483
0.198984284319823
0.23102491294703
0.261783916429149
0.291312559771983
0.319660057381104
0.34687365508586
0.332998708882425
0.319678760527128
0.386891610106043
0.371415945701801
0.356559307873729
0.34229693555878
0.328605058136429
0.315460855810972
0.302842421578533
0.290728724715392
0.279099575726776
0.267935592697705
0.257218168989797
0.246929442230205
0.237052264540997
0.227570173959357
0.218467367000982
0.209728672320943
0.201339525428105
0.193285944410981
0.185554506634542
0.17813232636916
0.171007033314394
0.164166751981818
0.157600081902545
0.151296078626443
0.145244235481386
0.17943446606213
0.212257087419645
0.203766803922859
0.195616131765945
0.187791486495307
0.180279827035495
0.173068633954075
0.166145888595912
0.159500053052076
0.153120050929992
0.146995248892793
0.141115438937081
0.135470821379598
0.130051988524414
0.164849908983437
0.1582559126241
0.151925676119136
0.14584864907437
0.140014703111396
0.13441411498694
0.129037550387462
0.123876048371964
0.118921006437085
0.114164166179602
0.149597599532418
0.143613695551121
0.137869147729076
0.132354381819913
0.127060206547116
0.121977798285232
0.117098686353823
0.11241473889967
0.107918149343683
0.103601423369936
0.0994573664351381
0.0954790717777326
0.0916599089066233
0.0879935125503584
0.084473772048344
0.0810948211664102
0.0778510283197538
0.0747369871869637
0.111747507699485
0.107277607391506
0.102986503095845
0.0988670429720117
0.0949123612531312
0.0911158668030059
0.0874712321308857
0.0839723828456503
0.0806134875318243
0.0773889480305513
0.0742933901093292
0.0713216545049561
0.0684687883247578
0.0657300367917675
0.0631008353200968
0.0605768019072929
0.0581537298310012
0.0558275806377612
0.0535944774122507
0.0514506983157607
0.0493926703831302
0.047416963567805
0.0455202850250928
0.0436994736240891
0.0419514946791256
0.0402734348919605
0.0386624974962821
0.0371159975964308
0.0356313576925736
0.0342061033848706
0.0328378592494758
0.0315243448794968
0.0302633710843169
0.0290528362409442
0.0278907227913065
0.0267750938796542
0.025704090124468
0.0246759265194893
0.0236888894587097
0.0227413338803614
0.0218316805251469
0.020958413304141
0.0201200767719754
0.0193152737010964
0.0185426627530525
0.0178009562429304
0.0170889179932132
0.0164053612734847
0.0157491468225453
0.0151191809496435
0.0145144137116577
0.0139338371631914
0.0133764836766638
0.0128414243295972
0.0123277673564133
0.0118346566621568
0.0113612703956705
0.0109068195798437
0.0104705467966499
0.0100517249247839
0.00964965592779259
0.00926366969068088
0.00889312290305365
0.0085373979869315
0.00819590206745424
0.00786806598475607
0.00755334334536583
0.0072512096115512
0.00696116122708915
0.00668271477800558
0.00641540618688536
0.00615878993940994
0.0459124383418335
0.0440759408081602
0.0823129031758338
0.0790203870488004
0.0758595715668484
0.0728251887041745
0.0699121811560075
0.107115693909767
0.102831066153377
0.138717823507241
0.133169110566952
0.127842346144274
0.122728652298503
0.117819506206563
0.1131067259583
0.108582456919968
0.104239158643169
0.100069592297443
0.0960668086055449
0.0922241362613231
0.0885351708108702
0.0849937639784354
0.081594013419298
0.118330252882526
0.113597042767225
0.109053161056536
0.104691034614275
0.100503393229704
0.0964832575005154
0.0926239272004948
0.168918970112475
0.162162211307976
0.155675722855657
0.149448693941431
0.143470746183773
0.137731916336423
0.132222639682966
0.166933734095647
0.200256384731821
0.232246129342548
0.262956284168846
0.252438032802092
0.242340511490009
0.232646891030408
0.223341015389192
0.214407374773624
0.205831079782679
0.197597836591372
0.189693923127717
0.182106166202609
0.174821919554504
0.167829042772324
0.201115881061431
0.193071245818974
0.185348395986215
0.177934460146766
0.170817081740896
0.16398439847126
0.157425022532409
0.151128021631113
0.185082900765869
0.177679584735234
0.250572401345824
0.280549505291991
0.269327525080312
0.258554424077099
0.248212247114015
0.278283757229455
0.267152406940276
0.296466310662665
0.284607658236159
0.273223351906712
0.302294417830444
0.290202641117226
0.318594535472537
0.305850754053635
0.29361672389149
0.28187205493583
0.270597172738397
0.259773285828861
0.289382354395707
0.277807060219879
0.266694777811083
0.25602698669864
0.245785907230694
0.235954470941467
0.226516292103808
0.217455640419656
0.208757414802869
0.200407118210755
0.232390833482324
0.223095200143031
0.21417139213731
0.205604536451818
0.197380354993745
0.189485140793995
0.181905735162235
0.174629505755746
0.207644325525516
0.199338552504496
0.191365010404316
0.183710409988143
0.176361993588617
0.169307513845073
0.16253521329127
0.156033804759619
0.149792452569234
0.143800754466465
0.138048724287806
0.132526775316294
0.127225704303642
0.122136676131496
0.117251209086237
0.112561160722787
0.108058714293876
0.103736365722121
0.0995869110932358
0.0956034346495064
0.0917792972635261
0.0881081253729851
0.0845838003580656
0.081200448343743
0.117952430409993
0.113234333193594
0.10870495986585
0.104356761471216
0.100182491012367
0.0961751913718725
0.0923281837169976
0.0886350563683177
0.085089654113585
0.0816860679490416
0.0784186252310799
0.115281880221837
0.110670605012963
0.106243780812445
0.101994029579947
0.097914268396749
0.133997697660879
0.128637789754444
0.123492278164266
0.118552587037695
0.113810483556188
0.10925806421394
0.144887741645383
0.139092231979567
0.133528542700385
0.168187400992369
0.241459904952674
0.231801508754567
0.222529448404385
0.213628270468209
0.205083139649481
0.196879814063502
0.189004621500962
0.181444436640923
0.174186659175286
0.167219192808275
0.160530425095944
0.194109208092106
0.186344839768422
0.178891046177685
0.171735404330577
0.204865988157354
0.19667134863106
0.188804494685818
0.181252314898385
0.17400222230245
0.247042133410352
0.237160448073938
0.22767403015098
0.258567068944941
0.248224386187143
0.278295410739658
0.267163594310071
0.256477050537668
0.246217968516162
0.236369249775515
0.226914479784495
0.217837900593115
0.20912438456939
0.200759409186615
0.19272903281915
0.185019871506384
0.177619076646129
0.170514313580283
0.163693741037072
0.157145991395589
0.150860151739766
0.144825745670175
0.139032715843368
0.133471407209633
0.128132550921248
0.163007248884398
0.196486958929022
0.188627480571861
0.221082381348987
0.212239086095027
0.203749522651226
0.195599541745177
0.18777556007537
0.180264537672355
0.173053956165461
0.166131797918843
0.159486526002089
0.153107064962005
0.146982782363525
0.141103471068984
0.135459332226225
0.130040958937176
0.124839320579689
0.119845747756501
0.115051917846241
0.110449841132391
0.106031847487096
0.101790573587612
0.0977189506441075
0.0938101926183432
0.0900577849136095
0.0864554735170651
0.0829972545763825
0.0796773643933272
0.116490269817594
0.11183065902489
0.107357432663895
0.103063135357339
0.0989406099430453
0.0949829855453235
0.0911836661235106
0.0875363194785701
0.0840348666994273
0.0806734720314502
0.0774465331501922
0.0743486718241845
0.0713747249512172
0.0685197359531685
0.0657789465150417
0.0631477886544401
0.0606218771082625
0.058197002023932
0.0558691219429747
0.0536343570652557
0.0514889827826455
0.0494294234713396
0.0474522465324861
0.0455541566711866
0.0437319904043391
0.0419827107881656
0.0403034023566389
0.0386912662623734
0.0371436156118784
0.0356578709874033
0.0342315561479072
0.0328622939019909
0.0315478021459112
0.0302858900600748
0.0290744544576718
0.0679114762793649
0.0651950172281903
0.0625872165390627
0.0600837278775002
0.0576803787624002
0.0553731636119042
0.053158237067428
0.0510319075847309
0.0489906312813417
0.047031006030088
0.0451497657888845
0.0433437751573291
0.0416100241510359
0.0399456231849945
0.0383477982575947
0.0368138863272909
0.0353413308741993
0.0339276776392313
0.0325705705336621
0.0312677477123156
0.0300170378038229
0.02881635629167
0.0276637020400032
0.0265571539584031
0.025494867800067
0.0244750730880643
0.0234960701645417
0.02255622735796
0.0216539782636416
0.020787819133096
0.0199563063677721
0.0191580541130613
0.0183917319485388
0.0176560626705972
0.0169498201637734
0.0162718273572224
0.0156209542629335
0.0149961160924162
0.0143962714487195
0.0138204205907708
0.0132676037671399
0.0127368996164543
0.0122274236317961
0.0117383266865243
0.0512687936190633
0.0492180418743008
0.0472493201993288
0.0453593473913556
0.0435449734957014
0.0418031745558733
0.0801310475736384
0.0769258056706929
0.0738487734438651
0.0708948225061105
0.0680590296058661
0.0653366684216315
0.0627232016847662
0.100214273617376
0.0962057026726805
0.0923574745657733
0.0886631755831424
0.125116648559817
0.120111982617424
0.115307503312727
0.110695203180218
0.106267395053009
0.102016699250889
0.0979360312808533
0.0940185900296192
0.0902578464284344
0.086647532571297
0.0831816312684451
0.0798543660177073
0.076660191376999
0.0735937837219191
0.110650032373042
0.146224031078121
0.140375069834996
0.174760067041596
0.167769664359932
0.161058877785535
0.234616522674113
0.225231861767149
0.256222587296463
0.245973683804604
0.27613473645242
0.265089346994323
0.25448577311455
0.244306342189968
0.23453408850237
0.265152724962275
0.294546615963784
0.282764751325232
0.271454161272223
0.300595994821334
0.288572155028481
0.277029268827342
0.265948098074248
0.295310174151278
0.323497767185227
0.310557856497818
0.338135542237905
0.324610120548389
0.351625715726453
0.337560687097395
0.324058259613499
0.311095929228959
0.298652092059801
0.286706008377409
0.275237768042313
0.26422825732062
0.253659127027795
0.243512761946683
0.233772251468816
0.224421361410063
0.255444506953661
0.245226726675514
0.235417657608494
0.266000951304154
0.255360913251988
0.245146476721908
0.235340617653032
0.225926992946911
0.216889913229034
0.208214316699873
0.199885744031878
0.191890314270603
0.224214701699779
0.255246113631788
0.245036269086516
0.235234818323055
0.225825425590133
0.216792408566528
0.208120712223867
0.199795883734912
0.231804048385516
0.262531886450095
0.252030610992091
0.241949386552407
0.232271411090311
0.222980554646699
0.214061332460831
0.205498879162397
0.197278923995902
0.189387767036065
0.181812256354623
0.174539766100438
0.16755817545642
0.160855848438164
0.154421614500637
0.148244749920612
0.142314959923787
0.136622361526836
0.131157467065762
0.125911168383132
0.120874721647806
0.116039732781894
0.111398143470618
0.106942217731794
0.102664529022522
0.138557947861621
0.133015629947156
0.24769500474927
0.277787204559299
0.266675716376927
0.33600868772185
0.322568340212976
0.309665606604457
0.297278982340279
0.325387823046668
0.352372310124801
0.338277417719809
0.324746321011016
0.311756468170576
0.299286209443753
0.287314761066003
0.275822170623362
0.264789283798428
0.254197712446491
0.244029803948631
0.234268611790686
0.224897867319058
0.215901952626296
0.207265874521244
0.198975239540394
0.191016229958779
0.183375580760428
0.21604055753001
0.20739893522881
0.199102977819658
0.191138858706871
0.223493304358596
0.254553572184253
0.244371429296882
0.234596572125007
0.225212709240007
0.256204200870407
0.24595603283559
0.236117791522167
0.26667307986128
0.256006156666829
0.245765910400156
0.235935273984149
0.226497863024783
0.257437948503792
0.24714043056364
0.237254813341095
0.227764620807451
0.218654035975153
0.209907874536147
0.201511559554701
0.193451097172513
0.185713053285612
0.178284531154188
0.17115314990802
0.1643070239117
0.157734742955232
0.151425353237022
0.145368339107541
0.13955360554324
0.13397146132151
0.12861260286865
0.123468098753904
0.118529374803748
0.113788199811598
0.109236671819134
0.104867204946368
0.140672516748514
0.135045616078573
0.12964379143543
0.124458039778013
0.159479718186892
0.153100529459417
0.14697650828104
0.181097447949798
0.213853550031807
0.205299408030534
0.197087431709313
0.18920393444094
0.181635777063303
0.174370345980771
0.16739553214154
0.160699710855878
0.194271722421643
0.186500853524777
0.179040819383786
0.171879186608435
0.165004019144097
0.158403858378334
0.1520677040432
0.145984995881472
0.140145596046213
0.134539772204365
0.12915818131619
0.123991854063543
0.119032179901001
0.154270892704961
0.148100056996762
0.142176054716892
0.136489012528216
0.131029452027088
0.125788273946004
0.120756742988164
0.115926473268637
0.111289414337892
0.106837837764376
0.102564324253801
0.098461751283649
0.0945232812323031
0.090742349983011
0.0871126559836905
0.0836281497443429
0.0802830237545692
0.0770717028043864
0.0739888346922109
0.0710292813045225
0.0681881100523416
0.0654605856502479
0.062842162224238
0.0603284757352685
0.0579153367058577
0.0955987232376234
0.0917747743081185
0.0881037833357937
0.084579632002362
0.0811964467222675
0.0779485888533768
0.0748306452992417
0.0718374194872721
0.0689639227077812
0.0662053657994699
0.0635571511674911
0.0610148651207915
0.0585742705159598
0.0562312996953214
0.0539820477075085
0.0518227657992082
0.0497498551672399
0.0477598609605503
0.0458494665221283
0.0440154878612431
0.0422548683467934
0.0405646736129217
0.0389420866684048
0.0373844032016686
0.0358890270736019
0.0344534659906578
0.0330753273510315
0.0317523142569902
0.0304822216867106
0.0292629328192422
0.0280924155064725
0.0269687188862136
0.025889970130765
0.0248543713255344
0.0238601964725131
0.0229057886136125
0.061989557069068
0.0595099747863053
0.0571295757948531
0.054844392763059
0.0526506170525366
0.0505445923704351
0.0485228086756177
0.046581896328593
0.0447186204754493
0.0429298756564313
0.0412126806301741
0.0395641734049671
0.0379816064687684
0.0364623422100177
0.035003848521617
0.0336036945807523
0.0322595467975222
0.0709691649256213
0.108130398328596
0.103805182395453
0.0996529750996345
0.0956668560956491
0.0918401818518232
0.0881665745777502
0.12463991159464
0.119654315130855
0.11486814252562
0.110273416824596
0.105862480151612
0.101627980945547
0.137562861707725
0.132060347239416
0.16677793334984
0.160106816015846
0.153702543375212
0.187554441640204
0.180052263974596
0.172850173415612
0.165936166478987
0.159298719819828
0.152926771027035
0.146809700185953
0.180937312178515
0.173699819691375
0.16675182690372
0.200081753827571
0.232078483674468
0.222795344327489
0.21388353055439
0.245328189332214
0.235515061758926
0.226094459288569
0.217050680917026
0.208368653680345
0.200033907533131
0.192032551231806
0.184351249182533
0.216977199215232
0.208298111246623
0.199966186796758
0.231967539324888
0.222688837751892
0.213781284241816
0.325230032872144
0.312220831557258
0.299731998294968
0.287742718363169
0.276233009628642
0.265183689243496
0.294576341673757
0.282793288006806
0.271481556486534
0.260622294227073
0.25019740245799
0.28018950635967
0.268981926105283
0.298222649061072
0.366293743098629
0.431641993374684
0.414376313639697
0.397801261094109
0.381889210650344
0.36661364222433
0.351949096535357
0.377871132673943
0.362756287366985
0.348246035872306
0.334316194437414
0.320943546659917
0.34810580479352
0.334181572601779
0.360814309697708
0.3863817373098
0.370926467817408
0.356089409104712
0.341845832740523
0.328171999430902
0.315045119453666
0.302443314675519
0.290345582088499
0.278731758804959
0.26758248845276
0.25687918891465
0.246604021358064
0.276739860503741
0.265670266083592
0.255043455440248
0.244841717222638
0.235048048533732
0.225646126592383
0.216620281528688
0.20795547026754
0.239637251456839
0.230051761398565
0.220849690942623
0.252015703304918
0.241935075172721
0.232257672165812
0.22296736527918
0.214048670668012
0.205486723841292
0.19726725488764
0.189376564692135
0.181801502104449
0.174529442020271
0.20754826433946
0.239246333765882
0.229676480415247
0.220489421198637
0.211669844350691
0.203203050576664
0.235074928553597
0.225671931411453
0.216645054154995
0.207979251988795
0.239660081909243
0.230073678632874
0.220870731487559
0.252035902228056
0.241954466138934
0.232276287493377
0.222985235993642
0.214065826553896
0.24550319349174
0.235683065752071
0.226255743121988
0.257205513397108
0.246917292861224
0.277040601146775
0.265958977100904
0.255320618016868
0.245107793296193
0.235303481564345
0.225891342301771
0.216855688609701
0.208181461065313
0.1998542026227
0.191860034517792
0.18418563313708
0.176818207811597
0.209745479499133
0.201355660319168
0.193301433906401
0.185569376550145
0.178146601488139
0.211020737428614
0.202579907931469
0.19447671161421
0.186697643149642
0.179229737423656
0.17206054792671
0.165178126009642
0.158571000969256
0.152228160930486
0.146139034493266
0.140293473113536
0.134681734188994
0.169294464821434
0.162522686228577
0.156021778779434
0.149780907628257
0.143789671323126
0.138038084470201
0.132516561091393
0.127215898647737
0.122127262701828
0.117242172193755
0.112552485306005
0.148050385893764
0.182128370458014
0.174843235639693
0.167849506214106
0.161135525965541
0.19469010492692
0.186902500729843
0.179426400700649
0.172249344672623
0.165359370885718
0.15874499605029
0.152395196208278
0.146299388359947
0.140447412825549
0.134829516312527
0.129436335660026
0.164258882233625
0.15768852694428
0.191380985866509
0.183725746431848
0.216376716574574
0.207721647911591
0.239412781995128
0.229836270715323
0.22064281988671
0.211817107091241
0.203344422807592
0.195210645895288
0.187402220059476
0.179906131257097
0.172709886006813
0.165801490566541
0.159169430943879
0.152802653706124
0.146690547557879
0.140822925655564
0.135190008629341
0.129782408284168
0.124591111952801
0.119607467474689
0.114823168775701
0.110230242024673
0.105821032343686
0.101588191049939
0.0975246634079414
0.0936236768716237
0.0898787297967588
0.0862835806048884
0.0828322373806929
0.0795189478854652
0.0763381899700466
0.0732846623712447
0.0703532758763949
0.0675391448413391
0.0648375790476855
0.102244075885778
0.138154312850347
0.132628140336333
0.12732301472288
0.122230094133965
0.117340890368606
0.112647254753862
0.108141364563707
0.103815709981159
0.0996630815819126
0.0956765583186361
0.0918494959858907
0.088175516146455
0.0846484955005968
0.0812625556805729
0.07801205345335
0.074891571315216
0.0718959084626074
0.0690200721241031
0.066259269239139
0.0636088984695734
0.0610645425307905
0.0586219608295588
0.0562770823963765
0.0540259991005214
0.0518649591365006
0.0497903607710405
0.0477987463401989
0.0458867964865909
0.0440513246271273
0.0422892716420422
0.0405977007763605
0.0389737927453061
0.0374148410354939
0.0359182473940741
0.0344815174983111
0.0331022567983787
0.0317781665264435
0.0305070398653858
0.0292867582707704
0.0281152879399395
0.026990676422342
0.0259110493654483
0.0248746073908304
0.0238796230951971
0.0229244381713893
0.0220074606445337
0.0211271622187523
0.0202820757300022
0.0194707927008021
0.0586919609927701
0.0563442825530593
0.0540905112509369
0.0519268908008994
0.0498498151688634
0.0478558225621089
0.0459415896596245
0.0441039260732395
0.04233976903031
0.0406461782690976
0.0390203311383337
0.0374595178928003
0.0359611371770883
0.0345226916900048
0.0331417840224046
0.0318161126615084
0.0705434681550481
0.0677217294288461
0.105012860251692
0.100812345841625
0.0967798520079596
0.0929086579276412
0.0891923116105356
0.0856246191461141
0.0821996343802696
0.0789116490050588
0.0757551830448564
0.0727249757230622
0.10981597669414
0.105423337626374
0.101206404121319
0.0971581479564664
0.0932718220382077
0.0895409491566794
0.0859593111904122
0.0825209387427957
0.0792201011930839
0.0760512971453605
0.0730092452595461
0.0700888754491642
0.107285320431198
0.14299390761395
0.137274151309392
0.211783185257016
0.203311857846735
0.235179383532866
0.225772208191551
0.216741319863889
0.208071667069334
0.19974880038656
0.191758848371098
0.184088494436254
0.176724954658804
0.209655956472452
0.201269718213554
0.233218929485012
0.263890172305611
0.293334565413387
0.281601182796851
0.310337135484977
0.377923650065578
0.402806704062955
0.386694435900437
0.371226658464419
0.396377592125842
0.380522488440809
0.365301588903176
0.350689525347049
0.336661944333167
0.323195466559841
0.310267647897447
0.297856941981549
0.285942664302287
0.274504957730196
0.263524759420988
0.252983769044148
0.242864418282382
0.233149841551087
0.263823847889044
0.253270893973482
0.243140058214543
0.233414455885961
0.304077877650522
0.291914762544501
0.280238172042721
0.269028645161013
0.258267499354572
0.247936799380389
0.238019327405174
0.228498554308967
0.259358612136608
0.248984267651144
0.239024896945098
0.229463901067294
0.260285345024602
0.249873931223618
0.239878973974673
0.230283815015686
0.301072462415059
0.289029563918457
0.277468381361718
0.306369646107249
0.334114860262959
0.360750265852441
0.346320255218343
0.33246744500961
0.319168747209225
0.306401997320856
0.334145917428022
0.320780080730901
0.307948877501665
0.295630922401598
0.323805685505534
0.310853458085313
0.2984193197619
0.286482546971424
0.315023245092567
0.302422315288865
0.29032542267731
0.278712405770218
0.267563909539409
0.256861353157833
0.246586899031519
0.236723423070259
0.227254486147448
0.21816430670155
0.249437734433488
0.239460225056149
0.229881816053903
0.220686543411747
0.251859081675277
0.281784718408266
0.270513329671935
0.259692796485058
0.249305084625655
0.279332881240629
0.268159565991004
0.257433183351364
0.247135856017309
0.277250421776617
0.306160404905552
0.29391398870933
0.322157429160957
0.309271131994518
0.296900286714738
0.325024275246148
0.312023304236302
0.29954237206685
0.287560677184176
0.276058250096809
0.265015920092937
0.294415283289219
0.28263867195765
0.271333125079344
0.300479800076171
0.328460608073124
0.315322183750199
0.302709296400191
0.290600924544183
0.318976887562416
0.306217812059919
0.333969099577522
0.320610335594421
0.307785922170644
0.295474485283819
0.283655505872466
0.272309285637567
0.261416914212065
0.250960237643582
0.240921828137839
0.231284955012325
0.302033556811832
0.289952214539359
0.278354125957784
0.267219960919473
0.256531162482694
0.246269915983386
0.236419119344051
0.226962354570289
0.217883860387477
0.249168505971978
0.279201765733099
0.268033695103775
0.257312347299624
0.287019853407639
0.275539059271334
0.26451749690048
0.253936797024461
0.243779325143483
0.234028152137743
0.224667026052233
0.255680345010144
0.245453131209738
0.235635005961349
0.226209605722895
0.257161221493979
