0
0
0
0
0
0
0
0
0
0
0
0
0
0.47
0.2491
0.132023
0.06997219
0.0370852607
0.019655188171
0.01041724973063
0.0055211423572339
0.00292620544933397
0.001550888888147
0.000821971110717912
0.000435644688680493
0.000230891685000661
0.000122372593050351
6.48574743166858e-05
3.43744613878435e-05
1.8218464535557e-05
9.65578620384523e-06
5.11756668803797e-06
2.71231034466013e-06
1.43752448266987e-06
7.6188797581503e-07
4.03800627181966e-07
2.14014332406442e-07
1.13427596175414e-07
6.01166259729695e-08
3.18618117656739e-08
1.68867602358071e-08
8.94998292497778e-09
4.74349095023823e-09
2.51405020362626e-09
1.33244660792192e-09
7.06196702198616e-10
3.74284252165267e-10
1.98370653647591e-10
1.05136446433223e-10
5.57223166096084e-11
2.95328278030925e-11
1.5652398735639e-11
8.29577132988867e-12
4.396758804841e-12
2.33028216656573e-12
1.23504954827984e-12
6.54576260588313e-13
3.46925418111806e-13
1.83870471599257e-13
9.74513499476063e-14
5.16492154722314e-14
2.73740842002826e-14
1.45082646261498e-14
7.68938025185939e-15
4.07537153348548e-15
2.1599469127473e-15
1.14477186375607e-15
6.06729087790718e-16
3.2156641652908e-16
1.70430200760413e-16
9.03280064030187e-17
4.78738433935999e-17
2.53731369986079e-17
1.34477626092622e-17
7.12731418290897e-18
3.77747651694176e-18
2.00206255397913e-18
1.06109315360894e-18
5.62379371412738e-19
2.98061066848751e-19
1.57972365429838e-19
8.37253536778142e-20
4.43744374492415e-20
2.3518451848098e-20
1.24647794794919e-20
6.60633312413073e-21
3.50135655578929e-21
1.85571897456832e-21
9.83531056521211e-22
5.21271459956242e-22
2.76273873776808e-22
1.46425153101708e-22
7.76053311439054e-23
4.11308255062699e-23
2.1799337518323e-23
1.15536488847112e-23
6.12343390889694e-24
3.24541997171538e-24
1.72007258500915e-24
9.1163847005485e-25
4.83168389129071e-25
2.56079246238407e-25
1.35722000506356e-25
7.19326602683687e-26
3.81243099422354e-26
2.02058842693848e-26
1.07091186627739e-26
5.67583289127018e-27
3.00819143237319e-27
1.59434145915779e-27
8.45000973353631e-28
4.47850515877424e-28
2.37360773415035e-28
1.25801209909968e-28
0.47
0.2491
0.132023
0.06997219
0.0370852607
0.019655188171
0.01041724973063
0.0055211423572339
0.00292620544933397
0.471550888888147
0.249921971110718
0.132458644688681
0.0702030816850007
0.0372076332930504
0.489720045645317
0.259551624192018
0.137562360821769
0.0729080512355378
0.038641267154835
0.0204798715920626
0.0108543319437932
0.00575279593021038
0.473048981843012
0.250715960376796
0.132879458999702
0.070426113269842
0.507325840033016
0.738882695217499
0.391607828465274
0.207552149086595
0.110002639015896
0.0583013986784247
0.0308997412995651
0.48637686288877
0.257779737331048
0.136623260785455
0.0724103282162913
0.0383774739546344
0.490340061195956
0.259880232433857
0.137736523189944
0.0730003572906704
0.0386901893640553
0.0205058003629493
0.0108680741923631
0.00576007932195246
0.00305284204063481
0.00161800628153645
0.000857543329214317
0.000454497964483588
0.000240883921176302
0.00012766847822344
6.76642934584231e-05
3.58620755329643e-05
1.90069000324711e-05
1.00736570172097e-05
5.33903821912112e-06
2.8296902561342e-06
1.49973583575112e-06
0.940000794859993
0.498200421275796
0.734046223276172
0.389044498336371
0.206193584118277
0.109282599582687
0.0579197777788239
0.0306974822227767
0.0162696655780716
0.00862292275637797
0.47457014906088
0.251522179002267
0.133306754871201
0.0706525800817367
0.0374458674433205
0.0198463097449598
0.480518544164829
0.254674828407359
0.1349776590559
0.0715381592996272
0.0379152244288024
0.0200950689472653
0.0106503865420506
0.00564470486728682
0.00299169357966202
0.471585597597221
0.249940366726527
0.132468394365059
0.540208249013482
0.286310371977145
0.151744497147887
0.0804245834883801
0.512625029248841
0.271691265501886
0.143996370716
0.0763180764794798
0.510448580534124
0.270537747683086
0.143385006272036
0.0759940533241788
0.0402768482618148
0.491346729578762
0.260413766676744
0.138019296338674
0.0731502270594973
0.508769620341534
0.269647898781013
0.612913386353937
0.324844094767587
0.172167370226821
0.0912487062202151
0.048361814296714
0.0256317615772584
0.013584833635947
0.477199961827052
0.722915979768338
0.383145469277219
0.203067098716926
0.107625562319971
0.0570415480295845
0.0302320204556798
0.0160229708415103
0.00849217454600046
0.47450085250938
0.721485451829972
0.382387289469885
0.202665263419039
0.107412589612091
0.0569286724944081
0.0301721964220363
0.485991264103679
0.25757536997495
0.136514946086724
0.0723529214259635
0.0383470483557606
0.0203239356285531
0.0107716858831332
0.00570899351806058
0.00302576656457211
0.471603656279223
0.249949937827988
0.132473467048834
0.0702109375358819
0.0372117968940174
0.0197222523538292
0.0104527937475295
0.00553998068619063
0.00293618976368104
0.00155618057475095
0.470824775704618
0.249537131123448
0.132254679495427
0.0700949801325764
0.0371503394702655
0.0196896799192407
0.0104355303571976
0.00553083108931472
0.472931340477337
0.250653610452989
0.132846413540084
0.0704085991762445
0.0373165575634096
0.0197777755086071
0.0104822210195618
0.475555577140368
0.252044455884395
0.133583561618729
0.0707992876579265
0.0375236224587011
0.0198875199031116
0.0105403855486491
0.00558640434078404
0.00296079430061554
0.00156922097932624
0.000831687119042906
0.00044079417309274
0.000233620911739152
0.000123819083221751
6.56241141075279e-05
3.47807804769898e-05
1.84338136528046e-05
0.470009769921236
0.249105178058255
0.132025744370875
0.0699736445165638
0.0370860315937788
0.0196555967447028
0.0104174662746925
0.00552125712558701
0.00292626627656112
0.00155092112657739
0.000821988197086018
0.00043565374445559
0.000230896484561462
0.000122375136817575
6.48588225133148e-05
3.43751759320569e-05
1.82188432439901e-05
9.65598691931477e-06
5.11767306723683e-06
2.71236672563552e-06
1.43755436458683e-06
7.61903813231018e-07
4.03809021012439e-07
2.14018781136593e-07
1.13429954002394e-07
6.01178756212689e-08
3.18624740792725e-08
1.68871112620144e-08
8.95016896886766e-09
4.74358955349986e-09
0.470000002514103
0.249100001332474
0.132023000706211
0.069972190374292
0.0370852608983748
0.0196551882761386
0.0104172497863535
0.00552114238676734
0.00292620546498669
0.00155088889644295
0.000821971115114762
0.000435644691010824
0.470230891686236
0.249222372593705
0.132087857474664
0.0700065644615717
0.037103479164633
0.0196648439572555
0.480422367297345
0.254623854667593
0.134950642973824
0.0715238407761269
0.0379076356113473
0.020091046874014
0.0106482548432274
0.00564357506691055
0.00299109478546259
0.00158528023629517
0.000840198525236442
0.000445305218375314
0.000236011765738916
0.000125086235841626
6.62957049960616e-05
3.51367236479127e-05
1.86224635333937e-05
9.86990567269867e-06
5.2310500065303e-06
2.77245650346106e-06
1.46940194683436e-06
7.78783031822211e-07
4.12755006865772e-07
2.18760153638859e-07
1.15942881428595e-07
6.14497271571555e-08
3.25683553932924e-08
1.7261228358445e-08
9.14845102997584e-09
0.470000004848679
0.2491000025698
0.132023001361994
0.0699721907218568
0.0370852610825841
0.0196551883737696
0.0104172498380979
0.00552114241419187
0.00292620547952169
0.0015508889041465
0.000821971119197644
0.000435644693174751
0.000230891687382618
0.000122372594312788
6.48574749857775e-05
3.43744617424621e-05
0.470018218464724
0.249109655786303
0.132028117566741
0.0699749023103726
0.0370866982244975
0.0196559500589837
0.0104176535312613
0.00552135637156852
0.00292631887693131
0.0015509490047736
0.000822002972530006
0.000435661575440903
0.000230900634983679
0.470122377336541
0.249164859988367
0.132057375793835
0.0699904091707323
0.0370949168604881
0.0196603059360587
0.0104199621461111
0.475522579937439
0.252026967366843
0.133574292704427
0.0707943751333461
0.0375210188206734
0.0198861399749569
0.0105396541867272
0.0055860167189654
0.00296058886105166
0.00156911209635738
0.000831629411069412
0.000440763587866788
0.000233604701569398
0.000123810491831781
6.56195606708439e-05
3.47783671555473e-05
0.470018432534592
0.249109769243334
0.132028177698967
0.0699749341804525
0.0370867151156399
0.0196559590112891
0.0104176582759832
0.475521358886271
1.19202632020972
0.631773949711154
0.334840193346911
0.177465302473863
0.564056610311148
0.298950003464908
0.158443501836401
0.553975055973293
0.763606779665845
0.404711593222898
0.684497144408136
0.362783486536312
0.192275247864245
0.10190588136805
0.0540101171250665
0.968625362076285
0.513371441900431
0.272086864207229
0.144206038029831
0.0764292001558105
0.0405074760825796
0.0214689623237672
0.0113785500315966
0.0060306315167462
0.00319623470387549
0.00169400439305401
0.000897822328318624
0.000475845834008871
0.000252198292024702
0.000133665094773092
7.08425002297387e-05
3.75465251217615e-05
1.98996583145336e-05
1.05468189067028e-05
5.58981402055249e-06
2.96260143089282e-06
1.57017875837319e-06
8.32194741937793e-07
0.470000441063213
0.249100233763503
0.132023123894657
0.069972255664168
0.037085295502009
0.0196552066160648
0.0104172595065143
0.0055211475384526
0.00292620819537988
0.471550890343551
0.249921971882082
0.602458645097504
0.319303081901677
0.169230633407889
0.0896922357061811
0.047536884924276
0.0251945490098663
0.0133531109752291
0.00707714881687143
0.00375088887294186
0.00198797110265919
0.00105362468440937
0.000558421082736965
0.000295963173850592
0.000156860482140814
0.470083136055535
0.249144062109433
0.132046352918
0.0699845670465399
0.507091820534666
0.268758664883373
0.142442092388188
0.0754943089657395
0.0400119837518419
0.0212063513884762
0.0112393662358924
0.475956864105023
0.252257137975662
0.133696283127101
0.0708590300573635
0.0375552859304027
0.0199043015431134
0.0105492798178501
0.00559111830346056
0.0029632927008341
0.471570545131442
0.719932388919664
0.381564166127422
0.202229008047534
0.577181374265193
0.305906128360552
0.162130248031093
0.0859290314564791
0.045542386671934
0.024137464936125
0.0127928564161462
0.00678021390055751
0.00359351336729548
0.00190456208466661
0.471009417904873
0.249634991489583
0.132306545489479
0.0701224691094238
0.0371649086279946
0.489697401572837
0.259539622833604
0.13755600010181
0.0729046800539593
0.0386394804285984
0.0204789246271572
0.480853830052393
0.724852529927768
0.384171840861717
0.67361107565671
0.357013870098056
0.18921735115197
0.100285196110544
0.0531511539385884
0.0281701115874518
0.0149301591413495
0.00791298434491522
0.00419388170280507
0.00222275730248669
0.00117806137031794
0.00062437252626851
0.00033091743892231
0.000175386242628824
9.2954708593277e-05
4.92659955544368e-05
2.61109776438515e-05
1.38388181512413e-05
7.33457362015789e-06
3.88732401868368e-06
2.06028172990235e-06
1.09194931684825e-06
5.78733137929571e-07
3.06728563102672e-07
0.470000162566138
0.249100086160053
0.132023045664828
0.069972214202359
0.0370852735272503
0.0196551949694426
0.0104172533338046
0.00552114426691644
0.00292620646146571
0.00155088942457683
0.000821971395025719
0.000435644839363631
0.000230891764862725
0.470122372635377
0.24916485749675
0.602057374473278
0.319090408470837
0.169117916489544
0.0896324957394582
0.0475052227419128
0.0251777680532138
0.0133442170682033
0.00707243504614776
0.00374839057445831
0.0019866470044629
0.00105292291236534
0.00055804914355363
0.470295766046083
0.249256756004424
0.132106080682345
0.0700162227616428
0.0371085980636707
0.0196675569737455
0.0104238051960851
0.0055246167539251
0.0029280468795803
0.00155186484617756
0.000822488368474107
0.000435918835291277
0.000231036982704377
0.00012244960083332
6.48982884416594e-05
3.43960928740795e-05
1.82299292232621e-05
9.66186248832893e-06
5.12078711881433e-06
2.7140171729716e-06
1.43842910167495e-06
7.62367423887722e-07
4.04054734660493e-07
2.14149009370061e-07
1.13498974966132e-07
6.01544567320502e-08
3.18818620679866e-08
1.68973868960329e-08
8.95561505489743e-09
4.74647597909564e-09
2.51563226892069e-09
1.33328510252797e-09
7.06641104339822e-10
3.74519785300106e-10
1.98495486209056e-10
1.052026076908e-10
5.57573820761238e-11
2.95514125003456e-11
1.56622486251832e-11
8.30099177134709e-12
4.39952563881396e-12
2.3317485885714e-12
0.470000000001236
0.249100000000655
0.602023000000347
0.319072190000184
0.169108260700098
0.0896273781710517
0.0475025104306574
0.0251763305282484
0.0133434551799717
0.00707203124538498
0.00374817656005404
0.00198653357682864
0.00105286279571918
0.000558017281731166
0.000295749159317518
0.000156747054438284
8.30759388522907e-05
4.40302475917141e-05
2.33360312236085e-05
1.23680965485125e-05
6.55509117071162e-06
3.47419832047716e-06
1.84132510985289e-06
9.75902308222034e-07
5.17228223357678e-07
2.74130958379569e-07
1.45289407941172e-07
7.70033862088211e-08
4.08117946906752e-08
2.16302511860578e-08
1.14640331286107e-08
6.07593755816365e-09
3.22024690582673e-09
1.70673086008817e-09
9.04567355846729e-10
4.79420698598767e-10
2.54092970257346e-10
1.34669274236394e-10
7.13747153452886e-11
3.7828599133003e-11
2.00491575404916e-11
1.06260534964605e-11
5.63180835312408e-12
2.98485842715576e-12
1.58197496639255e-12
8.38446732188054e-13
4.44376768059669e-13
2.35519687071624e-13
1.24825434147961e-13
6.61574800984193e-14
3.50634644521622e-14
1.8583636159646e-14
9.84932716461237e-15
5.22014339724456e-15
2.76667600053962e-15
1.466338280286e-15
7.77159288551578e-16
4.11894422932336e-16
2.18304044154138e-16
0.94
0.4982
0.264046
0.13994438
0.5441705214
0.288410376342
0.15285749946126
0.0810144747144678
0.0429376715986679
0.022756965947294
0.482061191952066
0.255492431734595
0.135410988819335
0.0717678240742477
0.508036946759351
0.269259581782456
0.142707578344702
0.075635016522692
0.510086558757027
0.270345876141224
0.143283314354849
0.0759401566080699
0.0402482830022771
0.0213315899912068
0.48130574269534
0.25509204362853
0.135198783123121
0.541655355055254
0.287077338179285
0.152150989235021
0.0806400242945611
0.0427392128761174
0.0226517828243422
0.0120054448969014
0.00636288579535773
0.0033723294715396
0.00178733461991599
0.000947287348555472
0.0005020622947344
0.470266093016209
0.249241029298591
0.132097745528253
0.0700118051299742
0.0371062567188863
0.0196663160610098
0.0104231475123352
0.00552426818153764
0.00292786213621495
0.00155176693219392
0.000822436474062779
0.000435891331253273
0.000231022405564235
0.000122441874949044
6.48941937229936e-05
3.43939226731866e-05
1.82287790167889e-05
0.470009661252879
0.249105120464026
0.132025713845934
0.0699736283383449
0.0370860230193228
0.0196555922002411
0.0104174638661278
0.00552125584904772
0.00292626559999529
0.471550920767998
0.719921988007039
0.381558653643731
0.202226086431177
0.107179825808524
0.0568053076785177
0.500106813069614
0.265056610926896
0.140480003791255
0.074454402009365
0.0394608330649635
0.0209142415244306
0.481084548007948
0.254974810444213
0.135136649535433
0.0716224242537793
0.0379598848545031
0.0201187389728866
0.0106629316556299
0.00565135377748385
0.00299521750206644
0.471587465276095
0.24994135659633
0.132468918996055
0.0702085270679092
0.0372105193459919
0.0197215752533757
0.0104524348842891
0.945539790488673
0.501136088958997
0.265602127148268
0.140769127388582
0.0746076375159486
0.0395420478834528
0.02095728537823
0.0111073612504619
0.0058869014627448
0.473120057775255
0.250753630620885
0.132899424229069
0.0704366948414066
0.0373314482659455
0.489785667580951
0.259586403817904
0.137580794023489
0.0729178208324493
0.0386464450411981
0.020482615871835
0.0108557864120726
0.00575356679839845
0.00304939040315118
0.00161617691367013
0.470856573764245
0.24955398409505
0.132263611570376
0.0700997141322996
0.0371528484901188
0.0196910096997629
0.0104362351408744
0.00553120462466341
0.00293153845107161
0.00155371537906795
0.000823469150906015
0.000436438649980188
0.0002313124844895
0.470122595616779
0.719164975676893
0.851157437108753
0.451113441667639
0.239090124083849
0.12671776576444
0.0671604158551532
0.0355950204032312
0.0188653608137125
0.00999864123126764
0.00529927985257185
0.00280861832186308
0.471488567710587
0.249888940886611
0.132441138669904
0.0701938034950491
0.037202715852376
0.0197174394017593
0.0104502428829324
0.00553862872795419
0.00293547322581572
0.00155580080968233
0.000824574429131636
0.000437024447439767
0.000231622957143077
0.000122760167285831
6.50628886614902e-05
3.44833309905898e-05
1.82761654250126e-05
0.470009686367675
0.249105133774868
0.13202572090068
0.0699736320773604
0.037086025001001
0.0196555932505305
0.0104174644227812
0.00552125614407403
0.00292626575635924
0.00155092085087039
0.000821988050961309
0.000435653667009494
0.000230896443515032
0.000122375115062967
6.48588109833724e-05
3.43751698211874e-05
1.82188400052293e-05
9.65598520277154e-06
5.11767215746892e-06
2.71236624345853e-06
1.43755410903302e-06
7.619036777875e-07
4.03808949227375e-07
2.14018743090509e-07
1.1342993383797e-07
6.01178649341239e-08
3.18624684150857e-08
1.68871082599954e-08
8.95016737779757e-09
4.74358871023271e-09
2.51410201642334e-09
1.33247406870437e-09
7.06211256413315e-10
3.74291965899057e-10
1.983747419265e-10
1.05138613221045e-10
5.57234650071539e-11
2.95334364537916e-11
1.56527213205095e-11
8.29594229987006e-12
4.39684941893113e-12
2.3303301920335e-12
1.23507500177775e-12
6.5458975094221e-13
3.46932567999371e-13
1.83874261039667e-13
9.74533583510234e-14
5.16502799260424e-14
2.73746483608025e-14
1.45085636312253e-14
7.68953872454942e-15
4.07545552401119e-15
2.15999142772593e-15
1.14479545669474e-15
6.06741592048215e-16
3.21573043785554e-16
1.70433713206343e-16
9.0329867999362e-17
4.78748300396619e-17
2.53736599210208e-17
1.3448039758141e-17
7.12746107181474e-18
3.77755436806181e-18
2.00210381507276e-18
1.06111502198856e-18
5.62390961653939e-19
2.98067209676588e-19
1.57975621128591e-19
8.37270791981535e-20
4.43753519750213e-20
2.35189365467613e-20
1.24650363697835e-20
6.60646927598525e-21
3.50142871627218e-21
1.85575721962426e-21
9.83551326400857e-22
5.21282202992454e-22
2.76279567586001e-22
1.4642817082058e-22
7.76069305349076e-23
4.1131673183501e-23
2.17997867872555e-23
1.15538869972454e-23
6.12356010854008e-24
3.24548685752625e-24
1.72010803448891e-24
9.11657258279122e-25
4.83178346887935e-25
2.56084523850605e-25
1.35724797640821e-25
7.19341427496351e-26
3.81250956573066e-26
2.02063006983725e-26
1.07093393701374e-26
5.67594986617284e-27
3.0082534290716e-27
1.59437431740795e-27
8.45018388226213e-28
4.47859745759893e-28
2.37365665252743e-28
1.25803802583954e-28
6.66760153694956e-29
3.53382881458327e-29
1.87292927172913e-29
9.9265251401644e-30
5.26105832428713e-30
2.78836091187218e-30
1.47783128329226e-30
7.83250580144896e-31
4.15122807476795e-31
2.20015087962701e-31
1.16607996620232e-31
6.18022382087228e-32
3.27551862506231e-32
1.73602487128302e-32
0.47
0.2491
0.132023
0.06997219
0.0370852607
0.019655188171
0.01041724973063
0.0055211423572339
0.00292620544933397
0.001550888888147
0.000821971110717912
0.000435644688680493
0.000230891685000661
0.000122372593050351
6.48574743166858e-05
3.43744613878435e-05
0.470018218464536
0.719109655786204
0.381128117566688
0.201997902310345
0.107058888224483
0.0567412107589758
0.0300728417022572
0.485938606102196
0.257547461234164
0.136500154454107
0.542345081860677
0.287442893386159
0.622344733494664
0.329842708752172
0.174816635638651
0.0926528168884851
0.0491059929508971
0.496026176263975
0.262893873419907
0.139333752912551
0.0738468890436519
0.0391388511931355
0.0207435911323618
0.0109941033001518
0.00582687474908043
0.473088243617013
0.720736769117017
0.381990487632019
0.20245495844497
0.107301127975834
0.0568695978271921
0.0301408868484118
0.0159746700296583
0.00846657511571888
0.00448728481133101
0.00237826095000543
0.00126047830350288
0.470668053500857
0.249454068355454
0.602210656228391
0.319171647801047
0.169160973334555
0.0896553158673141
0.517517317409677
0.274284178227129
0.615370614460378
0.796146425664001
0.42195760560192
0.223637530969018
0.118527891413579
0.0628197824491971
0.0332944846980745
0.0176460768899795
0.00935242075168912
0.474956782998395
0.72172709498915
0.382515360344249
0.202733140982452
0.1074485647207
0.0569477393019708
0.0301823018300445
0.0159966199699236
0.00847820858405951
0.00449345054955154
0.942381528791262
0.499462210259369
0.264714971437466
0.610298934861857
0.323458435476784
0.171432970802696
0.0908594745254287
0.0481555214984772
0.0255224263941929
0.483526885988922
0.256269249574129
0.605822702274288
0.321086032205373
0.170175597068848
0.0901930664464892
0.517802325216639
0.274435232364819
0.145450673153354
0.0770888567712776
0.510857094088777
0.270754259867052
0.143499757729537
0.0760548715966549
0.0403090819462271
0.0213638134315004
0.0113228211186952
0.00600109519290845
0.00318058045224148
0.00168570763968798
0.470893425049035
0.249573515275988
0.132273963096274
0.540105200441025
0.286255756233743
0.151715550803884
0.0804092419260585
0.042616898220811
0.0225869560570298
0.0119710867102258
0.00634467595641968
0.00336267825690243
0.00178221947615829
0.000944576322363893
0.470500625450853
0.249365331488952
0.132163625689145
0.0700467216152467
0.0371247624560807
0.0196761241017228
0.480428345773913
0.254627023260174
0.604952322327892
0.320624730833783
0.169931107341905
0.0900634868912096
0.517733648052341
0.274398833467741
0.145431381737903
0.0770786323210884
0.980851675130177
0.989851387818994
0.994621235544067
0.527149254838356
0.279389105064328
0.148076225684094
0.0784803996125699
0.041594611794662
0.0220451442511709
0.0116839264531206
0.476192481020154
0.252382014940682
0.133762467918561
0.0708941079968375
0.507573877238324
0.269014154936312
0.142577502116245
0.07556607612161
0.0400500203444533
0.0212265107825602
0.0112500507147569
0.00596252687882117
0.00316013924577522
0.00167487380026087
0.00088768311413826
0.000470472050493278
0.000249350186761437
0.000132155598983562
7.00424674612877e-05
0.470037122507755
0.24911967492911
0.132033427712428
0.069977716687587
0.0370881898444211
0.0196567406175432
0.0104180725272979
0.00552157843946788
0.00292643657291798
0.00155101138364653
0.00082203603333266
0.00043567909766631
0.470230909921763
0.719222382258535
0.381187862597023
0.202029567176422
0.577075670603504
0.305850105419857
0.162100555872524
0.0859132946124379
0.515534046144592
0.743233044456634
0.393913513562016
0.208774162187868
0.11065030595957
0.0586446621585723
0.0310816709440433
0.016473285600343
0.478730841368182
0.253727345925136
0.134475493340322
0.0712720114703708
0.0377741660792965
0.0200203080220272
0.0106107632516744
0.00562370452338743
0.00298056339739534
0.00157969860061953
0.000837240258328351
0.000443737336914026
0.000235180788564434
0.00012464581793915
6.60622835077494e-05
3.50130102591072e-05
1.85568954373268e-05
9.83515458178321e-06
5.2126319283451e-06
2.76269492202291e-06
1.46422830867214e-06
0.470000776041004
0.249100411301732
0.132023217989918
0.0699723055346565
0.0370853219333679
0.019655220624685
0.0104172669310831
0.00552115147347402
0.00292621028094123
0.00155089144889885
0.000821972467916392
0.000435645407995688
0.000230892066237714
0.000122372795105989
6.4857581406174e-05
3.43745181452722e-05
1.82184946169943e-05
9.65580214700697e-06
5.11757513791369e-06
2.71231482309426e-06
1.43752685623996e-06
7.61889233807177e-07
4.03801293917804e-07
2.14014685776436e-07
1.13427783461511e-07
6.01167252346009e-08
3.18618643743385e-08
1.68867881183994e-08
8.94999770275168e-09
4.74349878245839e-09
2.51405435470295e-09
1.33244880799256e-09
7.06197868236058e-10
3.74284870165111e-10
0.470000000198371
0.249100000105137
0.132023000055722
0.0699721900295329
0.0370852607156524
0.0196551881792958
0.0104172497350268
0.00552114235956419
0.00292620545056902
0.00155088888880158
0.000821971111064838
0.000435644688864364
0.000230891685098113
0.000122372593102
6.48574743440599e-05
3.43744614023518e-05
1.82184645432464e-05
9.65578620792061e-06
5.11756669019793e-06
2.7123103458049e-06
1.4375244832766e-06
7.61887976136597e-07
4.03800627352396e-07
2.1401433249677e-07
1.13427596223288e-07
6.01166259983427e-08
0.470000031861812
0.24910001688676
0.132023008949983
0.069972194743491
0.50708526321405
0.268755189503447
0.142440250436827
0.545493332731518
0.289111466347705
0.153229077164283
0.0812114108970703
0.0430420477754472
0.022812285320987
0.0120905112201231
0.00640797094666526
0.00339622460173259
0.00179999903891827
0.000953999490626684
0.000505619730032142
0.000267978456917036
0.470142028582166
0.719175275148548
0.38116289582873
0.202016334789227
0.10706865743829
0.0567463884422939
0.0300755858744158
0.48594006051344
0.257548232072123
0.136500562998225
0.0723452983890595
0.0383430081462015
0.0203217943174868
0.010770550988268
0.475708392023782
0.722125447772604
0.38272648731948
0.202845038279325
0.107507870288042
0.0569791712526623
0.030198960763911
0.0160054492048728
0.0084828880785826
0.00449593068164878
0.00238284326127385
0.00126290692847514
0.000669340672091826
0.000354750556208668
0.470188017794791
0.249199649431239
0.132075814198557
0.070000181525235
0.0371000962083746
0.489663050990439
0.259521417024932
0.137546351023214
0.0728995660423035
0.0386367700024209
0.490477488101283
0.25995306869368
0.607775126407651
0.322120816996055
0.640724033007909
0.339583737494192
0.179979380871922
0.0953890718621185
0.0505562080869228
0.0267947902860691
0.0142012388516166
0.00752665659135681
0.00398912799341911
0.472114237836512
1.19022054605335
0.630816889408276
0.804332951386386
1.36629646423479
0.724137126044436
0.383792676803551
0.203410118705882
0.577807362914118
0.306237902344482
0.632306088242576
0.335122226768565
0.17761478018734
0.56413583349929
0.298991991754624
0.158465755629951
0.0839868504838738
0.0445130307564531
0.0235919063009202
0.0125037103394877
0.00662696647992847
0.00351229223436209
0.00186151488421191
0.000986602888632311
0.000522899530975125
0.000277136751416816
0.000146882478250913
7.78477134729837e-05
4.12592881406814e-05
0.470021867422715
0.249111589734039
0.132029142559041
0.0699754455562915
0.507086986144834
0.268756102656762
0.142440734408084
0.0754935892362845
0.0400116022952308
0.491206149216472
0.26033925908473
0.137979807314907
0.0731292978769008
0.0387585278747574
0.0205420197736214
0.0108872704800194
0.00577025335441026
0.00305823427783744
0.00162086416725384
0.000859058008644536
0.470455300744582
0.249341309394628
0.132150893979153
0.0700399738089511
0.0371211861187441
0.0196742286429344
0.0104273411807552
0.00552649082580026
0.00292904013767414
0.00155239127296729
0.000822767374672666
0.000436066708576513
0.000231115355545552
0.000122491138439142
6.49203033727455e-05
3.44077607875551e-05
1.82361132174042e-05
9.66514000522423e-06
0.470005122524203
0.249102714937827
0.132024438917049
0.0699729526260357
0.0370856648917989
0.489655402392653
0.259517363268106
0.137544202532096
0.0728984273420111
0.508636166491266
0.269577168240371
0.142875899167397
0.54572422655872
0.759233840076122
0.402393935240345
0.213268785677383
0.113032456409013
0.0599072018967768
0.0317508170052917
0.0168279330128046
0.00891880449678644
0.00472696638329681
0.00250529218314731
0.00132780485706807
0.00070373657424608
0.47037298038435
0.719297679603706
0.381227770189964
0.202050718200681
0.107086880646361
0.0567560467425713
0.0300807047735628
0.0159427735299883
0.00844966997089379
0.00447832508457371
0.00237351229482407
0.00125796151625675
0.00066671960361608
0.000353361389916523
0.000187281536655757
9.92592144275512e-05
5.26073836466021e-05
2.78819133326991e-05
1.47774140663305e-05
7.83202945515519e-06
4.15097561123225e-06
2.20001707395309e-06
1.16600904919514e-06
6.17984796073424e-07
3.27531941918914e-07
1.73591929217025e-07
9.20037224850231e-08
4.87619729170622e-08
2.5843845646043e-08
1.36972381924028e-08
7.25953624197348e-09
3.84755420824594e-09
2.03920373037035e-09
1.08077797709629e-09
5.72812327861031e-10
0.470000000303591
0.249100000160903
0.132023000085279
0.0699721900451977
0.0370852607239548
0.019655188183696
0.0104172497373589
0.00552114236080021
0.00292620545122411
0.00155088888914878
0.000821971111248853
0.000435644688961892
0.000230891685149803
0.000122372593129396
6.48574743585797e-05
3.43744614100472e-05
1.8218464547325e-05
0.47000965578621
0.249105117566691
0.602025712310347
0.319073627524484
0.169109022587976
0.0896277819716275
0.0475027244449626
0.0251764439558302
0.01334351529659
0.00707206310719269
0.00374819344681213
0.00198654252681043
0.00105286753920953
0.000558019795781049
0.470295750491764
0.249256747760635
0.132106076313137
0.0700162204459624
0.0371085968363601
0.0196675563232708
0.0104238048513335
0.00552461657120678
0.00292804678273959
0.00155186479485198
0.000822488341271552
0.000435918820873922
0.000231036975063179
0.000122449596783485
6.48982862952469e-05
3.43960917364809e-05
0.47001822992862
0.249109661862169
0.132028120786949
0.0699749040170832
0.0370866991290541
0.0196559505383987
0.0104176537853513
0.00552135650623619
0.00292631894830518
0.00155094904260175
0.000822002992578925
0.00043566158606683
0.00023090064061542
0.000122377339526173
6.48599899488715e-05
3.43757946729019e-05
1.8219171176638e-05
0.470009656160724
0.249105117765184
0.132025712415547
0.0699736275802401
0.0370860226175272
0.0196555919872894
0.0104174637532634
0.0055212557892296
0.00292626556829169
0.0015509207511946
0.000821987998133136
0.000435653639010562
0.000230896428675598
0.000122375107198067
6.48588068149754e-05
3.4375167611937e-05
1.82188388343266e-05
9.6559845821931e-06
5.11767182856234e-06
2.71236606913804e-06
1.43755401664316e-06
7.61903628820876e-07
4.03808923275064e-07
2.14018729335784e-07
1.13429926547966e-07
6.01178610704218e-08
3.18624663673235e-08
1.68871071746815e-08
8.95016680258118e-09
0.470000004743588
0.249100002514102
0.132023001332474
0.0699721907062112
0.0370852610742919
0.0196551883693747
0.0104172498357686
0.00552114241295736
0.0029262054788674
0.00155088890379972
0.470821971119014
0.249535644693077
0.132253891687331
0.0700945625942854
0.0371501181749713
0.0196895626327348
0.0104354681953494
0.0055307981435352
0.00293132301607366
0.00155360119851904
0.00082340863521509
0.470436406576664
0.249331295485632
0.132145586607385
0.070037160901914
0.0371196952780144
0.0196734384973477
0.0104269224035943
0.00552626887390496
0.00292892250316963
0.0015523289266799
0.000822734331140348
0.000436049195504385
0.000231106073617324
0.470122486219017
0.249164917696079
0.132057406378922
0.0699904253808286
0.507094925451839
0.268760310489475
0.142442964559422
0.0754947712164935
0.510012228744742
0.270306481234713
0.613262435054398
0.325029090578831
0.17226541800678
0.0913006715435936
0.518389355918105
0.274746358636595
0.615615570077396
0.79627625214102
0.42202641363474
0.223673999226412
0.588547219589999
0.311930026382699
0.635322913982831
0.3367211444109
0.648462206537777
0.343684969465022
0.182153033816462
0.0965411079227247
0.0511667871990441
0.0271183972154934
0.0143727505242115
0.00761755777783208
0.004037305622251
0.00213977197979303
0.00113407914929031
0.000601061949123863
0.000318562833035647
0.000168838301508893
8.94842997997133e-05
4.74266788938481e-05
2.51361398137395e-05
0.470013322154101
0.249107060741674
0.132026742193087
0.0699741733623361
0.507086311882038
0.26875574529748
0.142440545007665
0.0754934888540622
0.040011549092653
0.0212061210191061
0.0112392441401262
0.475956799394267
0.252257103678961
0.13369626494985
0.0708590204234203
0.0375552808244128
0.0199042988369388
0.0105492783835775
0.475591117543296
0.252063292297947
0.133593544917912
0.0708045788064933
0.0375264267674415
0.019889006186744
0.0105411732789743
0.00558682183785638
0.00296101557406388
0.00156933825425386
0.470831749274755
0.24954082711562
0.602256638371279
0.319196018336778
0.169173889718492
0.0896621615508009
0.0475209456219245
0.02518610117962
0.0133486336251986
0.00707477582135525
0.00374963118531828
0.00198730452821869
0.00105327139995591
0.470558233841977
0.249395863936248
0.132179807886211
0.070055298179692
0.0371293080352367
0.0196785332586755
0.480429622627098
0.724627699992362
0.384052680995952
0.203547920927854
0.577880398091763
0.306276610988634
0.162326603823976
0.556033100026707
0.764697543014155
0.875289697797502
0.933903539832676
0.964968876111318
0.511433504338999
0.271059757299669
1.08366167136882
0.574340685825477
0.304400563487503
0.161332298648377
0.0855061182836396
0.045318242690329
0.0240186686258744
0.0127298943717134
0.00674684401700811
0.0035758273290143
0.00189518848437758
0.00100444989672012
0.000532358445261662
0.000282149975988681
0.000149539487274001
7.92559282552204e-05
4.20056419752668e-05
2.22629902468914e-05
1.17993848308524e-05
6.2536739603518e-06
3.31444719898645e-06
1.75665701546282e-06
9.31028218195295e-07
4.93444955643506e-07
2.61525826491058e-07
0.470000138608688
0.719100073462605
0.381123038935181
0.201995210635646
0.107057461636892
0.0567404546675529
0.030072440973803
0.0159383937161156
0.00844734866954127
0.00447709479485687
0.00237286024127414
0.0012576159278753
0.000666536441773907
0.000353264314140171
0.470187230086494
0.249199231945842
0.132075592931296
0.070000064253587
0.0371000340544011
0.0196630180488326
0.0104213995658813
0.00552334176991708
0.00292737113805605
0.00155150670316971
0.47082229855268
0.24953581823292
0.132253983663448
0.0700946113416274
0.0371501440110625
0.0196895763258631
0.0104354754527075
0.00553080198993495
0.00293132505466552
0.00155360227897273
0.000823409207855546
0.000436406880163439
0.000231295646486623
0.00012258669263791
6.49709470980924e-05
3.4434601961989e-05
1.82503390398541e-05
9.6726796911227e-06
0.470005126520236
0.249102717055725
0.132024440039534
0.0699729532209532
0.0370856652071052
0.0196554025597658
0.0104173633566759
0.0055212025790382
0.00292623736689025
0.00155090580445183
0.000821980076359471
0.00043564944047052
0.000230894203449375
0.000122373927828169
6.48581817489296e-05
3.43748363269327e-05
1.82186632532743e-05
9.65589152423539e-06
5.11762250784475e-06
2.71233992915772e-06
1.43754016245359e-06
7.61896286100404e-07
4.03805031633214e-07
2.14016666765603e-07
1.1342883338577e-07
6.0117281694458e-08
3.18621592980627e-08
1.68869444279733e-08
8.95008054682583e-09
4.74354268981769e-09
2.51407762560337e-09
1.33246114156979e-09
7.06204405031988e-10
3.74288334666954e-10
1.98372817373485e-10
1.05137593207947e-10
5.57229244002121e-11
2.95331499321124e-11
1.56525694640196e-11
8.29586181593037e-12
4.3968067624431e-12
2.33030758409484e-12
1.23506301957027e-12
6.54583400372241e-13
3.46929202197288e-13
1.83872477164563e-13
9.74524128972182e-14
5.16497788355256e-14
2.73743827828286e-14
1.45084228748991e-14
7.68946412369655e-15
4.07541598555917e-15
2.15997047234636e-15
1.14478435034357e-15
6.06735705682093e-16
3.21569924011509e-16
1.704320597261e-16
9.03289916548329e-17
4.78743655770615e-17
2.53734137558426e-17
1.34479092905966e-17
7.12739192401618e-18
3.77751771972858e-18
2.00208439145615e-18
1.06110472747176e-18
5.62385505560031e-19
2.98064317946817e-19
1.57974088511813e-19
8.37262669112608e-20
4.43749214629682e-20
2.35187083753732e-20
1.24649154389478e-20
0.47
0.2491
0.602023
0.31907219
0.1691082607
0.089627378171
0.04750251043063
0.495176330528234
0.262443455179964
0.609095031245381
0.322820366560052
0.171094794276828
0.0906802409667186
0.0480605277123609
0.0254720796875513
0.0135002022344022
0.00715510718423315
0.00379220680764357
0.00200986960805109
0.00106523089226708
0.000564572372901552
0.000299223357637822
0.000158588379548046
0.47008405184116
0.249144547475815
0.132046610162182
0.0699847033859565
0.0370918927945569
0.0196587031811152
0.010419112685991
0.945522129723575
0.501126728753495
0.265597166239352
0.140766498106857
0.0746062439966341
0.0395413093182161
0.0209568939386545
0.481107153787487
0.724986791507368
0.854242999498905
0.92274878973442
0.489056858559243
0.259200135036399
0.137376071569291
0.0728093179317244
0.0385889385038139
0.0204521374070214
0.0108396328257213
0.0057450053976323
0.00304485286074512
0.00161377201619491
0.000855299168583305
0.470453308559349
0.249340253536455
0.132150334374321
0.0700396772183902
0.0371210289257468
0.0196741453306458
0.0104272970252423
0.00552646742337841
0.472929027734391
0.250652384699227
1.07284576389059
1.03860825486201
0.550462375076867
0.291745058790739
0.154624881159092
0.551951187014319
0.292534129117589
0.625043088432322
0.331272836869131
0.175574603540639
0.563054539876539
0.298418906134566
0.62816202025132
0.3329258707332
0.176450711488596
0.0935188770889558
0.0495650048571466
0.0262694525742877
0.483922809864373
0.256479089228117
0.135933917290902
0.0720449761641782
0.0381838373670145
0.0202374338045177
0.0107258399163944
0.00568469515568901
0.00301288843251518
0.00159683086923304
0.470846320360694
0.249548549791168
0.132260731389319
0.070098187636339
0.0371520394472597
0.0196905809070476
0.0104360078807352
0.00553108417678968
0.472931474613699
0.25065368154526
0.132846451218988
0.0704086191460636
0.0373165681474137
0.0197777811181293
0.0104822239926085
0.00555557871608251
0.00294445671952373
0.00156056206134758
0.000827097892514216
0.000438361883032535
0.000232331798007243
0.000123135852943839
6.52620020602347e-05
3.45888610919244e-05
1.83320963787199e-05
9.71601108072156e-06
5.14948587278243e-06
2.72922751257469e-06
1.44649058166458e-06
7.66640008282229e-07
4.06319204389582e-07
2.15349178326478e-07
0.470000114135065
0.249100060491584
0.13202303206054
0.069972206992086
0.0370852697058056
0.019655192944077
0.0104172522603608
0.00552114369799122
0.00292620615993535
0.00155088926476573
0.000821971310325839
0.470435644794473
0.249330891741071
0.132145372622767
0.0700370474900667
0.0371196351697354
0.48967340663996
0.259526905519179
0.137549259925165
0.0729011077603373
0.0386375871129788
0.0204779211698787
0.480853298220036
0.254852248056619
0.135071691470008
0.541587996479104
1.22704163813393
0.65033206821098
0.34467599615182
0.182678277960464
0.0968194873190461
0.0513143282790945
0.0271965939879201
0.0144141948135976
0.00763952325120675
0.00404894732313958
0.00214594208126398
0.47113734930307
0.249702795130627
0.132342481419232
0.0701415151521931
0.507175003030662
0.268802751606251
0.142465458351313
0.075506692926196
0.0400185472508839
0.961209830042968
0.509441209922773
0.27000384125907
0.613102035867307
0.324944079009673
0.642220361875127
0.340376791793817
0.180399699650723
0.0956118408148832
0.0506742756318881
0.0268573660849007
0.0142344040249974
0.00754423413324861
0.00399844409062176
0.00211917536802953
0.00112316294505565
0.000595276360879496
0.000315496471266133
0.00016721312977105
8.86229587786568e-05
4.69701681526881e-05
2.48941891209247e-05
1.31939202340901e-05
6.99277772406775e-06
3.70617219375591e-06
0.470001964271263
0.719101041063769
0.381123551763798
0.671995482434813
0.356157605690451
0.188763531015939
0.100044671438448
0.0530236758623773
0.0281025482070599
0.0148943505497418
0.00789400579136314
0.00418382306942246
0.00221742622679391
0.00117523590020077
0.000622875027106408
0.000330123764366396
0.00017496559511419
9.27317654105207e-05
4.9147835667576e-05
2.60483529038153e-05
1.38056270390221e-05
7.31698233068171e-06
3.87800063526131e-06
2.05534033668849e-06
1.0893303784449e-06
5.77345100575798e-07
3.05992903305173e-07
1.62176238751742e-07
8.59534065384231e-08
0.470000045555306
0.249100024144312
0.132023012796485
0.0699721967821372
0.0370852642945327
0.0196551900761023
0.0104172507403342
0.00552114289237715
0.00292620573295989
0.00155088903846874
0.000821971190388433
0.00043564473090587
0.000230891707380111
0.000122372604911459
6.48574806030732e-05
3.43744647196288e-05
1.82184663014033e-05
9.65578713974372e-06
5.11756718406417e-06
2.71231060755401e-06
1.43752462200363e-06
7.61888049661922e-07
4.03800666320819e-07
2.14014353150034e-07
1.13427607169518e-07
6.01166317998445e-08
3.18618148539176e-08
1.68867618725763e-08
8.94998379246546e-09
4.74349141000669e-09
2.51405044730355e-09
1.33244673707088e-09
7.06196770647567e-10
3.7428428844321e-10
1.98370672874901e-10
0.470000000105136
0.249100000055722
0.132023000029533
0.0699721900156524
0.0370852607082958
0.0196551881753968
0.0104172497329603
0.00552114235846895
0.00292620544998854
0.00155088888849393
0.000821971110901782
0.000435644688777945
0.000230891685052311
0.000122372593077725
6.48574743311941e-05
3.43744613955329e-05
1.82184645396324e-05
9.65578620600518e-06
5.11756668918275e-06
2.71231034526686e-06
1.43752448299143e-06
7.6188797598546e-07
4.03800627272294e-07
2.14014332454316e-07
1.13427596200787e-07
6.01166259864173e-08
3.18618117728012e-08
1.68867602395846e-08
8.94998292697985e-09
4.74349095129932e-09
2.51405020418864e-09
1.33244660821998e-09
7.06196702356589e-10
3.74284252248992e-10
1.98370653691966e-10
1.05136446456742e-10
5.57223166220732e-11
2.95328278096988e-11
1.56523987391404e-11
8.2957713317444e-12
4.39675880582453e-12
2.330282167087e-12
1.23504954855611e-12
6.54576260734739e-13
0.470000000000347
0.249100000000184
0.132023000000097
0.0699721900000517
0.0370852607000274
0.0196551881710145
0.480417249730638
0.254621142357238
0.134949205449336
0.0715230788881482
0.0379072318107185
0.0200908328596808
0.0106481414156308
0.475643514950284
0.252091062923651
0.133608263349535
0.0708123795752535
0.507530561174884
0.268991197422689
0.142565334634025
0.0755596273560333
0.0400466024986976
0.0212246993243097
0.0112490906418842
0.00596201804019861
0.00315986956130526
0.00167473086749179
0.000887607359770648
0.000470431900678444
0.000249328907359575
0.000132144320900575
0.470070036490077
0.719137119339741
0.381142673250063
0.672005616822533
0.356162976915943
0.18876637776545
1.04004618021569
0.551224475514315
0.762148972022587
0.403938955171971
0.684087646241145
0.362566452507807
0.192160219829138
0.101844916509443
0.0539778057500048
0.498608237047503
0.734262365635176
0.389159053786643
0.206254298506921
0.579314778208668
0.307036832450594
0.162729521198815
0.0862466462353719
0.515710722504747
0.743326682927516
0.393963141951583
0.678800465234339
0.3597642465742
0.660675050684326
0.350157776862693
0.185583621737227
0.0983593195207304
0.0521304393459871
0.0276291328533732
0.0146434404122878
0.00776102341851252
0.00411334241181164
0.00218007147826017
0.00115543788347789
0.000612382078243281
0.470324562501469
0.249272018125779
0.132114169606663
0.540020509891531
0.286210870242512
0.151691761228531
0.0803966334511215
0.0426102157290944
0.02258341433642
0.0119692095983026
0.00634368108710039
0.00336215097616321
0.471781940017367
0.720044428209204
0.381623546950878
0.202260479883965
0.107198054338502
0.0568149687994059
0.0301119334636851
0.0159593247357531
0.478458442109949
0.723582974318273
0.383498976388685
0.203254457486003
0.107724862467582
0.0570941771078182
0.0302599138671437
0.0160377543495861
0.00850000980528066
0.00450500519679875
0.00238765275430334
0.00126545595978077
0.000670691658683807
0.000355466579102418
0.000188397286924281
9.98505620698692e-05
5.29207978970307e-05
2.80480228854263e-05
1.48654521292759e-05
7.87868962851624e-06
4.17570550311361e-06
2.21312391665021e-06
1.17295567582461e-06
6.21666508187044e-07
3.29483249339134e-07
0.470000174626122
0.249100092551845
1.54202304905248
1.28727221599781
0.682254274478841
1.30159476547379
0.689845225701107
0.365617969621586
0.193777523899441
0.572702087666704
0.773532106463353
0.409972016425577
0.217285168705556
0.115161139413945
0.0610354038893907
0.0323487640613771
0.0171448449525298
0.00908676782484081
0.00481598694716563
0.00255247308199778
0.00135281073345883
0.000716989688733178
0.000380004535028584
0.00020140240356515
0.000106743273889529
5.65739351614505e-05
2.99841856355688e-05
0.470015891618387
0.249108422557745
0.132027463955605
0.0699745558964706
0.507086514625129
0.738755852751319
0.391540601958199
0.207516519037845
0.109983755090058
0.528291390197731
0.279994436804797
0.148397051506543
0.548650437298468
0.290784731768188
0.15411590783714
0.081681431153684
0.0432911585114525
0.49294431401107
0.261260486425867
0.13846805780571
0.0733880706370261
0.0388956774376238
0.0206147090419406
0.0109257957922285
0.00579067176988112
0.00306905603803699
0.00162659970015961
0.000862097841084592
0.000456911855774834
0.000242163283560662
0.000128346540287151
6.80236663521899e-05
3.60525431666607e-05
1.91078478783302e-05
1.0127159375515e-05
5.36739446902294e-06
2.84471906858216e-06
1.50770110634854e-06
7.99081586364728e-07
4.23513240773306e-07
0.470000224462018
0.249100118964869
0.132023063051381
0.0699722234172318
0.507085278411133
0.2687551975579
0.142440254705687
0.545493334994014
0.759111467546828
0.402329077799819
0.213234411233904
0.113014237953969
0.0598975461156036
0.0317456994412699
0.0168252207038731
0.00891736697305272
0.474726204495718
0.251604888382731
0.133350590842847
0.070675813146709
0.0374581809677558
0.0198528359129106
0.0105220030338426
0.00557666160793658
0.00295563065220639
0.00156648424566939
0.000830236650204774
0.00044002542460853
0.000233213475042521
0.470123603141773
0.249165509665139
0.132057720122524
0.0699905916649377
0.037095013582417
0.019660357198681
0.0104199893153009
0.00552259433710949
0.00292697499866803
0.00155129674929406
0.00082218727712585
0.000435759256876701
0.000230952406144651
0.000122404775256665
6.48745308860326e-05
3.43835013695973e-05
1.82232557258865e-05
9.65832553471987e-06
5.11891253340153e-06
2.71302364270281e-06
1.43790253063249e-06
7.6208834123522e-07
4.03906820854667e-07
2.14070615052973e-07
1.13457425978076e-07
0.470000060132436
0.249100031870191
0.132023016891201
0.0699721989523367
0.0370852654447384
0.0196551906857114
0.010417251063427
0.00552114306361632
0.00292620582371665
0.00155088908656983
0.000821971215882008
0.000435644744417464
0.000230891714541256
0.000122372608706866
6.48574826146388e-05
3.43744657857586e-05
1.8218466866452e-05
9.65578743921958e-06
5.11756734278638e-06
2.71231069167678e-06
1.43752466658869e-06
7.61888073292008e-07
4.03800678844764e-07
2.14014359787725e-07
1.13427610687494e-07
6.01166336643719e-08
3.18618158421171e-08
1.68867623963221e-08
8.9499840700507e-09
4.74349155712687e-09
2.51405052527724e-09
1.33244677839694e-09
7.06196792550378e-10
3.742843000517e-10
1.98370679027401e-10
1.05136459884523e-10
0.470000000055722
0.249100000029533
0.132023000015652
0.0699721900082958
0.0370852607043968
0.0196551881733303
0.0104172497318651
0.00552114235788848
0.00292620544968089
0.00155088888833087
0.000821971110815363
0.000435644688732142
0.000230891685028035
0.000122372593064859
6.48574743243752e-05
3.43744613919188e-05
1.8218464537717e-05
0.470009655786205
0.719105117566689
0.381125712310345
0.201996627524483
0.107058212587976
0.0567408526716272
0.0300726519159624
0.48593850551546
0.257547407923194
0.136500126199293
0.0723450668856252
0.0383428854493813
0.0203217292881721
0.480770516522731
0.254808373757048
0.605048438091235
0.320675672188355
0.169958106259828
0.560077796317709
0.296841232048386
0.157325852985644
0.0833827020823915
0.0441928321036675
0.0234222010149438
0.0124137665379202
0.476579296265098
0.252587027020502
0.133871124320866
0.540951695890059
0.756704398821731
0.401053331375518
0.212558265629024
0.582655880783383
0.308807616815193
0.163668036912052
0.0867440595633877
0.0459743515685955
0.0243664063313556
0.0129141953556185
0.00684452353847779
0.473627597475393
0.251022626661958
0.133041992130838
0.540512255829344
0.286471495589552
0.151829892662463
1.49046984311111
0.789949016848886
0.41867297892991
0.221896678832852
0.117605239781412
0.0623307770841482
0.503035311854599
0.266608715282937
0.141302619099957
0.0748903881229771
0.0396919057051779
0.491036710023744
0.260249456312585
0.60793221184567
1.26220407227821
1.60896815830745
0.852753123902948
0.451959155668562
0.239538352504338
0.126955326827299
0.0672863232184686
0.505661751305788
0.268000728192068
0.142040385941796
0.0752814045491519
0.0398991444110505
0.491146546537857
0.260307669665064
0.607963064922484
0.792220424408917
0.419876824936726
0.222534717216465
0.117943400124726
0.0625100020661049
0.0331303010950356
0.0175590595803689
0.00930630157759551
0.00493233983612562
0.00261414011314658
0.00138549425996769
0.000734311957782874
0.470389185337625
0.249306268228941
0.132132322161339
0.0700301307455096
0.0371159692951201
0.0196714637264137
0.0104258757749992
0.0055257141607496
0.472928628505197
0.250652173107755
0.13284565174711
0.540408195425968
0.286416343575763
0.151800662095155
0.0804543509104319
0.0426408059825289
0.0225996271707403
0.0119778024004924
0.00634823527226096
0.00336456469429831
0.0017832192879781
0.470945106222628
0.719600906297993
0.381388480337936
0.202135894579106
0.107132024126926
0.056779972787271
0.500093385577254
0.265049494355944
0.140476232008651
0.0744524029645848
0.50945977357123
0.270013679992752
0.143107250396159
0.545846842709964
0.289298826636281
0.153328378117229
0.0812640404021313
0.0430699414131296
0.492827068948959
0.261198346542948
0.138435123667763
0.543370615543914
0.287986426238275
0.622632805906286
0.329995387130331
0.174897555179076
0.0926957042449101
0.0491287232498024
0.0260382233223952
0.0138002583608695
0.00731413693126083
0.00387649257356824
0.00205454106399117
0.00108890676391532
0.000577120584875119
0.470305873909984
0.249262113172291
0.132108919981314
0.0700177275900967
0.0371093956227512
0.489667979680058
0.259524029230431
0.137547735492128
0.072900299810828
0.0386371588997389
0.0204776942168616
0.0108531779349366
0.00575218430551642
0.0030486576819237
0.00161578857141956
0.000856367942852369
0.000453875009711755
0.470240553755147
0.249227493490228
0.132090571549821
0.0700080029214051
0.0371042415483447
0.0196652480206227
0.01042258145093
0.00552396816899291
0.00292770312956624
0.00155168265867011
0.000822391809095158
0.47043586765882
0.719331009859175
0.381245435225363
0.202060080669442
0.107091842754804
0.526758676660046
0.279182098629825
0.147966512273807
0.0784222515051177
0.0415637932977124
0.0220288104477876
0.0116752695373274
0.00618789285478353
0.00327958321303527
0.00173817910290869
0.000921234924541608
0.470488254510007
0.249358774890304
0.602160150691861
0.319144879866686
0.639146786329344
0.338747796754552
0.649536332279913
0.344254256108354
0.182454755737428
0.0967010205408366
0.0512515408866434
0.027163316669921
0.0143965578350581
0.00763017565258081
0.00404399309586783
0.00214331634080995
0.00113595766062927
0.000602057560133515
0.000319090506870763
0.000169117968641504
8.96325233799973e-05
4.75052373913986e-05
2.51777758174413e-05
1.33442211832439e-05
7.07243722711925e-06
3.7483917303732e-06
1.9866476170978e-06
1.05292323706183e-06
5.58049315642771e-07
2.95766137290669e-07
1.56756052764055e-07
8.30807079649489e-08
4.40327752214229e-08
2.33373708673541e-08
1.23688065596977e-08
6.55546747663978e-09
3.47439776261908e-09
1.84143081418811e-09
9.75958331519701e-10
0.470000000517258
0.719100000274147
0.381123000145298
0.201995190077008
0.107057450740814
0.0567404488926315
0.0300724379130947
0.0159383920939402
0.0084473478097883
0.0044770943391878
0.00237285999976953
0.00125761579987785
0.000666536373935262
0.000353264278185689
0.000187230067438415
9.92319357423601e-05
5.25929259434508e-05
2.78742507500289e-05
1.47733528975153e-05
7.82987703568313e-06
4.14983482891206e-06
2.19941245932339e-06
1.1656886034414e-06
6.17814959823941e-07
3.27441928706689e-07
1.73544222214545e-07
9.19784377737088e-08
4.87485720200657e-08
2.58367431706348e-08
1.36934738804365e-08
7.25754115663132e-09
3.8464968130146e-09
2.03864331089774e-09
1.0804809547758e-09
5.72654906031175e-10
3.03507100196523e-10
1.60858763104157e-10
8.52551444452032e-11
4.51852265559577e-11
2.39481700746576e-11
1.26925301395685e-11
6.72704097397131e-12
3.5653317162048e-12
1.88962580958854e-12
1.00150167908193e-12
5.30795889913422e-13
2.81321821654113e-13
1.4910056547668e-13
7.90232997026405e-14
4.18823488423995e-14
0.470000000000022
0.249100000000012
0.132023000000006
0.0699721900000033
0.0370852607000018
0.0196551881710009
0.0104172497306305
0.00552114235723416
0.00292620544933411
0.00155088888814708
0.000821971110717951
0.000435644688680514
0.000230891685000672
0.000122372593050356
6.48574743166889e-05
3.43744613878451e-05
0.470018218464536
0.249109655786204
0.602028117566688
0.319074902310345
0.169109698224483
0.0896281400589758
0.0475029142312572
0.0251765445425663
0.0133435686075601
0.00707209136200688
0.00374820842186365
0.00198655046358773
0.471052871745702
0.249658022025222
0.132318751673368
0.0701289383868848
0.037168337345049
0.0196992187928759
0.0104405859602243
0.00553351055891885
0.00293276059622699
0.00155436311600031
0.000823812451480162
0.000436620599284486
0.470231408917621
0.719222646726339
0.38118800276496
1.14202964146543
0.605275709976677
0.790796126287639
0.419121946932449
0.222134631874198
0.117731354893325
0.0623976180934622
0.033070737589535
0.0175274909224535
0.00928957018890037
0.474923472200117
0.251709440266062
0.603406003341013
0.789805181770737
0.888596746338491
0.4709562755594
0.719606826046482
1.32139161780464
1.17033755743646
0.620278905441322
0.328747819883901
0.644236344538467
0.341445262605388
0.180965989180856
0.0959119742658534
0.0508333463609023
0.0269416735712782
0.0142790869927775
0.00756791610617206
0.00401099553627119
0.00212582763422373
0.00112668864613858
0.000597144982453446
0.000316486840700326
0.000167738025571173
0.470088901153553
0.249147117611383
0.132047972334033
0.0699854253370375
0.97709227542863
0.517858905977174
0.274465220167902
0.145466566688988
0.0770972803451637
0.0408615585829368
0.0216566260489565
0.0114780118059469
0.476083346257152
0.252324173516291
0.133731811963634
0.070877860340726
0.507565265980585
0.26900959096971
0.142575083213946
0.0755647941033915
0.980049340874798
0.519426150663643
0.275295859851731
0.615906805721417
0.796430607032351
0.892108221727146
0.472817357515388
0.250593199483155
0.132814395726072
0.0703916297348184
0.507307563759454
0.26887300879251
0.142502694660031
0.0755264281698162
0.510029006930003
0.270315373672901
0.143267148046638
0.075931588464718
0.510243741886301
0.270429183199739
0.143327467095862
0.0759635575608068
0.0402606855072276
0.0213381633188306
0.0113092265589802
0.00599389007625953
0.00317676174041755
0.0016836837224213
0.470892352372883
0.249572946757628
0.132273661781543
0.0701050407442178
0.507155671594435
0.738792505945051
0.391560028150877
0.207526814919965
0.109989211907581
0.528294282311018
0.27999596962484
0.148397863901165
0.0786508678676175
0.511684959969837
0.741193028784014
0.392832305255527
0.67820112178543
0.359446594546278
0.190506695109527
0.570968548408049
0.302613330656266
0.160385065247821
0.0850040845813452
0.045052164828113
0.0238776473588999
0.482655153100217
0.255807231143115
0.135577832505851
0.541856251228101
0.757183813150894
0.401307420969974
0.212692933114086
0.112727254550466
0.529745444911747
0.280765085803226
0.61880549547571
0.327966912602126
0.173822463679127
0.0921259057499372
0.0488267300474667
0.0258781669251574
0.0137154284703334
0.00726917708927671
0.00385266385731666
0.00204191184437783
0.94108221327752
0.498773573037086
0.264349993709655
0.140105496666117
0.0742559132330422
0.0393556340135124
0.0208584860271616
0.0110549975943956
0.00585914872502968
0.473105348824266
0.720745834876861
0.381995292484736
0.20245750501691
0.577302477658962
0.30597031315925
0.162164265974403
0.0859470609664334
0.0455519423122097
0.0241425294254711
0.0127955405954997
0.476781636515615
0.252694267353276
0.133927961697236
0.0709818196995352
0.507620364440754
