0
0
0
0
0
0
0
0
0
0
0
0
0
0.83
0.1411
0.023987
0.00407779
0.000693224299999999
0.000117848131
2.003418227e-05
3.40581098589999e-06
5.78987867602998e-07
9.84279374925096e-08
1.67327493737266e-08
2.84456739353353e-09
4.83576456900699e-10
8.22079976731188e-11
1.39753596044302e-11
2.37581113275313e-12
4.03887892568032e-13
6.86609417365655e-14
1.16723600952161e-14
1.98430121618674e-15
3.37331206751746e-16
5.73463051477967e-17
9.74887187512544e-18
1.65730821877132e-18
2.81742397191125e-19
4.78962075224912e-20
8.14235527882351e-21
1.3842003974e-21
2.35314067557999e-22
4.00033914848598e-23
6.80057655242617e-24
1.15609801391245e-24
1.96536662365116e-25
3.34112326020697e-26
5.67990954235185e-27
9.65584622199815e-28
1.64149385773968e-28
2.79053955815746e-29
4.74391724886768e-30
8.06465932307506e-31
1.37099208492276e-31
2.33068654436869e-32
3.96216712542677e-33
6.73568411322551e-34
1.14506629924834e-34
1.94661270872217e-35
3.30924160482769e-36
5.62571072820707e-37
9.56370823795201e-38
1.62583040045184e-38
2.76391168076813e-39
4.69864985730582e-40
7.98770475741989e-41
1.35790980876138e-41
2.30844667489435e-42
3.92435934732038e-43
6.67141089044465e-44
1.13413985137559e-44
1.9280377473385e-45
3.27766417047545e-46
5.57202908980827e-47
9.47244945267405e-48
1.61031640695459e-48
2.7375378918228e-49
4.65381441609876e-50
7.91148450736788e-51
1.34495236625254e-51
2.28641902262932e-52
3.88691233846983e-53
6.60775097539872e-54
1.12331766581778e-54
1.90964003189023e-55
3.24638805421339e-56
5.51885969216275e-57
9.38206147667668e-58
1.59495045103503e-58
2.71141576675956e-59
4.60940680349125e-60
7.83599156593511e-61
1.33211856620897e-61
2.26460156255525e-62
3.84982265634392e-63
6.54469851578466e-64
1.11259874768339e-64
1.89141787106176e-65
3.215410380805e-66
5.46619764736849e-67
9.29253600052643e-68
1.57973112008949e-68
2.68554290415214e-69
4.56542293705863e-70
7.76121899299967e-71
1.31940722880994e-71
2.2429922889769e-72
3.81308689126073e-73
6.48224771514324e-74
1.10198211157435e-74
1.8733695896764e-75
3.18472830244987e-76
5.41403811416478e-77
9.20386479408012e-78
0.83
0.1411
0.023987
0.00407779
0.000693224299999999
0.000117848131
2.003418227e-05
3.40581098589999e-06
5.78987867602998e-07
0.830000098427938
0.141100016732749
0.0239870028445674
0.00407779048357645
0.000693224382207997
0.830117848144975
0.141120034184646
0.0239904058113898
0.00407836898793626
0.000693322727949164
0.000117864863751358
2.00370268377308e-05
3.40629456241424e-06
0.830000579070076
0.141100098441913
0.0239870167351252
0.00407779284497128
0.830693224783645
0.97121784821322
0.165107034196247
0.028068195813362
0.00477159328827154
0.000811170859006162
0.000137899046031047
0.830023442837825
0.14110398528243
0.0239876774980131
0.00407790517466223
0.000693243879692579
0.830117851459548
0.141120034748123
0.0239904059071809
0.00407836900422075
0.000693322730717528
0.00011786486422198
2.00370269177365e-05
3.40629457601521e-06
5.79070077922585e-07
9.84419132468395e-08
1.67351252519627e-08
2.84497129283366e-09
4.83645119781722e-10
8.22196703628926e-11
1.39773439616917e-11
2.3761484734876e-12
4.03945240492891e-13
6.86706908837915e-14
1.16740174502445e-14
1.98458296654157e-15
3.37379104312067e-16
1.66
0.2822
0.877974
0.14925558
0.0253734486
0.00431348626199999
0.000733292664539999
0.0001246597529718
2.11921580052059e-05
3.60266686088501e-06
0.830000612453366
0.141100104117072
0.0239870176999023
0.00407779300898338
0.000693224811527175
0.00011784821795962
0.830020034197053
0.141103405813499
0.0239875789882948
0.00407788842801012
0.00069324103276172
0.000117850975569492
2.00346658468137e-05
3.40589319395832e-06
5.79001842972915e-07
0.830000098430313
0.141100016733153
0.023987002844636
0.834077790483588
0.14179322438221
0.0241048481449757
0.00409782418464586
0.83069663011139
0.141218427118936
0.0240071326102191
0.00408121254373725
0.830693806132435
0.141217947042514
0.0240070509972274
0.00408119866952865
0.00069380377381987
0.830117946641549
0.141120050929063
0.0239904086579408
0.00407836947184993
0.830693322810215
0.141217864877736
0.854007037029215
0.145181196294967
0.0246808033701443
0.00419573657292453
0.00071327521739717
0.000121256786957519
2.06136537827782e-05
0.830003504321143
0.971100595734594
0.165087101274881
0.0280648072167298
0.00477101722684406
0.000811072928563489
0.000137882397855793
2.34400076354848e-05
3.98480129803242e-06
0.830000677416221
0.971100115160758
0.165087019577329
0.0280647933281459
0.0047710148657848
0.000811072527183415
0.00013788232962118
0.830023439996036
0.141103984799326
0.0239876774158854
0.00407790516070052
0.000693243877319088
0.000117851459144245
2.00347480545216e-05
3.40590716926867e-06
5.79004218775674e-07
0.830000098430717
0.141100016733222
0.0239870028446477
0.00407779048359011
0.000693224382210318
0.000117848144975754
2.00341846458782e-05
3.40581138979929e-06
5.78987936265879e-07
9.84279491651994e-08
0.830000016732751
0.141100002844568
0.0239870004835765
0.004077790082208
0.00069322431397536
0.000117848133375811
2.00341826738879e-05
3.40581105456094e-06
0.830000578987879
0.141100098427939
0.0239870167327497
0.00407779284456745
0.000693224783576466
0.000117848213207999
2.00341962453598e-05
0.830003405813362
0.141100578988271
0.0239870984280061
0.00407780673276104
0.000693227144569377
0.000117848614576794
2.0034264478055e-05
3.40582496126934e-06
5.78990243415788e-07
9.8428341380684e-08
1.67328180347163e-08
2.84457906590176e-09
4.835784412033e-10
8.22083350045609e-11
1.39754169507753e-11
2.37582088163181e-12
4.03889549877407e-13
0.830000000000069
0.141100000000012
0.023987000000002
0.00407779000000033
0.000693224300000056
0.000117848131000009
2.00341822700016e-05
3.40581098590027e-06
5.78987867603046e-07
9.84279374925178e-08
1.6732749373728e-08
2.84456739353376e-09
4.83576456900739e-10
8.22079976731256e-11
1.39753596044313e-11
2.37581113275333e-12
4.03887892568066e-13
6.86609417365711e-14
1.16723600952171e-14
1.9843012161869e-15
3.37331206751774e-16
5.73463051478015e-17
9.74887187512625e-18
1.65730821877146e-18
2.81742397191148e-19
4.78962075224952e-20
8.14235527882418e-21
1.38420039740011e-21
2.35314067558019e-22
4.00033914848631e-23
0.83
0.1411
0.023987
0.00407779
0.000693224299999999
0.000117848131
2.003418227e-05
3.40581098589999e-06
5.78987867602998e-07
9.84279374925096e-08
1.67327493737266e-08
2.84456739353353e-09
0.830000000483577
0.141100000082208
0.0239870000139753
0.00407779000237581
0.000693224300403887
0.000117848131068661
0.830020034182282
0.141103405810988
0.0239875789878679
0.00407788842793755
0.000693241032749382
0.000117850975567395
2.00346658464571e-05
3.40589319389771e-06
5.79001842962611e-07
9.84303133036438e-08
1.67331532616194e-08
2.8446360544753e-09
4.83588129260801e-10
8.22099819743362e-11
1.39756969356371e-11
2.37586847905831e-12
4.03897641439913e-13
6.86625990447852e-14
1.16726418376135e-14
1.98434911239429e-15
3.37339349107029e-16
5.7347689348195e-17
9.74910718919314e-18
1.65734822216283e-18
2.81749197767681e-19
4.78973636205058e-20
8.14255181548599e-21
1.38423380863262e-21
2.35319747467545e-22
0.83
0.1411
0.023987
0.00407779
0.000693224299999999
0.000117848131
2.003418227e-05
3.40581098589999e-06
5.78987867602998e-07
9.84279374925096e-08
1.67327493737266e-08
2.84456739353353e-09
4.83576456900699e-10
8.22079976731188e-11
1.39753596044302e-11
2.37581113275313e-12
0.830000000000404
0.141100000000069
0.0239870000000117
0.00407779000000198
0.000693224300000336
0.000117848131000057
2.00341822700097e-05
3.40581098590165e-06
5.7898786760328e-07
9.84279374925575e-08
1.67327493737348e-08
2.84456739353491e-09
4.83576456900935e-10
0.830000000082208
0.141100000013975
0.0239870000023758
0.00407779000040388
0.00069322430006866
0.000117848131011672
2.00341822719843e-05
0.830003405810986
0.141100578987868
0.0239870984279375
0.00407780673274937
0.000693227144567393
0.000117848614576457
2.00342644779976e-05
3.4058249612596e-06
5.78990243414131e-07
9.84283413804023e-08
1.67328180346684e-08
2.84457906589362e-09
4.83578441201916e-10
8.22083350043256e-11
1.39754169507354e-11
2.37582088162501e-12
0.830000000000404
0.141100000000069
0.0239870000000117
0.00407779000000198
0.000693224300000336
0.000117848131000057
2.00341822700097e-05
0.830003405810986
1.80110057898787
0.306187098427937
0.0520518067327493
0.00884880714456738
0.831504297214577
0.141355730526478
0.0240304741895012
0.834085180612215
0.971794480704077
0.165205061719693
0.858084860492348
0.145874426283699
0.0247986524682288
0.0042157709195989
0.000716681056331813
1.66012183577958
0.282220712082528
0.0479775210540297
0.00815617857918505
0.00138655035846146
0.000235713560938448
4.00713053595361e-05
6.81212191112113e-06
1.15806072489059e-06
1.96870323231401e-07
3.34679549493381e-08
5.68955234138747e-09
9.6722389803587e-10
1.64428062666098e-10
2.79527706532366e-11
4.75197101105022e-12
8.07835071878538e-13
1.37331962219351e-13
2.33464335772897e-14
3.96889370813925e-15
6.74711930383672e-16
1.14701028165224e-16
1.94991747880881e-17
0.83
0.1411
0.023987
0.00407779
0.000693224299999999
0.000117848131
2.003418227e-05
3.40581098589999e-06
5.78987867602998e-07
0.830000098427938
0.141100016732749
0.853987002844567
0.145177790483576
0.024680224382208
0.00419563814497535
0.00071325848464581
0.000121253942389788
2.06131702062639e-05
3.50423893506486e-06
5.95720618961026e-07
1.01272505223374e-07
1.72163258879736e-08
2.92677540095552e-09
4.97551818162438e-10
8.45838090876144e-11
0.830000000014379
0.141100000002444
0.0239870000004155
0.00407779000007064
0.830693224300012
0.141217848131002
0.0240070341822703
0.00408119581098595
0.000693803287867612
0.000117946558937494
2.0050915019374e-05
0.830003408655553
0.141100579471444
0.0239870985101455
0.00407780674672473
0.000693227146943203
0.000117848614980345
2.00342645466586e-05
3.40582497293195e-06
5.78990245398432e-07
0.830000098428342
0.971100016732818
0.165087002844579
0.0280647904835784
0.834771014382208
0.141911072444975
0.0241248823156458
0.00410122999365978
0.000697209098922163
0.000118525546816768
2.01493429588505e-05
3.42538830300458e-06
5.82316011510779e-07
9.89937219568323e-08
0.830000016828933
0.141100002860919
0.0239870004863561
0.00407779008268054
0.000693224314055692
0.83011784813339
0.141120034182676
0.0239904058110549
0.00407836898787934
0.000693322727939487
0.000117864863749713
0.830020037026838
0.971103406294562
0.165087579070076
0.858064888441913
0.145871031035125
0.0247980752759713
0.00421567279691511
0.000716664375475569
0.000121832943830847
2.07116004512439e-05
3.52097207671147e-06
5.98565253040949e-07
1.01756093016961e-07
1.72985358128834e-08
2.94075108819018e-09
4.9992768499233e-10
8.49877064486961e-11
1.44479100962783e-11
2.45614471636731e-12
4.17544601782443e-13
7.09825823030153e-14
1.20670389915126e-14
2.05139662855714e-15
3.48737426854714e-16
5.92853625653013e-17
1.00785116361012e-17
1.71334697813721e-18
0.83
0.1411
0.023987
0.00407779
0.000693224299999999
0.000117848131
2.003418227e-05
3.40581098589999e-06
5.78987867602998e-07
9.84279374925096e-08
1.67327493737266e-08
2.84456739353353e-09
4.83576456900699e-10
0.830000000082208
0.141100000013975
0.853987000002376
0.145177790000404
0.0246802243000686
0.00419563813101167
0.000713258482271983
0.000121253941986237
2.06131701376603e-05
3.50423892340225e-06
5.95720616978382e-07
1.01272504886325e-07
1.72163258306752e-08
2.92677539121479e-09
0.830000000497552
0.141100000084584
0.0239870000143792
0.00407779000244447
0.000693224300415559
0.000117848131070645
2.00341822820096e-05
3.40581098794164e-06
5.78987867950078e-07
9.84279375515132e-08
1.67327493837572e-08
2.84456739523873e-09
4.83576457190584e-10
8.22079977223992e-11
1.39753596128079e-11
2.37581113417734e-12
4.03887892810147e-13
6.86609417777249e-14
1.16723601022132e-14
1.98430121737625e-15
3.37331206953962e-16
5.73463051821735e-17
9.7488718809695e-18
1.65730821976481e-18
2.81742397360018e-19
4.78962075512031e-20
8.14235528370452e-21
1.38420039822977e-21
2.3531406769906e-22
4.00033915088403e-23
6.80057655650284e-24
1.15609801460548e-24
1.96536662482932e-25
3.34112326220984e-26
5.67990954575673e-27
9.65584622778643e-28
1.64149385872369e-28
2.79053955983028e-29
4.74391725171147e-30
8.06465932790949e-31
1.37099208574461e-31
2.33068654576584e-32
0.83
0.1411
0.853987
0.14517779
0.0246802243
0.00419563813099999
0.000713258482269999
0.0001212539419859
2.06131701376029e-05
3.5042389233925e-06
5.95720616976725e-07
1.01272504886043e-07
1.72163258306273e-08
2.92677539120664e-09
4.97551816505129e-10
8.4583808805872e-11
1.43792474969982e-11
2.4444720744897e-12
4.15560252663248e-13
7.06452429527522e-14
1.20096913019679e-14
2.04164752133454e-15
3.47080078626871e-16
5.90036133665681e-17
1.00306142723166e-17
1.70520442629382e-18
2.89884752469948e-19
4.92804079198912e-20
8.3776693463815e-21
1.42420378888485e-21
2.42114644110425e-22
4.11594894987723e-23
6.99711321479128e-24
1.18950924651452e-24
2.02216571907468e-25
3.43768172242695e-26
5.84405892812582e-27
9.93490017781389e-28
1.68893303022836e-28
2.87118615138821e-29
4.88101645735996e-30
8.29772797751192e-31
1.41061375617703e-31
2.39804338550094e-32
4.0766737553516e-33
6.93034538409772e-34
1.17815871529661e-34
2.00286981600424e-35
3.40487868720721e-36
5.78829376825225e-37
9.84009940602882e-38
1.6728168990249e-38
2.84378872834233e-39
4.83444083818195e-40
8.21854942490932e-41
1.39715340223458e-41
2.37516078379879e-42
4.03777333245794e-43
6.8642146651785e-44
1.66
0.2822
0.047974
0.00815557999999999
0.8313864486
0.141335696262
0.02402706836454
0.0040846016219718
0.000694382275735205
0.000118044986874985
0.830020067647769
0.141103411500121
0.0239875799550205
0.00407788859235348
0.8306932410607
0.141217850980319
0.0240070346666542
0.00408119589333121
0.830693803301866
0.141217946561317
0.0240070509154239
0.00408119865562206
0.000693803771455751
0.000117946641147478
0.830020050928995
0.141103408657929
0.0239875794718479
0.834077888510214
0.141793241046736
0.0241048509779452
0.00409782466625068
0.000696630193262615
0.000118427132854644
2.01326125852895e-05
3.42254413949922e-06
5.81832503714867e-07
9.89115256315274e-08
1.68149593573597e-08
2.85854309075114e-09
0.830000000485952
0.141100000082612
0.023987000014044
0.00407779000238748
0.000693224300405871
0.000117848131068998
2.00341822817297e-05
3.40581098789404e-06
5.78987867941987e-07
9.84279375501377e-08
1.67327493835234e-08
2.84456739519898e-09
4.83576457183826e-10
8.22079977212504e-11
1.39753596126126e-11
2.37581113414413e-12
4.03887892804503e-13
0.830000000000069
0.141100000000012
0.023987000000002
0.00407779000000033
0.000693224300000056
0.000117848131000009
2.00341822700016e-05
3.40581098590027e-06
5.78987867603046e-07
0.830000098427938
0.971100016732749
0.165087002844567
0.0280647904835764
0.00477101438220799
0.000811072444975358
0.830137882315646
0.14112343999366
0.0239909847989221
0.00407846741581676
0.00069333946068885
0.000117867708317104
0.830020037510414
0.14110340637677
0.0239875790840509
0.00407788844428866
0.000693241035529072
0.000117850976039942
2.00346659267902e-05
3.40589320755433e-06
5.79001845284235e-07
0.830000098430314
0.141100016733153
0.023987002844636
0.00407779048358813
0.000693224382209981
0.000117848144975697
2.00341846458684e-05
1.66000340581139
0.282200578987936
0.0479740984279491
0.00815559673275135
0.00138645144456773
0.000235696745576514
4.00684467480073e-05
6.81163594716124e-06
1.15797811101741e-06
0.830000196856279
0.141100033465567
0.0239870056891464
0.00407779096715489
0.000693224464416332
0.830117848158951
0.141120034187022
0.0239904058117937
0.00407836898800492
0.000693322727960836
0.000117864863753342
2.00370268380682e-05
3.40629456247158e-06
5.79070075620169e-07
9.84419128554287e-08
0.830000016735125
0.141100002844971
0.0239870004836451
0.00407779008221967
0.000693224313977343
0.000117848133376148
2.00341826739452e-05
3.40581105457068e-06
5.78987879277016e-07
9.84279394770926e-08
1.67327497111057e-08
2.84456745088797e-09
4.83576466650955e-10
0.830000000082208
0.971100000013975
0.995087000002376
0.169164790000404
0.0287580143000686
0.00488886243101167
0.000831106613271983
0.000141288124256237
2.40189811235603e-05
4.08322679100525e-06
6.94148554470892e-07
1.18005254260052e-07
0.830000020060893
0.141100003410352
0.0239870005797598
0.00407779009855916
0.000693224316755057
0.00011784813384836
2.00341827542211e-05
3.40581106821759e-06
5.7898788159699e-07
9.84279398714883e-08
1.6732749778153e-08
2.84456746228601e-09
4.83576468588622e-10
8.22079996600656e-11
1.39753599422112e-11
2.3758111901759e-12
4.03887902329902e-13
0.830000000000069
0.141100000000012
0.023987000000002
0.00407779000000033
0.000693224300000056
0.000117848131000009
2.00341822700016e-05
3.40581098590027e-06
5.78987867603046e-07
9.84279374925178e-08
1.6732749373728e-08
2.84456739353376e-09
4.83576456900739e-10
8.22079976731256e-11
1.39753596044313e-11
2.37581113275333e-12
4.03887892568066e-13
6.86609417365711e-14
1.16723600952171e-14
1.9843012161869e-15
3.37331206751774e-16
5.73463051478015e-17
9.74887187512625e-18
1.65730821877146e-18
2.81742397191148e-19
4.78962075224952e-20
8.14235527882418e-21
1.38420039740011e-21
2.35314067558019e-22
4.00033914848631e-23
6.80057655242673e-24
1.15609801391254e-24
1.96536662365132e-25
3.34112326020725e-26
5.67990954235232e-27
9.65584622199894e-28
1.64149385773982e-28
2.79053955815769e-29
4.74391724886808e-30
8.06465932307572e-31
1.37099208492287e-31
2.33068654436888e-32
3.9621671254271e-33
6.73568411322606e-34
1.14506629924843e-34
1.94661270872233e-35
3.30924160482796e-36
5.62571072820753e-37
9.5637082379528e-38
1.62583040045198e-38
2.76391168076836e-39
4.69864985730621e-40
7.98770475742055e-41
1.35790980876149e-41
2.30844667489454e-42
3.92435934732071e-43
6.6714108904452e-44
1.13413985137568e-44
1.92803774733866e-45
3.27766417047572e-46
5.57202908980873e-47
9.47244945267484e-48
1.61031640695472e-48
2.73753789182303e-49
4.65381441609914e-50
7.91148450736854e-51
1.34495236625265e-51
2.2864190226295e-52
3.88691233847016e-53
6.60775097539926e-54
1.12331766581787e-54
1.90964003189039e-55
3.24638805421365e-56
5.51885969216321e-57
9.38206147667745e-58
1.59495045103517e-58
2.71141576675978e-59
4.60940680349163e-60
7.83599156593576e-61
1.33211856620908e-61
2.26460156255543e-62
3.84982265634423e-63
6.5446985157852e-64
1.11259874768348e-64
1.89141787106192e-65
3.21541038080526e-66
5.46619764736894e-67
9.2925360005272e-68
1.57973112008962e-68
2.68554290415236e-69
4.56542293705901e-70
7.76121899300031e-71
1.31940722881005e-71
2.24299228897709e-72
3.81308689126105e-73
6.48224771514378e-74
1.10198211157444e-74
1.87336958967655e-75
3.18472830245013e-76
5.41403811416523e-77
9.20386479408088e-78
1.56465701499375e-78
2.65991692548937e-79
4.52185877333193e-80
7.68715991466428e-81
1.30681718549293e-81
2.22158921533797e-82
3.77670166607456e-83
6.42039283232674e-84
1.09146678149555e-84
1.85549352854243e-85
3.15433899852212e-86
5.36237629748761e-87
9.11603970572893e-88
1.54972674997392e-88
0.83
0.1411
0.023987
0.00407779
0.000693224299999999
0.000117848131
2.003418227e-05
3.40581098589999e-06
5.78987867602998e-07
9.84279374925096e-08
1.67327493737266e-08
2.84456739353353e-09
4.83576456900699e-10
8.22079976731188e-11
1.39753596044302e-11
2.37581113275313e-12
0.830000000000404
0.971100000000069
0.165087000000012
0.028064790000002
0.00477101430000033
0.000811072431000056
0.000137882313270009
0.830023439993256
0.141103984798853
0.0239876774158051
0.834077905160687
0.141793243877317
0.854104851459144
0.145197824748054
0.0246836302071692
0.00419621713521877
0.00071335691298719
0.830121270675208
0.141120616014785
0.0239905047225135
0.00407838580282729
0.000693325586480639
0.000117865349701709
2.00371094492905e-05
3.40630860637938e-06
0.830000579072463
0.971100098442319
0.165087016735194
0.028064792844983
0.00477101478364711
0.000811072513220008
0.000137882327247401
2.34399956320582e-05
3.98479925744989e-06
6.77415873766482e-07
1.15160698540302e-07
1.95773187518513e-08
0.830000003328144
0.141100000565784
0.853987000096183
0.145177790016351
0.0246802243027797
0.00419563813147254
0.83071325848235
0.141221253942
0.85400761317014
0.975181294238924
0.165780820020617
0.0281827394035049
0.00479106569859583
0.00081448116876129
0.000138461798689419
2.35385057772013e-05
4.00154598212421e-06
0.830000680262817
0.971100115644679
0.165087019659595
0.0280647933421312
0.0047710148681623
0.000811072527587591
0.00013788232968989
2.34399960472814e-05
3.98479932803783e-06
6.77415885766431e-07
1.6600001151607
0.282200019577319
0.0479740033281442
0.838155580565785
0.142486448696183
0.0242226962783512
0.00411785836731969
0.000700035922444348
0.000119006106815539
0.830020231038159
0.141103439276487
0.853987584677003
0.14517788939509
0.0246802411971654
0.00419564100351811
0.830713258970598
0.141221254025002
0.0240076131842503
0.00408129424132254
0.830693820021025
0.141217949403574
0.0240070513986076
0.00408119873776329
0.000693803785419759
0.000117946643521359
2.0050929398631e-05
3.40865799776727e-06
5.79471859620436e-07
9.85102161354741e-08
0.830000016746737
0.141100002846945
0.0239870004839807
0.834077790082277
0.141793224313987
0.0241048481333778
0.00409782418267422
0.000696630111054617
0.000118427118879285
2.01326102094784e-05
3.42254373561133e-06
5.81832435053926e-07
9.89115139591674e-08
1.68149573730584e-08
0.830000002858543
0.141100000485952
0.0239870000826119
0.00407779001404402
0.000693224302387482
0.000117848131405872
0.830020034182339
0.141103405810998
0.85398757898787
0.145177888427938
0.0246802410327494
0.0041956409755674
0.830713258965847
0.141221254024194
0.0240076131841129
0.0040812942412992
1.66069382002102
1.11231794940357
1.01909405139861
0.173245988737763
0.0294518180854197
0.00500680907452135
0.000851157542668629
0.000144696782253667
2.45984529831234e-05
4.18173700713097e-06
0.830000710895291
0.141100120852199
0.0239870205448739
0.00407779349262856
0.830693224893747
0.141217848231937
0.0240070341994293
0.00408119581390297
0.000693803288363505
0.000117946559021796
2.00509150337053e-05
3.4086555557299e-06
5.79471444474082e-07
9.8510145560594e-08
1.6746724745301e-08
2.84694320670116e-09
4.83980345139197e-10
8.22766586736635e-11
1.39870319745228e-11
0.830000000002378
0.141100000000404
0.0239870000000687
0.00407779000001168
0.000693224300001985
0.000117848131000337
2.00341822700573e-05
3.40581098590975e-06
5.78987867604657e-07
9.84279374927916e-08
1.67327493737746e-08
2.84456739354168e-09
0.830000000483577
0.971100000082208
0.165087000013975
0.0280647900023758
0.834771014300404
0.141911072431069
0.0241248823132817
0.00410122999325788
0.830697209098854
0.971218525546805
0.165107149342957
0.0280682153883026
0.00477159661601145
0.000811171424721946
0.000137899142202731
2.34428541744642e-05
0.83000398528521
0.141100677498486
0.0239871151747425
0.00407780957970623
0.000693227628550059
0.00011784869685351
2.00342784650967e-05
3.40582733906643e-06
5.78990647641294e-07
9.84284100990199e-08
1.67328297168334e-08
2.84458105186167e-09
4.83578778816484e-10
8.22083923988023e-11
1.39754267077964e-11
2.37582254032538e-12
4.03889831855315e-13
6.86612714154035e-14
1.16724161406186e-14
1.98431074390516e-15
3.37332826463877e-16
0.83
0.1411
0.023987
0.00407779
0.000693224299999999
0.000117848131
2.003418227e-05
3.40581098589999e-06
5.78987867602998e-07
9.84279374925097e-08
1.67327493737266e-08
2.84456739353353e-09
4.83576456900699e-10
8.22079976731189e-11
1.39753596044302e-11
2.37581113275313e-12
4.03887892568032e-13
6.86609417365655e-14
1.16723600952161e-14
1.98430121618674e-15
3.37331206751746e-16
5.73463051477968e-17
9.74887187512545e-18
1.65730821877133e-18
2.81742397191125e-19
4.78962075224913e-20
8.14235527882351e-21
1.3842003974e-21
2.35314067557999e-22
4.00033914848599e-23
6.80057655242617e-24
1.15609801391245e-24
1.96536662365116e-25
3.34112326020698e-26
0.83
0.1411
0.023987
0.00407779
0.000693224299999999
0.000117848131
2.003418227e-05
3.40581098589999e-06
5.78987867602998e-07
9.84279374925096e-08
1.67327493737266e-08
2.84456739353353e-09
4.83576456900699e-10
8.22079976731188e-11
1.39753596044302e-11
2.37581113275313e-12
4.03887892568032e-13
6.86609417365655e-14
1.16723600952161e-14
1.98430121618674e-15
3.37331206751746e-16
5.73463051477967e-17
9.74887187512544e-18
1.65730821877132e-18
2.81742397191125e-19
4.78962075224912e-20
0.83
0.1411
0.023987
0.00407779
0.8306932243
0.141217848131
0.02400703418227
0.834081195810986
0.141793803287868
0.0241049465589375
0.00409784091501937
0.000696632955553292
0.00011842760244406
2.01326924154901e-05
3.42255771063332e-06
5.81834810807664e-07
9.89119178373029e-08
1.68150260323415e-08
2.85855442549805e-09
4.85954252334669e-10
0.830000000082612
0.971100000014044
0.165087000002387
0.0280647900004059
0.00477101430006899
0.000811072431011728
0.000137882313271994
0.830023439993256
0.141103984798854
0.0239876774158051
0.00407790516068686
0.000693243877316767
0.00011785145914385
2.00347480544545e-05
0.830003405907169
0.971100579004219
0.165087098430717
0.0280648067332219
0.00477101714464772
0.000811072914590112
0.000137882395480319
2.34400072316542e-05
3.98480122938122e-06
6.77416208994807e-07
1.15160755529117e-07
1.95773284399499e-08
3.32814583479148e-09
5.65784791914552e-10
0.830000000096183
0.141100000016351
0.0239870000027797
0.00407779000047254
0.000693224300080332
0.830117848131014
0.141120034182272
0.0239904058109863
0.00407836898786767
0.000693322727937503
0.830117864863749
0.141120037026837
0.853990406294562
0.145178369070076
0.854680322741913
0.145295654866125
0.0247002613272413
0.00419904442563101
0.000713837552357272
0.000121352383900736
2.06299052631251e-05
3.50708389473127e-06
5.96204262104316e-07
0.830000101354725
1.8011000172303
0.306187002929151
0.882051790497956
1.80994880438465
0.307691296745391
0.0523075204467164
0.00889227847594179
0.83151168734091
0.141356986847955
0.854030687764152
0.145185216919906
0.024681486876384
0.834195852768985
0.141813294970727
0.0241082601450237
0.00409840422465402
0.000696728718191183
0.000118443882092501
2.01354599557252e-05
3.42302819247328e-06
5.81914792720457e-07
9.89255147624777e-08
1.68173375096212e-08
2.8589473766356e-09
4.86021054028052e-10
8.26235791847688e-11
1.40460084614107e-11
2.38782143843982e-12
0.830000000000406
0.141100000000069
0.0239870000000117
0.00407779000000199
0.8306932243
0.141217848131
0.02400703418227
0.0040811958109859
0.000693803287867602
0.830117946558938
0.141120050915019
0.0239904086555533
0.00407836947144405
0.000693322810145489
0.000117864877724733
2.00370292132046e-05
3.40629496624478e-06
5.79070144261613e-07
9.84419245244742e-08
1.67351271691606e-08
0.830000002844972
0.141100000483645
0.0239870000822197
0.00407779001397734
0.000693224302376148
0.000117848131403945
2.00341823386707e-05
3.40581099757401e-06
5.78987869587581e-07
9.84279378298888e-08
1.67327494310811e-08
2.84456740328378e-09
4.83576458558243e-10
8.22079979549013e-11
1.39753596523332e-11
2.37581114089665e-12
4.03887893952429e-13
6.8660941971913e-14
0.830000000000012
0.141100000000002
0.0239870000000003
0.00407779000000005
0.000693224300000009
0.830117848131
0.14112003418227
0.0239904058109859
0.0040783689878676
0.830693322727938
0.141217864863749
0.0240070370268374
0.834081196294562
0.971793803370076
0.165204946572913
0.0280848409173952
0.00477442295595718
0.00081165190251272
0.000137980823427162
2.34567399826176e-05
3.98764579704499e-06
6.77899785497647e-07
1.152429635346e-07
1.9591303800882e-08
3.33052164614994e-09
0.830000000566189
0.971100000096252
0.165087000016363
0.0280647900027817
0.00477101430047288
0.000811072431080389
0.000137882313283666
2.34399932582232e-05
3.98479885389795e-06
6.77415805162651e-07
1.15160686877651e-07
1.95773167692006e-08
3.3281438507641e-09
5.65784454629897e-10
9.61833572870824e-11
1.6351170738804e-11
2.77969902559668e-12
4.72548834351435e-13
8.03333018397439e-14
1.36566613127565e-14
2.3216324231686e-15
3.94677511938661e-16
6.70951770295724e-17
1.14061800950273e-17
1.93905061615464e-18
3.29638604746289e-19
5.60385628068691e-20
9.52655567716774e-21
1.61951446511852e-21
2.75317459070147e-22
4.6803968041925e-23
7.95667456712725e-24
1.35263467641163e-24
2.29947894989977e-25
3.90911421482962e-26
0.83
0.1411
0.023987
0.00407779
0.000693224299999999
0.000117848131
2.003418227e-05
3.40581098589999e-06
5.78987867602998e-07
9.84279374925096e-08
1.67327493737266e-08
2.84456739353353e-09
4.83576456900699e-10
8.22079976731188e-11
1.39753596044302e-11
2.37581113275313e-12
4.03887892568032e-13
0.830000000000069
0.141100000000012
0.853987000000002
0.14517779
0.0246802243
0.004195638131
0.00071325848227
0.0001212539419859
2.0613170137603e-05
3.50423892339251e-06
5.95720616976726e-07
1.01272504886043e-07
1.72163258306274e-08
2.92677539120665e-09
0.830000000497552
0.141100000084584
0.0239870000143792
0.00407779000244447
0.000693224300415559
0.000117848131070645
2.00341822820096e-05
3.40581098794164e-06
5.78987867950078e-07
9.84279375515132e-08
1.67327493837572e-08
2.84456739523873e-09
4.83576457190584e-10
8.22079977223992e-11
1.39753596128079e-11
2.37581113417734e-12
0.830000000000404
0.141100000000069
0.0239870000000117
0.00407779000000198
0.000693224300000336
0.000117848131000057
2.00341822700097e-05
3.40581098590165e-06
5.7898786760328e-07
9.84279374925575e-08
1.67327493737348e-08
2.84456739353491e-09
4.83576456900935e-10
8.22079976731589e-11
1.3975359604437e-11
2.37581113275429e-12
4.03887892568229e-13
0.830000000000069
0.141100000000012
0.023987000000002
0.00407779000000033
0.000693224300000056
0.000117848131000009
2.00341822700016e-05
3.40581098590027e-06
5.78987867603046e-07
9.84279374925178e-08
1.6732749373728e-08
2.84456739353376e-09
4.83576456900739e-10
8.22079976731256e-11
1.39753596044313e-11
2.37581113275333e-12
4.03887892568066e-13
6.86609417365711e-14
1.16723600952171e-14
1.9843012161869e-15
3.37331206751774e-16
5.73463051478015e-17
9.74887187512625e-18
1.65730821877146e-18
2.81742397191148e-19
4.78962075224952e-20
8.14235527882418e-21
1.38420039740011e-21
2.35314067558019e-22
0.83
0.1411
0.023987
0.00407779
0.000693224299999999
0.000117848131
2.003418227e-05
3.40581098589999e-06
5.78987867602998e-07
9.84279374925096e-08
0.830000016732749
0.141100002844567
0.0239870004835764
0.00407779008220799
0.000693224313975359
0.000117848133375811
2.00341826738878e-05
3.40581105456093e-06
5.78987879275358e-07
9.84279394768109e-08
1.67327497110578e-08
0.830000002844568
0.141100000483576
0.023987000082208
0.00407779001397536
0.00069322430237581
0.000117848131403888
2.00341823386609e-05
3.40581099757235e-06
5.78987869587299e-07
9.84279378298409e-08
1.67327494310729e-08
2.8445674032824e-09
4.83576458558008e-10
0.830000000082208
0.141100000013975
0.0239870000023758
0.00407779000040388
0.830693224300069
0.141217848131012
0.024007034182272
0.00408119581098623
0.830693803287868
0.141217946558937
0.854007050915019
0.145181198655553
0.024680803771444
0.00419573664114549
0.830713275228995
0.141221256788929
0.854007613654118
0.9751812943212
0.165780820034604
0.0281827394058827
0.834791065699
0.14191448116883
0.854125461798701
0.145201328505779
0.854684225845982
0.145296318393817
0.0247003741269489
0.00419906360158131
0.000713840812268822
0.0001213529380857
2.06299994745689e-05
3.50709991067672e-06
5.96206984815042e-07
1.01355187418557e-07
1.72303818611547e-08
2.9291649163963e-09
4.9795803578737e-10
8.46528660838529e-11
1.4390987234255e-11
2.44646782982335e-12
4.15899531069969e-13
0.830000000000071
0.141100000000012
0.023987000000002
0.00407779000000034
0.8306932243
0.141217848131
0.02400703418227
0.0040811958109859
0.000693803287867602
0.000117946558937492
2.00509150193737e-05
0.830003408655553
0.141100579471444
0.0239870985101455
0.00407780674672473
0.000693227146943203
0.000117848614980345
2.00342645466586e-05
0.830003405824973
0.141100578990245
0.0239870984283417
0.00407780673281809
0.000693227144579075
0.000117848614578443
2.00342644783352e-05
3.40582496131699e-06
5.78990243423888e-07
9.84283413820609e-08
0.830000016732818
0.141100002844579
0.853987000483578
0.145177790082208
0.0246802243139754
0.00419563813337582
0.000713258482673888
0.000121253942054561
2.06131701492754e-05
3.50423892537681e-06
5.95720617314057e-07
1.0127250494339e-07
1.72163258403762e-08
0.830000002926775
0.141100000497552
0.0239870000845838
0.00407779001437924
0.000693224302444471
0.00011784813141556
0.830020034182341
0.971103405810998
0.16508757898787
0.0280648884279378
0.83477103103275
0.141911075275567
0.0241248827968464
0.834101230075464
0.971797209112829
0.995205525549181
0.999184939343361
0.999861439688371
0.169976444747023
0.0288959956069939
1.66491231925319
0.283035094273042
0.0481159660264171
0.00817971422449091
0.00139055141816345
0.000236393741087787
4.01869359849238e-05
6.83177911743704e-06
1.1614024499643e-06
1.9743841649393e-07
3.35645308039681e-08
5.70597023667458e-09
9.70014940234678e-10
1.64902539839895e-10
2.80334317727822e-11
4.76568340137297e-12
8.10166178233404e-13
1.37728250299679e-13
2.34138025509454e-14
3.98034643366071e-15
6.7665889372232e-16
1.15032011932794e-16
1.9555442028575e-17
3.32442514485776e-18
5.65152274625818e-19
0.83
0.9711
0.165087
0.02806479
0.00477101429999999
0.000811072430999999
0.00013788231327
2.34399932558999e-05
3.98479885350299e-06
6.77415805095508e-07
1.15160686866236e-07
1.95773167672602e-08
3.32814385043423e-09
5.65784454573818e-10
0.830000000096183
0.141100000016351
0.0239870000027797
0.00407779000047254
0.000693224300080332
0.000117848131013656
2.00341822723216e-05
3.40581098629467e-06
5.78987867670093e-07
9.84279375039158e-08
0.830000016732749
0.141100002844567
0.0239870004835764
0.00407779008220799
0.000693224313975359
0.000117848133375811
2.00341826738878e-05
3.40581105456093e-06
5.78987879275358e-07
9.84279394768109e-08
1.67327497110578e-08
2.84456745087983e-09
4.83576466649571e-10
8.22079993304270e-11
1.39753598861726e-11
2.37581118064934e-12
4.03887900710388e-13
6.86609431207659e-14
0.830000000000012
0.141100000000002
0.0239870000000003
0.00407779000000005
0.000693224300000009
0.000117848131000001
2.00341822700002e-05
3.40581098590004e-06
5.78987867603006e-07
9.8427937492511e-08
1.67327493737269e-08
2.84456739353357e-09
4.83576456900706e-10
8.220799767312e-11
1.39753596044304e-11
2.37581113275317e-12
4.03887892568038e-13
6.86609417365664e-14
1.16723600952163e-14
1.98430121618677e-15
3.3733120675175e-16
5.73463051477975e-17
9.74887187512558e-18
1.65730821877135e-18
2.81742397191129e-19
4.78962075224919e-20
8.14235527882362e-21
1.38420039740001e-21
2.35314067558002e-22
4.00033914848604e-23
6.80057655242626e-24
1.15609801391246e-24
1.96536662365119e-25
3.34112326020702e-26
5.67990954235193e-27
9.65584622199828e-28
1.64149385773971e-28
2.7905395581575e-29
4.74391724886775e-30
8.06465932307517e-31
1.37099208492278e-31
2.33068654436872e-32
3.96216712542683e-33
6.7356841132256e-34
1.14506629924835e-34
1.9466127087222e-35
3.30924160482773e-36
5.62571072820714e-37
9.56370823795214e-38
1.62583040045186e-38
2.76391168076817e-39
4.69864985730588e-40
7.98770475742e-41
1.3579098087614e-41
2.30844667489438e-42
3.92435934732044e-43
6.67141089044474e-44
1.13413985137561e-44
1.92803774733853e-45
3.2776641704755e-46
5.57202908980834e-47
9.47244945267418e-48
1.61031640695461e-48
2.73753789182284e-49
4.65381441609882e-50
7.91148450736799e-51
1.34495236625256e-51
2.28641902262935e-52
3.88691233846989e-53
6.60775097539881e-54
1.1233176658178e-54
1.90964003189025e-55
0.83
0.1411
0.853987
0.14517779
0.0246802243
0.00419563813099999
0.000713258482269999
0.830121253941986
0.141120613170138
0.853990504238923
0.145178385720617
0.0246803255725049
0.00419565534732583
0.00071326140904539
0.000121254439537716
2.06132547214118e-05
3.50425330264e-06
5.95723061448799e-07
1.01272920446296e-07
1.72163964758703e-08
2.92678740089795e-09
4.97553858152651e-10
8.45841558859506e-11
0.830000000014379
0.141100000002444
0.0239870000004155
0.00407779000007064
0.000693224300012009
0.000117848131002041
2.0034182270347e-05
1.66000340581099
0.282200578987867
0.0479740984279375
0.00815559673274936
0.00138645144456739
0.000235696745576456
4.00684467479976e-05
0.830006811635947
0.971101157978111
0.995087196856279
0.999164823465567
0.169858019989146
0.0288758633981549
0.00490889677768633
0.000834512452206675
0.000141867116875135
2.41174098687729e-05
4.09995967769139e-06
6.96993145207536e-07
1.18488834685281e-07
2.01431018964978e-08
3.42432732240462e-09
0.830000000582136
0.141100000098963
0.0239870000168237
0.00407779000286003
0.000693224300486204
0.000117848131082655
2.00341822840513e-05
3.40581098828872e-06
0.830000578987868
0.141100098427937
1.68398701673275
1.11627779284457
0.189767224783576
0.032260428213208
0.00548427279624535
0.830932326375362
0.141258495483811
0.854013944232248
0.145182370519482
0.0246810029883119
0.834195770508013
0.141813280986362
0.854108257767682
0.145198403820506
0.024683728649486
0.00419623387041261
0.000713359757970144
0.000121271158854924
0.830020616097005
0.141103504736491
0.0239875958052034
0.00407789128688458
0.000693241518770379
0.000117851058190964
2.00346798924639e-05
3.40589558171887e-06
5.79002248892207e-07
9.84303823116752e-08
0.830000016733165
0.141100002844638
0.0239870004835884
0.00407779008221003
0.000693224313975706
0.00011784813337587
2.00341826738979e-05
3.40581105456264e-06
0.830000578987879
0.141100098427939
0.0239870167327497
0.00407779284456745
0.000693224783576466
0.000117848213207999
2.00341962453598e-05
3.40581336171117e-06
5.78988271490899e-07
9.84280061534528e-08
1.6732761046087e-08
2.84456937783478e-09
4.83576794231913e-10
8.22080550194251e-11
1.39753693533023e-11
2.37581279006139e-12
4.03888174310435e-13
6.8660989632774e-14
1.16723682375716e-14
1.98430260038717e-15
3.37331442065818e-16
5.73463451511891e-17
9.74887867570214e-18
1.65730937486936e-18
0.83
0.1411
0.023987
0.00407779
0.000693224299999999
0.000117848131
2.003418227e-05
3.40581098589999e-06
5.78987867602998e-07
9.84279374925096e-08
1.67327493737266e-08
0.830000002844567
0.141100000483576
0.023987000082208
0.00407779001397535
0.00069322430237581
0.830117848131404
0.141120034182339
0.0239904058109976
0.00407836898786958
0.000693322727937829
0.000117864863749431
0.830020037026837
0.141103406294562
0.0239875790700756
0.834077888441913
1.80179324103513
0.306304850975971
0.0520718246659151
0.00885221019320556
0.00150487573284494
0.00025582887458364
4.34909086792189e-05
7.3934544754672e-06
1.25688726082942e-06
2.13670834341002e-07
3.63240418379703e-08
0.830000006175087
0.141100001049765
0.02398700017846
0.0040777900303382
0.830693224305158
0.141217848131877
0.024007034182419
0.00408119581101123
0.000693803287871909
1.66011794655894
0.282220050915019
0.0479774086555533
0.838156159471444
0.142486547110145
0.854222713008725
0.145217861211483
0.0246870364059521
0.00419679618901186
0.000713455352132016
0.000121287409862443
2.06188596766152e-05
3.50520614502459e-06
5.9588504465418e-07
1.01300457591211e-07
1.72210777905058e-08
2.92758322438598e-09
4.97689148145617e-10
8.46071551847548e-11
1.43832163814083e-11
2.44514678483941e-12
4.156749534227e-13
7.06647420818589e-14
1.2013006153916e-14
2.04221104616572e-15
0.83
0.9711
0.165087
0.85806479
0.1458710143
0.024798072431
0.00421567231327
0.000716664293255899
0.000121832929853503
2.07115980750955e-05
3.52097167276623e-06
5.98565184370258e-07
1.01756081342944e-07
1.72985338283004e-08
2.94075075081108e-09
4.99927627637883e-10
8.498769669844e-11
1.44479084387348e-11
2.45614443458491e-12
4.17544553879435e-13
7.09825741595039e-14
1.20670376071157e-14
2.05139639320966e-15
3.48737386845642e-16
5.92853557637592e-17
1.00785104798391e-17
1.71334678157264e-18
2.91268952867349e-19
4.95157219874492e-20
0.83
0.1411
0.023987
0.00407779
0.000693224299999999
0.000117848131
2.003418227e-05
3.40581098589999e-06
5.78987867602998e-07
9.84279374925096e-08
1.67327493737266e-08
2.84456739353353e-09
4.83576456900699e-10
8.22079976731188e-11
1.39753596044302e-11
2.37581113275313e-12
4.03887892568032e-13
6.86609417365655e-14
1.16723600952161e-14
1.98430121618674e-15
3.37331206751746e-16
5.73463051477967e-17
9.74887187512544e-18
1.65730821877132e-18
2.81742397191125e-19
4.78962075224912e-20
8.14235527882351e-21
1.3842003974e-21
2.35314067557999e-22
4.00033914848598e-23
6.80057655242617e-24
1.15609801391245e-24
1.96536662365116e-25
3.34112326020697e-26
5.67990954235185e-27
0.83
0.1411
0.023987
0.00407779
0.000693224299999999
0.000117848131
2.003418227e-05
3.40581098589999e-06
5.78987867602998e-07
9.84279374925096e-08
1.67327493737266e-08
2.84456739353353e-09
4.83576456900699e-10
8.22079976731188e-11
1.39753596044302e-11
2.37581113275313e-12
4.03887892568032e-13
6.86609417365655e-14
1.16723600952161e-14
1.98430121618674e-15
3.37331206751746e-16
5.73463051477967e-17
9.74887187512544e-18
1.65730821877132e-18
2.81742397191125e-19
4.78962075224912e-20
8.14235527882351e-21
1.3842003974e-21
2.35314067557999e-22
4.00033914848598e-23
6.80057655242617e-24
1.15609801391245e-24
1.96536662365116e-25
3.34112326020697e-26
5.67990954235185e-27
9.65584622199815e-28
1.64149385773968e-28
2.79053955815746e-29
4.74391724886768e-30
8.06465932307506e-31
1.37099208492276e-31
2.33068654436869e-32
3.96216712542677e-33
6.73568411322551e-34
0.83
0.1411
0.023987
0.00407779
0.000693224299999999
0.000117848131
0.83002003418227
0.141103405810986
0.0239875789878676
0.00407788842793749
0.000693241032749373
0.000117850975567393
2.00346658464569e-05
0.830003405893194
0.141100579001843
0.0239870984303133
0.00407780673315326
0.830693227144636
0.141217848614588
0.02400703426448
0.00408119582496159
0.00069380329024347
0.00011794655934139
2.00509150880363e-05
3.40865556496617e-06
5.79471446044248e-07
9.85101458275221e-08
1.67467247906788e-08
2.84694321441539e-09
4.83980346450616e-10
8.22766588966046e-11
0.830000000013987
0.971100000002378
0.165087000000404
0.858064790000069
0.145871014300012
0.024798072431002
1.66421567231327
0.282916664293256
0.878095832929854
0.149276291598075
0.855376969571673
0.145414084827184
0.0247203944206213
0.00420246705150562
0.000714419398755956
0.830121451297789
0.971120646720624
0.165090509942506
0.028065386690226
0.834771115737339
0.141911089675347
0.0241248852448091
0.00410123049161754
0.830697209183575
0.971218525561208
0.165107149345405
0.858068215388719
0.145871596616082
0.854798171424734
0.145315689142205
0.0247036671541748
0.00419962341620971
0.000713935980755651
0.000121369116728461
2.06327498438383e-05
3.50756747345251e-06
5.96286470486926e-07
1.01368699982777e-07
1.72326789970722e-08
2.92955542950226e-09
0.830000000498024
0.141100000084664
0.0239870000143929
0.834077790002447
0.141793224300416
0.0241048481310707
0.00409782418228202
0.000696630110987943
0.00011842711886795
2.01326102075515e-05
3.42254373528376e-06
5.81832434998238e-07
0.830000098911514
0.971100016814957
0.165087002858543
0.0280647904859522
0.00477101438261188
0.000811072445044019
0.000137882315657483
2.34399936617721e-05
0.830003984798923
0.971100677415817
0.165087115160689
0.0280648095773171
0.0047710176281439
0.000811072996784463
0.000137882409453359
2.3440009607071e-05
3.98480163320206e-06
6.7741627764435e-07
1.1516076719954e-07
1.95773304239217e-08
3.32814617206669e-09
5.65784849251337e-10
9.61834243727272e-11
1.63511821433636e-11
2.77970096437181e-12
4.72549163943208e-13
8.03333578703454e-14
1.36566708379587e-14
2.32163404245298e-15
3.94677787217006e-16
6.70952238268911e-17
1.14061880505715e-17
1.93905196859715e-18
0.83
0.1411
2.513987
1.25737779
0.2137542243
1.696338218131
0.28837749708227
0.0490241745039859
0.00833410966567759
0.831416798643165
0.971340855769338
0.165127945480787
0.0280717507317338
0.00477219762439475
0.000811273596147107
0.000137916511345008
2.34458069286514e-05
3.98578717787073e-06
6.77583820238024e-07
1.15189249440464e-07
1.95821724048789e-08
3.32896930882941e-09
5.65924782500999e-10
9.62072130251698e-11
1.63552262142789e-11
2.78038845642741e-12
4.72666037592659e-13
0.83000000000008
0.141100000000014
0.0239870000000023
0.00407779000000039
0.8306932243
0.971217848131
0.16510703418227
0.0280681958109859
0.0047715932878676
0.830811170858938
0.141237899046019
0.0240104428378233
0.83408177528243
0.141793901798013
0.0241049633056622
0.00409784376196257
0.000696633439533637
0.830118427684721
0.141120132706402
0.0239904225600884
0.00407837183521503
0.000693323211986555
0.000117864946037714
2.00370408264114e-05
3.40629694048994e-06
5.79070479883289e-07
9.84419815801591e-08
1.6735136868627e-08
2.8449732676666e-09
4.83645455503321e-10
8.22197274355646e-11
1.3977353664046e-11
2.37615012288781e-12
4.03945520890928e-13
6.86707385514578e-14
1.16740255537478e-14
1.98458434413713e-15
3.37379338503312e-16
5.73544875455629e-17
9.75026288274569e-18
0.83
0.1411
0.023987
0.00407779
0.8306932243
0.141217848131
0.02400703418227
0.834081195810986
0.971793803287868
0.165204946558937
0.0280848409150194
0.00477442295555329
0.000811651902444059
0.00013798082341549
2.34567399806333e-05
3.98764579670766e-06
0.830000677899785
0.141100115242963
0.0239870195913038
0.00407779333052164
0.000693224866188679
0.000117848227252075
2.00341986328528e-05
3.40581376758497e-06
5.78988340489445e-07
9.84280178832057e-08
1.6732763040145e-08
2.84456971682464e-09
4.83576851860189e-10
0.830000000082208
0.141100000013975
0.0239870000023758
0.00407779000040388
0.00069322430006866
0.000117848131011672
2.00341822719843e-05
3.40581098623732e-06
5.78987867660345e-07
9.84279375022585e-08
1.67327493753839e-08
2.84456739381527e-09
4.83576456948596e-10
8.22079976812612e-11
1.39753596058144e-11
2.37581113298845e-12
4.03887892608036e-13
6.86609417433661e-14
1.16723600963722e-14
1.98430121638328e-15
3.37331206785157e-16
5.73463051534767e-17
9.74887187609103e-18
1.65730821893547e-18
2.8174239721903e-19
0.83
0.1411
0.023987
0.00407779
0.000693224299999999
0.000117848131
2.003418227e-05
3.40581098589999e-06
5.78987867602998e-07
9.84279374925096e-08
1.67327493737266e-08
2.84456739353353e-09
4.83576456900699e-10
8.22079976731188e-11
1.39753596044302e-11
2.37581113275313e-12
4.03887892568032e-13
6.86609417365655e-14
1.16723600952161e-14
1.98430121618674e-15
3.37331206751746e-16
5.73463051477967e-17
9.74887187512544e-18
1.65730821877132e-18
2.81742397191125e-19
4.78962075224912e-20
8.14235527882351e-21
1.3842003974e-21
2.35314067557999e-22
4.00033914848598e-23
6.80057655242617e-24
1.15609801391245e-24
1.96536662365116e-25
3.34112326020697e-26
5.67990954235185e-27
9.65584622199815e-28
0.83
0.1411
0.023987
0.00407779
0.000693224299999999
0.000117848131
2.003418227e-05
3.40581098589999e-06
5.78987867602998e-07
9.84279374925096e-08
1.67327493737266e-08
2.84456739353353e-09
4.83576456900699e-10
8.22079976731188e-11
1.39753596044302e-11
2.37581113275313e-12
4.03887892568032e-13
0.830000000000069
0.971100000000012
0.165087000000002
0.0280647900000003
0.00477101430000005
0.000811072431000008
0.000137882313270001
0.830023439993256
0.141103984798853
0.0239876774158051
0.00407790516068686
0.000693243877316766
0.00011785145914385
0.830020034748055
0.141103405907169
0.853987579004219
0.145177888430717
0.0246802410332219
0.834195640975648
0.14181325896586
0.0241082540241962
0.00409840318411335
0.00069672854129927
0.000118443852020876
2.01354548435489e-05
0.830003423027323
0.141100581914645
0.0239870989254896
0.834077806817333
0.971793227158947
0.165204848617021
0.0280848242648935
0.834774420125032
0.141911651421255
0.0241249807416134
0.00410124672607428
0.000697211943432627
0.000118526030383547
2.01494251652029e-05
3.42540227808449e-06
0.830000582318387
0.141100098994126
0.0239870168290014
0.83407779286093
0.141793224786358
0.0241048482136809
2.49409782419633
0.423996630113375
0.0720794271192738
0.0122535026102765
0.00208309544374701
0.000354126225436992
0.830060201458324
0.141110234247915
0.0239887398221456
0.00407808576976474
0.000693274580860006
0.830117856678746
0.141120035635387
0.853990406058016
1.80517836902986
1.96688032273508
0.334369654864963
0.0568428413270437
0.00966328302559742
0.00164275811435156
0.000279268879439765
0.830047475709505
0.141108070870616
0.0239883720480047
0.00407802324816079
0.000693263952187334
0.830117854871872
0.141120035328218
0.853990406005797
0.975178369020986
0.165780322733567
0.0281826548647065
0.0047910513270001
0.000814478725590016
0.000138461383350303
2.35384351695514e-05
4.00153397882374e-06
6.80260776400036e-07
1.15644331988006e-07
1.9659536437961e-08
3.34212119445337e-09
0.830000000568161
0.141100000096587
0.0239870000164198
0.00407779000279137
0.000693224300474532
0.00011784813108067
2.0034182283714e-05
3.40581098823137e-06
0.830000578987868
0.141100098427937
0.0239870167327494
0.834077792844568
0.141793224783576
0.024104848213208
0.00409782419624535
0.00069663011336171
0.000118427119271491
2.01326102761534e-05
3.42254374694608e-06
5.81832436980833e-07
9.89115142867416e-08
0.830000016814957
0.971100002858543
0.165087000485952
0.0280647900826119
0.00477101431404402
0.000811072433387482
0.830137882313676
0.141123439993325
0.0239909847988652
0.00407846741580709
0.830693339460687
0.141217867708317
0.0240070375104138
0.83408119637677
0.141793803384051
0.0241049465752886
0.00409784091779907
0.000696632956025841
0.830118427602524
0.141120132692429
0.0239904225577129
0.834078371834811
0.141793323211918
0.854104864946026
0.145197827040824
0.0246836305969401
0.00419621720147982
0.000713356924251569
0.000121270677122767
2.06160151108703e-05
3.50472256884796e-06
5.95802836704152e-07
1.01286482239706e-07
1.721870198075e-08
2.9271793367275e-09
0.830000000497621
0.141100000084595
0.0239870000143812
0.00407779000244481
0.000693224300415617
0.830117848131071
0.141120034182282
0.0239904058109879
0.00407836898786795
0.000693322727937551
0.000117864863749384
2.00370268373952e-05
3.40629456235718e-06
5.79070075600721e-07
9.84419128521225e-08
1.67351251848608e-08
2.84497128142634e-09
0.830000000483645
0.14110000008222
0.0239870000139773
0.00407779000237614
0.000693224300403944
0.00011784813106867
2.0034182281674e-05
3.40581098788457e-06
5.78987867940377e-07
9.84279375498641e-08
1.67327493834769e-08
0.830000002844567
0.971100000483576
0.165087000082208
0.0280647900139753
0.0047710143023758
0.830811072431404
0.141237882313339
0.0240104399932676
0.00408177479885548
0.000693901715805432
0.000117963291686923
2.0053759586777e-05
3.40913912975208e-06
5.79553652057854e-07
9.85241208498351e-08
1.6749100544472e-08
0.830000002847347
0.141100000484049
0.853987000082288
0.145177790013989
0.854680224302378
0.145295638131404
0.854700258482339
0.145299043941998
0.0247008374701396
0.00419914236992372
0.000713854202887033
0.000121355214490796
2.06303864634352e-05
3.50716569878399e-06
5.96218168793278e-07
1.01357088694857e-07
1.72307050781257e-08
2.92921986328137e-09
4.97967376757833e-10
8.46544540488315e-11
1.43912571883014e-11
2.44651372201123e-12
4.15907332741909e-13
7.07042465661245e-14
1.20197219162412e-14
2.043352725761e-15
3.47369963379369e-16
5.90528937744927e-17
1.00389919416638e-17
1.70662863008284e-18
2.90126867114082e-19
4.9321567409394e-20
8.38466645959697e-21
1.42539329813148e-21
2.42316860682352e-22
4.11938663159999e-23
7.00295727371998e-24
1.1905027365324e-24
2.02385465210507e-25
0.83
0.9711
0.165087
0.02806479
0.00477101429999999
0.000811072430999999
0.00013788231327
2.34399932558999e-05
3.98479885350299e-06
6.77415805095508e-07
1.15160686866236e-07
1.95773167672602e-08
3.32814385043423e-09
5.65784454573818e-10
9.61833572775491e-11
1.63511707371833e-11
2.77969902532117e-12
4.72548834304598e-13
8.03333018317816e-14
1.36566613114029e-14
2.32163242293849e-15
3.94677511899543e-16
6.70951770229222e-17
1.14061800938968e-17
1.93905061596245e-18
3.29638604713616e-19
5.60385628013148e-20
9.52655567622351e-21
1.619514464958e-21
2.75317459042859e-22
4.6803968037286e-23
7.95667456633862e-24
1.35263467627757e-24
2.29947894967186e-25
3.90911421444216e-26
6.64549416455167e-27
1.12973400797378e-27
1.92054781355543e-28
3.26493128304423e-29
5.55038318117519e-30
9.43565140799782e-31
1.60406073935963e-31
2.72690325691137e-32
4.63573553674932e-33
7.88075041247385e-34
1.33972757012055e-34
2.27753686920494e-35
3.8718126776484e-36
6.58208155200227e-37
1.11895386384039e-37
0.83
0.1411
0.023987
0.00407779
0.000693224299999999
0.000117848131
2.003418227e-05
3.40581098589999e-06
5.78987867602998e-07
9.84279374925096e-08
1.67327493737266e-08
2.84456739353353e-09
4.83576456900699e-10
8.22079976731188e-11
1.39753596044302e-11
2.37581113275313e-12
0.830000000000404
0.141100000000069
0.853987000000012
0.145177790000002
0.0246802243000003
0.00419563813100005
0.000713258482270008
0.000121253941985901
2.06131701376032e-05
3.50423892339255e-06
5.95720616976733e-07
1.01272504886045e-07
0.830000017216326
0.141100002926775
0.0239870004975518
0.0040777900845838
0.000693224314379246
0.000117848133444472
2.00341826855602e-05
3.40581105654523e-06
5.78987879612689e-07
9.84279395341572e-08
1.67327497208067e-08
2.84456745253714e-09
0.830000000483577
0.971100000082208
0.165087000013975
1.68806479000238
0.286971014300404
0.878785072431069
0.149393462313282
0.0253968885932579
0.00431747106085384
0.000733970080345152
0.000124774913658676
2.12117353219749e-05
3.60599500473573e-06
0.830000613019151
0.141100104213256
0.853987017716254
0.975177793011763
0.995780224812
0.16928263821804
0.858778048497067
1.8059922682445
1.13701868560157
0.193293176552266
0.0328598400138852
0.835586172802361
0.142049649376401
0.0241484403939882
0.00410523486697799
0.000697889927386258
0.000118641287655664
2.01690189014628e-05
3.42873321324868e-06
5.82884646252276e-07
9.90903898628868e-08
1.68453662766908e-08
2.86371226703743e-09
4.86831085396362e-10
8.27612845173816e-11
0.830000000014069
0.141100000002392
0.0239870000004066
0.00407779000006912
1.66069322430001
0.282317848131002
0.0479940341822703
0.00815898581098595
0.00138702758786761
0.000235794689937494
4.00850972893739e-05
6.81446653919356e-06
0.830001158459312
0.141100196938083
0.0239870334794741
0.00407779569151059
0.830693225267557
0.141217848295485
0.0240070342102324
0.0040811958157395
1.66069380328868
0.282317946559075
0.0479940509150427
0.838158988655557
0.972487028071445
0.995322794772146
0.169204875111265
0.028764828768915
0.00489002089071555
0.000831303551421642
0.830141321603742
0.141124024672636
0.0239910841943481
0.00407848431303918
0.830693342333217
0.141217868196647
0.0240070375934299
0.00408119639088309
0.83069380338645
0.141217946575696
0.0240070509178684
0.00408119865603762
0.000693803771526396
0.000117946641159487
2.00509289971128e-05
3.40865792950918e-06
5.7947184801656e-07
9.85102141628152e-08
0.830000016746737
0.141100002846945
0.0239870004839807
0.00407779008227671
0.830693224313987
0.971217848133378
0.165107034182674
0.0280681958110546
0.00477159328787928
0.83081117085894
0.14123789904602
0.0240104428378233
0.00408177528242996
0.830693901798013
0.971217963305662
0.165107053761963
0.858068199139534
0.145871593853721
0.0247981709551325
0.834215689062373
0.141816667140603
0.0241088334139025
0.00409850168036343
0.000696745285661783
0.000118446698562503
0.830020135938756
0.141103423109588
0.02398758192863
0.834077888927867
0.971793241117737
0.165204850990015
0.0280848246683026
0.00477442019361144
0.830811651432914
0.141237980743595
0.854010456726411
0.14518177764349
0.0246809021993933
0.00419575337389685
0.000713278073562465
0.000121257272505619
2.06137363259552e-05
3.50433517541239e-06
5.95736979820105e-07
1.01275286569418e-07
1.6600000172168
0.282200002926856
0.0479740004975654
0.00815558008458612
0.00138644861437964
0.000235696264444539
4.00683649555716e-05
6.81162204244716e-06
1.15797574721602e-06
0.830000196855877
0.971100033465499
0.165087005689135
0.0280647909671529
0.834771014464416
0.141911072458951
0.0241248823180216
0.00410122999406367
0.000697209098990824
0.00011852554682844
2.01493429608348e-05
0.830003425388303
0.141100582316012
0.023987098993722
0.00407780682893273
0.830693227160919
