0
0
0
0
0
0
0
0
0
0
0
0
0
0.62
0.2356
0.089528
0.03402064
0.0129278432
0.004912580416
0.00186678055808
0.0007093766120704
0.000269563112586752
0.000102433982782966
3.8924913457527e-05
1.47914671138603e-05
5.6207575032669e-06
2.13588785124142e-06
8.1163738347174e-07
3.08422205719261e-07
1.17200438173319e-07
4.45361665058613e-08
1.69237432722273e-08
6.43102244344637e-09
2.44378852850962e-09
9.28639640833656e-10
3.52883063516789e-10
1.3409556413638e-10
5.09563143718244e-11
1.93633994612933e-11
7.35809179529144e-12
2.79607488221075e-12
1.06250845524008e-12
4.03753212991232e-13
1.53426220936668e-13
5.83019639559339e-14
2.21547463032549e-14
8.41880359523686e-15
3.19914536619001e-15
1.2156752391522e-15
4.61956590877837e-16
1.75543504533578e-16
6.67065317227596e-17
2.53484820546487e-17
9.63242318076649e-18
3.66032080869127e-18
1.39092190730268e-18
5.28550324775019e-19
2.00849123414507e-19
7.63226668975127e-20
2.90026134210548e-20
1.10209931000008e-20
4.18797737800032e-21
1.59143140364012e-21
6.04743933383246e-22
2.29802694685634e-22
8.73250239805407e-23
3.31835091126055e-23
1.26097334627901e-23
4.79169871586023e-24
1.82084551202689e-24
6.91921294570217e-25
2.62930091936683e-25
9.99134349359394e-26
3.7967105275657e-26
1.44275000047496e-26
5.48245000180487e-27
2.08333100068585e-27
7.91665780260623e-28
3.00832996499037e-28
1.14316538669634e-28
4.34402846944609e-29
1.65073081838951e-29
6.27277710988015e-30
2.38365530175446e-30
9.05789014666694e-31
3.44199825573344e-31
1.30795933717871e-31
4.97024548127908e-32
1.88869328288605e-32
7.177034474967e-33
2.72727310048746e-33
1.03636377818523e-33
3.93818235710389e-34
1.49650929569948e-34
5.68673532365802e-35
2.16095942299005e-35
8.21164580736218e-36
3.12042540679763e-36
1.1857616545831e-36
4.50589428741578e-37
1.71223982921799e-37
6.50651135102838e-38
2.47247431339078e-38
9.39540239088498e-39
3.57025290853629e-39
1.35669610524379e-39
5.15544519992641e-40
1.95906917597203e-40
7.44446286869373e-41
2.82889589010362e-41
1.07498043823937e-41
4.08492566530963e-42
1.55227175281766e-42
5.8986326607071e-43
0.62
0.2356
0.089528
0.03402064
0.0129278432
0.004912580416
0.00186678055808
0.0007093766120704
0.000269563112586752
0.620102433982783
0.235638924913458
0.0895427914671139
0.0340262607575033
0.0129299790878512
0.624913392053383
0.237467088980286
0.0902374938125086
0.0342902476487533
0.0130302941065262
0.00495151176047997
0.00188157446898239
0.000714998298213308
0.620271699353321
0.235703245754262
0.0895672333866196
0.0340355486869154
0.632933508501028
0.860514733230391
0.326995598627548
0.124258327478468
0.047218164441818
0.0179429024878908
0.00681830294539852
0.622590955119251
0.236584562945316
0.0899021339192199
0.0341628108893036
0.0129818681379354
0.624933109892415
0.237474581759118
0.0902403410684648
0.0342913296060166
0.0130307052502863
0.0049516679951088
0.00188163383814134
0.000715020858493711
0.00027170792622761
0.000103249011966492
3.92346245472669e-05
1.49091573279614e-05
5.66547978462534e-06
2.15288231815763e-06
8.18095280899899e-07
3.10876206741962e-07
1.18132958561945e-07
4.48905242535393e-08
1.70583992163449e-08
6.48219170221107e-09
2.46323284684021e-09
1.24000000093603
0.471200000355691
0.799056000135163
0.303641280051362
0.115383686419517
0.0438458008394166
0.0166614043189783
0.00633133364121176
0.00240590678366047
0.000914244577790979
0.620347412939561
0.235732016917033
0.0895781664284725
0.0340397032428196
0.0129350872322714
0.00491533314826314
0.62186782659634
0.236309774106609
0.0897977141605115
0.0341231313809944
0.0129667899247779
0.00492738017141559
0.00187240446513792
0.000711513696752411
0.000270375204765916
0.620102742577811
0.235639042179568
0.0895428360282359
0.65402627769073
0.248529985522477
0.0944413944985414
0.0358877299094457
0.633637337365589
0.240782188198924
0.0914972315155911
0.0347689479759246
0.633212200230851
0.240620636087724
0.0914358417133349
0.0347456198510673
0.0132033355434056
0.625017267506494
0.237506561652468
0.0902524934279378
0.0342959475026164
0.633032460050994
0.240552334819378
0.711409887231364
0.270335757147918
0.102727587716209
0.0390364833321594
0.0148338636662206
0.00563686819316381
0.00214200991340225
0.620813963767093
0.855909306231495
0.325245536367968
0.123593303819828
0.0469654554515346
0.0178468730715832
0.0067818117672016
0.00257708847153661
0.000979293619183911
0.62037213157529
0.85574140999861
0.325181735799472
0.123569059603799
0.0469562426494437
0.0178433722067886
0.00678048143857968
0.62257658294666
0.236579101519731
0.0899000585774977
0.0341620222594491
0.0129815684585907
0.00493299601426446
0.00187453848542049
0.000712324624459787
0.000270683357294719
0.620102859675772
0.235639086676793
0.0895428529371815
0.034026284116129
0.012929987964129
0.00491339542636902
0.00186709026202023
0.000709494299567687
0.000269607833835721
0.000102450976857574
0.620038931371206
0.235614793921058
0.0895336216900021
0.0340227762422008
0.0129286549720363
0.0049128888893738
0.00186689777796204
0.000709421155625576
0.620269580039138
0.235702440414872
0.0895669273576515
0.0340354323959076
0.0129334643104449
0.00491471643796905
0.00186759224642824
0.620709685053643
0.235869680320384
0.089630478521746
0.0340595818382635
0.0129426410985401
0.00491820361744525
0.00186891737462919
0.000710188602359094
0.000269871668896456
0.000102551234180653
3.89694689886482e-05
1.48083982156863e-05
5.6271913219608e-06
2.1383327023451e-06
8.12566426891139e-07
3.08775242218633e-07
1.17334592043081e-07
0.620000044587145
0.235600016943115
0.0895280064383837
0.0340206424465858
0.0129278441297026
0.00491258076928699
0.00186678069232906
0.000709376663085042
0.000269563131972316
0.00010243399014948
3.89249162568024e-05
1.47914681775849e-05
5.62075790748227e-06
2.13588800484326e-06
8.11637441840439e-07
3.08422227899367e-07
1.17200446601759e-07
4.45361697086686e-08
1.69237444892941e-08
6.43102290593174e-09
2.44378870425406e-09
9.28639707616544e-10
3.52883088894287e-10
1.34095573779829e-10
5.0956318036335e-11
1.93634008538073e-11
7.35809232444677e-12
2.79607508328977e-12
1.06250853165011e-12
4.03753242027043e-13
0.620000000000153
0.235600000000058
0.0895280000000222
0.0340206400000084
0.0129278432000032
0.00491258041600122
0.00186678055808046
0.000709376612070576
0.000269563112586819
0.000102433982782991
3.89249134575366e-05
1.47914671138639e-05
0.620005620757503
0.235602135887851
0.0895288116373835
0.0340209484222057
0.0129279604004382
0.00491262495216651
0.621866797481823
0.236309383043093
0.0897975655563753
0.0341230749114226
0.0129667684663406
0.00492737201720943
0.00187240136653958
0.000711512519285041
0.000270374757328316
0.00010274240778476
3.90421149582088e-05
1.48360036841193e-05
5.63768139996535e-06
2.14231893198683e-06
8.14081194154996e-07
3.09350853778899e-07
1.17553324435981e-07
4.46702632856729e-08
1.69747000485557e-08
6.45038601845117e-09
2.45114668701145e-09
9.3143574106435e-10
3.53945581604453e-10
1.34499321009692e-10
5.1109741983683e-11
1.94217019537995e-11
7.38024674244382e-12
2.80449376212865e-12
1.06570762960889e-12
0.620000000000405
0.235600000000154
0.0895280000000585
0.0340206400000222
0.0129278432000084
0.00491258041600321
0.00186678055808122
0.000709376612070864
0.000269563112586928
0.000102433982783033
3.89249134575524e-05
1.47914671138699e-05
5.62075750327057e-06
2.13588785124282e-06
8.1163738347227e-07
3.08422205719463e-07
0.620000117200438
0.235600044536166
0.0895280169237433
0.0340206464310224
0.0129278456437885
0.00491258134463964
0.00186678091096306
0.000709376746165964
0.000269563163543066
0.000102434002146365
3.89249208156188e-05
1.47914699099351e-05
5.62075856577535e-06
0.620002135888255
0.235600811637537
0.089528308422264
0.0340207572004603
0.0129278877361749
0.00491259733974647
0.00186678698910366
0.620709379055859
0.235869564041227
0.0896304343356661
0.0340595650475531
0.0129426347180702
0.00491820119286667
0.00186891645328934
0.000710188252249947
0.00026987153585498
0.000102551183624892
3.89694497774591e-05
1.48083909154345e-05
5.6271885478651e-06
2.13833164818874e-06
8.1256602631172e-07
3.08775089998454e-07
0.620000117334534
0.235600044587123
0.0895280169431067
0.0340206464383806
0.0129278456465846
0.00491258134570215
0.00186678091136682
0.620709376746319
1.4758695631636
0.560830434002169
0.213115564920824
0.0809839146699131
0.650773887574567
0.247294077278335
0.0939717493657675
0.655709264758992
0.869169520608417
0.330284417831198
0.745508078775855
0.283293069934825
0.107651366575234
0.0409075192985887
0.0155448573334637
1.24590704578672
0.473444677398952
0.179908977411602
0.0683654114164087
0.0259788563382353
0.00987196540852942
0.00375134685524118
0.00142551180499165
0.000541694485896826
0.000205843904640794
7.82206837635017e-05
2.97238598301306e-05
1.12950667354496e-05
4.29212535947086e-06
1.63100763659893e-06
6.19782901907593e-07
2.35517502724885e-07
8.94966510354564e-08
3.40087273934734e-08
1.29233164095199e-08
4.91086023561756e-09
1.86612688953467e-09
7.09128218023176e-10
0.620000000269469
0.235600000102398
0.0895280000389113
0.0340206400147863
0.0129278432056188
0.00491258041813514
0.00186678055889135
0.000709376612378714
0.000269563112703911
0.620102433982827
0.235638924913474
0.70954279146712
0.269626260757506
0.102457979087852
0.0389340320533838
0.0147949321802859
0.00562207422850862
0.00213638820683328
0.000811827518596645
0.000308494457066725
0.000117227893685356
4.45465996004351e-05
1.69277078481653e-05
6.43252898230283e-06
2.44436101327508e-06
0.620000928857185
0.23560035296573
0.0895281341269775
0.0340206909682515
0.632927862567936
0.240512587775815
0.0913947833548099
0.0347300176748278
0.0131974067164345
0.00501501455224513
0.00190570552985315
0.620724168101344
0.235875183878511
0.0896325698738341
0.034060376552057
0.0129429430897816
0.00491831837411703
0.00186896098216447
0.000710205173222499
0.000269877965824549
0.620102553627013
0.855638970378265
0.325142808743741
0.123554267322621
0.666950621582596
0.253441236201387
0.0963076697565269
0.0365969145074802
0.0139068275128425
0.00528459445488014
0.00200814589285445
0.000763095439284693
0.000289976266928183
0.00011019098143271
0.620041872572944
0.235615911577719
0.0895340463995332
0.0340229376318226
0.0129287163000926
0.624912912194035
0.237466906633733
0.0902374245208187
0.0342902213179111
0.0130302841008062
0.00495150795830636
0.621881573024156
0.856314997749179
0.325399699144688
0.743651885674982
0.282587716556493
0.107383332291467
0.0408056662707576
0.0155061531828879
0.0058923382094974
0.00223908851960901
0.000850853637451424
0.000323324382231541
0.000122863265247986
4.66880407942345e-05
1.77414555018091e-05
6.74175309068747e-06
2.56186617446124e-06
9.7350914629527e-07
3.69933475592203e-07
1.40574720725037e-07
5.34183938755141e-08
2.02989896726954e-08
7.71361607562424e-09
2.93117410873721e-09
1.11384616132014e-09
4.23261541301653e-10
1.60839385694628e-10
0.620000000061119
0.235600000023225
0.0895280000088256
0.0340206400033537
0.0129278432012744
0.00491258041648428
0.00186678055826403
0.00070937661214033
0.000269563112613325
0.000102433982793064
3.89249134613642e-05
1.47914671153184e-05
5.62075750382099e-06
0.620002135887851
0.235600811637384
0.709528308422206
0.269620757200438
0.102455887736166
0.0389332373397433
0.0147946301891024
0.00562195947185893
0.00213634459930639
0.000811810947736429
0.000308488160139843
0.00011722550085314
4.45456903241934e-05
1.69273623231935e-05
0.620006432397683
0.235602444311119
0.0895289288382254
0.0340209929585257
0.0129279773242397
0.0049126313832111
0.00186679992562022
0.000709383971735683
0.00026956590925956
0.000102435045518633
3.89253172970804e-05
1.47916205728906e-05
5.62081581769841e-06
2.1359100107254e-06
8.11645804075651e-07
3.08425405548747e-07
1.17201654108524e-07
4.45366285612391e-08
1.69239188532709e-08
6.43108916424293e-09
2.44381388241231e-09
9.28649275316679e-10
3.52886724620338e-10
1.34096955355728e-10
5.09568430351768e-11
1.93636003533672e-11
7.35816813427953e-12
2.79610389102622e-12
1.06251947858996e-12
4.03757401864186e-13
1.53427812708391e-13
5.83025688291885e-14
2.21549761550916e-14
8.41889093893482e-15
3.19917855679523e-15
1.21568785158219e-15
4.61961383601232e-16
1.75545325768468e-16
6.67072237920178e-17
2.53487450409668e-17
9.63252311556738e-18
3.6603587839156e-18
0.62
0.2356
0.709528
0.26962064
0.1024558432
0.038933220416
0.01479462375808
0.0056219570280704
0.00213634367066675
0.000811810594853366
0.000308488026044279
0.000117225449896826
4.45456709607939e-05
1.69273549651017e-05
6.43239488673864e-06
2.44431005696068e-06
9.28837821645059e-07
3.52958372225122e-07
1.34124181445547e-07
5.09671889493077e-08
1.93675318007369e-08
7.35966208428003e-09
2.79667159202641e-09
1.06273520497004e-09
4.03839377888614e-10
1.53458963597673e-10
5.83144061671158e-11
2.2159474343504e-11
8.42060025053153e-12
3.19982809520198e-12
1.21593467617675e-12
4.62055176947166e-13
1.75580967239923e-13
6.67207675511708e-14
2.53538916694449e-14
9.63447883438906e-15
3.66110195706784e-15
1.39121874368578e-15
5.28663122600596e-16
2.00891986588227e-16
7.63389549035261e-17
2.90088028633399e-17
1.10233450880692e-17
4.18887113346629e-18
1.59177103071719e-18
6.04872991672532e-19
2.29851736835562e-19
8.73436599975136e-20
3.31905907990552e-20
1.2612424503641e-20
4.79272131138357e-21
1.82123409832575e-21
6.92068957363787e-22
2.62986203798239e-22
9.99347574433308e-23
3.79752078284657e-23
1.4430578974817e-23
5.48362001043045e-24
2.08377560396357e-24
1.24
0.4712
0.179056
0.06804128
0.6458556864
0.245425160832
0.09326156111616
0.0354393932241408
0.0134669694251735
0.00511744838156593
0.621944630384995
0.236338959546298
0.0898088046275933
0.0341273457584854
0.632968391388224
0.240527988727525
0.0914006357164596
0.0347322415722547
0.633198251797457
0.240615335683034
0.0914338275595528
0.0347448544726301
0.0132030446995994
0.00501715698584778
0.621906519654622
0.236324477468756
0.0898033014381274
0.654125254546488
0.248567596727666
0.0944556867565129
0.0358931609674749
0.0136394011676405
0.00518297244370338
0.00196952952860728
0.000748421220870768
0.000284400063930892
0.000108072024293739
4.10673692316208e-05
1.56056003080159e-05
0.620005930128117
0.235602253448684
0.0895288563105001
0.03402096539799
0.0129279668512362
0.00491262740346976
0.00186679841331851
0.000709383397061034
0.000269565690883193
0.000102434962535613
3.8925285763533e-05
1.47916085901426e-05
5.62081126425417e-06
2.13590828041658e-06
8.11645146558302e-07
3.08425155692155e-07
1.17201559163019e-07
0.620000044536593
0.235600016923905
0.089528006431084
0.0340206424438119
0.0129278441286485
0.00491258076888644
0.00186678069217685
0.000709376663027202
0.000269563131950337
0.620102433990141
0.855638924916254
0.325142791468176
0.123554260757907
0.0469506190880047
0.0178412352534418
0.626779669396308
0.238176274370597
0.0905069842608269
0.0343926540191142
0.0130692085272634
0.00496629924036009
0.621887193711337
0.236317133610308
0.089800510771917
0.0341241940933285
0.0129671937554648
0.00492753362707663
0.00187246277828912
0.000711535855749866
0.000270383625184949
0.62010274577757
0.235639043395477
0.0895428364902812
0.0340262778663068
0.0129299855891966
0.00491339452389471
0.00186708991907999
1.24070949416925
0.471469607784315
0.17915845095804
0.0680802113640551
0.0258704803183409
0.00983078252096956
0.00373569735796843
0.001419564996028
0.000539434698490642
0.620204985185426
0.235677894370462
0.0895575998607756
0.0340318879470947
0.012932117419896
0.62491420461956
0.237467397755433
0.0902376111470645
0.0342902922358845
0.0130303110496361
0.00495151819886173
0.00188157691556746
0.000714999227915633
0.000271699706607941
0.000103245888511017
0.620039233437634
0.235614908706301
0.0895336653083944
0.0340227928171899
0.0129286612705321
0.00491289128280222
0.00186689868746484
0.00070942150123664
0.000269580170469923
0.000102440464778571
3.89273766158569e-05
1.47924031140256e-05
5.62111318332974e-06
0.62000213602301
0.855600811688744
0.945128308441723
0.359148757207855
0.136476527738985
0.0518610805408142
0.0197072106055094
0.00748874003009357
0.00284572121143556
0.00108137406034551
0.000410922142931294
0.000156150414313892
0.620059337157439
0.235622548119827
0.0895365682855342
0.034023895948503
0.0129290804604311
0.00491305057496383
0.00186695921848626
0.000709444503024778
0.000269588911149416
0.000102443786236778
3.89286387699756e-05
1.47928827325907e-05
5.62129543838448e-06
2.1360922665861e-06
8.11715061302719e-07
3.08451723295033e-07
1.17211654852113e-07
0.620000044540429
0.235600016925363
0.0895280064316379
0.0340206424440224
0.0129278441287285
0.00491258076891684
0.0018667806921884
0.000709376663031591
0.000269563131952005
0.000102433990141762
3.89249162538695e-05
1.47914681764704e-05
5.62075790705875e-06
2.13588800468233e-06
8.11637441779284e-07
3.08422227876128e-07
1.17200446592929e-07
4.45361697053129e-08
1.69237444880189e-08
6.43102290544718e-09
2.44378870406993e-09
9.28639707546573e-10
3.52883088867698e-10
1.34095573769725e-10
5.09563180324955e-11
1.93634008523483e-11
7.35809232389236e-12
2.7960750830791e-12
1.06250853157006e-12
4.03753241996621e-13
1.53426231958716e-13
5.83019681443121e-14
2.21547478948386e-14
8.41880420003867e-15
3.19914559601469e-15
1.21567532648558e-15
4.61956624064522e-16
1.75543517144518e-16
6.6706536514917e-17
2.53484838756684e-17
9.63242387275401e-18
3.66032107164652e-18
1.39092200722568e-18
5.28550362745758e-19
2.00849137843388e-19
7.63226723804875e-20
2.90026155045852e-20
1.10209938917424e-20
4.18797767886211e-21
1.5914315179676e-21
6.04743976827688e-22
2.29802711194522e-22
8.73250302539182e-23
3.31835114964889e-23
1.26097343686658e-23
4.791699060093e-24
1.82084564283534e-24
6.91921344277429e-25
2.62930110825423e-25
9.99134421136608e-26
3.79671080031911e-26
1.44275010412126e-26
5.48245039566079e-27
2.0833311503511e-27
7.91665837133419e-28
3.00833018110699e-28
1.14316546882066e-28
4.3440287815185e-29
1.65073093697703e-29
6.27277756051271e-30
2.38365547299483e-30
9.05789079738035e-31
3.44199850300453e-31
1.30795943114172e-31
4.97024583833855e-32
1.88869341856865e-32
7.17703499056086e-33
2.72727329641313e-33
1.03636385263699e-33
3.93818264002056e-34
1.49650940320781e-34
5.68673573218968e-35
2.16095957823208e-35
8.2116463972819e-36
3.12042563096712e-36
1.18576173976751e-36
4.50589461111653e-37
1.71223995222428e-37
6.50651181845226e-38
2.47247449101186e-38
9.39540306584507e-39
3.57025316502113e-39
1.35669620270803e-39
5.15544557029051e-40
1.95906931671039e-40
7.44446340349949e-41
2.82889609332981e-41
1.07498051546533e-41
4.08492595876824e-42
1.55227186433193e-42
5.89863308446134e-43
2.24148057209531e-43
8.51762617396217e-44
3.23669794610563e-44
1.22994521952014e-44
4.67379183417652e-45
1.77604089698708e-45
6.7489554085509e-46
2.56460305524934e-46
9.7454916099475e-47
3.70328681178005e-47
1.40724898847642e-47
5.3475461562104e-48
2.03206753935995e-48
7.72185664956781e-49
0.62
0.2356
0.089528
0.03402064
0.0129278432
0.004912580416
0.00186678055808
0.0007093766120704
0.000269563112586752
0.000102433982782966
3.8924913457527e-05
1.47914671138603e-05
5.6207575032669e-06
2.13588785124142e-06
8.1163738347174e-07
3.08422205719261e-07
0.620000117200438
0.855600044536166
0.325128016923743
0.123548646431022
0.0469484856437885
0.0178404245446396
0.00677936132696306
0.622576157304246
0.236578939775613
0.0898999971147331
0.654161998903599
0.248581559583367
0.71446099264168
0.271495177203838
0.103168167337459
0.0392039035882342
0.014897483363529
0.625661043678141
0.237751196597694
0.0903454547071236
0.0343312727887069
0.0130458836597086
0.00495743579068928
0.00188382560046193
0.000715853728175533
0.620272024416707
0.855703369278349
0.325167280325772
0.123563566523794
0.0469541552790415
0.0178425790060358
0.0067801800222936
0.00257646840847157
0.000979057995219196
0.000372042038183294
0.000141375974509652
5.37228703136677e-05
0.620020414690719
0.235607757582473
0.70953094788134
0.269621760194909
0.102456268874065
0.0389333821721449
0.634794685225415
0.241221980385658
0.71166435254655
0.890432453967689
0.338364332507722
0.128578446352934
0.048859809614115
0.0185667276533637
0.00705535650827821
0.00268103547314572
0.00101879347979537
0.620387141522322
0.855747113778482
0.325183903235823
0.123569883229613
0.0469565556272529
0.0178434911383561
0.00678052663257532
0.00257660012037862
0.000979108045743876
0.000372061057382673
1.24014138320181
0.471253725616686
0.179076415734341
0.688049037979049
0.261458634432039
0.0993542810841748
0.0377546268119864
0.0143467581885548
0.00545176811165084
0.622071671882427
0.236387235315322
0.709827149419823
0.269734316779533
0.102499040376222
0.0389496353429645
0.634800861430327
0.241224327343524
0.0916652443905391
0.0348327928684049
0.633236461289994
0.240629855290198
0.0914393450102751
0.0347469511039045
0.0132038414194837
0.00501745973940382
0.00190663470097345
0.000724521186369911
0.000275318050820566
0.000104620859311815
0.620039755926538
0.235615107252085
0.0895337407557922
0.654022821487201
0.248528672165136
0.0944408954227518
0.0358875402606457
0.0136372652990454
0.00518216081363724
0.00196922110918215
0.000748304021489217
0.000284355528165903
0.000108055100703043
4.10609382671563e-05
0.620015603156541
0.235605929199486
0.0895302530958046
0.0340214961764057
0.0129281685470342
0.00491270404787299
0.621866827538192
0.236309394464513
0.709797569896515
0.269723076560676
0.102494769093057
0.0389480122553616
0.634800244657037
0.241224092969674
0.0916651553284762
0.034832759024821
1.25323644842943
1.09622985040318
1.03656734315321
0.39389559039822
0.149680324351324
0.056878523253503
0.0216138388363311
0.00821325875780583
0.00312103832796621
0.00118599456462716
0.620450677934558
0.235771257615132
0.0895930778937502
0.0340453695996251
0.632937240447857
0.240516151370186
0.0913961375206706
0.0347305322578548
0.0131976022579848
0.00501508885803424
0.00190573376605301
0.000724178831100144
0.000275187955818055
0.000104571423210861
3.97371408201271e-05
1.51001135116483e-05
5.73804313442635e-06
2.18045639108201e-06
8.28573428611165e-07
0.620000314857903
0.235600119646003
0.0895280454654812
0.0340206572768828
0.0129278497652155
0.00491258291078188
0.00186678150609712
0.000709376972316904
0.000269563249480423
0.000102434034802561
3.89249332249732e-05
1.47914746254898e-05
0.620005620760358
0.855602135888936
0.325128811637796
0.123548948422362
0.666948600400498
0.253440468152189
0.0963073778978319
0.0365968036011761
0.633906785368447
0.86088457844001
0.327136139807204
0.124311733126737
0.0472384585881602
0.0179506142635009
0.00682123342013034
0.00259206869964953
0.620984986105867
0.235974294720229
0.0896702319936872
0.0340746881576011
0.0129483814998884
0.0049203849699576
0.00186974628858389
0.000710503589661878
0.000269991364071514
0.000102596718347175
3.89867529719266e-05
1.48149661293321e-05
5.6296871291462e-06
2.13928110907555e-06
8.12926821448711e-07
3.0891219215051e-07
1.17386633017194e-07
4.46069205465337e-08
1.69506298076828e-08
6.44123932691946e-09
2.44767094422939e-09
0.620000000930115
0.235600000353444
0.0895280001343086
0.0340206400510373
0.0129278432193942
0.00491258042336978
0.00186678056088052
0.000709376613134597
0.000269563112991147
0.000102433982936636
3.89249135159216e-05
1.47914671360502e-05
5.62075751169908e-06
2.13588785444565e-06
8.11637384689347e-07
3.08422206181952e-07
1.17200438349142e-07
4.45361665726738e-08
1.69237432976161e-08
6.4310224530941e-09
2.44378853217576e-09
9.28639642226788e-10
3.5288306404618e-10
1.34095564337548e-10
5.09563144482683e-11
1.9363399490342e-11
7.35809180632995e-12
2.79607488640538e-12
1.06250845683404e-12
4.03753213596937e-13
1.53426221166836e-13
5.83019640433977e-14
2.21547463364911e-14
8.41880360786663e-15
0.620000000000003
0.235600000000001
0.0895280000000005
0.0340206400000002
0.0129278432000001
0.00491258041600003
0.00186678055808001
0.000709376612070404
0.000269563112586753
0.000102433982782966
3.89249134575272e-05
1.47914671138603e-05
5.62075750326693e-06
2.13588785124143e-06
8.11637383471744e-07
3.08422205719263e-07
1.1720043817332e-07
4.45361665058615e-08
1.69237432722274e-08
6.43102244344641e-09
2.44378852850963e-09
9.28639640833661e-10
3.52883063516791e-10
1.34095564136381e-10
5.09563143718247e-11
1.93633994612934e-11
0.620000000007358
0.235600000002796
0.0895280000010625
0.0340206400004038
0.632927843200153
0.240512580416058
0.0913947805581022
0.654730016612079
0.24879740631259
0.0945430143987842
0.035926345471538
0.0136520112791844
0.00518776428609009
0.00197135042871423
0.000749113162911409
0.000284663001906335
0.000108171940724407
4.11053374752748e-05
1.56200282406044e-05
5.93561073142968e-06
0.620002255532078
0.85560085710219
0.325128325698832
0.123548763765556
0.0469485302309113
0.0178404414877463
0.0067793677653436
0.622576159750831
0.236578940705316
0.0898999974680199
0.0341619990378476
0.0129815596343821
0.00493299266106519
0.00187453721120477
0.620712324140258
0.855870683173298
0.325230859605853
0.123587726650224
0.0469633361270852
0.0178460677282924
0.0067815057367511
0.00257697217996542
0.000979249428386859
0.000372114782787007
0.000141403617459062
5.37333746344437e-05
2.04186823610886e-05
7.75909929721368e-06
0.620002948457733
0.235601120413939
0.0895284257572966
0.0340208017877727
0.0129279046793536
0.624912603778154
0.237466789435699
0.0902373799855655
0.0342902043945149
0.0130302776699157
0.624951505514568
0.237481572095536
0.710242997396304
0.269892339010595
0.722559088824026
0.27457245375313
0.104337532426189
0.039648262321952
0.0150663396823417
0.00572520907928986
0.00217557945013015
0.000826720191049456
0.000314153672598793
0.620119378395588
1.47564536379032
0.560745238240323
0.833083190531323
1.5565716124019
0.591497212712723
0.224768940830835
0.0854121975157172
0.652456635055973
0.24793352132127
0.714214738102082
0.271401600478791
0.103132608181941
0.659190391109137
0.250492348621472
0.0951870924761594
0.0361710951409406
0.0137450161535574
0.00522310613835182
0.00198478033257369
0.000754216526378003
0.000286602280023641
0.000108908866408984
4.13853692354138e-05
1.57264403094572e-05
5.97604731759375e-06
2.27089798068563e-06
8.62941232660538e-07
3.27917668411004e-07
0.620000124608714
0.235600047351311
0.0895280179934983
0.0340206468375294
0.632927845798261
0.240512581403339
0.0913947809332689
0.0347300167546422
0.013197406366764
0.62501501441937
0.237505705479361
0.0902521680821571
0.0342958238712197
0.0130324130710635
0.00495231696700412
0.00188188044746157
0.000715114570035395
0.00027174353661345
0.000103262543913111
3.92397666869822e-05
0.620014911111341
0.23560566622231
0.0895301531644776
0.0340214582025015
0.0129281541169506
0.00491269856444122
0.00186682545448766
0.000709393672705312
0.000269569595628018
0.000102436446338647
3.89258496086859e-05
1.47918228513006e-05
5.62089268349424e-06
2.13593921972781e-06
8.11656903496568e-07
3.08429623328696e-07
1.17203256864904e-07
4.45372376086637e-08
0.62000001692415
0.235600006431177
0.0895280024438473
0.034020640928662
0.0129278435528915
0.624912580550099
0.237466780609038
0.0902373766314343
0.034290203119945
0.633030277185579
0.24055150533052
0.0914095720255976
0.654735637369727
0.868799542200496
0.330143826036189
0.125454653893752
0.0476727684796256
0.0181156520222577
0.00688394776845794
0.00261590015201402
0.000994042057765327
0.000377735981950824
0.000143539673141313
5.4545075793699e-05
2.07271288016056e-05
0.620007876308945
0.855602992997399
0.325129137339012
0.123549072188824
0.0469486474317533
0.0178404860240662
0.00677938468914517
0.00257616618187517
0.000978943149112563
0.000371998396662774
0.000141359390731854
5.37165684781046e-05
2.04122960216797e-05
7.7566724882383e-06
2.94753554553055e-06
1.12006350730161e-06
4.25624132774612e-07
1.61737170454353e-07
6.1460124772654e-08
2.33548474136085e-08
8.87484201717123e-09
3.37243996652507e-09
1.28152718727953e-09
4.8698033116622e-10
1.85052525843164e-10
7.03199598204022e-11
2.67215847317528e-11
1.01542021980661e-11
3.85859683526511e-12
1.46626679740074e-12
5.57181383012281e-13
2.11728925544667e-13
8.04569917069734e-14
3.05736568486499e-14
1.1617989602487e-14
0.620000000000004
0.235600000000002
0.0895280000000006
0.0340206400000002
0.0129278432000001
0.00491258041600004
0.00186678055808001
0.000709376612070405
0.000269563112586754
0.000102433982782967
3.89249134575273e-05
1.47914671138604e-05
5.62075750326694e-06
2.13588785124144e-06
8.11637383471746e-07
3.08422205719263e-07
1.1720043817332e-07
0.620000044536167
0.235600016923743
0.709528006431022
0.269620642443789
0.10245584412864
0.0389332207688831
0.0147946238921756
0.00562195707902672
0.00213634369003015
0.000811810602211458
0.000308488028840354
0.000117225450959334
4.45456713645471e-05
1.69273551185279e-05
0.620006432394945
0.235602444310079
0.0895289288378301
0.0340209929583754
0.0129279773241827
0.00491263138318941
0.00186679992561198
0.000709383971732551
0.000269565909258369
0.00010243504551818
3.89253172969085e-05
1.47916205728252e-05
5.62081581767359e-06
2.13591001071597e-06
8.11645804072067e-07
3.08425405547385e-07
0.620000117201654
0.235600044536629
0.0895280169239189
0.0340206464310892
0.0129278456438139
0.00491258134464928
0.00186678091096672
0.000709376746167355
0.000269563163543595
0.000102434002146566
3.89249208156951e-05
1.47914699099642e-05
5.62075856578638e-06
2.13588825499882e-06
8.11637536899553e-07
3.0842226402183e-07
1.17200460328295e-07
0.620000044536175
0.235600016923746
0.0895280064310237
0.034020642443789
0.0129278441286398
0.00491258076888313
0.00186678069217559
0.000709376663026724
0.000269563131950155
0.000102433990141059
3.89249162536024e-05
1.47914681763689e-05
5.62075790702019e-06
2.13588800466767e-06
8.11637441773715e-07
3.08422227874012e-07
1.17200446592124e-07
4.45361697050073e-08
1.69237444879028e-08
6.43102290540305e-09
2.44378870405316e-09
9.28639707540201e-10
3.52883088865276e-10
1.34095573768805e-10
5.09563180321459e-11
1.93634008522154e-11
7.35809232384187e-12
2.79607508305991e-12
1.06250853156277e-12
0.620000000000404
0.235600000000153
0.0895280000000583
0.0340206400000222
0.0129278432000084
0.0049125804160032
0.00186678055808122
0.000709376612070862
0.000269563112586928
0.000102433982783032
0.620038924913458
0.235614791467114
0.0895336207575033
0.0340227758878512
0.0129286548373835
0.00491288883820572
0.00186689775851817
0.000709421148236906
0.000269580036330024
0.000102440413805409
3.89273572460555e-05
0.620014792395754
0.235605621110386
0.0895301360219468
0.0340214516883398
0.0129281516415691
0.00491269762379627
0.00186682509704258
0.000709393536876181
0.000269569544012949
0.000102436426724921
3.89258421554698e-05
1.47918200190785e-05
5.62089160724984e-06
0.620002135938811
0.235600811656748
0.0895283084295643
0.0340207572032344
0.632927887737229
0.240512597340147
0.0913947869892559
0.0347300190559172
0.633197407241249
0.240615014751674
0.711433705605636
0.270344808130142
0.102731027089454
0.0390377902939925
0.634834360311717
0.241237056918453
0.711670081629012
0.890434631019025
0.338365159787229
0.128578760719147
0.668859929073276
0.254166773047845
0.716583373758181
0.272301682028109
0.723474639170681
0.274920362884859
0.104469737896246
0.0396985004005736
0.015085430152218
0.00573246345784283
0.00217833611398028
0.000827767723312505
0.000314551734858752
0.000119529659246326
4.54212705136038e-05
1.72600827951694e-05
6.55883146216439e-06
2.49235595562247e-06
9.47095263136537e-07
3.59896199991884e-07
1.36760555996916e-07
0.620000051969011
0.235600019748224
0.0895280075043252
0.0340206428516436
0.632927844283625
0.240512580827777
0.0913947807145554
0.034730016671531
0.0131974063351818
0.00501501440736908
0.00190570547480025
0.620724168080424
0.235875183870561
0.0896325698708132
0.034060376550909
0.0129429430893454
0.00491831837395126
0.00186896098210148
0.620710205173199
0.235869877965815
0.0896305536270099
0.0340596103782638
0.0129426519437402
0.00491820773862129
0.00186891894067609
0.000710189197456914
0.000269871895033627
0.000102551320112778
0.620038969501643
0.235614808410624
0.709533627196037
0.269622778334494
0.102456655767108
0.0389335291915009
0.0147947410927704
0.00562200161525274
0.00213636061379604
0.000811817033242495
0.000308490472632148
0.000117226379600216
4.45460242480822e-05
0.620016927489214
0.235606432445901
0.0895304443294425
0.0340215688451882
0.0129281961611715
0.00491271454124517
0.621866831525673
0.856309395979756
0.325397570472307
0.123651076779477
0.666987409176201
0.253455215486956
0.0963129818850434
0.656598933116316
0.8695075945842
0.950412885941996
0.981156896657958
0.992839620730024
0.377279055877409
0.143366041233416
1.2944790956687
0.491902056354105
0.18692278141456
0.0710306569375328
0.0269916496362625
0.0102568268617797
0.0038975942074763
0.00148108579884099
0.000562812603559578
0.000213868789352639
8.1270139954003e-05
3.08826531825211e-05
1.1735408209358e-05
4.45945511955605e-06
1.6945929454313e-06
6.43945319263894e-07
2.4469922132028e-07
9.29857041017063e-08
3.53345675586484e-08
1.34271356722864e-08
5.10231155546883e-09
1.93887839107815e-09
7.36773788609698e-10
2.79974039671685e-10
1.0639013507524e-10
0.620000000040428
0.855600000015363
0.325128000005838
0.123548640002218
0.046948483200843
0.0178404236163203
0.00677936097420173
0.00257615717019666
0.00097893972467473
0.000371997095376397
0.000141358896243031
5.37163805723518e-05
2.04122246174937e-05
7.7566453546476e-06
0.620002947525235
0.235601120059589
0.0895284256226439
0.0340208017366047
0.0129279046599098
0.00491260377076572
0.00186678943289097
0.000709379984498569
0.000269564394109456
0.000102434469761593
0.620038925098509
0.235614791537434
0.0895336207842248
0.0340227758980054
0.0129286548412421
0.00491288883967198
0.00186689775907535
0.000709421148448634
0.000269580036410481
0.000102440413835983
3.89273572576735e-05
1.47923957579159e-05
5.62111038800805e-06
2.13602194744306e-06
8.11688340028362e-07
3.08441569210778e-07
1.17207796300095e-07
4.45389625940363e-08
0.620000016924806
0.235600006431426
0.089528002443942
0.0340206409286979
0.0129278435529052
0.00491258055010398
0.00186678060903951
0.000709376631435015
0.000269563119945306
0.000102433985579216
3.89249145201022e-05
1.47914675176388e-05
5.62075765670275e-06
2.13588790954705e-06
8.11637405627877e-07
3.08422214138593e-07
1.17200441372665e-07
4.45361677216129e-08
1.69237437342129e-08
6.4310226190009e-09
2.44378859522034e-09
9.2863966618373e-10
3.52883073149817e-10
1.34095567796931e-10
5.09563157628336e-11
1.93633999898768e-11
7.35809199615318e-12
2.79607495853821e-12
1.06250848424452e-12
4.03753224012917e-13
1.53426225124909e-13
5.83019655474652e-14
2.21547469080368e-14
8.41880382505398e-15
3.19914545352051e-15
1.2156752723378e-15
4.61956603488362e-16
1.75543509325578e-16
6.67065335437195e-17
2.53484827466134e-17
9.6324234437131e-18
3.66032090861098e-18
1.39092194527217e-18
5.28550339203425e-19
2.00849128897302e-19
7.63226689809746e-20
2.90026142127703e-20
1.10209934008527e-20
4.18797749232404e-21
1.59143144708313e-21
6.04743949891591e-22
2.29802700958805e-22
8.73250263643458e-23
3.31835100184514e-23
1.26097338070115e-23
4.79169884666438e-24
1.82084556173246e-24
6.91921313458336e-25
2.62930099114168e-25
9.99134376633838e-26
3.79671063120858e-26
1.44275003985926e-26
5.4824501514652e-27
2.08333105755677e-27
7.91665801871574e-28
3.00833004711198e-28
1.14316541790255e-28
4.3440285880297e-29
1.65073086345129e-29
6.27277728111489e-30
2.38365536682366e-30
9.0578903939299e-31
0.62
0.2356
0.709528
0.26962064
0.1024558432
0.038933220416
0.01479462375808
0.62562195702807
0.237736343670667
0.710339810594853
0.269929128026044
0.102573068649897
0.0389777660869608
0.0148115511130451
0.00562838942295714
0.00213878798072371
0.000812739432675011
0.000308840984416504
0.000117359574078272
4.45966381497432e-05
1.69467224969024e-05
6.43975454882292e-06
2.44710672855271e-06
0.620000929900557
0.235600353362212
0.0895281342776404
0.0340206910255034
0.0129278625896913
0.00491258778408268
0.00186678335795142
1.24070937767602
0.471469563516888
0.179158434136418
0.0680802049718387
0.0258704778892987
0.0098307815979335
0.00373569700721473
0.621419564862742
0.856139434647842
0.94533298516618
0.979226534363148
0.372106083057996
0.141400311562039
0.0537321183935747
0.0204182049895584
0.00775891789603218
0.00294838880049223
0.00112038774418705
0.000425747342791078
0.00016178399026061
6.14779162990317e-05
2.3361608193632e-05
0.620008877411114
0.235603373416223
0.0895292818981648
0.0340211271213026
0.012928028306095
0.0049126507563161
0.00186680728740012
0.000709386769212045
0.620269566972301
0.235702435449474
1.3295669254708
1.1252354316789
0.427589464037984
0.162483996334434
0.0617439186070848
0.643462689070692
0.244515821846863
0.712916012301808
0.270908084674687
0.102945072176381
0.659119127427025
0.250465268422269
0.715176802000462
0.271767184760176
0.103271530208867
0.0392431814793694
0.0149124089621604
0.00566671540562094
0.622153351854136
0.236418273704572
0.0898389440077372
0.0341387987229402
0.0129727435147173
0.00492964253559256
0.00187326416352517
0.000711840382139565
0.000270499345213035
0.000102789751180953
0.620039060105449
0.235614842840071
0.0895336402792268
0.0340227833061062
0.0129286576563204
0.00491288990940173
0.00186689816557266
0.00070942130291761
0.620269580095109
0.235702440436141
0.0895669273657337
0.0340354323989788
0.0129334643116119
0.00491471643841254
0.00186759224659677
0.000709685053706771
0.000269680320408573
0.000102478521755258
3.89418382669979e-05
1.47978985414592e-05
5.6232014457545e-06
2.13681654938671e-06
8.1199028876695e-07
3.08556309731441e-07
1.17251397697948e-07
4.45555311252201e-08
1.69311018275836e-08
6.43381869448178e-09
2.44485110390308e-09
9.29043419483169e-10
3.53036499403604e-10
1.3415386977337e-10
0.620000000050978
0.235600000019372
0.0895280000073613
0.0340206400027973
0.012927843201063
0.00491258041640393
0.00186678055823349
0.000709376612128727
0.000269563112608916
0.000102433982791388
3.89249134607275e-05
0.620014791467115
0.235605620757504
0.0895301358878514
0.0340214516373835
0.0129281516222057
0.624912697616438
0.237466825094247
0.0902373935358137
0.0342902095436092
0.0130302796265715
0.00495150625809717
0.621881572378077
0.236314997503669
0.0897996990513943
0.65412388563953
1.48856707654302
0.565655489086348
0.214949085852812
0.0816806526240687
0.0310386479971461
0.0117946862389155
0.0044819807707879
0.0017031526928994
0.000647198023301772
0.000245935248854673
9.34553945647759e-05
0.620035513049935
0.235613494958975
0.0895331280844106
0.034022588672076
0.632928583695389
0.240512861804248
0.0913948874856142
0.0347300572445334
0.0131974217529227
1.24501502026611
0.473105707701122
0.179780168926426
0.688316464192042
0.261560256392976
0.719392897429331
0.273369301023146
0.103880334388795
0.0394745270677422
0.0150003202857421
0.00570012170858198
0.00216604624926115
0.000823097574719238
0.00031277707839331
0.000118855289789458
4.5165010119994e-05
1.71627038455977e-05
6.52182746132714e-06
2.47829443530431e-06
9.41751885415639e-07
3.57865716457943e-07
1.35988972254018e-07
5.16758094565269e-08
1.96368075934802e-08
7.46198688552249e-09
0.620000002835555
0.855600001077511
0.325128000409454
0.743548640155593
0.282548483259125
0.107368423638468
0.0408000009826177
0.0155040003733947
0.00589152014188999
0.0022387776539182
0.000850735508488915
0.000323279493225788
0.000122846207425799
4.66815588218037e-05
1.77389923522854e-05
6.74081709386846e-06
2.56151049567002e-06
9.73373988354606e-07
3.6988211557475e-07
1.40555203918405e-07
5.34109774889939e-08
2.02961714458177e-08
7.71254514941072e-09
2.93076715677608e-09
1.11369151957491e-09
4.23202777438465e-10
1.60817055426617e-10
6.11104810621144e-11
2.32219828036035e-11
0.620000000008824
0.235600000003353
0.0895280000012742
0.0340206400004842
0.012927843200184
0.00491258041606992
0.00186678055810657
0.000709376612080497
0.000269563112590589
0.000102433982784424
3.8924913458081e-05
1.47914671140708e-05
5.6207575033469e-06
2.13588785127182e-06
8.11637383483292e-07
3.08422205723651e-07
1.17200438174987e-07
4.45361665064952e-08
1.69237432724682e-08
6.43102244353791e-09
2.4437885285444e-09
9.28639640846874e-10
3.52883063521812e-10
1.34095564138289e-10
5.09563143725497e-11
1.93633994615689e-11
7.35809179539617e-12
2.79607488225055e-12
1.06250845525521e-12
4.03753212996979e-13
1.53426220938852e-13
5.83019639567637e-14
2.21547463035702e-14
8.41880359535668e-15
3.19914536623554e-15
0.620000000000001
0.2356
0.0895280000000002
0.0340206400000001
0.0129278432
0.00491258041600001
0.00186678055808
0.000709376612070401
0.000269563112586753
0.000102433982782966
3.89249134575271e-05
1.47914671138603e-05
5.62075750326691e-06
2.13588785124143e-06
8.11637383471742e-07
3.08422205719262e-07
1.17200438173319e-07
4.45361665058614e-08
1.69237432722273e-08
6.43102244344639e-09
2.44378852850963e-09
9.28639640833658e-10
3.5288306351679e-10
1.3409556413638e-10
5.09563143718245e-11
1.93633994612933e-11
7.35809179529146e-12
2.79607488221075e-12
1.06250845524009e-12
4.03753212991233e-13
1.53426220936669e-13
5.83019639559341e-14
2.21547463032549e-14
8.41880359523688e-15
3.19914536619001e-15
1.21567523915221e-15
4.61956590877838e-16
1.75543504533578e-16
6.67065317227598e-17
2.53484820546487e-17
9.63242318076652e-18
3.66032080869128e-18
1.39092190730268e-18
5.2855032477502e-19
0.62
0.2356
0.089528
0.03402064
0.0129278432
0.004912580416
0.62186678055808
0.23630937661207
0.0897975631125867
0.034123073982783
0.0129667681134575
0.00492737188311386
0.00187240131558327
0.620711512499922
0.23587037474997
0.0896307424049887
0.0340596821138957
0.63294267920328
0.240518218097247
0.0913969228769537
0.0347308306932424
0.0131977156634321
0.0050151319521042
0.0019057501417996
0.000724185053883847
0.000275190320475862
0.000104572321780828
3.97374822767145e-05
1.51002432651515e-05
5.73809244075757e-06
2.18047512748788e-06
0.620000828580548
0.855600314860608
0.325128119647031
0.743548685465872
0.282548500477031
0.107368430181272
1.28080000346888
0.486704001318176
0.804947520500907
0.305880057790345
0.736234421960331
0.279769080344926
0.106312250531072
0.0403986552018073
0.0153514889766868
0.625833565811141
0.857816755008234
0.325970366903129
0.123868739423189
0.667070120980812
0.253486645972708
0.0963249254696292
0.0366034716784591
0.633909319237814
0.86088554131037
0.32713650569794
0.744311872165217
0.282838511422783
0.727478634340657
0.27644188104945
0.105047914798791
0.0399182076235406
0.0151689188969454
0.00576418918083926
0.00219039188871892
0.000832348917713189
0.000316292588731012
0.000120191183717784
4.56726498127581e-05
1.73556069288481e-05
0.620006595130633
0.235602506149641
0.0895289523368634
0.654021001888008
0.248527980717443
0.0944406326726284
0.0358874404155988
0.0136372273579275
0.00518214639601246
0.00196921563048474
0.0007483019395842
0.000284354737041996
0.620108054800076
0.855641060824029
0.325143603113131
0.12355456918299
0.0469507362895361
0.0178412797900237
0.00677968632020901
0.00257628080167943
0.620978986704638
0.855972014947763
0.32526936568015
0.123602358958457
0.0469688964042136
0.0178481806336012
0.00678230864076845
0.00257727728349201
0.000979365367726964
0.000372158839736246
0.000141420359099774
5.3739736457914e-05
2.04210998540073e-05
7.76001794452278e-06
2.94880681891865e-06
1.12054659118909e-06
4.25807704651854e-07
1.61806927767704e-07
6.14866325517277e-08
2.33649203696565e-08
8.87866974046948e-09
3.3738945013784e-09
1.28207991052379e-09
4.87190365999041e-10
1.85132339079636e-10
0.62000000007035
0.235600000026733
1.94952800001016
1.36082064000386
0.517111843201467
1.43650250041656
0.545870950158292
0.207430961060151
0.0788237652028573
0.649953030777086
0.866982151695293
0.329453217644211
0.1251922227048
0.0475730446278241
0.0180777569585732
0.0068695476442578
0.00261042810481796
0.000991962679830826
0.000376945818335714
0.000143239410967571
5.44309761676771e-05
2.06837709437173e-05
7.85983295861257e-06
2.98673652427278e-06
1.13495987922366e-06
4.31284754104989e-07
1.63888206559896e-07
0.620000062277518
0.235600023665457
0.0895280089928737
0.034020643417292
0.632927844498571
0.860512580909457
0.326994780745594
0.124258016683326
0.0472180463396637
0.637942857609072
0.242418285891447
0.09211894863875
0.655005200482725
0.248901976183436
0.0945827509497055
0.0359414453608881
0.0136577492371375
0.625189944710112
0.237572178989843
0.0902774280161402
0.0343054226461333
0.0130360606055306
0.00495370303010165
0.00188240715143863
0.000715314717546678
0.000271819592667737
0.00010329144521374
3.92507491812213e-05
1.49152846888641e-05
5.66780818176836e-06
2.15376710907197e-06
8.1843150144735e-07
3.11003970549993e-07
1.18181508808997e-07
4.4908973347419e-08
1.70654098720192e-08
6.48485575136731e-09
2.46424518551958e-09
9.36413170497439e-10
3.55837004789027e-10
0.620000000135218
0.235600000051383
0.0895280000195255
0.0340206400074197
0.632927843202819
0.240512580417071
0.0913947805584871
0.654730016612225
0.868797406312646
0.330143014398805
0.125454345471546
0.0476726512791875
0.0181156074860912
0.00688393084471467
0.00261589372099158
0.000994039613976799
0.620377735053311
0.235743539320258
0.0895825449416981
0.0340413670778453
0.0129357194895812
0.00491557340604086
0.00186791789429553
0.0007098087998323
0.000269727343936274
0.000102496390695784
3.8948628464398e-05
1.48004788164712e-05
5.62418195025907e-06
0.620002137189141
0.235600812131874
0.089528308610112
0.0340207572718426
0.0129278877633002
0.00491259735005407
0.00186678699302054
0.000709379057347807
0.000269564041792167
0.000102434335881023
3.89250476347889e-05
1.47915181012198e-05
5.62077687846351e-06
2.13589521381613e-06
8.11640181250131e-07
3.0842326887505e-07
1.17200842172519e-07
4.45363200255572e-08
1.69238016097117e-08
6.43104461169046e-09
2.44379695244238e-09
9.28642841928103e-10
3.52884279932679e-10
1.34096026374418e-10
5.09564900222788e-11
0.620000000019364
0.235600000007358
0.0895280000027961
0.0340206400010625
0.0129278432004038
0.00491258041615343
0.0018667805581383
0.000709376612092555
0.000269563112595171
0.000102433982786165
3.89249134587427e-05
1.47914671143222e-05
5.62075750344244e-06
2.13588785130813e-06
8.11637383497089e-07
3.08422205728894e-07
1.1720043817698e-07
4.45361665072523e-08
1.69237432727559e-08
6.43102244364723e-09
2.44378852858595e-09
9.28639640862659e-10
3.52883063527811e-10
1.34095564140568e-10
5.09563143734158e-11
1.9363399461898e-11
7.35809179552125e-12
2.79607488229807e-12
1.06250845527327e-12
4.03753213003842e-13
1.5342622094146e-13
5.83019639577548e-14
2.21547463039468e-14
8.41880359549979e-15
3.19914536628992e-15
1.21567523919017e-15
0.62
0.2356
0.0895280000000001
0.03402064
0.0129278432
0.004912580416
0.00186678055808
0.0007093766120704
0.000269563112586752
0.000102433982782966
3.8924913457527e-05
1.47914671138603e-05
5.6207575032669e-06
2.13588785124142e-06
8.11637383471741e-07
3.08422205719261e-07
1.17200438173319e-07
0.620000044536167
0.855600016923743
0.325128006431022
0.123548642443789
0.0469484841286396
0.0178404239688831
0.00677936110817556
0.622576157221107
0.236578939744021
0.0898999971027278
0.0341619988990366
0.0129815595816339
0.00493299264102088
0.621874537203588
0.236312324137363
0.709798683172198
0.269723499605435
0.102494929850065
0.658948073343025
0.250400267870349
0.0951521017907328
0.0361577986804785
0.0137399634985818
0.00522118612946109
0.00198405072919521
0.620753939277094
0.235886496925296
0.0896368688316124
0.654062010156013
0.868543563859285
0.330046554266528
0.125417690621281
0.667658722436087
0.253710314525713
0.0964099195197709
0.036635769417513
0.0139215923786549
0.00529020510388887
0.00201027793947777
0.000763905617001553
0.620290284134461
0.235710307971095
0.0895699170290161
0.654036568471026
0.24853389601899
0.0944428804872162
1.89588829458514
0.720437551942354
0.273766269738095
0.104031182500476
0.0395318493501809
0.0150221027530687
0.625708399046166
0.237769191637543
0.0903522928222664
0.0343338712724612
0.0130468710835353
0.624957811011743
0.237483968184462
0.710243907910096
1.50989268500584
1.81375922030222
0.689228503714843
0.26190683141164
0.0995245959364233
0.0378193464558409
0.0143713516532195
0.625461113628223
0.237675223178725
0.0903165848079155
0.0343203022270079
0.013041714846263
0.62495585164158
0.2374832236238
0.710243624977044
0.889892577491277
0.338159179446685
0.12850048818974
0.0488301855121013
0.0185554704945985
0.00705107878794743
0.00267940993942003
0.00101817577697961
0.000386906795252252
0.000147024582195856
5.58693412344251e-05
2.12303496690816e-05
0.620008067532874
0.235603065662492
0.0895291649517471
0.0340210826816639
0.0129280114190323
0.00491264433923226
0.00186680484890826
0.000709385842585139
0.620269566620182
0.235702435315669
0.0895669254199543
0.654035431659583
0.248533464030641
0.0944427163316437
0.0358882322060246
0.0136375282382894
0.00518226073054996
0.00196925907760898
0.000748318449491414
0.000284361010806737
0.00010805718410656
0.620041061729961
0.855615603457385
0.325133929313806
0.123550893139246
0.0469493393929136
0.0178407489693072
0.626779484608337
0.238176204151168
0.0905069575774438
0.0343926438794287
0.633069204674183
0.24056629777619
0.091415193154952
0.654737773398882
0.248800353891575
0.0945441344787985
0.0359267711019434
0.0136521730187385
0.625187825747121
0.237571373783906
0.0902771220378842
0.654305306374396
0.24863601642227
0.714481686240463
0.271503040771376
0.103171155493123
0.0392050390873867
0.0148979148532069
0.00566120764421864
0.00215125890480308
0.000817478383825171
0.000310641785853565
0.000118043878624355
4.48566738772548e-05
1.70455360733568e-05
0.620006477303708
0.235602461375409
0.0895289353226554
0.0340209954226091
0.0129279782605914
0.624912631739025
0.237466800060829
0.0902373840231152
0.0342902059287838
0.0130302782529378
0.00495150573611638
0.00188157217972422
0.000714997428295205
0.000271699022752178
0.000103245628645828
3.92333388854145e-05
1.49086687764575e-05
0.620005665294135
0.235602152811771
0.0895288180684731
0.0340209508660198
0.0129279613290875
0.00491262530505326
0.00186679761592024
0.00070938309404969
0.000269565575738882
0.000102434918780775
3.89252691366946e-05
0.620014791602272
0.855605620808863
0.325130135907368
0.1235494516448
0.046948791625024
0.637840540817509
0.242379405510653
0.0921041740940483
0.0349995861557384
0.0132998427391806
0.00505394024088862
0.00192049729153768
0.000729788970784317
0.00027731980889804
0.000105381527381255
4.0044980404877e-05
0.620015217092554
0.23560578249517
0.709530197348165
0.269621474992303
0.722456160497075
0.274533340988888
0.724322669575778
0.275242614438795
0.104592193486742
0.0397450335249621
0.0151031127394856
0.00573918284100452
0.00218088947958172
0.000828738002241053
0.0003149204408516
0.000119669767523608
4.54745116589711e-05
1.7280314430409e-05
6.56651948355542e-06
2.49527740375106e-06
9.48205413425403e-07
3.60318057101653e-07
1.36920861698628e-07
5.20299274454787e-08
1.97713724292819e-08
7.51312152312713e-09
2.85498617878831e-09
1.08489474793956e-09
4.12260004217032e-10
1.56658801602472e-10
5.95303446089394e-11
2.2621530951397e-11
8.59618176153085e-12
3.26654906938172e-12
1.24128864636505e-12
4.71689685618721e-13
1.79242080535114e-13
6.81119906033433e-14
2.58825564292704e-14
0.62000000000001
0.855600000000004
0.325128000000001
0.123548640000001
0.0469484832000002
0.0178404236160001
0.00677936097408003
0.00257615717015041
0.000978939724657156
0.000371997095369719
0.000141358896240493
5.37163805713875e-05
2.04122246171272e-05
7.75664535450835e-06
2.94752523471317e-06
1.12005958919101e-06
4.25622643892582e-07
1.61736604679181e-07
6.14599097780889e-08
2.33547657156738e-08
8.87481097195604e-09
3.37242816934329e-09
1.28152270435045e-09
4.86978627653172e-10
1.85051878508205e-10
7.0319713833118e-11
2.67214912565848e-11
1.01541666775022e-11
3.85858333745085e-12
1.46626166823132e-12
5.57179433927903e-13
2.11728184892603e-13
8.04567102591892e-14
3.05735498984919e-14
1.16179489614269e-14
4.41482060534223e-15
1.67763183003005e-15
6.37500095411418e-16
2.42250036256339e-16
9.20550137774087e-17
3.49809052354153e-17
1.32927439894578e-17
5.05124271599397e-18
1.91947223207771e-18
7.2939944818953e-19
2.77171790312021e-19
1.05325280318568e-19
4.00236065210559e-20
1.52089704780012e-20
5.77940878164047e-21
0.62
0.2356
0.089528
0.03402064
0.0129278432
0.004912580416
0.00186678055808
0.0007093766120704
0.000269563112586752
0.000102433982782966
3.8924913457527e-05
1.47914671138603e-05
5.6207575032669e-06
2.13588785124142e-06
8.1163738347174e-07
3.08422205719261e-07
0.620000117200438
0.235600044536166
0.709528016923743
0.269620646431022
0.102455845643789
0.0389332213446396
0.0147946241109631
0.00562195716216596
0.00213634372162307
0.000811810614216765
0.000308488033402371
0.000117225452692901
0.620044545672023
0.235616927355369
0.0895344323950402
0.0340230843101153
0.0129287720378438
0.00491293337438064
0.00186691468226464
0.000709427579260565
0.000269582480119015
0.000102441342445226
3.89277101291857e-05
1.47925298490906e-05
0.620005621161343
0.85560213604131
0.325128811695698
1.36354894844437
0.518148600408859
0.816896468155366
0.310420657899039
0.117959850001635
0.0448247430006213
0.0170334023402361
0.00647269288928971
0.00245962329793009
0.000934656853213434
0.620355169604221
0.235734964449604
0.70957928649085
0.889640128866523
0.958063248969279
0.364064034608326
0.758344333151164
1.52817084659744
1.20070492170703
0.456267870248671
0.173381790694495
0.685885080463908
0.260636330576285
0.0990418056189883
0.0376358861352156
0.0143016367313819
0.00543462195792513
0.00206515634401155
0.000784759410724388
0.000298208576075268
0.000113319258908602
4.30613183852686e-05
1.63633009864021e-05
6.21805437483279e-06
2.36286066243646e-06
0.620000897887052
0.23560034119708
0.0895281296548903
0.0340206892688583
1.25292786192217
0.476112587530423
0.180922783261561
0.0687506576393931
0.0261252499029694
0.00992759496312836
0.00377248608598878
0.00143354471267574
0.620544746990817
0.23580700385651
0.0896066614654739
0.0340505313568801
0.632939201915614
0.240516896727933
0.0913964207566147
0.0347306398875136
1.25319764315726
0.476215104399757
0.180961739671908
0.688765461075325
0.881730875208623
0.955057732579277
0.362921938380125
0.137910336584448
0.0524059279020901
0.0199142526027942
0.627567415989062
0.238475618075843
0.0906207348688205
0.0344358792501518
0.633085634115058
0.240572540963722
0.0914175655662143
0.0347386749151614
0.633200696467761
0.240616264657749
0.0914341805699447
0.034744988616579
0.0132030956743
0.00501717635623401
0.00190652701536892
0.000724480265840191
0.000275302501019273
0.000104614950387324
0.620039753681147
0.235615106398836
0.0895337404315577
0.0340228213639919
0.632928672118317
0.86051289540496
0.326994900253885
0.124258062096476
0.047218063596661
0.637942864166731
0.242418288383358
0.092118949585676
0.0350052008425569
0.633301976320172
0.860654751001665
0.327048805380633
0.74427854604464
0.282825847496963
0.107473822048846
0.660840052378561
0.251119219903853
0.0954253035634643
0.0362616153541164
0.0137794138345642
0.00523617725713441
0.621989747357711
0.23635610399593
0.0898153195184535
0.654129821417012
0.868569332138465
0.330056346212617
0.125421411560794
0.0476601363931018
0.638110851829379
0.242482123695164
0.712143207004162
0.270614418661582
0.102833479091401
0.0390767220547324
0.0148491543807983
0.00564267866470336
0.00214421789258728
0.000814802799183165
0.000309625063689603
0.000117657524202049
1.2400447098592
0.471216989746495
0.179062456103668
0.0680437333193938
0.0258566186613697
0.00982551509132047
0.00373369573470178
0.00141880437918668
0.000539145664090937
0.620204875352355
0.855677852633895
0.32515758400088
0.123559881920334
0.666952755129727
0.253442046949296
0.0963079778407326
0.0365970315794784
0.0139068720002018
0.00528461136007668
0.00200815231682914
0.620763097880395
0.23588997719455
0.089638191333929
0.034062512706893
0.632943754828619
