0
0
0
0
0
0
0
0
0
0
0
0
0
0
0
0
0
0
0
0
0
0
0
0
0
0
0
0
0
0
0
0
0
0
0
0
0
0
0
0
0
0
0
0
0
0
0
0
0
0
0
0
0
0
0
0
0
0
0
0
0
0
0
0
0
0
0
0
0
0
0
0
0
0
0
0
0
0
0
0
0
0
0
0
0
0
0
0
0
0
0
0
0
0
0
0
0
0
0
0
0
0
0
0
0
0
0
0
0
0
0
0
0
0
0
0
0
0
0
0
0
0
0
0
0
0
0
0
0
0
0
0
0
0
0
0
0
0
0
0
0
0
0
0
0
0
0
0
0
0
0
0
0
0
0
0
0
0
0
0
0
0
0
0
0
0
0
0
0
0
0
0
0
0
0
0
0
0
0
0
0
0
0
0
0
0
0
0
0
0
0
0
0
0
0
0
0
0
0.150753768844221
0.149246231155779
0.147753768844221
0.146276231155779
0.154813468844221
0.153265334155779
0.151732680814221
0.150215354006079
0.148713200466018
0.147226068461358
0.145753807776744
0.144296269698977
0.142853307001987
0.141424773931967
0.140010526192648
0.148610420930721
0.147124316721414
0.1456530735542
0.144196542818658
0.142754577390471
0.141327031616566
0.139913761300401
0.138514623687397
0.137129477450523
0.135758182676018
0.134400600849257
0.133056594840765
0.131726028892357
0.130408768603434
0.129104680917399
0.127813634108225
0.126535497767143
0.125270142789472
0.134017441361577
0.132677266947961
0.131350494278481
0.130036989335697
0.12873661944234
0.137449253247916
0.136074760715437
0.134714013108283
0.1333668729772
0.142033204247428
0.140612872204954
0.139206743482904
0.147814676048075
0.156336529287594
0.154773163994718
0.153225432354771
0.151693178031223
0.150176246250911
0.148674483788402
0.147187738950518
0.145715861561013
0.144258702945403
0.142816115915949
0.141387954756789
0.139974075209221
0.148574334457129
0.157088591112558
0.155517705201432
0.153962528149418
0.152422902867924
0.150898673839245
0.149389687100852
0.147895790229844
0.146416832327545
0.14495266400427
0.143503137364227
0.142068105990585
0.140647424930679
0.139240950681372
0.137848541174558
0.136470055762813
0.135105355205185
0.133754301653133
0.132416758636602
0.131092591050236
0.129781665139733
0.128483848488336
0.127199010003452
0.125927019903418
0.124667749704384
0.12342107220734
0.122186861485267
0.120964992870414
0.11975534294171
0.118557789512293
0.11737221161717
0.116198489500998
0.115036504605988
0.113886139559928
0.112747278164329
0.121619805382686
0.120403607328859
0.11919957125557
0.118007575543014
0.116827499787584
0.115659224789708
0.114502632541811
0.113357606216393
0.112224030154229
0.111101789852687
0.10999077195416
0.108890864234618
0.107801955592272
0.10672393603635
0.105656696675986
0.104600129709226
0.103554128412134
0.112518587128013
0.111393401256732
0.120279467244165
0.119076672571723
0.117885905846006
0.116707046787546
0.115539976319671
0.114384576556474
0.113240730790909
0.112108323483
0.11098724024817
0.109877367845688
0.108778594167232
0.107690808225559
0.116613900143304
0.115447761141871
0.114293283530452
0.113150350695147
0.112018847188196
0.110898658716314
0.109789672129151
0.108691775407859
0.107604857653781
0.106528809077243
0.10546352098647
0.104408885776606
0.10336479691884
0.102331148949651
0.101307837460155
0.100294759085553
0.109291811494698
0.108198893379751
0.107116904445953
0.106045735401494
0.104985278047479
0.103935425267004
0.102896071014334
0.101867110304191
0.100848439201149
0.0998399548091372
0.0988415552610458
0.0978531397084354
0.096874608311351
0.0959058622282375
0.0949468036059551
0.0939973355698956
0.0930573622141966
0.102126788592055
0.101105520706134
0.100094465499073
0.099093520844082
0.0981025856356412
0.0971215597792848
0.0961503441814919
0.095188840739677
0.0942369523322803
0.0932945828089575
0.0923616369808679
0.0914380206110592
0.0905236404049486
0.0896184040008991
0.0887222199608901
0.0878349977612812
0.0869566477836684
0.0860870813058317
0.0852262104927734
0.0843739483878457
0.0835302089039672
0.0826949068149275
0.0818679577467783
0.0810492781693105
0.0802387853876174
0.0794363975337412
0.0786420335584038
0.0778556132228197
0.0770770570905915
0.0863062865196856
0.0854432236544888
0.0845887914179439
0.0837429035037644
0.0829054744687268
0.0820764197240395
0.0812556555267991
0.0804430989715311
0.0796386679818158
0.0788422813019977
0.0880538584889777
0.0871733199040879
0.086301586705047
0.0854385708379966
0.0845841851296166
0.0837383432783204
0.0829009598455372
0.0820719502470818
0.081251230744611
0.0804387184371649
0.0796343312527933
0.0888379879402653
0.0879496080608627
0.087070111980254
0.0861994108604515
0.085337416751847
0.0844840425843285
0.0836392021584852
0.0828028101369004
0.0819747820355314
0.081155034215176
0.0803434838730243
0.079540049034294
0.0787446485439511
0.0879572020585116
0.0870776300379265
0.0862068537375472
0.0853447852001717
0.09449133734817
0.0935464239746883
0.0926109597349414
0.091684850137592
0.100768001636216
0.0997603216198539
0.108762718403655
0.107675091219619
0.106598340307423
0.105532356904348
0.114477033335305
0.113332263001952
0.122198940371932
0.130976950968213
0.129667181458531
0.128370509643946
0.137086804547506
0.135715936502031
0.144358777137011
0.142915189365641
0.151486037471984
0.149971177097264
0.148471465326292
0.146986750673029
0.145516883166299
0.144061714334636
0.142621097191289
0.141194886219376
0.139782937357183
0.138385107983611
0.137001256903775
0.135631244334737
0.13427493189139
0.132932182572476
0.131602860746751
0.130286832139283
0.12898396381789
0.137694124179712
0.136317182937914
0.134954011108535
0.13360447099745
0.142268426287475
0.140845742024601
0.139437284604355
0.138042911758311
0.136662482640728
0.135295857814321
0.133942899236178
0.142603470243816
0.141177435541378
0.139765661185964
0.138368004574104
0.136984324528363
0.135614481283079
0.134258336470249
0.142915753105546
0.141486595574491
0.140071729618746
0.138671012322558
0.137284302199333
0.135911459177339
0.134552344585566
0.13320682113971
0.131874752928313
0.13055600539903
0.13925044534504
0.137857940891589
0.146479361482674
0.145014567867847
0.143564422189168
0.142128777967277
0.140707490187604
0.139300415285728
0.137907411132871
0.136528337021542
0.135163053651326
0.133811423114813
0.132473308883665
0.141148575794828
0.13973709003688
0.138339719136511
0.136956321945146
0.135586758725695
0.134230891138438
0.142888582227053
0.151459696404783
0.149945099440735
0.148445648446328
0.156961191961864
0.155391580042246
0.153837664241823
0.162299287599405
0.170676294723411
0.178969531776177
0.187179836458415
0.195308038093831
0.193354957712893
0.191421408135764
0.209507194054406
0.207412122113862
0.205338000892723
0.203284620883796
0.201251774674958
0.199239256928209
0.197246864358927
0.195274395715337
0.193321651758184
0.191388435240602
0.189474550888196
0.187579805379314
0.185704007325521
0.183846967252266
0.182008497579743
0.180188412603946
0.178386528477906
0.176602663193127
0.174836636561196
0.173088270195584
0.171357387493628
0.169643813618692
0.167947375482505
0.16626790172768
0.164605222710403
0.172959170483299
0.181229578778466
0.179417282990681
0.177623110160775
0.175846879059167
0.174088410268575
0.172347526165889
0.17062405090423
0.168917810395188
0.167228632291236
0.165556345968324
0.163900782508641
0.162261774683554
0.160639156936719
0.169032765367352
0.167342437713678
0.165669013336541
0.164012323203176
0.162372199971144
0.160748477971433
0.159140993191718
0.157549583259801
0.155974087427203
0.154414346552931
0.162870203087402
0.161241501056528
0.159629086045963
0.158032795185503
0.156452467233648
0.154887942561311
0.153339063135698
0.151805672504341
0.150287615779298
0.148784739621505
0.14729689222529
0.145823923303037
0.144365684070007
0.142922027229307
0.141492806957013
0.140077878887443
0.138677100098569
0.137290329097583
0.135917425806607
0.134558251548541
0.143212669033056
0.141780542342725
0.140362736919298
0.138959109550105
0.137569518454604
0.136193823270058
0.134831885037357
0.133483566186984
0.132148730525114
0.130827243219863
0.129518970787664
0.128223781079788
0.12694154326899
0.1256721278363
0.124415406557937
0.123171252492357
0.121939539967434
0.12072014456776
0.119512943122082
0.118317813690861
0.117134635553952
0.115963289198413
0.114803656306429
0.113655619743365
0.112519063545931
0.111393872910472
0.110279934181367
0.109177134839553
0.108085363491158
0.107004509856246
0.105934464757684
0.104875120110107
0.103826368909006
0.102788105219916
0.101760224167716
0.100742621926039
0.0997351957067789
0.0987378437497111
0.097750465312214
0.0967729606590919
0.095805231052501
0.0948471787419759
0.0938987069545562
0.0929597198850106
0.0920301226861605
0.0911098214592989
0.0901987232447059
0.0892967360122588
0.0884037686521363
0.0875197309656149
0.0866445336559587
0.0857780883193991
0.0849203074362052
0.0840711043618431
0.0832303933182247
0.0823980893850424
0.081574108491192
0.0807583674062801
0.0799507837322173
0.0791512758948951
0.0783597631359461
0.0775761655045867
0.0768004038495408
0.0760323998110454
0.075272075812935
0.0745193550548056
0.0737741615042576
0.073036419889215
0.0723060556903228
0.0715829951334196
0.0708671651820854
0.0701584935302646
0.0694569085949619
0.0687623395090123
0.0680747161139222
0.0673939689527829
0.0667200292632551
0.0660528289706226
0.0653923006809163
0.0647383776741072
0.0640909938973661
0.0634500839583924
0.0628155831188085
0.0621874272876204
0.0615655530147442
0.0609498974845968
0.0603403985097508
0.0597369945246533
0.0591396245794068
0.0585482283336127
0.0579627460502766
0.0573831185897738
0.0568092874038761
0.0562411945298373
0.0556787825845389
0.0551219947586935
0.0545707748111066
0.0540250670629955
0.0534848163923656
0.0529499682284419
0.0524204685461575
0.0618962638606959
0.061277301222089
0.0606645282098681
0.0600578829277694
0.0594573040984917
0.0588627310575068
0.0582741037469317
0.0576913627094624
0.0571144490823678
0.0665433045915441
0.0658778715456287
0.0652190928301724
0.0645669019018707
0.063921232882852
0.0732820205540234
0.0725492003484832
0.0718237083449984
0.0711054712615484
0.0703944165489329
0.0696904723834436
0.0689935676596091
0.068303631983013
0.0776205956631829
0.0768443897065511
0.0760759458094856
0.0753151863513907
0.0845620344878768
0.093716414142998
0.092779250001568
0.0918514575015524
0.0909329429265368
0.0900236134972715
0.0891233773622988
0.0982321435886758
0.097249822152789
0.0962773239312611
0.0953145506919485
0.094361405185029
0.103417791133179
0.102383613221847
0.101359777089628
0.100346179318732
0.0993427175255449
0.0983492903502894
0.0973657974467865
0.0963921394723186
0.0954282180775954
0.0944739358968195
0.0935291965378513
0.0925939045724728
0.091667965526748
0.0907512858714806
0.0898437730127657
0.0889453352826381
0.0880558819298117
0.0871753231105136
0.0863035698794085
0.0854405341806144
0.0845861288388082
0.10374026755042
0.102702864874916
0.111675836226167
0.110559077863905
0.109453487085266
0.108358952214413
0.107275362692269
0.106202609065347
0.105140582974693
0.104089177144946
0.113048285373497
0.111917802519762
0.110798624494564
0.109690638249618
0.108593731867122
0.107507794548451
0.116432716602967
0.115268389436937
0.114115705542568
0.112974548487142
0.11184480300227
0.110726354972248
0.109619091422525
0.1085229005083
0.107437671503217
0.116363294788185
0.115199661840303
0.1140476652219
0.122907188569681
0.121678116683984
0.120461335517144
0.119256722161973
0.128064154940353
0.12678351339095
0.12551567825704
0.12426052147447
0.133017916259725
0.131687737097128
0.130370859726156
0.129067151128895
0.127776479617606
0.13649871482143
0.135133727673216
0.133782390396483
0.132444566492519
0.141120120827593
0.139708919619318
0.148311830423124
0.146828712118893
0.145360424997704
0.143906820747727
0.14246775254025
0.141043075014847
0.139632644264699
0.148236317822052
0.156753954643831
0.155186415097393
0.153634550946419
0.152098205436955
0.150577223382585
0.14907145114876
0.147580736637272
0.146104929270899
0.15464387997819
0.163097441178408
0.161466466766624
0.159851802098958
0.158253284077968
0.156670751237189
0.155104043724817
0.163553003287569
0.161917473254693
0.160298298522146
0.158695315536925
0.157108362381555
0.15553727875774
0.153981905970162
0.152442086910461
0.150917666041356
0.159408489380943
0.157814404487133
0.156236260442262
0.154673897837839
0.153127158859461
0.151595887270866
0.150079928398158
0.148579129114176
0.147093337823034
0.145622404444804
0.154166180400356
0.152624518596352
0.151098273410389
0.149587290676285
0.148091417769522
0.146610503591827
0.145144398555909
0.143692954570349
0.152256025024646
0.1507334647744
0.149226130126656
0.147733868825389
0.146256530137135
0.144793964835764
0.143346025187406
0.151912564935532
0.150393439286177
0.148889504893315
0.147400609844382
0.145926603745938
0.144467337708479
0.143022664331394
0.14159243768808
0.140176513311199
0.138774748178087
0.137387000696306
0.146013130689343
0.14455299938245
0.143107469388625
0.141676394694739
0.140259630747792
0.138857034440314
0.137468464095911
0.136093779454951
0.134732841660402
0.133385513243798
0.13205165811136
0.130731141530246
0.129423830114944
0.128129591813794
0.126848295895656
0.1255798129367
0.124324014807333
0.12308077465926
0.121849966912667
0.13063146724354
0.129325152571105
0.128031901045394
0.12675158203494
0.125484066214591
0.124229225552445
0.12298693329692
0.131757063963951
0.130439493324311
0.129135098391068
0.127843747407158
0.126565309933086
0.135299656833755
0.133946660265418
0.132607193662764
0.131281121726136
0.129968310508875
0.128668627403786
0.127381941129748
0.12610812171845
0.124847040501266
0.123598570096253
0.122362584395291
0.121138958551338
0.119927568965824
0.118728293276166
0.117541010343405
0.11636560023997
0.115201944237571
0.114049924795195
0.112909425547243
0.111780331291771
0.110662527978853
0.109555902699064
0.108460343672074
0.107375740235353
0.106301982833
0.10523896300467
0.104186573374623
0.103144707640877
0.102113260564468
0.101092127958823
0.100081206679235
0.0990803946124426
0.0980895906663181
0.097108694759655
0.0961376078120584
0.0951762317339378
0.0942244694165984
0.0932822247224325
0.0923494024752081
0.091425908450456
0.0905116493659515
0.089606532872292
0.0887104675435691
0.0878233628681334
0.086945129239452
0.0860756779470575
0.0852149211675869
0.0843627719559111
0.083519144236352
0.0826839527939884
0.0818571132660486
0.0810385421333881
0.0802281567120542
0.0794258751449336
0.0786316163934843
0.0778453002295495
0.077066847227254
0.0762961787549814
0.0755332169674316
0.0747778847977573
0.0740301059497797
0.0732898048902819
0.0725569068413791
0.0718313377729653
0.0711130243952357
0.0704018941512833
0.0696978752097705
0.0690008964576728
0.068310887493096
0.0676277786181651
0.0769515008319834
0.0761819858236636
0.075420165965427
0.0746659643057727
0.073919304662715
0.0731801116160878
0.0824483104999269
0.0816238273949277
0.0808075891209784
0.0799995132297686
0.0791995180974709
0.0784075229164962
0.0776234476873312
0.0768472132104579
0.0760787410783533
0.0753179536675698
0.0745647741308941
0.0838191263895852
0.0929809351256893
0.102051125774432
0.101030614516688
0.100020308371521
0.099020105287806
0.0980299042349279
0.0970496051925787
0.0960791091406529
0.0951183180492464
0.104167134868754
0.103125463520066
0.102094208884866
0.101073266796017
0.100062534128057
0.119061908786776
0.117871289698909
0.126692576801919
0.1454256510339
0.153971394523561
0.172431680578326
0.200707363772542
0.218700290134817
0.236513287233469
0.244148154361134
0.241706672817523
0.239289606089347
0.236896710028454
0.234527742928169
0.232182465498888
0.229860640843899
0.22756203443546
0.225286414091105
0.223033549950194
0.220803214450692
0.218595182306185
0.216409230483123
0.214245138178292
0.212102686796509
0.229981659928544
0.237681843329259
0.245305024895966
0.242851974647007
0.240423454900536
0.248019220351531
0.255539028148016
0.272983637866536
0.29025380148787
0.307351263472992
0.304277750838262
0.321234973329879
0.32802262359658
0.324742397360614
0.341494973387008
0.358080023653138
0.354499223416607
0.350954231182441
0.357444688870616
0.35387024198191
0.350331539562091
0.35682822416647
0.353259941924805
0.349727342505557
0.346230069080502
0.342767768389697
0.3393400907058
0.335946689798742
0.332587222900754
0.329261350671747
0.325968737165029
0.332709049793379
0.329381959295445
0.336088139702491
0.342727258305466
0.349299985722411
0.345806985865187
0.342348916006535
0.34892542684647
0.345436172578005
0.341981810852225
0.338561992743703
0.335176372816266
0.331824609088103
0.328506362997222
0.32522129936725
0.331969086373578
0.328649395509842
0.335362901554743
0.332009272539196
0.328689179813804
0.325402288015666
0.332148265135509
0.338826782484154
0.335438514659313
0.33208412951272
0.328763288217592
0.325475655335416
0.322220898782062
0.318998689794242
0.325808702896299
0.322550615867336
0.319325109708663
0.316131858611576
0.31297054002546
0.309840834625206
0.316742426278954
0.313575002016164
0.310439251996003
0.307334859476043
0.304261510881282
0.301218895772469
0.298206706814745
0.295224639746597
0.292272393349131
0.28934966941564
0.286456172721483
0.283591610994269
0.280755694884326
0.277948137935483
0.275168656556128
0.272416969990566
0.269692800290661
0.276995872287754
0.274225913564877
0.271483654429228
0.268768817884936
0.276081129706086
0.293320318409025
0.290387115224935
0.297483244072686
0.314508411631959
0.311363327515639
0.308249694240483
0.305167197298078
0.302115525325097
0.299094370071846
0.296103426371128
0.293142392107417
0.290210968186343
0.287308858504479
0.284435769919434
0.28159141222024
0.278775498098038
0.275987743117057
0.273227865685887
0.270495587029028
0.267790631158737
0.26511272484715
0.262461597598679
0.259836981622692
0.257238611806465
0.2546662256884
0.252119563431516
0.249598367797201
0.247102384119229
0.244631360278037
0.242185046675256
0.239763196208504
0.237365564246419
0.234991908603955
0.232641989517915
0.230315569622736
0.228012413926509
0.225732289787243
0.223474966889371
0.221240217220477
0.219027815048273
0.21683753689779
0.214669161528812
0.222522469913524
0.220297245214389
0.218094272762245
0.215913330034622
0.213754196734276
0.211616654766933
0.209500488219264
0.217405483337071
0.215231428503701
0.213079114218664
0.210948323076477
0.208838839845712
0.206750451447255
0.204682946932782
0.202636117463455
0.20060975628882
0.198603658725932
0.196617622138673
0.194651445917286
0.192704931458113
0.190777882143532
0.188870103322097
0.186981402288876
0.185111588265987
0.183260472383327
0.181427867659494
0.179613588982899
0.17781745309307
0.176039278562139
0.174278885776518
0.172536096918752
0.170810735949565
0.169102628590069
0.167411602304169
0.165737486281127
0.164080111418316
0.162439310304132
0.170814917201091
0.16910676802908
0.167415700348789
0.165741543345302
0.164084127911848
0.16244328663273
0.160818853766403
0.159210665228739
0.157618558576451
0.156042372990687
0.15448194926078
0.152937129768172
0.16140775847049
0.159793680885785
0.158195744076928
0.156613786636158
0.155047648769797
0.153497172282099
0.161962200559278
0.160342578553685
0.158739152768148
0.157151761240467
0.155580243628062
0.154024441191781
0.152484196779864
0.150959354812065
0.149449761263944
0.147955263651305
0.146475711014792
0.145010953904644
0.143560844365597
0.142125235921941
0.140703983562722
0.139296943727095
0.137903974289824
0.136524934546926
0.135159685201456
0.133808088349442
0.132470007465947
0.131145307391288
0.129833854317375
0.128535515774201
0.127250160616459
0.125977659010295
0.124717882420192
0.12347070359599
0.12223599656003
0.13101363659443
0.129703500228485
0.1284064652262
0.127122400573938
0.125851176568199
0.124592664802517
0.123346738154492
0.122113270772947
0.120892138065217
0.119683216684565
0.11848638451772
0.117301520672542
0.116128505465817
0.114967220411159
0.113817548207047
0.112679372724977
0.121552578997727
0.12033705320775
0.119133682675672
0.117942345848916
0.116762922390426
0.115595293166522
0.114439340234857
0.113294946832508
0.112161997364183
0.111040377390541
0.109929973616636
0.10883067388047
0.107742367141665
0.116664943470248
0.115498294035546
0.11434331109519
0.113199877984238
0.112067879204396
0.110947200412352
0.109837728408229
0.118739351124146
0.117551957612905
0.116376438036776
0.115212673656408
0.114060546919844
0.112919941450645
0.111790742036139
0.110672834615778
0.10956610626962
0.108470445206924
0.107385740754854
0.106311883347306
0.105248764513833
0.104196276868694
0.103154314100008
0.102122770959007
0.111101543249417
0.109990527816923
0.108890622538754
0.107801716313366
0.106723699150233
0.10565646215873
0.104599897537143
0.113553898561772
0.132418359576154
0.131094175980392
0.129783234220589
0.128485401878383
0.137200547859599
0.135828542381003
0.134470256957193
0.143125554387621
0.151694298843745
0.150177355855307
0.158675582296754
0.157088826473787
0.155517938209049
0.153962758826958
0.152423131238689
0.170898899926302
0.169189910927039
0.167498011817768
0.165823031699591
0.164164801382595
0.162523153368769
0.160897921835081
0.15928894261673
0.157696053190563
0.156119092658657
0.154557901732071
0.15301232271475
0.151482199487603
0.149967377492727
0.148467703717799
0.146983026680621
0.145513196413815
0.144058064449677
0.14261748380518
0.141191308967128
0.139779395877457
0.138381601918683
0.136997785899496
0.145627808040501
0.144171529960096
0.142729814660495
0.14130251651389
0.139889491348751
0.138490596435263
0.137105690470911
0.135734633566202
0.13437728723054
0.143033514358234
0.141603179214652
0.150187147422505
0.14868527594828
0.147198423188798
0.14572643895691
0.144269174567341
0.142826482821667
0.14139821799345
0.139984235813516
0.138584393455381
0.137198549520827
0.135826564025619
0.134468298385363
0.133123615401509
0.131792379247494
0.140474455455019
0.139069710900469
0.137679013791464
0.136302223653549
0.144939201417014
0.143489809402844
0.142054911308815
0.140634362195727
0.13922801857377
0.137835738388032
0.136457381004152
0.14509280719411
0.143641879122169
0.142205460330948
0.140783405727638
0.139375571670362
0.137981815953658
0.136601997794121
0.13523597781618
0.133883618038018
0.142544781857638
0.151119334039062
0.149608140698671
0.148112059291685
0.156630938698768
0.15506462931178
0.153513983018662
0.151978843188476
0.150459054756591
0.148954464209025
0.147464919566935
0.145990270371265
0.144530367667553
0.143085063990877
0.151654213350968
0.150137671217459
0.148636294505284
0.147149931560231
0.145678432244629
0.154221647922183
0.152679431442961
0.151152637128531
0.149641110757246
0.148144699649673
0.146663252653177
0.155196620126645
0.163644653925379
0.162008207386125
0.170388125312263
0.168684244059141
0.166997401618549
0.165327427602364
0.16367415332634
0.162037411793077
0.160417037675146
0.158812867298395
0.157224738625411
0.155652491239157
0.154095966326765
0.152555006663497
0.151029456596862
0.149519162030894
0.148023970410585
0.146543730706479
0.145078293399414
0.14362751046542
0.142191235360766
0.140769323007158
0.139361629777087
0.137968013479316
0.136588333344523
0.135222450011077
0.143870225510967
0.142431523255857
0.141007208023298
0.139597135943065
0.138201164583635
0.136819152937798
0.13545096140842
0.134096451794336
0.132755487276393
0.131427932403629
0.130113653079593
0.128812516548797
0.127524391383309
0.126249147469476
0.124986655994781
0.123736789434833
0.122499421540485
0.12127442732508
0.120061683051829
0.118861066221311
0.117672455559098
0.116495731003507
0.115330773693472
0.114177465956537
0.113035691296972
0.121905334384002
0.120686281040162
0.11947941822976
0.118284624047463
0.117101777806988
0.115930760028918
0.114771452428629
0.113623737904343
0.112487500525299
0.111362625520046
0.110248999264846
0.109146509272197
0.108055044179475
0.106974493737681
0.105904748800304
0.104845701312301
0.103797244299178
0.102759271856186
0.101731679137624
0.100714362346248
0.0997072187227853
0.0987101465355575
0.0977230450702019
0.0967458146194999
0.0957783564733049
0.0948205729085718
0.0938723671794861
0.0929336435076912
0.102004307072614
0.100984264001888
0.0999744213618693
0.0989746771482506
0.0979849303767681
0.0970050810730004
0.0960350302622704
0.0950746799596477
0.0941239331600512
0.0931826938284507
0.102250866890166
0.111228358221265
0.110116074639052
0.109014913892661
0.107924764753735
0.106845517106197
0.105777061935135
0.104719291315784
0.103672098402626
0.1026353774186
0.101609023644414
0.10059293340797
0.0995870040738901
0.0985911340331512
0.0976052226928197
0.0966291704658915
0.0956628787612326
0.0947062499736203
0.0937591874738841
0.0928215955991452
0.0918933796431538
0.0909744458467222
0.090064701388255
0.0891640543743724
0.0882724138306287
0.0873896896923224
0.0865157927953992
0.0856506348674452
0.0847941285187707
0.083946187233583
0.0831067253612472
0.0822756581076347
0.0814529015265584
0.0806383725112928
0.0798319887861799
0.0790336688983181
0.0782433322093349
0.0874608988872415
0.0865862898983691
0.0857204269993854
0.0948632227293916
0.0939145905020977
0.0929754445970767
0.0920456901511059
0.0911252332495949
0.0902139809170989
0.0993118411079279
0.0983187226968486
0.0973355354698801
0.0963621801151813
0.0953985583140295
0.0944445727308892
0.0935001270035803
0.102565125733545
0.111539474476209
0.110424079731447
0.109319838934133
0.108226640544791
0.117144374139343
0.11597293039795
0.11481320109397
0.113665069083031
0.1125284183922
0.121403134208278
0.120189102866196
0.118987211837534
0.127797339719158
0.126519366321967
0.125254172658747
0.12400163093216
0.122761614622838
0.14153399847661
0.160118658491843
0.168517471906925
0.166832297187856
0.165163974215977
0.163512334473817
0.161877211129079
0.160258439017788
0.158655854627611
0.167069296081335
0.165398603120521
0.173744617089316
0.172007170918423
0.170287099209239
0.168584228217146
0.166898385934975
0.165229402075625
0.173577108054869
0.17184133697432
0.170122923604577
0.168421694368531
0.176737477424846
0.184970102650597
0.183120401624091
0.19128919760785
0.199376305631772
0.197382542575454
0.1954087171497
0.193454629978203
0.191520083678421
0.189604882841636
0.18770883401322
0.195831745673088
0.203873428216357
0.211834693934193
0.219716346994852
0.247519183524903
0.245043991689654
0.252593551772757
0.25006761625503
0.24756694009248
0.245091270691555
0.242640357984639
0.240213954404793
0.237811814860745
0.245433696712137
0.242979359745016
0.240549566147566
0.24814407048609
0.245662629781229
0.253206003483417
0.260673943448583
0.268067204014097
0.275386531973956
0.272632666654216
0.269906339987674
0.287207276587798
0.28433520382192
0.2814918517837
0.278676933265863
0.285890163933205
0.283031262293873
0.280200949670934
0.277398940174225
0.274624950772482
0.271878701264758
0.26915991425211
0.266468315109589
0.263803631958493
0.271165595638908
0.268453939682519
0.265769400285694
0.263111706282837
0.260480589220009
0.257875783327808
0.25529702549453
0.252744055239585
0.260216614687189
0.257614448540317
0.255038304054914
0.262487921014365
0.259863041804221
0.257264411386179
0.254691767272317
0.252144849599594
0.249623401103598
0.247127167092562
0.244655895421637
0.24220933646742
0.249787243102746
0.247289370671719
0.244816476965001
0.242368312195351
0.239944629073398
0.237545182782664
0.245169730954837
0.242718033645289
0.240290853308836
0.237887944775748
0.23550906532799
0.23315397467471
0.230822434927963
0.238514210578684
0.246129068472897
0.243667777788168
0.241231100010286
0.238818789010183
0.256430601120081
0.253866295108881
0.251327632157792
0.248814355836214
0.246326212277852
0.243862950155073
0.241424320653522
0.249010077446987
0.266519976672517
0.263854776905792
0.261216229136734
0.268604066845367
0.265918026176913
0.263258845915144
0.260626257455993
0.258019994881433
0.265439794932618
0.262785396983292
0.260157543013459
0.257555967583325
0.254980407907491
0.252430603828417
0.249906297790132
0.257407234812231
0.254833162464109
0.262284830839468
0.259661982531073
0.257065362705762
0.254494709078705
0.251949761987918
0.249430264368038
0.246935961724358
0.254466602107114
0.251921936086043
0.249402716725183
0.246908689557931
0.244439602662352
0.241995206635728
0.239575254569371
0.237179502023677
0.23480770700344
0.232459629933406
0.230135033634072
0.227833683297731
0.225555346464754
0.233299793000106
0.230966795070105
0.228657127119404
0.22637055584821
0.224106850289728
0.221865781786831
0.219647123968962
0.217450652729273
0.21527614620198
0.21312338473996
0.210992150892561
0.208882229383635
0.206793407089799
0.204725473018901
0.202678218288712
0.200651436105825
0.198644921744766
0.196658472527319
0.194691887802045
0.192744968924025
0.190817519234785
0.188909344042437
0.187020250602013
0.185150048095992
0.183298547615033
0.181465562138882
0.179650906517493
0.177854397452318
0.176075853477795
0.184315094943017
0.182471943993587
0.180647224553651
0.178840752308115
0.177052344785034
0.175281821337183
0.173529003123811
0.171793713092573
0.170075775961648
0.168375018202031
0.166691268020011
0.165024355339811
0.163374111786413
0.161740370668548
0.160122966961863
0.158521737292244
0.156936519919322
0.155367154720129
0.153813483172927
0.152275348341198
0.150752594857786
0.149245068909208
0.147752618220116
0.146275092037915
0.144812341117536
0.143364217706361
0.141930575529297
0.140511269774004
0.139106157076264
0.137715095505501
0.136337944550446
0.134974565104942
0.133624819453892
0.132288571259353
0.13096568554676
0.139656028691292
0.138259468404379
0.136876873720336
0.135508104983132
0.134153023933301
0.132811493693968
0.131483378757028
0.130168544969458
0.128866859519763
0.127578190924566
0.12630240901532
0.125039384925167
0.123788991075915
0.122551101165156
0.121325590153505
0.120112334251969
0.11891121090945
0.117722098800355
0.116544877812352
0.115379429034228
0.114225634743886
0.113083378396447
0.111952544612483
0.110833019166358
0.109724688974694
0.108627442084947
0.107541167664098
0.106465755987457
0.105401098427582
0.104347087443306
0.103303616568873
0.102270580403185
0.101247874599153
0.100235395853161
0.0992330418946296
0.0982407114756833
0.0972583043609265
0.0962857213173172
0.095322864104144
0.0943696354631026
0.0934259391084716
0.0924916797173869
0.091566762920213
0.0906510952910109
0.0997445843381007
0.0987471384947197
0.0977596671097725
0.0967820704386748
0.0958142497342881
0.0948561072369452
0.103907546164576
0.10286847070293
0.101839785995901
0.100821388135942
0.0998131742545822
0.0988150425120364
0.097826892086916
0.106848623166047
0.105780136934386
0.104722335565043
0.103675112209392
0.112638361087298
0.111511977476425
0.110396857701661
0.109292889124644
0.108199960233398
0.107117960631064
0.106046781024753
0.104986313214506
0.103936450082361
0.102897085581537
0.101868114725722
0.100849433578464
0.0998409392426798
0.098842529850253
0.10785410455175
0.116775563506233
0.115607807871171
0.124451729792459
0.123207212494534
0.121975140369589
0.140755388965893
0.139347835076234
0.147954356725472
0.146474813158217
0.155010065026635
0.153459964376369
0.151925364732605
0.150406111085279
0.148902049974426
0.157413029474682
0.165838899179935
0.164180510188136
0.162538705086254
0.170913318035392
0.169204184855038
0.167512143006487
0.165837021576423
0.174178651360658
0.182436864847052
0.180612496198581
0.188806371236595
0.186918307524229
0.195049124448987
0.193098633204497
0.191167646872452
0.189255970403728
0.187363410699691
0.185489776592694
0.183634878826767
0.181798530038499
0.179980544738114
0.178180739290733
0.176398931897826
0.174634942578847
0.182888593153059
0.181059707221528
0.179249110149313
0.18745661904782
0.185582052857342
0.183726232328768
0.181888970005481
0.180070080305426
0.178269379502372
0.176486685707348
0.174721818850274
0.172974600661772
0.181244854655154
0.189432406108602
0.187538082047516
0.185662701227041
0.183806074214771
0.181968013472623
0.180148333337897
0.178346850004518
0.186563381504473
0.194697747689428
0.192750770212534
0.190823262510408
0.188915029885304
0.187025879586451
0.185155620790587
0.183304064582681
0.181471023936854
0.179656313697485
0.177859750560511
0.176081153054906
0.174320341524356
0.172577138109113
0.170851366728022
0.169142853060742
0.167451424530134
0.165776910284833
0.164119141181984
0.162477949770165
0.160853170272463
0.159244638569738
0.157652192184041
0.156075670262201
0.154514913559579
0.162969764423983
0.161340066779743
0.189726666111945
0.197829399450826
0.195851105456318
0.213892594401755
0.211753668457737
0.20963613177316
0.207539770455428
0.215464372750874
0.223309729023365
0.221076631733131
0.2188658654158
0.216677206761642
0.214510434694026
0.212365330347085
0.210241677043615
0.208139260273178
0.206057867670447
0.203997288993742
0.201957316103805
0.199937742942767
0.197938365513339
0.195958981858206
0.193999392039624
0.192059398119227
0.190138804138035
0.198237416096655
0.196255041935688
0.194292491516331
0.192349566601168
0.200426070935156
0.208421810225805
0.206337592123547
0.204274216202311
0.202231474040288
0.210209159299885
0.208107067706886
0.206025997029818
0.213965737059519
0.211826079688924
0.209707818892035
0.207610740703115
0.205534633296083
0.213479286963123
0.211344494093491
0.209231049152556
0.207138738661031
0.205067351274421
0.203016677761676
0.20098651098406
0.198976645874219
0.196986879415477
0.195017010621322
0.193066840515109
0.191136172109958
0.189224810388858
0.18733256228497
0.18545923666212
0.183604644295499
0.181768597852544
0.179950911874018
0.178151402755278
0.176369888727725
0.174606189840448
0.172860127942044
0.171131526662623
0.179420211395997
0.177626009282037
0.175849749189217
0.174091251697324
0.182350339180351
0.180526835788548
0.178721567430662
0.186934351756356
0.195065008238792
0.193114358156404
0.19118321457484
0.189271382429092
0.187378668604801
0.185504881918753
0.183649833099565
0.18181333476857
0.179995201420884
0.178195249406675
0.176413296912608
0.174649163943482
0.172902672304047
0.171173645581007
0.169461909125197
0.167767290033945
0.166089617133605
0.164428720962269
0.162784433752647
0.16115658941512
0.159545023520969
0.157949573285759
0.156370077552902
0.154806376777373
0.153258313009599
0.151725729879503
0.150208472580708
0.148706387854901
0.147219323976352
0.145747130736588
0.144289659429222
0.14284676283493
0.141418295206581
0.140004112254515
0.13860407113197
0.13721803042065
0.135845850116444
0.134487391615279
0.133142517699126
0.131811092522135
0.130492981596914
0.129188051780945
0.127896171263135
0.126617209550504
0.125351037454999
0.124097527080449
0.122856551809644
0.121627986291548
0.130411706428632
0.129107589364346
0.127816513470703
0.126538348335996
0.125272964852636
0.124020235204109
0.122780032852068
0.121552232523548
0.120336710198312
0.119133343096329
0.117942009665366
0.116762589568712
0.115594963673025
0.114439014036295
0.113294623895932
0.112161677656972
0.111040060880403
0.109929660271599
0.108830363668883
0.107742060032194
0.106664639431872
0.105597993037553
0.104542013107178
0.103496592976106
0.102461627046345
0.101437010775881
0.100422640668122
0.0994184142614412
0.0984242301188268
0.0974399878176386
0.0964655879394622
0.105500932060068
0.104445922739467
0.103401463512072
0.102367448876951
0.101343774388182
0.1003303366443
0.0993270332778571
0.0983337629450786
0.0973504253156278
0.0963769210624715
0.0954131518518468
0.0944590203333283
0.093514430129995
0.0925792858286951
0.0916534929704081
0.100736958040704
0.099729588460297
0.108732292575694
0.107644969649937
0.106568519953438
0.115502834753903
0.114347806406364
0.113204328342301
0.112072285058878
0.110951562208289
0.109842046586206
0.108743626120344
0.11765618985914
0.126479627960549
0.125214831680944
0.123962683364134
0.132723056530493
0.141395825965188
0.139981867705536
0.138582049028481
0.137196228538196
0.135824266252814
0.134466023590286
0.133121363354383
0.141790149720839
0.140372248223631
0.138968525741394
0.13757884048398
0.146203052079141
0.144741021558349
0.143293611342766
0.141860675229338
0.140442068477045
0.139037647792274
0.137647271314351
0.136270798601208
0.144908090615196
0.143459009709044
0.152024419611954
0.150504175415834
0.148999133661676
0.147509142325059
0.146034050901808
0.14457371039279
0.143127973288862
0.141696693555974
0.150279726620414
0.15877692935421
0.167189160060668
0.175517268460061
0.17376209577546
0.172024474817706
0.180304230069529
0.188501187768834
0.186616175891145
0.194750014132234
0.192802513990911
0.190874488851002
0.198965743962492
0.196976086522867
0.195006325657639
0.203056262401062
0.201025699777052
0.199015442779281
0.197025288351488
0.195055035467973
0.193104485113294
0.221173440262161
0.218961705859539
0.216772088800944
0.214604367912934
0.212458324233805
0.210333740991467
0.218230403581552
0.216048099545737
0.223887618550279
0.221648742364777
0.219432254941129
0.217237932391718
0.2150655530678
0.212914897537122
0.230785748561751
0.228477891076134
0.226193112165372
0.233931181043719
0.231591869233281
0.229275950540949
0.226983191035539
0.224713359125184
0.222466225533932
0.220241563278592
0.218039147645807
0.215858756169348
0.213700168607655
0.211563166921578
0.209447535252363
0.207353059899839
0.205279529300841
0.203226734007832
0.211194466667754
0.219082522001076
0.236891696781066
0.254522779813255
0.281977552015122
0.309157776494971
0.326066198730021
0.342805536742721
0.349377481375294
0.365883706561541
0.382224869495926
0.388402620800966
0.404518594592957
0.430473408647027
0.446168674560557
0.461706987814951
0.457089917936802
0.462519018757434
0.457893828569859
0.453314890284161
0.448781741381319
0.454293923967506
0.449750984727831
0.445253474880553
0.440800940131747
0.43639293073043
0.432029001423125
0.427708711408894
0.433431624294805
0.429097308051857
0.424806334971339
0.420558271621625
0.416352688905409
0.412189162016355
0.408067270396191
0.403986597692229
0.399946731715307
0.395947264398154
0.391987791754172
0.388067913836631
0.384187234698264
0.380345362351282
0.376541908727769
0.372776489640491
0.379048724744086
0.375258237496645
0.371505655121679
0.367790598570462
0.364112692584758
0.36047156565891
0.356866850002321
0.353298181502298
0.349765199687275
0.346267547690402
0.342804872213498
0.349376823491363
0.355883055256449
0.352324224703885
0.348800982456846
0.345312972632278
0.341859842905955
0.338441244476895
0.335056832032126
0.331706263711805
0.328389201074687
0.32510530906394
0.331854255973301
0.328535713413568
0.325250356279432
0.321997852716638
0.328777874189471
0.325490095447577
0.322235194493101
0.31901284254817
0.315822714122688
0.322664486981461
0.319437842111647
0.31624346369053
0.323081029053625
0.319850218763089
0.326651716575458
0.323385199409703
0.320151347415606
0.31694983394145
0.313780335602035
0.320642532246015
0.317436106923555
0.334261745854319
0.330919128395776
0.327609937111818
0.3243338377407
0.321090499363293
0.31787959436966
0.314700798425964
0.311553790441704
0.318438252537287
0.315253870011914
0.312101331311795
0.308980317998677
0.31589051481869
0.312731609670503
0.319604293573798
0.31640825063806
0.31324416813168
0.310111726450363
0.307010609185859
0.303940503094001
0.300901098063061
0.29789208708243
0.294913166211606
0.29196403454949
0.289044394203995
0.286153950261955
0.293292410759335
0.290359486651742
0.287455891785225
0.284581332867372
0.281735519538699
0.278918164343312
0.276128982699878
0.27336769287288
0.270634015944151
0.267927675784709
0.265248399026862
0.262595915036594
0.259969955886228
0.257370256327365
0.254796553764092
0.252248588226451
0.249726102344186
0.247228841320744
0.244756552907537
0.242308987378462
0.239885897504677
0.23748703852963
0.235112168144334
0.232761046462891
0.230433435998262
0.228129101638279
0.225847810621896
0.223589332515677
0.221353439190521
0.219139904798615
0.216948505750629
0.214779020693123
0.212631230486192
0.21050491818133
0.208399868999516
0.206315870309521
0.204252711606426
0.202210184490362
0.200188082645458
0.198186201819004
0.196204339800814
0.194242296402805
0.202299873438777
0.20027687470439
0.208274105957346
0.206191364897772
0.204129451248795
0.202088156736307
0.200067275168944
0.198066602417254
0.196085936393082
0.194125077029151
0.192183826258859
0.190261987996271
0.188359368116308
0.186475774435145
0.184611016690793
0.182764906523885
0.180937257458647
0.17912788488406
0.17733660603522
0.175563239974867
0.173807607575119
0.172069531499367
0.170348836184374
0.16864534782253
0.166958894344305
0.165289305400862
0.163636412346853
0.162000048223385
0.160380047741151
0.158776247263739
0.157188484791102
0.155616599943191
0.154060433943759
0.152519829604321
0.150994631308278
0.149484684995195
0.147989838145243
0.146509939763791
0.145044840366153
0.143594391962491
0.142158448042866
0.140736863562438
0.139329494926813
0.137936199977545
0.13655683797777
0.135191269597992
0.133839356902012
0.132500963332992
0.131175953699662
0.129864194162666
0.128565552221039
0.127279896698829
0.12600709773184
0.124747026754522
0.123499556486977
0.122264560922107
0.121041915312886
0.119831496159757
0.118633181198159
0.137446849386178
0.136072380892316
0.134711657083393
0.133364540512559
0.142030895107433
0.140610586156359
0.139204480294795
0.137812435491847
0.136434311136929
0.13506996802556
0.143719268345304
0.142282075661851
0.140859254905233
0.13945066235618
0.148056155732618
0.146575594175292
0.145109838233539
0.143658739851204
0.152222152452692
0.150699930928165
0.149192931618883
0.147701002302694
0.146223992279668
0.144761752356871
0.153314134833302
0.151780993484969
0.150263183550119
0.158760551714618
0.157172946197472
0.155601216735497
0.154045204568142
0.152504752522461
0.150979704997236
0.149469907947264
0.147975208867791
0.146495456779113
0.145030502211322
0.143580197189209
0.142144395217317
0.150722951265144
0.149215721752492
0.147723564534967
0.146246328889618
0.144783865600722
0.143336026944714
0.141902666675267
0.140483640008514
0.139078803608429
0.137688015572345
0.136311135416622
0.134948024062455
0.133598543821831
0.132262558383612
0.130939932799776
0.129630533471779
0.128334228137061
0.13705088585569
0.135680376997133
0.134323573227162
0.13298033749489
0.131650534119941
0.130334028778742
0.129030688490955
0.127740381606045
0.126462977789985
0.135198348012085
0.143846364531964
0.142407900886644
0.140983821877778
0.139573983659
0.13817824382241
0.146796461384186
0.145328496770344
0.143875211802641
0.142436459684614
0.141012095087768
0.13960197413689
0.148205954395522
0.146723894851566
0.145256655903051
0.14380408934402
0.14236604845058
0.140942387966074
0.139532964086413
0.138137634445549
0.136756258101094
0.145388695520083
0.143934808564882
0.142495460479233
0.141070505874441
0.139659800815696
0.138263202807539
0.136880570779464
0.155511765071669
0.153956647420953
0.152417080946743
0.150892910137276
0.149383981035903
0.147890141225544
0.146411239813289
0.144947127415156
0.143497656141004
0.152062679579594
0.150542052783798
0.14903663225596
0.147546265933401
0.146070803274067
0.154610095241326
0.153063994288913
0.151533354346023
0.150018020802563
0.148517840594538
0.147032662188592
0.145562335566706
0.144106712211039
0.142665645088929
0.14123898863804
0.149826598751659
0.148328332764143
0.146845049436501
0.145376598942136
0.143922832952715
0.142483604623188
0.141058768576956
0.139648180891186
0.138251699082274
0.136869182091452
0.135500490270537
0.134145485367832
0.132804030514153
0.141475990209012
0.150061230306922
0.158560618003853
0.156975011823814
0.155405261705576
0.15385120908852
0.152312696997635
0.150789570027659
0.149281674327382
0.147788857584108
0.146310969008267
0.144847859318184
0.153399380725003
0.151865386917753
0.150346733048575
0.148843265718089
0.147354833060908
0.145881284730299
0.144422471882996
0.142978247164166
0.141548464692525
0.140132980045599
0.138731650245143
0.137344333742692
0.135970890405265
0.134611181501212
0.1332650696862
0.131932418989338
0.130613094799445
0.13930696385145
0.137913894212936
0.136534755270807
0.135169407718099
0.133817713640918
0.132479536504508
0.131154741139463
0.129843193728069
0.128544761790788
0.12725931417288
0.125986721031151
0.12472685382084
0.123479585282631
0.122244789429805
0.121022341535507
0.119812118120152
0.11861399693895
0.117427856969561
0.126253578399865
0.124991042615867
0.123741132189708
0.122503720867811
0.121278683659133
0.120065896822541
0.118865237854316
0.117676585475773
0.116499819621015
0.115334821424805
0.114181473210557
0.113039658478451
0.111909261893667
0.12079016927473
0.119582267581983
0.118386444906163
0.117202580457101
0.11603055465253
0.114870249106005
0.113721546614945
0.112584331148796
0.111458487837308
0.110343902958934
0.109240463929345
0.108148059290052
0.107066578697151
0.10599591291018
0.104935953781078
0.103886594243267
0.102847728300834
0.101819251017826
0.100801058507648
0.0997930479225713
0.0987951174433456
0.0978071662689122
0.096829094606223
0.0958608036601608
0.0949021956235592
0.103953173667324
0.10291364193065
0.101884505511344
0.10086566045623
0.0998570038516681
0.0988584338131514
0.0978698494750199
0.0968911509802697
0.095922239470467
0.0949630170757624
0.0940133869050047
0.0930732530359547
0.0921425205055951
0.0912210953005392
0.0903088843475338
0.0894057955040585
0.0885117375490179
0.0876266201735277
0.0867503539717924
0.0858828504320745
0.0850240219277537
0.0841737817084762
0.0833320438913914
0.0824987234524775
0.0816737362179527
0.0808569988557732
0.0800484288672155
0.0792479445785433
0.0784554651327579
0.0776709104814303
0.076894201376616
0.0761252593628498
0.0753640067692213
0.0746103667015291
0.0738642630345138
0.0731256204041687
0.082394364200127
0.0815704205581257
0.0807547163525445
0.079947169189019
0.0791476974971288
0.0783562205221575
0.077572658316936
0.0767969317337666
0.0760289624164289
0.0752686727922647
0.074515986064342
0.0737708262036986
0.0730331179416616
0.072302786762245
0.0715797588946225
0.0708639613056763
0.0701553216926195
0.0794537684756933
0.0886592307909364
0.087772638483027
0.0868949120981967
0.0860259629772148
0.0851657033474426
0.0843140463139682
0.0934709058508285
0.0925361967923202
0.091610834824397
0.0906947264761531
0.0897877792113915
0.0888899014192776
0.0980010024050848
0.097020992381034
0.106050782457224
0.104990274632651
0.103940371886325
0.112900968167462
0.111771958485787
0.110654238900929
0.10954769651192
0.108452219546801
0.107367697351333
0.106294020377819
0.115231080174041
0.114078769372301
0.112937981678578
0.121808601861792
0.130590515843174
0.129284610684742
0.127991764577895
0.136711846932116
0.135344728462795
0.133991281178167
0.132651368366385
0.131324854682721
0.130011606135894
0.128711490074535
0.12742437517379
0.136150131422052
0.134788630107831
0.133440743806753
0.142106336368685
0.140685273004999
0.139278420274949
0.167885636072199
0.166206779711477
0.164544711914362
0.162899264795219
0.161270272147267
0.159657569425794
0.168060993731536
0.166380383794221
0.164716579956278
0.163069414156716
0.161438720015148
0.169824332814997
0.168126089486847
0.176444828591979
0.194680380306059
0.212733576502998
0.210606240737968
0.208500178330588
0.206415176547283
0.20435102478181
0.202307514533992
0.210284439388652
0.208181594994765
0.206099779044818
0.204038781254369
0.201998393441826
0.209978409507407
0.207878625412333
0.21579983915821
0.223641840766628
0.221405422358962
0.219191368135372
0.216999454454018
0.214829459909478
0.212681165310383
0.210554353657279
0.208448810120707
0.2063643220195
0.204300678799305
0.202257672011312
0.200235095291198
0.208232744338286
0.206150416894904
0.204088912725955
0.202048023598695
0.200027543362708
0.198027267929081
0.19604699524979
0.194086525297292
0.202145660044319
0.200124203443876
0.198122961409437
0.206141731795343
0.20408031447739
0.202039511332616
0.20001911621929
0.198018925057097
0.196038735806526
0.19407834844846
0.192137564963976
0.190216189314336
0.188314027421193
0.196430887146981
0.204466578275511
0.202421912492756
0.200397693367828
0.19839371643415
0.196409779269808
0.20444568147711
0.202401224662339
0.200377212415716
0.198373440291559
0.206389705888643
0.204325808829757
0.202282550741459
0.210259725234045
0.208157127981704
0.206075556701887
0.204014801134868
0.20197465312352
0.209954906592284
0.207855357526362
0.205776803951098
0.213719035911587
0.211581845552471
0.219466027096946
0.217271366825977
0.215098653157717
0.21294766662614
0.210818189959879
0.20871000806028
0.206622907979677
0.20455667889988
0.202511112110881
0.200486000989773
0.198481140979875
0.196496329570076
0.204531366274375
0.202486052611632
0.200461192085515
0.19845658016466
0.196472014363013
0.204507294219383
0.20246222127719
0.200437599064418
0.198433223073773
0.196448890843036
0.194484401934605
0.192539557915259
0.190614162336107
0.188708020712746
0.186820940505618
0.184952731100562
0.183103203789556
0.191272171751661
0.189359450034144
0.187465855533803
0.185591196978465
0.18373528500868
0.181897932158593
0.180078952837007
0.178278163308637
0.176495381675551
0.174730427858795
0.172983123580207
0.181253292344405
0.189440759420961
0.187546351826752
0.185670888308484
0.183814179425399
0.191976037631145
0.190056277254834
0.188155714482286
0.186274157337463
0.184411415764088
0.182567301606447
0.180741628590383
0.178934212304479
0.177144870181434
0.17537342147962
0.173619687264824
0.181883490392175
0.180064655488254
0.188264008933371
0.196381368844037
0.204417555155597
0.212373379604041
0.220249645808001
0.228047149349921
0.225766677856421
0.233509011077857
0.231173920967079
0.228862181757408
0.226573559939834
0.224307824340435
0.242064746097031
0.249644098636061
0.2471476576497
0.244676181073203
0.242229419262471
0.239807125069846
0.237409053819148
0.235034963280956
0.242684613648147
0.240257767511665
0.237855189836549
0.235476637938183
0.233121871558801
0.240790652843213
0.238382746314781
0.235998918851633
0.233638929663117
0.231302540366486
0.228989514962821
0.226699619813193
0.224432623615061
0.22218829737891
0.229966414405121
0.22766675026107
0.225390082758459
0.223136181930875
0.230904820111566
0.22859577191045
0.236309814191346
0.243946716049432
0.241507248888938
0.239092176400049
0.236701254636048
0.234334242089688
0.231990899668791
0.239670990672103
0.237274280765382
0.234901537957728
0.232552522578151
0.230226997352369
0.227924727378846
0.225645480105057
0.223389025304007
0.221155135050966
0.218943583700457
0.216754147863452
0.214586606384818
0.22244074032097
0.22021633291776
0.218014169588582
0.215834027892696
0.213675687613769
0.211538930737632
0.209423541430255
0.207329306015953
0.205256012955793
0.203203452826235
0.201171418297973
0.199159704114993
0.197168107073843
0.205196426003105
0.213144461743074
0.211013017125643
0.218902886954387
0.216713858084843
0.234546719503994
0.242201252308955
0.249779239785865
0.287281447388006
0.314408632914126
0.321264546584985
0.318051901119135
0.334871382107944
0.341522668286864
0.348107441603996
0.364626367187956
0.360980103516076
0.367370302480915
0.383696599456106
0.389859633461545
0.41596103712693
0.44180142675566
0.447383412488104
0.442909578363223
0.468480482579591
0.463795677753795
0.489157720976257
0.504266143766494
0.499223482328829
0.504231247505541
0.519188935030485
0.53399704568018
0.538657075223379
0.543270504471145
0.557837799426433
0.582259421432169
0.586436827217847
0.610572458945669
0.614466734356212
0.63832206701265
0.631938846342524
0.645619457879098
0.649163263300307
0.672671630667304
0.685944914360631
0.689085465217025
0.712194610564855
0.745072664459206
0.767621937814614
0.819945718436468
0.831746261252103
0.823428798639582
0.825194510653186
0.836942565546655
0.868573139891188
0.879887408492276
0.881088534407354
0.88227764906328
0.903454872572647
0.924420323846921
0.945176120608452
0.935724359402367
0.986367115808343
0.98650344465026
0.976638410203757
0.98687202610172
1.0070033058407
1.0369332727823
1.06656394005447
1.10589830065393
1.14483931764739
1.18339092447091
1.20155701522621
1.21954144507394
1.2073460306232
1.22527257031697
1.2730198446138
1.26028964616766
1.25768674970599
1.26510988220893
1.26245878338684
1.24983419555297
1.25733585359744
1.26476249506147
1.30211487011085
1.29909372140974
1.30610278419565
1.32304175635369
1.31981133879015
1.31661322540225
1.36344709314823
1.37981262221675
1.40601449599458
1.41195435103463
1.41783480752429
1.43365645944904
1.41931989485455
1.42512669590601
1.43087542894695
1.43656667465748
1.4222010079109
1.42797899783179
1.45369920785348
1.45916221577494
1.47457059361719
1.48982488768102
1.54492663880421
1.54947737241617
1.57398259869201
1.58824277270509
1.61236034497804
1.61623674152826
1.62007437411297
1.62387363037184
1.60763489406812
1.61155854512744
1.63544295967617
1.66908853007941
1.69239764477861
1.69547366833083
1.73851893164752
1.73113374233104
1.75382240490773
1.74628418085866
1.74882133905007
1.77133312565957
1.81361979440297
1.80548359645894
1.82742876049435
1.81915447288941
1.80096292816052
1.78295329887891
1.78512376589012
1.78727252823122
1.78939980294891
1.78150580491942
1.81369074687022
1.85555383940152
1.88699830100751
1.86812831799743
1.89944703481746
1.91045256446928
1.90134803882459
1.88233455843634
1.87351121285198
1.85477610072346
1.85622833971623
1.89766605631906
1.88868939575587
1.89980250179831
1.91080447678033
1.91169643201253
1.9325794676924
1.92325367301548
1.92402113628532
1.90478092492247
1.90573311567325
1.89667578451651
1.89770902667135
1.92873193640464
1.92944461704059
1.93015017087018
1.94084866916148
1.93144018246987
1.94212578064517
1.95270452283872
1.99317747761033
1.99324570283423
1.99331324580588
1.98338011334782
2.00354631221435
1.9935108490922
1.99357574060128
1.98363998319527
1.99380358336331
2.02386554752968
2.03362689205438
2.01329062313384
2.0031577169025
1.99312613973348
1.99319487833614
1.99326292955278
2.00333030025725
1.98329699725468
1.98346402728213
1.97362938700931
1.95389309313922
1.93435416220783
1.93501062058575
1.92566051437989
1.93640390923609
1.93703987014373
1.93766947144229
1.91829277672787
1.90910984896059
1.89001875047099
1.87111856296628
1.85240737733661
1.86388330356325
1.84524447052762
1.83679202582234
1.83842410556412
1.82003986450847
1.83183946586339
1.81352107120476
1.79538586049271
1.79743200188778
1.7794576818689
1.77166310505021
1.76394647399971
1.75630700925972
1.74874393916712
1.75125649977545
1.73374393477769
1.72640649542992
1.70914243047562
1.69205100617086
1.67513049610915
1.65837919114806
1.64179539923658
1.63537744524421
1.62902367079177
1.61273343408385
1.59660609974302
1.58064003874559
1.56483363835813
1.54918530197455
1.5436934489548
1.52825651446525
1.5229739493206
1.5077442098274
1.51266676772912
1.49754010005183
1.48256469905131
1.4677390520608
1.45306166154019
1.43853104492479
1.42414573447554
1.40990427713079
1.39580523435948
1.38184718201588
1.36802871019572
1.35434842309377
1.34080493886283
1.3273968894742
1.31412292057946
1.30098169137366
1.28797187445993
1.27509215571533
1.26234123415818
1.24971782181659
1.23722064359843
1.22484843716244
1.21259995279082
1.20047395326291
1.18846921373028
1.17658452159298
1.16481867637705
1.15317048961328
1.14163878471715
1.13022239686997
1.11892017290127
1.10773097117226
1.09665366146054
1.08568712484593
1.07483025359747
1.0740819510615
1.06334113155088
1.05270772023538
1.04218064303302
1.03175883660269
1.03144124823666
1.0211268357543
1.01091556739676
1.00080641172279
0.99079834760556
0.980890364129504
0.971081460488209
0.961370645883327
0.951756939424494
0.942239370030249
0.932816976329946
0.923488806566647
0.91425391850098
0.91511137931597
0.905960265522811
0.906900662867583
0.907831656238907
0.898753339676518
0.889765806279752
0.880868148216955
0.882059466734785
0.883238872067438
0.884406483346763
0.885562418513296
0.876706794328163
0.887939726384881
0.899060329121032
0.890069725829822
0.881169028571524
0.892357338285808
0.90343376490295
0.894399427253921
0.895455432981382
0.886500878651568
0.887635869865052
0.878759511166401
0.879971916054737
0.90117219689419
0.912160474925248
0.913038870175996
0.953908481474236
0.944369396659493
0.934925702692898
0.925576445665969
0.92632068120931
0.917057474397217
0.907886899653244
0.898808030656712
0.909819950350145
0.920721750846643
0.951514533338177
0.941999388004795
0.952579394124747
0.9630536001835
0.953423064181665
0.953888833539848
0.954349945204449
0.974806445752405
0.985058381294881
1.02520779748193
1.02495571950711
1.04470616231204
1.04425910068892
1.04381650968203
1.07337834458521
1.07264456113936
1.07191811552797
1.10119893437269
1.10018694502896
1.11918507557867
1.10799322482288
1.10691329257465
1.11584415964891
1.11468571805242
1.13353886087189
1.12220347226318
1.13098143754054
1.13967162316514
1.14827490693349
1.16679215786415
1.16512423628551
1.16347299392266
1.16183826398343
1.16021988134359
1.17861768253016
1.19683150570486
1.20486319064781
1.19281455874133
1.22088641315392
1.21867754902238
1.21649077353215
1.20432586579683
1.19228260713886
1.21035978106748
1.2082561832568
1.19617362142423
1.20421188520999
1.24216976635789
1.23974806869431
1.28735058800737
1.3044770821273
1.31143231130602
1.30831798819296
1.32523480831103
1.35198246022792
1.39846263562564
1.39447800926939
1.39053322917669
1.39662789688493
1.41266161791608
1.39853500173692
1.42454965171955
1.43030415520235
1.44600111365033
1.44154110251382
1.43712569148869
1.4827544345738
1.48792689022806
1.47304762132578
1.46831714511252
1.4636339736614
1.45899763392478
1.45440765758554
1.46986358100968
1.47516494519958
1.47041329574759
1.46570916279011
1.47105207116221
1.45634155045059
1.46177813494608
1.47716035359662
1.48238875006066
1.48756486256005
1.48268921393445
1.4778623217951
1.48308369857715
1.47825286159138
1.46347033297547
1.45883562964571
1.44424727334926
1.45980480061576
1.46520675260961
1.45055468508351
1.45604913823268
1.45148864685035
1.46697376038185
1.46230402277803
1.44768098255025
1.44320417272474
1.4487721309975
1.43428440968752
1.42994156559065
1.41564214993474
1.40148572843539
1.39747087115104
1.38349616243953
1.37966120081513
1.37586458880698
1.38210594291891
1.41828488348972
1.40410203465483
1.39006101430828
1.39616040416519
1.38219880012354
1.38837681212231
1.38449304400108
1.40064811356107
1.39664163242546
1.40267521610121
1.4086484639402
1.43456197930079
1.43021635950779
1.45591419591271
1.48135505395358
1.48654150341405
1.5216760883799
1.55645932749611
1.56089473422114
1.55528578687893
1.55973292901014
1.55413559972004
1.58859424372284
1.61270830128561
1.61658121827276
1.61041540609003
1.63431125202913
1.63796813950884
1.63158845811375
1.62527257353261
1.61901984779729
1.63282964931931
1.66650135282612
1.65983633929786
1.67323797590488
1.66650559614583
1.68984054018437
1.68294213478253
1.6661127134347
1.65945158630036
1.69285707043735
1.72592849973298
1.72866921473565
1.72138252258829
1.71416869736241
1.70702701038879
1.7199567402849
1.71275717288205
1.69562960115323
1.6986733051417
1.68168657209028
1.66486970636938
1.66822100930568
1.67153879921263
1.6548234112205
1.6482751771083
1.63179242533721
1.61547450108384
1.599319756073
1.58332655851227
1.56749329292715
1.55181835999788
1.5463001763979
1.55083717463392
1.53532880288758
1.5299755148587
1.52467575971012
1.51942900211302
1.50423471209189
1.50919236497097
1.49410044132126
1.47915943690805
1.46436784253896
1.45972416411358
1.45512692247244
1.44057565324771
1.42616989671524
1.41190819774809
1.3977891157706
1.3838112246129
1.36997311236677
1.3562733812431
1.34271064743067
1.32928354095636
1.3159907055468
1.30283079849133
1.28980249050642
1.28690446560135
1.27403542094534
1.26129506673589
1.24868211606853
1.23619529490784
1.23383334195877
1.22149500853918
1.20928005845379
1.19718725786925
1.18521538529056
1.17336323143765
1.16162959912327
1.15001330313204
1.13851317010072
1.12712803839971
1.11585675801572
1.10469819043556
1.0936512085312
1.08271469644589
1.07188754948143
1.06116867398662
1.05055698724675
1.04005141737428
1.02965090320054
1.01935439416854
1.00916085022685
1.00906924172458
0.998978549307336
0.988988763814262
0.97909887617612
0.969307887414359
0.959614808540215
0.950018660454813
0.940518473850265
0.931113289111762
0.921802156220645
0.912584134658438
0.903458293311854
0.894423710378735
0.885479473274948
0.876624678542198
0.877858431756776
0.869079847439209
0.870389048964817
0.871685158475168
0.872968306890417
0.864238623821513
0.855596237583297
0.847040275207464
0.83856987245539
0.830184173730836
0.821882331993527
0.813663508673592
0.805526873586856
0.797471604850988
0.829496888802478
0.821201919914453
0.822989900715309
0.814760001708155
0.806612401691074
0.798546277674163
0.790560814897421
0.782655206748447
0.784828654680963
0.776980368134153
0.769210564452812
0.761518458808284
0.753903274220201
0.756364241477999
0.748800599063219
0.761312593072586
0.793699467141861
0.795762472470442
0.797804847745738
0.79982679926828
0.791828531275597
0.783910245962842
0.786071143503213
0.778210432068181
0.780428327747499
0.802624044470024
0.794597804025324
0.816651825985071
0.83848530772522
0.850100454647968
0.851599450101488
0.853083455600473
0.854552621044469
0.846007094834024
0.837547023885684
0.829171553646827
0.820879838110359
0.812671039729255
0.824544329331963
0.836298886038643
0.827935897178256
0.829656538206474
0.851359972824409
0.862846373096165
0.874217909365203
0.875475730271551
0.886720972968836
0.887853763239148
0.898975225606756
0.899985473350689
0.910985618617182
0.91187576243101
0.9027570048067
0.893729434758633
0.894792140411046
0.895844219006936
0.906885776816867
0.897816919048698
0.898838749858211
0.929850362359629
0.940551858736033
0.971146340148672
0.971434876747186
0.971720527979714
0.982003322699917
1.00218328947292
0.992161456578188
1.04223984201241
1.04181744359228
1.05139926915636
1.0408852764648
1.07047642370015
1.07977165946315
1.09897394286851
1.10798420343983
1.12690436140543
1.13563531779138
1.15427896461346
1.16273617496733
1.15110881321766
1.13959772508548
1.13820174783462
1.12681973035628
1.13555153305271
1.12419601772219
1.15295405754497
1.17142451696952
1.16971027179982
1.16801316908182
1.166333037391
1.15466970701709
1.15312300994692
1.14159177984745
1.15017586204898
1.15867410342849
1.18708736239421
1.17521648877026
1.18346432388256
1.17162968064374
1.1699133838373
1.18821424999892
1.20633210749894
1.19426878642395
1.20232609855971
1.21030283757411
1.21819980919837
1.21601781110639
1.20385763299532
1.20181905666537
1.18980086609871
1.20790285743773
1.19582382886335
1.19386559057472
1.22192693466897
1.24970766532228
1.25721058866906
1.26463848278237
1.27199209795454
1.259272176975
1.26667945520525
1.25401266065319
1.25147253404666
1.2589578087062
1.24636823061913
1.26390454831294
1.25126550282981
1.25875284780152
1.2561653193235
1.24360366613026
1.28116762946896
1.28835595317427
1.30547239364253
1.3024176697061
1.34939349300904
1.34589955807895
1.35244056249816
1.33891615687318
1.34552699530445
1.36207172535141
1.36845100809789
1.36476649801691
1.36111883303674
1.37750764470638
1.39373256825931
1.42979524257672
1.44549729015095
1.46104231724944
1.47643189407695
1.47166757513618
1.46695089938482
1.45228139039097
1.44775857648706
1.45328099072219
1.45874818081497
1.47416069900682
1.47941909201675
1.49462490109658
1.47967865208562
1.52488186556476
1.51963304690911
1.50443671644002
1.49939234927562
1.49439842578286
1.47945444152504
1.46465989710978
1.50001329813869
1.5050131651573
1.48996303350573
1.52506340317067
1.51981276913896
1.51461464144757
1.5194684950331
1.51427381008277
1.53913107198194
1.56373976126212
1.5681023636495
1.562421340013
1.56679712661287
1.58112915534674
1.56531786379328
1.55966468515534
1.54406803830379
1.55862735792075
1.55304108434155
1.54751067349813
1.54203556676315
1.53661521109552
1.53124905898456
1.51593656839472
1.52077720271077
1.51556943068366
1.52041373637682
1.52520959901306
1.51995750302293
1.5047579279927
1.49971034871277
1.50471324522564
1.49966611277339
1.48466945164565
1.4698227571292
1.4651245295579
1.46047328426232
1.4558685514197
1.4513098659055
1.44679676724645
1.43232879957398
1.41800551157824
1.42382545646246
1.40958720189784
1.40549132987886
1.40143641658007
1.38742205241427
1.37354783189013
1.37981235357123
1.36601423003551
1.35235408773516
1.34883054685781
1.33534224138923
1.32198881897534
1.31876893078558
1.31558124147773
1.31242542906295
1.29930117477232
1.2863081630246
1.27344508139435
1.26071063058041
1.2481035242746
1.23562248903186
1.22326626414154
1.22103360150012
1.21882326548512
1.20663503283027
1.19456868250197
1.18262299567695
1.17079676572018
1.15908879806298
1.14749791008235
1.15602293098152
1.15446270167171
1.14291807465499
1.13148889390844
1.12017400496936
1.10897226491966
1.09788254227047
1.08690371684776
1.08603467967929
1.07517433288249
1.06442258955367
1.05377836365813
1.04324058002155
1.03280817422133
1.02248009247912
1.01225529155433
1.00213273863879
0.992111411252398
0.982190297139874
0.972368394168476
0.962644710226791
0.953018263124523
0.943488080493278
0.934053199688345
0.924712667691461
0.925465541014547
0.916210885604401
0.907048776748357
0.897978288980874
0.888998506091065
0.880108521030154
0.871307435819853
0.862594361461654
0.853968417847038
0.845428733668567
0.836974446331882
0.828604701868563
0.830318654849877
0.822015468301378
0.813795313618365
0.805657360482181
0.797600786877359
0.789624779008586
0.7817285312185
0.773911245906315
0.776172133447252
0.768410412112779
0.760726307991651
0.753119044911735
0.755587854462617
0.758031975917991
0.750451656158811
0.742947139597223
0.735517668201251
0.728162491519239
0.720880866604046
0.723672057938006
0.716435337358626
0.709270983985039
0.702178274145189
0.695156491403737
0.6882049264897
0.691322877224803
0.694409648452555
0.697465551968029
0.690490896448349
0.683585987483865
0.696750127609027
0.699782626332936
0.692784800069607
0.695856952068911
0.708898382548222
0.72180939872274
0.714591304735512
0.717445391688157
0.720270937771276
0.713068228393563
0.705937546109627
0.698878170648531
0.711889388942046
0.764770495052625
0.777122790102099
0.769351562201078
0.761658046579067
0.754041466113276
0.756501051452144
0.748936040937622
0.801446680528246
0.833432213722964
0.865097891585734
0.886446912669877
0.887582443543178
0.908706619107746
0.909619552916669
0.900523357387502
0.891518123813627
0.922602942575491
0.923376913149736
0.934143144018239
0.954801712578056
0.945253695452276
0.935801158497753
0.936443146912775
0.937078715443648
0.957707928289211
0.978130849006319
0.988349540516256
0.998466045111093
1.01848138465998
1.02829657081338
1.02801360510525
1.0477334690542
1.04725613436365
1.03678357302002
1.05641573728982
1.09585157991692
1.08489306411775
1.09404413347657
1.11310369214181
1.13197265522039
1.17065292866819
1.1789463993815
1.18715693538769
1.22528536603381
1.25303251237347
1.25050218724974
1.27799716537724
1.28521719372347
1.31236502178623
1.31924137156837
1.30604895785269
1.32298846827416
1.34975858359142
1.33626099775551
1.34289838777795
1.34946940390017
1.36597470986117
1.36231496276256
1.38869181313493
1.39480489500358
1.40085684605355
1.39684827759301
1.39287979481708
1.48895099686891
1.50406148690022
1.50902087203122
1.50393066331091
1.5188913566778
1.54370244311102
1.53826541867991
1.55288276449311
1.54735393684818
1.5418803974797
1.5264615935049
1.53119697756985
1.55588500779415
1.56032615771621
1.59472289613905
1.61877566717766
1.61258791050588
1.60646203140082
1.59039741108682
1.57449343697595
1.56874850260619
1.56306101758013
1.56743040740432
1.57175610333028
1.57603854229698
1.57027815687401
1.55457537530527
1.54902962155222
1.54353932533669
1.54810393208333
1.57262289276249
1.56689666383487
1.56122769719652
1.57561542022455
1.56985926602231
1.56416067336209
1.55851906662846
1.56293387596218
1.55730453720256
1.54173149183053
1.54631417691223
1.54085103514311
1.53544252479167
1.52008809954376
1.51488721854832
1.51973834636284
1.51454096289921
1.50939555327022
1.49430159773751
1.47935858176014
1.47456499594254
1.46981934598311
1.49512115252328
1.49016994099805
1.47526824158807
1.48051555917219
1.48571040358047
1.51085329954466
1.50574476654921
1.52068731888372
1.52548044569488
1.53022564123794
1.55492338482556
1.5593741509773
1.56378040946753
1.59814260537285
1.58216117931912
1.56633956752593
1.56067617185067
1.57506941013217
1.55931871603085
1.59372552887054
1.59778827358183
1.61181039084601
1.59569228693755
1.59973536406818
1.5837380104275
1.57790063032322
1.57212162401999
1.57640040777979
1.59063640370199
1.58473003966497
1.62888273926832
1.63259391187564
1.61626797275688
1.63010529302931
1.62380424009902
1.63756619769803
1.62119053572105
1.63497863036384
1.6186288440602
1.6424425556196
1.6360181300634
1.63965794876277
1.62326136927514
1.60702875558239
1.60095846802656
1.6049488833463
1.60889939451284
1.59281040056771
1.61688229656203
1.62071347359641
1.61450633886045
1.63836127547184
1.63197766271712
1.64565788608995
1.62920130722905
1.62290929415676
1.6266802012152
1.61041339920304
1.59430926521101
1.5983661725589
1.60238251083331
1.58635868572498
1.58049509886773
1.56469014787905
1.55904324640026
1.55345281393626
1.5579182857969
1.55233910293893
1.54681571190954
1.54134755479044
1.52593407924254
1.51067473845011
1.49556799106561
1.49061231115496
1.47570618804341
1.46094912616297
1.46633963490134
1.45167623855233
1.44715947616681
1.44268788140514
1.43826100259109
1.42387839256518
1.40963960863952
1.39554321255313
1.3815877804276
1.37777190262332
1.36399418359709
1.35035424176112
1.33685069934351
1.32348219235007
1.32024737042657
1.32704489672231
1.31377444775508
1.30063670327753
1.28763033624476
1.27475403288231
1.26200649255349
1.24938642762795
1.23689256335167
1.22452363771815
1.22227840134097
1.21005561732756
1.20795506115429
1.19587551054274
1.18391675543732
1.17207758788294
1.16035681200411
1.14875324388407
1.13726571144523
1.12589305433078
1.11463412378747
1.1034877825496
1.0924529047241
1.08152837567686
1.07071309192009
1.07000596100089
1.05930590139088
1.04871284237697
1.0382257139532
1.03784345681367
1.04746502224554
1.03699037202308
1.02662046830285
1.01635426361982
1.00619072098362
0.996128813773786
0.986167525636048
0.976305850379688
0.966542791875891
0.956877363957132
0.947308590317561
0.937835504414385
0.928457149370241
0.919172577876539
0.909980852097773
0.900881043576796
0.901872233141028
0.892853510809618
0.883924975701521
0.875085725944506
0.866334868685061
0.85767151999821
0.849094804798228
0.840603856750246
0.842197818182744
0.833775840000916
0.825438081600907
0.827183700784898
0.818911863777049
0.810722745139278
0.802615517687886
0.794589362511007
0.786643468885897
0.778777034197038
0.770989263855067
0.773279371216517
0.775546577504351
0.767791111729308
0.800113200612015
0.792112068605895
0.794190947919836
0.786249038440637
0.788386548056231
0.780502682575669
0.772697655749912
0.774970679192413
0.777220972400489
0.769448762676484
0.761754275049719
0.764136732299222
0.78649536497623
0.778630411326467
0.800844107213203
0.792835666141071
0.79490730947966
0.796958236384863
0.798988654021015
0.800998767480805
0.792988779805997
0.785058892007937
0.777208303087857
0.769436220056979
0.781741857856409
0.783924439277845
0.776085194885066
0.788324342936216
0.800441099506853
0.792436688511785
0.794512321626667
0.8065671984104
0.818501526426296
0.840316511162033
0.861913346050413
0.863294212589909
0.88466127046401
0.88581465775937
0.876956511181776
0.888186946069958
0.899305076609259
0.890312025843166
0.911408905584735
0.912294816528887
0.923171868363598
0.923940149679962
0.924700748183163
0.945453740701331
0.955999203294318
0.986439211261375
0.976574819148761
0.976809070957273
0.977040980247701
0.967270570445224
0.957597864740771
0.968021886093364
0.96834166723243
0.958658250560106
0.959071668054505
0.96948095137396
0.96978614186022
0.960088280441618
0.980487397637202
0.99068252366083
0.980775698424222
0.980967941439979
0.99115826202558
1.00124667940532
0.99123421261127
0.981321870485158
0.971508651780306
0.971793565262503
0.962075629609878
0.962454873313779
0.952830324580641
0.963302021334835
0.993669001121487
0.983732311110272
0.993894987999169
1.01395603811918
1.01381647773799
1.02367831296061
1.043441529831
1.04300711453269
1.07257704338736
1.07185127295349
1.08113276022395
1.08032143262171
1.0695182182955
1.06882303611254
1.07813480575142
1.1073534576939
1.10627992311696
1.09521712388579
1.10426495264694
1.12322230312047
1.13199008008926
1.15067017928837
1.14916347749549
1.16767184272053
1.18599512429333
1.17413517305039
1.17239382131989
1.17066988310669
1.15896318427562
1.15737355243287
1.16579981690854
1.16414181873945
1.17250040055206
1.17077539654654
1.18906764258107
1.18717696615526
1.19530519649371
1.18335214452877
1.17151862308348
1.15980343685265
1.16820540248412
1.17652334845928
1.16475811497469
1.16311053382494
1.16147942848669
1.15986463420183
1.15826598785981
1.16668332798121
1.1650164947014
1.15336632975438
1.15183266645684
1.15031433979227
1.14881119639435
1.1473230844304
1.1458498535861
1.14439135505024
1.14294744149974
1.14151796708474
1.13010278741389
1.12880175953975
1.12751374194436
1.12623860452491
1.14497621847966
1.14352645629487
1.14209119173192
1.1406702798146
1.12926357701645
1.12797094124629
1.12669123183383
1.12542431951549
1.13417007632033
1.12282837555713
1.12160009180156
1.12038409088354
1.10918024997471
1.09808844747496
1.10710756300021
1.10603648737021
1.11497612249651
1.12382636127154
1.12258809765883
1.12136221668224
1.11014859451542
1.09904710857026
1.08805663748456
1.08717607110971
1.11630431039862
1.13514126729463
1.12378985462168
1.11255195607547
1.12142643651471
1.11021217214956
1.09911005042807
1.08811894992379
1.07723776042455
1.0864653828203
1.0856007289921
1.07474472170218
1.06399727448516
1.06335730174031
1.0627237287229
1.06209649143567
1.08147552652132
1.0806607712561
1.06985416354354
1.05915562190811
1.04856406568903
1.03807842503214
1.02769764078182
1.017420664374
1.00724645773026
0.997173993152955
0.997202253221425
0.987230230689211
0.977357928382319
0.987584349098496
0.987708505607511
0.987831420551436
0.977953106345921
0.968173575282462
0.958491839529638
0.948906921134341
0.939417851922998
0.930023673403768
0.92072343666973
0.911516202303033
0.902401040280002
0.893377029877202
0.88444325957843
0.875598826982646
0.87684283871282
