0
0
0
0
0.4
0.592
0.40256
0.2737408
0.186143744
0.12657774592
0.0860728672255999
0.058529549713408
0.359800093805117
0.24466406378748
0.166371563375486
0.113132663095331
0.0769302109048248
0.0523125434152809
0.035572529522391
0.0241893200752259
0.0164487376511536
0.0111851416027844
0.00760589628989342
0.00517200947712752
0.00351696644444672
0.00239153718222377
0.00162624528391216
0.00110584679306027
0.000751975819280983
0.000511343557111069
0.000347713618835527
0.000236445260808158
0.000160782777349547
0.320109332288598
0.217674345956246
0.148018555250248
0.100652617570168
0.0684437799477145
0.0465417703644458
0.0316484038478232
0.0215209146165198
0.0146342219392334
0.00995127091867873
0.00676686422470154
0.00460146767279704
0.00312899801750199
0.00212771865190135
0.00144684868329292
0.000983857104639185
0.000669022831154646
0.000454935525185159
0.000309356157125908
0.000210362186845618
0.00014304628705502
9.72714751974136e-05
6.61446031342412e-05
4.4978330131284e-05
3.05852644892731e-05
2.07979798527057e-05
1.41426262998399e-05
9.61698588389113e-06
6.53955040104597e-06
4.44689427271126e-06
3.02388810544365e-06
2.05624391170168e-06
1.39824585995715e-06
9.50807184770859e-07
0.320000646548886
0.217600439653242
0.147968298964205
0.100618443295659
0.0684205414410482
0.0465259681799128
0.0316376583623407
0.0215136076863917
0.0146292532267463
0.00994789219418751
0.00676456669204751
0.0045999053505923
0.00312793563840277
0.00212699623411388
0.00144635743919744
0.000983523058654258
0.000668795679884896
0.000454781062321729
0.000309251122378776
0.000210290763217567
0.000142997718987946
9.72384489118031e-05
6.61221452600261e-05
4.49630587768178e-05
3.05748799682361e-05
2.07909183784005e-05
0.320014137824497
0.217609613720658
0.147974537330048
0.100622685384432
0.388423426061414
0.264127929721762
0.179606992210798
0.442132754703343
0.300650273198273
0.204442185774826
0.139020686326881
0.0945340667022793
0.0642831653575499
0.0437125524431339
0.0297245356613311
0.0202126842497051
0.0137446252897995
0.00934634519706365
0.00635551473400328
0.00432175001912223
0.322938790013003
0.539598377208842
0.366926896502013
0.249510289621369
0.169666996942531
0.115373557920921
0.0784540193862261
0.373348733182634
0.253877138564191
0.17263645422365
0.117392788872082
0.0798270964330157
0.0542824255744506
0.0369120493906264
0.345100193585626
0.554668131638226
0.377174329513993
0.256478544069515
0.17440540996727
0.118595678777744
0.0806450615688659
0.0548386418668288
0.0372902764694436
0.0253573879992216
0.0172430238394707
0.0117252562108401
0.00797317422337125
0.00542175847189245
0.323686795760887
0.220107021117403
0.149672774359834
0.101777486564687
0.0692086908639872
0.367061909787511
0.249602098655508
0.169729427085745
0.115416010418307
0.0784828870844486
0.373368363217425
0.253890486987849
0.492645531151737
0.334998961183181
0.547799293604563
0.372503519651103
0.25330239336275
0.17224562748667
0.117127026690936
0.0796463781498362
0.0541595371418886
0.0368284852564843
0.0250433699744093
0.337029491582598
0.869180054276167
0.591042436907793
0.7219088570973
1.13089802282616
0.769010655521791
0.522927245754818
0.355590527113276
0.561801558437028
0.382025059737179
0.579777040621282
0.394248387622471
0.268088903583281
0.502300454436631
0.341564309016909
0.232263730131498
0.157939336489419
0.107398748812805
0.0730311491927072
0.0496611814510409
0.0337696033867078
0.0229633303029613
0.0156150646060137
0.0106182439320893
0.00722040587382072
0.00490987599419809
0.0033387156760547
0.0022703266597172
0.00154382212860769
0.321049799047453
0.218313863352268
0.148453427079542
0.100948330414089
0.38864486468158
0.264278507983475
0.179709385428763
0.122202382091559
0.0830976198222599
0.376506381479137
0.256024339405813
0.174096550795953
0.118385654541248
0.0805022450880485
0.054741526659873
0.0372242381287136
0.0253124819275253
0.0172124877107172
0.0117044916432877
0.00795905431743562
0.325412156935856
0.221280266716382
0.15047058136714
0.102319995329655
0.0695775968241655
0.0473127658404325
0.0321726807714941
0.021877422924616
0.0148766475887389
0.0101161203603424
0.00687896184503285
0.00467769405462234
0.00318083195714319
0.00216296573085737
0.00147081669698301
0.00100015535394845
0.000680105640684944
0.000462471835665762
0.320314480848253
0.217813846976812
0.148113415944232
0.100717122842078
0.0684876435326129
0.366571597602177
0.24926868636948
0.169502706731246
0.115261840577248
0.398378051592528
0.270897075082919
0.184210011056385
0.445262807518342
0.622778709112472
0.423489522196481
0.287972875093607
0.195821555063653
0.133158657443284
0.0905478870614331
0.0615725632017745
0.0418693429772066
0.0284711532245005
0.0193603841926604
0.013165061251009
0.00895224165068614
0.326087524322467
0.541739516539277
0.368382871246709
0.250500352447762
0.170340239664478
0.115831362971845
0.0787653268208546
0.0535604222381811
0.0364210871219632
0.024766339242935
0.0168411106851958
0.0114519552659331
0.00778732958083452
0.00529538411496747
0.00360086119817788
0.00244858561476096
0.00166503821803745
0.00113222598826547
0.000769913672020518
0.000523541296973952
0.000356008081942287
0.000242085495720755
0.000164618137090114
0.000111940333221277
7.61194265904685e-05
5.17612100815186e-05
3.51976228554326e-05
2.39343835416942e-05
1.62753808083521e-05
1.10672589496794e-05
7.52573608578199e-06
5.11750053833175e-06
3.47990036606559e-06
2.3663322489246e-06
1.60910592926873e-06
0.320001094192032
0.217600744050582
0.147968505954396
0.100618584048989
0.0684206371533125
0.0465260332642525
0.0316377026196917
0.0215136377813903
0.0146292736913454
0.00994790611011489
0.00676457615487813
0.00459991178531713
0.00312794001401565
0.00212699920953064
0.00144635946248083
0.000983524434486967
0.000668796615451138
0.320454781698507
0.217909251554985
0.46817829105739
0.318361237919025
0.216485641784937
0.147210236413757
0.100102960761355
0.0680700133177213
0.0462876090560504
0.0314755741581143
0.0214033904275177
0.0145543054907121
0.00989692773368419
0.00672991085890525
0.324576339384056
0.220711910781158
0.150084099331187
0.102057187545207
0.069398887530741
0.0471912435209039
0.0320900455942146
0.0218212310040659
0.0148384370827648
0.0100901372162801
0.00686129330707046
0.00466567944880791
0.00317266202518938
0.00215741017712878
0.00146703892044757
0.000997586465904347
0.320678358796815
0.218061283981834
0.148281673107647
0.1008315377132
0.068565445644976
0.0466245030385837
0.0317046620662369
0.0215591702050411
0.014660235739428
0.009968960302811
0.00677889300591148
0.00460964724401981
0.00313456012593347
0.00213150088563476
0.00144942060223164
0.000985606009517512
0.000670212086471908
0.320455744218801
0.217909906068785
0.148178736126774
0.100761540566206
0.0685178475850201
0.0465921363578136
0.0316826527233133
0.021544203851853
0.0146500586192601
0.00996203986109684
0.00677418710554585
0.00460644723177118
0.0031323841176044
0.00213002119997099
0.00144841441598027
0.000984921802866586
0.000669746825949279
0.000455427841645509
0.000309690932318946
0.000210589833976884
0.000143201087104281
9.73767392309109e-05
6.62161826770194e-05
4.50270042203732e-05
3.06183628698538e-05
2.08204867515006e-05
1.41579309910204e-05
9.62739307389386e-06
6.54662729024782e-06
0.320004451706557
0.217603027160459
0.147970058469112
0.100619639758996
0.0684213550361174
0.0465265214245598
0.0316380345687007
0.0215138635067165
0.0146294271845672
0.00994801048550569
0.326764647130144
0.222199960048498
0.151095972832978
0.102745261526425
0.0698667778379692
0.0475094089298191
0.032306398072277
0.0219683506891483
0.0149384784686209
0.0101581653586622
0.00690755244389029
0.324697135661845
0.220794052250055
0.150139955530037
0.102095169760425
0.0694247154370892
0.0472088064972207
0.0321019884181101
0.0218293521243148
0.0148439594445341
0.0100938924222832
0.00686384684715256
0.00466741585606374
0.00317384278212334
0.322158213091844
0.219067584902454
0.148965957733669
0.101296851258895
0.388881858856048
0.264439664022113
0.179818971535037
0.122276900643825
0.403148292437801
0.274140838857705
0.506415770423239
0.344362723887803
0.234166652243706
0.15923332352572
0.42827865999749
0.291229488798293
0.518036052382839
0.672264515620331
0.457139870621825
0.310855112022841
0.531381476175532
0.361339403799362
0.565710794583566
0.384683340316825
0.581584671415441
0.3954775765625
0.2689247520625
0.1828688314025
0.1243508053537
0.0845585476405159
0.0574998123955508
0.0390998724289746
0.0265879132517027
0.0180797810111578
0.0122942510875873
0.00836009073955938
0.00568486170290038
0.00386570595797226
0.00262868005142113
0.00178750243496637
0.00121550165577713
0.320826541125928
0.218162047965631
0.148350192616629
0.100878130979308
0.388597129065929
0.264246047764832
0.179687312480086
0.122187372486458
0.0830874132907916
0.0564994410377383
0.038419619905662
0.34612534153585
0.235365232244378
0.160048357926177
0.1088328833898
0.0740063607050643
0.0503243252794437
0.0342205411900217
0.343269968009215
0.233423578246266
0.158728033207461
0.107935062581073
0.0733958425551299
0.0499091729374883
0.0339382375974921
0.0230780015662946
0.0156930410650803
0.0106712679242546
0.327256462188493
0.222534394288175
0.471323388115959
0.320499903918852
0.21793993466482
0.148199155572077
0.100775425789013
0.0685272895365285
0.0465985568848394
0.0316870186816908
0.0215471727035497
0.0146520774384138
0.00996341265812139
0.326775120607523
0.222207082013115
0.151100815768918
0.102748554722864
0.0698690172115479
0.0475109317038525
0.35230743355862
0.559569054819861
0.380506957277506
0.258744730948704
0.495946417045119
0.337243563590681
0.229325623241663
0.475941423804331
0.643640168186945
0.757675314367122
0.835219213769643
0.887949065363357
0.603805364447083
0.410587647824016
0.919199600520331
0.625055728353825
0.425037895280601
0.289025768790809
0.19653752277775
0.13364551548887
0.0908789505324315
0.0617976863620534
0.0420224267261963
0.0285752501738135
0.0194311701181932
0.0132131956803714
0.00898497306265252
0.00610978168260372
0.00415465154417053
0.00282516305003596
0.00192111087402445
0.00130635539433663
0.000888321668148906
0.000604058734341256
0.000410759939352054
0.000279316758759397
0.00018993539595639
0.000129156069250345
8.78261270902346e-05
0.320059721766421
0.537640610801167
0.365595615344793
0.248605018434459
0.169051412535432
0.114954960524094
0.0781693731563839
0.0531551737463411
0.0361455181475119
0.0245789523403081
0.0167136875914095
0.0113653075621585
0.00772840914226775
0.00525531821674207
0.323573616387385
0.220030059143422
0.149620440217527
0.101741899347918
0.0691844915565843
0.0470454542584773
0.0319909088957646
0.0217538180491199
0.0147925962734015
0.010058965465913
0.326840096516821
0.222251265631438
0.151130860629378
0.102768985227977
0.0698829099550243
0.0475203787694165
0.0323138575632032
0.0219734231429782
0.0149419277372252
0.0101605108613131
0.00690914738569292
0.00469822022227119
0.00319478975114441
0.0021724570307782
0.00147727078092917
0.00100454413103184
0.00068309000910165
0.000464501206189122
0.000315860820208603
0.00021478535774185
0.320146054043264
0.21769931674942
0.148035535389605
0.100664164064932
0.0684516315641536
0.0465471094636244
0.0316520344352646
0.0215233834159799
0.0146359007228663
0.00995241249154911
0.0067676404942534
0.00460199553609231
0.00312935696454277
0.00212796273588908
0.00144701466040458
0.000983969969075112
0.000669099578971076
0.000454987713700332
0.000309391645316226
0.000210386318815033
0.000143062696794223
9.72826338200714e-05
6.61521909976485e-05
4.4983489878401e-05
3.05887731173127e-05
2.08003657197726e-05
1.41442486894454e-05
9.61808910882285e-06
6.54030059399954e-06
4.44740440391969e-06
3.02423499466539e-06
2.05647979637246e-06
1.39840626153327e-06
9.50916257842627e-07
6.46623055332986e-07
4.39703677626431e-07
2.98998500785973e-07
2.03318980534461e-07
1.38256906763434e-07
9.40146965991349e-08
6.39299936874118e-08
4.347239570744e-08
2.95612290810592e-08
2.01016357751202e-08
1.36691123270818e-08
9.2949963824156e-09
6.32059754004261e-09
4.29800632722897e-09
2.9226443025157e-09
1.98739812571068e-09
1.35143072548326e-09
9.18972893328617e-10
6.24901567463459e-10
4.24933065875152e-10
2.88954484795104e-10
1.9648904966067e-10
1.33612553769256e-10
9.0856536563094e-11
6.17824448629039e-11
4.20120625067747e-11
2.85682025046068e-11
1.94263777031326e-11
1.32099368381302e-11
8.98275704992851e-12
6.10827479395139e-12
4.15362685988694e-12
2.82446626472312e-12
1.92063706001172e-12
1.30603320080797e-12
8.8810257654942e-13
6.03909752053605e-13
4.10658631396452e-13
2.79247869349587e-13
1.89888551157719e-13
1.29124214787249e-13
8.78044660553293e-14
5.9707036917624e-14
4.06007851039843e-14
2.76085338707093e-14
1.87738030320823e-14
1.2766186061816e-14
8.68100652203487e-15
5.90308443498371e-15
4.01409741578892e-15
2.72958624273647e-15
1.8561186450608e-15
1.26216067864134e-15
8.58269261476113e-16
5.83623097803757e-16
3.96863706506555e-16
2.69867320424457e-16
1.83509777888631e-16
1.24786648964269e-16
8.48549212957029e-17
5.77013464810779e-17
3.9236915607133e-17
2.66811026128504e-17
1.81431497767383e-17
1.2337341848182e-17
8.38939245676379e-18
5.70478687059937e-18
0.32
0.2176
0.147968
0.10061824
0.0684204032
0.046525874176
0.03163759443968
0.0215135642189824
0.014629223668908
0.329947872094857
0.224364553024503
0.152567896056662
0.10374616931853
0.0705473951366005
0.367972228692888
0.250221115511164
0.170150358547592
0.115702243812362
0.0786775257924063
0.0535007175388363
0.0363804879264087
0.0247387317899579
0.336822337617171
0.229039189579677
0.15574664891418
0.105907721261642
0.392017250457917
0.586571730311383
0.398868776611741
0.271230768095984
0.184436922305269
0.125417107167583
0.0852836328739563
0.37799287035429
0.257035151840917
0.174783903251824
0.11885305421124
0.0808200768636433
0.374957652267277
0.254971203541749
0.173380418408389
0.117898684517705
0.0801711054720391
0.0545163517209866
0.0370711191702709
0.0252083610357842
0.0171416855043332
0.0116563461429466
0.00792631537720369
0.00538989445649851
0.00366512823041899
0.00249228719668491
0.00169475529374574
0.0011524335997471
0.000783654847828029
0.00053288529652306
0.000362362001635681
0.000246406161112263
0.000167556189556339
0.640113938208898
0.435277477982051
0.615988685027794
0.4188723058189
0.284833167956852
0.193686554210659
0.131706856863248
0.0895606626670089
0.060901250613566
0.0414128504172249
0.348160738283713
0.236749302032925
0.160989525382389
0.109472877260024
0.0744415565368166
0.0506202584450353
0.354421775742624
0.241006807504984
0.163884629103389
0.111441547790305
0.0757802524974072
0.0515305716982369
0.0350407887548011
0.0238277363532647
0.01620286072022
0.33101794528975
0.22509220279703
0.15306269790198
0.424082634573346
0.288376191509876
0.196095810226715
0.133345150954166
0.410674702648833
0.279258797801207
0.18989598250482
0.129129268103278
0.407807902310229
0.277309373570956
0.18857037402825
0.12822785433921
0.0871949409506627
0.379292559846451
0.257918940695586
0.175384879672999
0.119261718177639
0.401097968360795
0.27274661848534
0.505467700570031
0.343718036387621
0.233728264743582
0.158935220025636
0.108075949617433
0.0734916457398541
0.0499743191031008
0.353982536990109
0.560708125153274
0.381281525104226
0.259271437070874
0.176304577208194
0.119887112501572
0.081523236501069
0.0554358008207269
0.0376963445580943
0.345633514299504
0.555030789723663
0.377420937012091
0.256646237168222
0.174519441274391
0.118673220066586
0.0806977896452782
0.374874496958789
0.254914657931977
0.173341967393744
0.117872537827746
0.0801533257228673
0.0545042614915497
0.0370628978142538
0.0252027705136926
0.017137883949311
0.331653761085531
0.225524557538161
0.15335669912595
0.104282555405646
0.0709121376758391
0.0482202536195706
0.032789772461308
0.0222970452736894
0.0151619907861088
0.010310153734554
0.327010904539497
0.222367415086858
0.151209842259063
0.102822692736163
0.0699194310605908
0.0475452131212018
0.0323307449224172
0.0219849065472437
0.334949736452126
0.227765820787445
0.154880758135463
0.105318915532115
0.071616862561838
0.0486994665420499
0.0331156372485939
0.342518633329044
0.23291267066375
0.15838061605135
0.107698818914918
0.0732351968621442
0.049799933866258
0.0338639550290554
0.0230274894197577
0.0156586928054352
0.010647911107696
0.00724057955323325
0.324923594096199
0.220948043985415
0.150244669910082
0.102166375538856
0.069473135366422
0.047241732049167
0.0321243777934335
0.0218445768995348
0.0148543122916837
0.0101009323583449
0.00686863400367452
0.00467067112249868
0.0031760563632991
0.00215971832704339
0.0014686084623895
0.000998653754424862
0.000679084553008906
0.000461777496046056
0.000314008697311318
0.320213525914172
0.217745197621637
0.148066734382713
0.100685379380245
0.0684660579785665
0.0465569194254252
0.0316587052092891
0.341527919542317
0.232238985288775
0.157922509996367
0.10738730679753
0.0730233686223202
0.369655890663178
0.251366005650961
0.170928883842653
0.116231641013004
0.0790375158888429
0.0537455108044132
0.036546947347001
0.0248519241959606
0.0168993084532532
0.0114915297482122
0.0078142402287843
0.00531368335557332
0.00361330468178986
0.0024570471836171
0.00167079208485963
0.00113613861770455
0.000772574260039093
0.000525350496826583
0.000357238337842076
0.000242922069732612
0.000165187007418176
0.00011232716504436
7.63824722301646e-05
5.19400811165119e-05
3.53192551592281e-05
2.40170935082751e-05
1.63316235856271e-05
1.11055040382264e-05
7.55174274599396e-06
5.13518506727589e-06
3.49192584574761e-06
2.37450957510837e-06
1.61466651107369e-06
1.09797322753011e-06
7.46621794720475e-07
5.07702820409923e-07
3.45237917878748e-07
2.34761784157548e-07
1.59638013227133e-07
1.0855384899445e-07
7.38166173162262e-08
5.01952997750338e-08
3.4132803847023e-08
2.32103066159756e-08
1.57830084988634e-08
1.07324457792271e-08
7.29806312987445e-09
4.96268292831463e-09
3.37462439125395e-09
2.29474458605268e-09
1.56042631851582e-09
1.06108989659076e-09
7.21541129681717e-10
4.90647968183568e-10
3.33640618364826e-10
2.26875620488082e-10
1.54275421931895e-10
1.04907286913689e-10
7.13369551013084e-11
4.85091294688897e-11
3.2986208038845e-11
2.24306214664146e-11
1.52528225971619e-11
1.03719193660701e-11
7.05290516892768e-12
4.79597551487082e-12
3.26126335011216e-12
2.21765907807627e-12
1.50800817309186e-12
1.02544555770247e-12
0.320000000000697
0.217600000000474
0.147968000000322
0.100618240000219
0.0684204032001491
0.0465258741761014
0.351637594439749
0.239113564219029
0.16259722366894
0.110566112094879
0.0751849562245178
0.0511257702326721
0.034765523758217
0.0236405561555876
0.0160755781857995
0.0109313931663437
0.00743334735311371
0.325054676200117
0.54103717981608
0.687905282274934
0.467775591946955
0.31808740252393
0.216299433716272
0.147083614927065
0.100016858150404
0.0680114635422749
0.0462477952087469
0.351448500741948
0.238984980504525
0.162509786743077
0.110506654985292
0.0751445253899986
0.691098277265199
0.469946828540335
0.639563843407428
1.07490341351705
1.05093432119159
1.35463533841028
1.88115203011899
1.91918338048092
1.94504469872702
1.64263039513438
1.11698866869138
0.759552294710135
0.516495560402892
0.351216981073966
0.238827547130297
0.162402732048602
0.110433857793049
0.0750950232992736
0.051064615843506
0.0347239387735841
0.0236122783660372
0.0160563492889053
0.0109183175164556
0.0074244559111898
0.645048630019609
0.758633068413334
0.835870486521067
0.568391930834326
0.386506512967341
0.582824428817792
0.716320611596099
1.12709801588535
1.40642665080204
1.59637012254538
1.08553168333086
1.37816154466499
1.25714985037219
0.854861898253089
1.2213060908121
1.47048814175223
0.999931936391515
0.67995371674623
0.782368527387437
0.532010598623457
0.361767207063951
0.566001700803486
0.384881156546371
0.261719186451532
0.177969046787042
0.121018951815188
0.0822928872343281
0.0559591633193431
0.0380522310571533
0.0258755171188642
0.0175953516408277
0.331964839115763
0.225736090598719
0.473500541607129
0.641980368292848
0.756546650439136
0.514451722298613
0.349827171163057
0.557882476390878
0.379360083945797
0.257964857083142
0.175416102816537
0.119282949915245
0.0811124059423665
0.0551564360408092
0.0375063765077503
0.34550433602527
0.234942948497184
0.479761204978085
0.326237619385098
0.221841581181866
0.150852275203669
0.422579547138495
0.607354092054177
0.41300078259684
0.280840532165851
0.190971561872779
0.12986066207349
0.0883052502099729
0.0600475701427816
0.360832347697091
0.245365996434022
0.166848877575135
0.113457236751092
0.0771509209907424
0.0524626262737049
0.355674585866119
0.241858718388961
0.164463928504494
0.111835471383056
0.0760481205404778
0.0517127219675249
0.0351646509379169
0.0239119626377835
0.0162601345936928
0.0110568915237111
0.00751868623612354
0.00511270664056401
0.00347664051558352
0.0023641155505968
0.00160759857440582
0.00109316703059596
0.000743353580805252
0.320505480434948
0.217943726695764
0.14820173415312
0.100777179224121
0.388528481872403
0.904199367673234
0.614855570017799
0.738101787612103
1.14190921557623
0.776498266591837
0.528018821282449
0.359052798472065
0.244155902961004
0.166026014013483
0.112897689529168
0.0767704288798345
0.0522038916382874
0.0354986463140355
0.0241390794935441
0.01641457405561
0.0111619103578148
0.00759009904331406
0.00516126734945356
0.00350966179762842
0.00238657002238733
0.00162286761522338
0.0011035499783519
0.000750413985279291
0.000510281509989918
0.000346991426793144
0.000235954170219338
0.00016044883574915
0.000109105208309422
7.41915416504069e-05
5.04502483222767e-05
3.43061688591481e-05
2.33281948242207e-05
1.58631724804701e-05
1.07869572867197e-05
7.33513095496937e-06
4.98788904937917e-06
3.39176455357784e-06
2.30639989643293e-06
1.56835192957439e-06
1.06647931211059e-06
7.25205932235198e-07
4.93140033919935e-07
0.320000335335223
0.217600228027952
0.147968155059007
0.100618345440125
0.0684204748992849
0.0465259229315137
0.0316376275934293
0.341513586763532
0.232229238999202
0.157915882519457
0.107382800113231
0.073020304076997
0.0496538067723579
0.0337645886052034
0.0229599202515383
0.015612745771046
0.0106166671243113
0.00721933364453169
0.00490914687828155
0.00333821987723145
0.00226998951651739
0.00154359287123182
0.00104964315243764
0.000713757343657595
0.000485354993687165
0.000330041395707272
0.000224428149080945
0.000152611141375042
0.000103775576135029
7.05673917718196e-05
4.79858264048373e-05
3.26303619552894e-05
2.21886461295968e-05
1.50882793681258e-05
1.02600299703256e-05
6.97682037982137e-06
4.74423785827853e-06
0.320003226081744
0.217602193735586
0.147969491740198
0.100619254383335
0.0684210929806676
0.046526343226854
0.0316379133942607
0.0215137811080973
0.0146293711535061
0.00994797238438418
0.00676462122138124
0.00459994243053924
0.323127960852767
0.219727013379881
0.149414369098319
0.101601770986857
0.0690892042710628
0.0469806589043227
0.351946848054939
0.239323856677359
0.162740222540604
0.110663351327611
0.0752510789027753
0.0511707336538872
0.0347960988846433
0.0236613472415574
0.016089716124259
0.0109410069644961
0.00743988473585738
0.00505912162038302
0.00344020270186045
0.00233933783726511
0.00159074972934027
0.00108170981595139
0.000735562674846942
0.00050018261889592
0.000340124180849226
0.000231284442977474
0.000157273421224682
0.000106945926432784
7.27232299742929e-05
4.94517963825192e-05
3.36272215401131e-05
2.28665106472769e-05
1.55492272401483e-05
1.05734745233008e-05
7.18996267584456e-06
0.32000488917462
0.217603324638741
0.147970260754344
0.100619777312954
0.0684214485728087
0.0465265850295099
0.0316380778200667
0.0215138929176454
0.0146294471839989
0.00994802408511922
0.00676465637788107
0.00459996633695913
0.00312797710913221
0.0021270244342099
0.00144637661526273
0.000983536098378658
0.320668804546898
0.21805478709189
0.148277255222485
0.10082853355129
0.0685634028148772
0.0466231139141165
0.0317037174615992
0.0215585278738875
0.0146597989542435
0.00996866328888557
0.00677869103644218
0.00460950990478068
0.00313446673525087
0.322131437379971
0.21904937741838
0.148953576644498
0.101288432118259
0.068876133840416
0.0468357710114829
0.0318483242878084
0.34165686051571
0.232326665150683
0.157982132302464
0.107427849965676
0.0730509379766594
0.0496746378241284
0.0337787537204073
0.022969552529877
0.0156192957203163
0.0106211210898151
0.00722236234107427
0.0049112063919305
0.00333962034651274
0.00227094183562867
0.00154424044822749
0.00105008350479469
0.32071405678326
0.218085558612617
0.14829817985658
0.100842762302474
0.0685730783656824
0.046629693288664
0.0317081914362915
0.341561570176678
0.872261867720141
0.593138070049696
0.403333887633793
0.274267043590979
0.506501589641866
0.344421080956469
0.234206335050399
0.479260307834271
0.645897009327304
0.439209966342567
0.618662777112946
0.420690688436803
0.286069668137026
0.194527374333178
0.132278614546561
0.729949457891661
0.49636563136633
0.337528629329104
0.229519467943791
0.156073238201778
0.106129801977209
0.072168265344502
0.0490744204342614
0.0333706058952977
0.0226920120088024
0.0154305681659857
0.0104927863528703
0.00713509471995177
0.0048518644095672
0.0032992677985057
0.00224350210298387
0.00152558143002903
0.00103739537241974
0.000705428853245425
0.000479691620206889
0.000326190301740685
0.000221809405183666
0.000150830395524893
0.320102564668957
0.217669743974891
0.148015425902926
0.100650489613989
0.0684423329375128
0.0465407863975087
0.0316477347503059
0.021520459630208
0.0146339125485415
0.329951060533008
0.224366721162446
0.472569370390463
0.321347171865515
0.21851607686855
0.148590932270614
0.101041833944018
0.0687084470819319
0.0467217440157137
0.0317707859306853
0.021604134432866
0.0146908114143489
0.00998975176175724
0.00679303119799492
0.00461926121463655
0.00314109762595285
0.322135946385648
0.219052443542241
0.148955661608724
0.101289849893932
0.388877097927874
0.264436426590954
0.179816770081849
0.122275403655657
0.0831472744858469
0.0565401466503759
0.0384472997222556
0.346144163811134
0.235378031391571
0.160057061346268
0.108838801715462
0.0740103851665144
0.0503270619132298
0.0342224021009963
0.0232712334286775
0.0158244387315007
0.33076061833742
0.544917220469446
0.370543709919223
0.251969722745072
0.491339411466649
0.334110799797321
0.227195343862178
0.154492833826281
0.105055127001871
0.0714374863612724
0.0485774907256652
0.0330326936934524
0.0224622317115476
0.0152743175638524
0.33038653594342
0.224662844441525
0.152770734220237
0.103884099269761
0.0706411875034377
0.368036007502338
0.25026448510159
0.170179849869081
0.115722297910975
0.078691162579463
0.0535099905540348
0.356386793576744
0.562343019632186
0.382393253349886
0.580027412277923
0.394418640348987
0.268204675437311
0.182379179297372
0.124017841922213
0.0843321325071046
0.0573458501048311
0.0389951780712852
0.0265167210884739
0.0180313703401623
0.0122613318313103
0.00833770564529103
0.0056696398387979
0.00385535509038257
0.00262164146146015
0.0017827161937929
0.00121224701177917
0.000824327968009837
0.000560543018246689
0.000381169252407749
0.000259195091637269
0.000176252662313343
0.000119851810373073
8.14992310536898e-05
0.320055419477117
0.217637685244439
0.147993625966219
0.100635665657029
0.0684322526467795
0.0465339317998101
0.0316430736238708
0.0215172900642322
0.0146317572436779
0.00994959492570095
0.00676572454947665
0.00460069269364412
0.003128471031678
0.00212736030154104
0.00144660500504791
0.000983691403432577
0.000668910154334152
0.000454858904947223
0.000309304055364112
0.000210326757647596
0.000143022195200365
9.72550927362484e-05
6.61334630606489e-05
4.49707548812413e-05
3.05801133192441e-05
0.320020794477057
0.217614140244399
0.147977615366191
0.10062477844901
0.0684248493453268
0.0465288975548222
0.0316396503372791
0.0215149622293498
0.0146301743159579
0.00994851853485134
0.00676499260369891
0.00460019497051526
0.00312813257995038
0.00212713015436626
0.00144644850496905
0.000983584983378956
0.00066883778869769
0.000454809696314429
0.000309270593493812
0.000210304003575792
0.000143006722431539
9.72445712534462e-05
6.61263084523434e-05
4.49658897475935e-05
3.05768050283636e-05
2.07922274192872e-05
1.41387146451153e-05
9.61432595867842e-06
0.320006537741652
0.217604445664323
0.14797102305174
0.100620295675183
0.0684218010591245
0.0465268247202046
0.0316382408097392
0.0215140037506226
0.0146295225504234
0.0099480753342879
0.326764691227316
0.542199990034575
0.368695993223511
0.250713275391987
0.170485027266551
0.115929818541255
0.0788322766080533
0.0536059480934763
0.0364520447035639
0.0247873903984234
0.0168554254709279
0.011461689320231
0.00779394873775707
0.00529988514167481
0.00360392189633887
0.00245066688951043
0.00166645348486709
0.00113318836970962
0.000770568091402543
0.000523986302153729
0.000356310685464536
0.000242291266115884
0.000164758060958801
0.000112035481451985
7.61841273873498e-05
5.18052066233978e-05
3.52275405039105e-05
2.39547275426592e-05
1.62892147290082e-05
1.10766660157256e-05
7.5321328906934e-06
5.12185036567151e-06
3.48285824865663e-06
2.36834360908651e-06
1.61047365417882e-06
1.0951220848416e-06
7.44683017692288e-07
0.320000506384452
0.217600344341427
0.147968234152171
0.420618399223476
0.286020511471964
0.194493947800935
0.132255884504636
0.0899340014631524
0.0611551209949437
0.361585482276562
0.245878127948062
0.167197127004682
0.113694046363184
0.077311951526965
0.0525721270383362
0.0357490463860686
0.344309351542527
0.554130359048918
0.376808644153264
0.25622987802422
0.174236317056469
0.438480695598399
0.298166873006911
0.2027534736447
0.137872362078396
0.0937532062133091
0.38375218022505
0.260951482553034
0.177447008136063
0.440663965532523
0.299651496562116
0.203763017662239
0.138558852010322
0.0942200193670191
0.704069613169573
1.11876733695531
1.08076178912961
0.734918016608135
0.499744251293532
0.339826090879602
0.231081741798129
0.157135584422728
0.106852197407455
0.392659494237069
0.267008456081207
0.501565750135221
0.34106471009195
0.231924002862526
0.157708321946518
0.107241658923632
0.0729243280680698
0.369588543086287
0.251320209298675
0.170897742323099
0.116210464779708
0.399023116050201
0.591335718914137
0.402108288861613
0.593433636425897
0.72353487276961
0.492003713483335
0.334562525168668
0.227502517114694
0.154701711637992
0.105197163913834
0.0715340714614074
0.368643168593757
0.570677354643755
0.708060601157753
0.801481208787272
1.50500722197535
1.02340491094323
1.0159153394414
0.690822430820152
0.469759252957703
0.319436292011238
0.217216678567642
0.147707341425996
0.100440992169678
0.388299874675381
0.264043914779259
0.179549862049896
0.442093906193929
0.300623856211872
0.524424222224073
0.67660847111237
0.780093760356411
0.85046375704236
0.578315354788804
0.393254441256387
0.907413020054343
0.617040853636953
0.419587780473128
0.285319690721727
0.514017389690774
0.349531824989727
0.237681640993014
0.16162351587525
0.10990399079517
0.0747347137407154
0.0508196053436865
0.0345573316337068
0.0234989855109206
0.335979310147426
0.22846593090025
0.15535683301217
0.105642646448275
0.0718369995848273
0.0488491597176826
0.0332174286080241
0.0225878514534564
0.33535973898835
0.228044622512078
0.155070343308213
0.425447833449585
0.289304526745718
0.196727078187088
0.13377441316722
0.0909666009537095
0.0618572886485225
0.0420629562809953
0.0286028102710768
0.0194499109843322
0.333225939469346
0.226593638839155
0.154083674410626
0.104776898599225
0.0712482910474732
0.0484488379122818
0.352945209780352
0.240002742650639
0.163201865002435
0.110977268201655
0.0754645423771257
0.0513158888164455
0.0348948043951829
0.343728466988724
0.553735357552333
0.376540043135586
0.256047229332199
0.174112115945895
0.758396238843209
0.515709442413382
0.3506824208411
0.238464046171948
0.162155551396924
0.110265774949909
0.0749807269659378
0.370986894336838
0.89227108814905
0.606744339941354
0.41258615116012
0.600558582788882
0.40837983629644
0.277698288681579
0.188834836303474
0.128407688686362
0.407317228306726
0.276975715248574
0.18834348636903
0.128073570730941
0.0870900280970396
0.0592212191059869
0.0402704289920711
0.347383891714608
0.236221046365934
0.480630311528835
0.326828611839608
0.222243456050933
0.151125550114635
0.102765374077951
0.069880454373007
0.0475187089736448
0.352312722102078
0.239572651029413
0.162909402700001
0.110778393836001
0.0753293078084805
0.0512239293097667
0.0348322719306414
0.0236859449128361
0.0161064425407286
0.0109523809276954
0.00744761903083289
0.00506438094096636
0.00344377903985713
0.322341769747103
0.21919240342803
0.14905083433106
0.101354567345121
0.0689211057946823
0.046866351940384
0.0318691193194611
0.0216710011372335
0.0147362807733188
0.0100206709258568
0.00681405622958261
0.00463355823611618
0.003150819600559
0.00214255732838012
0.00145693898329848
0.000990718508642967
0.000673688585877218
0.000458108238396508
0.000311513602109625
0.000211829249434545
0.000144043889615491
9.79498449385337e-05
6.66058945582029e-05
4.5292008299578e-05
3.0798565643713e-05
2.09430246377248e-05
1.42412567536529e-05
9.68405459248397e-06
6.5851571228891e-06
0.320004477906844
0.217603044976654
0.147970070584124
0.100619647997205
0.0684213606380991
0.0465265252339074
0.031638037159057
0.0215138652681588
0.014629428382348
0.00994801129999662
0.0067646476839977
0.00459996042511844
0.00312797308908054
0.00212702170057476
0.00144637475639084
0.000983534834345771
0.000668803687355124
0.000454786507401484
0.000309254825033009
0.000210293281022446
0.000142999431095263
9.72396131447792e-05
6.61229369384498e-05
4.49635971181459e-05
3.05752460403392e-05
2.07911673074306e-05
1.41379937690528e-05
9.61383576295593e-06
6.53740831881003e-06
4.44543765679082e-06
3.02289760661776e-06
2.05557037250008e-06
1.39778785330005e-06
9.50495740244035e-07
6.46337103365944e-07
0.32000043950923
0.217600298866277
0.147968203229068
0.100618378195766
0.0684204971731211
0.0465259380777223
0.0316376378928512
0.0215135937671388
0.0146292437616544
0.00994788575792498
0.00676456231538898
0.00459990237446451
0.00312793361463587
0.00212699485795239
0.00144635650340762
0.000983522422317184
0.000668795247175685
0.000454780768079466
0.000309250922294037
0.000210290627159945
0.000142997626468763
9.72383859987585e-05
6.61221024791558e-05
4.49630296858259e-05
3.05748601863616e-05
2.07909049267259e-05
1.41378153501736e-05
9.61371443811806e-06
6.53732581792028e-06
4.44538155618579e-06
3.02285945820634e-06
2.05554443158031e-06
1.39777021347461e-06
9.50483745162735e-07
6.4632894671066e-07
4.39503683763248e-07
2.98862504959009e-07
2.03226503372126e-07
1.38194022293046e-07
9.39719351592711e-08
6.39009159083043e-08
4.34526228176469e-08
2.95477835159999e-08
2.00924927908799e-08
0.320000013662895
0.217600009290769
0.147968006317723
0.100618244296051
0.0684204061213149
0.0465258761624942
0.351637595790496
0.239113565137537
0.162597224293525
0.110566112519597
0.0751849565133261
0.0511257704290617
0.034765523891762
0.343640556246398
0.233675578247551
0.158899393208334
0.108051587381667
0.393475079419534
0.267563054005283
0.181942876723592
0.123721156172043
0.0841303861969891
0.0572086626139526
0.0389018905774878
0.0264532855926917
0.0179882342030303
0.0122319992580606
0.00831775949548123
0.00565607645692723
0.00384613199071052
0.00261536975368315
0.321778451432505
0.538809346974103
0.36639035594239
0.569145442040825
0.387018900587761
0.263172852399678
0.818957539631781
0.556891126949611
0.698685966325735
0.4751064571015
0.64307239082902
0.437289225763734
0.297356673519339
0.20220253799315
0.137497725835342
0.413498453568033
0.601178948426262
0.408801684929858
0.277985145752304
0.509029899111566
0.346140331395865
0.235375425349188
0.160055289237448
0.428837596681465
0.611609565743396
0.415894504705509
0.602808263199746
0.409909618975827
0.598738540903563
0.407142207814423
0.276856701313807
0.188262556893389
0.128018538687504
0.087052606307503
0.0591957722891021
0.0402531251565894
0.0273721251064808
0.0186130450724069
0.0126568706492367
0.00860667204148096
0.325852536988207
0.221579725151981
0.150674213103347
0.422458464910276
0.287271756138988
0.195344794174512
0.132834460038668
0.0903274328262941
0.06142265432188
0.0417674049388784
0.0284018353584373
0.0193132480437374
0.333133008669741
0.546530445895424
0.371640703208888
0.252715678182044
0.17184666116379
0.116855729591377
0.0794618961221365
0.0540340893630528
0.356743180766876
0.562585362921476
0.382558046786603
0.26013947181489
0.176894840834125
0.120288491767205
0.0817961744016996
0.0556213985931557
0.0378225510433459
0.0257193347094752
0.0174891476024431
0.0118926203696613
0.0080869818513697
0.0054991476589314
0.00373942040807335
0.00254280587748988
0.00172910799669312
0.00117579343775132
0.000799539537670897
0.00054368688561621
0.000369707082219023
0.000251400815908935
0.000170952554818076
0.000116247737276292
7.90484613478783e-05
0.320053752953717
0.217636552008527
1.1079928553658
1.07343514164874
0.729935896321145
1.13635640949838
0.772722358458897
0.52545120375205
0.357306818551394
0.562968636614948
0.702818672898165
0.477916697570752
0.324983354348111
0.220988680956716
0.150272303050567
0.102185166074385
0.069485912930582
0.0472504207927958
0.0321302861391011
0.0218485945745888
0.0148570443107203
0.0101027901312898
0.00686989728927709
0.00467153015670842
0.00317664050656172
0.00216011554446197
0.00146887857023414
0.320998837427759
0.218279209450876
0.148429862426596
0.100932306450085
0.388633968386058
0.584271098502519
0.397304346981713
0.270166955947565
0.183713530044344
0.444925200430154
0.302549136292505
0.205733412678903
0.459898720621654
0.312731130022725
0.212657168415453
0.144606874522508
0.0983326746753054
0.386866218779208
0.263069028769861
0.178886939563506
0.121643118903184
0.082717320854165
0.0562477781808322
0.0382484891629659
0.0260089726308168
0.0176861013889554
0.0120265489444897
0.00817805328225298
0.00556107623193203
0.00378153183771378
0.00257144164964537
0.00174858032175885
0.00118903461879602
0.000808543540781293
0.000549809607731279
0.00037387053325727
0.000254231962614943
0.000172877734578161
0.00011755685951315
7.99386644689418e-05
0.320054358291839
0.21763696363845
0.147993135274146
0.100635331986419
0.388432025750765
0.26413377751052
0.179610968707154
0.442135458720865
0.620652111930188
0.422043436112528
0.286989536556519
0.195152884858433
0.132703961703734
0.0902386939585393
0.0613623118918067
0.0417263720864286
0.0283739330187714
0.0192942744527646
0.0131201066278799
0.00892167250695833
0.00606673730473167
0.00412538136721753
0.00280525932970792
0.00190757634420139
0.00129715191405694
0.000882063301558721
0.00059980304505993
0.000407866070640752
0.000277348928035712
0.000188597271064284
0.000128246144323713
8.72073781401249e-05
5.93010171352849e-05
4.03246916519937e-05
2.74207903233557e-05
1.86461374198819e-05
1.26793734455197e-05
8.62197394295339e-06
5.8629422812083e-06
3.98680075122165e-06
2.71102451083072e-06
1.84349666736489e-06
1.25357773380812e-06
8.52432858989524e-07
5.79654344112876e-07
3.94164953996756e-07
2.68032168717794e-07
1.822618747281e-07
1.23938074815108e-07
8.42778908742734e-08
5.73089657945059e-08
3.8970096740264e-08
2.64996657833795e-08
1.80197727326981e-08
1.22534454582347e-08
8.33234291159959e-09
0.320000005665993
0.217600003852875
0.147968002619955
0.10061824178157
0.0684204044114673
0.0465258749997977
0.0316375949998625
0.0215135645999065
0.0146292239279364
0.00994787227099675
0.00676455314427779
0.0045998961381089
0.00312792937391405
0.00212699197426155
0.00144635454249786
0.000983521088898542
0.000668794340451008
0.000454780151506686
0.000309250503024546
0.000210290342056691
0.00014299743259855
9.72382541670141e-05
6.61220128335696e-05
4.49629687268273e-05
3.05748187342426e-05
2.07908767392849e-05
1.41377961827138e-05
9.61370140424535e-06
6.53731695488684e-06
4.44537552932305e-06
3.02285535993967e-06
0.320002055541645
0.217601397768318
0.147968950482457
0.10061888632807
0.0684208427030879
0.0465261730380998
0.0316377976659078
0.0215137024128173
0.0146293176407158
0.00994793599568673
0.00676459647706698
0.00459992560440554
0.00312794941099577
0.00212700559947712
0.00144636380764444
0.320983527389198
0.218268798624655
0.468422783064765
0.31852749248404
0.216598694889147
0.46728711252462
0.317755236516742
0.216073560831384
0.146930021365341
0.0999124145284321
0.0679404418793338
0.046199500477947
0.351415660325004
0.558962649021003
0.380094601334282
0.258464328907312
0.495755743656972
0.657113905686741
0.446837455866984
0.303849469989549
0.206617639592893
0.140499994923167
0.0955399965477538
0.0649671976524726
0.364177694403681
0.247640832194503
0.168395765892262
0.114509120806738
0.397866202148582
0.270549017461036
0.183973331873504
0.125101865673983
0.0850692686583084
0.0578471026876497
0.0393360298276018
0.0267485002827692
0.338188980192283
0.229968506530752
0.476378584440912
0.32393743741982
0.220277457445477
0.149788671062925
0.101856296322789
0.0692622814994964
0.0470983514196575
0.0320268789653671
0.34177827769645
0.552409228833586
0.695638275606838
0.79303402741265
0.539263138640602
0.366698934275609
0.569355275307414
0.707161587209042
0.480869879302148
0.646991517925461
0.439954232189313
0.299168877888733
0.523434836964338
0.35593568913575
0.24203626861231
0.484584662656371
0.329517570606332
0.224071948012306
0.152368924648368
0.10361086876089
0.0704553907574053
1.00790966571504
0.685378572686224
0.466057429426632
0.31691905201011
0.215504955366875
0.146543369649475
0.419649491361643
0.285361654125917
0.514045924805624
0.349551228867824
0.23769483563012
0.161632488228482
0.109910091995368
0.07473886255685
0.690822426538658
0.469759250046287
0.319436290031475
0.537216677221403
0.365307340510554
0.248408991547177
0.16891811425208
0.114864317691415
0.0781077360301619
0.0531132605005101
0.0361170171403469
0.0245595716554359
0.0167005087256964
0.0113563459334735
0.00772231523476201
0.00525117435963816
0.00357079856455395
0.00242814302389669
0.32165113725625
0.53872277333425
1.00633148586729
1.32430541038976
1.86052767906503
2.22515882176422
2.15310799879967
2.10411343918378
1.75079713864497
1.83054205427858
1.88476859690943
1.60164264589841
1.72911699921092
2.13579955946343
2.09234370043513
2.06279371629589
1.4026997270812
1.27383581441522
0.866208353802348
0.589021680585597
0.400534742798206
0.59236362510278
0.40280726506989
0.273908940247525
0.186258079368317
0.126655493970456
0.0861257358999099
0.0585655004119387
0.359824540280118
0.24468068739048
0.166382867425527
0.113140349849358
0.0769354378975635
0.0523160977703432
0.0355749464838334
0.0241909636090067
0.0164498552541245
0.0111859015728047
0.00760641306950719
0.00517236088726489
0.00351720540334012
0.00239169967427128
0.00162635577850447
0.00110592192938304
0.32075202691198
0.218111378300147
0.1483157372441
0.100854701325988
0.0685811969016717
0.0466352138931367
0.031711945447333
0.0215641229041864
0.0146636035748468
0.0099712504308958
0.00678045029300915
0.324610706199246
0.540735280215487
0.367699990546531
0.250035993571641
0.170024475628716
0.115616643427527
0.0786193175307183
0.0534611359208885
0.0363535724262041
0.0247204292498188
0.0168098918898768
0.331430726485116
0.225372894009879
0.153253567926718
0.104212426190168
0.390864449809314
0.265787825870334
0.180735721591827
0.122900290682442
0.0835721976640607
0.376829094411561
0.256243784199862
0.174245773255906
0.438487125814016
0.298171245553531
0.522756446976401
0.355474383943953
0.241722581081888
0.164371355135684
0.111772521492265
0.39600531461474
0.269283613938023
0.823112857477856
0.559716743084942
0.38060738529776
0.258813022002477
0.175992854961684
0.119675141373945
0.0813790961342829
0.0553377853713123
0.357629694052492
0.243188191955695
0.165367970529872
0.112450219960313
0.396466149573013
0.269596981709649
0.503325947562561
0.342261644342542
0.232737918152928
0.158261784343991
0.107618013353914
0.0731802490806615
0.0497625693748498
0.0338385471748979
0.0230102120789306
0.0156469442136728
0.0106399220652975
0.00723514700440229
0.324919899962994
0.220945531974836
0.150242961742888
0.102165213985164
0.0694723455099115
0.0472411949467398
0.0321240125637831
0.0218443285433725
0.0148541434094933
0.0101008175184554
0.00686855591254969
0.00467061802053379
0.00317602025396298
0.00215969377269483
0.00146859176543248
0.000998642400494087
0.000679076832335979
0.000461772245988466
0.000314005127272157
0.000213523486545066
0.000145195970850645
9.87332601784387e-05
6.71386169213383e-05
4.56542595065101e-05
3.10448964644268e-05
2.11105295958102e-05
1.4355160125151e-05
9.76150888510265e-06
6.6378260418698e-06
4.51372170847147e-06
3.0693307617606e-06
2.08714491799721e-06
1.4192585442381e-06
9.65095810081908e-07
6.56265150855697e-07
4.46260302581874e-07
3.03457005755674e-07
2.06350763913859e-07
1.40318519461424e-07
9.54165932337682e-08
6.48832833989624e-08
4.41206327112944e-08
0.32000003000203
0.217600020401381
0.467968013872939
0.318218249433598
0.216388409614847
0.147144118538096
0.100058000605905
0.0680394404120155
0.0462668194801705
0.031461437246516
0.0213937773276309
0.014547768582789
0.0098924826362965
0.00672688819268162
0.0045742839710235
0.00311051310029598
0.00211514890820127
0.00143830125757686
0.000978044855152266
0.000665070501503541
0.000452247941022408
0.000307528599895237
0.000209119447928761
0.000142201224591558
9.66968327222592e-05
6.57538462511363e-05
4.47126154507726e-05
3.04045785065254e-05
2.06751133844373e-05
1.40590771014173e-05
9.56017242896379e-06
6.50091725169538e-06
4.42062373115286e-06
3.00602413718394e-06
2.04409641328508e-06
1.38998556103385e-06
9.45190181503021e-07
6.42729323422054e-07
4.37055939926997e-07
2.97198039150358e-07
2.02094666622243e-07
1.37424373303125e-07
9.34485738461253e-08
6.35450302153652e-08
4.32106205464483e-08
2.93832219715849e-08
1.99805909406777e-08
1.35868018396608e-08
9.23902525096937e-09
6.28253717065917e-09
4.27212527604823e-09
2.9050451877128e-09
1.9754307276447e-09
1.3432928947984e-09
9.13439168462911e-10
6.21138634554779e-10
4.2237427149725e-10
2.8721450461813e-10
1.95305863140328e-10
0.640000000132808
0.435200000090309
0.29593600006141
0.201236480041759
0.456840806428396
0.310651748371309
0.21124318889249
0.143645368446893
0.0976788505438875
0.0664216183698435
0.365166700491494
0.248313356334216
0.168853082307267
0.114820095968941
0.39807766525888
0.270692812376038
0.184071112415706
0.12516835644268
0.405114482381022
0.275477848019095
0.187324936652985
0.12738095692403
0.0866190507083401
0.0589009544816713
0.360052649047536
0.244835801352325
0.166488344919581
0.433212074545315
0.294584210690814
0.200317263269754
0.136215739023432
0.092626702535934
0.0629861577244351
0.0428305872526159
0.0291247993317788
0.0198048635456096
0.0134673072110145
0.00915776890348987
0.00622728285437311
0.324234552340974
0.220479495591862
0.149926057002466
0.101949718761677
0.0693258087579404
0.0471415499553994
0.0320562539696716
0.0217982526993767
0.0148228118355762
0.0100795120481918
0.00685406819277041
0.00466076637108388
0.00316932113233704
0.00215513836998919
0.00146549409159265
0.000996535982282999
0.000677644467952439
0.320460798238208
0.217913342801981
0.148181073105347
0.100763129711636
0.0685189282039125
0.0465928711786605
0.0316831524014891
0.0215445436330126
0.0146502896704486
0.329962196975905
0.544374293943615
0.370174519881658
0.251718673519528
0.171168697993279
0.11639471463543
0.399148405952092
0.271420916047423
0.184566222912247
0.125505031580328
0.0853434214746232
0.0580335266027437
0.359462798089866
0.244434702701109
0.166215597836754
0.113026606528993
0.076858092439715
0.0522635028590062
0.0355391819441242
0.0241666437220045
0.016433317730963
0.331174656057055
0.225198766118797
0.153135160960782
0.104131909453332
0.0708096984282656
0.0481505949312206
0.03274240455323
0.662264835096196
0.450340087865414
0.306231259748481
0.208237256628967
0.141601334507698
0.0962889074652344
0.0654764570763594
0.0445239908119244
0.0302763137521086
0.340587893351434
0.231599767478975
0.157487841885703
0.107091732482278
0.0728223780879491
0.369519217099805
0.251273067627868
0.17086568598695
0.116188666471126
0.0790082932003656
0.0537256393762486
0.0365334347758491
0.0248427356475774
0.0168930602403526
0.0114872809634398
0.327811351055139
0.222911718717495
0.151579968727896
0.103074378734969
0.0700905775397792
0.0476615927270499
0.0324098830543939
0.0220387204769878
0.0149863299243517
0.0101907043485592
0.00692967895702024
0.00471218169077376
0.00320428354972616
0.322178912813814
0.539081660713393
0.686575529285107
0.466871359913873
0.317472524741434
0.215881316824175
0.146799295440439
0.0998235208994984
0.0678799942116589
0.0461583960639281
0.0313877093234711
0.0213436423399603
0.334513676791173
0.227469300217998
0.154679124148238
0.105181804420802
0.0715236270061454
0.0486360663641789
0.0330725251276416
0.0224893170867963
0.0152927356190215
0.0103990602209346
0.00707136095023554
0.00480852544616016
0.00326979730338891
0.00222346216630446
0.00151195427308703
0.00102812890569918
0.000699127655875444
0.320475406805995
0.217923276628077
0.148187828107092
0.100767723112823
0.0685220517167194
0.0465949951673692
0.0316845967138111
0.0215455257653915
0.0146509575204662
0.00996265111391703
0.00677460275746358
0.00460672987507524
0.00313257631505116
0.00213015189423479
0.00144850328807966
0.000984982235894166
0.000669787920408033
0.000455455785877462
0.320309709934397
0.21781060275539
0.148111209873665
0.100715622714092
0.0684866234455827
0.0465709039429962
0.0316682146812374
0.0215343859832414
0.0146433824686042
0.00995750007865085
0.00677110005348257
0.00460434803636815
0.00313095666473034
0.322129050532017
0.219047754361771
0.148952472966004
0.101287681616883
0.0688756234994805
0.0468354239796467
0.0318480883061598
0.0216567000481886
0.0147265560327683
0.0100140581022824
0.00680955950955205
0.00463050046649539
0.00314874031721687
0.00214114341570747
0.00145597752268108
0.000990064715423133
0.000673244006487731
0.000457805924411657
0.000311308028599927
0.00021168945944795
0.000143948832424606
9.78852060487321e-05
6.65619401131378e-05
4.52621192769337e-05
3.07782411083149e-05
0.320020929203954
0.217614231858688
0.147977677663908
0.100624820811458
0.0684248781517911
0.0465289171432179
0.0316396636573882
0.021514971287024
0.0146301804751763
0.00994852272311989
0.00676499545172152
0.00460019690717063
0.00312813389687603
0.0021271310498757
0.00144644911391548
0.000983585397462524
0.000668838070274516
0.000454809887786671
0.000309270723694936
0.000210304092112557
0.000143006782636538
9.72446121928462e-05
6.61263362911354e-05
4.49659086779721e-05
3.0576817901021e-05
2.07922361726943e-05
1.41387205974321e-05
9.61433000625383e-06
6.53774440425261e-06
4.44566619489177e-06
3.0230530125264e-06
2.05567604851796e-06
1.39785971299221e-06
9.50544604834702e-07
6.46370331287597e-07
4.39531825275566e-07
0.320000298881641
0.217600203239516
0.147968138202871
0.100618333977952
0.0684204671050075
0.0465259176314051
0.0316376239893555
0.0215135843127617
0.014629237332678
0.00994788138622101
0.00676455934263029
0.0045999003529886
0.00312793224003224
0.00212699392322193
0.00144635586779091
0.000983521990097819
0.000668794953266517
0.320454780568221
0.53790925078639
0.365778290534745
0.248729237563627
0.169135881543266
0.115012399449421
0.0782084316256063
0.373181733505412
0.25376357878368
0.172559233572903
0.117340278829574
0.0797913896041102
0.0542581449307949
0.356895538552941
0.242688966216
0.48502849702688
0.329819377978278
0.224277177025229
0.472508480377156
0.321305766656466
0.218487921326397
0.14857178650195
0.101028814821326
0.0686995940785016
0.0467157239733811
0.351766692301899
0.239201350765291
0.162656918520398
0.430606704593871
0.612812559123832
0.416712540204206
0.28336452733886
0.512687878590425
0.348627757441489
0.237066875060212
0.161205475040944
0.109619723027842
0.0745414116589327
0.0506881599280742
0.0344679487510905
0.343438205150742
0.233537979502504
0.158805826061703
0.427987961721958
0.291031813970931
0.197901633500233
1.09457311078016
0.744309715330508
0.506130606424745
0.344168812368827
0.234034792410802
0.159143658839345
0.428217688010755
0.291188027847313
0.198007858936173
0.134645344076598
0.0915588339720864
0.382260007101019
0.259936804828693
0.496757027283511
0.977794778552788
1.3049004494159
0.887332305602809
0.60338596780991
0.410302458110739
0.279005671515302
0.189723856630406
0.449012222508676
0.305328311305899
0.207623251688012
0.141183811147848
0.0960049915805366
0.385283394274765
0.26199270810684
0.498155041512651
0.658745428228603
0.44794689119545
0.304603886012906
0.207130642488776
0.140848836892368
0.09577720908681
0.0651285021790308
0.0442873814817409
0.0301154194075838
0.020478485197157
0.0139253699340668
0.0094692515551654
0.326439091057512
0.221978581919108
0.150945435704994
0.102642896279396
0.0697971694699891
0.0474620752395926
0.032274211162923
0.0219464635907876
0.334923595241736
0.22774804476438
0.154868670439779
0.425310695899049
0.289211273211354
0.19666366578372
0.13373129273293
0.0909372790583923
0.0618373497597068
0.0420493978366006
0.0285935905288884
0.0194436415596441
0.013221676260558
0.328990739857179
0.543713703102882
0.36972531810996
0.251413216314773
0.170960987094045
0.116253471223951
0.399052360432287
0.271355605093955
0.184521811463889
0.125474831795445
0.405322885620902
0.275619562222214
0.187421302311105
0.447446485571552
0.304263610188655
0.206899254928285
0.140691493351234
0.0956702154788391
0.385055746525611
0.261837907637415
0.178049777193442
0.441073848491541
0.299930216974248
0.523952547542488
0.356287732328892
0.242275657983647
0.16474744742888
0.112028264251638
0.076179219691114
0.0518018693899575
0.0352252711851711
0.0239531844059163
0.0162881653960231
0.0110759524692957
0.00753164767912108
0.325121520421802
0.221082633886826
0.150336191043041
0.102228609909268
0.0695154547383023
0.367270509222046
0.249743946270991
0.169825883464274
0.115481600755706
0.0785274885138802
0.0533986921894385
0.0363111106888182
0.0246915552683964
0.0167902575825095
0.0114173751561065
0.00776381510615241
0.00527939427218364
0.323589988105085
0.220041191911458
0.149628010499791
0.101747047139858
0.0691879920551035
0.0470478345974703
0.0319925275262798
0.0217549187178703
0.0147933447281518
0.0100594744151432
0.00684044260229739
0.324651500969562
0.540763020659302
0.367718854048326
0.250048820752861
0.170033198111946
0.435622574716123
0.296223350806964
0.201431878548735
0.13697367741314
0.0931421006409352
0.0633366284358359
0.0430689073363684
0.0292868569887305
0.0199150627523367
0.013542242671589
0.00920872501668051
0.326261933011343
0.221858114447713
0.470863517824445
0.640187192120623
0.755327290642023
0.833622557636576
0.886863339192872
0.923067070651153
0.627685608042784
0.746826213469093
0.507841825158983
0.345332441108109
0.234826059953514
0.159681720768389
0.748583570122505
0.829036827683303
0.563745042824646
0.383346629120759
0.260675707802116
0.177259481305439
0.120536447287699
0.081964784155635
0.375736053225832
0.255500516193566
0.173740351011625
0.118143438687905
0.0803375383077752
0.374629526049287
0.254748077713515
0.17322869284519
0.117795511134729
0.080100947571616
0.0544686443486989
0.0370386781571152
0.0251863011468384
0.0171266847798501
0.331646145650298
0.225519379042203
0.153353177748698
0.104280160869114
0.390910509390998
0.265819146385879
0.500757019542397
0.66051477328883
0.449150045836404
0.305422031168755
0.207686981194753
0.141227147212432
0.0960344601044539
0.385303432871029
0.262006334352299
0.178164307359564
0.121151729004503
0.0823831757230622
0.0560205594916823
0.038093980454344
0.0259039067089539
0.0176146565620886
0.0119779664622203
0.00814501719430979
0.00553861169213065
0.323766255950649
0.220161054046441
0.14970951675158
0.101802471391074
0.0692256805459306
0.0470734627712328
0.0320099546844383
0.021766769185418
0.0148014030460843
0.0100649540713373
0.00684416876850936
0.00465403476258636
0.00316474363855873
0.32215202567422
0.53906337745847
0.366563096671759
0.569262905736796
0.387098775901021
0.903227167612695
0.934194473976632
0.95525224230411
1.92957152476679
2.27210863684142
1.86503387305217
1.26822303367547
1.50239166289932
1.34162633077154
1.23230590492465
1.47796801534876
1.00501825043716
1.00341241029727
1.32232043900214
1.21917789852146
1.78904097099459
2.17654786027632
1.8000525449879
1.22403573059177
1.7923442968024
1.21879412182563
1.78878000284143
1.85637040193217
1.26233187331388
1.17838567385344
1.44130225822034
1.62008553558983
1.42165816420108
1.28672755165674
1.51497473512658
1.99018281988607
1.67332431752253
2.09786053591532
1.74654516442242
2.14765071180724
1.46040248402893
1.63307368913967
1.43049010861498
1.93273327385818
1.95425862622356
1.64889586583202
2.08124918876578
2.69524944836073
2.79276962488529
3.819083344922
3.23697667454696
2.20114413869193
1.81677801431051
1.87540904973115
2.55527815381718
2.37758914459568
1.93676061832506
1.63699722046104
2.07315810991351
2.36974751474119
2.57142831002401
1.74857125081632
3.1090284505551
2.43413934637747
1.65521475553668
1.76554603376494
2.16057130296016
2.74918848601291
3.14944817048878
3.74162475593237
4.14430483403401
4.41812728714313
3.96432655525733
3.65574205757498
2.48590459915099
2.65041512742267
3.72228228664742
2.53115195492024
2.04118332934576
2.02800466395512
1.69904317148948
1.15534935661285
1.42563756249674
1.60943354249778
2.69441480889849
2.15220207005097
2.10349740763466
2.39037823719157
1.94545720129027
1.64291089687738
3.03717940987662
3.0252819987161
3.33719175912695
2.90929039620633
2.6183174694203
2.7404558792058
1.86350999785995
1.90718679854476
1.93688702301044
1.9570831756471
1.33081655944003
1.54495526041922
2.33056957708507
2.22478731241785
2.47285537244414
2.64154165326201
4.03624832421817
3.38464886046835
3.58156122511848
3.39546163308057
3.58891391049479
3.08046145913645
2.73471379221279
2.4996053787047
1.69973165751919
1.79581752711305
2.50115591843687
3.30078602453708
3.52453449668521
3.03668345774594
3.98494475126724
3.02976243086172
3.34023845298597
2.59136214803046
2.40212626066071
2.91344585724928
3.90114318292951
2.97277736439207
3.30148860778661
2.56501225329489
1.74420833224053
1.18606166592356
1.44652193282802
1.62363491432305
1.74407174173968
1.50596878438298
2.62405877338043
3.70435996589869
4.11896477681111
2.80089604823155
3.50460931279746
3.34313433270227
2.59333134623754
1.76346531544153
1.51915641450024
1.03302636186016
1.34245792606491
2.83287138972414
2.24635254501241
2.48751973060844
2.65151341681374
2.44302912343334
2.94125980393467
2.32005666667558
2.21763853333939
1.50799420267079
1.66543605781614
1.45249651931497
1.62769763313418
2.70683439053124
2.48064738556124
2.32684022218165
2.54225135108352
2.04873091873679
2.35313702474102
2.56013317682389
3.66089056024025
3.12940558096337
2.76799579505509
2.20223714063746
2.77752125563347
2.20871445383076
2.14192582860492
1.77650956345134
2.16802650314691
3.0742580221399
3.05049545505513
2.07433690943749
1.73054909841749
1.4967733869239
1.65780590310825
1.76730801411361
2.16176944959725
1.47000322572613
1.63960219349377
1.43492949157576
0.975752054271519
0.663511396904633
1.09118774989515
1.0620076699287
1.68216521555152
1.78387234657503
1.85303319567102
1.26006257305629
1.17684254967828
0.80025293378123
0.544171994971237
0.370036956580441
1.2116251304747
0.823905088722796
0.880255460331501
1.23857371302542
0.842230124857286
1.53271648490295
1.04224720973401
0.708728102619126
1.12193510978101
0.762915874651084
0.838782794762737
0.890372300438661
0.925453164298289
0.949308151722837
1.28552954317153
0.87416008935664
0.914428860762515
0.62181162531851
0.422831905216587
0.287525695547279
0.19551747297215
0.132951881621062
0.410407279502322
0.599076950061579
0.407372326041874
0.277013181708474
0.188368963561762
0.128090895221998
0.0871018087509589
0.379229229950652
0.257875876366443
0.495355595929181
0.336841805231843
0.869052427557653
0.590955650739204
0.401849842502659
0.273257892901808
0.185815367173229
0.126354449677796
0.0859210257809013
0.0584262975310129
0.0397298823210887
0.0270163199783403
0.0183710975852714
0.0124923463579846
0.00849479552342951
0.00577646095593207
0.0039279934500338
0.00267103554602299
0.00181630417129563
0.00123508683648103
0.0008398590488071
0.000571104153188828
0.000388350824168403
0.000264078560434514
0.000179573421095469
0.000122109926344919
8.3034749914545e-05
5.64636299418906e-05
3.83952683604856e-05
2.61087824851302e-05
1.77539720898885e-05
1.20727010211242e-05
8.20943669436446e-06
5.58241695216784e-06
3.79604352747413e-06
2.58130959868241e-06
1.75529052710404e-06
0.320001193597558
0.21760081164634
0.147968551919511
0.100618615305267
0.0684206584075819
0.366526047717156
0.249237712447666
0.169481644464413
0.115247518235801
0.0783683124003444
0.0532904524322342
0.0362375076539193
0.0246415052046651
0.0167562235391723
0.0113942320066371
0.00774807776451325
0.00526869287986901
0.00358271115831093
0.322436243587651
0.219256645639603
0.46909451903493
0.638984272943752
0.434509305601752
0.295466327809191
0.20091710291025
0.45662362997897
0.6305040683857
0.748742766502276
0.829145081221548
0.563818655230652
1.02339668555684
1.33590974617865
0.908418627401484
0.617724666633009
1.06005277331045
1.3608358858511
0.92536840237875
0.94925051361755
0.645490349259934
0.758933437496755
0.516074737497793
0.670930821498499
1.41623295861898
1.60303841186091
1.41006612006542
2.55884496164448
1.74001457391825
1.18320991026441
0.804582738979798
0.867116262506263
0.589639058504258
0.400954559782896
0.272649100652369
0.825401388443611
1.20127294414166
2.09686560201633
1.4258686093711
1.60959065437235
1.7345216449732
1.17947471858177
1.12204280863561
1.08298910987221
1.6964325947131
1.79357416440491
2.81963043179534
2.23734869362083
2.48139711166217
2.00735003593027
1.68499802443259
2.42579865661416
1.96954308649763
1.65928929881839
2.4083167231965
1.95765537177362
2.29120565280606
1.55801984390812
1.37945349385752
1.57802837582312
1.39305929555972
1.90728032098061
1.29695061826681
1.52192642042143
1.67490996588657
1.77893877680287
2.16967836822595
1.79538129039365
1.54085927746768
1.36778430867802
1.25009332990106
1.81006346433272
2.19084315574625
2.12977334590745
1.44824587521706
2.2648071951476
1.86006889270037
1.58484684703625
1.07769585598465
0.732833182069563
1.4583265638073
1.31166206338897
0.891930203104497
1.24651253811106
2.44762852591552
1.98438739762255
3.26938343038334
3.18318073266067
2.80456289820925
2.22710277078229
2.47442988413196
2.96261232120973
3.93457637842262
2.99551193732738
2.35694811738262
2.24272471982018
2.48505280947772
1.68983591044485
2.4290884191025
2.2917801249897
2.51841048499299
2.03251912979524
1.70211300826076
3.07743684561732
2.73265705501978
1.85820679741345
1.58358062224114
1.39683482312398
1.2698476797243
1.18349642221253
1.76477756710452
1.84004874563107
1.57123314702913
1.38843853997981
1.58413820718627
1.07721398088666
1.37250550700293
1.89330374476199
1.92744654643815
1.95066365157795
1.646451283073
1.43958687248964
1.61891907329296
1.42086496983921
0.966188179490663
0.977007962053651
0.664365414196482
1.41176848165361
1.60000256752445
1.08800174591663
1.37984118722331
1.25829200731185
1.81563856497206
1.554634224181
1.05715127244308
1.03886286526129
1.34642674837768
0.915570188896822
0.942587728449839
0.64095965534589
0.435852565635205
0.61637974463194
0.419138226349719
0.605013993917809
0.73140951586411
1.13735847078759
2.37340376013556
1.61391455689218
1.09746189868668
1.38627409110695
0.942666381952723
1.28101313972785
1.19108893501494
1.76994047581016
1.52355952355091
1.67602047601462
1.77969392368994
2.49019186810916
2.01333047031423
2.64906471981367
3.0813640094733
2.73532752644184
3.46002271798045
3.95281544822671
3.32791450479416
2.58298186326003
2.39642766701682
1.94957081357144
2.92570815322858
3.26948154419543
2.86324745005289
2.26700826603597
2.82156562090446
2.55866462221503
2.05989194310622
1.72072652131223
1.49009403449232
1.97326394345478
2.94181948154925
2.32043724745349
2.53789732826837
2.04577018322249
2.67112372459129
2.13636413272208
1.45272761025101
1.30785477497069
2.48934124698007
3.29275204794645
2.87907139260358
2.27776854697044
1.8688826119399
1.59084017611913
2.04177131976101
1.70840449743749
1.16171505825749
1.42996623961509
0.972377042938263
0.661216389198019
1.08962714465465
1.38094645836516
0.939043591688311
0.958549642348052
0.651813756796675
0.443233354621739
0.301398681142783
0.204951103177092
0.139366750160423
0.0947693901090874
0.384443185274179
0.901421365986442
0.612966528870781
0.736817239632131
0.821035722949849
0.878304291605897
0.59724691829201
1.04612790443857
0.711366975018225
0.483729543012393
0.328936089248427
0.543676540688931
0.689700047668473
0.468996032414561
0.318917302041902
0.216863765388493
0.147467360464175
0.100277805115639
0.0681889074786347
0.0463684570854716
0.0315305508181207
0.0214407745563221
0.014579726698299
0.00991421415484331
0.00674166562529345
0.3245843326252
0.220717346185136
0.150087795405892
0.102059700876007
0.0694005965956846
0.367192405685066
0.249690835865845
0.169789768388774
0.115457042504366
0.0785107889029692
0.0533873364540191
0.036303388788733
0.0246863043763384
0.0167866869759101
0.0114149471436189
0.00776216405766083
0.00527827155920937
0.00358922466026237
0.00244067276897841
0.00165965748290532
0.00112856708837562
0.00076742562009542
0.000521849421664885
0.000354857606732122
0.000241303172577843
0.000164086157352933
0.320111578587
0.21767587343916
0.148019593938629
0.100653323878268
0.0684442602372219
0.0465420969613109
0.0316486259336914
0.0215210656349102
0.0146343246317389
0.00995134074958246
0.00676691170971607
0.00460149996260693
0.00312901997457271
0.00212773358270944
0.00144685883624242
0.320983864008645
0.218269027525878
0.468422938717597
0.638527598327966
0.754198766863017
0.512855161466852
0.348741509797459
0.237144226662272
0.161258074130345
0.109655490408635
0.0745657334778715
0.0507046987649526
0.0344791951601678
0.0234458527089141
1.29594317984206
0.881241362292602
0.919244126358969
0.625086005924099
0.425058484028387
0.289039769139303
0.196547043014726
0.133651989250014
0.410883352690009
0.279400679829206
0.18999246228386
0.129194874353025
0.087852514560057
0.379739709900839
0.25822300273257
0.815591641858148
1.83460231646354
1.56752957519521
1.38592011113274
1.26242567557026
0.858449459387779
0.58374563238369
0.716947030020909
0.487523980414218
0.651516306681668
1.40303108854353
0.954061140209603
1.60876157534253
2.05395787123292
2.03669135243839
1.7049501196581
1.47936608136751
1.32596893532991
0.901658876024336
0.613128035696549
0.416927064273653
0.283510403706084
0.192787074520137
0.771095210673693
1.16434474325811
0.791754425415516
0.858393009282551
1.54370724631213
1.68972092749225
1.78901023069473
1.53652695687242
1.68483833067324
1.46569006485781
1.63666924410331
1.43293508599025
1.61439585847337
1.41778918376189
0.964096644958086
0.655585718571498
0.765798288628619
0.840742836267461
1.21170512866187
0.823959487490074
0.88029245149325
1.87859886701541
1.91744722957048
2.58386411610793
2.07702759895339
1.7323787672883
1.81801756175605
2.19625194199411
1.493451320556
2.93554689797808
2.31617189062509
2.21499688562506
1.50619788222504
2.30421455991303
2.20686590074086
2.46066881250378
2.31325479250257
2.53301325890175
2.36244901605319
2.56646533091617
2.38519642502299
1.62193356901564
1.10291482693063
1.06998208231283
0.727587815972724
1.13475971486145
0.771636606105788
1.80471289215194
2.18720476666332
1.80729924133106
1.54896348410512
1.37329516919148
0.933840715050206
0.95501168623414
0.649407946639215
1.08159740371467
1.37548623452597
2.21533063947766
1.50642483484481
1.66436888769447
1.13177084363224
1.08960417366992
1.70093083809555
2.11663296990497
1.43931041953538
1.61873108528406
1.74073713799316
1.82370125383535
1.56011685260804
1.06087945977347
1.04139803264596
0.70815066219925
1.44154245029549
0.980248866200933
0.986569229016635
1.95086707573131
2.60658961149729
2.41248093581816
2.28048703635635
2.19073118472232
1.48969720561117
1.6529940998156
1.12403598787461
1.08434447175473
1.37735424079322
0.936600883739388
1.59688860094278
1.08588424864109
1.37840128907594
1.25731287657164
0.854972756068716
2.18138147412673
2.12333940240617
2.4038707936362
1.95463213967261
3.24914985497738
2.52942190138462
2.36000689294154
1.60480468720025
1.73126718729617
2.13726168736139
2.09333794740575
1.74346980423591
1.50555946688042
1.98378043747868
2.30897069748551
3.17010007429014
3.1156680505173
3.07865427435176
3.0534849065592
2.39636973646025
1.94953142079297
1.32568136613922
1.22146332897467
1.47059506370278
1.64000464331789
2.07520315745616
2.05113814707019
2.35477394000773
1.60124627920526
3.00884746985957
2.36601627950451
1.60889107006307
1.41404592764289
1.28155123079716
0.87145483694207
0.592589289120608
2.00296071660201
2.00201328728937
1.36136903535677
2.5257309440426
2.03749704194897
1.7054979885253
1.7997386321972
1.5438222698941
2.32979914352799
2.86426341759903
2.58769912396734
2.07963540429779
2.0541520749225
2.3568234109473
1.60263991944416
1.40979514522203
0.958660698750981
1.61188927515067
1.41608470710245
1.28293760082967
1.19239756856417
1.13083034662364
1.08896463570407
0.74049595227877
1.14353724754956
1.0976053283337
1.38637162326692
1.5827327038215
1.39625823859862
0.949455602247063
0.965629809528003
1.29662827047904
1.20170722392575
0.817160912269509
0.555669420343266
0.697855205833421
0.794541539966726
0.860288247177374
0.904996008080614
0.935397285494818
0.636070154136476
0.432527704812804
0.934118839272706
0.63520081070544
0.751936551279699
0.831316854870195
0.565295461311733
0.384400913691978
0.901392621310545
0.612946982491171
0.416803948093996
0.603426684703917
0.410330145598664
0.279024499007091
0.509736659324822
0.666620928340879
0.773302231271798
0.525845517264822
0.357574951740079
0.243150967183254
0.165342657684613
0.112433007225537
0.0764544449133648
0.0519890225410881
0.35535253532794
0.561639724022999
0.381915012335639
0.259702208388235
0.176597501704
0.12008630115872
0.0816586847879294
0.055527905655792
0.677758975845939
0.780876103575238
0.530995750431162
0.36107711029319
0.245532434999369
0.166962055799571
0.113534197943708
0.0772032546017216
0.372498213129171
0.253298784927836
0.172243173750928
0.117125358150631
0.0796452435424293
0.0541587656088519
0.0368279606140193
0.0250430132175331
0.0170292489879225
0.0115798893117873
0.00787432473201537
0.00535454081777045
0.00364108775608391
0.00247593967413706
0.0016836389784132
0.00114487450532098
0.000778514663618263
0.32052938997126
0.217959985180457
0.148212789922711
0.100784697147443
0.0685335940602615
0.0466028439609778
0.0316899338934649
0.0215491550475561
0.0146534254323382
0.00996432929398995
0.00677574391991316
0.00460750586554095
0.323133103988568
0.219730510712226
0.149416747284314
0.101603388153333
0.0690903039442667
0.0469814066821013
0.0319473565438289
0.0217242024498037
0.334772457665866
0.227645271212789
0.154798784424697
0.105263173408794
0.39157895791798
0.586273691384226
0.398666110141274
0.271092954896066
0.184343209329325
0.125353382343941
0.0852402999938798
0.377963403995838
0.25701511471717
0.174770278007676
0.118843789045219
0.0808137765507492
0.0549533680545094
0.357368290277066
0.563010437388405
0.702847097424115
0.477936026248398
0.324996497848911
0.860997618537259
0.905478380605336
0.615725298811629
0.738693203191907
1.1423113781705
1.41677173715594
0.963404781266038
0.975115251260906
0.983078370857416
0.668493292183043
0.454575438684469
0.309111298305439
0.850195682847698
2.49813306433644
2.33873048374878
1.59033672894917
1.08142897568543
0.735371703466095
0.820052758356944
0.557635875682722
2.29919239546425
2.84345082891569
3.21354656366267
3.14521166329062
2.45874393103762
2.63194587310558
2.10972319371179
1.43461177172402
0.975536004772333
1.94336448324519
1.64148784860673
1.75621173705257
2.15422398119575
1.46487230721311
0.996113168904915
0.997356954855342
0.998202729301632
1.63877785592511
2.07436894202907
2.05057088057977
2.03438819879424
2.34338397518009
2.23350110312246
1.83878075012327
2.21037091008382
1.823052218857
1.23967550882276
1.80297934599948
2.82602595527964
1.92169764959016
1.94675440172131
2.28379299317049
2.51297923535593
3.30882588004203
2.89000159842858
2.60520108693144
3.37153673911338
3.5726449825971
2.74939858816602
3.1495910399529
2.78172190716797
3.17157089687422
2.79666820987447
1.90173438271464
2.25317938024595
2.81216197856725
1.91227014542573
1.9403436988895
1.95943371524486
2.2924149263665
1.87884214992922
2.55761266195187
2.37917661012727
2.25784009488654
1.85533126452285
1.58162525987554
4.59550517671537
4.08494352016645
3.41776159371318
2.64407788372497
2.75797296093298
3.15542161343442
2.46568669713541
2.63666695405208
2.11293352875541
1.75679479955368
1.1946204636965
1.45234191531362
2.26759250241326
2.18196290164102
3.08373477311589
3.37693964571881
2.61631895908879
2.09909689218038
1.42738588668266
0.970622402944205
0.98002323400206
0.9864157991214
1.31076274340255
1.53131866551374
1.68129669254934
1.46328175093355
0.995031590634815
0.996621481631674
0.997702607509538
1.31843777310649
2.17653768571241
1.80004562628444
1.54403102587342
2.00994109759392
1.68675994636387
1.46699676352743
1.31755779919865
1.53593930345508
1.36443872634946
0.927818333917631
1.27091646706399
1.18422319760351
1.12527177437039
0.765184806571864
0.840325668468867
1.21142145455883
1.1437665891
1.097761280588
0.746477670799842
0.507604816143892
0.665171274977847
0.772316466984936
1.80517519754976
1.54751913433383
1.05231301134701
1.35557284771596
1.56178953644686
2.34201688478386
1.91257148165303
2.26054860752406
2.17717305311636
2.12047767611912
2.721924819761
2.49090887743748
2.33381803665749
3.18699626492709
2.16715746015042
1.47366707290229
1.32209360957356
1.85902365451002
1.26413608506681
2.45961253784543
2.31253652573489
2.53252483749973
1.72211688949981
1.81103948485987
1.23150684970471
1.15742465779921
1.10704876730346
1.39279316176635
1.90709935000112
1.61682755800076
3.01944273944052
2.69322106281955
1.83139032271729
2.20534541944776
1.81963488522448
2.19735172195264
1.4941991709278
1.9760554362309
1.34371769663701
2.19372803371317
1.81173506292496
1.87197984278897
1.2729462930965
0.865603479305619
0.908610365927821
1.25785504883092
1.49534143320502
1.01683217457942
1.971445878714
1.98058319752552
1.66679657431735
2.4134216705358
1.96112673596434
2.29356618045575
1.55962500270991
1.38054500184274
1.57877060125306
1.07356400885208
0.730023526019417
1.1364159976932
1.41276287843138
0.960678757333337
0.973261554986669
0.661817857390935
0.770036143025836
0.843624577257568
1.21366471253515
1.1452920045239
1.09879856307625
1.06718302289185
0.725684455566459
0.493465429785192
0.33555649225393
0.548178414732673
0.372761322018217
0.253477698972388
0.812364835301224
0.552408088004832
0.695637499843286
0.793033499893434
0.859262779927535
0.584298690350724
0.397323109438492
0.270179714418175
0.183722205804359
0.444931099946964
0.302553147963935
0.205736140615476
0.139900575618524
0.0951323914205961
0.384690026166005
0.901589217792884
0.613080668099161
0.416894854307429
0.283488500929052
0.192772180631755
0.131085082829594
0.0891378563241236
0.0606137423004041
0.0412173447642748
0.348027794439707
0.236658900219001
0.48092805214892
0.327031075461266
0.222381131313661
0.151219169293289
0.102829035119437
0.069923743881217
0.0475481458392275
0.0323327391706747
0.0219862626360588
0.01495065859252
0.0101664478429136
0.00691318453318124
0.00470096548256324
0.323196656528143
0.219773726439137
0.149446133978613
0.101623371105457
0.389103892351711
0.904590646799163
0.615121639823431
0.418282715079933
0.284432246254354
0.193413927452961
0.131521470668014
0.0894346000542492
0.0608155280368894
0.0413545590650848
0.0281211001642577
0.0191223481116952
0.0130031967159527
0.00884217376684786
0.00601267816145655
0.00408862114979045
0.00278026238185751
0.321890578419663
0.218885593325371
0.148842203461252
0.101212698353651
0.068824634880483
0.0468007517187284
0.0318245111687353
0.02164066759474
0.334715653964423
0.227606644695808
0.154772518393149
0.425245312507341
0.289166812504992
0.196633432503395
0.133710734102308
0.0909232991895697
0.0618278434489074
0.042042933545257
0.0285891948107748
0.339440652471327
0.550819643680502
0.374557357702741
1.53469900323786
1.04359532220175
1.02964481909719
0.700158476986088
0.79610776435054
0.541353279758367
0.36812023023569
0.570321756560269
0.707818794460983
0.481316780233468
0.327295410558758
0.542560879179956
1.32894139784237
0.903680150532811
1.57450250236231
1.07066170160637
1.04804995709233
1.03267397082279
1.02221830015949
1.01510844410846
0.69027374199375
0.46938614455575
0.31918257829791
0.217044153242579
0.787590024204954
0.855561216459368
0.58178162719237
1.03561150649081
1.34421582441375
0.914066760601351
0.941565397208919
1.28026447010206
1.5105798396694
1.98719429097519
2.31129211786313
1.89167864014693
2.24634147529991
1.84751220320394
1.25630829817868
1.4942896427615
1.65611695707782
1.12615953081292
1.72578848095278
1.49353616704789
1.65560459359257
1.44581112364295
1.3031515640772
1.8461430635725
1.8953772832293
2.56885655259592
1.74682245576523
1.50783926992035
1.34533070354584
0.914824878411172
0.622080917319597
1.06301502377733
1.04285021616858
0.709138146994635
0.802213939956352
1.18550547917032
1.12614372583582
0.765777733568356
1.48072885882648
1.64689562400201
1.11988902432136
1.08152453653853
1.3754366848462
1.57529694569542
1.07120192307288
0.72841730768956
0.495323769228901
0.656820163075652
0.446637710891444
0.623713643406182
0.424125277516203
0.928405188711018
1.91131552832349
1.29969455925997
1.52379230029678
1.99617876420181
1.67740155965723
1.78063306056692
2.1708304811855
1.79616472720614
2.50139201450018
2.02094656986012
2.01424366750488
1.68968569390332
1.14898627185426
1.10131066486089
1.38889125210541
2.22444605143168
1.83262331497354
1.24618385418201
1.48740502084377
1.97143541417376
1.98057608163816
2.30679173551395
1.88861838014948
2.24426049850165
2.48609713898112
1.69054605450716
1.46957131706487
1.31930849560411
0.897129777010796
0.930048248367341
1.27243280888979
1.18525431004506
1.44597293083064
1.30326159296483
1.84621788321609
1.57542816058694
1.71129114919912
1.1636779814554
0.791301027389672
0.538084698624977
1.00589759506498
1.32401036464419
0.900327047958049
0.932222392611473
0.953911226975802
0.968659634343545
0.978688551353611
1.30550821492046
1.20774558614591
0.821266998579218
0.878461559033868
0.91735386014303
0.943800624897261
0.961784424930137
0.974013408952493
0.982329118087695
0.987983800299633
0.99182898420375
0.67444370925855
0.778621722295814
0.849462771161154
0.897634684389584
1.57039158538492
1.38786627806174
1.26374906908199
1.17934936697575
0.80195756954351
0.865331147289587
0.908425180156919
0.937729122506705
1.27765580330456
0.8688059462471
0.910788043448028
0.939335869544659
0.638748391290368
0.43434890607745
0.935357256132666
0.956042934170213
1.29010919523574
1.51727425276031
1.35174649187701
1.23918761447637
0.842647577843929
0.573000352933871
0.389640239995032
0.584955363196622
1.6777696469737
2.10088335994212
1.42860068476064
0.971448465637235
1.30058495663332
0.884397770510657
0.601390483947247
0.408945529084128
0.278082959777207
0.829096412648501
0.883785560600981
0.600974181208667
0.408662443221893
0.597890461390887
0.726565513745803
0.814064549347146
1.51356389355606
1.34922344761812
0.917471944380322
0.623880922178619
0.424239027081461
0.288482538415393
0.196168126122467
0.133394325763278
0.0907081415190289
0.0616815362329397
0.361943444638399
0.246121542354111
0.167362648800796
0.753806601184541
0.832588488805488
0.886160172387732
0.602588917223657
0.409760463712087
0.278637115324219
0.189473238420469
0.128841802125919
0.0876124254456249
0.0595764493030249
0.0405119855260569
0.0275481501577187
0.0187327421072487
0.0127382646329291
0.00866201995039181
0.325890173566266
