0
0
0.333333333333333
0.176666666666667
0.563633333333333
0.768725666666667
0.407424603333333
0.215935039766667
0.114445571076333
0.0606561526704567
0.032147760915342
0.0170383132851313
0.47903030604112
0.253886062201793
0.134559612966951
0.0713165948724838
0.0377977952824164
0.0200328314996807
0.0106174006948308
0.00562722236826031
0.00298242785517796
0.00158068676324432
0.00083776398451949
0.00044401491179533
0.000235327903251525
0.000124723788723308
6.61036080233533e-05
3.50349122523773e-05
1.856850349376e-05
9.84130685169278e-06
5.21589263139717e-06
2.7644230946405e-06
1.46514424015947e-06
0.470000776526447
0.249100411559017
0.132023218126279
0.0699723056069279
0.0370853219716718
0.0196552206449861
0.0104172669418426
0.00552115147917658
0.00292621028396359
0.0015508914505007
0.000821972468765372
0.000435645408445647
0.000230892066476193
0.000122372795232382
6.48575814731626e-05
3.43745181807762e-05
1.82184946358114e-05
9.65580215698004e-06
5.11757514319942e-06
2.71231482589569e-06
1.43752685772472e-06
7.618892345941e-07
4.03801294334873e-07
2.14014685997483e-07
1.13427783578666e-07
6.01167252966929e-08
3.18618644072473e-08
1.6886788135841e-08
8.94999771199576e-09
4.74349878735775e-09
2.51405435729961e-09
1.33244880936879e-09
7.0619786896546e-10
3.74284870551694e-10
0.470000000198371
0.249100000105137
0.132023000055722
0.0699721900295329
0.0370852607156524
0.0196551881792958
0.0104172497350268
0.00552114235956419
0.00292620545056902
0.00155088888880158
0.000821971111064838
0.000435644688864364
0.000230891685098113
0.000122372593102
6.48574743440599e-05
3.43744614023518e-05
1.82184645432464e-05
9.65578620792061e-06
5.11756669019793e-06
2.7123103458049e-06
1.4375244832766e-06
7.61887976136597e-07
4.03800627352396e-07
2.1401433249677e-07
1.13427596223288e-07
6.01166259983427e-08
0.470000031861812
0.24910001688676
0.132023008949983
0.069972194743491
0.50708526321405
0.268755189503447
0.142440250436827
0.545493332731518
0.289111466347705
0.153229077164283
0.0812114108970703
0.0430420477754472
0.022812285320987
0.0120905112201231
0.00640797094666526
0.00339622460173259
0.00179999903891827
0.000953999490626684
0.000505619730032142
0.000267978456917036
0.470142028582166
0.719175275148548
0.38116289582873
0.202016334789227
0.10706865743829
0.0567463884422939
0.0300755858744158
0.48594006051344
0.257548232072123
0.136500562998225
0.0723452983890595
0.0383430081462015
0.0203217943174868
0.010770550988268
0.475708392023782
0.722125447772604
0.38272648731948
0.202845038279325
0.107507870288042
0.0569791712526623
0.030198960763911
0.0160054492048728
0.0084828880785826
0.00449593068164878
0.00238284326127385
0.00126290692847514
0.000669340672091826
0.000354750556208668
0.470188017794791
0.249199649431239
0.132075814198557
0.070000181525235
0.0371000962083746
0.489663050990439
0.259521417024932
0.137546351023214
0.0728995660423035
0.0386367700024209
0.490477488101283
0.25995306869368
0.607775126407651
0.322120816996055
0.640724033007909
0.339583737494192
0.179979380871922
0.0953890718621185
0.0505562080869228
0.0267947902860691
0.0142012388516166
0.00752665659135681
0.00398912799341911
0.472114237836512
1.19022054605335
0.630816889408276
0.804332951386386
1.36629646423479
0.724137126044436
0.383792676803551
0.203410118705882
0.577807362914118
0.306237902344482
0.632306088242576
0.335122226768565
0.17761478018734
0.56413583349929
0.298991991754624
0.158465755629951
0.0839868504838738
0.0445130307564531
0.0235919063009202
0.0125037103394877
0.00662696647992847
0.00351229223436209
0.00186151488421191
0.000986602888632311
0.000522899530975125
0.000277136751416816
0.000146882478250913
7.78477134729837e-05
4.12592881406814e-05
0.470021867422715
0.249111589734039
0.132029142559041
0.0699754455562915
0.507086986144834
0.268756102656762
0.142440734408084
0.0754935892362845
0.0400116022952308
0.491206149216472
0.26033925908473
0.137979807314907
0.0731292978769008
0.0387585278747574
0.0205420197736214
0.0108872704800194
0.00577025335441026
0.00305823427783744
0.00162086416725384
0.000859058008644536
0.470455300744582
0.249341309394628
0.132150893979153
0.0700399738089511
0.0371211861187441
0.0196742286429344
0.0104273411807552
0.00552649082580026
0.00292904013767414
0.00155239127296729
0.000822767374672666
0.000436066708576513
0.000231115355545552
0.000122491138439142
6.49203033727455e-05
3.44077607875551e-05
1.82361132174042e-05
9.66514000522423e-06
0.470005122524203
0.249102714937827
0.132024438917049
0.0699729526260357
0.0370856648917989
0.489655402392653
0.259517363268106
0.137544202532096
0.0728984273420111
0.508636166491266
0.269577168240371
0.142875899167397
0.54572422655872
0.759233840076122
0.402393935240345
0.213268785677383
0.113032456409013
0.0599072018967768
0.0317508170052917
0.0168279330128046
0.00891880449678644
0.00472696638329681
0.00250529218314731
0.00132780485706807
0.00070373657424608
0.47037298038435
0.719297679603706
0.381227770189964
0.202050718200681
0.107086880646361
0.0567560467425713
0.0300807047735628
0.0159427735299883
0.00844966997089379
0.00447832508457371
0.00237351229482407
0.00125796151625675
0.00066671960361608
0.000353361389916523
0.000187281536655757
9.92592144275512e-05
5.26073836466021e-05
2.78819133326991e-05
1.47774140663305e-05
7.83202945515519e-06
4.15097561123225e-06
2.20001707395309e-06
1.16600904919514e-06
6.17984796073424e-07
3.27531941918914e-07
1.73591929217025e-07
9.20037224850231e-08
4.87619729170622e-08
2.5843845646043e-08
1.36972381924028e-08
7.25953624197348e-09
3.84755420824594e-09
2.03920373037035e-09
1.08077797709629e-09
5.72812327861031e-10
0.470000000303591
0.249100000160903
0.132023000085279
0.0699721900451977
0.0370852607239548
0.019655188183696
0.0104172497373589
0.00552114236080021
0.00292620545122411
0.00155088888914878
0.000821971111248853
0.000435644688961892
0.000230891685149803
0.000122372593129396
6.48574743585797e-05
3.43744614100472e-05
1.8218464547325e-05
0.47000965578621
0.249105117566691
0.602025712310347
0.319073627524484
0.169109022587976
0.0896277819716275
0.0475027244449626
0.0251764439558302
0.01334351529659
0.00707206310719269
0.00374819344681213
0.00198654252681043
0.00105286753920953
0.000558019795781049
0.470295750491764
0.249256747760635
0.132106076313137
0.0700162204459624
0.0371085968363601
0.0196675563232708
0.0104238048513335
0.00552461657120678
0.00292804678273959
0.00155186479485198
0.000822488341271552
0.000435918820873922
0.000231036975063179
0.000122449596783485
6.48982862952469e-05
3.43960917364809e-05
0.47001822992862
0.249109661862169
0.132028120786949
0.0699749040170832
0.0370866991290541
0.0196559505383987
0.0104176537853513
0.00552135650623619
0.00292631894830518
0.00155094904260175
0.000822002992578925
0.00043566158606683
0.00023090064061542
0.000122377339526173
6.48599899488715e-05
3.43757946729019e-05
1.8219171176638e-05
0.470009656160724
0.249105117765184
0.132025712415547
0.0699736275802401
0.0370860226175272
0.0196555919872894
0.0104174637532634
0.0055212557892296
0.00292626556829169
0.0015509207511946
0.000821987998133136
0.000435653639010562
0.000230896428675598
0.000122375107198067
6.48588068149754e-05
3.4375167611937e-05
1.82188388343266e-05
9.6559845821931e-06
5.11767182856234e-06
2.71236606913804e-06
1.43755401664316e-06
7.61903628820876e-07
4.03808923275064e-07
2.14018729335784e-07
1.13429926547966e-07
6.01178610704218e-08
3.18624663673235e-08
1.68871071746815e-08
8.95016680258118e-09
0.470000004743588
0.249100002514102
0.132023001332474
0.0699721907062112
0.0370852610742919
0.0196551883693747
0.0104172498357686
0.00552114241295736
0.0029262054788674
0.00155088890379972
0.470821971119014
0.249535644693077
0.132253891687331
0.0700945625942854
0.0371501181749713
0.0196895626327348
0.0104354681953494
0.0055307981435352
0.00293132301607366
0.00155360119851904
0.00082340863521509
0.470436406576664
0.249331295485632
0.132145586607385
0.070037160901914
0.0371196952780144
0.0196734384973477
0.0104269224035943
0.00552626887390496
0.00292892250316963
0.0015523289266799
0.000822734331140348
0.000436049195504385
0.000231106073617324
0.470122486219017
0.249164917696079
0.132057406378922
0.0699904253808286
0.507094925451839
0.268760310489475
0.142442964559422
0.0754947712164935
0.510012228744742
0.270306481234713
0.613262435054398
0.325029090578831
0.17226541800678
0.0913006715435936
0.518389355918105
0.274746358636595
0.615615570077396
0.79627625214102
0.42202641363474
0.223673999226412
0.588547219589999
0.311930026382699
0.635322913982831
0.3367211444109
0.648462206537777
0.343684969465022
0.182153033816462
0.0965411079227247
0.0511667871990441
0.0271183972154934
0.0143727505242115
0.00761755777783208
0.004037305622251
0.00213977197979303
0.00113407914929031
0.000601061949123863
0.000318562833035647
0.000168838301508893
8.94842997997133e-05
4.74266788938481e-05
2.51361398137395e-05
0.470013322154101
0.249107060741674
0.132026742193087
0.0699741733623361
0.507086311882038
0.26875574529748
0.142440545007665
0.0754934888540622
0.040011549092653
0.0212061210191061
0.0112392441401262
0.475956799394267
0.252257103678961
0.13369626494985
0.0708590204234203
0.0375552808244128
0.0199042988369388
0.0105492783835775
0.475591117543296
0.252063292297947
0.133593544917912
0.0708045788064933
0.0375264267674415
0.019889006186744
0.0105411732789743
0.00558682183785638
0.00296101557406388
0.00156933825425386
0.470831749274755
0.24954082711562
0.602256638371279
0.319196018336778
0.169173889718492
0.0896621615508009
0.0475209456219245
0.02518610117962
0.0133486336251986
0.00707477582135525
0.00374963118531828
0.00198730452821869
0.00105327139995591
0.470558233841977
0.249395863936248
0.132179807886211
0.070055298179692
0.0371293080352367
0.0196785332586755
0.480429622627098
0.724627699992362
0.384052680995952
0.203547920927854
0.577880398091763
0.306276610988634
0.162326603823976
0.556033100026707
0.764697543014155
0.875289697797502
0.933903539832676
0.964968876111318
0.511433504338999
0.271059757299669
1.08366167136882
0.574340685825477
0.304400563487503
0.161332298648377
0.0855061182836396
0.045318242690329
0.0240186686258744
0.0127298943717134
0.00674684401700811
0.0035758273290143
0.00189518848437758
0.00100444989672012
0.000532358445261662
0.000282149975988681
0.000149539487274001
7.92559282552204e-05
4.20056419752668e-05
2.22629902468914e-05
1.17993848308524e-05
6.2536739603518e-06
3.31444719898645e-06
1.75665701546282e-06
9.31028218195295e-07
4.93444955643506e-07
2.61525826491058e-07
0.470000138608688
0.719100073462605
0.381123038935181
0.201995210635646
0.107057461636892
0.0567404546675529
0.030072440973803
0.0159383937161156
0.00844734866954127
0.00447709479485687
0.00237286024127414
0.0012576159278753
0.000666536441773907
0.000353264314140171
0.470187230086494
0.249199231945842
0.132075592931296
0.070000064253587
0.0371000340544011
0.0196630180488326
0.0104213995658813
0.00552334176991708
0.00292737113805605
0.00155150670316971
0.47082229855268
0.24953581823292
0.132253983663448
0.0700946113416274
0.0371501440110625
0.0196895763258631
0.0104354754527075
0.00553080198993495
0.00293132505466552
0.00155360227897273
0.000823409207855546
0.000436406880163439
0.000231295646486623
0.00012258669263791
6.49709470980924e-05
3.4434601961989e-05
1.82503390398541e-05
9.6726796911227e-06
5.12652023629503e-06
2.71705572523637e-06
0.470001440039534
0.249100763220953
0.132023404507105
0.0699724043887658
0.0370853743260459
0.0196552483928043
0.0104172816481863
0.00552115927353873
0.00292621441497553
0.00155089363993703
0.000821973629166626
0.000435646023458312
0.000230892392432905
0.00012237296798944
6.48576730344031e-05
3.43745667082336e-05
1.82185203553638e-05
9.65581578834283e-06
5.1175823678217e-06
2.7123186549455e-06
1.43752888712112e-06
7.61890310174191e-07
4.03801864392321e-07
2.1401498812793e-07
1.13427943707803e-07
6.01168101651356e-08
3.18619093875219e-08
1.68868119753866e-08
8.9500103469549e-09
4.7435054838861e-09
2.51405790645963e-09
1.3324506904236e-09
7.06198865924511e-10
3.74285398939991e-10
1.98371261438195e-10
1.05136768562243e-10
5.5722487337989e-11
2.95329182891342e-11
1.56524466932411e-11
8.29579674741779e-12
4.39677227613143e-12
2.33028930634966e-12
1.23505333236532e-12
6.54578266153619e-13
3.46926481061418e-13
1.83871034962551e-13
9.74516485301523e-14
5.16493737209807e-14
2.73741680721198e-14
1.45083090782235e-14
7.68940381145845e-15
4.07538402007298e-15
2.15995353063868e-15
1.1447753712385e-15
6.06730946756405e-16
3.21567401780894e-16
1.70430722943874e-16
9.03282831602533e-17
4.78739900749342e-17
2.53732147397151e-17
1.3447803812049e-17
7.12733602038598e-18
3.77748809080457e-18
2.00206868812642e-18
1.061096404707e-18
5.62381094494712e-19
2.98061980082198e-19
1.57972849443565e-19
8.37256102050893e-20
4.43745734086973e-20
2.35185239066096e-20
1.24648176705031e-20
6.60635336536663e-21
3.50136728364432e-21
1.85572466033149e-21
9.83534069975688e-22
5.21273057087115e-22
2.76274720256171e-22
1.46425601735771e-22
7.76055689199584e-23
4.1130951527578e-23
2.17994043096163e-23
1.15536842840967e-23
6.12345267057123e-24
3.24542991540275e-24
1.72007785516346e-24
9.11641263236632e-25
4.83169869515415e-25
2.5608003084317e-25
1.3572241634688e-25
7.19328806638465e-26
3.81244267518386e-26
2.02059461784745e-26
1.07091514745915e-26
5.67585028153348e-27
3.00820064921275e-27
1.59434634408276e-27
8.4500356236386e-28
4.47851888052846e-28
2.37361500668008e-28
1.25801595354044e-28
0.47
0.2491
0.132023
0.06997219
0.0370852607
0.019655188171
0.01041724973063
0.0055211423572339
0.00292620544933397
0.471550888888147
0.249921971110718
0.132458644688681
0.0702030816850007
0.0372076332930504
0.489720045645317
0.259551624192018
0.137562360821769
0.0729080512355378
0.038641267154835
0.0204798715920626
0.0108543319437932
0.00575279593021038
0.473048981843012
0.250715960376796
0.132879458999702
0.070426113269842
0.507325840033016
0.738882695217499
0.391607828465274
0.207552149086595
0.110002639015896
0.0583013986784247
0.0308997412995651
0.48637686288877
0.257779737331048
0.136623260785455
0.0724103282162913
0.0383774739546344
0.490340061195956
0.259880232433857
0.137736523189944
0.0730003572906704
0.0386901893640553
0.0205058003629493
0.0108680741923631
0.00576007932195246
0.00305284204063481
0.00161800628153645
0.000857543329214317
0.000454497964483588
0.000240883921176302
0.00012766847822344
6.76642934584231e-05
3.58620755329643e-05
1.90069000324711e-05
1.00736570172097e-05
5.33903821912112e-06
2.8296902561342e-06
1.49973583575112e-06
0.940000794859993
0.498200421275796
0.734046223276172
0.389044498336371
0.206193584118277
0.109282599582687
0.0579197777788239
0.0306974822227767
0.0162696655780716
0.00862292275637797
0.47457014906088
0.251522179002267
0.133306754871201
0.0706525800817367
0.0374458674433205
0.0198463097449598
0.480518544164829
0.254674828407359
0.1349776590559
0.0715381592996272
0.0379152244288024
0.0200950689472653
0.0106503865420506
0.00564470486728682
0.00299169357966202
0.471585597597221
0.249940366726527
0.132468394365059
0.540208249013482
0.286310371977145
0.151744497147887
0.0804245834883801
0.512625029248841
0.271691265501886
0.143996370716
0.0763180764794798
0.510448580534124
0.270537747683086
0.143385006272036
0.0759940533241788
0.0402768482618148
0.491346729578762
0.260413766676744
0.138019296338674
0.0731502270594973
0.508769620341534
0.269647898781013
0.612913386353937
0.324844094767587
0.172167370226821
0.0912487062202151
0.048361814296714
0.0256317615772584
0.013584833635947
0.477199961827052
0.722915979768338
0.383145469277219
0.203067098716926
0.107625562319971
0.0570415480295845
0.0302320204556798
0.0160229708415103
0.00849217454600046
0.47450085250938
0.721485451829972
0.382387289469885
0.202665263419039
0.107412589612091
0.0569286724944081
0.0301721964220363
0.485991264103679
0.25757536997495
0.136514946086724
0.0723529214259635
0.0383470483557606
0.0203239356285531
0.0107716858831332
0.00570899351806058
0.00302576656457211
0.471603656279223
0.249949937827988
0.132473467048834
0.0702109375358819
0.0372117968940174
0.0197222523538292
0.0104527937475295
0.00553998068619063
0.00293618976368104
0.00155618057475095
0.470824775704618
0.249537131123448
0.132254679495427
0.0700949801325764
0.0371503394702655
0.0196896799192407
0.0104355303571976
0.00553083108931472
0.472931340477337
0.250653610452989
0.132846413540084
0.0704085991762445
0.0373165575634096
0.0197777755086071
0.0104822210195618
0.475555577140368
0.252044455884395
0.133583561618729
0.0707992876579265
0.0375236224587011
0.0198875199031116
0.0105403855486491
0.00558640434078404
0.00296079430061554
0.00156922097932624
0.000831687119042906
0.470440794173093
0.249333620911739
0.132146819083222
0.0700378141141075
0.037120041480477
0.0196736219846528
0.010427019651866
0.00552632041548897
0.00292894982020916
0.00155234340471085
0.000822742004496752
0.000436053262383279
0.000231108229063138
0.000122487361403463
6.49183015438354e-05
3.44066998182328e-05
1.82355509036634e-05
9.66484197894158e-06
5.12236624883904e-06
0.470002714854112
0.249101438872679
0.13202376260252
0.0699725941793356
0.0370854749150479
0.0196553017049754
0.010417309903637
0.475521174248928
0.252026222351932
0.133573897846524
0.0707941658586576
0.0375209079050885
0.489886081189697
0.259639623030539
0.137609000206186
0.0729327701092785
0.0386543681579176
0.0204868151236963
0.0108580120155591
0.0057547463682463
0.00305001557517054
0.00161650825484039
0.000856749375065405
0.000454077168784665
0.000240660899455872
0.000127550276711612
6.76016466571545e-05
3.58288727282919e-05
1.89893025459947e-05
1.00643303493772e-05
5.33409508516991e-06
2.82707039514006e-06
1.49834730942423e-06
7.94124073994842e-07
4.20885759217266e-07
2.23069452385151e-07
1.1822680976413e-07
6.26602091749889e-08
3.32099108627441e-08
1.76012527572544e-08
9.32866396134483e-09
4.94419189951276e-09
2.62042170674176e-09
1.38882350457313e-09
7.36076457423761e-10
3.90120522434593e-10
2.06763876890335e-10
1.09584854751877e-10
5.8079973018495e-11
3.07823856998023e-11
1.63146644208952e-11
8.64677214307448e-12
4.58278923582947e-12
2.42887829498962e-12
1.2873054963445e-12
6.82271913062585e-13
3.6160411392317e-13
1.9165018037928e-13
1.01574595601018e-13
5.38345356685398e-14
2.85323039043261e-14
1.51221210692928e-14
8.01472416672519e-15
4.24780380836435e-15
2.25133601843311e-15
1.19320808976955e-15
6.3240028757786e-16
3.35172152416266e-16
1.77641240780621e-16
9.41498576137291e-17
4.98994245352764e-17
2.64466950036965e-17
1.40167483519591e-17
7.42887662653835e-18
3.93730461206532e-18
2.08677144439462e-18
1.10598886552915e-18
5.86174098730449e-19
3.10672272327138e-19
1.64656304333383e-19
8.72678412966931e-20
4.62519558872474e-20
0.47
0.2491
0.132023
0.06997219
0.0370852607
0.019655188171
0.48041724973063
0.254621142357234
0.134949205449334
0.071523078888147
0.0379072318107179
0.0200908328596805
0.0106481414156307
0.00564351495028425
0.00299106292365065
0.00158526334953485
0.000840189575253469
0.470445300474884
0.719336009251689
0.851248084903395
0.451161484998799
0.239115587049364
0.126731261136163
0.0671675684021663
0.0355988112531481
0.0188673699641685
0.00999970608100931
0.475299844222935
0.251908917438156
0.133511726242222
0.0707612149083779
0.0375034439014403
0.959876825267763
0.508734717391915
0.739629400217715
1.33200358211539
1.17596189852116
1.56325980621621
2.23852769729459
2.12641967956613
2.06700243017005
1.56551128799013
0.829720982634767
0.439752120796427
0.233068624022106
0.123526370731716
0.0654689764878096
0.0346985575385391
0.0183902354954257
0.00974682481257563
0.00516581715066509
0.0027378830898525
0.00145107803762182
0.000769071359939566
0.00040760782076797
0.000216032145007024
0.940114497036854
0.968260683429533
0.983178162217652
0.521084425975356
0.276174745766939
0.616372615256477
0.796677486085933
1.36223906762554
1.66198670584154
1.82085295409602
0.965052065670888
1.45147759480557
1.23928312524695
0.656820056380885
1.28811462988187
1.62270075383739
0.860031399533817
0.455816641752923
0.711582820129049
0.377138894668396
0.19988361417425
0.575938315512353
0.305247307221547
0.16178107282742
0.0857439685985325
0.0454443033572222
0.0240854807793278
0.0127653048130437
0.00676561155091318
0.00358577412198398
0.00190046028465151
0.471007243950865
0.249633839293959
0.602305934825798
0.789222145457673
0.888287737092567
0.47079250065906
0.249520025349302
0.60224561343513
0.319190175120619
0.169170792813928
0.0896605201913819
0.0475200757014324
0.0251856401217592
0.0133483892645324
0.00707464631020215
0.473749562544407
0.251087268148536
0.603076252118724
0.319630413622924
0.16940411922015
0.0897841831866793
0.51758561708894
0.744320377057138
0.394489799840283
0.20907959391535
0.110812184775136
0.0587304579308219
0.0311271427033356
0.0164973856327679
0.478743614385367
0.253734115624245
0.13447908128085
0.0712739130788503
0.0377751739317907
0.020020842183849
0.48061104635744
0.254723854569443
0.135003642921805
0.0715519307485566
0.037922523296735
0.0200989373472696
0.0106524367940529
0.00564579150084802
0.00299226949544945
0.00158590283258821
0.00084052850127175
0.000445480105674028
0.000236104456007235
0.000125135361683834
6.63217416924322e-05
3.51505230969891e-05
1.86297772414042e-05
0.470009873781938
0.249105233104427
0.132025773545346
0.0699736599790336
0.507086039788888
1.20875560108811
0.640640468576699
0.80953944834565
1.36905590762319
0.725599631040293
0.384567804451355
0.203820936359218
0.108025096270386
0.0572533010233045
0.0303442495423514
0.0160824522574462
0.0085236996964465
0.00451756083911664
0.00239430724473182
0.00126898283970787
0.000672560905045169
0.000356457279673939
0.000188922358227188
0.00010012884986041
5.30682904260171e-05
2.81261939257891e-05
1.49068827806682e-05
7.90064787375415e-06
4.1873433730897e-06
2.21929198773754e-06
1.1762247535009e-06
6.23399119355475e-07
3.30401533258402e-07
1.75112812626953e-07
9.28097906922851e-08
4.91891890669111e-08
2.60702702054629e-08
1.38172432088953e-08
7.32313890071452e-09
3.8812636173787e-09
2.05706971721071e-09
1.09024695012168e-09
5.77830883564489e-10
3.06250368289179e-10
1.62312695193265e-10
8.60257284524304e-11
4.55936360797881e-11
0.470000000024165
0.249100000012807
0.132023000006788
0.0699721900035976
0.0370852607019067
0.0196551881720106
0.0104172497311656
0.475521142357518
0.252026205449484
0.133573888888227
0.0707941611107602
0.0375209053887029
0.0198860798560125
0.0105396223236866
0.00558599983155392
0.00296057991072358
0.0015691073526835
0.000831626896922254
0.000440762255368794
0.000233603995345461
0.000123810117533094
6.561936229254e-05
3.47782620150462e-05
1.84324788679745e-05
9.76921380002648e-06
5.17768331401404e-06
2.74417215642744e-06
1.45441124290654e-06
7.70837958740468e-07
4.08544118132448e-07
2.16528382610197e-07
1.14760042783405e-07
6.08228226752045e-08
3.22360960178584e-08
1.70851308894649e-08
9.05511937141641e-09
4.7992132668507e-09
0.470000002543583
0.249100001348099
0.132023000714492
0.069972190378681
0.0370852609007009
0.0196551882773715
0.0104172497870069
0.00552114238711366
0.00292620546517024
0.00155088889654023
0.00082197111516632
0.00043564469103815
0.47023089168625
0.249222372593713
0.132087857474668
0.0700065644615739
0.0371034791646342
0.0196648439572561
0.480422367297346
0.254623854667593
0.134950642973824
0.071523840776127
0.0379076356113473
0.0200910468740141
0.0106482548432275
0.00564357506691055
0.00299109478546259
0.00158528023629517
0.000840198525236442
0.000445305218375314
0.000236011765738917
0.000125086235841626
6.62957049960617e-05
3.51367236479127e-05
1.86224635333937e-05
9.86990567269868e-06
5.2310500065303e-06
2.77245650346106e-06
1.46940194683436e-06
7.78783031822212e-07
4.12755006865772e-07
2.18760153638859e-07
1.15942881428595e-07
6.14497271571556e-08
3.25683553932925e-08
1.7261228358445e-08
9.14845102997585e-09
0.470000004848679
0.2491000025698
0.132023001361994
0.0699721907218568
0.0370852610825841
0.0196551883737696
0.0104172498380979
0.00552114241419187
0.00292620547952169
0.0015508889041465
0.000821971119197644
0.000435644693174751
0.000230891687382618
0.000122372594312788
6.48574749857775e-05
3.43744617424621e-05
0.470018218464724
0.249109655786303
0.132028117566741
0.0699749023103726
0.0370866982244975
0.0196559500589837
0.0104176535312613
0.00552135637156852
0.00292631887693131
0.0015509490047736
0.000822002972530006
0.000435661575440903
0.000230900634983679
0.470122377336541
0.249164859988367
0.132057375793835
0.0699904091707323
0.0370949168604881
0.0196603059360587
0.0104199621461111
0.475522579937439
0.252026967366843
0.133574292704427
0.0707943751333461
0.0375210188206734
0.0198861399749569
0.0105396541867272
0.0055860167189654
0.00296058886105166
0.00156911209635738
0.000831629411069412
0.000440763587866788
0.000233604701569398
0.000123810491831781
6.56195606708439e-05
3.47783671555473e-05
0.470018432534592
0.249109769243334
0.132028177698967
0.0699749341804525
0.0370867151156399
0.0196559590112891
0.0104176582759832
0.475521358886271
1.19202632020972
0.631773949711154
0.334840193346911
0.177465302473863
0.564056610311148
0.298950003464908
0.158443501836401
0.553975055973293
0.763606779665845
0.404711593222898
0.684497144408136
0.362783486536312
0.192275247864245
0.10190588136805
0.0540101171250665
0.968625362076285
0.513371441900431
0.272086864207229
0.144206038029831
0.0764292001558105
0.0405074760825796
0.0214689623237672
0.0113785500315966
0.0060306315167462
0.00319623470387549
0.00169400439305401
0.000897822328318624
0.000475845834008871
0.000252198292024702
0.000133665094773092
7.08425002297387e-05
3.75465251217615e-05
1.98996583145336e-05
1.05468189067028e-05
5.58981402055249e-06
2.96260143089282e-06
1.57017875837319e-06
8.32194741937793e-07
0.470000441063213
0.249100233763503
0.132023123894657
0.069972255664168
0.037085295502009
0.0196552066160648
0.0104172595065143
0.0055211475384526
0.00292620819537988
0.471550890343551
0.249921971882082
0.602458645097504
0.319303081901677
0.169230633407889
0.0896922357061811
0.047536884924276
0.0251945490098663
0.0133531109752291
0.00707714881687143
0.00375088887294186
0.00198797110265919
0.00105362468440937
0.000558421082736965
0.000295963173850592
0.000156860482140814
0.470083136055535
0.249144062109433
0.132046352918
0.0699845670465399
0.507091820534666
0.268758664883373
0.142442092388188
0.0754943089657395
0.0400119837518419
0.0212063513884762
0.0112393662358924
0.475956864105023
0.252257137975662
0.133696283127101
0.0708590300573635
0.0375552859304027
0.0199043015431134
0.0105492798178501
0.00559111830346056
0.0029632927008341
0.471570545131442
0.719932388919664
0.381564166127422
0.202229008047534
0.577181374265193
0.305906128360552
0.162130248031093
0.0859290314564791
0.045542386671934
0.024137464936125
0.0127928564161462
0.00678021390055751
0.00359351336729548
0.00190456208466661
0.471009417904873
0.249634991489583
0.132306545489479
0.0701224691094238
0.0371649086279946
0.489697401572837
0.259539622833604
0.13755600010181
0.0729046800539593
0.0386394804285984
0.0204789246271572
0.480853830052393
0.724852529927768
0.384171840861717
0.67361107565671
0.357013870098056
0.18921735115197
0.100285196110544
0.0531511539385884
0.0281701115874518
0.0149301591413495
0.00791298434491522
0.00419388170280507
0.00222275730248669
0.00117806137031794
0.00062437252626851
0.00033091743892231
0.000175386242628824
9.2954708593277e-05
4.92659955544368e-05
2.61109776438515e-05
1.38388181512413e-05
7.33457362015789e-06
3.88732401868368e-06
2.06028172990235e-06
1.09194931684825e-06
5.78733137929571e-07
3.06728563102672e-07
0.470000162566138
0.249100086160053
0.132023045664828
0.069972214202359
0.0370852735272503
0.0196551949694426
0.0104172533338046
0.00552114426691644
0.00292620646146571
0.00155088942457683
0.000821971395025719
0.000435644839363631
0.000230891764862725
0.000122372635377244
6.48574967499393e-05
3.43744732774678e-05
1.8218470837058e-05
9.65578954364072e-06
5.11756845812958e-06
2.71231128280868e-06
1.4375249798886e-06
7.61888239340958e-07
4.03800766850708e-07
2.14014406430875e-07
1.13427635408364e-07
0.470000060116647
0.249100031861823
0.132023016886766
0.069972198949986
0.0370852654434926
0.0196551906850511
0.0104172510630771
0.00552114306343085
0.00292620582361835
0.00155088908651773
0.000821971215854395
0.000435644744402829
0.0002308917145335
0.000122372608702755
6.485748261246e-05
3.43744657846038e-05
1.821846686584e-05
9.65578743889521e-06
5.11756734261446e-06
2.71231069158567e-06
1.4375246665404e-06
7.61888073266413e-07
4.03800678831199e-07
2.14014359780536e-07
1.13427610683684e-07
6.01166336623524e-08
3.18618158410468e-08
1.68867623957548e-08
0.470000008949984
0.249100004743492
0.132023002514051
0.0699721913324468
0.0370852614061968
0.0196551885452843
0.0104172499290007
0.00552114246237036
0.00292620550505629
0.00155088891767983
0.47082197112637
0.719535644696976
0.381353891689397
0.202117562595381
0.107122308175552
0.0567748233330424
0.0300906563665125
0.0159480478742516
0.00845246537335336
0.00447980664787728
0.00237429752337496
0.00125837768738873
0.000666940174316026
0.000353478292387494
0.000187343494965372
9.9292052331647e-05
5.26247877357729e-05
2.78911374999596e-05
1.47823028749786e-05
7.83462052373866e-06
4.15234887758149e-06
2.20074490511819e-06
1.16639479971264e-06
6.181892438477e-07
3.27640299239281e-07
1.73649358596819e-07
9.2034160056314e-08
4.87781048298464e-08
2.58523955598186e-08
1.37017696467039e-08
7.26193791275305e-09
3.84882709375912e-09
2.03987835969233e-09
1.08113553063694e-09
5.73001831237576e-10
3.03690970555915e-10
1.60956214394635e-10
0.470000000085307
0.249100000045213
0.132023000023963
0.5399721900127
0.286185260706731
0.151678188174568
0.0803894397325208
0.042606403058236
0.0225813936208651
0.481968138619059
0.255443113468101
0.135384850138094
0.0717539705731896
0.0380296044037905
0.020155690334009
0.0106825158770247
0.475661733414823
0.722100718709856
0.382713380916224
0.202838091885599
0.107504188699367
0.526977220010665
0.279297926605652
0.148027901100996
0.0784547875835278
0.0415810374192697
0.492037949832213
0.260780113411073
0.138213460107869
0.54325313385717
0.2879241609443
0.152599805300479
0.080877896809254
0.0428652853089046
0.96271860121372
1.45024085864327
1.23862765508093
0.656472657192895
0.347930508312234
0.184403169405484
0.0977336797849066
0.0517988502860005
0.0274533906515803
0.484550297045338
0.256811657434029
0.606110178440035
0.321238394573219
0.170256349123806
0.0902358650356171
0.0478250084688771
0.0253472544885049
0.483434044878908
0.256220043785821
0.135796623206485
0.0719722102994371
0.508145271458702
0.739316993873112
0.391838006752749
0.677674143578957
0.829167296096847
0.439458666931329
0.232913093473604
0.12344393954101
0.0654252879567355
0.0346754026170698
0.018377963387047
0.479740320595135
0.724262369915422
0.853859056055174
0.922545299709242
1.8989490088459
1.00644297468833
1.00341477658481
0.531809831589951
0.281859210742674
0.149385381693617
0.0791742522976171
0.0419623537177371
0.0222400474704007
0.481787225159312
0.255347229334436
0.135334031547251
0.541727036720043
0.287115329461623
0.62217112461466
0.79975069604577
0.893867868904258
0.943749970519257
0.500187484375206
0.265099366718859
1.080502664361
0.572666412111328
0.303513198419004
0.160861995162072
0.555256857435898
0.294286134441026
0.155971651253744
0.0826649751644842
0.0438124368371766
0.0232205915237036
0.0123069135075629
0.00652266415900835
0.00345701200427442
0.471832216362265
0.250071074672001
0.13253766957616
0.070244964875365
0.0372298313839435
0.01973181063349
0.0104578596357497
0.00554266560694735
0.472937612771682
0.250656934768992
0.132848175427566
0.54040953297661
0.286417052477603
0.15180103781313
0.0804545500409587
0.0426409115217081
0.0225996831065053
0.0119778320464478
0.00634825098461734
0.00336457302184719
0.471783223701579
0.250045108561837
0.132523907537774
0.07023767099502
0.0372259656273606
0.0197297617825011
0.480456773744726
0.254642090084705
0.134960307744893
0.0715289631047935
0.0379103504455406
0.0200924857361365
0.0106490174401523
0.475643979243281
0.722091308998939
0.382708393769438
0.202835448697802
0.107502787809835
0.996976477539213
0.528397533095783
0.280050692540765
0.148426867046605
0.0786662395347009
0.0416931069533915
0.0220973466852975
0.481711593743208
1.1953071446839
0.633512786682467
0.335761776941708
0.647953741779105
0.343415483142926
0.182010206065751
0.0964654092148478
0.0511266668838694
0.497097133448451
0.263461480727679
0.13963458478567
0.074006329936405
0.0392233548662947
0.0207883780791362
0.0110178403819422
0.475839455402429
0.252194911363288
0.603663303022542
0.319941550601948
0.169569021819032
0.0898715815640871
0.0476319382289661
0.0252449272613521
0.0133798114485166
0.477091300067714
0.252858389035888
0.134014946189021
0.0710279214801811
0.037644798384496
0.0199517431437829
0.0105744238662049
0.00560444464908861
0.00297035566401696
0.00157428850192899
0.000834372906022365
0.000442217640191853
0.000234375349301682
0.47012421893513
0.249165836035619
0.132057893098878
0.0699906833424053
0.0370950621714748
0.0196603829508817
0.0104200029639673
0.00552260157090266
0.00292697883257841
0.00155129878126656
0.000822188354071275
0.000435759827657776
0.000230952708658621
0.000122404935589069
6.48746158622067e-05
3.43835464069696e-05
1.82232795956939e-05
9.65833818571775e-06
5.11891923843041e-06
2.71302719636812e-06
1.4379044140751e-06
7.62089339459804e-07
4.03907349913696e-07
2.14070895454259e-07
1.13457574590757e-07
6.01325145331014e-08
3.18702327025437e-08
1.68912233323482e-08
8.95234836614453e-09
0.470000004744745
0.249100002514715
0.132023001332799
0.0699721907063834
0.0370852610743832
0.0196551883694231
0.0104172498357942
0.00552114241297095
0.0029262054788746
0.00155088890380354
0.000821971119015876
0.000435644693078414
0.00023089168733156
0.000122372594285727
6.48574749714351e-05
3.43744617348606e-05
1.82184647194761e-05
9.65578630132234e-06
5.11756673970084e-06
2.71231037204145e-06
1.43752449718197e-06
7.61887983506442e-07
4.03800631258414e-07
2.1401433456696e-07
1.13427597320489e-07
6.0116626579859e-08
3.18618120873253e-08
1.68867604062824e-08
8.94998301532967e-09
4.74349099812472e-09
2.5140502290061e-09
1.33244662137323e-09
7.06196709327814e-10
3.74284255943742e-10
1.98370655650183e-10
0.470000000105136
0.249100000055722
0.132023000029533
0.0699721900156524
0.0370852607082958
0.0196551881753968
0.0104172497329603
0.00552114235846895
0.00292620544998854
0.00155088888849393
0.000821971110901782
0.000435644688777945
0.000230891685052311
0.000122372593077725
6.48574743311941e-05
3.43744613955329e-05
1.82184645396324e-05
9.65578620600518e-06
5.11756668918275e-06
2.71231034526686e-06
1.43752448299143e-06
7.6188797598546e-07
4.03800627272294e-07
2.14014332454316e-07
1.13427596200787e-07
6.01166259864173e-08
3.18618117728012e-08
1.68867602395846e-08
8.94998292697985e-09
4.74349095129932e-09
2.51405020418864e-09
1.33244660821998e-09
7.06196702356589e-10
3.74284252248992e-10
1.98370653691966e-10
1.05136446456742e-10
5.57223166220732e-11
2.95328278096988e-11
1.56523987391404e-11
8.2957713317444e-12
4.39675880582453e-12
2.330282167087e-12
1.23504954855611e-12
6.54576260734739e-13
0.470000000000347
0.249100000000184
0.132023000000097
0.0699721900000517
0.0370852607000274
0.0196551881710145
0.480417249730638
0.254621142357238
0.134949205449336
0.0715230788881482
0.0379072318107185
0.0200908328596808
0.0106481414156308
0.475643514950284
0.252091062923651
0.133608263349535
0.0708123795752535
0.507530561174884
0.268991197422689
0.142565334634025
0.0755596273560333
0.0400466024986976
0.0212246993243097
0.0112490906418842
0.00596201804019861
0.00315986956130526
0.00167473086749179
0.000887607359770648
0.000470431900678444
0.000249328907359575
0.000132144320900575
0.470070036490077
0.719137119339741
0.381142673250063
0.672005616822533
0.356162976915943
0.18876637776545
1.04004618021569
0.551224475514315
0.762148972022587
0.403938955171971
0.684087646241145
0.362566452507807
0.192160219829138
0.101844916509443
0.0539778057500048
0.498608237047503
0.734262365635176
0.389159053786643
0.206254298506921
0.579314778208668
0.307036832450594
0.162729521198815
0.0862466462353719
0.515710722504747
0.743326682927516
0.393963141951583
0.678800465234339
0.3597642465742
0.660675050684326
0.350157776862693
0.185583621737227
0.0983593195207304
0.0521304393459871
0.0276291328533732
0.0146434404122878
0.00776102341851252
0.00411334241181164
0.00218007147826017
0.00115543788347789
0.000612382078243281
0.470324562501469
0.249272018125779
0.132114169606663
0.540020509891531
0.286210870242512
0.151691761228531
0.0803966334511215
0.0426102157290944
0.02258341433642
0.0119692095983026
0.00634368108710039
0.00336215097616321
0.471781940017367
0.720044428209204
0.381623546950878
0.202260479883965
0.107198054338502
0.0568149687994059
0.0301119334636851
0.0159593247357531
0.478458442109949
0.723582974318273
0.383498976388685
0.203254457486003
0.107724862467582
0.0570941771078182
0.0302599138671437
0.0160377543495861
0.00850000980528066
0.00450500519679875
0.00238765275430334
0.00126545595978077
0.000670691658683807
0.000355466579102418
0.000188397286924281
9.98505620698692e-05
5.29207978970307e-05
2.80480228854263e-05
1.48654521292759e-05
7.87868962851624e-06
4.17570550311361e-06
2.21312391665021e-06
1.17295567582461e-06
6.21666508187044e-07
3.29483249339134e-07
0.470000174626122
0.249100092551845
1.54202304905248
1.28727221599781
0.682254274478841
1.30159476547379
0.689845225701107
0.365617969621586
0.193777523899441
0.572702087666704
0.773532106463353
0.409972016425577
0.217285168705556
0.115161139413945
0.0610354038893907
0.0323487640613771
0.0171448449525298
0.00908676782484081
0.00481598694716563
0.00255247308199778
0.00135281073345883
0.000716989688733178
0.000380004535028584
0.00020140240356515
0.000106743273889529
5.65739351614505e-05
2.99841856355688e-05
0.470015891618387
0.249108422557745
0.132027463955605
0.0699745558964706
0.507086514625129
0.738755852751319
0.391540601958199
0.207516519037845
0.109983755090058
0.528291390197731
0.279994436804797
0.148397051506543
0.548650437298468
0.290784731768188
0.15411590783714
0.081681431153684
0.0432911585114525
0.49294431401107
0.261260486425867
0.13846805780571
0.0733880706370261
0.0388956774376238
0.0206147090419406
0.0109257957922285
0.00579067176988112
0.00306905603803699
0.00162659970015961
0.000862097841084592
0.000456911855774834
0.000242163283560662
0.000128346540287151
6.80236663521899e-05
3.60525431666607e-05
1.91078478783302e-05
1.0127159375515e-05
5.36739446902294e-06
2.84471906858216e-06
1.50770110634854e-06
7.99081586364728e-07
4.23513240773306e-07
0.470000224462018
0.249100118964869
0.132023063051381
0.0699722234172318
0.507085278411133
0.2687551975579
0.142440254705687
0.545493334994014
0.759111467546828
0.402329077799819
0.213234411233904
0.113014237953969
0.0598975461156036
0.0317456994412699
0.0168252207038731
0.00891736697305272
0.00472620449571794
0.00250488838273051
0.00132759084284717
0.000703623146709
0.00037292026775577
0.000197647741910558
0.000104753303212596
5.55192507026758e-05
2.94252028724182e-05
1.55953575223816e-05
8.26553948686227e-06
4.380735928037e-06
2.32179004185961e-06
1.23054872218559e-06
6.52190822758365e-07
3.45661136061933e-07
1.83200402112825e-07
9.70962131197971e-08
5.14609929534925e-08
2.7274326265351e-08
1.4455392920636e-08
7.6613582479371e-09
4.06051987140666e-09
2.15207553184553e-09
1.14060003187813e-09
6.0451801689541e-10
3.20394548954567e-10
1.69809110945921e-10
8.99988288013379e-11
4.76993792647091e-11
2.52806710102958e-11
1.33987556354568e-11
7.1013404867921e-12
3.76371045799981e-12
1.9947665427399e-12
1.05722626765215e-12
5.60329921855638e-13
2.96974858583488e-13
1.57396675049249e-13
8.34202377761018e-14
0.470000000000044
0.249100000000023
0.132023000000012
0.0699721900000066
0.0370852607000035
0.0196551881710019
0.010417249730631
0.00552114235723442
0.00292620544933424
0.00155088888814715
0.000821971110717989
0.000435644688680534
0.000230891685000683
0.000122372593050362
6.48574743166919e-05
3.43744613878467e-05
1.82184645355588e-05
9.65578620384614e-06
5.11756668803846e-06
2.71231034466038e-06
1.43752448267e-06
7.61887975815102e-07
4.03800627182004e-07
2.14014332406462e-07
1.13427596175425e-07
6.01166259729752e-08
3.18618117656769e-08
1.68867602358087e-08
8.94998292497863e-09
4.74349095023867e-09
2.5140502036265e-09
0.470000001332447
0.249100000706197
0.132023000374284
0.0699721901983707
0.0370852608051365
0.0196551882267223
0.0104172497601628
0.0055211423728863
0.00292620545762974
0.00155088889254376
0.000821971113048194
0.000435644689915543
0.000230891685655238
0.000122372593397276
6.48574745005563e-05
0.470034374461485
0.249118218464587
0.602032655786231
0.319077307566703
0.169110973010352
0.559628815695487
0.296603272318608
0.157199734328862
0.083315859194297
0.0441574053729774
0.023403424847678
0.0124038151692694
0.476574022039713
0.722584231681048
0.382969642790955
0.202973910679206
0.577576172659979
0.776115371509789
0.411341146900188
0.2180108078571
0.115545728164263
0.0612392359270593
0.0324567950413414
0.017202101371911
0.479117113727113
0.25393207027537
0.134583997245946
0.0713295185403514
0.507804644826386
0.269136461757985
0.142642324731732
0.0756004321078179
0.0400682290171435
0.0212361613790861
0.0112551655309156
0.00596523773138527
0.473161575997634
0.250775635278746
0.602911086697736
0.3195428759498
0.169357724253394
0.0897595938542988
0.0475725847427784
0.0252134699136725
0.0133631390542464
0.00708246369875061
0.473753705760338
0.721089464052979
0.852177415948079
0.921654030452482
0.488476636139815
0.258892617154102
0.607213087091674
0.791822936158587
0.419666156164051
0.692423062766947
0.366984223266482
0.194501638331235
0.573085868315555
0.303735510207244
0.160979820409839
0.555319304817215
0.294319231553124
0.155989192723156
0.0826742721432725
0.0438173642359344
0.0232232030450453
1.42230829761387
0.753823397735353
0.399526400799737
0.211748992423861
0.112226965984646
0.0594802919718625
0.501524554745087
0.265808014014896
0.610878247427895
0.323765471136784
0.171595699702496
0.0909457208423227
0.0482012320464311
0.0255466529846085
0.953539726081843
0.505376054823377
0.26784930905639
0.611960133799887
0.32433887091394
0.171899601584388
0.0911067888397257
0.0482865980850546
0.025591896985079
0.0135637054020918
0.00718876386310868
0.0038100448474476
0.00201932376914723
0.00107024159764803
0.000567228046753456
0.000300630864779332
0.000159334358333046
8.44472099165143e-05
0.470044757021256
0.719123721221266
1.32113557224727
1.64020185329105
2.27930698224426
2.61803270058946
2.32755733131241
2.17360538559558
1.62201085436566
1.7996657528138
1.89382284899131
1.4737261099654
1.72107483828166
2.32216966428928
2.17074992207332
2.09049745869886
1.1079636531104
1.05722073614851
0.56032699015871
0.296973304784116
0.157395851535582
0.553419801313858
0.293312494696345
0.155455622189063
0.0823914797602033
0.0436674842729078
0.0231437666646411
0.0122661963322598
0.476501084056098
0.252545574549732
0.133849154511358
0.0709400518910197
0.0375982275022404
0.0199270605761874
0.0105613421053793
0.00559751131585105
0.00296668099740106
0.00157234092862256
0.000833340692169957
0.000441670566850077
0.000234085400430541
0.000124065262228187
6.57545889809389e-05
3.48499321598976e-05
0.470018470464045
0.249109789345944
0.13202818835335
0.0699749398272756
0.0370867181084561
0.0196559605974817
0.0104176591166653
0.00552135933183262
0.00292632044587129
0.00155094983631178
0.000822003413245245
0.47043566180902
0.719330900758781
0.381245377402154
0.202060050023142
0.107091826512265
0.0567586680515005
0.0300820940672952
0.0159435098556665
0.00845006022350324
0.00447853191845672
0.00237362191678206
0.471258019615895
0.249766750396424
0.132376377710105
0.0701594801863556
0.507184524498768
0.268807797984347
0.142468132931704
0.0755081104538032
0.0400192985405157
0.491210228226473
0.260341420960031
0.137980953108816
0.543129905147673
0.287858849728267
0.622565190355981
0.32995955088867
0.174878561970995
0.0926856378446274
0.0491233880576525
0.496035395670556
0.262898759705395
1.07933634264386
0.572048261601245
0.30318557864866
0.16068835668379
0.0851648290424086
0.0451373593924766
0.0239228004780126
0.0126790842533467
0.476719914654274
0.252661554766765
0.133910624026386
0.0709726307339843
0.507615494289012
0.269036211973176
0.612589192345783
0.324672271943265
0.172076304129931
0.0912004411888632
0.0483362338300975
0.0256182039299517
0.0135776480828744
0.00719615348392343
0.00381396134647942
0.00202139951363409
0.00107134174222607
0.000567811123379816
0.470300939895391
0.249259498144557
0.132107534016615
0.0700169930288062
0.0371090063052673
0.0196677733417917
0.0104239198711496
0.00552467753170928
0.00292807909180592
0.00155188191865714
0.000822497416888282
0.00043592363095079
0.000231039524403918
0.000122450947934077
6.48990024050607e-05
3.43964712746822e-05
1.82301297755816e-05
9.66196878105822e-06
5.12084345396086e-06
2.71404703059926e-06
1.43844492621761e-06
7.62375810895331e-07
4.04059179774525e-07
2.14151365280499e-07
1.13500223598664e-07
6.0155118507292e-08
3.18822128088648e-08
1.68975727886983e-08
8.95571357801012e-09
4.74652819634536e-09
2.51565994406304e-09
1.33329977035341e-09
7.06648878287309e-10
3.74523905492274e-10
1.98497669910905e-10
1.0520376505278e-10
5.57579954779732e-11
2.95517376033258e-11
1.56624209297627e-11
8.30108309277422e-12
4.39957403917034e-12
2.33177424076028e-12
0.470000000001236
0.249100000000655
0.602023000000347
0.319072190000184
0.169108260700098
0.0896273781710517
0.0475025104306574
0.0251763305282484
0.0133434551799717
0.00707203124538498
0.00374817656005404
0.00198653357682864
0.00105286279571918
0.000558017281731166
0.000295749159317518
0.000156747054438284
8.30759388522907e-05
4.40302475917141e-05
2.33360312236085e-05
1.23680965485125e-05
6.55509117071162e-06
3.47419832047716e-06
1.84132510985289e-06
9.75902308222034e-07
5.17228223357678e-07
2.74130958379569e-07
1.45289407941172e-07
7.70033862088211e-08
4.08117946906752e-08
2.16302511860578e-08
1.14640331286107e-08
6.07593755816365e-09
3.22024690582673e-09
1.70673086008817e-09
9.04567355846729e-10
4.79420698598767e-10
2.54092970257346e-10
1.34669274236394e-10
7.13747153452886e-11
3.7828599133003e-11
2.00491575404916e-11
1.06260534964605e-11
5.63180835312408e-12
2.98485842715576e-12
1.58197496639255e-12
8.38446732188054e-13
4.44376768059669e-13
2.35519687071624e-13
1.24825434147961e-13
6.61574800984193e-14
3.50634644521622e-14
1.8583636159646e-14
9.84932716461237e-15
5.22014339724456e-15
2.76667600053962e-15
1.466338280286e-15
7.77159288551578e-16
4.11894422932336e-16
2.18304044154138e-16
0.94
0.4982
0.264046
0.13994438
0.5441705214
0.288410376342
0.15285749946126
0.0810144747144678
0.0429376715986679
0.022756965947294
0.482061191952066
0.255492431734595
0.135410988819335
0.0717678240742477
0.508036946759351
0.269259581782456
0.142707578344702
0.075635016522692
0.510086558757027
0.270345876141224
0.143283314354849
0.0759401566080699
0.0402482830022771
0.0213315899912068
0.48130574269534
0.25509204362853
0.135198783123121
0.541655355055254
0.287077338179285
0.152150989235021
0.0806400242945611
0.0427392128761174
0.0226517828243422
0.0120054448969014
0.00636288579535773
0.0033723294715396
0.00178733461991599
0.000947287348555472
0.0005020622947344
0.470266093016209
0.249241029298591
0.132097745528253
0.0700118051299742
0.0371062567188863
0.0196663160610098
0.0104231475123352
0.00552426818153764
0.00292786213621495
0.00155176693219392
0.000822436474062779
0.000435891331253273
0.000231022405564235
0.000122441874949044
6.48941937229936e-05
3.43939226731866e-05
1.82287790167889e-05
0.470009661252879
0.249105120464026
0.132025713845934
0.0699736283383449
0.0370860230193228
0.0196555922002411
0.0104174638661278
0.00552125584904772
0.00292626559999529
0.471550920767998
0.719921988007039
0.381558653643731
0.202226086431177
0.107179825808524
0.0568053076785177
0.500106813069614
0.265056610926896
0.140480003791255
0.074454402009365
0.0394608330649635
0.0209142415244306
0.481084548007948
0.254974810444213
0.135136649535433
0.0716224242537793
0.0379598848545031
0.0201187389728866
0.0106629316556299
0.00565135377748385
0.00299521750206644
0.471587465276095
0.24994135659633
0.132468918996055
0.0702085270679092
0.0372105193459919
0.0197215752533757
0.0104524348842891
0.945539790488673
0.501136088958997
0.265602127148268
0.140769127388582
0.0746076375159486
0.0395420478834528
0.02095728537823
0.0111073612504619
0.0058869014627448
0.473120057775255
0.250753630620885
0.132899424229069
0.0704366948414066
0.0373314482659455
0.489785667580951
0.259586403817904
0.137580794023489
0.0729178208324493
0.0386464450411981
0.020482615871835
0.0108557864120726
0.00575356679839845
0.00304939040315118
0.00161617691367013
0.470856573764245
0.24955398409505
0.132263611570376
0.0700997141322996
0.0371528484901188
0.0196910096997629
0.0104362351408744
0.00553120462466341
0.00293153845107161
0.00155371537906795
0.000823469150906015
0.000436438649980188
0.0002313124844895
0.470122595616779
0.719164975676893
0.851157437108753
0.451113441667639
0.239090124083849
0.12671776576444
0.0671604158551532
0.0355950204032312
0.0188653608137125
0.00999864123126764
0.00529927985257185
0.00280861832186308
0.471488567710587
0.249888940886611
0.132441138669904
0.0701938034950491
0.037202715852376
0.0197174394017593
0.0104502428829324
0.00553862872795419
0.00293547322581572
0.00155580080968233
0.000824574429131636
0.000437024447439767
0.000231622957143077
0.000122760167285831
6.50628886614902e-05
3.44833309905898e-05
1.82761654250126e-05
0.470009686367675
0.249105133774868
0.13202572090068
0.0699736320773604
0.037086025001001
0.0196555932505305
0.0104174644227812
0.00552125614407403
0.00292626575635924
0.00155092085087039
0.000821988050961309
0.000435653667009494
0.000230896443515032
0.000122375115062967
6.48588109833724e-05
3.43751698211874e-05
1.82188400052293e-05
9.65598520277154e-06
0.470005117672158
0.249102712366244
0.132024437554109
0.0699729519036778
0.0370856645089492
0.0196554021897431
0.0104173631605638
0.00552120247509884
0.00292623731180238
0.00155090577525526
0.00082198006088529
0.000435649432269203
0.000230894199102678
0.470122373925524
0.249164858180528
0.13205737483568
0.0699904086629103
0.0370949165913425
0.0196603057934115
0.0104199620705081
0.00552257989736929
0.00292696734560573
0.00155129269317103
0.000822185127380648
0.000435758117511744
0.000230951802281224
0.000122404455209049
6.48743612607959e-05
3.43834114682218e-05
1.82232080781576e-05
9.65830028142351e-06
5.11889914915446e-06
2.71301654905186e-06
1.43789877099749e-06
7.62086348628669e-07
4.03905764773194e-07
2.14070055329793e-07
1.1345712932479e-07
0.470000060132279
0.249100031870108
0.132023016891157
0.0699721989523132
0.037085265444726
0.0196551906857048
0.0104172510634235
0.00552114306361448
0.00292620582371567
0.00155088908656931
0.000821971215881733
0.000435644744417318
0.000230891714541179
0.000122372608706825
6.48574826146171e-05
3.43744657857471e-05
1.82184668664459e-05
9.65578743921635e-06
5.11756734278467e-06
2.71231069167587e-06
1.43752466658821e-06
7.61888073291753e-07
4.03800678844629e-07
2.14014359787653e-07
1.13427610687456e-07
6.01166336643518e-08
3.18618158421065e-08
1.68867623963164e-08
8.94998407004771e-09
4.74349155712529e-09
2.5140505252764e-09
1.33244677839649e-09
7.06196792550141e-10
3.74284300051575e-10
1.98370679027335e-10
1.05136459884487e-10
0.470000000055722
0.249100000029533
0.132023000015652
0.0699721900082958
0.0370852607043968
0.0196551881733303
0.0104172497318651
0.00552114235788848
0.00292620544968089
0.00155088888833087
0.000821971110815363
0.000435644688732142
0.000230891685028035
0.000122372593064859
6.48574743243752e-05
3.43744613919188e-05
1.8218464537717e-05
0.470009655786205
0.719105117566689
0.381125712310345
0.201996627524483
0.107058212587976
0.0567408526716272
0.0300726519159624
0.48593850551546
0.257547407923194
0.136500126199293
0.0723450668856252
0.0383428854493813
0.0203217292881721
0.480770516522731
0.254808373757048
0.605048438091235
0.320675672188355
0.169958106259828
0.560077796317709
0.296841232048386
0.157325852985644
0.0833827020823915
0.0441928321036675
0.0234222010149438
0.0124137665379202
0.476579296265098
0.252587027020502
0.133871124320866
0.540951695890059
0.756704398821731
0.401053331375518
0.212558265629024
0.582655880783383
0.308807616815193
0.163668036912052
0.0867440595633877
0.0459743515685955
0.0243664063313556
0.0129141953556185
0.00684452353847779
0.473627597475393
0.251022626661958
0.133041992130838
0.540512255829344
0.286471495589552
0.151829892662463
1.49046984311111
0.789949016848886
0.41867297892991
0.221896678832852
0.117605239781412
0.0623307770841482
0.503035311854599
0.266608715282937
0.141302619099957
0.0748903881229771
0.0396919057051779
0.491036710023744
0.260249456312585
0.60793221184567
1.26220407227821
1.60896815830745
0.852753123902948
0.451959155668562
0.239538352504338
0.126955326827299
0.0672863232184686
0.505661751305788
0.268000728192068
0.142040385941796
0.0752814045491519
0.0398991444110505
0.491146546537857
0.260307669665064
0.607963064922484
0.792220424408917
0.419876824936726
0.222534717216465
0.117943400124726
0.0625100020661049
0.0331303010950356
0.0175590595803689
0.00930630157759551
0.00493233983612562
0.00261414011314658
0.00138549425996769
0.000734311957782874
0.470389185337625
0.249306268228941
0.132132322161339
0.0700301307455096
0.0371159692951201
0.0196714637264137
0.0104258757749992
0.0055257141607496
0.472928628505197
0.250652173107755
0.13284565174711
0.540408195425968
0.286416343575763
0.151800662095155
0.0804543509104319
0.0426408059825289
0.0225996271707403
0.0119778024004924
0.00634823527226096
0.00336456469429831
0.0017832192879781
0.470945106222628
0.719600906297993
0.381388480337936
0.202135894579106
0.107132024126926
0.056779972787271
0.500093385577254
0.265049494355944
0.140476232008651
0.0744524029645848
0.50945977357123
0.270013679992752
0.143107250396159
0.545846842709964
0.289298826636281
0.153328378117229
0.0812640404021313
0.0430699414131296
0.492827068948959
0.261198346542948
0.138435123667763
0.543370615543914
0.287986426238275
0.622632805906286
0.329995387130331
0.174897555179076
0.0926957042449101
0.0491287232498024
0.0260382233223952
0.0138002583608695
0.00731413693126083
0.00387649257356824
0.00205454106399117
0.00108890676391532
0.000577120584875119
0.470305873909984
0.249262113172291
0.132108919981314
0.0700177275900967
0.0371093956227512
0.489667979680058
0.259524029230431
0.137547735492128
0.072900299810828
0.0386371588997389
0.0204776942168616
0.0108531779349366
0.00575218430551642
0.0030486576819237
0.00161578857141956
0.000856367942852369
0.000453875009711755
0.470240553755147
0.249227493490228
0.132090571549821
0.0700080029214051
0.0371042415483447
0.0196652480206227
0.01042258145093
0.00552396816899291
0.00292770312956624
0.00155168265867011
0.000822391809095158
0.47043586765882
0.719331009859175
0.381245435225363
0.202060080669442
0.107091842754804
0.526758676660046
0.279182098629825
0.147966512273807
0.0784222515051177
0.0415637932977124
0.0220288104477876
0.0116752695373274
0.00618789285478353
0.00327958321303527
0.00173817910290869
0.000921234924541608
0.470488254510007
0.249358774890304
0.602160150691861
0.789144879866686
0.888246786329344
0.940770796754552
0.968608522279913
0.983362516808354
0.521182133908427
0.746226530971467
0.395500061414877
0.209615032549885
0.111095967251439
0.0588808626432627
0.971206857200929
0.984739634316492
0.521912006187741
0.276613363279503
0.146605082538136
0.0777006937452123
0.0411813676849625
0.0218261248730301
0.481567846182706
0.255230958476834
0.135272407992722
0.0716943762361427
0.0379980194051557
0.490138950284733
0.259773643650908
0.137680031134981
0.0729704165015401
0.0386743207458163
0.0204973899952826
0.0108636166974998
0.00575771684967489
0.00305158993032769
0.471617342663074
0.249957191611429
0.132477311554057
0.0702129751236504
0.507212876815535
0.268822824712233
0.612476097097484
0.794612331461666
0.421144535674683
0.223206603907582
0.118299500071019
0.0626987350376398
0.0332303295699491
0.487612074672073
0.258434399576199
0.136970231775385
0.0725942228409542
0.0384749381057057
0.020391717196024
0.0108076101138927
0.00572803336036316
0.00303585768099247
0.00160900457092601
0.000852772422590786
0.000451969383973116
0.470239543773506
0.249226958199958
0.132090287845978
0.0700078525583682
0.0371041618559352
0.0196652057836456
0.0104225590653322
0.00552395630462606
0.00292769684145181
0.00155167932596946
0.000822390042763814
0.000435866722664822
0.000231009363012355
0.470122434962397
0.71916489053007
0.381157391980937
0.672013417749897
0.356167111407445
1.12876856904595
1.06824734159435
1.03617109104501
2.42917067825385
2.69746045947454
1.89965404352151
1.0068166430664
1.47361282082519
1.25101479503735
1.1330378413698
1.54051005592599
0.816470329640776
0.902729274709611
1.41844651559609
1.22177665326593
2.05754162623094
2.5004970619024
1.79526344280827
0.951489624688384
1.91428950108484
1.01457343557497
1.94772392085473
1.97229367805301
1.04531564936809
1.02401729416509
1.4827291659075
1.72584645793097
1.38469862270342
1.20389027003281
1.57806184311739
2.24637277685222
1.66057757173167
2.29010611301779
1.68375623989943
2.3023908071467
1.22026712778775
1.58674157772751
1.31097303619558
2.10481570918366
2.05555232586734
1.55944273270969
2.23650464833614
3.06534746361815
3.03463415571762
4.42835610253034
3.28702873434108
1.74212522920077
1.39332637147641
1.6784629768825
2.76958537774772
2.40788025020629
1.74617653260934
1.39547356228295
2.14960098800996
2.54928852364528
2.761122917532
1.46339514629196
3.59559942753474
2.37566769659341
1.25910387919451
1.60732505597309
2.26188227966574
3.07879760822284
3.51176273235811
4.2112342481498
4.58195415151939
4.77843570030528
3.9425709211618
3.49956258821575
1.85476817175435
2.39302713102981
4.0883043794458
2.16680132110627
1.61840470018632
1.79775449109875
1.42280988028234
0.75408923654964
1.33966729537131
1.65002366654679
3.2245125432698
2.17899164793299
2.09486557340449
2.52027875390438
1.80574773956932
1.42704630197174
3.57633454004502
3.30545730622386
3.63189237229865
2.86490295731828
2.45839856737869
2.71295124071071
1.43786415757667
1.70206800351564
1.84209604186329
1.91631090218754
1.0156447781594
1.47829173242448
2.66349461818497
2.35165214763804
2.65637563824816
2.81787908827152
4.78347591678391
3.47524223589547
3.7218783850246
3.38259554406304
3.67277563835341
2.88657108832731
2.46988267681347
2.24903781871114
1.1919900439169
1.57175472327596
2.71303000333626
3.78790590176822
3.88759012793716
3.00042276780669
4.41022406693755
2.8074187554769
3.36793194040276
2.25500392841346
2.13515208205913
3.01163060349134
4.41616421985041
2.81056703652072
3.36960052935598
2.25588828055867
1.1956207886961
0.63367901800893
1.27584987954473
1.61620043615871
1.79658623116412
1.42219070251698
3.103761072334
4.46499336833702
4.71644648521862
2.49971663716587
3.67484981769791
3.35767040337989
2.24956531379134
1.19226961630941
1.10190289664399
0.584008535221314
1.2495245236673
3.48224799754367
2.31559143869814
2.63726346251002
2.80774963513031
2.42810730661906
3.1668968725081
2.1484553424293
2.07868133148753
1.10170110568839
1.52390158601485
1.27766784058787
1.61716395551157
3.20709689642113
2.6397613551032
2.3390735182047
2.64970896464849
1.8743457512637
2.40340324816976
2.68380372152997
4.24241597241089
3.18848046537777
2.62989464665022
1.86384416272462
2.86783740624405
1.98995382530934
1.99467552741395
1.5271780295294
2.21940435565058
3.52628430849481
3.27893068350225
1.73783326225619
1.39105162899578
1.20725736336776
1.57984640258492
1.77731859337001
2.3519788544861
1.24654879287763
1.60067086022515
1.31835555591933
0.698728444637244
0.370326075657739
1.1362728200986
1.07222459465226
1.9782790351657
1.98848788863782
1.99389858097804
1.05676624791836
1.03008611139673
0.545945639040268
0.289351188691342
0.153356130006411
1.4912787489034
0.790377736918801
0.888900200566965
1.41111710630049
0.74789206633926
1.80638279515981
0.957382881434698
0.50741292716039
1.20892885139501
0.640732291239354
0.809588114356858
0.899081700609135
0.946513301322841
0.971652049701106
1.45497558634159
0.771137060761041
0.878702642203352
0.465712400367776
0.246827572194922
0.130818613263308
0.0693338650295535
0.0367469484656633
0.489475882686802
0.729422217824005
0.386593775446723
0.204894700986763
0.108594191522984
0.0575549215071817
0.0305041083988063
0.486167177451367
0.257668604049225
0.606564360146089
0.321479110877427
1.11038392876504
0.588503482245469
0.311906845590099
0.165310628162752
0.0876146329262588
0.0464357554509172
0.0246109503889861
0.0130438037061626
0.00691321596426619
0.00366400446106108
0.00194192236436237
0.00102921885311206
0.000545485992149391
0.000289107575839177
0.000153227015194764
8.12103180532249e-05
4.30414685682092e-05
2.28119783411509e-05
1.209034852081e-05
6.40788471602928e-06
3.39617889949552e-06
1.79997481673263e-06
9.53986652868291e-07
5.05612926020194e-07
2.67974850790703e-07
1.42026670919073e-07
7.52741355871085e-08
3.98952918611675e-08
2.11445046864188e-08
1.1206587483802e-08
5.93949136641504e-09
3.14793042419997e-09
1.66840312482598e-09
8.84253656157771e-10
4.68654437763619e-10
0.470000000248387
0.249100000131645
0.132023000069772
0.0699721900369791
0.0370852607195989
0.489655188181387
0.259517249736135
0.137544142360152
0.0728983954508804
0.0386361495889666
0.0204771592821523
0.0108528944195407
0.00575203404235659
0.00304857804244899
0.00161574636249797
0.000856345572123922
0.000453863153225678
0.00024054747120961
0.470127490159741
0.249167569784663
0.602058811985871
0.789091170352512
0.418218320286831
0.221655709752021
0.117477526168571
0.532263088869343
0.752099437100752
0.868612701663398
0.930364731881601
0.493093307897249
1.20133945318554
1.57670991018834
0.835656252399819
0.442897813771904
1.17473584129911
1.56260999588853
0.82818329782092
0.908937147845088
0.481736688357896
0.725320444829685
0.384419835759733
0.673742512952659
1.76708353186491
1.8765542718884
1.46457376410085
3.12622409497345
1.65689877033593
0.878156348278043
0.465422864587363
0.716674118231302
0.37983728266259
0.201313759811173
0.106696292699922
0.996549035130958
1.46817098861941
2.65813062396829
1.40880923070319
1.68666889227269
1.83393451290453
0.971985291839399
0.985152204674882
0.992130668477687
1.93582925429317
1.96598950477538
3.39197443753095
2.26774645189141
2.61190561950245
1.8543099783363
1.45278428851824
2.64997567291467
1.87448710664477
1.46347816652173
2.65564342825652
1.87749101697595
2.40507023899726
1.27468722666855
1.14558423013433
1.54715964197119
1.28999461024473
2.09369714342971
1.10965948601775
1.52811952758941
1.74990334962239
1.86744877529986
2.39974785090893
1.74186636098173
1.39318917132032
1.20839026079977
1.11044683822388
1.99853682425866
2.46922451685709
2.24868899393426
1.19180516678516
2.51165673839613
1.80117807134995
1.42462437781547
0.755050920242201
0.400176987728367
1.62209380349603
1.3297097158529
0.704746149402036
1.31351545918308
3.04616319336703
2.08446649248453
3.9247672410168
3.4901266377389
2.78976711800162
1.94857657254086
2.44274558344665
3.17465515922673
4.50256723439017
2.85636063422679
1.9838711361402
1.99145170215431
2.46546940214178
1.30669878313514
2.57255035506163
2.30345168818266
2.63082939473681
1.86433957921051
1.45809997698157
3.59279298780023
2.84418028353412
1.50741555027309
1.26893024164474
1.14253302807171
1.07554250487801
1.04003752758534
1.96121988962023
1.97944654149872
1.51910666699432
1.27512653350699
1.61581706275871
0.856383043262114
1.39388301292892
2.14875799685233
2.07884173833173
2.04178612131582
1.55214664429738
1.29263772147761
1.62509799238314
1.33130193596306
0.705590026060423
0.843962713812024
0.447300238320373
1.6470691263098
1.81294663694419
0.960861717580422
1.44925671031762
1.23810605646834
2.06619620992822
1.56508399126196
0.829494515368837
0.909632093145484
1.42210500936711
0.753715654964566
0.86946929713122
0.460818727479547
0.24423392556416
0.599443980549005
0.317705309690972
0.638383814136215
0.808343421492194
1.36842201339086
3.07526366709716
1.62988974356149
0.863841564087592
1.39783602896642
0.740853095352205
1.33265214053667
1.17630563448443
2.03344198627675
1.54772425272668
1.76029385394514
1.87295574259092
2.87266654357319
1.99251326809379
2.93603203208971
3.43609697700755
2.761131397814
3.81339964084142
4.37110180964595
3.25668395911236
2.19604249832955
2.10390252411466
1.58506833778077
3.19008621902381
3.57074569608262
2.83249521892379
1.97122246602961
2.92474790699569
2.49011639070772
1.78976168707509
1.4185736941498
1.22184405789939
2.05757735068668
3.44051599586394
2.29347347780789
2.62554094323818
1.86153669991624
2.86661445095561
1.98930565900647
1.05433199927343
1.02879595961492
2.89526185859591
3.88448878505583
2.99877905607959
2.05935289972218
1.56145703685276
1.29757222953196
2.09771328165194
1.58178803927553
0.83834766081603
1.3843242602325
0.733691857923223
0.388856684699308
1.14609404289063
1.54742984273204
0.820137816647979
0.904673042823429
0.479476712696417
0.254122657729101
0.134685008596424
0.0713830545561045
0.0378330189147354
0.0200515000248098
0.480627295013149
1.19473246635697
0.633208207169194
0.805600349799673
0.896968185393827
0.945393138258728
0.501058363277126
1.20556093253688
0.638947294244545
0.338642065949609
0.179480294953293
0.565124556325245
0.76951601485238
0.407843487871761
0.216157048572034
0.114563235743178
0.0607185149438842
0.0321808129202586
0.0170558308477371
0.00903959034930065
0.00479098288512935
0.00253922092911855
0.00134578709243283
0.000713267158989402
0.000378031594264383
0.47020035674496
0.249206189074829
0.132079280209659
0.0700020185111194
0.0371010698108933
0.489663566999773
0.25952169050988
0.137546495970236
0.0728996428642253
0.0386368107180394
0.0204775096805609
0.0108530801306973
0.00575213246926955
0.00304863020871286
0.00161577401061782
0.000856360225627443
0.000453870919582545
0.000240551587378749
0.000127492341310737
6.75709408946905e-05
3.5812598674186e-05
1.89806772973186e-05
1.00597589675788e-05
5.33167225281679e-06
2.8257862939929e-06
1.49766673581624e-06
0.47000079376337
0.249100420694586
0.132023222968131
0.0699723081731092
0.0370853233317479
0.0196552213658264
0.010417267323888
0.00552115168166063
0.00292621039128014
0.00155089150737847
0.00082197249891059
0.000435645424422613
0.000230892074943985
0.000122372799720312
6.48575838517653e-05
0.470034374519441
0.249118218495304
0.602032655802511
0.789077307575331
0.888210973014925
0.470751815697911
0.249498462319893
0.132234185029543
0.0700841180656578
0.0371445825747986
0.0196866287646433
0.0104339132452609
0.0055299740199883
0.0029308862305938
1.88155336970221
0.997223285942174
0.998528341549352
0.529220021021157
0.280486611141213
0.148657903904843
0.0787886890695668
0.0417580052068704
0.492131742759641
0.26082982366261
0.138239806541183
0.0732670974668271
0.0388315616574184
0.490580727678432
0.260007785669569
1.07780412640487
2.45123618699458
1.76915517910713
1.40765224492678
1.21605568981119
0.644509515599932
0.341590043267964
0.651042722932021
0.345052643153971
0.652877900871605
1.75602528746195
0.930693402354834
1.90326750324806
2.41873177672147
2.22192784166238
1.64762175608106
1.34323953072296
1.18191695128317
0.62641598418008
0.332000471615443
0.175960249956185
0.0932589324767778
0.0494272342126923
0.966196434132727
1.45208411009035
0.769604578347883
0.877890426524378
1.87528192605792
1.9338994208107
1.96496669302967
1.51143234730573
1.74105914407203
1.39276134635818
1.67816351356983
1.35942666219201
1.66049613096177
1.35006294940974
0.71553336318716
0.379232682489195
0.670993321719273
0.825626460511215
1.37758202407094
0.7301184727576
0.856962790561528
2.33419027899761
2.17712084786873
3.03387404937043
2.07795324616633
1.57131522046815
1.77279706684812
2.3495824454295
1.24527869607764
3.47999770892115
2.31439878572821
2.16663135643595
1.14831461891105
2.48860674802286
2.25896157645212
2.60724963551962
2.3218423068254
2.64057642261746
2.33950550398725
2.64993791711325
2.34446709607002
1.24256756091711
0.658560807286069
0.819037227861616
0.434089730766657
1.17006755730633
0.620135805372354
2.20867197684735
2.58059614772909
1.83771595829642
1.4439894578971
1.23531441268546
0.654716638723296
0.816999818523347
0.433009903817374
1.16949524902321
1.5598324819823
2.70671121545062
1.43455694418883
1.70031518042008
0.901167045622642
0.94761853418
1.9122378231154
2.42348604625116
1.28444760451312
1.62075723039195
1.79900133210773
1.8934707060171
1.47353947418906
0.780975921320203
0.883917238299708
0.468476136298845
1.65829235223839
0.878894946686346
0.935814321743763
2.37598159052419
3.13927024297782
2.60381322877825
2.32002101125247
2.16961113596381
1.14989390206082
1.54944376809223
0.821205197088884
0.905238754457109
1.41977653986227
0.752481566127002
1.80881523004731
0.958672071925075
1.44809619812029
1.23749098500375
0.655870222051989
2.69761121768755
2.3697339453744
2.66595899104843
1.88295826525567
3.81796788058551
2.49352297671032
2.26156717765647
1.19863060415793
1.5752742202037
2.24489533670796
2.12979452845522
1.59879110008127
1.31735928304307
2.10820042001283
2.5273462226068
3.6894934979816
3.36543155393025
3.19367872358303
3.10264972349901
2.11440435345447
1.59063430733087
0.843036182885362
0.916809176929242
1.4259088637725
1.69573169779942
2.3087377998337
2.16363103391186
2.55672444797329
1.35506395742584
3.5381838974357
2.34523746564092
1.24297585678969
1.12877720409853
1.06825191817222
0.566173516631278
0.300071963814578
2.50903814082173
2.26979021463552
1.20298881375682
2.98758407129112
2.05341955778429
1.55831236562567
1.76590555378161
1.40592994350425
2.62514287005725
3.27132572113034
2.67380263219908
1.88711539506551
1.94017115938472
2.4382907144739
1.29229407867117
1.15491586169572
0.612105406698731
1.73441586555033
1.38924040874167
1.20629741663309
1.10933763081554
1.05794894433223
1.03071294049608
0.546277858462925
1.22952726498535
1.12164945044224
1.53447420873439
1.75327133062922
1.39923380523349
0.741593916773749
0.863044775890087
1.39741373122175
1.21062927754753
0.641633517100189
0.3400657640631
0.650234854953443
0.814624473125325
0.901750970756422
0.947928014500904
0.972401847685479
0.515372979273304
0.273147679014851
1.08476826987787
0.574927183035272
0.774711407008694
0.880597045714608
0.466716434228742
0.247359710141233
1.07110064637485
0.567683342578673
0.300872171566696
0.629462250930349
0.333614992993085
0.176815946286335
0.563712451531758
0.768767599311832
0.877446827635271
0.465046818646694
0.246474813882748
0.130631651357856
0.0692347752196638
0.0366944308664218
0.0194480483592036
0.0103074656303779
0.4754629567841
0.721995367095573
0.382657544560654
0.202808498617147
0.107488504267088
0.0569689072615565
0.0301935208486249
0.0160025660497712
0.948481360006379
0.972695120803381
0.515528414025792
0.27323005943367
0.144811931499845
0.0767503236949178
0.0406776715583065
0.0215591659259024
0.481426357940728
0.255155969708586
0.135232663945551
0.0716733118911418
0.0379868553023052
0.0201330333102217
0.0106705076544175
0.00565536905684129
0.00299734560012588
0.00158859316806672
0.000841954379075361
0.000446235820909941
0.000236504985082269
0.000125347642093602
6.64342503096093e-05
3.52101526640929e-05
1.86613809119693e-05
0.470009890531883
0.249105241981898
0.132025778250406
0.0699736624727152
0.0370860411105391
0.0196556017885857
0.0104174689479504
0.00552125854241373
0.00292626702747927
0.00155092152456402
0.000821988408018928
0.000435653856250032
0.470230896543813
0.249222375168221
0.132087858839157
0.0700065651847532
0.0371034795479192
0.0196648441603972
0.0104223674050105
0.00552385472465556
0.472927643004067
0.250651650792156
0.132845374919843
0.0704080487075166
0.507316265814984
0.738877620881941
0.391605139067429
0.207550723705737
0.110001883564041
0.0583009982889416
0.0308995290931391
0.486376750419364
0.257779677722263
0.136623229192799
0.0724103114721836
0.0383774650802573
0.0203400564925364
0.480780229941044
0.724813521868753
0.854151166590439
0.452700118292933
0.239931062695254
1.06716346322848
1.0355966355111
0.548866216820881
0.760899094915067
1.34327652030499
1.65193655576164
0.875526374553671
0.934028978513445
0.965035358612126
0.511468740064427
0.271078432234146
0.143671569084098
1.01614593161457
3.35855734375572
2.72003539219053
1.44161875786098
0.764057941666321
0.40495070908315
0.68462387581407
0.362850654181457
3.01231084671617
3.47652474875957
3.72255811684257
3.38295580192656
2.26296657502108
2.60937228476117
1.85296731092342
0.982072674789413
0.520498517638389
2.15586421434835
1.61260803360462
1.79468225781045
2.36118159663954
1.25142624621896
0.663255910496046
0.821525632562905
0.90540858525834
1.88986655018692
2.41162927159907
2.21816351394751
2.11562666239218
2.53128213106785
2.28157952946596
1.67923715061696
2.29999568982699
1.6889977156083
0.895168789272401
1.88443945831437
3.34875291290662
1.77483904384051
1.88066469323547
2.4067522874148
2.68557871232984
3.77335671753482
2.93987906029345
2.49813590195553
3.67401202803643
3.82722637485931
2.49842997867543
3.20416788869798
2.63820898100993
3.27825075993526
2.67747290276569
1.41906063846582
2.16210213838688
3.02591413334505
1.60373449067288
1.78997928005662
1.88868901843001
2.41100517976791
1.74783274527699
2.80635135499681
2.42736621814831
2.2265040956186
1.65004717067786
1.34452500045927
5.88259825024341
4.52777707262901
3.33972184849337
2.24005257970149
2.59722786724179
3.25653076963815
2.19596130790822
2.57385949319136
1.83414553139142
1.44209713163745
0.76431147976785
1.34508508427696
2.59289509466679
2.3142344001734
3.5765442320919
3.77556844300871
2.47105127479462
1.77965717564115
0.943218303089808
0.499905700637598
0.734950021337927
0.859523511309101
1.39554746099382
1.67964015432673
1.83020928179317
1.44001091935038
0.7632057872557
0.874499067245521
0.933484505640126
1.43474678798927
2.64041579763431
1.86942037274619
1.46079279755548
2.1842201827044
1.62763669683333
1.33264744932167
1.17630314814048
1.56344066851446
1.29862355431266
0.688270483785711
1.30478335640643
1.16153517889541
1.08561364481457
0.57537523175172
0.774948872828412
1.35072290259906
1.1858831383775
1.09851806334008
0.58221457357024
0.308573723992227
0.633544073715881
0.805778359069417
2.30706253030679
1.6927431410626
0.897153864763178
1.41549154832448
1.69021052061198
2.77581157592435
1.9411801352399
2.43882547167715
2.23257749998889
2.12326607499411
3.00533101974688
2.53282544046585
2.2823974834469
3.55967066622686
1.88662545310023
0.999911490143124
0.999953089775856
1.9399751375812
1.02818682291804
2.89493901614656
2.47431767855768
2.72138836963557
1.44233583590685
1.70443799303063
0.903352136306235
0.948776632242304
0.972851615088421
1.45561135599686
2.18147401867834
1.62618122989952
3.68187605184675
2.89139430747878
1.53243898296375
2.22219266097079
1.64776211031452
2.28331391846669
1.21015637678735
2.05138287969729
1.08723292623957
2.45623345090697
1.77180372898069
1.87905597635977
0.995899667470677
0.527826823759459
0.749748216592513
1.33736655479403
1.64880427404084
0.873866265241644
2.34314912057807
2.18186903390638
1.62639058797038
2.7419870116243
1.92325311616088
2.42932415156527
1.28754180032959
1.15239715417468
1.55077049171258
0.821908360607669
0.435611431122064
1.17087405849469
1.56056325100219
0.82709852303116
0.908362217206515
0.481431975119453
0.72515894681331
0.854334241811054
1.39279714815986
1.20818248852473
1.1103367189181
1.0584784610266
0.560993584344096
0.297326599702371
0.157583097842256
0.553519041856396
0.29336509218389
0.155483498857462
1.02240625439445
0.541875314829061
0.757193916859402
0.871312775935483
0.931795771245806
0.493851758760277
0.261741432142947
0.138722959035762
0.0735231682889538
0.508967279193146
0.269752657972367
0.142968908725355
0.0757735216244379
0.0401599664609521
0.491284782224305
1.20038093457888
0.636201895326807
0.337187004523208
0.1787091123973
0.0947158295705691
0.0501993896724016
0.0266056765263729
0.0141010085589776
0.00747353453625814
0.473960973304217
0.251199315851235
0.603135637401155
0.319661887822612
0.169420800545984
0.0897930242893717
0.047590302873367
0.0252228605228845
0.0133681160771288
0.00708510152087826
0.00375510380606548
0.0019902050172147
0.00105480865912379
0.00055904858933561
0.000296295752347873
0.470157036748744
0.249183229476835
0.132067111622722
0.0699955691600428
0.507097651654823
1.20876175537706
0.64064373034984
0.339541177085415
0.17995682385527
0.0953771166432931
0.0505498718209453
0.026791432065101
0.0141994589945035
0.00752571326708688
0.00398862803155605
0.00211397285672471
0.00112040561406409
0.00059381497545397
0.000314721936990604
0.00016680262660502
8.84053921006606e-05
0.470046854857813
0.249124833074641
0.13203616152956
0.0699791656106667
0.0370889577736533
0.0196571476200363
0.0104182882386192
0.00552169276646819
0.472926497166228
0.250651043498101
0.132845053053993
0.540407878118617
0.286416175402867
0.151800572963519
0.0804543036706653
0.0426407809454526
0.0225996139010899
0.0119777953675776
0.00634823154481615
0.473364562718753
0.720883218240939
0.382068105667698
2.08249609600388
1.10372293088206
1.05497315336749
0.55913577128477
0.766341958780928
0.406161238153892
0.215265456221563
0.584090691797428
0.779568066652637
0.413171075325898
0.218980669922726
0.586059755059045
1.72061167018129
0.911924185196086
1.89331981815393
1.00345950362158
1.00183353691944
1.0009717745673
1.00051504052067
1.00027297147596
0.530144674882256
0.280976677687596
0.148917639174426
0.0789263487624457
0.981830964844096
0.990370411367371
0.524896318024707
1.21819504855309
1.58564337573314
0.840390989138564
0.915407224243439
1.42516582884902
1.69533788928998
2.30852908132369
2.63352041310156
1.86576581894382
2.39885588404023
1.74139361854132
0.9229386178269
1.42915746744826
1.69745345774758
0.899650332606215
1.88681467628129
1.47001177842909
1.71910624256742
1.38112630856073
1.20199694353719
2.04705838007471
2.0249409414396
2.95321869896299
1.56520591045038
1.2995591325387
1.15876634024551
0.614146160330122
0.325497464974965
1.11251365643673
1.05963223791147
0.561605086093078
0.767650695629331
1.34685486868355
1.18383308040228
0.627431532613208
1.742538712285
1.86354551751105
0.987679124280857
0.993469935868854
1.46653906601049
1.71726570498556
0.910150823642348
0.482379936530444
0.255661366361135
0.605500524171402
0.320915277810843
0.640085097239747
0.339245101537066
1.11979990381464
2.47349394902176
1.31095179298153
1.63480445028021
2.27644635864851
1.67651657008371
1.82855378214437
2.37913350453651
1.73094075740435
2.79739860142431
1.95262125875488
1.97488926714009
1.51669131158425
0.803846395139651
0.896038589424015
1.41490045239473
2.62989723976921
1.86384553707768
0.98783813465117
1.46355421136512
2.18568373202351
2.09841237797246
2.52215856032541
1.80674403697246
2.36757433959541
2.66481439998557
1.41235163199235
1.21854636495595
1.11582957342665
0.591389673916125
0.783436527175546
1.35522135940304
1.18826732048361
1.56978167985631
1.30198429032385
2.10005167387164
1.58302738715197
1.77900451519054
0.942872393050988
0.499722368317024
0.264852855208023
1.08037201326025
1.51259716702793
0.801676498524805
0.894888544218147
0.944290928435618
0.970474192070877
0.984351321797565
1.46170620055271
1.24470428629294
0.659693271735256
0.819637434019686
0.904407840030434
0.94933615521613
0.973148162264549
0.985768526000211
0.992457318780112
0.996002378953459
0.997881260845334
0.528877068248027
0.750304846171454
0.867661568470871
0.929860631289562
1.90282613458347
1.47849785132924
1.2536038612045
1.13441004643838
0.601237324612343
0.788655782044542
0.887987564483607
0.940633409176312
1.43853570686345
0.762423924637626
0.874084680057942
0.933264880430709
0.494630386628276
0.262154104912986
1.07894167560388
1.04183908807006
1.49217471667713
1.73085259983888
1.38735187791461
1.20529649529474
0.638807142506213
0.338567785528293
0.179440926329995
0.565103690954898
2.1795049562061
2.56513762678923
1.35952294219829
0.720547159365095
1.3218899944635
0.700601697065655
0.371318899444797
0.196799016705743
0.104303478854044
0.995280843792643
0.997498847210101
0.528674389021354
0.280197426181317
0.618504635876098
0.797807457014332
0.892837952217596
1.88320411467533
1.46809818077792
0.778092035812299
0.412388778980519
0.218566052859675
0.115840008015628
0.0613952042482827
0.0325394582515898
0.0172459128733426
0.00914033382287158
0.474844376926122
0.251667519770845
0.133383785478548
1.01069340630363
1.00566750534092
1.00300377783069
0.531592002250266
0.281743761192641
0.1493241934321
0.0791418225190128
0.0419451659350768
0.0222309379455907
0.0117823971111631
0.00624467046891643
0.00330967534852571
0.00175412793471862
0.000929687805400871
0.000492734536862462
0.470261149304537
