1
0.23
0.0529
0.012167
0.77279841
0.9477436343
0.217981035889
0.05013563825447
0.0115311967985281
0.00265217526366146
0.000610000310642136
0.000140300071447691
0.770032269016433
0.17710742187378
0.0407347070309693
0.00936898261712294
0.00215486600193828
0.000495619180445803
0.000113992411502535
2.6218254645583e-05
6.03019856848409e-06
1.38694567075134e-06
3.18997504272808e-07
7.33694259827459e-08
1.68749679760316e-08
3.88124263448726e-09
8.92685805932069e-10
2.05317735364376e-10
4.72230791338064e-11
1.08613082007755e-11
2.49810088617836e-12
5.74563203821023e-13
1.32149536878835e-13
0.77000000000003
0.177100000000007
0.0407330000000016
0.00936859000000037
0.00215477570000008
0.000495598411000019
0.000113987634530004
2.6217155941901e-05
6.02994586663723e-06
1.38688754932656e-06
3.1898413634511e-07
7.33663513593752e-08
1.68742608126563e-08
3.88107998691095e-09
8.92648396989518e-10
2.05309131307589e-10
4.72211002007455e-11
1.08608530461715e-11
2.49799620061944e-12
5.74539126142471e-13
1.32143999012768e-13
3.03931197729367e-14
6.99041754777544e-15
1.60779603598835e-15
3.69793088277321e-16
8.50524103037837e-17
1.95620543698703e-17
4.49927250507016e-18
1.03483267616614e-18
2.38011515518211e-19
5.47426485691886e-20
1.25908091709134e-20
2.89588610931008e-21
6.66053805141318e-22
0.77
0.1771
0.040733
0.00936859
0.0021547757
0.000495598411
0.00011398763453
2.62171559419e-05
6.029945866637e-06
1.38688754932651e-06
3.18984136345097e-07
7.33663513593723e-08
1.68742608126556e-08
3.88107998691079e-09
8.92648396989483e-10
2.05309131307581e-10
4.72211002007436e-11
1.0860853046171e-11
2.49799620061934e-12
5.74539126142447e-13
1.32143999012763e-13
3.03931197729355e-14
6.99041754777516e-15
1.60779603598829e-15
3.69793088277306e-16
8.50524103037803e-17
0.77
0.1771
0.040733
0.00936859
0.7721547757
0.177595598411
0.04084698763453
0.779394807155942
0.179260805645867
0.0412299852985493
0.00948289661866634
0.00218106622229326
0.000501645231127449
0.000115378403159313
2.65370327266421e-05
6.10351752712768e-06
1.40380903123937e-06
3.22876077185054e-07
7.42614977525624e-08
1.70801444830894e-08
0.770000003928433
0.94710000090354
0.217833000207814
0.0501015900477972
0.0115233657109934
0.00265037411352847
0.000609586046111549
0.770140204790606
0.177132247101839
0.040740416833423
0.0093702958716873
0.00215516805048808
0.000495688651612258
0.000114008389870819
0.77002622192967
0.947106031043824
0.21783438714008
0.0501019090422183
0.0115234390797102
0.00265039098833335
0.00060958992731667
0.000140205683282834
3.22473071550518e-05
7.41688064566192e-06
1.70588254850224e-06
3.92352986155515e-07
9.02411868157686e-08
2.07554729676268e-08
0.770000004773759
0.177100001097965
0.0407330002525318
0.00936859005808232
0.00215477571335893
0.770495598414073
0.177213987635237
0.0407592171561044
0.00937461994590402
0.00215616258755792
0.770495917395138
0.177214061000882
0.810759234030203
0.186474623826947
0.812889163480198
0.186964507600445
0.0430018367481025
0.00989042245206356
0.00227479716397462
0.000523203347714163
0.000120336769974257
2.76774570940792e-05
6.36581513163821e-06
0.77000146413748
1.71710033675162
0.394933077452873
0.860834607814161
1.73799195979726
0.399738150753369
0.0919397746732749
0.0211461481748532
0.774863614080216
0.17821863123845
0.810990285184844
0.186527765592514
0.0429013860862782
0.779867318799844
0.179369483323964
0.0412549811645117
0.0094886456678377
0.00218238850360267
0.000501949355828614
0.000115448351840581
2.65531209233337e-05
6.10721781236675e-06
1.40466009684435e-06
3.23071822274201e-07
7.43065191230662e-08
1.70904993983052e-08
3.9308148616102e-09
9.04087418170346e-10
2.0794010617918e-10
0.770000000047826
0.177100000011
0.04073300000253
0.0093685900005819
0.772154775700134
0.177595598411031
0.0408469876345371
0.00939480715594353
0.00216080564586701
0.770496985298549
0.177214306618666
0.0407592905222933
0.00937463682012745
0.00215616646862931
0.000495918287784742
0.000114061206190491
2.62340774238128e-05
6.03383780747695e-06
1.3877826957197e-06
3.19190020015531e-07
0.770000073413705
0.177100016885152
0.040733003883585
0.00936859089322454
0.00215477590544164
0.000495598458251578
0.000113987645397863
2.62171584415085e-05
6.02994644154695e-06
1.3868876815558e-06
3.18984166757834e-07
7.33663583543017e-08
1.68742624214894e-08
3.88108035694256e-09
8.92648482096789e-10
2.05309150882261e-10
4.72211047029201e-11
1.08608540816716e-11
0.770000000002498
0.177100000000575
0.0407330000001321
0.00936859000003039
0.00215477570000699
0.770495598411002
0.17721398763453
0.040759217155942
0.00937461994586665
0.772156162587549
0.177595917395136
0.0408470610008814
0.779394824030203
0.949260809526947
0.218329986191198
0.0502158968239755
0.0115496562695144
0.0026564209419883
0.000610976816657309
0.000140524667831181
3.23206736011717e-05
7.43375492826948e-06
1.70976363350198e-06
3.93245635705456e-07
9.04464962122548e-08
0.770000020802694
0.94710000478462
0.217833001100462
0.0501015902531064
0.0115233657582145
0.00265037412438933
0.000609586048609545
0.000140204791180195
3.22471019714449e-05
7.41683345343233e-06
1.70587169428944e-06
3.9235048968657e-07
9.02406126279112e-08
2.07553409044196e-08
4.7737284080165e-09
1.0979575338438e-09
2.52530232784073e-10
5.80819535403368e-11
1.33588493142775e-11
3.07253534228381e-12
7.06683128725277e-13
1.62537119606814e-13
3.73835375095671e-14
8.59821362720044e-15
1.9775891342561e-15
4.54845500878903e-16
1.04614465202148e-16
2.4061326996494e-17
5.53410520919361e-18
1.27284419811453e-18
2.92754165566342e-19
6.73334580802587e-20
1.54866953584595e-20
3.56193993244568e-21
8.19246184462507e-22
0.77
0.1771
0.040733
0.00936859
0.0021547757
0.000495598411
0.00011398763453
2.62171559419e-05
6.029945866637e-06
1.38688754932651e-06
3.18984136345097e-07
7.33663513593723e-08
1.68742608126556e-08
3.88107998691079e-09
8.92648396989483e-10
2.05309131307581e-10
4.72211002007436e-11
0.770000000010861
0.177100000002498
0.810733000000575
0.186468590000132
0.0428877757000304
0.00986418841100699
0.00226876333453161
0.00052181556694227
0.000120017580396722
2.76040434912461e-05
6.34893000298659e-06
1.46025390068692e-06
3.35858397157991e-07
7.72474313463379e-08
0.770000017766909
0.177100004086389
0.0407330009398695
0.00936859021616998
0.0021547757497191
0.000495598422435392
0.00011398763716014
2.62171565468322e-05
6.02994600577141e-06
1.38688758132742e-06
3.18984143705308e-07
7.33663530522207e-08
1.68742612020108e-08
3.88108007646248e-09
8.92648417586369e-10
2.05309136044865e-10
0.770000000047221
0.177100000010861
0.040733000002498
0.00936859000057454
0.00215477570013214
0.000495598411030393
0.00011398763453699
2.62171559435078e-05
6.02994586700679e-06
1.38688754941156e-06
3.18984136364659e-07
7.33663513638716e-08
1.68742608136905e-08
3.88107998714881e-09
8.92648397044225e-10
2.05309131320172e-10
4.72211002036395e-11
0.770000000010861
0.177100000002498
0.0407330000005745
0.00936859000013214
0.00215477570003039
0.00049559841100699
0.000113987634531608
2.62171559422698e-05
6.02994586672205e-06
1.38688754934607e-06
3.18984136349596e-07
7.33663513604072e-08
1.68742608128936e-08
3.88107998696554e-09
8.92648397002074e-10
2.05309131310477e-10
4.72211002014097e-11
1.08608530463242e-11
2.49799620065457e-12
5.74539126150552e-13
1.32143999014627e-13
3.03931197733642e-14
6.99041754787376e-15
1.60779603601096e-15
3.69793088282522e-16
8.505241030498e-17
1.95620543701454e-17
4.49927250513344e-18
1.03483267618069e-18
0.77
0.1771
0.040733
0.00936859
0.0021547757
0.000495598411
0.00011398763453
2.62171559419e-05
6.029945866637e-06
1.38688754932651e-06
0.770000318984136
0.177100073366351
0.0407330168742608
0.00936859388107998
0.0021547765926484
0.000495598616309131
0.0001139876817511
2.6217166802753e-05
6.0299483646332e-06
1.38688812386564e-06
3.18984268489096e-07
0.770000073366382
0.177100016874268
0.0407330038810816
0.00936859089264877
0.00215477590530922
0.00049559845822112
0.000113987645390858
2.62171584398972e-05
6.02994644117636e-06
1.38688768147056e-06
3.18984166738229e-07
7.33663583497928e-08
1.68742624204523e-08
0.77000000388108
0.177100000892648
0.0407330002053091
0.0093685900472211
0.772154775710861
0.177595598413498
0.0408469876351045
0.00939480715607404
0.772160805645897
0.177596985298556
0.810847306618668
0.186494880522294
0.0428938225201275
0.00986557917962933
0.772269083211315
0.177621889138602
0.810853034501879
0.956496197935432
0.219994125525149
0.0505986488707844
0.78163768924028
0.179776668525264
0.811348633760811
0.186610185764987
0.812920342725947
0.186971678826968
0.0430034861302026
0.00989080180994659
0.00227488441628772
0.000523223415746175
0.00012034138562162
2.76785186929726e-05
6.36605929938371e-06
1.46419363885825e-06
3.36764536937398e-07
7.74558434956015e-08
1.78148440039884e-08
4.09741412091732e-09
9.42405247810984e-10
2.16753206996526e-10
4.9853237609201e-11
0.770000000011466
0.177100000002637
0.0407330000006066
0.00936859000013951
0.772154775700032
0.177595598411007
0.0408469876345317
0.00939480715594229
0.00216080564586673
0.000496985298549347
0.00011430661866635
0.770026290522293
0.177106046820127
0.0407343907686293
0.00936890987678474
0.00215484927166049
0.000495615332481913
0.00011399152647084
0.770026218051088
0.17710603015175
0.0407343869349026
0.00936890899502759
0.00215484906885635
0.000495615285836959
0.000113991515742501
2.62180486207751e-05
6.03015118277828e-06
1.38693477203901e-06
0.770000318994998
0.177100073368849
0.810733016874835
0.186468593881212
0.0428877765926788
0.00986418861631612
0.00226876338175271
0.000521815577803123
0.000120017582894718
2.76040440657852e-05
6.34893013513059e-06
1.46025393108004e-06
3.35858404148408e-07
0.770000077247433
0.17710001776691
0.0407330040863892
0.00936859093986952
0.00215477591616999
0.000495598460719097
0.770113987645965
0.947126217158572
0.217839029946472
0.0501029768876885
0.781523684684168
0.179750447477359
0.0413426029197925
0.779508798671552
0.949287023694457
0.988336015449725
0.997317283553437
0.99938297521729
0.229858084299977
0.0528673593889947
1.55215949265947
0.356996683311678
0.0821092371616859
0.0188851245471878
0.00434357864585318
0.000999023088546232
0.000229775310365633
5.28483213840957e-05
1.2155113918342e-05
2.79567620121866e-06
6.43005526280292e-07
1.47891271044467e-07
3.40149923402274e-08
7.82344823825231e-09
1.79939309479803e-09
4.13860411803547e-10
9.51878947148158e-11
2.18932157844076e-11
5.03543963041376e-12
1.15815111499516e-12
2.66374756448888e-13
6.12661939832441e-14
1.40912246161462e-14
3.24098166171361e-15
7.45425782194131e-16
0.77
0.9471
0.217833
0.05010159
0.0115233657
0.002650374111
0.00060958604553
0.0001402047904719
3.2247101808537e-05
7.41683341596351e-06
1.70587168567161e-06
3.92350487704469e-07
9.0240612172028e-08
2.07553407995664e-08
0.770000004773728
0.177100001097958
0.0407330002525302
0.00936859005808195
0.00215477571335885
0.000495598414072535
0.000113987635236683
2.62171561044371e-05
6.02994590402053e-06
1.38688755792472e-06
0.770000318984138
0.177100073366352
0.0407330168742609
0.00936859388108001
0.0021547765926484
0.000495598616309132
0.0001139876817511
2.62171668027531e-05
6.02994836463321e-06
1.38688812386564e-06
3.18984268489097e-07
7.33663817524923e-08
1.68742678030732e-08
3.88108159470684e-09
8.92648766782574e-10
2.05309216359992e-10
4.72211197627981e-11
1.08608575454436e-11
2.49799723545202e-12
5.74539364153965e-13
0.770000000000132
0.17710000000003
0.040733000000007
0.00936859000000161
0.00215477570000037
0.000495598411000085
0.00011398763453002
2.62171559419045e-05
6.02994586663803e-06
1.38688754932675e-06
3.18984136345152e-07
7.33663513593849e-08
1.68742608126585e-08
3.88107998691146e-09
8.92648396989636e-10
2.05309131307616e-10
4.72211002007517e-11
1.08608530461729e-11
2.49799620061977e-12
5.74539126142546e-13
1.32143999012786e-13
3.03931197729407e-14
6.99041754777636e-15
1.60779603598856e-15
3.69793088277369e-16
8.50524103037949e-17
1.95620543698728e-17
4.49927250507075e-18
1.03483267616627e-18
2.38011515518243e-19
5.47426485691958e-20
1.2590809170915e-20
2.89588610931046e-21
6.66053805141405e-22
1.53192375182523e-22
3.52342462919803e-23
8.10387664715548e-24
1.86389162884576e-24
4.28695074634525e-25
9.85998671659407e-26
2.26779694481663e-26
5.21593297307826e-27
1.199664583808e-27
2.7592285427584e-28
6.34622564834432e-29
1.45963189911919e-29
3.35715336797414e-30
7.72145274634053e-31
1.77593413165832e-31
4.08464850281414e-32
9.39469155647252e-33
2.16077905798868e-33
4.96979183337396e-34
1.14305212167601e-34
2.62901987985483e-35
6.0467457236661e-36
1.3907515164432e-36
3.19872848781937e-37
7.35707552198454e-38
1.69212737005644e-38
3.89189295112982e-39
8.95135378759859e-40
2.05881137114768e-40
4.73526615363965e-41
1.08911121533712e-41
2.50495579527538e-42
5.76139832913336e-43
1.32512161570067e-43
3.04777971611155e-44
7.00989334705656e-45
1.61227546982301e-45
3.70823358059292e-46
8.52893723536372e-47
1.96165556413365e-47
4.5118077975074e-48
1.0377157934267e-48
2.38674632488142e-49
5.48951654722726e-50
1.26258880586227e-50
2.90395425348322e-51
6.6790947830114e-52
1.53619180009262e-52
3.53324114021303e-53
8.12645462248997e-54
1.86908456317269e-54
4.29889449529719e-55
9.88745733918355e-56
2.27411518801222e-56
5.2304649324281e-57
1.20300693445846e-57
2.76691594925446e-58
6.36390668328526e-59
1.46369853715561e-59
3.3665066354579e-60
7.74296526155318e-61
1.78088201015723e-61
4.09602862336163e-62
9.42086583373175e-63
2.1667991417583e-63
4.98363802604409e-64
1.14623674599014e-64
0.77
0.1771
0.040733
0.00936859
0.0021547757
0.000495598411
0.00011398763453
2.62171559419e-05
6.029945866637e-06
0.770001386887549
0.177100318984136
0.0407330733663514
0.00936860687426081
0.00215477958107999
0.770495599303648
0.177213987839839
0.040759217203163
0.00937461995672749
0.00215616259004732
0.000495917395710884
0.000114061001013503
2.62340302331058e-05
0.770006033826954
0.177101387780199
0.0407333191894458
0.00936866341357254
0.772154792585122
0.947595602294578
0.217946988527753
0.0501278073613832
0.0115293956931181
0.00265176100941717
0.000609905032165949
0.770140278157398
0.177132263976202
0.0407404207145264
0.00937029676434106
0.00215516825579844
0.770495688698834
0.177214008400732
0.0407592219321683
0.00937462104439871
0.0021561628402117
0.000495917453248692
0.000114061014247199
2.62340332768558e-05
6.03382765367683e-06
1.38778036034567e-06
3.19189482879504e-07
7.3413581062286e-08
1.68851236443258e-08
3.88357843819493e-09
8.93223040784833e-10
2.05441299380512e-10
4.72514988575177e-11
1.08678447372291e-11
2.49960428956268e-12
5.74908986599417e-13
1.32229066917866e-13
1.54000000000003
0.354200000000007
0.851466000000002
0.19583718
0.0450425514000001
0.010359786822
0.00238275096906
0.000548032722883801
0.000126047526263274
2.89909310405531e-05
0.770006667914139
0.177101533620252
0.040733352732658
0.00936867112851133
0.00215479435955761
0.000495602702698249
0.770113988621621
0.177126217382973
0.0407390299980837
0.00936997689955926
0.00215509468689863
0.000495671777986685
0.000114004508936937
2.62210370554956e-05
6.03083852276399e-06
0.77000138709286
0.177100319031358
0.0407330733772123
0.779368606876759
0.179254779581655
0.0412285993037805
0.00948257783986952
0.77218099290317
0.177601628367729
0.0408483745245777
0.00939512614065287
0.77216087901235
0.177597002172841
0.0408473104997533
0.00939488141494326
0.00216082272543695
0.770496989226851
0.177214307522176
0.0407592907301004
0.00937463686792309
0.772156166479622
0.177595918290313
0.810847061206772
0.186494824077558
0.0428938095378382
0.00986557619370279
0.00226908252455164
0.000521888980646878
0.000120034465548782
0.770027607927076
0.947106349823228
0.217834460459342
0.0501019259056487
0.0115234429582992
0.00265039188040882
0.000609590132494028
0.000140205730473626
3.22473180089341e-05
0.770007416883142
0.947101705883123
0.217833392353118
0.0501016802412172
0.01152338645548
0.00265037888476039
0.000609587143494889
0.770140205043004
0.177132247159891
0.0407404168467749
0.00937029587475822
0.00215516805119439
0.00049568865177471
0.000114008389908183
2.62219296788822e-05
6.0310438261429e-06
0.77000138714008
0.177100319042218
0.0407330733797102
0.00936860687733335
0.00215477958178667
0.000495599303810934
0.000113987839876515
2.62172031715984e-05
6.02995672946763e-06
1.38689004777756e-06
0.770000318984711
0.177100073366484
0.0407330168742912
0.00936859388108698
0.00215477659265
0.000495598616309501
0.000113987681751185
2.62171668027726e-05
0.770006029948365
0.177101386888124
0.0407333189842685
0.00936866336638175
0.0021547925742678
0.000495602292081595
0.000113988527178767
0.770026217361251
0.177106029993088
0.0407343868984102
0.00936890898663434
0.0021548490669259
0.000495615285392957
0.00011399151564038
2.62180485972874e-05
6.0301511773761e-06
1.3869347707965e-06
3.18994997283196e-07
0.770000073368849
0.177100016874835
0.0407330038812121
0.00936859089267879
0.00215477590531612
0.000495598458222708
0.000113987645391223
2.62171584399812e-05
6.02994644119568e-06
1.38688768147501e-06
3.18984166739252e-07
7.33663583500279e-08
1.68742624205064e-08
3.88108035671647e-09
8.92648482044789e-10
2.05309150870301e-10
4.72211047001693e-11
1.08608540810389e-11
2.49799643863896e-12
0.770000000000575
0.177100000000132
0.0407330000000304
0.00936859000000699
0.00215477570000161
0.00049559841100037
0.000113987634530085
0.770026217155942
0.177106029945867
0.0407343868875493
0.00936890898413634
0.00215484906635136
0.770495615285261
0.17721399151561
0.0407592180485903
0.00937462015117576
0.00215616263477043
0.000495917405997198
0.000114061003379355
2.62340307772518e-05
6.0338270787679e-06
1.38778022811662e-06
3.19189452466822e-07
7.34135740673691e-08
1.68851220354949e-08
3.88357806816382e-09
8.93222955677679e-10
2.05441279805866e-10
4.72514943553492e-11
1.08678437017303e-11
2.49960405139797e-12
5.74908931821534e-13
1.32229054318953e-13
3.04126824933591e-14
6.9949169734726e-15
1.6088309038987e-15
3.70031107896701e-16
8.51071548162411e-17
1.95746456077355e-17
4.50216848977916e-18
1.03549875264921e-18
2.38164713109317e-19
5.4777884015143e-20
1.25989133234829e-20
2.89775006440106e-21
6.66482514812244e-22
1.53290978406816e-22
3.52569250335677e-23
8.10909275772058e-24
1.86509133427573e-24
4.28971006883418e-25
9.86633315831862e-26
2.26925662641328e-26
5.21929024075055e-27
1.20043675537263e-27
2.76100453735704e-28
6.35031043592119e-29
1.46057140026187e-29
3.35931422060231e-30
7.72642270738531e-31
1.77707722269862e-31
4.08727761220683e-32
9.40073850807571e-33
2.16216985685741e-33
4.97299067077205e-34
1.14378785427757e-34
2.63071206483841e-35
6.05063774912835e-36
1.39164668229952e-36
3.2007873692889e-37
7.36181094936446e-38
1.69321651835383e-38
3.8943979922138e-39
8.95711538209174e-40
2.0601365378811e-40
4.73831403712653e-41
1.0898122285391e-41
2.50656812563993e-42
5.76510668897185e-43
1.32597453846352e-43
3.04974143846611e-44
7.01440530847205e-45
0.77
0.1771
0.040733
0.00936859
0.0021547757
0.000495598411
0.77011398763453
0.177126217155942
0.0407390299458666
0.00936997688754932
0.00215509468413634
0.000495671777351359
0.000114004508790813
2.62210370218869e-05
6.03083851503399e-06
1.38709285845782e-06
3.19031357445298e-07
0.770000073377212
0.947100016876759
0.987833003881655
0.227201590892781
0.0522563659053395
0.0120189641582281
0.00276436175639246
0.000635803203970266
0.000146234736913161
3.36339894900271e-05
0.770007735817583
0.177101779238044
0.0407334092247501
0.00936868412169253
0.00215479734798928
1.54049560339004
0.354313988779709
0.851492217419333
1.73584321000645
1.16924393830148
1.80892610580934
2.72605300433615
2.16699219099731
2.03840820392938
1.23883388690376
0.284931793987864
0.0655343126172088
0.015072891901958
0.00346676513745034
0.000797355981613579
0.000183391875771123
4.21801314273583e-05
9.70143022829241e-06
2.23132895250725e-06
5.13205659076669e-07
1.18037301587634e-07
2.71485793651558e-08
6.24417325398583e-09
1.43615984841674e-09
1.54000000033032
1.12420000007597
1.02856600001747
0.236570180004019
0.0544111414009243
0.782514562522213
0.949978349380109
1.75849502035742
1.94445385468221
1.98722438657691
0.457061608912689
1.64512417004992
1.14837855911148
0.264127068595641
1.600749225777
1.90817232192871
0.438879634043603
0.100942315830029
0.793216732640907
0.182439848507409
0.041961165156704
0.779651067986042
0.17931974563679
0.0412435414964616
0.00948601454418617
0.00218178334516282
0.000501810169387448
0.000115416338959113
2.6545757960596e-05
6.10552433093708e-06
1.40427059611553e-06
0.770000322982237
0.177100074285915
0.81073301708576
0.956468593929725
0.989987776603837
0.227697188618882
0.052370353382343
0.782045181277939
0.179870391693926
0.041370190089603
0.00951514372060868
0.00218848305574
0.000503351102820199
0.000115770753648646
2.66272733391885e-05
0.770006124272868
0.17710140858276
0.810733323974035
0.186468664514028
0.0428877928382264
0.00986419235279208
0.772268764241142
0.947621815775463
0.217953017628356
0.050129194054522
0.0115297146325401
0.00265183436548421
0.000609921904061369
0.000140282037934115
0.770032264868725
0.177107420919807
0.0407347068115555
0.00936898256665777
0.00215486599033129
0.000495619177776196
0.770113992410889
0.177126218254504
0.040739030198536
0.00936997694566328
0.00215509469750255
0.000495671780425587
0.000114004509497885
2.62210371845136e-05
6.03083855243812e-06
1.38709286706077e-06
3.19031359423976e-07
7.33772126675146e-08
1.68767589135284e-08
3.88165455011152e-09
8.9278054652565e-10
2.05339525700899e-10
4.72280909112069e-11
0.770000000010862
0.177100000002498
0.0407330000005746
0.00936859000013216
0.77215477570003
1.71759559841101
0.395046987634532
0.860860807155942
1.73799798564587
0.399739536698549
0.0919400934406663
0.0211462214913533
0.00486363094301125
0.00111863511689259
0.000257286076885295
5.91757976836179e-05
1.36104334672321e-05
3.13039969746338e-06
7.19991930416578e-07
1.65598143995813e-07
3.8087573119037e-08
8.76014181737851e-09
2.01483261799706e-09
4.63411502139323e-10
1.06584645492044e-10
2.45144684631702e-11
5.63832774652914e-12
1.2968153817017e-12
2.98267537791392e-13
6.86015336920201e-14
1.57783527491646e-14
3.62902113230786e-15
8.34674860430808e-16
1.91975217899086e-16
4.41543001167897e-17
1.01554890268616e-17
2.33576247617818e-18
5.37225369520981e-19
1.23561834989826e-19
2.84192220476599e-20
6.53642107096177e-21
1.50337684632121e-21
3.45776674653877e-22
7.95286351703918e-23
1.82915860891901e-23
4.20706480051373e-24
9.67624904118157e-25
0.77
0.1771
0.040733
0.00936859
0.0021547757
0.000495598411
0.00011398763453
0.770026217155942
0.177106029945867
0.0407343868875493
0.00936890898413634
0.00215484906635136
0.000495615285260813
0.000113991515609987
2.6218048590297e-05
6.0301511757683e-06
1.38693477042671e-06
3.18994997198143e-07
7.33688493555729e-08
1.68748353517818e-08
3.88121213090981e-09
8.92678790109256e-10
2.05316121725129e-10
4.72227079967796e-11
1.08612228392593e-11
2.49808125302964e-12
5.74558688196818e-13
1.32148498285268e-13
3.03941546056116e-14
6.99065555929068e-15
1.60785077863686e-15
3.69805679086477e-16
8.50553061898897e-17
1.95627204236746e-17
4.49942569744516e-18
1.03486791041239e-18
2.38019619394849e-19
0.77
0.1771
0.040733
0.00936859
0.0021547757
0.000495598411
0.00011398763453
2.62171559419e-05
6.029945866637e-06
1.38688754932651e-06
3.18984136345097e-07
7.33663513593723e-08
0.770000016874261
0.17710000388108
0.0407330008926484
0.00936859020530913
0.0021547757472211
0.000495598421860853
0.770113987637028
0.177126217156516
0.0407390299459988
0.00936997688757972
0.00215509468414334
0.000495671777352967
0.000114004508791182
2.62210370219719e-05
6.03083851505355e-06
1.38709285846232e-06
3.19031357446333e-07
7.33772122126565e-08
1.6876758808911e-08
3.88165452604953e-09
8.92780540991391e-10
2.0533952442802e-10
4.72280906184446e-11
1.08624608422423e-11
2.49836599371572e-12
5.74624178554615e-13
1.32163561067561e-13
3.03976190455391e-14
6.991452380474e-15
1.60803404750902e-15
3.69847830927075e-16
8.50650011132271e-17
1.95649502560422e-17
4.49993855888972e-18
1.03498586854463e-18
0.77
0.1771
0.040733
0.00936859
0.0021547757
0.000495598411
0.00011398763453
2.62171559419e-05
6.029945866637e-06
1.38688754932651e-06
3.18984136345097e-07
7.33663513593723e-08
1.68742608126556e-08
3.88107998691079e-09
8.92648396989483e-10
2.05309131307581e-10
0.770000000047221
0.177100000010861
0.040733000002498
0.00936859000057454
0.00215477570013214
0.000495598411030393
0.00011398763453699
2.62171559435078e-05
6.02994586700679e-06
1.38688754941156e-06
3.18984136364659e-07
7.33663513638716e-08
1.68742608136905e-08
0.77000000388108
0.177100000892648
0.0407330002053091
0.0093685900472211
0.00215477571086085
0.000495598413497996
0.000113987635104539
0.770026217156074
0.177106029945897
0.0407343868875563
0.00936890898413795
0.00215484906635173
0.000495615285260898
0.000113991515610006
2.62180485903015e-05
6.03015117576934e-06
1.38693477042695e-06
3.18994997198198e-07
7.33688493555855e-08
1.68748353517847e-08
3.88121213091047e-09
8.92678790109409e-10
2.05316121725164e-10
0.770000000047223
0.177100000010861
0.0407330000024981
0.00936859000057456
0.00215477570013215
0.000495598411030394
0.000113987634536991
0.770026217155944
1.71710602994587
0.394934386887549
0.0908349089841363
0.0208920290663514
0.774805166685261
0.17820518833761
0.0409871933176503
0.77942705446306
0.949268222526504
0.218331691181096
0.820216288971652
0.18864974646348
0.0433894416866004
0.00997957158791809
0.00229530146522116
1.540527919337
0.35432142144751
0.0814939269329273
0.0187436031945733
0.00431102873475185
0.000991536608992927
0.000228053420068373
5.24522866157258e-05
1.20640259216169e-05
2.77472596197189e-06
6.38186971253536e-07
1.46783003388313e-07
3.3760090779312e-08
7.76482087924177e-09
1.78590880222561e-09
4.10759024511889e-10
9.44745756377345e-11
2.17291523966789e-11
4.99770505123616e-12
1.14947216178432e-12
2.64378597210393e-13
6.08070773583903e-14
1.39856277924298e-14
0.770000000000003
0.177100000000001
0.0407330000000002
0.00936859000000004
0.00215477570000001
0.000495598411000002
0.00011398763453
2.62171559419001e-05
6.02994586663702e-06
0.770001386887549
0.177100318984136
0.810733073366351
0.186468606874261
0.04288777958108
0.0098641893036484
0.00226876353983913
0.000521815614163
0.00012001759125749
2.76040459892227e-05
6.34893057752122e-06
1.46025403282988e-06
3.35858427550873e-07
7.72474383367007e-08
1.77669108174412e-08
4.08638948801147e-09
0.77000000093987
0.17710000021617
0.0407330000497191
0.00936859001143539
0.77215477570263
0.177595598411605
0.0408469876346691
0.0093948071559739
0.002160805645874
0.000496985298551019
0.000114306618666734
0.770026290522293
0.177106046820127
0.0407343907686293
0.00936890987678474
0.00215484927166049
0.000495615332481913
0.00011399152647084
2.62180510882932e-05
6.03015175030743e-06
0.770001386934903
0.947100318995028
0.217833073368856
0.050101606874837
0.781523369581212
0.179750375003679
0.0413425862508461
0.00950879483769461
0.00218702281266976
0.000503015246914045
0.00011569350679023
2.6609506561753e-05
6.12018650920318e-06
1.40764289711673e-06
0.770000323757866
0.177100074464309
0.0407330171267911
0.00936859393916196
0.00215477660600725
0.770495598619382
0.177213987682458
0.0407592171669653
0.00937461994840201
0.00215616258813246
0.000495917395270466
0.770114061000912
0.94712623403021
0.217839033826948
0.820102977780198
0.188623684889446
0.0433834475245725
0.00997819293065167
0.00229498437404988
0.000527846406031473
0.000121404673387239
2.79230748790649e-05
6.42230722218493e-06
1.47713066110253e-06
3.39740052053583e-07
7.81402119723241e-08
1.79722487536345e-08
4.13361721333594e-09
9.50731959067267e-10
2.18668350585471e-10
5.02937206346584e-11
1.15675557459714e-11
2.66053782157343e-12
6.11923698961889e-13
1.40742450761234e-13
3.23707636750839e-14
7.4452756452693e-15
1.71241339841194e-15
0.77
0.1771
0.040733
0.00936859
0.0021547757
0.000495598411
0.00011398763453
2.62171559419e-05
6.029945866637e-06
1.38688754932651e-06
3.18984136345097e-07
7.33663513593724e-08
1.68742608126556e-08
3.8810799869108e-09
8.92648396989483e-10
2.05309131307581e-10
4.72211002007437e-11
1.0860853046171e-11
2.49799620061934e-12
5.74539126142448e-13
1.32143999012763e-13
3.03931197729355e-14
6.99041754777517e-15
1.60779603598829e-15
3.69793088277306e-16
0.77
0.1771
0.040733
0.00936859
0.0021547757
0.000495598411
0.00011398763453
2.62171559419e-05
6.029945866637e-06
1.38688754932651e-06
3.18984136345097e-07
7.33663513593723e-08
1.68742608126556e-08
3.88107998691079e-09
8.92648396989483e-10
2.05309131307581e-10
4.72211002007436e-11
1.0860853046171e-11
2.49799620061934e-12
5.74539126142447e-13
1.32143999012763e-13
3.03931197729355e-14
6.99041754777516e-15
1.60779603598829e-15
3.69793088277306e-16
8.50524103037803e-17
1.95620543698695e-17
4.49927250506998e-18
0.77
0.1771
0.040733
0.00936859
0.0021547757
0.000495598411
0.00011398763453
2.62171559419e-05
6.029945866637e-06
1.38688754932651e-06
0.770000318984136
0.947100073366351
0.217833016874261
0.05010159388108
0.0115233665926484
0.00265037431630913
0.0006095860927511
0.000140204801332753
3.22471043065332e-05
7.41683399050263e-06
1.70587181781561e-06
3.92350518097589e-07
9.02406191624455e-08
2.07553424073625e-08
4.77372875369337e-09
1.09795761334947e-09
2.52530251070379e-10
5.80819577461872e-11
1.3358850281623e-11
3.0725355647733e-12
7.06683179897859e-13
1.62537131376508e-13
3.73835402165967e-14
8.59821424981725e-15
1.97758927745797e-15
4.54845533815332e-16
1.04614472777526e-16
2.40613287388311e-17
5.53410560993115e-18
1.27284429028416e-18
2.92754186765358e-19
6.73334629560323e-20
1.54866964798874e-20
3.56194019037411e-21
8.19246243786044e-22
1.8842663607079e-22
4.33381262962817e-23
0.77
0.1771
0.040733
0.77936859
0.1792547757
0.041228598411
0.00948257763453
0.0021809928559419
0.000501628356866637
0.770115374522079
0.177126536140078
0.040739103312218
0.00936999376181014
0.00215509856521633
0.000495672669999756
0.000114004714099944
0.770026221084243
0.947106030849376
0.217834387095356
0.050101909031932
0.0115234390773444
0.772650390987789
0.177709589927191
0.040873205683254
0.00940083730714843
0.00216219258064414
0.770497304293548
0.177214379987516
0.0407593073971287
0.77937464070134
0.179256167361308
0.0412289184931009
0.0094826512534132
0.00218100978828504
1.54050163225131
1.8943153754178
1.20569253634609
0.277309283359602
0.0637811351727084
0.0146696610897229
0.00337402205063627
0.000776025071646343
0.000178485766478659
0.77004105172629
0.177109441897047
0.810735171636321
0.186469089476354
0.0428878905795614
0.00986421483329911
0.0022687694116588
0.000521816964681523
0.770120017901877
0.177127604117432
0.0407393489470093
0.00937005025781213
0.772155111559297
0.947595675658638
0.217947005401487
0.820127811242342
0.958629396585739
0.22048476121472
0.0507114950793856
0.0116636438682587
0.0026826380896995
0.000617006760630884
0.000141911554945103
0.770032639657637
0.947107507121257
0.987834726637889
0.997201987126714
2.53935645703914
0.584051985119003
0.904331956577371
0.207996350012795
0.0478391605029429
0.0110030069156769
0.00253069159060568
0.000582059065839306
0.00013387358514304
0.770030790924583
0.177107081912654
0.0407346288399104
0.779368964633179
0.179254861865631
0.811228618229095
0.956582582192692
0.990013993904319
0.997703218597993
0.229471740277538
0.0527785002638338
1.55213905506068
0.356991982663957
0.08210815601271
0.0188848758829233
0.774343521453072
0.178099009934207
0.0409627722848675
0.00942143762551953
0.00216693065386949
0.000498394050389983
0.000114630631589696
2.63650452656301e-05
6.06396041109492e-06
0.770001394710895
0.177100320783506
0.0407330737802063
0.00936860696944745
0.00215477960297291
0.00049559930868377
0.000113987840997267
2.62172034293714e-05
0.770006029956789
0.177101386890061
0.0407333189847141
0.779368663366484
0.179254792574291
0.041228602292087
0.00948257852718001
0.0021809930612514
0.000501628404087823
0.000115374532940199
2.65361425762458e-05
6.10331279253654e-06
0.770001403761942
0.177100322865247
0.0407330742590067
0.00936860707957155
0.00215477962830146
0.000495599314509335
0.770113987842337
0.177126217203738
0.0407390299568596
0.00936997689007771
0.00215509468471787
0.000495671777485111
0.000114004508821576
0.770026221037029
0.947106030838517
0.217834387092859
0.0501019090313575
0.0115234390772122
1.54265039098776
0.354809589927185
0.0816062056832524
0.0187694273071481
0.00431696828064405
0.000992902704548132
0.00022836762204607
0.770052524553071
1.71711208064721
0.394935778548857
0.0908352290662372
0.790892102685235
0.181905183617604
0.0418381922320489
0.00962278421337125
0.00221324036907539
0.770509045284887
0.177217080415524
0.0407599284955705
0.00937478355398122
0.00215620021741568
0.000495926050005607
0.00011406299150129
0.770026234488045
0.17710603393225
0.810734387804418
0.186468909195016
0.0428878491148537
0.00986420529641635
0.00226876721817576
0.000521816460180425
0.000120017785841498
0.770027604090744
0.177106348940871
0.0407344602564003
0.00936892585897208
0.00215485294756358
0.000495616177939623
0.000113991720926113
2.6218095813006e-05
6.03016203699139e-06
1.38693726850802e-06
3.18995571756844e-07
7.33689815040742e-08
1.68748657459371e-08
0.770000003881219
0.17710000089268
0.0407330002053165
0.00936859004722279
0.00215477571086124
0.000495598413498086
0.00011398763510456
2.62171560740487e-05
6.02994589703121e-06
1.38688755631718e-06
3.18984137952951e-07
7.33663517291786e-08
1.68742608977111e-08
3.88108000647355e-09
8.92648401488916e-10
2.05309132342451e-10
4.72211004387637e-11
1.08608531009156e-11
2.4979962132106e-12
5.74539129038437e-13
1.32143999678841e-13
3.03931199261333e-14
6.99041758301067e-15
1.60779604409245e-15
3.69793090141264e-16
8.50524107324908e-17
1.95620544684729e-17
4.49927252774876e-18
1.03483268138221e-18
0.77
0.1771
0.040733
0.00936859
0.0021547757
0.000495598411
0.00011398763453
2.62171559419e-05
6.029945866637e-06
1.38688754932651e-06
3.18984136345097e-07
7.33663513593723e-08
1.68742608126556e-08
3.88107998691079e-09
8.92648396989483e-10
2.05309131307581e-10
4.72211002007436e-11
1.0860853046171e-11
2.49799620061934e-12
5.74539126142447e-13
1.32143999012763e-13
3.03931197729355e-14
6.99041754777516e-15
1.60779603598829e-15
3.69793088277306e-16
8.50524103037803e-17
1.95620543698695e-17
4.49927250506998e-18
1.03483267616609e-18
2.38011515518202e-19
5.47426485691864e-20
1.25908091709129e-20
2.89588610930996e-21
6.66053805141291e-22
1.53192375182497e-22
0.77
0.1771
0.040733
0.00936859
0.0021547757
0.000495598411
0.00011398763453
2.62171559419e-05
6.029945866637e-06
1.38688754932651e-06
3.18984136345097e-07
7.33663513593723e-08
1.68742608126556e-08
3.88107998691079e-09
8.92648396989483e-10
2.05309131307581e-10
4.72211002007436e-11
1.0860853046171e-11
2.49799620061934e-12
5.74539126142447e-13
1.32143999012763e-13
3.03931197729355e-14
6.99041754777516e-15
1.60779603598829e-15
3.69793088277306e-16
8.50524103037803e-17
1.95620543698695e-17
4.49927250506998e-18
1.03483267616609e-18
2.38011515518202e-19
5.47426485691864e-20
1.25908091709129e-20
2.89588610930996e-21
6.66053805141291e-22
1.53192375182497e-22
3.52342462919743e-23
8.10387664715408e-24
1.86389162884544e-24
4.28695074634451e-25
9.85998671659237e-26
2.26779694481624e-26
5.21593297307736e-27
1.19966458380779e-27
2.75922854275792e-28
0.77
0.1771
0.040733
0.00936859
0.0021547757
0.000495598411
0.77011398763453
0.177126217155942
0.0407390299458666
0.00936997688754932
0.00215509468413634
0.000495671777351359
0.000114004508790813
0.770026221037022
0.177106030838515
0.0407343870928585
0.00936890903135744
0.772154849077212
0.177595615287759
0.0408469915161845
0.00939480804872244
0.00216080585120616
0.000496985345777417
0.000114306629528806
2.62905247916254e-05
6.04682070207383e-06
1.39076876147698e-06
3.19876815139706e-07
7.35716674821323e-08
1.69214835208904e-08
3.8919412098048e-09
0.770000000895147
0.947100000205884
0.217833000047353
0.820101590010891
0.188623365702505
0.0433833741115761
1.54997817604566
0.356494980490502
0.851993845512816
0.195958584467948
0.815070474427628
0.187466209118354
0.0431172280972215
0.00991696246236095
0.00228090136634302
0.770524607314259
0.94722065968228
0.217860751726924
0.0501079728971926
0.781524833766354
0.179750711766261
0.0413426637062401
0.00950881265243523
0.77218702691006
0.947603016189314
0.217948693723542
0.820128199556415
0.188629485897975
0.813384781756534
0.187078499804003
0.0430280549549207
0.00989645263963175
0.0022761841071153
0.00052352234463652
0.000120410139266399
2.76943320312719e-05
6.36969636719253e-06
1.46503016445428e-06
3.36956937824485e-07
7.75000956996315e-08
0.770000017825022
0.177100004099755
0.0407330009429437
0.779368590216877
0.179254775749882
0.0412285984224728
0.00948257763716874
0.00218099285654881
0.000501628357006226
0.000115374522111432
2.65361400856294e-05
6.10331221969475e-06
0.770001403761811
0.947100322865216
0.217833074259
0.0501016070795699
0.0115233696283011
0.00265037501450925
0.000609586253337127
0.000140204838267539
0.770032247112802
0.947107416835944
0.217834705872267
0.0501019823506215
0.0115234559406429
0.00265039486634787
0.000609590819260011
0.000140205888429803
3.22473543388546e-05
7.41689149793655e-06
1.70588504452541e-06
3.92353560240844e-07
9.0241318855394e-08
2.07555033367406e-08
4.77376576745034e-09
1.09796612651358e-09
2.52532209098123e-10
5.80824080925683e-11
1.33589538612907e-11
3.07255938809686e-12
7.06688659262278e-13
1.62538391630324e-13
3.73838300749745e-14
8.59828091724414e-15
1.97760461096615e-15
0.77
0.1771
2.350733
1.31066859
0.3014537757
1.609334368411
0.37014690473453
0.0851337880889419
0.0195807712604566
0.774503577389905
0.948135822799678
0.218071239243926
0.050156385026103
0.0115359685560037
0.00265327276788085
0.000610252736612595
0.000140358129420897
3.22823697668063e-05
7.42494504636544e-06
1.70773736066405e-06
3.92779592952732e-07
9.03393063791283e-08
2.07780404671995e-08
4.77894930745588e-09
1.09915834071485e-09
2.52806418364416e-10
5.81454762238157e-11
0.770000000013373
0.177100000003076
0.0407330000007074
0.00936859000016271
0.772154775700037
0.947595598411009
0.217946987634532
0.0501278071559423
0.0115293956458667
0.772651760998549
0.177709905029666
0.0408732781568233
0.779400853976069
0.179262196414496
0.0412303051753341
0.00948297019032683
0.00218108314377517
0.770501649123068
0.177215379298306
0.0407595372386103
0.00937469356488037
0.00215617951992249
0.000495921289582172
0.000114061896603899
2.62342362188969e-05
6.03387433034628e-06
1.38779109597964e-06
3.19191952075318e-07
7.34141489773232e-08
1.68852542647843e-08
3.88360848090040e-09
8.93229950607091e-10
2.05442888639631e-10
4.72518643871151e-11
1.08679288090365e-11
2.49962362607839e-12
5.74913433998029e-13
1.32230089819547e-13
3.04129206584957e-14
6.99497175145402e-15
0.770000000000002
0.1771
0.0407330000000001
0.00936859000000002
0.7721547757
0.177595598411
0.04084698763453
0.779394807155942
0.949260805645867
0.218329985298549
0.0502158966186663
0.0115496562222933
0.00265642093112745
0.000610976814159313
0.000140524667256642
3.23206734690277e-05
7.43375489787636e-06
1.70976362651156e-06
3.9324563409766e-07
9.04464958424617e-08
2.08026940437662e-08
4.78461963006622e-09
1.10046251491523e-09
2.53106378430503e-10
5.82144670390157e-11
1.33893274189736e-11
3.07954530636393e-12
7.08295420463704e-13
1.62907946706652e-13
3.74688277425299e-14
8.61783038078188e-15
1.98210098757983e-15
4.55883227143362e-16
1.04853142242973e-16
2.41162227158838e-17
5.54673122465328e-18
1.27574818167025e-18
2.93422081784158e-19
6.74870788103564e-20
1.5522028126382e-20
3.57006646906785e-21
8.21115287885607e-22
1.88856516213689e-22
4.34369987291486e-23
9.99050970770417e-24
2.29781723277196e-24
5.28497963537551e-25
1.21554531613637e-25
2.79575422711364e-26
6.43023472236138e-27
1.47895398614312e-27
3.40159416812917e-28
7.82366658669708e-29
1.79944331494033e-29
4.13871962436276e-30
9.51905513603434e-31
0.77
0.1771
0.040733
0.00936859
0.0021547757
0.000495598411
0.00011398763453
2.62171559419e-05
6.029945866637e-06
1.38688754932651e-06
3.18984136345097e-07
7.33663513593723e-08
1.68742608126556e-08
3.88107998691079e-09
8.92648396989483e-10
2.05309131307581e-10
4.72211002007436e-11
1.0860853046171e-11
2.49799620061934e-12
5.74539126142447e-13
1.32143999012763e-13
3.03931197729355e-14
6.99041754777516e-15
1.60779603598829e-15
3.69793088277306e-16
8.50524103037803e-17
1.95620543698695e-17
4.49927250506998e-18
1.03483267616609e-18
2.38011515518202e-19
5.47426485691864e-20
0.77
0.1771
0.040733
0.00936859
0.0021547757
0.000495598411
0.00011398763453
2.62171559419e-05
6.029945866637e-06
1.38688754932651e-06
3.18984136345097e-07
7.33663513593723e-08
1.68742608126556e-08
3.88107998691079e-09
8.92648396989483e-10
0.770000000205309
0.177100000047221
0.810733000010861
0.186468590002498
0.0428877757005745
0.779864188411132
0.17936876333456
0.0412548155669489
0.00948860758039824
0.0021823797434916
0.000501947341003067
0.000115447888430705
0.770026553014339
0.947106107193298
0.217834404654459
0.0501019130705255
0.781523440006221
0.949750391201431
0.218442589976329
0.0502417956945557
0.0115556130097478
0.002657790992242
0.000611291928215659
0.000140597143489602
0.770032337343003
0.177107437588891
0.0407347106454448
0.00936898344845231
0.772154866193144
0.177595619224423
0.0408469924216173
0.00939480825697198
0.00216080589910356
0.000496985356793818
0.000114306632062578
2.6290525374393e-05
0.770006046820836
0.177101390768792
0.810733319876822
0.186468663571669
0.0428877926214839
0.00986419230294129
0.0022687642296765
0.000521815772825594
0.000120017627749887
2.76040543824739e-05
0.770006348932508
0.947101460254477
0.98783333585853
0.997201667247462
0.229356383466916
0.0527519681973907
0.7821329526854
0.949890579117642
0.218474833197058
0.820249211635323
0.188657318676124
0.0433911832955086
0.779979972157967
0.179395393596332
0.0412609405271564
0.779490016321246
0.179282703753887
0.0412350218633939
0.0094840550285806
0.00218133265657354
0.000501706511011914
2.31011539249753
0.531326540274432
0.122205104263119
0.0281071739805175
0.00646465001551902
0.00148686950356937
0.770341979985821
0.177178655396739
0.81075109074125
0.186472750870487
0.0428887327002121
0.00986440852104879
0.00226881395984122
0.000521827210763481
1.54012002025848
0.354227604659449
0.0814723490716734
0.788738640286485
0.181409887265891
0.041724274071155
0.00959658303636566
0.0022072140983641
0.000507659242623743
0.000116761625803461
2.6855173934796e-05
6.17669000500308e-06
1.42063870115071e-06
3.26746901264663e-07
7.51517872908725e-08
1.72849110769007e-08
3.97552954768715e-09
9.14371795968045e-10
0.770000000210306
0.94710000004837
1.75783300001113
1.94430159000256
2.75718936570059
2.94415355411114
2.21715531744556
2.04994572301248
1.24148751629287
1.82554212874736
1.95987468961189
1.22077117861074
1.82077737108047
2.72877879534851
2.16761912293016
2.03855239827394
0.468867051603005
0.877839421868691
0.201903067029799
0.0464377054168538
0.0106806722458764
0.772456554616552
0.177665007561807
0.0408629517392156
0.00939847890001958
0.0021616501470045
0.000497179533811036
0.000114351292776538
0.770026300797339
0.177106049183388
0.0407343913121792
0.00936891000180121
0.00215484930041428
0.000495615339095284
0.000113991527991915
2.62180514381405e-05
6.03015183077232e-06
1.38693492107763e-06
3.18995031847856e-07
7.33688573250068e-08
1.68748371847516e-08
3.88121255249286e-09
8.92678887073358e-10
2.05316144026872e-10
0.770000000047223
0.177100000010861
0.0407330000024981
0.00936859000057456
0.00215477570013215
0.000495598411030394
0.000113987634536991
2.62171559435078e-05
6.0299458670068e-06
1.38688754941156e-06
3.1898413636466e-07
0.770000073366351
0.947100016874261
0.21783300388108
0.0501015908926484
0.0115233659053091
0.0026503741582211
0.000609586056390853
0.000140204792969896
3.22471023830761e-05
7.41683354810751e-06
1.70587171606473e-06
0.770000392350495
0.177100090240614
0.0407330207553412
0.00936859477372847
0.772154776797958
0.17759559866353
0.0408469876926119
0.00939480716930075
0.00216080564893917
0.770496985299256
0.177214306618829
0.0407592905223306
0.779374636820136
0.179256166468631
0.811228918287785
0.186582651206191
0.0429140097774238
0.00987022224880748
0.00227015111722572
0.770522134756962
0.177220090994101
1.58076062092864
0.363574942813588
0.0836222368471252
0.0192331144748388
0.00442361632921292
0.00101743175571897
0.000234009303815364
5.38221398775336e-05
0.770012379092172
0.1771028471912
0.0407336548539759
0.00936874061641445
0.772154810341775
0.177595606378608
0.81084698946708
0.186494807577428
0.0428938057428085
0.00986557532084596
0.00226908232379457
0.000521888934472751
0.000120034454928733
2.76079246336085e-05
6.34982266572996e-06
1.46045921311789e-06
3.35905619017115e-07
7.72582923739364e-08
0.770000017769407
0.177100004086964
0.0407330009400016
0.00936859021620038
0.00215477574972609
0.000495598422437
0.00011398763716051
2.62171565469173e-05
6.02994600579098e-06
1.38688758133192e-06
3.18984143706343e-07
7.33663530524588e-08
1.68742612020655e-08
3.88108007647507e-09
8.92648417589266e-10
2.05309136045531e-10
4.72211012904722e-11
1.08608532968086e-11
2.49799625826598e-12
5.74539139401175e-13
1.3214400206227e-13
3.03931204743221e-14
6.99041770909409e-15
1.60779607309164e-15
3.69793096811077e-16
8.50524122665478e-17
1.9562054821306e-17
4.49927260890038e-18
1.03483270004709e-18
2.3801152101083e-19
5.47426498324909e-20
1.25908094614729e-20
2.89588617613877e-21
6.66053820511916e-22
1.53192378717741e-22
3.52342471050804e-23
8.10387683416848e-24
1.86389167185875e-24
4.28695084527513e-25
9.85998694413279e-26
2.26779699715054e-26
5.21593309344625e-27
0.77
0.1771
0.810733
0.18646859
0.0428877757
0.009864188411
0.00226876333453
0.0005218155669419
0.000120017580396637
2.76040434912265e-05
6.34893000298209e-06
1.46025390068588e-06
3.35858397157753e-07
7.72474313462831e-08
1.77669092096451e-08
4.08638911821838e-09
9.39869497190226e-10
2.16169984353752e-10
4.9719096401363e-11
1.14353921723135e-11
2.6301401996321e-12
6.04932245915383e-13
1.39134416560538e-13
3.20009158089238e-14
7.36021063605246e-15
1.69284844629207e-15
3.89355142647175e-16
8.95516828088503e-17
2.05968870460356e-17
4.73728402058818e-18
1.08957532473528e-18
2.50602324689115e-19
5.76385346784964e-20
1.32568629760542e-20
3.04907848449246e-21
7.01288051433265e-22
1.61296251829651e-22
3.70981379208197e-23
8.53257172178854e-24
1.96249149601136e-24
4.51373044082614e-25
1.03815800139001e-25
2.38776340319703e-26
5.49185582735316e-27
1.26312684029123e-27
2.90519173266982e-28
6.68194098514059e-29
1.53684642658233e-29
3.53474678113937e-30
8.12991759662055e-31
1.86988104722273e-31
4.30072640861227e-32
9.89167073980822e-33
2.27508427015589e-33
5.23269382135855e-34
1.20351957891247e-34
2.76809503149867e-35
6.36661857244694e-36
1.4643222716628e-36
1.54
0.3542
0.081466
0.01873718
0.7743095514
0.178091196822
0.04096097526906
0.0094210243118838
0.00216683559173327
0.000498372186098653
0.770114625602803
0.177126363888645
0.0407390636943883
0.0093699846497093
0.772155096469433
0.17759567218797
0.040847004603233
0.00939481105874359
0.772160806543511
0.177596985505008
0.0408473066661517
0.0093948805332149
0.00216082252263943
0.000496989180207068
0.770114307511448
0.177126290727633
0.0407390468673556
0.779369980779492
0.179255095579283
0.0412286719832351
0.00948259455614407
0.00218099674791314
0.000501629252020021
0.000115374727964605
2.65361874318591e-05
6.1033231093276e-06
1.40376431514535e-06
3.2286579248343e-07
7.42591322711889e-08
0.7700000170796
0.177100003928308
0.0407330009035109
0.0093685902078075
0.00215477574779572
0.000495598421993016
0.000113987637058394
2.62171565234306e-05
6.02994600038903e-06
1.38688758008948e-06
3.1898414342058e-07
7.33663529867333e-08
1.68742611869487e-08
3.88108007299819e-09
8.92648416789584e-10
2.05309135861604e-10
4.7221101248169e-11
0.770000000010861
0.177100000002498
0.0407330000005745
0.00936859000013214
0.00215477570003039
0.00049559841100699
0.000113987634531608
2.62171559422698e-05
6.02994586672205e-06
0.770001386887549
0.947100318984136
0.217833073366351
0.0501016068742608
0.01152336958108
0.0026503750036484
0.770609586250839
0.177240204837693
0.0407652471126694
0.00937600683591396
0.00215648157226021
0.000495990761619848
0.770114077875173
0.17712623791129
0.0407390347195966
0.00936997798550722
0.00215509493666666
0.000495671835433332
0.000114004522149666
2.62210400944233e-05
6.03083922171735e-06
0.770001387093021
0.177100319031395
0.0407330733772208
0.00936860687676078
0.00215477958165498
0.000495599303780645
0.000113987839869548
1.54002621720317
0.354206029956729
0.0814673868900477
0.018737498984711
0.00430962476648352
0.00099121369629121
0.000227979150146978
5.2435204533805e-05
1.20600970427751e-05
0.77000277382232
0.177100637979134
0.0407331467352007
0.00936862374909616
0.00215478346229212
0.770495600196327
0.177213988045155
0.0407592172503857
0.00937461996758871
0.0021561625925454
0.000495917396285443
0.000114061001145652
2.62340302634999e-05
6.03382696060498e-06
1.38778020093915e-06
0.770000319189446
0.177100073413573
0.0407330168851217
0.00936859388357799
0.00215477659322294
0.000495598616441276
0.000113987681781493
2.62171668097435e-05
6.029948366241e-06
1.38688812423543e-06
3.18984268574149e-07
7.33663817720542e-08
1.68742678075725e-08
0.770000003881082
0.947100000892649
0.987833000205309
0.227201590047221
0.0522563657108609
0.012018964113498
0.00276436174610454
0.000635803201604044
0.00014623473636893
3.36339893648539e-05
7.7358175539164e-06
1.77923803740077e-06
0.770000409224749
0.177100094121692
0.0407330216479892
0.00936859497903752
0.00215477684517863
0.000495598674391084
0.000113987695109949
2.62171698752884e-05
6.02994907131632e-06
1.38688828640275e-06
3.18984305872633e-07
7.33663903507057e-08
1.68742697806623e-08
3.88108204955233e-09
8.92648871397036e-10
2.05309240421318e-10
4.72211252969032e-11
0.770000000010861
0.177100000002498
0.0407330000005745
0.00936859000013214
0.00215477570003039
0.00049559841100699
0.000113987634531608
2.62171559422698e-05
6.02994586672205e-06
1.38688754934607e-06
3.18984136349596e-07
7.33663513604072e-08
1.68742608128936e-08
3.88107998696554e-09
8.92648397002074e-10
2.05309131310477e-10
4.72211002014097e-11
1.08608530463242e-11
0.770000000002498
0.177100000000575
0.0407330000001321
0.00936859000003039
0.00215477570000699
0.000495598411001608
0.00011398763453037
2.6217155941985e-05
6.02994586665656e-06
1.38688754933101e-06
3.18984136346132e-07
7.33663513596103e-08
1.68742608127104e-08
0.77000000388108
0.177100000892648
0.0407330002053091
0.0093685900472211
0.00215477571086085
0.000495598413497996
0.000113987635104539
2.6217156074044e-05
6.02994589703012e-06
1.38688755631693e-06
3.18984137952893e-07
7.33663517291654e-08
1.6874260897708e-08
3.88108000647285e-09
8.92648401488755e-10
2.05309132342414e-10
4.72211004387551e-11
1.08608531009137e-11
2.49799621321015e-12
5.74539129038334e-13
1.32143999678817e-13
3.03931199261278e-14
6.9904175830094e-15
1.60779604409216e-15
3.69793090141197e-16
0.77
0.1771
0.040733
0.00936859
0.0021547757
0.000495598411
0.00011398763453
2.62171559419e-05
6.029945866637e-06
1.38688754932651e-06
3.18984136345097e-07
7.33663513593723e-08
1.68742608126556e-08
3.88107998691079e-09
8.92648396989483e-10
2.05309131307581e-10
4.72211002007436e-11
1.0860853046171e-11
2.49799620061934e-12
5.74539126142447e-13
1.32143999012763e-13
3.03931197729355e-14
6.99041754777516e-15
1.60779603598829e-15
3.69793088277306e-16
8.50524103037803e-17
1.95620543698695e-17
4.49927250506998e-18
1.03483267616609e-18
2.38011515518202e-19
5.47426485691864e-20
1.25908091709129e-20
2.89588610930996e-21
6.66053805141291e-22
1.53192375182497e-22
3.52342462919743e-23
0.77
0.1771
0.040733
0.00936859
0.0021547757
0.000495598411
0.00011398763453
2.62171559419e-05
6.029945866637e-06
1.38688754932651e-06
3.18984136345097e-07
7.33663513593723e-08
1.68742608126556e-08
3.88107998691079e-09
8.92648396989483e-10
2.05309131307581e-10
4.72211002007436e-11
0.770000000010861
0.947100000002498
0.217833000000575
0.0501015900001321
0.0115233657000304
0.00265037411100699
0.000609586045531608
0.770140204790472
0.177132247101809
0.040740416833416
0.00937029587168567
0.00215516805048771
0.000495688651612172
0.770114008389871
0.17712622192967
0.810739031043824
0.18646997714008
0.0428880947422183
0.77986426179071
0.179368780211863
0.0412548194487286
0.00948860847320757
0.00218237994883774
0.00050194738823268
0.000115447899293516
0.770026553016838
0.177106107193873
0.0407344046545907
0.779368913070556
0.949254850006228
0.218328615501432
0.0502155815653294
0.781549583760026
0.179756404264806
0.0413439729809054
0.00950911378560823
0.00218709617068989
0.000503032119258675
0.000115697387429495
2.66103991087839e-05
0.770006120391795
0.177101407690113
0.040733323768726
0.779368664466807
0.179254792827366
0.0412286023502941
2.31948257854057
0.53348099306433
0.122700628404796
0.0282211445331031
0.00649086324261371
0.00149289854580115
0.770343366665534
0.177178974333073
0.0407511640966068
0.00937276774221955
0.0021557365807105
0.770495819413563
0.17721403846512
0.810759228846977
1.7264746226348
1.937089163206
0.445530507537381
0.102472016733598
0.0235685638487275
0.00542076968520732
0.00124677702759768
0.770286758716347
0.17716595450476
0.0407481695360948
0.0093720789933018
0.00215557816845941
0.770495782978746
0.177214030085111
0.810759226919576
0.956474622191502
0.219989163104046
0.0505975075139305
0.011637426728204
0.00267660814748692
0.000615619873921992
0.000141592571002058
3.25662913304734e-05
7.49024700600887e-06
1.72275681138204e-06
3.96234066617869e-07
9.113383532211e-08
0.770000020960782
0.17710000482098
0.0407330011088254
0.00936859025502983
0.00215477575865686
0.000495598424491078
0.000113987637632948
2.6217156655578e-05
0.770006029946031
0.177101386887587
0.040733318984145
0.779368663366353
0.179254792574261
0.0412286022920801
0.00948257852717842
0.00218099306125104
0.000501628404087738
0.00011537453294018
2.65361425762414e-05
6.10331279253551e-06
1.40376194228317e-06
0.770000322865247
0.947100074259007
0.217833017079572
0.0501015939283014
0.0115233666035093
0.00265037431880715
0.770609586093326
0.177240204801465
0.0407652471043369
0.00937600683399749
0.772156481571819
0.177595990761518
0.0408470778751492
0.779394827911284
0.179260810419595
0.0412299863965069
0.00948289687119659
0.00218106628037522
0.770501645244486
0.177215378406232
0.0407595370334333
0.77937469351769
0.179256179509069
0.811228921287086
0.18658265189603
0.0429140099360868
0.00987022228529997
0.00227015112561899
0.000522134758892368
0.000120090994545245
2.76209287454063e-05
6.35281361144344e-06
1.46114713063199e-06
3.36063840045358e-07
7.72946832104324e-08
0.770000017777777
0.177100004088889
0.0407330009404444
0.00936859021630221
0.00215477574974951
0.770495598422442
0.177213987637162
0.0407592171565472
0.00937461994600585
0.00215616258758135
0.00049591739514371
0.000114061000883053
2.62340302031022e-05
6.03382694671351e-06
1.38778019774411e-06
3.19189445481145e-07
7.34135724606633e-08
0.770000016885122
0.177100003883578
0.0407330008932229
0.00936859020544127
0.00215477574725149
0.000495598421867843
0.000113987637029604
2.62171565168089e-05
6.02994599886605e-06
1.38688757973919e-06
3.18984143340014e-07
0.770000073366353
0.947100016874261
0.21783300388108
0.0501015908926484
0.0115233659053091
0.772650374158221
0.177709586056391
0.0408732047929699
0.00940083710238307
0.00216219253354811
0.000497304282716064
0.000114379985024695
2.63073965556798e-05
6.05070120780636e-06
1.39166127779546e-06
3.20082093892956e-07
0.770000073618882
0.177100016932343
0.810733003894439
0.956468590895721
0.989987775906016
0.997697188458384
0.999470353345428
0.999878181269448
0.229971981691973
0.822893555789154
0.189265517831505
0.0435310691012462
0.0100121458932866
0.00230279355545593
1.54052964251775
1.12432181777908
0.258594018089189
0.0594766241605135
0.0136796235569181
0.00314631341809116
0.000723652086160968
0.000166439979817023
0.770038281195358
0.177108804674932
0.0407350250752344
0.00936905576730392
0.0021548828264799
0.77049562305009
0.177213993301521
0.0407592184593498
0.00937462024565045
0.0021561626564996
0.000495917410994909
0.000114061004528829
2.62340310416307e-05
6.03382713957505e-06
0.770001387780242
0.177100319189456
0.0407330734135748
0.0093686068851222
0.772154779583578
0.177595599304223
0.810846987839971
0.956494807203193
0.219993805656734
0.0505985753010489
0.0116376723192413
0.00267666463342549
0.000615632865687862
0.770141595559108
0.177132566978595
0.0407404904050768
0.00937031279316767
0.00215517194242856
0.00049568954675857
0.000114008595754471
2.62219770235283e-05
6.03105471541151e-06
1.38714258454465e-06
3.19042794445269e-07
7.33798427224119e-08
0.770000016877364
0.177100003881794
0.0407330008928125
0.00936859020534688
0.00215477574722978
0.00049559842186285
0.000113987637028456
2.62171565165448e-05
6.0299459988053e-06
1.38688757972522e-06
3.189841433368e-07
7.3366352967464e-08
1.68742611825167e-08
0.77000000388108
0.947100000892648
0.217833000205309
0.820101590047221
0.188623365710861
1.5833833741135
1.1341781760461
1.0308609804906
3.31709802551284
3.07293254586795
1.47677448554963
0.339658131676415
1.61812137028558
1.14216791516568
1.03269862048811
1.77752068271226
0.408829757023821
0.864030844115479
1.73872709414656
1.16990723165371
2.57907866328035
2.90318809255448
1.43773326128753
0.330678650096132
2.38605608952211
0.548792900590085
2.43622236713572
2.10033114444122
0.48307616322148
0.88110751754094
1.74265472903442
1.94081058767792
1.21638643516592
1.04976888008816
1.78144684242028
2.71973277375666
1.39553853796403
2.63097386373173
1.3751239886583
2.62627851739141
0.604044059000024
1.67893013357001
1.1561539307211
2.57591540406585
2.13246054293515
1.26046592487508
2.59990716272127
3.67797864742589
3.15593508890796
5.34586507044883
2.76954896620323
0.636996262226743
0.916509140312151
1.75079710227179
3.48268333352251
2.34101716671018
1.30843394834334
1.07093980811897
2.55631615586736
2.89795271584949
2.97652912464538
0.684601698668438
4.77745839069374
1.86881542985956
0.429827548867699
1.63886033623957
2.6869378773351
3.69799571178707
3.93053901371103
4.75402397315354
4.94342551382531
4.98698786817982
3.45700720968136
3.10511165822671
0.714175681392144
2.47426040672019
5.18907989354564
1.1934883755155
1.04450232636856
1.78023553506477
1.1794541730649
0.271274459804926
1.60239312575513
1.90855041892368
4.28896659635245
1.75646231716106
1.94398633294704
2.75711685657782
1.4041368770129
1.09295148171297
4.87137884079398
3.43041713338262
3.868995940678
2.42986906635594
2.09886988526187
2.79274007361023
0.642330216930353
1.68773594989398
1.92817926847562
1.98348123174939
0.45620068330236
1.64492615715954
3.45833301614669
2.33541659371374
2.84714581655416
2.96484353780746
6.07191401369572
2.93654022315001
3.7554042513245
3.17374297780464
3.80996088489507
2.41629100352587
2.09574693081095
2.02202179408652
0.465065012639899
1.64696495290718
3.45880193916865
4.64552444600879
4.14847062258202
2.49414824319387
5.19365409593459
1.96454044206496
3.53184430167494
1.58232418938524
1.9039345635586
3.51790494961848
5.42911813841225
2.01869717183482
3.54430034952201
1.58518908039006
0.364593488489714
0.0838565023526343
1.55928699554111
1.89863600897445
1.97668628206412
1.22463784487475
4.13166670432119
5.57028334199387
5.13116516865859
1.18016798879148
4.12143863742204
3.25793088660707
1.51932410391963
0.349444543901514
0.850372245097348
0.19558561637239
1.58498469176565
4.9845464791061
1.9164456901944
2.75078250874471
2.94267997701128
2.2168163947126
3.5898677707839
1.5956695872803
1.90700400507447
0.438610921167128
1.64088051186844
1.14740251772974
1.80390257907784
4.2648975931879
2.52092644643322
2.11981308267964
2.79755700901632
1.41343811207375
2.63509076577696
2.9160708761287
5.2906963015096
2.75686014934721
2.17407783434986
1.27003790190047
3.37210871743711
1.54558500501053
1.89548455115242
1.20596144676506
2.58737113275596
4.44509536053387
3.33237193292279
0.766445544572242
0.946282475251616
0.987644969307872
1.76715834294081
1.94644641887639
2.75768267634157
0.634267015558561
1.68588141357847
1.15775272512305
0.266283126778301
0.0612451191590092
1.55408637740657
1.12743986680351
2.56931116936481
2.13094156895391
2.0301165608594
0.466926808997662
0.877393166069462
0.201800428195976
0.0464140984850745
0.0106752426515671
2.31245530580986
0.531864720336268
0.892328885677342
1.74523564370579
0.401404198052331
2.40232296555204
0.552534282076968
0.127082884877703
1.56922906352187
0.36092268461003
0.853012217460307
0.966192810015871
0.99222434630365
0.99821159964984
1.76958866791946
0.407005393621476
0.86361124053294
0.198630585322576
0.0456850346241925
0.0105075579635643
0.00241673833161978
0.00055584981627255
0.770127845457743
0.947129404455281
0.217839763024715
0.0501031454956843
0.0115237234640074
0.0026504563967217
0.000609604971245991
0.770140209143387
0.177132248102979
0.810740417063685
0.186470295924648
1.58288816806267
0.364064278654414
0.0837347840905152
0.0192590003408185
0.00442957007838825
0.0010188011180293
0.000234324257146738
5.38945791437498e-05
1.23957532030625e-05
2.85102323670437e-06
6.55735344442004e-07
1.50819129221661e-07
3.4688399720982e-08
7.97833193582586e-09
1.83501634523995e-09
4.22053759405188e-10
9.70723646631932e-11
2.23266438725344e-11
5.13512809068292e-12
1.18107946085707e-12
2.71648275997127e-13
6.24791034793391e-14
1.4370193800248e-14
3.30514457405704e-15
7.60183252033119e-16
1.74842147967617e-16
4.0213694032552e-17
9.24914962748695e-18
2.127304414322e-18
4.8928001529406e-19
1.12534403517634e-19
2.58829128090558e-20
5.95306994608282e-21
1.36920608759905e-21
3.14917400147781e-22
0.77
0.1771
0.040733
0.00936859
0.0021547757
0.770495598411
0.17721398763453
0.0407592171559419
0.00937461994586664
0.00215616258754933
0.000495917395136345
0.000114061000881359
2.62340302027126e-05
6.03382694662391e-06
1.3877801977235e-06
3.19189445476405e-07
7.34135724595731e-08
1.68851216657018e-08
0.770000003883578
0.177100000893223
0.810733000205441
0.956468590047251
0.219987775710868
0.0505971884134996
0.0116373533351049
0.772676591267074
0.947715615991427
0.987974591678028
0.997234156085947
0.229363855899768
1.59275368685695
1.9063333479771
0.438456670034732
0.100845034107988
1.56319435784484
1.89953470230431
0.436892981529992
0.870485385751898
0.200211638722937
0.816048676906275
0.187691195688443
0.813168975008342
2.49702886425192
2.11431663877794
1.25629282691893
4.13894735019135
0.951957890544011
0.218950314825123
0.0503585724097782
0.781582471654249
0.179763968480477
0.0413457127505098
0.00950951393261724
1.5421871882045
1.89470305328704
3.51578170225602
0.808629791518884
1.72598485204934
1.93697651597135
0.44550459867341
0.872466057694884
0.970667193269823
2.53325345445206
2.12264829452397
4.33820910774051
1.76778809478032
2.71659126179947
1.39481599021388
1.09080767774919
3.33088576588231
1.53610372615293
1.12330385701517
3.33835988711349
1.5378227740361
2.6636992380283
0.61265082474651
0.910909689691697
1.74950922862909
1.17238712258469
2.57964903819448
0.59331927878473
1.67646343412049
1.92558658984771
1.98288491566497
2.76606353060294
1.40619461203868
1.0934247607689
1.02148769497685
1.00494216984467
2.54113669906428
2.89446144078478
2.2057261313805
0.507317010217515
3.19668291235003
1.50523706984051
1.11620452606332
0.256727040994563
0.0590472194287494
2.32358086046861
1.30442359790778
0.30001742751879
1.60900400832932
4.22007092191574
1.74061631204062
5.02034175176934
3.46467860290695
2.3368760786686
1.30748149809378
2.61072074456157
3.68046577124916
5.46650712738731
2.02729663929908
1.23627822703879
1.82434399221892
2.72959911821035
0.627807797188381
3.22439579335333
2.28161103247127
2.83477053746839
1.42199722361773
1.09705936143208
4.87232365312938
2.66063444021976
0.611945921250544
0.910747561887625
0.979471939234154
0.995278546023855
0.998914065585487
2.53975023508466
2.12414255406947
1.25855278743598
1.05946714111028
1.78367744245536
0.410245811764734
1.63435653670589
2.68590200344235
2.15775746079174
2.0362842159821
1.23834536967588
1.05481943502545
1.78260847005585
1.17999994811285
0.271399988065955
0.83242199725517
0.191457059368689
2.3540351236548
2.0814280784406
0.478728458041339
1.65010754534951
1.14952473543039
2.57439068914899
1.36210985850427
0.313285267455982
0.842055611514876
1.73367279064842
0.398744741849137
0.861711290625301
0.198193596843819
0.0455845272740784
0.780484441273038
0.179511421492799
0.811287626943344
0.956596154196969
1.7600171154653
4.25480393655702
0.978604905408114
0.225079128243866
1.59176819949609
0.366106685884101
1.62420453775334
1.14356704368327
2.57302042004715
1.36179469661084
1.85321278022049
1.96623893945071
3.53223495607366
1.58241403989694
3.4439552291763
3.87210970271055
2.43058523162343
4.40903460327339
4.86407795875288
2.65873793051316
1.38150972401803
1.85774723652415
1.19728186440055
4.12537482881213
4.02883621062679
2.46663232844416
1.33732543554216
3.3875848501747
2.31914451554018
1.30340323857424
1.06978274487208
1.01605003132058
2.54369150720373
4.43504904665686
1.79006128073108
2.72171409456815
1.39599424175067
3.40107867560266
1.55224809538861
0.35701706193938
0.852113924246057
4.04598620257659
4.78057682659262
2.6395326701163
1.37709251412675
1.08673127824915
1.0199481939973
2.54458808461938
1.35525525946246
0.311708709676365
1.61169300322556
0.37068939074188
0.0852585598706323
1.55960946877025
1.89871017781716
0.436703340897946
0.870441768406528
0.200201606733501
0.0460463695487053
0.0105906649962022
0.00243585294912651
0.000560246178299097
0.000128856621008792
0.770029637022832
1.71710681651525
0.394934567798508
0.860834950593657
0.967992038636541
0.992638168886404
0.228306778843873
1.59251055913409
0.366277428600841
0.0842438085781934
0.0193760759729845
0.774456497473786
0.948124994418971
0.218068748716363
0.0501558122047635
0.0115358368070956
0.00265324246563199
0.000610245767095358
0.000140356526431932
3.22820010793444e-05
7.42486024824922e-06
1.70771785709732e-06
3.92775107132384e-07
9.03382746404482e-08
2.07778031673031e-08
0.770000004778895
0.177100001099146
0.0407330002528035
0.00936859005814481
0.00215477571337331
0.770495598414076
0.177213987635237
0.0407592171561046
0.00937461994590406
0.00215616258755793
0.000495917395138325
0.000114061000881815
2.62340302028174e-05
6.03382694664799e-06
1.38778019772904e-06
3.19189445477679e-07
7.34135724598661e-08
1.68851216657692e-08
3.88357798312692e-09
8.93222936119191e-10
2.05441275307414e-10
4.72514933207052e-11
1.08678434637622e-11
2.4996039966653e-12
5.7490891923302e-13
1.32229051423595e-13
0.77000000000003
0.177100000000007
0.0407330000000016
0.00936859000000037
0.00215477570000008
0.000495598411000019
0.000113987634530004
2.6217155941901e-05
6.02994586663723e-06
1.38688754932656e-06
3.1898413634511e-07
7.33663513593752e-08
1.68742608126563e-08
3.88107998691095e-09
8.92648396989518e-10
0.770000000205309
0.177100000047221
0.810733000010861
0.956468590002498
0.989987775700575
0.227697188411132
0.0523703533345604
0.0120451812669489
0.00277039169139824
0.000637190089021596
0.000146553720474967
3.37073557092424e-05
7.75269181312576e-06
1.78311911701892e-06
3.0800004101174
0.708400094327001
0.93293202169521
0.214574364989898
0.0493521039476766
0.0113509839079656
0.00261072629883209
0.000600467048731381
0.770138107421208
0.177131764706878
0.0407403058825819
0.00937027035299384
0.00215516218118858
0.770495687301673
0.177214008079385
1.58075922185826
3.4435746210274
1.5620221628363
1.12926509745235
1.02973097241404
0.236838123655229
0.0544727684407027
0.782528736741362
0.179981609450513
0.811395770173618
2.49662102713993
0.574222836242184
2.4420712523357
2.87167638803721
2.20048556924856
1.27611168092717
1.06350568661325
1.01460630792105
0.233359450821841
0.0536726736890234
0.0123447149484754
0.00283928443814934
0.000653035420774347
1.54015019814678
1.89423454557376
0.435673945481965
0.870205007460852
2.510147151716
2.11733384489468
2.02698678432578
1.23620696039493
1.82432760089083
1.18959534820489
1.81360693008713
1.18712959392004
1.81303980660161
1.18699915551837
0.273009805769225
0.0627922553269218
0.784442218725192
0.950421710306794
1.75859699337056
0.404477308475229
0.863029780949303
3.27849684961834
2.29405427541222
3.60763248334481
1.59975547116931
1.13794375836894
1.80172706442486
2.72439722481772
0.626611361708075
4.76412061319286
1.86574774103436
1.9691219804379
0.452898055500717
3.18416655276517
2.27235830713599
2.83264241064128
2.19150775444749
2.81404678352292
2.18723076021027
2.81306307484836
2.18700450721512
0.503011036659478
0.11569253843168
0.796609283839286
0.183220135283036
1.5821406311151
0.363892345156473
3.16369523938599
3.03764990505878
1.46865947816352
1.10779167997761
1.02479208639485
0.235702179870816
0.824211501370288
0.189568645315166
1.58360078842249
1.90422818133717
3.51797248170755
0.809133670792736
1.72610074428233
0.397003171184936
0.861310729372535
2.50810146775568
2.88686333758381
0.663978567644276
1.69271507055818
1.92932446622838
1.98374462723253
1.22626126426348
0.282040090780601
0.834869220879538
0.192019920802294
2.35416458178453
0.541457853810441
0.894535306376402
3.28574312046657
3.83572091770731
2.42221581107268
2.09710963654672
2.02233521640574
0.465137099773321
1.64698153294786
0.378805752578009
0.857125323092942
1.73713882431138
0.399541929591617
2.40189464380607
0.552435768075397
1.66706022665734
1.15342385213119
0.265287485990173
3.91101612177774
2.43953370800888
2.87109275284204
1.43035133315367
4.94898080662534
1.90826558552383
1.97890108467048
0.455147249474211
1.64468386737907
2.68827728949719
2.15830377658435
1.2664098686144
1.06127426978131
2.5540930820497
2.89744140887143
4.51641152404043
3.3487746505293
3.08021816962174
3.018450179013
1.46424354117299
1.10677601446979
0.254558483328051
0.828548451165452
1.73056614376805
1.93803021306665
2.75574694900533
2.17382179827123
2.80997901360238
0.646295173128548
4.76864788981957
1.8667890146585
0.429361473371455
0.868753138875435
0.96981322194135
0.22305704104651
0.0513031194406974
3.86179971747136
2.42821393501841
0.558489205054235
3.97845251716247
1.68504407894737
1.15756013815789
1.80623883177632
1.18543493130855
3.35265003420097
3.85110950786622
2.42575518680923
1.32792369296612
1.84542244938221
2.73444716335791
0.628922847572319
0.914652254941633
0.210370018636576
2.35838510428641
1.31242857398587
1.07185857201675
1.01652747156385
1.00380131845969
1.00087430324573
0.230201089746517
1.5929462506417
1.13637763764759
1.80136685665895
1.95431437703156
1.21949230671726
0.280483230544969
0.834511143025343
1.73193756289583
1.16834563946604
0.268719497077189
0.0618054843277535
0.784215261395383
0.950369510120938
0.988584987327816
0.997374547085398
0.999396145829641
0.229861113540818
0.052868056114388
1.55215965290631
0.356996720168451
0.852109245638744
0.965985126496911
0.22217657909429
0.0511006131916866
1.55175314103409
0.35690322243784
0.0820877411607032
0.788880180466962
0.181442441507401
0.0417317615467023
0.779598305155742
0.949307610185821
0.988340750342739
0.22731837257883
0.0522832256931309
0.0120251419094201
0.00276578263916662
0.000636130007008323
0.000146309901611914
3.36512773707403e-05
0.770007739793795
0.947101780152573
0.217833409435092
0.0501016841700711
0.0115233873591164
0.00265037909259676
0.000609587191297255
0.000140205053998369
1.54003224716242
1.12420741684736
0.258567705874892
0.0594705723512252
0.0136782316407818
0.00314599327737981
0.000723578453797356
0.000166423044373392
0.770038277300206
0.177108803779047
0.0407350248691809
0.0093690557199116
0.00215488281557967
0.000495623047583324
0.000113993300944164
2.62184592171578e-05
6.0302456199463e-06
1.38695649258765e-06
3.18999993295159e-07
7.33699984578866e-08
1.68750996453139e-08
3.8812729184222e-09
8.92692771237106e-10
2.05319337384534e-10
4.72234475984429e-11
0.770000000010861
0.177100000002498
0.0407330000005746
0.00936859000013215
0.00215477570003039
0.000495598411006991
0.000113987634531608
2.62171559422698e-05
6.02994586672205e-06
1.38688754934607e-06
3.18984136349597e-07
7.33663513604072e-08
0.770000016874261
0.17710000388108
0.0407330008926484
0.00936859020530913
0.0021547757472211
0.000495598421860853
0.000113987637027996
2.62171565164391e-05
0.770006029945999
0.17710138688758
0.0407333189841433
0.00936866336635296
0.772154792574261
0.94759560229208
0.217946988527178
0.050127807361251
0.0115293956930877
0.00265176100941018
0.000609905032164341
0.770140278157398
0.177132263976201
0.0407404207145263
0.00937029676434106
0.00215516825579844
0.000495688698833642
0.770114008400732
0.947126221932168
0.987839031044399
0.227202977140212
0.0522566847422487
1.55201903749072
1.12696437862286
0.259201807083259
0.82961641562915
1.7308117755947
1.93808670838678
0.44575994292896
0.872524786873661
0.970680700980942
0.223256561225617
0.0513490090818918
0.0118102720888351
1.54271636258043
4.9748247633935
2.6842096955805
0.617368229983516
0.141994692896209
0.032658779366128
0.777511519254209
0.178827649428468
4.66113035936855
4.15205998265477
4.0349737960106
3.23804397308244
1.51475011380896
2.65839252617606
1.38143028102049
0.317728964634714
0.0730776618659841
3.09680786222918
1.48226580831271
1.88092113591192
2.74261186125974
0.630800728089741
0.14508416746064
0.803369358515947
0.954774952458668
2.52959823906549
2.89180759498506
2.20511574684656
2.04717662177471
2.78085062300818
2.17959564329188
1.27130699795713
2.60240060953014
1.36855214019193
0.314766992244144
2.38239640821615
4.39795117388972
1.01152876999463
1.77265161709877
2.71770987193272
2.93507327054452
4.52506685222524
2.58076537601181
2.13357603648272
4.34072248839102
4.07836617232994
1.70802421963589
3.47284557051625
2.33875448121874
3.61791353068031
2.37212011205647
0.545587625772988
2.43548515392779
3.64016158540339
0.83723716464278
1.73256454786784
1.9384898460096
2.75585266458221
1.40384611285391
3.4028846059564
2.32266345936997
2.07421259565509
1.24706889700067
1.05682584631015
8.71306994465134
4.31400608726981
2.53222140007206
1.35241092201657
2.62105451206381
3.68284253777468
1.61705378368818
2.68192237024828
1.3868421451571
1.08897369338613
0.250463949478811
1.59760670838013
3.44744954292743
2.33291339487331
4.38657008082086
4.0889111185888
1.71044955727542
1.16340339817335
0.26758278157987
0.0615440397633701
0.784155129145575
0.950355679703482
1.7585818063318
1.94447381545631
1.98722897755495
1.22706266483764
0.282224412912657
0.834911614969911
0.96202967144308
1.76126682443191
3.48509136961934
1.57157101501245
1.13146133345286
2.57023610669416
1.36115430453966
1.08306549004412
1.01910506271015
1.77439416442333
1.17811065781737
0.270965451297994
1.60232205379854
1.13853407237366
1.03186283664594
0.237328452428567
0.82458554405857
1.72965467513347
1.1678205752807
1.03859873231456
0.238877708432349
0.0549418729394403
0.782636630776071
0.950006425078496
3.29850147776805
1.52865533988665
0.35159072817393
1.62086586748
1.9127991495204
3.51994380438969
1.57958707500963
2.67330502725221
2.15486015626801
2.03561783594164
3.54819210226658
2.35608418352131
2.0818993622099
4.32883685330828
0.995632476260904
0.228995469540008
0.822668957994202
2.49921386033867
0.574819187877893
3.98220841321192
2.45590793503874
2.87485882505891
0.661217529763549
1.69208003184562
0.389178407324492
0.859511033684633
0.967687537747466
1.76256813368192
2.71539067074684
1.39453985427177
4.94074416648251
2.67637115829098
0.615565366406925
2.45158003427359
1.33386340788293
2.61678858381307
0.601861374277007
2.44842811608371
0.563138466699254
3.20952184734083
1.50819002488839
1.88688370572433
0.433983252316596
0.099816148032817
0.792957714047548
1.72238027423094
1.93614746307312
0.445313916506816
3.18242220079657
2.27195710618321
1.29255013442214
3.37728653091709
1.54677590211093
2.66575845748551
0.613124445221668
0.911018622400984
1.74953428315223
0.402392885125012
0.0925503635787528
1.56128658362311
1.89909591423332
0.436792060273663
0.870462173862942
0.200206299988477
0.81604744899735
0.95769091326939
1.76026891005196
1.17486184931195
1.04021822534175
1.0092501918286
0.232127544120578
0.053389335147733
0.0122795470839786
0.772824295829315
0.177749588040742
0.0408824052493708
1.54940295320736
0.356362679237692
0.851963416224669
0.965951585731674
0.992168864718285
0.228198838885206
0.0524857329435973
0.0120717185770274
0.00277649527271629
0.770638593912725
0.177246876599927
0.0407667816179831
0.00937635977213612
0.00215656274759131
0.770496009431946
1.71721408216935
0.39495923889895
0.0908406249467585
0.0208933437377544
0.00480546905968352
0.00110525788372721
0.000254209313257258
5.84681420491694e-05
1.3447672671309e-05
0.770003092964714
0.177100711381884
0.810733163617833
0.186468627632102
0.0428877843553834
0.00986419040173818
0.00226876379239978
0.00052181567225195
0.000120017604617948
2.76040490621281e-05
6.34893128428947e-06
1.46025419538658e-06
3.35858464938913e-07
7.724744693595e-08
1.77669127952685e-08
0.77000000408639
0.17710000093987
0.04073300021617
0.0093685900497191
0.772154775711435
1.71759559841363
0.395046987635135
0.090860807156081
0.0208979856458986
0.00480653669855669
0.00110550344066804
0.000254265791353649
5.84811320113392e-05
1.3450660362608e-05
3.09365188339984e-06
7.11539933181964e-07
1.63654184631852e-07
3.76404624653259e-08
8.65730636702495e-09
1.99118046441574e-09
4.5797150681562e-10
0.770000000105333
0.177100000024227
0.0407330000055721
0.00936859000128159
0.00215477570029477
0.000495598411067796
0.000113987634545593
2.62171559454864e-05
0.770006029945868
0.17710138688755
0.0407333189841364
0.779368663366351
0.179254792574261
0.04122860229208
0.00948257852717839
0.00218099306125103
0.000501628404087737
0.00011537453294018
2.65361425762413e-05
0.770006103312793
0.947101403761942
0.217833322865247
3.13010166425901
0.719923382779571
0.935582378039301
0.215183946949039
0.819492307798279
0.188483230793604
0.043351143082529
0.779970762908982
0.949393275469066
0.218360453357885
0.0502229042723136
0.781551267982632
2.48975679163601
0.572644062076281
2.44170813427754
0.561592870883835
0.899166360303282
0.976808262869755
0.994665900460044
0.99877315710581
0.229717826134336
0.0528351000108973
0.0121520730025064
0.00279497679057647
1.54064284466183
1.12434785427222
0.258600006482611
1.599478001491
1.90787994034293
0.438812386278874
0.870926848844141
1.74031317523415
1.94027203030386
2.75626256696989
2.94394039040307
1.44710628979271
2.64283444665232
1.37785192273003
0.316905942227908
1.61288836671242
1.91096432434386
0.439521794599087
2.41109001275779
1.32455070293429
1.84464666167489
1.19426873218522
1.0446818084026
2.5502768159326
2.1265636676645
3.56910964356283
0.820895218019452
0.958805900144474
0.990525357033229
0.227820832117643
0.0523987913870578
1.55205172201902
1.12697189606438
0.259203536094806
0.829616813301805
1.73081186705942
1.16808672942367
0.268659947767443
2.37179178798651
2.0855121112369
0.479667785584486
0.880323590684432
1.74247442585742
1.94076911794721
0.446376897127857
0.102666686339407
0.0236133378580637
0.775431067707355
0.178349145572692
0.811020303481719
0.186534669800795
1.58290297405418
3.44406768403246
0.792135567327466
1.72219118048532
2.70610397151162
1.39240391344767
1.86025290009296
2.73785816702138
1.39970737841492
3.40193269703543
1.55244452031815
1.89706223967317
1.20632431512483
0.277454592478711
0.833814556270103
1.73177734794212
3.47830879002669
1.57001102170614
0.361102534992412
1.62305358304825
2.6833023241011
2.15715953454325
2.80614669294495
1.41541373937734
2.63554516005679
2.91617538681306
0.670720338967004
0.924265677962411
0.982581105931355
0.225993654364212
0.821978540503769
1.72905506431587
1.16768266479265
1.80856701290231
1.18597041296753
2.58277319498253
1.36403783484598
1.85372870201458
0.426357601463352
0.0980622483365711
0.0225543171174113
1.545187492937
1.89539312337551
0.435940418376367
0.870266296226564
0.97016124813211
0.993137087070385
0.998421530026189
1.76963695190602
1.17701649893839
0.270713794755829
0.832264172793841
0.961420759742583
0.991126774740794
0.997959158190383
0.999530606383788
0.999892039468271
0.999975169077702
0.999994288887872
0.22999868644421
0.822899697882168
0.959266930512899
0.990631394017967
2.53784522062413
1.35370440074355
1.08135201217102
1.01871096279933
0.234303521443847
0.823889809932085
0.959494656284379
0.990683770945407
1.76785726731744
0.406607171483012
0.863519649441093
0.968609519371451
0.222780189455434
0.0512394435747498
1.55178507202219
1.1269105665651
1.79918943030997
1.95381356897129
1.2193771208634
1.05045673779858
0.241605049693674
0.0555691614295449
0.0127809071287953
0.772939608639623
3.25777610998711
3.05928850529704
0.703636356218318
0.161836361930213
1.57722236324395
0.362761143546108
0.0834350630156049
0.0191900644935891
0.0044137148335255
1.54101515441171
1.12443348551469
0.258619701668379
0.0594825313837273
0.783680982218257
0.950246625910199
0.988556723959346
2.53736804651065
1.35359465069745
0.311326769660413
0.0716051570218951
0.0164691861150359
0.00378791280645825
0.000871219945485397
0.000200380587461641
4.60875351161775e-05
1.06001330767208e-05
0.770002438030608
0.17710056074704
0.0407331289718191
1.54936861966352
1.12635478252261
1.0290615999802
0.236684167995446
0.0544373586389526
0.0125205924869591
0.00287973627200059
0.000662339342560136
0.000152338048788831
3.50377512214312e-05
8.05868278092917e-06
1.85349703961371e-06
4.26304319111153e-07
9.80499933955652e-08
2.255149848098e-08
0.770000005186845
