0
0
0.333333333333333
0.193333333333333
0.532133333333333
0.728637333333333
0.422609653333333
0.245113598933333
0.142165887381333
0.0824562146811733
0.0478246045150805
0.0277382706187467
0.436088196958873
0.252931154236146
0.146700069456965
0.0850860402850396
0.049349903365323
0.0286229439518873
0.0166013074920946
0.0096287583454149
0.00558467984034064
0.00323911430739757
0.00187868629829059
0.00108963805300854
0.000631990070744955
0.000366554241032074
0.000212601459798603
0.00012330884668319
7.15191310762499e-05
4.14810960242249e-05
2.40590356940505e-05
1.39542407025493e-05
8.09345960747858e-06
0.420004694206572
0.243602722639812
0.141289579131091
0.0819479558960327
0.047529814419699
0.0275672923634254
0.0159890295707867
0.00927363715105631
0.00537870954761266
0.00311965153761534
0.0018093978918169
0.0010494507772538
0.000608681450807204
0.000353035241468178
0.000204760440051544
0.000118761055229895
6.88814120333392e-05
3.99512189793367e-05
2.31717070080153e-05
1.34395900646489e-05
7.79496223749635e-06
4.52107809774788e-06
2.62222529669377e-06
1.52089067208239e-06
8.82116589807785e-07
5.11627622088515e-07
2.96744020811339e-07
1.72111532070576e-07
9.98246886009343e-08
5.78983193885419e-08
3.35810252453543e-08
1.94769946423055e-08
1.12966568925372e-08
6.55206099767157e-09
0.420000003800195
0.243600002204113
0.141288001278386
0.0819470407414637
0.047529283630049
0.0275669845054284
0.0159888510131485
0.00927353358762611
0.00537864948082314
0.00311961669887742
0.00180937768534891
0.00104943905750236
0.000608674653351372
0.000353031298943796
0.000204758153387401
0.000118759728964693
6.88806427995218e-05
3.99507728237226e-05
2.31714482377591e-05
1.34394399779003e-05
7.79487518718217e-06
4.52102760856566e-06
2.62219601296808e-06
1.52087368752149e-06
8.82106738762463e-07
5.11621908482228e-07
0.420000296740707
0.24360017210961
0.141288099823574
0.0819470978976728
0.46752931678065
0.271167003732777
0.157276862165011
0.511220580055706
0.29650793643231
0.17197460313074
0.0997452698158289
0.0578522564931808
0.0335543087660449
0.019461499084306
0.0112876694688975
0.00654684829196054
0.00379717200933711
0.00220235976541553
0.001277368663941
0.000740873825085783
0.42042970681855
0.663849229954759
0.38503255337376
0.223318880956781
0.129524950954933
0.0751244715538611
0.0435721935012394
0.445271872230719
0.258257685893817
0.149789457818414
0.08687788553468
0.0503891736101144
0.0292257206938663
0.0169509180024425
0.429831532441417
0.669302288816022
0.388195327513293
0.22515328995771
0.130588908175472
0.0757415667417735
0.0439301087102286
0.0254794630519326
0.0147780885701209
0.00857129137067013
0.00497134899498867
0.00288338241709343
0.00167236180191419
0.00096996984511023
0.420562582510164
0.243926297855895
0.141477252756419
0.0820568065987231
0.0475929478272594
0.44760390973981
0.25961026764909
0.150573955236472
0.0873328940371539
0.0506530785415493
0.449378785554099
0.260639695621377
0.571171023460399
0.331279193607031
0.612141932292078
0.355042320729405
0.205924546023055
0.119436236693372
0.0692730172821557
0.0401783500236503
0.0233034430137172
0.013515996947956
0.00783927822981446
0.424546781373292
1.08623713319651
0.630017537253976
0.785410171607306
1.29553789953224
0.751411981728698
0.435818949402645
0.252774990653534
0.56660949457905
0.328633506855849
0.610607433976392
0.354152311706308
0.205408340789658
0.539136837658002
0.312699365841641
0.181365632188152
0.105192066669128
0.0610113986680943
0.0353866112274947
0.0205242345119469
0.0119040560169292
0.00690435248981894
0.00400452444409498
0.00232262417757509
0.00134712202299355
0.00078133077333626
0.000453171848535031
0.000262839672150318
0.000152447009847184
0.420088419265711
0.243651283174113
0.141317744240985
0.0819642916597715
0.467539289162667
0.271172787714347
0.157280216874321
0.0912225257871064
0.0529090649565217
0.450687257674783
0.261398609451374
0.151611193481797
0.0879344922194422
0.0510020054872765
0.0295811631826203
0.0171570746459198
0.00995110329463348
0.00577163991088742
0.0033475511483147
0.00194157966602253
0.421126116206293
0.24425314739965
0.141666825491797
0.0821667587852423
0.0476567200954405
0.0276408976553555
0.0160317206401062
0.00929839797126158
0.00539307082333172
0.0031279810775324
0.00181422902496879
0.0010522528344819
0.000610306643999501
0.00035397785351971
0.000205307155041432
0.000119078149924031
6.90653269559377e-05
4.00578896344439e-05
0.420023233575988
0.243613475474073
0.141295815774962
0.0819515731494782
0.0475319124266973
0.447568509207484
0.259589735340341
0.150562046497398
0.0873259869684907
0.470649072441725
0.2729764620162
0.158326347969396
0.51182928182225
0.716860983456905
0.415779370405005
0.241152034834903
0.139868180204244
0.0811235445184613
0.0470516558207075
0.0272899603760104
0.015828177018086
0.00918034267048989
0.00532459874888413
0.0030882672743528
0.00179119501912462
0.421038893111092
0.664202558004434
0.385237483642571
0.223437740512691
0.129593889497361
0.0751644559084694
0.0435953844269122
0.0252853229676091
0.0146654873212133
0.0085059826463037
0.00493346993485614
0.00286141256221656
0.00165961928608561
0.000962579185929652
0.000558295927839198
0.000323811638146735
0.000187810750125106
0.000108930235072562
6.31795363420857e-05
3.66441310784097e-05
2.12535960254776e-05
1.2327085694777e-05
7.14970970297067e-06
4.14683162772299e-06
2.40516234407933e-06
1.39499415956601e-06
8.09096612548288e-07
4.69276035278007e-07
2.72180100461244e-07
1.57864458267522e-07
9.15613857951625e-08
5.31056037611942e-08
3.08012501814927e-08
1.78647251052657e-08
1.03615405610541e-08
0.420000006009694
0.243600003485622
0.141288002021661
0.0819470411725633
0.0475292838800867
0.0275669846504503
0.0159888510972612
0.00927353363641148
0.00537864950911866
0.00311961671528882
0.00180937769486752
0.00104943906302316
0.000608674656553432
0.000353031300800991
0.000204758154464575
0.000118759729589453
6.88806431618829e-05
0.420039950773034
0.24362317144836
0.561301439440049
0.325554834875228
0.188821804227632
0.109516646452027
0.0635196549421755
0.0368413998664618
0.0213680119225478
0.0123934469150777
0.00718819921074509
0.00416915554223215
0.00241811021449465
0.0014025039244069
0.420813452276156
0.24407180232017
0.141561645345699
0.0821057543005053
0.0476213374942931
0.02762037574669
0.0160198179330802
0.00929149440118652
0.00538906675268818
0.00312565871655914
0.0018128820556043
0.0010514715922505
0.000609853523505288
0.000353715043633067
0.000205154725307179
0.000118989740678164
0.420069014049593
0.243640028148764
0.141311216326283
0.0819605054692442
0.0475370931721617
0.0275715140398538
0.0159914781431152
0.0092750573230068
0.00537953324734395
0.00312012928345949
0.0018096749844065
0.00104961149095577
0.000608774664754348
0.000353089305557522
0.000204791797223363
0.00011877924238955
6.88919605859391e-05
0.42003995733714
0.243623175255541
0.141301441648214
0.081954836155964
0.0475338049704591
0.0275696068828663
0.0159903719920624
0.00927441575539622
0.00537916113812981
0.00311991346011529
0.00180954980686687
0.00104953888798278
0.000608732555030014
0.000353064881917408
0.000204777631512097
0.000118771026277016
6.88871952406693e-05
3.99545732395882e-05
2.31736524789611e-05
1.34407184377975e-05
7.79561669392253e-06
4.52145768247507e-06
2.62244545583554e-06
1.52101836438461e-06
8.82190651343075e-07
5.11670577778983e-07
2.9676893511181e-07
1.7212598236485e-07
9.9833069771613e-08
0.420000057903181
0.243600033583845
0.14128801947863
0.0819470512976053
0.0475292897526111
0.0275669880565144
0.0159888530727784
0.00927353478221146
0.00537865017368264
0.00311961710073593
0.421809377918427
0.244649439192688
0.141896674731759
0.0823000713444201
0.0477340413797636
0.0276857440002629
0.0160577315201525
0.00931348428168844
0.0054018208833793
0.00313305611235999
0.0018171725451688
0.421053960076198
0.244211296844195
0.141642552169633
0.0821526802583871
0.0476485545498645
0.0276361616389214
0.0160289737505744
0.00929680477533316
0.00539214676969323
0.00312744512642208
0.0018139181733248
0.00105207254052839
0.000610202073506464
0.420353917202634
0.243805271977528
0.141407057746966
0.0820160934932403
0.467569334226079
0.271190213851126
0.157290324033653
0.0912283879395188
0.472912465004921
0.274289229702854
0.579087753227655
0.33587089687204
0.194805120185783
0.112986969707754
0.485532442430498
0.281608816609689
0.583333113633619
0.758333205907499
0.439833259426349
0.255103290467283
0.567959908471024
0.329416746913194
0.611061713209653
0.354415793661598
0.625561160323727
0.362825472987762
0.210438774332902
0.122054489113083
0.0707916036855882
0.0410591301376411
0.0238142954798319
0.0138122913783025
0.00801112899941543
0.00464645481966095
0.00269494379540335
0.00156306740133394
0.000906579092773687
0.000525815873808739
0.000304973206809068
0.00017688445994926
0.000102592986770571
0.420059503932327
0.24363451228075
0.141308017122835
0.0819586499312442
0.467536016960122
0.271170889836871
0.157279116105385
0.0912218873411232
0.0529086946578515
0.0306870429015539
0.0177984848829012
0.430323121232083
0.249587410314608
0.144760697982473
0.0839612048298341
0.0486974988013038
0.0282445493047562
0.0163818385967586
0.42950146638612
0.24911085050395
0.144484293292291
0.0838008901095286
0.0486045162635266
0.0281906194328454
0.0163505592710503
0.0094833243772092
0.00550032813878134
0.00319019032049318
0.421850310385886
0.244673180023814
0.561910444413812
0.325908057760011
0.189026673500806
0.109635470630468
0.0635885729656712
0.0368813723200893
0.0213911959456518
0.012406893648478
0.00719599831611727
0.00417367902334801
0.00242073383354185
0.421404025623454
0.244414334861603
0.14176031421973
0.0822209822474434
0.0476881697035172
0.02765913842804
0.436042300288263
0.672904534167193
0.390284629816972
0.226365085293844
0.551291749470429
0.319749214692849
0.185454544521852
0.527563635822674
0.725986908777151
0.841072407090748
0.907821996112634
0.946536757745328
0.54899131949229
0.318414965305528
1.02468067987721
0.59431479432878
0.344702580710692
0.199927496812201
0.115957948151077
0.0672556099276246
0.0390082537580222
0.0226247871796529
0.0131223765641987
0.00761097840723523
0.00441436747619644
0.00256033313619393
0.00148499321899248
0.000861296067015639
0.00049955171886907
0.000289739996944061
0.000168049198227555
9.7468534971982e-05
5.65317502837496e-05
3.27884151645748e-05
1.90172807954534e-05
1.10300228613629e-05
6.39741325959051e-06
3.71049969056249e-06
2.15208982052625e-06
0.420001248212096
0.663600723963016
0.384888419898549
0.223235283541158
0.129476464453872
0.0750963493832457
0.0435558826422825
0.0252624119325238
0.0146521989208638
0.00849827537410102
0.00492899971697859
0.00285881983584758
0.0016581155047916
0.000961706992779127
0.420557790055812
0.243923518232371
0.141475640574775
0.0820558715333696
0.0475924054893543
0.0276035951838255
0.0160100852066188
0.0092858494198389
0.00538579266350656
0.00312375974483381
0.421811780652004
0.244650832778162
0.141897483011334
0.0823005401465737
0.0477343132850127
0.0276859017053074
0.0160578229890783
0.00931353733366541
0.00540185165352594
0.00313307395904504
0.00181718289624612
0.00105396607982275
0.000611300326297196
0.000354554189252374
0.000205641429766377
0.000119272029264499
6.91777769734091e-05
4.01231106445773e-05
2.32714041738548e-05
1.34974144208358e-05
0.420007828500364
0.243604540530211
0.141290633507522
0.081948567434363
0.0475301691119306
0.0275674980849197
0.0159891488892534
0.00927370635576699
0.00537874968634485
0.00311967481808002
0.00180941139448641
0.00104945860880212
0.000608685993105228
0.000353037876001032
0.000204761968080599
0.000118761941486747
6.88819260623134e-05
3.99515171161418e-05
2.31718799273622e-05
1.34396903578701e-05
7.79502040756465e-06
4.5211118363875e-06
2.62224486510475e-06
1.52090202176075e-06
8.82123172621237e-07
5.11631440120317e-07
2.96746235269784e-07
1.72112816456475e-07
9.98254335447553e-08
5.78987514559581e-08
3.35812758444557e-08
1.94771399897843e-08
1.12967411940749e-08
6.55210989256344e-09
3.80022373768679e-09
2.20412976785834e-09
1.27839526535784e-09
7.41469253907545e-10
4.30052167266376e-10
2.49430257014498e-10
1.44669549068409e-10
8.39083384596772e-11
4.86668363066128e-11
2.82267650578354e-11
1.63715237335445e-11
9.49548376545583e-12
5.50738058396438e-12
3.19428073869934e-12
1.85268282844562e-12
1.07455604049846e-12
6.23242503489106e-13
3.61480652023681e-13
2.09658778173735e-13
1.21602091340766e-13
7.05292129776445e-14
4.09069435270338e-14
2.37260272456796e-14
1.37610958024942e-14
7.98143556544662e-15
4.62923262795904e-15
2.68495492421624e-15
1.55727385604542e-15
9.03218836506343e-16
5.23866925173679e-16
3.03842816600734e-16
1.76228833628426e-16
1.02212723504487e-16
5.92833796326024e-17
3.43843601869094e-17
1.99429289084074e-17
1.15668987668763e-17
6.70880128478826e-18
3.89110474517719e-18
2.25684075220277e-18
1.30896763627761e-18
7.59201229041012e-19
4.40336712843787e-19
2.55395293449396e-19
1.4812927020065e-19
8.59149767163769e-20
4.98306864954986e-20
2.89017981673892e-20
1.67630429370857e-20
9.72256490350973e-21
5.63908764403564e-21
3.27067083354067e-21
1.89698908345359e-21
1.10025366840308e-21
6.38147127673787e-22
3.70125334050797e-22
2.14672693749462e-22
1.24510162374688e-22
7.2215894177319e-23
4.1885218622845e-23
2.42934268012501e-23
1.40901875447251e-23
8.17230877594054e-24
4.73993909004551e-24
2.7491646722264e-24
1.59451550989131e-24
9.2481899573696e-25
0.42
0.2436
0.141288
0.08194704
0.0475292832
0.027566984256
0.01598885086848
0.0092735335037184
0.00537864943215667
0.423119616670651
0.245409377668977
0.142337439048007
0.082555714647844
0.0478823144957495
0.447771742407535
0.25970761059637
0.150630414145895
0.0873656402046189
0.050672071318679
0.0293898013648338
0.0170460847916036
0.00988672917913009
0.425734302923895
0.246925895695859
0.143217019503598
0.0830658713120871
0.468178205361011
0.691543359109386
0.401095148283444
0.232635186004397
0.134928407882551
0.0782584765718793
0.04538991641169
0.44632615151878
0.258869167880893
0.150144117370918
0.0870835880751322
0.0505084810835767
0.449294919028475
0.260591053036515
0.151142810761179
0.0876628302414837
0.0508444415400605
0.0294897760932351
0.0171040701340764
0.00992036067776429
0.00575380919310329
0.00333720933199991
0.00193558141255995
0.00112263721928477
0.000651129587185166
0.000377655160567396
0.00021903999312909
0.000127043196014872
7.36850536886258e-05
4.27373311394029e-05
2.47876520608537e-05
1.43768381952951e-05
8.33856615327118e-06
0.840004836368369
0.487202805093654
0.702577626954319
0.407495023633505
0.236347113707433
0.137081325950311
0.0795071690511805
0.0461141580496847
0.0267462116688171
0.0155128027679139
0.42899742560539
0.248818506851126
0.144314733973653
0.0837025457047189
0.0485474765087369
0.0281575363750674
0.436331371097539
0.253072195236573
0.146781873237212
0.085133486477583
0.0493774221569982
0.0286389048510589
0.0166105648136142
0.00963412759189622
0.00558779400329981
0.423240920521914
0.24547973390271
0.142378245663572
0.502579382484872
0.291496041841226
0.169067704267911
0.0980592684753882
0.476874375715725
0.276587137915121
0.16042053999077
0.0930439131946466
0.473965469652895
0.274899972398679
0.159441983991234
0.0924763507149156
0.0536362834146511
0.451109044380498
0.261643245740689
0.151753082529599
0.0880167878671676
0.471049736962957
0.273208847438515
0.578461131514339
0.335507456278317
0.194594324641424
0.112864708292026
0.0654615308093749
0.0379676878694374
0.0220212589642737
0.432772330199279
0.671007951515582
0.389184611879037
0.225727074889842
0.130921703436108
0.0759345879929427
0.0440420610359068
0.0255443954008259
0.014815749332479
0.428593134612838
0.668584018075446
0.387778730483759
0.22491166368058
0.130448764934736
0.0756602836621471
0.0438829645240453
0.445452119423946
0.258362229265889
0.149850092974216
0.086913053925045
0.0504095712765261
0.0292375513403851
0.0169577797774234
0.00983551227090555
0.00570459711712522
0.423308666327933
0.245519026470201
0.142401035352717
0.0825926005045756
0.0479037082926538
0.0277841508097392
0.0161148074696487
0.00934658833239627
0.00542102123278984
0.0031441923150181
0.421823631542711
0.244657706294772
0.141901469650968
0.0823028523975613
0.0477356543905856
0.0276866795465396
0.016058274136993
0.00931379899945593
0.425402003419684
0.246733161983417
0.143105233950382
0.0830010356912215
0.0481406007009084
0.0279215484065269
0.0161944980757856
0.429392808883956
0.249047829152694
0.144447740908563
0.0837796897269664
0.0485922200416405
0.0281834876241515
0.0163464228220079
0.00948092523676456
0.00549893663732344
0.0031893832496476
0.00184984228479561
0.421072908525181
0.244222286944605
0.141648926427871
0.0821563773281652
0.0476506988503358
0.0276374053331948
0.016029695093253
0.00929722315408672
0.0053923894293703
0.00312758586903477
0.00181399980404017
0.0010521198863433
0.000610229534079112
0.000353933129765885
0.000205281215264213
0.000119063104853244
6.90566008148814e-05
4.00528284726312e-05
2.32306405141261e-05
0.420013473771498
0.243607814787469
0.141292532576732
0.0819496688945046
0.0475308079588126
0.0275678686161113
0.0159893637973446
0.42927383100246
0.248978821981427
0.144407716749228
0.0837564757145519
0.0485787559144401
0.448175678430375
0.259941893489618
0.150766298223978
0.0874444529699074
0.0507177827225463
0.0294163139790768
0.0170614621078646
0.00989564802256145
0.00573947585308564
0.00332889599478967
0.00193075967697801
0.00111984061264724
0.000649507555335402
0.000376714382094533
0.000218494341614829
0.000126726718136601
7.35014965192285e-05
4.26308679811525e-05
2.47259034290685e-05
1.43410239888597e-05
8.31779391353863e-06
4.82432046985241e-06
2.7981058725144e-06
1.62290140605835e-06
9.41282815513842e-07
5.45944032998029e-07
3.16647539138857e-07
1.83655572700537e-07
1.06520232166311e-07
6.17817346564606e-08
3.58334061007471e-08
2.07833755384333e-08
1.20543578122913e-08
6.99152753112897e-09
4.0550859680548e-09
2.35194986147179e-09
1.36413091965364e-09
7.91195933399109e-10
4.58893641371483e-10
2.6615831199546e-10
1.54371820957367e-10
8.95356561552728e-11
5.19306805700582e-11
3.01197947306338e-11
1.74694809437676e-11
1.01322989473852e-11
5.87673338948341e-12
3.40850536590038e-12
1.97693311222222e-12
1.14662120508889e-12
6.65040298951555e-13
3.85723373391902e-13
2.23719556567303e-13
1.29757342809036e-13
7.52592588292407e-14
4.36503701209596e-14
2.53172146701566e-14
1.46839845086908e-14
8.51671101504067e-15
4.93969238872359e-15
2.86502158545968e-15
1.66171251956661e-15
9.63793261348637e-16
5.59000091582209e-16
3.24220053117681e-16
1.88047630808255e-16
1.09067625868788e-16
6.3259223003897e-17
3.66903493422603e-17
2.1280402618511e-17
0.42
0.2436
0.141288
0.08194704
0.0475292832
0.027566984256
0.43598885086848
0.252873533503718
0.146666649432157
0.0850666566706509
0.0493386608689775
0.0286164233040069
0.016597525516324
0.00962656479946794
0.0055834075836914
0.00323837639854101
0.00187825831115379
0.421089389820469
0.664231846095872
0.805254470735606
0.467047593026651
0.270887603955458
0.157114810294166
0.091126589970616
0.0528534221829573
0.0306549848661152
0.0177798912223468
0.430312336908961
0.249581155407197
0.144757070136175
0.0839591006789812
0.0486962783938091
0.868243841468409
0.503581428051677
0.712077228269973
1.25300479239658
1.14674277959002
1.50511081216221
2.13296427105408
2.07711927721137
2.04472918078259
1.6059429248539
0.931446896415264
0.540239199920853
0.313338735954095
0.181736466853375
0.105407150774958
0.0611361474494753
0.0354589655206957
0.0205662000020035
0.011928396001162
0.00691846968067398
0.00401271241479091
0.00232737320057873
0.00134987645633566
0.000782928344674683
0.840454098439911
0.907463377095149
0.946328758715186
0.548870680054808
0.318344994431789
0.604640096770437
0.770691256126854
1.28700092855358
1.58646053856107
1.76014711236542
1.02088532517194
1.43211348859973
1.25062582338784
0.725362977564948
1.26071052698767
1.57121210565285
0.911303021278652
0.528555752341618
0.726562336358139
0.42140615508772
0.244415569950878
0.561761030571509
0.325821397731475
0.188976410684256
0.109606318196868
0.0635716645541836
0.0368715654414265
0.0213855079560274
0.0124035946144959
0.0071940848764076
0.00417256922831641
0.422420090152424
0.245003652288406
0.562102118327275
0.74601922862982
0.852691152605295
0.494560868511071
0.286845303736421
0.586370276167124
0.340094760176932
0.197254960902621
0.11440787732352
0.0663565688476416
0.0384868099316321
0.0223223497603466
0.012946962861001
0.427509238459381
0.247955358306441
0.563814107817736
0.327012182534287
0.189667065869886
0.110006898204534
0.48380400095863
0.700606320556005
0.406351665922483
0.23568396623504
0.136696700416323
0.0792840862414675
0.0459847700200511
0.0266711666116297
0.435469276634745
0.252572180448152
0.146491864659928
0.0849652815027584
0.0492798632715999
0.0285823206975279
0.436577746004566
0.253215092682648
0.146864753755936
0.0851815571784429
0.0494053031634969
0.0286550758348282
0.0166199439842004
0.0096395675108362
0.005590949156285
0.0032427505106453
0.00188079529617427
0.00109086127178108
0.000632699537633025
0.000366965731827155
0.00021284012445975
0.000123447272186655
7.15994178682598e-05
0.420041527662364
0.243624086044171
0.141301969905619
0.0819551425452591
0.46753398267625
1.11116970995223
0.644478431772291
0.793797490427929
1.3004025444482
0.754233475779955
0.437455415952374
0.253724141252377
0.147160001926379
0.0853528011172996
0.0495046246480338
0.0287126822958596
0.0166533557315986
0.00965894632432716
0.00560218886810975
0.00324926954350366
0.00188457633523212
0.00109305427443463
0.000633971479172085
0.000367703457919809
0.000213268005593489
0.000123695443244224
7.17433570816498e-05
4.16111471073569e-05
2.4134465322267e-05
1.39979898869149e-05
8.11883413441062e-06
4.70892379795816e-06
2.73117580281573e-06
1.58408196563312e-06
9.18767540067212e-07
5.32885173238983e-07
3.0907340047861e-07
1.79262572277594e-07
1.03972291921004e-07
6.03039293141826e-08
3.49762790022259e-08
2.0286241821291e-08
1.17660202563488e-08
6.8242917486823e-09
3.95808921423573e-09
2.29569174425672e-09
1.3315012116689e-09
0.420000000772271
0.243600000447917
0.141288000259792
0.0819470401506793
0.047529283287394
0.0275669843066885
0.0159888508978793
0.42927353352077
0.248978649442047
0.144407616676387
0.0837564176723045
0.0485787222499366
0.0281756589049632
0.0163418821648787
0.00947829165562963
0.00549740916026518
0.00318849731295381
0.00184932844151321
0.00107261049607766
0.000622114087725043
0.000360826170880525
0.000209279179110704
0.000121381923884209
7.04015158528409e-05
4.08328791946477e-05
2.36830699328957e-05
1.37361805610795e-05
7.96698472542611e-06
4.62085114074714e-06
2.68009366163334e-06
1.55445432374734e-06
9.01583507773456e-07
5.22918434508604e-07
3.03292692014991e-07
1.75909761368695e-07
1.02027661593843e-07
5.91760437244288e-08
0.420000034322105
0.243600019906821
0.141288011545956
0.0819470466966546
0.0475292870840597
0.0275669865087546
0.0159888521750777
0.00927353426154505
0.00537864987169613
0.00311961692558375
0.00180937781683858
0.00104943913376637
0.420608674697585
0.243953031324599
0.141492758168267
0.0820657997375951
0.0475981638478052
0.027606935031727
0.436012022318402
0.252886972944673
0.14667444430791
0.085071177698588
0.049341283065181
0.028617944177805
0.0165984076231269
0.0096270764214136
0.00558370432441989
0.00323854850816353
0.00187835813473485
0.00108944771814621
0.000631879676524803
0.000366490212384386
0.000212564323182944
0.000123287307446107
7.15066383187423e-05
4.14738502248705e-05
2.40548331304249e-05
1.39518032156464e-05
8.09204586507493e-06
4.69338660174346e-06
2.72216422901121e-06
1.5788552528265e-06
9.1573604663937e-07
5.31126907050835e-07
3.08053606089484e-07
1.78671091531901e-07
1.03629233088502e-07
0.420000060104955
0.243600034860874
0.141288020219307
0.081947051727198
0.0475292900017748
0.0275669882010294
0.0159888531565971
0.00927353483082629
0.00537865020187925
0.00311961711708996
0.00180937792791218
0.00104943919818906
0.000608674734949657
0.000353031346270801
0.000204758180837065
0.000118759744885497
0.420068880652034
0.243639950778179
0.141311171451344
0.0819604794417796
0.0475370780762321
0.0275715052842146
0.0159914730648445
0.0092750543776098
0.00537953153901369
0.00312012829262794
0.0018096744097242
0.00104961115764004
0.000608774471431222
0.42035308919343
0.243804791732189
0.14140677920467
0.0820159319387085
0.047569240524451
0.0275901595041816
0.0160022925124253
0.429281329657207
0.24898317120118
0.144410239296684
0.0837579387920769
0.0485796044994046
0.0281761706096547
0.0163421789535997
0.00947846379308783
0.00549750899999094
0.00318855521999474
0.00184936202759695
0.00107262997600623
0.000622125386083614
0.000360832723928496
0.000209282979878528
0.000121384128329546
0.420070402794431
0.24364083362077
0.141311683500047
0.081960776430027
0.0475372503294157
0.0275716051910611
0.0159915310108154
0.429275087986273
1.08897955103204
0.631608139598582
0.366332720967178
0.212472978160963
0.543234327333359
0.315075909853348
0.182744027714942
0.525991536074666
0.725075090923306
0.420543552735518
0.6639152605866
0.385070851140228
0.223341093661332
0.129537834323573
0.0751319439076722
0.88357652746645
0.512474385930541
0.297235143839714
0.172396383427034
0.0999899023876797
0.0579941433848542
0.0336366031632154
0.019509229834665
0.0113153533041057
0.00656290491638129
0.00380648485150115
0.00220776121387067
0.00128050150404499
0.000742690872346092
0.000430760705960733
0.000249841209457225
0.000144907901485191
8.40465828614106e-05
4.87470180596181e-05
2.82732704745785e-05
1.63984968752555e-05
9.51112818764821e-06
5.51645434883596e-06
0.420003199543522
0.243601855735243
0.141289076326441
0.0819476642693357
0.0475296452762147
0.0275671942602045
0.0159889726709186
0.0092736041491328
0.00537869040649703
0.423119640435768
0.245409391452746
0.562337447042592
0.326155719284704
0.189170317185128
0.109718783967374
0.0636368947010771
0.0369093989266247
0.0214074513774423
0.0124163217989165
0.0072014666433716
0.00417685065315553
0.0024225733788302
0.00140509255972152
0.000814953684638481
0.000472673137090319
0.420274150419512
0.243759007243317
0.141380224201124
0.0820005300366519
0.467560307421258
0.27118497830433
0.157287287416511
0.0912266267015765
0.0529114434869144
0.0306886372224103
0.017799409588998
0.430323657561619
0.249587721385739
0.144760878403729
0.0839613094741626
0.0486975594950143
0.0282445845071083
0.0163818590141228
0.00950147822819123
0.00551085737235091
0.423196297275964
0.665453852420059
0.385963234403634
0.223858675954108
0.549838032053383
0.318906058590962
0.184965513982758
0.10727999811
0.0622223989037997
0.0360889913642038
0.0209316149912382
0.0121403366949182
0.00704139528305254
0.00408400926417047
0.422368725373219
0.244973860716467
0.142084839215551
0.0824092067450195
0.0477973399121113
0.447722457149025
0.259679025146434
0.150613834584932
0.0873560240592605
0.0506664939543711
0.0293865664935352
0.43704420856625
0.673485640968425
0.390621671761687
0.646560569621778
0.375005130380631
0.217502975620766
0.126151725860044
0.0731680009988257
0.0424374405793189
0.024613715536005
0.0142759550108829
0.00828005390631207
0.004802431265661
0.00278541013408338
0.00161553787776836
0.000937011969105649
0.000543466942081276
0.00031521082640714
0.000182822279316141
0.000106036922003362
6.15014147619499e-05
3.5670820561931e-05
2.068907592592e-05
1.19996640370336e-05
6.95980514147947e-06
4.03668698205809e-06
2.34127844959369e-06
0.420001357941501
0.24360078760607
0.141288456811521
0.0819473049506821
0.0475294368713956
0.0275670733854094
0.0159889025635375
0.00927356348685174
0.00537866682237401
0.00311962675697692
0.00180938351904662
0.00104944244104704
0.000608676615807281
0.000353032437168223
0.000204758813557569
0.00011876011186339
6.88808648807663e-05
3.99509016308445e-05
2.31715229458898e-05
1.34394833086161e-05
7.79490031899732e-06
4.52104218501845e-06
2.6222044673107e-06
1.52087859104021e-06
8.82109582803319e-07
0.420000511623558
0.243600296741664
0.141288172110165
0.0819471398238956
0.0475293410978595
0.0275670178367585
0.0159888703453199
0.00927354480028555
0.00537865598416562
0.00311962047081606
0.00180937987307331
0.00104944032638252
0.000608675389301863
0.00035303172579508
0.000204758400961147
0.000118759872557465
6.88807260833297e-05
3.99508211283312e-05
2.31714762544321e-05
1.34394562275706e-05
7.79488461199096e-06
4.52103307495476e-06
2.62219918347376e-06
1.52087552641478e-06
8.82107805320572e-07
5.11622527085932e-07
2.96741065709841e-07
1.72109818111707e-07
0.420000099823695
0.243600057897743
0.141288033580691
0.0819470594768007
0.0475292944965444
0.0275669908079957
0.0159888546686375
0.00927353570780976
0.00537865071052966
0.0031196174121072
0.421809378099022
0.664649439297433
0.385496674792511
0.223588071379656
0.129681081400201
0.0752150272121164
0.0436247157830275
0.025302335154156
0.0146753543894105
0.00851170554585806
0.00493678921659768
0.00286333774562665
0.00166073589246346
0.000963226817628805
0.000558671554224707
0.00032402950145033
0.000187937110841191
0.000109003524287891
6.32220440869768e-05
3.66687855704465e-05
2.1267895630859e-05
1.23353794658982e-05
7.15452009022096e-06
4.14962165232816e-06
2.40678055835033e-06
1.39593272384319e-06
8.09640979829051e-07
4.6959176830085e-07
2.72363225614493e-07
1.57970670856406e-07
9.16229890967154e-08
5.31413336760949e-08
3.08219735321351e-08
1.78767446486383e-08
1.03685118962102e-08
6.01373689980193e-09
3.48796740188512e-09
0.420000002023021
0.243600001173352
0.141288000680544
0.501947040394716
0.291129283428935
0.168854984388782
0.0979358909454937
0.0568028167483864
0.0329456337140641
0.439108467554157
0.254682911181411
0.147716088485218
0.0856753313214267
0.0496916921664275
0.0288211814565279
0.0167162852447862
0.429695445441976
0.669223358356346
0.388149547846681
0.225126737751075
0.130573507895623
0.495732634579462
0.287524928056088
0.166764458272531
0.0967233857980679
0.0560995637628794
0.45253774698247
0.262471893249833
0.152233698084903
0.508295544889244
0.294811416035761
0.170990621300742
0.0991745603544301
0.0575212450055694
0.87336232210323
1.34655014681987
1.20099908515553
0.696579469390205
0.404016092246319
0.234329333502865
0.135911013431662
0.0788283877903638
0.045720464918411
0.446517869652678
0.258980364398553
0.570208611351161
0.330720994583673
0.191818176858531
0.111254542577948
0.0645276346952097
0.0374260281232216
0.441707096311469
0.256190115860652
0.148590267199178
0.0861823549755232
0.469985765885804
0.692591744213766
0.401703211643984
0.652987862753511
0.798732960397036
0.463265117030281
0.268693767877563
0.155842385368987
0.0903885835140122
0.0524253784381271
0.0304067194941137
0.437635897306586
0.67382882043782
0.810820715853936
0.890276015195283
1.77636008881326
1.03028885151169
1.01756753387678
0.590189169648534
0.342309718396149
0.198539636669767
0.115152989268465
0.0667887337757095
0.0387374655899115
0.442467730042149
0.256631283424446
0.148846144386179
0.506330763743984
0.293671842971511
0.590329668923476
0.762391207975616
0.862186900625857
0.920068402362997
0.533639673370538
0.309511010554912
1.01951638612185
0.591319503950673
0.34296531229139
0.198919881129006
0.535373531054824
0.310516648011798
0.180099655846843
0.104457800391169
0.0605855242268779
0.0351396040515892
0.0203809703499217
0.0118209628029546
0.00685615842571366
0.423976571886914
0.24590641169441
0.142625718782758
0.0827229168939995
0.0479792917985197
0.0278279892431414
0.016140233761022
0.00936133558139278
0.425429574637208
0.246749153289581
0.143114508907957
0.503006415166615
0.291743720796637
0.169211358062049
0.0981425876759885
0.0569227008520734
0.0330151664942025
0.0191487965666375
0.0111063020086497
0.00644165516501685
0.42373615999571
0.245766972797512
0.142544844222557
0.0826760096490829
0.0479520855964681
0.0278122096459515
0.436131081594652
0.252956027324898
0.146714495848441
0.0850944075920957
0.0493547564034155
0.028625758713981
0.016602940054109
0.429629705231383
0.669185229034202
0.388127432839837
0.225113911047106
0.130566068407321
0.915728319676246
0.531122425412223
0.308051006739089
0.178669583908672
0.10362835866703
0.0601044480268772
0.0348605798555888
0.440219136316242
1.09532709906342
0.635289717456784
0.368468036124935
0.633711460952462
0.367552647352428
0.213180535464408
0.123644710569357
0.0717139321302269
0.461594080635532
0.267724566768608
0.155280248725793
0.0900625442609598
0.0522362756713567
0.0302970398893869
0.0175722831358444
0.43019192421879
0.249511316046898
0.564716563307201
0.327535606718176
0.189970651896542
0.110182978099995
0.0639061272979968
0.0370655538328382
0.0214980212230461
0.432468852309367
0.250831934339433
0.145482521916871
0.0843798627117852
0.0489403203728354
0.0283853858162445
0.0164635237734218
0.00954884378858466
0.0055383293973791
0.00321223105047988
0.00186309400927833
0.00108059452538143
0.00062674482472123
0.420363511998338
0.243810836959036
0.141410285436241
0.0820179655530198
0.0475704200207515
0.0275908436120359
0.0160026892949808
0.00928155979108886
0.00538330467883154
0.00312231671372229
0.00181094369395893
0.00105034734249618
0.000609201458647784
0.000353336846015715
0.000204935370689114
0.000118862514999686
6.89402586998181e-05
3.99853500458945e-05
2.31915030266188e-05
1.34510717554389e-05
7.80162161815456e-06
4.52494053852965e-06
2.62446551234719e-06
1.52218999716137e-06
8.82870198353596e-07
5.12064715045086e-07
2.9699753472615e-07
1.72258570141167e-07
9.99099706818768e-08
0.420000057947783
0.243600033609714
0.141288019493634
0.0819470513063078
0.0475292897576585
0.027566988059442
0.0159888530744763
0.00927353478319627
0.00537865017425384
0.00311961710106723
0.00180937791861899
0.00104943919279901
0.000608674731823428
0.000353031344457588
0.000204758179785401
0.000118759744275533
6.8880651679809e-05
3.99507779742892e-05
2.31714512250877e-05
1.34394417105509e-05
7.79487619211952e-06
4.52102819142932e-06
2.622196351029e-06
1.52087388359682e-06
8.82106852486157e-07
5.11621974441971e-07
2.96740745176343e-07
1.72109632202279e-07
9.98235866773218e-08
5.78976802728467e-08
3.35806545582511e-08
1.94767796437856e-08
1.12965321933957e-08
6.55198867216948e-09
3.8001534298583e-09
0.420000002204089
0.243600001278372
0.141288000741456
0.0819470404300442
0.0475292834494256
0.0275669844006669
0.0159888509523868
0.00927353355238433
0.00537864946038291
0.00311961668702209
0.00180937767847281
0.00104943905351423
0.000608674651038254
0.000353031297602187
0.000204758152609268
0.000118759728513376
6.88806425377579e-05
3.99507726718996e-05
2.31714481497018e-05
1.3439439926827e-05
7.79487515755967e-06
4.52102759138461e-06
2.62219600300307e-06
1.52087368174178e-06
8.82106735410233e-07
5.11621906537935e-07
2.96740705792003e-07
1.72109609359361e-07
9.98235734284296e-08
5.78976725884892e-08
3.35806501013237e-08
1.94767770587678e-08
1.12965306940853e-08
6.55198780256947e-09
3.80015292549029e-09
2.20408869678437e-09
1.27837144413493e-09
7.41455437598262e-10
4.30044153806992e-10
2.49425609208055e-10
1.44666853340672e-10
8.39067749375898e-11
4.86659294638021e-11
2.82262390890052e-11
0.420000000016371
0.243600000009495
0.141288000005507
0.0819470400031942
0.0475292832018526
0.0275669842570745
0.435988850869103
0.25287353350408
0.146666649432366
0.0850666566707725
0.049338660869048
0.0286164233040479
0.0165975255163478
0.429626564799482
0.249183407583699
0.144526376398546
0.0838252983111565
0.468618673020471
0.271798830351873
0.157643321604086
0.0914331265303701
0.0530312133876146
0.0307581037648165
0.0178397001835936
0.0103470261064843
0.00600127514176087
0.00348073958222131
0.00201882895768836
0.00117092079545925
0.000679134061366363
0.000393897755592491
0.420228460698244
0.663732507204981
0.384964854178889
0.643279615423756
0.373102176945778
0.216399262628551
0.96551157232456
0.559996711948245
0.744798092929982
0.431982893899389
0.670550078461646
0.388919045507755
0.225573046394498
0.130832366908809
0.075882772807109
0.464012008228123
0.689126964772312
0.399693639567941
0.231822310949406
0.554456940350655
0.32158502540338
0.18651931473396
0.108181202545697
0.482745097476504
0.699992156536372
0.405995450791096
0.655477361458836
0.380176869646125
0.640502584394752
0.371491498948956
0.215465069390395
0.124969740246429
0.0724824493429287
0.0420398206188987
0.0243830959589612
0.0141421956561975
0.00820247348059456
0.00475743461874484
0.00275931207887201
0.00160040100574576
0.420928232583333
0.244138374898333
0.141600257441033
0.502128149315799
0.291234326603164
0.168915909429835
0.0979712274693042
0.0568233119321964
0.0329575209206739
0.0191153621339909
0.0110869100377147
0.00643040782187453
0.423729636536687
0.665763189191279
0.386142649730942
0.223962736843946
0.129898387369489
0.0753410646743035
0.043697817511096
0.0253447341564357
0.434699945810733
0.672125968570225
0.38983306177073
0.226103175827024
0.131139841979674
0.0760611083482107
0.0441154428419622
0.0255869568483381
0.0148404349720361
0.00860745228378093
0.00499232232459294
0.00289554694826391
0.00167941722999306
0.000974061993395978
0.000564955956169667
0.000327674454578407
0.000190051183655476
0.000110229686520176
6.39332181817021e-05
3.70812665453872e-05
2.15071345963246e-05
1.24741380658683e-05
7.23500007820359e-06
4.19630004535808e-06
2.43385402630769e-06
0.420001411635335
0.243600818748494
1.40128847487413
1.23274731542699
0.714993442947656
1.25469619690964
0.727723794207591
0.422079800640403
0.244806284371434
0.561987644935432
0.74595283406255
0.432652643756279
0.250938533378642
0.145544349359612
0.0844157226285751
0.0489611191245736
0.0283974490922527
0.0164705204735065
0.0095529018746338
0.0055406830872876
0.00321359619062681
0.00186388579056355
0.00108105375852686
0.000627011179945578
0.000363666484368435
0.000210926560933692
0.000122337405341542
0.420070955695098
0.243641154303157
0.141311869495831
0.081960884307582
0.467537312898398
0.691171641481071
0.400879552059021
0.232510140194232
0.134855881312655
0.49821641116134
0.288965518473577
0.167600000714675
0.517208000414511
0.299980640240417
0.173988771339442
0.100913487376876
0.0585298226785881
0.453947297153581
0.263289432349077
0.152707870762465
0.0885705650422295
0.0513709277244931
0.029795138080206
0.0172811800865195
0.0100230844501813
0.00581338898110515
0.00337176560904099
0.00195562405324377
0.00113426195088139
0.000657871931511205
0.000381565720276499
0.000221308117760369
0.000128358708301014
7.44480508145883e-05
4.31798694724612e-05
2.50443242940275e-05
1.45257080905359e-05
8.42491069251084e-06
4.88644820165629e-06
2.83413995696065e-06
0.420001643801175
0.243600953404682
0.141288552974715
0.0819473607253348
0.467529469220694
0.271167092148003
0.157276913445842
0.511220609798588
0.716507953683181
0.415574613136245
0.241033275619022
0.139799299859033
0.081083593918239
0.0470284844725786
0.0272765209940956
0.0158203821765754
0.00917582166241376
0.00532197656419998
0.00308674640723599
0.00179031291619687
0.00103838149139419
0.000602261265008628
0.000349311533705004
0.000202600689548902
0.000117508399938363
6.81548719642508e-05
3.95298257392654e-05
2.2927298928774e-05
1.32978333786889e-05
7.71274335963956e-06
4.47339114859094e-06
2.59456686618275e-06
1.50484878238599e-06
8.72812293783876e-07
5.06231130394648e-07
2.93614055628896e-07
1.7029615226476e-07
9.87717683135605e-08
5.72876256218651e-08
3.32268228606818e-08
1.92715572591954e-08
1.11775032103333e-08
6.48295186199334e-09
3.76011207995614e-09
2.18086500637456e-09
1.26490170369724e-09
7.33642988144401e-10
4.25512933123753e-10
2.46797501211777e-10
1.4314255070283e-10
8.30226794076416e-11
4.81531540564321e-11
2.79288293527306e-11
1.61987210245838e-11
9.39525819425859e-12
5.44924975266998e-12
0.420000000003161
0.243600000001833
0.141288000001063
0.0819470400006167
0.0475292832003577
0.0275669842562074
0.0159888508686003
0.00927353350378818
0.00537864943219715
0.00311961667067434
0.00180937766899112
0.00104943904801485
0.000608674647848612
0.000353031295752195
0.000204758151536273
0.000118759727891038
6.88806421768023e-05
3.99507724625453e-05
2.31714480282763e-05
1.34394398564002e-05
7.79487511671214e-06
4.52102756769304e-06
2.62219598926196e-06
1.52087367377194e-06
8.82106730787725e-07
5.1162190385688e-07
2.96740704236991e-07
1.72109608457455e-07
9.98235729053236e-08
5.78976722850877e-08
3.35806499253509e-08
0.420000019476777
0.243600011296531
0.141288006551988
0.0819470438001529
0.0475292854040887
0.0275669855343714
0.0159888516099354
0.00927353393376255
0.00537864968158228
0.00311961681531772
0.00180937775288428
0.00104943909667288
0.000608674676070271
0.000353031312120757
0.000204758161030039
0.420118759733397
0.243668880645371
0.561327950774315
0.325570211449103
0.18883072264048
0.529521819131478
0.307122655096257
0.178131139955829
0.103316061174381
0.0599233154811409
0.0347555229790617
0.0201582033278558
0.431691757930156
0.670381219599491
0.388821107367705
0.225516242273269
0.550799420518496
0.739463663900728
0.428888925062422
0.248755576536205
0.144278234390999
0.0836813759467793
0.048535198049132
0.0281504148684965
0.436327240623728
0.253069799561762
0.146780483745822
0.0851326805725768
0.469376954732095
0.272238633744615
0.157898407571877
0.0915810763916884
0.0531170243071793
0.030807874098164
0.0178685669769351
0.0103637688466224
0.426010985931041
0.247086371840004
0.563310095667202
0.326719855486977
0.189497516182447
0.109908559385819
0.0637469644437751
0.0369732393773896
0.0214444788388859
0.0124377977265538
0.427213922681401
0.667784075155213
0.807314763590023
0.888242562882214
0.515180686471684
0.298804798153577
0.593306782929074
0.764117934098863
0.443188401777341
0.677049273030858
0.392688578357897
0.22775937544758
0.552100437759597
0.320218253900566
0.185726587262328
0.52772142061215
0.306078423955047
0.177525485893927
0.102964781818478
0.0597195734547172
0.034637352603736
1.28008966451017
0.742452005415897
0.43062216314122
0.249760854621908
0.144861295680706
0.0840195514948097
0.46873133986699
0.271864177122854
0.577681222731255
0.335055109184128
0.194331963326794
0.112712538729541
0.0653732724631336
0.0379164980286175
0.861991568856598
0.499955109936827
0.28997396376336
0.588184898982749
0.341147241409994
0.197865400017797
0.114761932010322
0.0665619205659868
0.0386059139282723
0.0223914300783979
0.0129870294454708
0.00753247707837307
0.00436883670545638
0.0025339252891647
0.00146967666771553
0.000852412467275005
0.000494399231019503
0.000286751553991312
0.420166315901315
0.663696463222763
1.2249439486692
1.55046749022814
2.15927114433232
2.51237726371275
2.29717881295339
2.17236371151297
1.67997095267752
1.81438315255296
1.89234222848072
1.51755849251882
1.72018392566091
2.25770667688333
2.14946987259233
2.08669252610355
1.21028166514006
1.12196336578123
0.650738752153116
0.377428476248807
0.218908516224308
0.546966939410099
0.317240824857857
0.183999678417557
0.106719813482183
0.0618974918196662
0.0359005452554064
0.0208223162481357
0.432076943423919
0.250604627185873
0.145350683767806
0.0843033965853276
0.04889597001949
0.0283596626113042
0.0164486043145564
0.00954019050244274
0.00553331049141679
0.00320932008502174
0.00186140564931261
0.00107961527660131
0.000626176860428761
0.000363182579048681
0.000210645895848235
0.000122174619591976
0.420070861279363
0.243641099542031
0.141311837734378
0.0819608658859391
0.0475373022138447
0.0275716352840299
0.0159915484647374
0.00927509810954767
0.00537955690353765
0.00312014300405183
0.00180968294235006
0.421049616106563
0.664208777341807
0.385241090858248
0.223439832697784
0.129595102964715
0.0751651597195344
0.04359579263733
0.0252855597296514
0.0146656246431978
0.00850606229305472
0.00493351612997174
0.422861439355384
0.245259634826123
0.142250588199151
0.0825053411555076
0.467853097870194
0.271354796764713
0.157385782123533
0.0912837536316494
0.0529445771063566
0.450707854721687
0.261410555738578
0.151618122328375
0.507938510950458
0.294604336351265
0.590870515083734
0.342704898748566
0.198768841274168
0.115285927939017
0.0668658382046301
0.458782186158685
0.266093667972038
0.994334327423782
0.576713909905793
0.33449406774536
0.194006559292309
0.112523804389539
0.0652638065459327
0.037853007796641
0.0219547445220518
0.43273375182279
0.250985576057218
0.145571634113187
0.0844315477856482
0.468970297715676
0.272002772675092
0.577761608151553
0.335101732727901
0.194359004982183
0.112728222889666
0.0653823692760062
0.0379217741800836
0.0219946290244485
0.0127568848341801
0.00739899320382447
0.00429141605821819
0.00248902131376655
0.0014436323619846
0.420837306769951
0.244085637926572
0.141569669997412
0.0821104085984987
0.0476240369871292
0.027621941452535
0.0160207260424703
0.00929202110463276
0.005389372240687
0.00312583589959846
0.00181298482176711
0.00105153119662492
0.000609888094042454
0.000353735094544624
0.000205166354835882
0.000118996485804811
6.90179617667906e-05
4.00304178247385e-05
2.32176423383483e-05
1.3466232556242e-05
7.81041488262038e-06
4.53004063191982e-06
2.6274235665135e-06
1.52390566857783e-06
8.8386528777514e-07
5.12641866909581e-07
2.97332282807557e-07
1.72452724028383e-07
1.00022579936462e-07
5.80130963631481e-08
3.36475958906259e-08
1.9515605616563e-08
1.13190512576065e-08
6.56504972941179e-09
3.80772884305884e-09
2.20848272897413e-09
1.28091998280499e-09
7.42933590026896e-10
4.309014822156e-10
2.49922859685048e-10
1.44955258617328e-10
8.40740499980501e-11
0.420000000048763
0.243600000028282
0.561288000016404
0.325547040009514
0.188817283205518
0.109514024259201
0.0635181340703363
0.0368405177607951
0.0213675003012611
0.0123931501747315
0.00718802710134425
0.00416905571877966
0.0024180523168922
0.00140247034379748
0.000813432799402537
0.000471791023653472
0.000273638793719014
0.000158710500357028
9.20520902070762e-05
5.33902123201042e-05
3.09663231456604e-05
1.7960467424483e-05
1.04170711062002e-05
6.04190124159609e-06
3.50430272012573e-06
2.03249557767293e-06
1.1788474350503e-06
6.83731512329172e-07
3.9656427715092e-07
2.30007280747533e-07
1.33404222833569e-07
7.73744492434702e-08
4.48771805612127e-08
2.60287647255034e-08
1.5096683540792e-08
8.75607645365934e-09
5.07852434312242e-09
2.945544119011e-09
1.70841558902638e-09
9.908810416353e-10
5.74711004148474e-10
3.33332382406115e-10
1.93332781795547e-10
1.12133013441417e-10
6.50371477960219e-11
3.77215457216927e-11
2.18784965185818e-11
1.26895279807774e-11
7.35992622885090e-12
4.26875721273352e-12
2.47587918338544e-12
1.43600992636356e-12
8.32885757290863e-13
4.83073739228701e-13
2.80182768752646e-13
1.62506005876535e-13
9.42534834083902e-14
5.46670203768663e-14
3.17068718185825e-14
0.840000000000019
0.487200000000011
0.282576000000006
0.163894080000004
0.515058566400002
0.298733968512001
0.173265701736961
0.100494107007437
0.0582865820643136
0.0338062175973019
0.439607606206435
0.254972411599732
0.147883998727845
0.08577271926215
0.469748177172047
0.272453942759787
0.158023286800677
0.0916535063443924
0.473159033679748
0.274432239534254
0.159170698929867
0.0923190053793229
0.0535450231200073
0.0310561134096042
0.43801254577757
0.254047276550991
0.147347420399575
0.505461503831753
0.293167672222417
0.170037249889002
0.098621604935621
0.0572005308626602
0.0331763079003429
0.0192422585821989
0.0111605099776754
0.0064730957870517
0.00375439555648999
0.00217754942276419
0.00126297866520323
0.420732527625818
0.244024866022974
0.141534422293325
0.0820899649301286
0.0476121796594746
0.0276150642024952
0.0160167372374472
0.0092897075977194
0.00538803040667725
0.00312505763587281
0.00181253342880623
0.00105126938870761
0.000609736245450415
0.000353647022361241
0.00020511527296952
0.000118966858322321
6.90007778269464e-05
0.42004002045114
0.243623211861661
0.141301462879763
0.0819548484702627
0.0475338121127524
0.0275696110253964
0.0159903743947299
0.00927441714894334
0.00537916194638714
0.423119913928905
0.665409550078765
0.385937539045684
0.223843772646496
0.129829388134968
0.0753010451182814
0.463674606168603
0.26893127157779
0.155980137515118
0.0904684797587685
0.0524717182600857
0.0304335965908497
0.437651486022693
0.253837861893162
0.147225959898034
0.0853910567408596
0.0495268129096986
0.0287255514876252
0.0166608198628226
0.00966327552043711
0.00560469980185352
0.423250725885075
0.245485421013344
0.142381544187739
0.0825812956288888
0.0478971514647555
0.0277803478495582
0.0161126017527437
0.849345309016591
0.492620279229623
0.285719761953181
0.165717461932845
0.0961161279210502
0.0557473541942091
0.0323334654326413
0.0187534099509319
0.0108769777715405
0.426308647107494
0.247259015322346
0.143410228886961
0.0831779327544373
0.0482432009975736
0.447981056578593
0.259829012815584
0.150700827433039
0.0874064799111624
0.0506957583484742
0.029403539842115
0.0170540531084267
0.00989135080288749
0.00573698346567474
0.00332745041009135
0.421929921237853
0.244719354317955
0.141937225504414
0.08232359079256
0.0477476826596848
0.0276936559426172
0.016062320446718
0.00931614585909641
0.00540336459827592
0.00313395146700003
0.00181769185086002
0.00105426127349881
0.00061147153862931
0.420354653492405
0.663805699025595
0.805007305434845
0.46690423715221
0.270804457548282
0.157066585378003
0.091098619519242
0.0528371993211603
0.030645575606273
0.0177744338516383
0.0103091716339502
0.00597931954769114
0.423468005337661
0.245611443095843
0.142454636995589
0.0826236894574417
0.0479217398853162
0.0277946091334834
0.0161208732974204
0.00935010651250381
0.00542306177725221
0.00314537583080628
0.00182431798186764
0.00105810442948323
0.000613700569100275
0.000355946330078159
0.000206448871445332
0.000119740345438293
6.94494003542098e-05
0.420040280652205
0.243623362778279
0.141301550411402
0.0819548992386131
0.0475338415583956
0.0275696281038694
0.0159903843002443
0.00927442289414168
0.00537916527860217
0.00311991586158926
0.00180955119972177
0.00104953969583863
0.000608733023586404
0.000353065153680114
0.000204777789134466
0.00011877111769799
6.88872482648344e-05
3.9954603993604e-05
0.420023173670316
0.243613440728783
0.141295795622694
0.0819515614611627
0.0475319056474744
0.0275685052755351
0.0159897330598104
0.00927404517469002
0.00537894620132021
0.00311978879676572
0.00180947750212412
0.00104949695123199
0.000608708231714554
0.420353050774394
0.243804769449149
0.141406766280506
0.0820159244426936
0.0475692361767623
0.0275901569825221
0.0160022910498628
0.00928132880892045
0.00538317070917386
0.00312223901132084
0.00181089862656609
0.00105032120340833
0.000609186297976831
0.000353328052826562
0.000204930270639406
0.000118859556970855
6.89385430430962e-05
3.99843549649958e-05
2.31909258796975e-05
1.34507370102246e-05
7.80142746593025e-06
4.52482793023955e-06
2.62440019953894e-06
1.52215211573258e-06
8.82848227124898e-07
0.420000512051972
0.243600296990144
0.141288172254283
0.0819471399074843
0.0475293411463409
0.0275670178648777
0.0159888703616291
0.00927354480974486
0.00537865598965202
0.00311962047399817
0.00180937987491894
0.00104944032745298
0.000608675389922731
0.000353031726155184
0.000204758401170007
0.000118759872678604
6.88807261535903e-05
3.99508211690823e-05
2.31714762780678e-05
1.34394562412793e-05
7.79488461994199e-06
4.52103307956636e-06
2.62219918614849e-06
1.52087552796612e-06
8.82107806220351e-07
5.11622527607803e-07
2.96741066012526e-07
1.72109818287265e-07
9.98236946066137e-08
5.78977428718359e-08
3.35806908656648e-08
1.94768007020856e-08
1.12965444072097e-08
6.5519957561816e-09
3.80015753858533e-09
2.20409137237949e-09
0.420000001278373
0.243600000741456
0.141288000430045
0.0819470402494259
0.047529283344667
0.0275669843399069
0.015988850917146
0.00927353353194467
0.00537864944852791
0.00311961668014619
0.00180937767448479
0.00104943905120118
0.000608674649696683
0.000353031296824076
0.000204758152157964
0.000118759728251619
6.88806423859391e-05
0.420039950772584
0.663623171448099
0.384901439439897
0.22324283487514
0.129480844227581
0.0750988896519972
0.0435573559981584
0.445263266478932
0.25825269455778
0.149786562843513
0.0868762064492374
0.0503881997405577
0.0292251558495234
0.436950590392724
0.25343134242778
0.566990178608112
0.328854303592705
0.190735496083769
0.530626587728586
0.30776342088258
0.178502784111896
0.1035316147849
0.0600483365752419
0.0348280352136403
0.0202002604239114
0.431716151045869
0.250395367606604
0.14522931321183
0.504233001662862
0.71245514096446
0.413223981759387
0.239669909420444
0.559008547463858
0.324224957529037
0.188050475366842
0.109069275712768
0.0632601799134055
0.0366909043497752
0.0212807245228696
0.0123428202232644
0.427158835729493
0.247752124723106
0.143696232339402
0.503343814756853
0.291939412558975
0.169324859284205
1.35820841838484
0.787760882663207
0.45690131194466
0.265002760927903
0.153701601338184
0.0891469287761465
0.471705218690165
0.273589026840296
0.158681635567371
0.0920353486290754
0.0533805022048638
0.450960691278821
0.261557200941716
0.571703176546195
1.17158784239679
1.51952094859014
0.881322150182281
0.511166847105723
0.296476771321319
0.171956527366365
0.0997347858724918
0.477846175806045
0.277150781967506
0.160747453541154
0.0932335230538691
0.0540754433712441
0.451363757155322
0.261790979150087
0.57183876790705
0.751666485386089
0.435966561523932
0.25286060568388
0.146659151296651
0.0850623077520574
0.0493361384961933
0.0286149603277921
0.0165966769901194
0.00962607265426926
0.00558312213947617
0.00323821084089618
0.00187816228771978
0.421089334126877
0.244231813793589
0.141654452000282
0.0821595821601633
0.0476525576528947
0.0276384834386789
0.0160303203944338
0.00929758582877159
0.425392599780688
0.246727707872799
0.143102070566223
0.50299920092841
0.291739536538478
0.169208931192317
0.0981411800915438
0.0569218844530954
0.0330146929827953
0.0191485219300213
0.0111061427194124
0.00644156277725916
0.00373610641081031
0.42216694171827
0.664856826196597
0.385616959194026
0.223657836332535
0.12972154507287
0.0752384961422648
0.463638327762514
0.268910230102258
0.15596793345931
0.0904614014063995
0.472467612815712
0.274031215433113
0.158938104951205
0.512184100871699
0.297066778505585
0.17229873153324
0.0999332642892789
0.0579612932877818
0.453617550106913
0.26309817906201
0.152596943855966
0.50850622743646
0.294933611913147
0.591061494909625
0.342815667047583
0.198833086887598
0.115323190394807
0.0668874504289879
0.038794721248813
0.0225009383243115
0.0130505442281007
0.0075693156522984
0.00439020307833307
0.00254631778543318
0.00147686431555124
0.42085658130302
0.244096817155751
0.141576153950336
0.0821141692911948
0.047626218188893
0.447623206549558
0.259621459798744
0.150580446683271
0.0873366590762973
0.0506552622642524
0.0293800521132664
0.0170404302256945
0.00988344953090282
0.00573240072792364
0.00332479242219571
0.00192837960487351
0.00111846017082664
0.42064870689908
0.243976250001466
0.14150622500085
0.0820736105004932
0.0476026940902861
0.0276095625723659
0.0160135462919722
0.00928785684934389
0.00538695697261946
0.00312443504411928
0.00181217232558919
0.421051059948842
0.664209614770328
0.38524157656679
0.223440114408738
0.129595266357068
0.4951652544871
0.287195847602518
0.16657359160946
0.096612683133487
0.0560353562174224
0.032500506606105
0.0188502938315409
0.0109331704222937
0.00634123884493036
0.00367791853005961
0.00213319274743457
0.421237251793512
0.244317606040237
0.561704211503337
0.745788442671936
0.852557296749723
0.914483232114839
0.950400274626607
0.971232159283432
0.56331465238439
0.746722498382947
0.433099049062109
0.251197448456023
0.145694520104493
0.0845028216606062
0.889011636563152
0.935626749206628
0.542663514539844
0.31474483843311
0.182552006291204
0.105880163648898
0.0614104949163609
0.0356180870514893
0.440658490489864
0.255581924484121
0.14823751620079
0.0859777593964583
0.0498671004499458
0.448922918260969
0.260375292591362
0.15101766970299
0.0875902484277341
0.0508023440880858
0.0294653595710897
0.0170899085512321
0.00991214695971459
0.00574904523663446
0.423334446237248
0.245533978817604
0.14240970771421
0.0825976304742419
0.46790662567506
0.271385842891535
0.57740378887709
0.754894197548712
0.437838634578253
0.253946408055387
0.147288916672124
0.0854275716698321
0.0495479915685026
0.448737835109732
0.260267944363644
0.150955407730914
0.0875541364839299
0.0507813991606793
0.029453211513194
0.0170828626776525
0.00990806035303847
0.00574667500476231
0.00333307150276214
0.00193318147160204
0.00112124525352918
0.420650322247047
0.243977186903287
0.141506768403907
0.0820739256742658
0.0476028768910742
0.027609668596823
0.0160136077861573
0.00928789251597126
0.00538697765926333
0.00312444704237273
0.00181217928457618
0.00105106398505419
0.000609617111331428
0.420353577924572
0.663805075196252
0.385006943613826
0.643304027296019
0.373116335831691
1.05640747478238
1.03271633537378
1.01897547451679
2.27100577521974
2.57718334962745
1.91476634278392
1.11056447881467
1.48412739771251
1.28079389067326
1.16286045659049
1.51445906482248
0.87838625759704
0.929464029406283
1.37908913705564
1.21987169949227
1.96752558570552
2.4011648397092
1.81267560703134
1.05135185207818
1.86978407420534
1.0844747630391
1.88899536256268
1.93561731028635
1.12265803996608
1.07114166318033
1.46126216464459
1.68753205549386
1.39876859218644
1.23128578346814
1.55414575441152
2.16140453755868
1.67361463178404
2.23069648643474
1.71380396213215
2.25400629803665
1.30732365286126
1.59824771865953
1.34698367682253
2.04125053255707
2.0239253088831
1.5938766791522
2.18444847390827
2.9469801148668
2.96924846662274
4.24216411064119
3.30045518417189
1.9142640068197
1.53027312395542
1.72755841189415
2.6819838788986
2.39555064976119
1.80941937686149
1.46946323857966
2.11228867837621
2.4851274334582
2.70137391140576
1.56679686861534
3.4287421837969
2.4086704666022
1.39702887062928
1.65027674496498
2.21716051207969
2.96595309700622
3.40025279626361
4.07214662183289
4.46184504066308
4.68787012358458
3.97896467167906
3.56779950957385
2.06932371555284
2.46020775502064
3.94692049791197
2.28921388878894
1.74774405549759
1.8536915521886
1.49514110026939
0.867181838156245
1.34296546613062
1.61891997035576
3.03897358280634
2.18260467802768
2.10591071325605
2.48142821368851
1.85922836393934
1.49835245108481
3.38904442162919
3.22564576454493
3.55087454343606
2.89950723519292
2.52171419641189
2.7225942339189
1.57910465567296
1.75588070029032
1.85841080616838
1.91787826757766
1.11236939519504
1.48517424921313
2.54140106454361
2.3140126174353
2.60212731811247
2.76923384450523
4.54615562981304
3.47677026529156
3.6965267538691
3.40398551724408
3.65431160000157
2.95950072800091
2.55651042224053
2.32277604489951
1.34721010604171
1.62138186150419
2.62040147967243
3.61983285821001
3.77950305776181
3.03211177350185
4.27862482863107
2.90160240060602
3.36292939235149
2.37049904756387
2.21488944758704
2.96463587960048
4.23948881016828
2.8789035098976
3.34976403574061
2.36286314072955
1.37046062162314
0.794867160541422
1.30102295311402
1.59459331280613
1.76486412142756
1.44362119042798
2.93730029044823
4.22363416845997
4.54970781770678
2.63883053426993
3.63052170987656
3.36570259172841
2.37210750320248
1.37582235185744
1.21797696407731
0.706426639164841
1.24972745071561
3.24484192141505
2.30200831442073
2.59516482236402
2.76519559697113
2.44381344624326
3.09741179882109
2.21649884331623
2.12556932912341
1.23283021089158
1.55504152231712
1.32192408294393
1.60671596810748
3.03189526150234
2.59849925167136
2.34712956596939
2.62133514826224
1.9403743859921
2.38541714387542
2.64354194344774
4.05325432719969
3.19088750977582
2.69071475566998
1.98061455828859
2.82875644380738
2.06067873740828
2.0351936676968
1.60041232726415
2.1882391498132
3.36917870689166
3.21412364999716
1.86419171699835
1.50123119585905
1.29071409359825
1.58861417428698
1.76139622108645
2.28160980823014
1.32333368877348
1.60753353948862
1.3523694529034
0.784374282683971
0.454937083956703
1.10386350869489
1.06024083504304
1.87493968432496
1.92746501690848
1.95792970980692
1.13559923168801
1.07864755437905
0.625615581539847
0.362857037293111
0.210457081630005
1.3820651073454
0.801597762260334
0.884926702110993
1.35325748722438
0.784889342590138
1.71523581870228
0.994836774847322
0.577005329411447
1.17466309105864
0.681304592814011
0.815156663832126
0.892790865022633
0.937818701713127
0.963934846993614
1.3990822112563
0.811467682528652
0.890651255866618
0.516577728402638
0.29961508247353
0.173776747834648
0.100790513744096
0.0584584979715754
0.453905928823514
0.683265438717638
0.39629395445623
0.229850493584613
0.133313286279076
0.0773217060418639
0.0448465895042811
0.446011021912483
0.25868639270924
0.570038107771359
0.330622102507388
1.03176081945429
0.598421275283485
0.347084339664422
0.201308917005364
0.116759171863111
0.0677203196806046
0.0392777854147507
0.0227811155405554
0.0132130470135221
0.00766356726784283
0.00444486901534884
0.00257802402890233
0.00149525393676335
0.000867247283322743
0.000503003424327191
0.000291741986109771
0.000169210351943667
9.81420041273268e-05
5.69223623938496e-05
3.30149701884327e-05
1.9148682709291e-05
1.11062359713888e-05
6.44161686340549e-06
3.73613778077518e-06
2.16695991284961e-06
1.25683674945277e-06
7.28965314682607e-07
4.22799882515912e-07
2.45223931859229e-07
1.42229880478353e-07
8.24933306774446e-08
4.78461317929179e-08
2.77507564398924e-08
1.60954387351376e-08
9.33535446637979e-09
0.420000005414506
0.243600003140413
0.14128800182144
0.081947041056435
0.0475292838127323
0.447566984611385
0.259588851074603
0.15056153362327
0.0873256895014965
0.050648899910868
0.0293763619483034
0.017038289930016
0.00988220815940927
0.00573168073245737
0.00332437482482528
0.00192813739839866
0.00111831969107122
0.000648625420821309
0.420376202744076
0.243818197591564
0.561414554603107
0.745620441669802
0.432459856168485
0.250826716577721
0.145479495615078
0.504378107456745
0.712539302324912
0.833272795348449
0.903298221302101
0.523912968355218
1.14386952164603
1.5034443225547
0.871997707081723
0.505758670107399
1.13334002866229
1.49733721662413
0.868455585641995
0.923704239672357
0.535748459009967
0.730734106225781
0.423825781610953
0.665818953334353
1.64617499293392
1.79478149590168
1.46097326762297
2.94736449522132
1.70947140722837
0.991493416192453
0.575066181391623
0.753538385207141
0.437052263420142
0.253490312783682
0.147024381414536
0.925274141220431
1.37665900190785
2.47846222110655
1.4375080882418
1.67375469118024
1.81077772088454
1.05025107811303
1.02914562530556
1.01690446267722
1.84980458835279
1.91288666124462
3.20947426352188
2.28149507284269
2.58326714224876
1.91829494250428
1.53261106665248
2.56891441865844
1.9099703628219
1.5277828104367
2.56611403005329
1.90834613743091
2.36684075970993
1.37276764063176
1.21620523156642
1.54539903430852
1.31633143989894
2.02347223514139
1.173613896382
1.52069605990156
1.72200371474291
1.83876215455089
2.32648204963951
1.76935958879092
1.44622856149873
1.25881256566926
1.15011128808817
1.92706454709114
2.37769743731286
2.21906451364146
1.28705741791205
2.42649330238899
1.82736611538561
1.47987234692366
0.85832596121572
0.497829057505118
1.54874085335297
1.31826969494472
0.764596423067939
1.2834659253794
2.84441023672005
2.06975793729763
3.72045960363263
3.41786657010692
2.82236261066202
2.05697031418397
2.4530427822267
3.10276481369149
4.31960359194106
2.92537008332582
2.11671464832897
2.0676944960308
2.45926280769787
1.42637242846476
2.50729600850956
2.29423168493555
2.59065437726262
1.92257953881232
1.53509613251114
3.41035575685646
2.81800633897675
1.63444367660651
1.36797733243178
1.21342685281043
1.12378757463005
1.07179679328543
1.88164214010555
1.93135244126122
1.54018441593151
1.31330696124027
1.60171803751936
0.928996461761228
1.37881794782151
2.05971440973648
2.03463435764716
2.02008792743535
1.5916509979125
1.34315757878925
1.61903139569777
1.3590382095047
0.788242161512728
0.877180453677383
0.508764663132882
1.55508350461707
1.7419484326779
1.01033009095318
1.42599145275285
1.24707504259665
1.98330352470606
1.57031604432951
0.910783305711118
0.948254317312448
1.38998750404122
0.806192752343908
0.887591796359466
0.51480324188849
0.298585880295324
0.593179810571288
0.344044290131347
0.619545688276181
0.779336499200185
1.29201516953611
2.84936879833094
1.65263390303195
0.958527663758529
1.39594604497995
0.809648706088369
1.30959624953125
1.17956582472813
1.94414817834231
1.54760594343854
1.73761144719435
1.84781463937273
2.75173249083618
2.01600484468498
2.84928280991729
3.33258402975203
2.77289873725618
3.70828126760858
4.25080313521298
3.30546581842353
2.33717017468565
2.19555870131767
1.69342404676425
3.08218594712327
3.46766784933149
2.85124735261227
2.07372346451511
2.88275960941877
2.51200057346288
1.87696033260847
1.50863699291291
1.29500945588949
2.0111054844159
3.26644118096122
2.31453588495751
2.60243081327536
1.92940987169971
2.79905772558583
2.04345348083978
1.18520301888707
1.1074177509545
2.74230229555361
3.69053533142109
2.98051049222423
2.14869608549006
1.66624372958423
1.38642136315885
2.06412439063214
1.61719214656664
0.937971445008651
1.38402343810502
0.80273359410091
0.465585484578528
1.11003958105555
1.48382295701222
0.860617315067086
0.91915804273891
0.533111664788568
0.309204765577369
0.179338764034874
0.104016483140227
0.0603295602213316
0.0349911449283723
0.440294864058456
1.0953710211539
0.635315192269265
0.788482811516173
0.877320030679381
0.928845617794041
0.538730458320544
1.15246366582592
0.668428926179031
0.387688777183838
0.224859490766626
0.550418504644643
0.739242732693893
0.428760784962458
0.248681255278226
0.144235128061371
0.0836563742755951
0.0485206970798451
0.0281420043063102
0.0163223624976599
0.00946697024864274
0.00549084274421279
0.00318468879164342
0.00184711949915318
0.00107132930950885
0.420621370999515
0.243960395179719
0.141497029204237
0.0820682769384574
0.0475996006243053
0.447607768362097
0.259612505650016
0.150575253277009
0.0873336469006655
0.050653515202386
0.0293790388173839
0.0170398425140826
0.00988310865816793
0.0057322030217374
0.00332467775260769
0.00192831309651246
0.00111842159597723
0.000648684525666792
0.000376237024886739
0.000218217474434309
0.000126566135171899
7.34083583997014e-05
4.25768478718268e-05
2.46945717656596e-05
1.43228516240825e-05
8.30725394196788e-06
0.420004818207286
0.243602794560226
0.141289620844931
0.08194798009006
0.0475298284522348
0.0275673005022962
0.0159890342913318
0.00927363988897244
0.00537871113560401
0.00311965245865033
0.00180939842601719
0.00104945108708997
0.000608681630512182
0.000353035345697066
0.000204760500504298
0.420118761090293
0.24366888143237
0.561327951230775
0.745570211713849
0.852430722794033
0.494409819220539
0.286757695147912
0.166319463185789
0.0964652886477578
0.0559498674156995
0.0324509231011057
0.0188215353986413
0.010916490531212
0.00633156450810294
1.6836723074147
0.976529938300526
0.986387364214305
0.572104671244297
0.331820709321692
0.192456011406581
0.111624486615817
0.064742202237174
0.457550477297561
0.265379276832585
0.153919980562899
0.0892735887264817
0.0517786814613594
0.450031635247588
0.261018348443601
0.991390642097289
2.25500657241643
1.72790381200153
1.42218421096089
1.24486684235731
0.722022768567242
0.418773205769
0.66288845934602
0.384475306420692
0.642995677724001
1.63293749307992
0.947103745986354
1.80932017267209
2.30940570014981
2.17945530608689
1.6840840775304
1.39676876496763
1.23012588368123
0.713473012535111
0.413814347270364
0.240012321416811
0.13920714642175
0.0807401449246153
0.886829284056277
1.35436098475264
0.785529371156531
0.875607035270788
1.76785208045706
1.86535420666509
1.92190543986575
1.53470515512214
1.73012898997084
1.42347481418309
1.66561539222619
1.38605692749119
1.64391301794489
1.37346955040804
0.796612339236661
0.462035156757263
0.687980390919213
0.819028626733143
1.31503660350522
0.762721230033029
0.862378313419157
2.18017942178311
2.1045040646342
2.90061235748784
2.10235516734295
1.63936599705891
1.79083227829417
2.29868272141062
1.33323597841816
3.29327686748253
2.33010058313987
2.19145833822112
1.27104583616825
2.41720658497759
2.241979819287
2.56034829518646
2.32500201120815
2.60850116650073
2.35293067657042
2.62469979241084
2.36232587959829
1.37014901016701
0.794686425896864
0.880918127020181
0.510932513671705
1.13634085792959
0.659077697599162
2.06226506460751
2.45611373747236
1.84454596773397
1.4898366612857
1.28410526354571
0.74478105285651
0.851973010656776
0.49414434618093
1.12660372078494
1.49343015805526
2.54618949167205
1.47678990516979
1.69653814499848
0.983992124099118
0.990715431977488
1.83461495054694
2.32407667131723
1.34796446936399
1.62181939223112
1.78065524749405
1.87278004354655
1.506212425257
0.873603206649058
0.926689859856454
0.537480118716743
1.57173846885571
0.911608311936312
0.948732820923061
2.23026503613538
2.97355372095852
2.56466115815594
2.32750347173045
2.18995201360366
1.27017216789012
1.57669985737627
0.914485917278237
0.950401832021377
1.3912330625724
0.806915176291991
1.72801080224936
1.00224626530463
1.42130283387668
1.24435564364848
0.721726273316116
2.51860123852335
2.30078871834354
2.59445745663925
1.92478532485077
3.63637548841345
2.5290977832798
2.30687671430228
1.33798849429532
1.61603332669129
2.19729932948095
2.11443361109895
1.64637149443739
1.37489546677369
2.05743937072874
2.45331483502267
3.52292260431315
3.30329511050163
3.17591116409094
3.10202847517275
2.21917651560019
1.70712237904811
0.990130979847905
0.994275968311785
1.41668006162084
1.66167443574008
2.22377117272925
2.12978728018296
2.49527662250612
1.44726044105355
3.35941105581106
2.36845841237041
1.37370587917484
1.21674940992141
1.12571465775442
0.652914501497561
0.378690410868586
2.31964043830378
2.18539145421619
1.26752704344539
2.83516568519833
2.06439609741503
1.61734973650072
1.77806284717042
1.45127645135884
2.52174034178813
3.14260939823711
2.66271345097753
1.96437380156696
1.97933680490884
2.40801534684713
1.39664890117133
1.23005636267937
0.713432690354037
1.67379096040534
1.3907987570351
1.22666327908036
1.13146470186661
1.07624952708263
1.04422472570793
0.605650340910597
1.19127719772815
1.11094077468232
1.48434564931575
1.70092047660313
1.40653387642982
0.815789648329294
0.893157996030991
1.35803163769797
1.20765834986483
0.700441842921599
0.406256268894527
0.655628635958826
0.800264608856119
0.884153473136549
0.932809014419198
0.961029228363135
0.557396952450618
0.323290232421359
1.02750833480439
0.595954834186545
0.765653803828196
0.864079206220354
0.501165939607805
0.290676244972527
1.00859222208407
0.584983488808758
0.33929042350908
0.616788445635266
0.357737298468454
0.207487633111704
0.540342827204788
0.733398839778777
0.845371327071691
0.490315369701581
0.284382914426917
0.164942090367612
0.0956664124132148
0.0554865191996646
0.0321821811358054
0.0186656650587672
0.430826085734085
0.669879129725769
0.388529895240946
0.225347339239749
0.130701456759054
0.0758068449202515
0.0439679700537459
0.0255014226311726
0.85479082512608
0.915778678573127
0.531151633572413
0.308067947472
0.17867940953376
0.103634057529581
0.0601077533671568
0.0348624969529509
0.440220248232712
0.255327743974973
0.148090091505484
0.0858922530731808
0.0498175067824449
0.028894153933818
0.0167586092816144
0.00971999338333638
0.0056375961623351
0.00326980577415436
0.00189648734900953
0.00109996266242553
0.000637978344206805
0.000370027439639947
0.000214615914991169
0.000124477230694878
7.21967938030293e-05
0.420041874140406
0.243624287001435
0.141302086460833
0.0819552101472829
0.047534021885424
0.0275697326935459
0.0159904449622566
0.00927445807810886
0.00537918568530314
0.00311992769747582
0.00180955806453597
0.00104954367743087
0.42060873533291
0.243953066493088
0.141492778565991
0.0820658115682747
0.0475981707095993
0.0276069390115676
0.0160120246267092
0.00928697428349134
0.425386445084425
0.246724138148966
0.143100000126401
0.0829980000733123
0.468138840042521
0.691520527224662
0.401081905790304
0.232627505358376
0.134923953107858
0.0782558928025578
0.0453884178254835
0.44632528233878
0.258868663756493
0.150143824978766
0.0870834184876841
0.0505083827228568
0.0292948619792569
0.436991019947969
0.673454791569822
0.810603779110497
0.470150191884088
0.272687111292771
0.998158524549807
0.998931944238888
0.579380527658555
0.756040706041962
1.27850360950434
1.58153209351252
0.917288614237259
0.95202739625761
0.972175889829414
0.56386201610106
0.327039969338615
0.189683182216397
0.95001624568551
3.0710094224976
2.62118546504861
1.52028756972819
0.881766790442351
0.511424738456563
0.716626348304807
0.415643282016788
2.76107310356974
3.28142240007045
3.58322499204086
3.3382704953837
2.35619688732254
2.62659419464708
1.9434246328953
1.12718628707928
0.65376804650598
2.05918546697347
1.61432757084461
1.77630999108987
2.29025979483213
1.32835068100263
0.770443394981528
0.866857169089286
0.922777158071786
1.79521075168164
2.30122223597535
2.1747088968657
2.10133116018211
2.47877207290562
2.27768780228526
1.74105892532545
2.26981417668876
1.73649222247948
1.0071654890381
1.8441559836421
3.16961047051242
1.8383740728972
1.90625696228038
2.36562903812262
2.63206484211112
3.62659760842445
2.94342661288618
2.54718743547398
3.57736871257491
3.75487385329345
2.5978268349102
3.18673956424792
2.68830894726379
3.239219189413
2.71874712985954
1.57687333531853
2.17458653448475
2.94126019000116
1.70593091020067
1.82943992791639
1.90107515819151
2.36262359175107
1.79032168321562
2.71838657626506
2.41666421423374
2.24166524425557
1.72016584166823
1.41769618816757
5.44226378913719
4.41651299769957
3.40157753866575
2.39291497242614
2.64789068400716
3.21577659672415
2.28515042610001
2.58538724713801
1.91952460334004
1.53332426993722
0.88932807656359
1.35581028440688
2.46636996495599
2.27049457967448
3.4168868562112
3.66179437660249
2.54384073842945
1.89542762828908
1.09934802440767
0.637621854156446
0.789820675410739
0.878095991738228
1.34929567520817
1.62259149162074
1.78110306514003
1.45303977778122
0.842763071113106
0.908802581245601
0.947105497122449
1.38932118833102
2.48580628923199
1.86176764775456
1.49982523569764
2.12989863670463
1.65534120928869
1.38009790138744
1.22045678280471
1.54786493402673
1.31776166173551
0.764301763806593
1.28329502300782
1.16431111334454
1.09530044573983
0.635274258529103
0.78845906994688
1.29730626056919
1.17243763113013
1.10001382605548
0.638008019112176
0.370044651085062
0.634625897629336
0.788083020625015
2.13708815196251
1.65951112813825
0.962516454320188
1.39825954350571
1.65099053523331
2.63757451043532
1.94979321605249
2.39088006531044
2.22671043788006
2.13149205397043
2.91626539130285
2.53143392695565
2.30823167763428
3.43877437302788
1.99448913635617
1.15680369908658
1.09094614547022
1.89274876437273
1.09779428333618
2.73672068433499
2.42729799691429
2.66783283821029
1.54734304616197
1.73745896677394
1.00772620072889
1.00448119642275
1.0025990939252
1.42150747447661
2.08447433519644
1.62899511441393
3.46481716636008
2.84959395648885
1.65276449476353
2.21860340696285
1.70678997603845
2.2499381861023
1.30496414793934
2.01687920580481
1.16978993936679
2.35847816483274
1.78791733560299
1.87699205464973
1.08865539169685
0.63142012718417
0.786223673766819
1.29600973078475
1.59168564385516
0.923177673435992
2.21544305059288
2.12495696934387
1.65247504221944
2.63843552448728
1.95029260420262
2.39116971043752
1.38687843205376
1.22438949059118
1.55014590454289
0.899084624634873
0.521469082288227
1.14245206772717
1.50262219928176
0.87152087558342
0.925482107838384
0.536779622546263
0.731332181076832
0.844172665024563
1.32962014571425
1.19117968451426
1.11088421701827
1.0643128458706
0.617301450604947
0.358034841350869
0.207660207983504
0.540442920630432
0.313456893965651
0.181804998500077
0.945446899130045
0.548359201495426
0.738048336867347
0.848068035383061
0.911879460522176
0.528890087102862
0.30675625051966
0.177918625301403
0.103192802674814
0.479851825551392
0.278314058819807
0.161422154115488
0.0936248493869831
0.0543024126444502
0.451495399333781
1.10186733161359
0.639083052335884
0.370668170354813
0.214987538805791
0.124692772507359
0.0723218080542682
0.0419466486714756
0.0243290562294558
0.0141108526130844
0.428184294515589
0.248346890819042
0.564041196675044
0.327143894071526
0.189743458561485
0.110051205965661
0.0638296994600835
0.0370212256868484
0.0214723108983721
0.0124539403210558
0.00722328538621237
0.00418950552400317
0.00242991320392184
0.00140934965827467
0.000817422801799307
0.420474105225044
0.243874981030525
0.141447488997705
0.0820395436186687
0.467582935298828
1.11119810247332
0.644494899434526
0.373807041672025
0.216808084169774
0.125748688818469
0.0729342395147121
0.042301858918533
0.0245350781727492
0.0142303453401945
0.00825360029731281
0.00478708817244143
0.00277651114001603
0.0016103764612093
0.000934018347501392
0.000541730641550807
0.000314203772099468
0.420182238187818
0.243705698148934
0.141349304926382
0.0819825968573015
0.0475499061772349
0.0275789455827962
0.0159957884380218
0.00927755729405265
0.425380983230551
0.246720970273719
0.143098162758757
0.502996934400079
0.291738221952046
0.169208168732187
0.0981407378646682
0.0569216279615076
0.0330145442176744
0.0191484356462511
0.0111060926748257
0.426441533751399
0.667336089575811
0.387054931953971
1.9044918605333
1.10460527910932
1.0606710618834
0.615189215892374
0.776809745217577
0.450549652226195
0.261318798291193
0.571564903008892
0.751507643745157
0.435874433372191
0.252807171355871
0.566628159386405
1.58864433244412
0.921413712817587
1.7944199534342
1.04076357299184
1.02364287233527
1.01371286595445
1.00795346225358
1.00461300810708
0.582675544702105
0.337951815927221
0.196012053237788
0.113686990877917
0.905938454709192
0.945444303731331
0.548357696164172
1.15804746377522
1.51166752898963
0.876767166813984
0.928524956752111
1.37854447491622
1.63955579545141
2.21094236136182
2.54234656958985
1.89456101036212
2.35884538601003
1.78813032388582
1.03711558785377
1.44152704095519
1.67608568375401
0.972129696577325
1.82383522401485
1.47782442992861
1.6971381693586
1.40434013822799
1.23451728017223
1.97602002249989
1.98609161304994
2.83193313556896
1.64252121863
1.3726623068054
1.21614413794713
0.705363600009336
0.409110888005415
1.07728431504314
1.04482490272502
0.605998443580512
0.771479097276697
1.28745787642048
1.16672556832388
0.676700829627851
1.65248648118415
1.79844215908681
1.04309645227035
1.0249959423168
1.43449764654375
1.67200863499537
0.969765008297316
0.562463704812443
0.326228948791217
0.609212790298906
0.353343418373365
0.624939182656552
0.3624647259408
1.05022954104566
2.28913313380649
1.32769721760776
1.6100643862125
2.19383734400325
1.69242565952189
1.82160688252269
2.31653199186316
1.76358855528063
2.70288136206277
1.98767118999641
1.99284929019792
1.57585258831479
0.913994501222579
0.950116810709096
1.39106775021128
2.48681929512254
1.86235519117107
1.08016601087922
1.46649628630995
2.11056784605977
2.06412935071467
2.45719502341451
1.84517311358041
2.33020040587664
2.61151623540845
1.5146794165369
1.2985140615914
1.17313815572301
0.680420130319348
0.814643675585222
1.31249333183943
1.18124613246687
1.52512275683078
1.30457119896185
2.01665129539788
1.58965775133077
1.76200149577185
1.02196086754767
0.592737303177649
0.343787635843036
1.03939682878896
1.4428501606976
0.836853093204606
0.905374794058672
0.94511738055403
0.968168080721337
0.981537486818376
1.40929174235466
1.2373892105657
0.717685742128107
0.836257730434302
0.905029483651895
0.944917100518099
0.968051918300498
0.981470112614289
0.989252665316287
0.993766545883447
0.996384596612399
0.577903066035191
0.755183778300411
0.858006591414238
0.917643823020258
1.79223341735175
1.45949538206402
1.26650732159713
1.15457424652633
0.669653062985274
0.808398776531459
0.888871290388246
0.935545348425183
1.38261630208661
0.801917455210231
0.885112124021934
0.933365031932722
0.541351718520979
0.313983996742168
1.02211071811046
1.01282421650407
1.42743804557236
1.66791406643197
1.38739015853054
1.22468629194771
0.710318049329674
0.411984468611211
0.238950991794502
0.558591575240811
2.00398311363967
2.42231020591101
1.40493991942839
0.814865153268463
1.31262178889571
0.761320637559511
0.441565969784516
0.256108262475019
0.148542792235511
0.926154819496597
0.957169795308026
0.555158481278655
0.32199191914162
0.60675531310214
0.771918081599241
0.86771248732756
1.76327324264998
1.44269848073699
0.836765118827455
0.485323768919924
0.281487785973556
0.163262915864662
0.0946924912015042
0.0549216448968724
0.031854554040186
0.0184756413433079
0.430715871979119
0.249815205747889
0.144892819333775
0.92403783521359
0.955941944423882
0.974446327765852
0.565178870104194
0.327803744660432
0.190126171903051
0.110273179703769
0.0639584442281863
0.037095897652348
0.0215156206383619
0.0124790599702499
0.00723785478274493
0.00419795577399206
0.00243481434891539
0.00141219232237093
0.420819071546975
