0
0
0
0.25
0.55
0.73
0.438
0.2628
0.15768
0.094608
0.0567648
0.03405888
0.420435328
0.2522611968
0.15135671808
0.090814030848
0.0544884185088
0.03269305110528
0.019615830663168
0.0117694983979008
0.00706169903874048
0.00423701942324428
0.00254221165394657
0.00152532699236794
0.000915196195420765
0.000549117717252459
0.000329470630351475
0.000197682378210885
0.000118609426926531
7.11656561559187e-05
4.26993936935512e-05
2.56196362161307e-05
1.53717817296784e-05
0.400009223069038
0.240005533841423
0.144003320304854
0.0864019921829122
0.0518411953097473
0.0311047171858484
0.018662830311509
0.0111976981869054
0.00671861891214325
0.00403117134728595
0.00241870280837157
0.00145122168502294
0.000870733011013765
0.000522439806608259
0.000313463883964955
0.000188078330378973
0.000112846998227384
6.77081989364303e-05
4.06249193618582e-05
2.43749516171149e-05
1.4624970970269e-05
8.77498258216137e-06
5.26498954929682e-06
3.15899372957809e-06
1.89539623774686e-06
1.13723774264811e-06
6.82342645588868e-07
4.09405587353321e-07
2.45643352411992e-07
1.47386011447195e-07
8.84316068683173e-08
5.30589641209904e-08
3.18353784725942e-08
1.91012270835565e-08
0.400000011460736
0.240000006876442
0.144000004125865
0.086400002475519
0.0518400014853114
0.0311040008911868
0.0186624005347121
0.0111974403208273
0.00671846419249636
0.00403107851549781
0.00241864710929869
0.00145118826557921
0.000870712959347528
0.000522427775608517
0.00031345666536511
0.000188073999219066
0.00011284439953144
6.77066397188638e-05
4.06239838313183e-05
2.4374390298791e-05
1.46246341792746e-05
8.77478050756474e-06
5.26486830453884e-06
3.15892098272331e-06
1.89535258963398e-06
1.13721155378039e-06
0.400000682326932
0.240000409396159
0.144000245637696
0.0864001473826174
0.45184008842957
0.271104053057742
0.162662431834645
0.497597459100787
0.298558475460472
0.179135085276283
0.10748105116577
0.064488630699462
0.0386931784196772
0.0232159070518063
0.0139295442310838
0.00835772653865028
0.00501463592319017
0.0030087815539141
0.00180526893234846
0.00108316135940908
0.400649896815645
0.640389938089387
0.384233962853632
0.230540377712179
0.138324226627308
0.0829945359763846
0.0497967215858307
0.429878032951498
0.257926819770899
0.154756091862539
0.0928536551175237
0.0557121930705142
0.0334273158423085
0.0200563895053851
0.412033833703231
0.647220300221939
0.388332180133163
0.232999308079898
0.139799584847939
0.0838797509087632
0.0503278505452579
0.0301967103271548
0.0181180261962929
0.0108708157177757
0.00652248943066543
0.00391349365839926
0.00234809619503955
0.00140885771702373
0.400845314630214
0.240507188778129
0.144304313266877
0.0865825879601263
0.0519495527760758
0.431169731665645
0.258701838999387
0.155221103399632
0.0931326620397794
0.0558795972238676
0.433527758334321
0.260116655000592
0.556069993000355
0.333641995800213
0.600185197480128
0.360111118488077
0.216066671092846
0.129640002655708
0.0777840015934246
0.0466704009560547
0.0280022405736328
0.0168013443441797
0.0100808066065078
0.406048483963905
1.04362909037834
0.626177454227006
0.775706472536203
1.26542388352172
0.759254330113033
0.45555259806782
0.273331558840692
0.563998935304415
0.338399361182649
0.603039616709589
0.361823770025754
0.217094262015452
0.530256557209271
0.318153934325563
0.190892360595338
0.114535416357203
0.0687212498143216
0.0412327498885929
0.0247396499331558
0.0148437899598935
0.00890627397593607
0.00534376438556164
0.00320625863133699
0.00192375517880219
0.00115425310728131
0.000692551864368789
0.000415531118621273
0.000249318671172764
0.400149591202704
0.240089754721622
0.144053852832973
0.086432311699784
0.45185938701987
0.271115632211922
0.162669379327153
0.097601627596292
0.0585609765577752
0.435136585934665
0.261081951560799
0.156649170936479
0.0939895025618877
0.0563937015371326
0.0338362209222796
0.0203017325533677
0.0121810395320206
0.00730862371921238
0.00438517423152743
0.00263110453891646
0.40157866272335
0.24094719763401
0.144568318580406
0.0867409911482436
0.0520445946889461
0.0312267568133677
0.0187360540880206
0.0112416324528124
0.00674497947168742
0.00404698768301245
0.00242819260980747
0.00145691556588448
0.000874149339530689
0.000524489603718414
0.000314693762231048
0.000188816257338629
0.000113289754403177
6.79738526419064e-05
0.400040784311585
0.240024470586951
0.144014682352171
0.0864088094113024
0.0518452856467814
0.431107171388069
0.258664302832841
0.155198581699705
0.0931191490198229
0.455871489411894
0.273522893647136
0.164113736188282
0.498468241712969
0.699080945027782
0.419448567016669
0.251669140210001
0.151001484126001
0.0906008904756005
0.0543605342853603
0.0326163205712162
0.0195697923427297
0.0117418754056378
0.00704512524338269
0.00422707514602961
0.00253624508761777
0.401521747052571
0.640913048231542
0.384547828938925
0.230728697363355
0.138437218418013
0.0830623310508079
0.0498373986304847
0.0299024391782908
0.0179414635069745
0.0107648781041847
0.00645892686251082
0.00387535611750649
0.0023252136705039
0.00139512820230234
0.000837076921381402
0.000502246152828841
0.000301347691697305
0.000180808615018383
0.00010848516901103
6.50911014066178e-05
3.90546608439707e-05
2.34327965063824e-05
1.40596779038295e-05
8.43580674229767e-06
5.0614840453786e-06
3.03689042722716e-06
1.8221342563363e-06
1.09328055380178e-06
6.55968332281067e-07
3.9358099936864e-07
2.36148599621184e-07
1.4168915977271e-07
8.50134958636262e-08
5.10080975181757e-08
3.06048585109054e-08
0.400000018362915
0.240000011017749
0.144000006610649
0.0864000039663897
0.0518400023798338
0.0311040014279003
0.0186624008567402
0.0111974405140441
0.00671846430842646
0.00403107858505588
0.00241864715103353
0.00145118829062012
0.000870712974372069
0.000522427784623241
0.000313456670773945
0.000188074002464367
0.00011284440147862
0.400067706640887
0.240040623984532
0.544024374390719
0.326414624634432
0.195848774780659
0.117509264868395
0.0705055589210372
0.0423033353526223
0.0253820012115734
0.015229200726944
0.00913752043616642
0.00548251226169985
0.00328950735701991
0.00197370441421195
0.401184222648527
0.240710533589116
0.14442632015347
0.0866557920920819
0.0519934752552491
0.0311960851531495
0.0187176510918897
0.0112305906551338
0.00673835439308028
0.00404301263584817
0.0024258075815089
0.00145548454890534
0.000873290729343205
0.000523974437605923
0.000314384662563554
0.000188630797538132
0.400113178478523
0.240067907087114
0.144040744252268
0.0864244465513609
0.0518546679308166
0.0311128007584899
0.018667680455094
0.0112006082730564
0.00672036496383382
0.00403221897830029
0.00241933138698018
0.00145159883218811
0.000870959299312864
0.000522575579587718
0.000313545347752631
0.000188127208651579
0.000112876325190947
0.400067725795115
0.240040635477069
0.144024381286241
0.0864146287717447
0.0518487772630468
0.0311092663578281
0.0186655598146969
0.0111993358888181
0.00671960153329087
0.00403176091997452
0.00241905655198471
0.00145143393119083
0.000870860358714497
0.000522516215228698
0.000313509729137219
0.000188105837482331
0.000112863502489399
6.77181014936392e-05
4.06308608961835e-05
2.43785165377101e-05
1.46271099226261e-05
8.77626595357565e-06
5.26575957214539e-06
3.15945574328723e-06
1.89567344597234e-06
1.1374040675834e-06
6.82442440550042e-07
4.09465464330025e-07
2.45679278598015e-07
0.400000147407567
0.24000008844454
0.144000053066724
0.0864000318400345
0.0518400191040207
0.0311040114624124
0.0186624068774475
0.0111974441264685
0.00671846647588108
0.00403107988552865
0.402418647931317
0.24145118875879
0.144870713255274
0.0869224279531645
0.0521534567718987
0.0312920740631392
0.0187752444378835
0.0112651466627301
0.00675908799763807
0.00405545279858284
0.00243327167914971
0.40145996300749
0.240875977804494
0.144525586682696
0.0867153520096178
0.0520292112057707
0.0312175267234624
0.0187305160340774
0.0112383096204465
0.00674298577226788
0.00404579146336073
0.00242747487801644
0.00145648492680986
0.000873890956085917
0.400524334573652
0.240314600744191
0.144188760446515
0.0865132562679087
0.451907953760745
0.271144772256447
0.162686863353868
0.097612118012321
0.458567270807393
0.275140362484436
0.565084217490661
0.339050530494397
0.203430318296638
0.122058190977983
0.47323491458679
0.283940948752074
0.570364569251244
0.742218741550747
0.445331244930448
0.267198746958269
0.560319248174961
0.336191548904977
0.601714929342986
0.361028957605792
0.616617374563475
0.369970424738085
0.221982254842851
0.133189352905711
0.0799136117434264
0.0479481670460558
0.0287689002276335
0.0172613401365801
0.0103568040819481
0.00621408244916883
0.0037284494695013
0.00223706968170078
0.00134224180902047
0.000805345085412281
0.000483207051247368
0.000289924230748421
0.000173954538449053
0.400104372723069
0.240062623633842
0.144037574180305
0.086422544508183
0.45185352670491
0.271112116022946
0.162667269613768
0.0976003617682605
0.0585602170609563
0.0351361302365738
0.0210816781419443
0.412649006885167
0.2475894041311
0.14855364247866
0.089132185487196
0.0534793112923176
0.0320875867753905
0.0192525520652343
0.411551531239141
0.246930918743484
0.148158551246091
0.0888951307476544
0.0533370784485926
0.0320022470691556
0.0192013482414933
0.011520808944896
0.0069124853669376
0.00414749122016256
0.402488494732098
0.241493096839259
0.544895858103555
0.326937514862133
0.19616250891728
0.117697505350368
0.0706185032102207
0.0423711019261324
0.0254226611556795
0.0152535966934077
0.00915215801604461
0.00549129480962676
0.00329477688577606
0.401976866131466
0.241186119678879
0.144711671807328
0.0868270030843966
0.0520962018506379
0.0312577211103828
0.41875463266623
0.651252779599738
0.390751667759843
0.234451000655906
0.540670600393543
0.324402360236126
0.194641416141676
0.516784849685005
0.710070909811003
0.826042545886602
0.895625527531961
0.937375316519177
0.562425189911506
0.337455113946904
1.00247306836814
0.601483841020885
0.360890304612531
0.216534182767519
0.129920509660511
0.0779523057963067
0.046771383477784
0.0280628300866704
0.0168376980520022
0.0101026188312013
0.00606157129872081
0.00363694277923248
0.00218216566753949
0.00130929940052369
0.000785579640314217
0.00047134778418853
0.000282808670513118
0.000169685202307871
0.000101811121384722
6.10866728308335e-05
3.66520036985001e-05
2.19912022191e-05
1.319472133146e-05
7.91683279887602e-06
4.75009967932561e-06
0.400002850059808
0.640001710035885
0.384001026021531
0.230400615612918
0.138240369367751
0.0829442216206506
0.0497665329723904
0.0298599197834342
0.0179159518700605
0.0107495711220363
0.00644974267322179
0.00386984560393307
0.00232190736235984
0.00139314441741591
0.40083588665045
0.24050153199027
0.144300919194162
0.0865805515164971
0.0519483309098982
0.0311689985459389
0.0187013991275634
0.011220839476538
0.00673250368592281
0.00403950221155369
0.402423701326932
0.241454220796159
0.144872532477696
0.0869235194866174
0.0521541116919704
0.0312924670151822
0.0187754802091093
0.0112652881254656
0.00675917287527936
0.00405550372516762
0.00243330223510057
0.00145998134106034
0.000875988804636206
0.000525593282781723
0.000315355969669034
0.00018921358180142
0.000113528149080852
6.81168894485113e-05
4.08701336691068e-05
2.45220802014641e-05
0.400014713248121
0.240008827948873
0.144005296769323
0.0864031780615941
0.0518419068369565
0.0311051441021739
0.0186630864613043
0.0111978518767826
0.00671871112606956
0.00403122667564173
0.00241873600538504
0.00145124160323102
0.000870744961938614
0.000522446977163169
0.000313468186297901
0.000188080911778741
0.000112848547067244
6.77091282403466e-05
4.0625476944208e-05
2.43752861665248e-05
1.46251716999149e-05
8.77510301994892e-06
5.26506181196935e-06
3.15903708718161e-06
1.89542225230897e-06
1.13725335138538e-06
6.82352010831228e-07
4.09411206498737e-07
2.45646723899242e-07
1.47388034339545e-07
8.84328206037272e-08
5.30596923622363e-08
3.18358154173418e-08
1.91014892504051e-08
1.1460893550243e-08
6.87653613014582e-09
4.12592167808749e-09
2.4755530068525e-09
1.4853318041115e-09
8.91199082466899e-10
5.34719449480139e-10
3.20831669688083e-10
1.9249900181285e-10
1.1549940108771e-10
6.9299640652626e-11
4.15797843915756e-11
2.49478706349454e-11
1.49687223809672e-11
8.98123342858033e-12
5.3887400571482e-12
3.23324403428892e-12
1.93994642057335e-12
1.16396785234401e-12
6.98380711406406e-13
4.19028426843844e-13
2.51417056106306e-13
1.50850233663784e-13
9.05101401982703e-14
5.43060841189622e-14
3.25836504713773e-14
1.95501902828264e-14
1.17301141696958e-14
7.03806850181749e-15
4.2228411010905e-15
2.5337046606543e-15
1.52022279639258e-15
9.12133677835547e-16
5.47280206701328e-16
3.28368124020797e-16
1.97020874412478e-16
1.18212524647487e-16
7.09275147884921e-17
4.25565088730953e-17
2.55339053238572e-17
1.53203431943143e-17
9.19220591658858e-18
5.51532354995315e-18
3.30919412997189e-18
1.98551647798313e-18
1.19130988678988e-18
7.14785932073928e-19
4.28871559244357e-19
2.57322935546614e-19
1.54393761327968e-19
9.2636256796781e-20
5.55817540780686e-20
3.33490524468412e-20
2.00094314681047e-20
1.20056588808628e-20
7.20339532851769e-21
4.32203719711061e-21
2.59322231826637e-21
1.55593339095982e-21
9.33560034575893e-22
5.60136020745536e-22
3.36081612447321e-22
2.01648967468393e-22
1.20989380481036e-22
7.25936282886214e-23
4.35561769731728e-23
2.61337061839037e-23
0.4
0.24
0.144
0.0864
0.05184
0.031104
0.0186624
0.01119744
0.006718464
0.4040310784
0.24241864704
0.145451188224
0.0872707129344
0.05236242776064
0.431417456656384
0.25885047399383
0.155310284396298
0.093186170637779
0.0559117023826674
0.0335470214296004
0.0201282128577603
0.0120769277146561
0.407246156628794
0.244347693977276
0.146608616386366
0.0879651698318194
0.452779101899092
0.671667461139455
0.403000476683673
0.241800286010204
0.145080171606122
0.0870481029636734
0.052228861778204
0.431337317066922
0.258802390240153
0.155281434144092
0.0931688604864552
0.0559013162918731
0.433540789775124
0.260124473865074
0.156074684319045
0.0936448105914267
0.056186886354856
0.0337121318129136
0.0202272790877482
0.0121363674526489
0.00728182047158934
0.00436909228295361
0.00262145536977216
0.0015728732218633
0.000943723933117979
0.000566234359870787
0.000339740615922472
0.000203844369553483
0.00012230662173209
7.3383973039254e-05
4.40303838235524e-05
2.64182302941314e-05
1.58509381764789e-05
0.800009510562906
0.480005706337744
0.688003423802646
0.412802054281588
0.247681232568953
0.148608739541372
0.0891652437248229
0.0534991462348938
0.0320994877409363
0.0192596926445617
0.411555815586737
0.246933489352042
0.148160093611225
0.0888960561667352
0.0533376337000411
0.0320025802200247
0.419201548132015
0.251520928879209
0.150912557327525
0.0905475343965152
0.0543285206379091
0.0325971123827455
0.0195582674296473
0.0117349604577884
0.00704097627467302
0.404224585764804
0.242534751458882
0.145520850875329
0.487312510525198
0.292387506315119
0.175432503789071
0.105259502273443
0.463155701364066
0.277893420818439
0.166736052491064
0.100041631494638
0.460024978896783
0.27601498733807
0.165608992402842
0.0993653954417051
0.0596192372650231
0.435771542359014
0.261462925415408
0.156877755249245
0.094126653149547
0.456475991889728
0.273885595133837
0.564331357080302
0.338598814248181
0.203159288548909
0.121895573129345
0.0731373438776072
0.0438824063265643
0.0263294437959386
0.415797666277563
0.649478599766538
0.389687159859923
0.233812295915954
0.140287377549572
0.0841724265297433
0.050503455917846
0.0303020735507076
0.0181812441304245
0.410908746478255
0.646545247886953
0.387927148732172
0.232756289239303
0.139653773543582
0.0837922641261491
0.0502753584756894
0.430165215085414
0.258099129051248
0.154859477430749
0.0929156864584494
0.0557494118750696
0.0334496471250418
0.0200697882750251
0.012041872965015
0.00722512377900902
0.404335074267405
0.242601044560443
0.145560626736266
0.0873363760417596
0.0524018256250557
0.0314410953750334
0.0188646572250201
0.011318794335012
0.00679127660100722
0.00407476596060433
0.402444859576363
0.241466915745818
0.144880149447491
0.0869280896684943
0.0521568538010966
0.031294112280658
0.0187764673683948
0.0112658804210369
0.406759528252622
0.244055716951573
0.146433430170944
0.0878600581025664
0.0527160348615398
0.0316296209169239
0.0189777725501543
0.411386663530093
0.246831998118056
0.148099198870833
0.0888595193225
0.0533157115935
0.0319894269561
0.01919365617366
0.011516193704196
0.0069097162225176
0.00414582973351056
0.00248749784010634
0.401492498704064
0.240895499222438
0.144537299533463
0.0867223797200778
0.0520334278320467
0.031220056699228
0.0187320340195368
0.0112392204117221
0.00674353224703325
0.00404611934821995
0.00242767160893197
0.00145660296535918
0.000873961779215509
0.000524377067529305
0.000314626240517583
0.00018877574431055
0.00011326544658633
6.79592679517979e-05
4.07755607710788e-05
0.400024465336463
0.240014679201878
0.144008807521127
0.0864052845126759
0.0518431707076056
0.0311059024245633
0.018663541454738
0.411198124872843
0.246718874923706
0.148031324954223
0.088818794972534
0.0532912769835204
0.431974766190112
0.259184859714067
0.15551091582844
0.0933065494970642
0.0559839296982385
0.0335903578189431
0.0201542146913659
0.0120925288148195
0.00725551728889171
0.00435331037333503
0.00261198622400102
0.00156719173440061
0.000940315040640366
0.00056418902438422
0.000338513414630532
0.000203108048778319
0.000121864829266991
7.31188975601948e-05
4.38713385361169e-05
2.63228031216701e-05
1.57936818730021e-05
9.47620912380125e-06
5.68572547428075e-06
3.41143528456845e-06
2.04686117074107e-06
1.22811670244464e-06
7.36870021466785e-07
4.42122012880071e-07
2.65273207728043e-07
1.59163924636826e-07
9.54983547820953e-08
5.72990128692572e-08
3.43794077215543e-08
2.06276446329326e-08
1.23765867797596e-08
7.42595206785573e-09
4.45557124071344e-09
2.67334274442806e-09
1.60400564665684e-09
9.62403387994103e-10
5.77442032796462e-10
3.46465219677877e-10
2.07879131806726e-10
1.24727479084036e-10
7.48364874504214e-11
4.49018924702529e-11
2.69411354821517e-11
1.6164681289291e-11
9.69880877357462e-12
5.81928526414477e-12
3.49157115848686e-12
2.09494269509212e-12
1.25696561705527e-12
7.54179370233162e-13
4.52507622139897e-13
2.71504573283938e-13
1.62902743970363e-13
9.77416463822178e-14
5.86449878293307e-14
3.51869926975984e-14
2.1112195618559e-14
1.26673173711354e-14
7.60039042268125e-15
4.56023425360875e-15
2.73614055216525e-15
1.64168433129915e-15
9.8501059877949e-16
5.91006359267694e-16
3.54603815560617e-16
2.1276228933637e-16
0.4
0.24
0.144
0.0864
0.05184
0.031104
0.4186624
0.25119744
0.150718464
0.0904310784
0.05425864704
0.032555188224
0.0195331129344
0.01171986776064
0.007031920656384
0.0042191523938304
0.00253149143629824
0.401518894861779
0.640911336917067
0.78454680215024
0.470728081290144
0.282436848774087
0.169462109264452
0.101677265558671
0.0610063593352027
0.0366038156011216
0.021962289360673
0.413177373616404
0.247906424169842
0.148743854501905
0.0892463127011432
0.0535477876206859
0.832128672572412
0.499277203543447
0.699566322126068
1.21973979327564
1.13184387596538
1.47910632557923
2.08746379534754
2.05247827720852
2.03148696632511
1.61889217979507
0.971335307877041
0.582801184726225
0.349680710835735
0.209808426501441
0.125885055900864
0.0755310335405187
0.0453186201243112
0.0271911720745867
0.016314703244752
0.00978882194685122
0.00587329316811073
0.00352397590086644
0.00211438554051986
0.00126863132431192
0.800761178794587
0.880456707276752
0.928274024366051
0.556964414619631
0.334178648771778
0.600507189263067
0.76030431355784
1.2561825881347
1.55370955288082
1.73222573172849
1.0393354390371
1.42360126342226
1.25416075805335
0.752496454832013
1.25149787289921
1.55089872373952
0.930539234243715
0.558323540546229
0.734994124327737
0.440996474596642
0.264597884757985
0.558758730854791
0.335255238512875
0.201153143107725
0.120691885864635
0.072415131518781
0.0434490789112686
0.0260694473467611
0.0156416684080567
0.00938500104483401
0.00563100062690041
0.40337860037614
0.242027160225684
0.545216296135411
0.727129777681246
0.836277866608748
0.501766719965249
0.301060031979149
0.58063601918749
0.348381611512494
0.209028966907496
0.125417380144498
0.0752504280866986
0.0451502568520192
0.0270901541112115
0.0162540924667269
0.409752455480036
0.245851473288022
0.547510883972813
0.328506530383688
0.197103918230213
0.118262350938128
0.470957410562877
0.682574446337726
0.409544667802636
0.245726800681581
0.147436080408949
0.0884616482453693
0.0530769889472216
0.0318461933683329
0.419107716021
0.2514646296126
0.15087877776756
0.0905272666605359
0.0543163599963216
0.0325898159977929
0.419553889598676
0.251732333759205
0.151039400255523
0.090623640153314
0.0543741840919884
0.032624510455193
0.0195747062731158
0.0117448237638695
0.00704689425832169
0.00422813655499301
0.00253688193299581
0.00152212915979748
0.000913277495878491
0.000547966497527094
0.000328779898516257
0.000197267939109754
0.000118360763465852
0.40007101645808
0.240042609874848
0.144025565924909
0.0864153395549452
0.451849203732967
1.07110952223978
0.642665713343868
0.785599428006321
1.27135965680379
0.762815794082276
0.457689476449365
0.274613685869619
0.164768211521771
0.0988609269130629
0.0593165561478377
0.0355899336887026
0.0213539602132216
0.012812376127933
0.00768742567675977
0.00461245540605586
0.00276747324363352
0.00166048394618011
0.000996290367708066
0.00059777422062484
0.000358664532374904
0.000215198719424942
0.000129119231654965
7.74715389929792e-05
4.64829233957875e-05
2.78897540374725e-05
1.67338524224835e-05
1.00403114534901e-05
6.02418687209406e-06
3.61451212325644e-06
2.16870727395386e-06
1.30122436437232e-06
7.80734618623391e-07
4.68440771174034e-07
2.81064462704421e-07
1.68638677622652e-07
1.01183206573591e-07
6.07099239441548e-08
3.64259543664929e-08
2.18555726198957e-08
1.31133435719374e-08
7.86800614316247e-09
4.72080368589748e-09
0.400000002832482
0.240000001699489
0.144000001019694
0.0864000006118162
0.0518400003670897
0.0311040002202538
0.0186624001321523
0.411197440079291
0.246718464047575
0.148031078428545
0.0888186470571269
0.0532911882342762
0.0319747129405657
0.0191848277643394
0.0115108966586036
0.00690653799516219
0.00414392279709731
0.00248635367825839
0.00149181220695503
0.000895087324173019
0.000537052394503812
0.000322231436702287
0.000193338862021372
0.000116003317212823
6.9601990327694e-05
4.17611941966164e-05
2.50567165179698e-05
1.50340299107819e-05
9.02041794646914e-06
5.41225076788148e-06
3.24735046072889e-06
1.94841027643733e-06
1.1690461658624e-06
7.0142769951744e-07
4.20856619710464e-07
2.52513971826278e-07
1.51508383095767e-07
0.40000009090503
0.240000054543018
0.144000032725811
0.0864000196354864
0.0518400117812919
0.0311040070687751
0.0186624042412651
0.011197442544759
0.00671846552685542
0.00403107931611325
0.00241864758966795
0.00145118855380077
0.400870713132281
0.240522427879368
0.144313456727621
0.0865880740365726
0.0519528444219435
0.0311717066531661
0.4187030239919
0.25122181439514
0.150733088637084
0.0904398531822503
0.0542639119093502
0.0325583471456101
0.0195350082873661
0.0117210049724196
0.00703260298345178
0.00421956179007107
0.00253173707404264
0.00151904224442558
0.000911425346655351
0.00054685520799321
0.000328113124795926
0.000196867874877556
0.000118120724926533
7.08724349559201e-05
4.2523460973552e-05
2.55140765841312e-05
1.53084459504787e-05
9.18506757028724e-06
5.51104054217234e-06
3.30662432530341e-06
1.98397459518204e-06
1.19038475710923e-06
7.14230854265536e-07
4.28538512559321e-07
2.57123107535593e-07
0.400000154273865
0.240000092564319
0.144000055538591
0.0864000333231547
0.0518400199938928
0.0311040119963357
0.0186624071978014
0.0111974443186809
0.00671846659120851
0.00403107995472511
0.00241864797283506
0.00145118878370104
0.000870713270220623
0.000522427962132374
0.000313456777279424
0.000188074066367655
0.400112844439821
0.240067706663892
0.144040623998335
0.0864243743990012
0.0518546246394007
0.0311127747836404
0.0186676648701843
0.0112005989221106
0.00672035935326633
0.0040322156119598
0.00241932936717588
0.00145159762030553
0.000870958572183317
0.40052257514331
0.240313545085986
0.144188127051592
0.086512876230955
0.051907725738573
0.0311446354431438
0.0186867812658863
0.411212068759532
0.246727241255719
0.148036344753431
0.0888218068520588
0.0532930841112353
0.0319758504667412
0.0191855102800447
0.0115113061680268
0.00690678370081609
0.00414407022048966
0.00248644213229379
0.00149186527937628
0.000895119167625766
0.000537071500575459
0.000322242900345276
0.000193345740207165
0.400116007444124
0.240069604466475
0.144041762679885
0.0864250576079308
0.0518550345647585
0.0311130207388551
0.0186678124433131
0.411200687465988
1.04672041247959
0.628032247487756
0.376819348492653
0.226091609095592
0.535654965457355
0.321392979274413
0.192835787564648
0.515701472538789
0.709420883523273
0.425652530113964
0.655391518068378
0.393234910841027
0.235940946504616
0.14156456790277
0.0849387407416618
0.850963244444997
0.510577946666998
0.306346768000199
0.183808060800119
0.110284836480072
0.066170901888043
0.0397025411328258
0.0238215246796955
0.0142929148078173
0.00857574888469037
0.00514544933081422
0.00308726959848853
0.00185236175909312
0.00111141705545587
0.000666850233273523
0.000400110139964114
0.000240066083978468
0.000144039650387081
8.64237902322486e-05
5.18542741393491e-05
3.11125644836095e-05
1.86675386901657e-05
1.12005232140994e-05
0.400006720313928
0.240004032188357
0.144002419313014
0.0864014515878085
0.0518408709526851
0.0311045225716111
0.0186627135429666
0.01119762812578
0.00671857687546799
0.404031146125281
0.242418687675168
0.545451212605101
0.327270727563061
0.196362436537836
0.117817461922702
0.0706904771536211
0.0424142862921726
0.0254485717753036
0.0152691430651822
0.00916148583910929
0.00549689150346557
0.00329813490207934
0.00197888094124761
0.00118732856474856
0.000712397138849138
0.40042743828331
0.240256462969986
0.144153877781991
0.0864923266691949
0.451895396001517
0.27113723760091
0.162682342560546
0.0976094055363277
0.0585656433217966
0.035139385993078
0.0210836315958468
0.412650178957508
0.247590107374505
0.148554064424703
0.0891324386548217
0.053479463192893
0.0320876779157358
0.0192526067494415
0.0115515640496649
0.00693093842979894
0.404158563057879
0.642495137834728
0.385497082700837
0.231298249620502
0.538778949772301
0.323267369863381
0.193960421918028
0.116376253150817
0.0698257518904902
0.0418954511342941
0.0251372706805765
0.0150823624083459
0.00904941744500753
0.00542965046700452
0.403257790280203
0.241954674168122
0.145172804500873
0.0871036827005238
0.0522622096203143
0.431357325772189
0.258814395463313
0.155288637277988
0.0931731823667927
0.0559039094200756
0.0335423456520454
0.420125407391227
0.652075244434736
0.391245146660842
0.634747087996505
0.380848252797903
0.228508951678742
0.137105371007245
0.0822632226043471
0.0493579335626082
0.0296147601375649
0.017768856082539
0.0106613136495234
0.00639678818971403
0.00383807291382841
0.00230284374829705
0.00138170624897823
0.000829023749386938
0.000497414249632163
0.000298448549779298
0.000179069129867579
0.000107441477920547
6.44648867523283e-05
3.8678932051397e-05
2.32073592308382e-05
1.39244155385029e-05
8.35464932310174e-06
5.01278959386104e-06
0.400003007673756
0.240001804604254
0.144001082762552
0.0864006496575314
0.0518403897945188
0.0311042338767113
0.0186625403260268
0.0111975241956161
0.00671851451736964
0.00403110871042178
0.00241866522625307
0.00145119913575184
0.000870719481451105
0.000522431688870663
0.000313459013322398
0.000188075407993439
0.000112845244796063
6.77071468776379e-05
4.06242881265827e-05
2.43745728759496e-05
1.46247437255698e-05
8.77484623534187e-06
5.26490774120512e-06
3.15894464472307e-06
1.89536678683384e-06
0.400001137220072
0.240000682332043
0.144000409399226
0.0864002456395356
0.0518401473837213
0.0311040884302328
0.0186624530581397
0.0111974718348838
0.00671848310093028
0.00403108986055817
0.0024186539163349
0.00145119234980094
0.000870715409880565
0.000522429245928339
0.000313457547557003
0.000188074528534202
0.000112844717120521
6.77068302723127e-05
4.06240981633876e-05
2.43744588980326e-05
1.46246753388195e-05
8.77480520329173e-06
5.26488312197504e-06
3.15892987318502e-06
1.89535792391101e-06
1.13721475434661e-06
6.82328852607964e-07
4.09397311564779e-07
0.400000245638387
0.240000147383032
0.144000088429819
0.0864000530578916
0.0518400318347349
0.031104019100841
0.0186624114605046
0.0111974468763027
0.00671846812578165
0.00403108087546899
0.402418648525281
0.641451189115169
0.384870713469101
0.230922428081461
0.138553456848876
0.0831320741093259
0.0498792444655955
0.0299275466793573
0.0179565280076144
0.0107739168045686
0.00646435008274118
0.00387861004964471
0.00232716602978682
0.00139629961787209
0.000837779770723257
0.000502667862433954
0.000301600717460372
0.000180960430476223
0.000108576258285734
6.51457549714404e-05
3.90874529828643e-05
2.34524717897186e-05
1.40714830738311e-05
8.44288984429868e-06
5.06573390657921e-06
3.03944034394752e-06
1.82366420636851e-06
1.09419852382111e-06
6.56519114292665e-07
3.93911468575599e-07
2.36346881145359e-07
1.41808128687216e-07
8.50848772123294e-08
5.10509263273976e-08
3.06305557964386e-08
1.83783334778631e-08
1.10270000867179e-08
0.4000000066162
0.24000000396972
0.144000002381832
0.486400001429099
0.29184000085746
0.175104000514476
0.105062400308685
0.0630374401852112
0.0378224641111267
0.422693478466676
0.253616087080006
0.152169652248003
0.091301791348802
0.0547810748092812
0.0328686448855687
0.0197211869313412
0.411832712158805
0.647099627295283
0.38825977637717
0.232955865826302
0.139773519495781
0.483864111697469
0.290318467018481
0.174191080211089
0.104514648126653
0.0627087888759919
0.437625273325595
0.262575163995357
0.157545098397214
0.494527059038329
0.296716235422997
0.178029741253798
0.106817844752279
0.0640907068513674
0.83845442411082
1.30307265446649
1.1818435926799
0.709106155607937
0.425463693364762
0.255278216018857
0.153166929611314
0.0919001577667887
0.0551400946600732
0.433084056796044
0.259850434077626
0.555910260446576
0.333546156267946
0.200127693760767
0.12007661625646
0.0720459697538762
0.0432275818523257
0.425936549111395
0.255561929466837
0.153337157680102
0.0920022946080614
0.455201376764837
0.673120826058902
0.403872495635341
0.642323497381205
0.785394098428723
0.471236459057234
0.28274187543434
0.169645125260604
0.101787075156362
0.0610722450938175
0.0366433470562905
0.421986008233774
0.653191604940265
0.791914962964159
0.875148977778495
1.7250893866671
1.03505363200026
1.02103217920016
0.612619307520093
0.367571584512056
0.220542950707234
0.13232577042434
0.0793954622546041
0.0476372773527624
0.428582366411657
0.257149419846994
0.154289651908197
0.492573791144918
0.295544274686951
0.57732656481217
0.746395938887302
0.847837563332381
0.908702537999429
0.545221522799657
0.327132913679794
0.996279748207877
0.597767848924726
0.358660709354836
0.215196425612901
0.529117855367741
0.317470713220644
0.190482427932387
0.114289456759432
0.0685736740556592
0.0411442044333955
0.0246865226600373
0.0148119135960224
0.00888714815761343
0.405332288894568
0.243199373336741
0.145919624002045
0.0875517744012267
0.052531064640736
0.0315186387844416
0.018911183270665
0.011346709962399
0.406808025977439
0.244084815586464
0.146450889351878
0.487870533611127
0.292722320166676
0.175633392100006
0.105380035260003
0.0632280211560021
0.0379368126936012
0.0227620876161607
0.0136572525696964
0.00819435154181787
0.404916610925091
0.242949966555054
0.145769979933033
0.0874619879598196
0.0524771927758918
0.0314863156655351
0.418891789399321
0.251335073639593
0.150801044183756
0.0904806265102533
0.054288375906152
0.0325730255436912
0.0195438153262147
0.411726289195729
0.647035773517437
0.388221464110462
0.232932878466277
0.139759727079766
0.88385583624786
0.530313501748716
0.31818810104923
0.190912860629538
0.114547716377723
0.0687286298266336
0.0412371778959801
0.424742306737588
1.05484538404255
0.632907230425532
0.379744338255319
0.627846602953192
0.376707961771915
0.226024777063149
0.135614866237889
0.0813689197427336
0.44882135184564
0.269292811107384
0.16157568666443
0.0969454119986583
0.058167247199195
0.034900348319517
0.0209402089917102
0.412564125395026
0.247538475237016
0.548523085142209
0.329113851085326
0.197468310651195
0.118480986390717
0.0710885918344303
0.0426531551006582
0.0255918930603949
0.415355135836237
0.249213081501742
0.149527848901045
0.0897167093406272
0.0538300256043763
0.0322980153626258
0.0193788092175755
0.0116272855305453
0.00697637131832717
0.0041858227909963
0.00251149367459778
0.00150689620475867
0.000904137722855201
0.400542482633713
0.240325489580228
0.144195293748137
0.086517176248882
0.0519103057493292
0.0311461834495975
0.0186877100697585
0.0112126260418551
0.00672757562511306
0.00403654537506784
0.0024219272250407
0.00145315633502442
0.000871893801014653
0.000523136280608792
0.000313881768365275
0.000188329061019165
0.000112997436611499
6.77984619668994e-05
4.06790771801396e-05
2.44074463080838e-05
1.46444677848503e-05
8.78668067091016e-06
5.2720084025461e-06
3.16320504152766e-06
1.89792302491659e-06
1.13875381494996e-06
6.83252288969974e-07
4.09951373381984e-07
2.45970824029191e-07
0.400000147582494
0.240000088549497
0.144000053129698
0.0864000318778188
0.0518400191266913
0.0311040114760148
0.0186624068856089
0.0111974441313653
0.00671846647881919
0.00403107988729151
0.00241864793237491
0.00145118875942494
0.000870713255654967
0.00052242795339298
0.000313456772035788
0.000188074063221473
0.000112844437932884
6.77066627597302e-05
4.06239976558381e-05
2.43743985935029e-05
1.46246391561017e-05
8.77478349366103e-06
5.26487009619662e-06
3.15892205771797e-06
1.89535323463078e-06
1.13721194077847e-06
6.82327164467082e-07
4.09396298680249e-07
2.45637779208149e-07
1.4738266752489e-07
8.84296005149338e-08
5.30577603089603e-08
3.18346561853762e-08
1.91007937112257e-08
1.14604762267354e-08
0.400000006876286
0.240000004125771
0.144000002475463
0.0864000014852777
0.0518400008911666
0.0311040005347
0.01866240032082
0.011197440192492
0.0067184641154952
0.00403107846929712
0.00241864708157827
0.00145118824894696
0.000870712949368177
0.000522427769620906
0.000313456661772544
0.000188073997063526
0.000112844398238116
6.77066389428694e-05
4.06239833657217e-05
2.4374390019433e-05
1.46246340116598e-05
8.77478040699588e-06
5.26486824419753e-06
3.15892094651852e-06
1.89535256791111e-06
1.13721154074667e-06
6.82326924447999e-07
4.093961546688e-07
2.4563769280128e-07
1.47382615680768e-07
8.84295694084607e-08
5.30577416450764e-08
3.18346449870459e-08
1.91007869922275e-08
1.14604721953365e-08
6.8762833172019e-09
4.12576999032114e-09
2.47546199419268e-09
1.48527719651561e-09
8.91166317909366e-10
5.3469979074562e-10
3.20819874447372e-10
1.92491924668423e-10
1.15495154801054e-10
0.400000000069297
0.240000000041578
0.144000000024947
0.0864000000149682
0.0518400000089809
0.0311040000053885
0.418662400003233
0.25119744000194
0.150718464001164
0.0904310784006983
0.054258647040419
0.0325551882242514
0.0195331129345508
0.411719867760731
0.247031920656438
0.148219152393863
0.0889314914363178
0.453358894861791
0.272015336917074
0.163209202150245
0.0979255212901468
0.0587553127740881
0.0352531876644528
0.0211519125986717
0.012691147559203
0.00761468853552181
0.00456881312131309
0.00274128787278785
0.00164477272367271
0.000986863634203627
0.000592118180522176
0.400355270908313
0.640213162544988
0.384127897526993
0.630476738516196
0.378286043109717
0.22697162586583
0.936182975519498
0.561709785311699
0.737025871187019
0.442215522712212
0.665329313627327
0.399197588176396
0.239518552905838
0.143711131743503
0.0862266790461016
0.451736007427661
0.671041604456597
0.402624962673958
0.241574977604375
0.544944986562625
0.326966991937575
0.196180195162545
0.117708117097527
0.470624870258516
0.68237492215511
0.409424953293066
0.64565497197584
0.387392983185504
0.632435789911302
0.379461473946781
0.227676884368069
0.136606130620841
0.0819636783725047
0.0491782070235028
0.0295069242141017
0.017704154528461
0.0106224927170766
0.00637349563024597
0.00382409737814758
0.00229445842688855
0.401376675056133
0.24082600503368
0.144495603020208
0.486697361812125
0.292018417087275
0.175211050252365
0.105126630151419
0.0630759780908514
0.0378455868545108
0.0227073521127065
0.0136244112676239
0.00817464676057434
0.404904788056345
0.642942872833807
0.385765723700284
0.23145943422017
0.138875660532102
0.0833253963192613
0.0499952377915568
0.0299971426749341
0.41799828560496
0.650798971362976
0.390479382817786
0.234287629690671
0.140572577814403
0.0843435466886417
0.050606128013185
0.030363676807911
0.0182182060847466
0.010930923650848
0.00655855419050878
0.00393513251430527
0.00236107950858316
0.0014166477051499
0.000849988623089938
0.000509993173853963
0.000305995904312378
0.000183597542587427
0.000110158525552456
6.60951153314736e-05
3.96570691988841e-05
2.37942415193305e-05
1.42765449115983e-05
8.56592694695897e-06
5.13955616817538e-06
0.400003083733701
0.240001850240221
1.34400111014413
1.20640066608648
0.723840399651888
1.23430423979113
0.740582543874679
0.444349526324808
0.266609715794885
0.559965829476931
0.735979497686158
0.441587698611695
0.264952619167017
0.15897157150021
0.0953829429001261
0.0572297657400757
0.0343378594440454
0.0206027156664272
0.0123616293998563
0.00741697763991381
0.00445018658394828
0.00267011195036897
0.00160206717022138
0.000961240302132829
0.000576744181279697
0.000346046508767818
0.000207627905260691
0.400124576743156
0.240074746045894
0.144044847627536
0.0864269085765218
0.451856145145913
0.671113687087548
0.402668212252529
0.241600927351517
0.14496055641091
0.486976333846546
0.292185800307928
0.175311480184757
0.505186888110854
0.303112132866512
0.181867279719907
0.109120367831944
0.0654722206991667
0.4392833324195
0.2635699994517
0.15814199967102
0.094885199802612
0.0569311198815672
0.0341586719289403
0.0204952031573642
0.0122971218944185
0.00737827313665111
0.00442696388199066
0.0026561783291944
0.00159370699751664
0.000956224198509984
0.00057373451910599
0.000344240711463594
0.000206544426878156
0.000123926656126894
7.43559936761363e-05
4.46135962056818e-05
2.67681577234091e-05
1.60608946340454e-05
9.63653678042726e-06
5.78192206825636e-06
0.400003469153241
0.240002081491945
0.144001248895167
0.0864007493371
0.45184044960226
0.271104269761356
0.162662561856814
0.497597537114088
0.698558522268453
0.419135113361072
0.251481068016643
0.150888640809986
0.0905331844859915
0.0543199106915949
0.0325919464149569
0.0195551678489742
0.0117331007093845
0.0070398604256307
0.00422391625537842
0.00253434975322705
0.00152060985193623
0.000912365911161738
0.000547419546697043
0.000328451728018226
0.000197071036810935
0.000118242622086561
7.09455732519367e-05
4.2567343951162e-05
2.55404063706972e-05
1.53242438224183e-05
9.194546293451e-06
5.5167277760706e-06
3.31003666564236e-06
1.98602199938542e-06
1.19161319963125e-06
7.1496791977875e-07
4.2898075186725e-07
2.5738845112035e-07
1.5443307067221e-07
9.26598424033259e-08
5.55959054419956e-08
3.33575432651973e-08
2.00145259591184e-08
1.2008715575471e-08
7.20522934528262e-09
4.32313760716957e-09
2.59388256430174e-09
1.55632953858105e-09
9.33797723148628e-10
5.60278633889177e-10
3.36167180333506e-10
2.01700308200104e-10
1.21020184920062e-10
7.26121109520373e-11
4.35672665712224e-11
2.61403599427334e-11
0.400000000015684
0.240000000009411
0.144000000005646
0.0864000000033878
0.0518400000020327
0.0311040000012196
0.0186624000007318
0.0111974400004391
0.00671846400026343
0.00403107840015806
0.00241864704009484
0.0014511882240569
0.000870712934434141
0.000522427760660484
0.000313456656396291
0.000188073993837774
0.000112844396302665
6.77066377815988e-05
4.06239826689593e-05
2.43743896013756e-05
1.46246337608253e-05
8.7747802564952e-06
5.26486815389712e-06
3.15892089233827e-06
1.89535253540296e-06
1.13721152124178e-06
6.82326912745067e-07
4.0939614764704e-07
2.45637688588224e-07
1.47382613152934e-07
8.84295678917606e-08
0.400000053057741
0.240000031834644
0.144000019100787
0.086400011460472
0.0518400068762832
0.0311040041257699
0.0186624024754619
0.0111974414852772
0.0067184648911663
0.00403107893469978
0.00241864736081987
0.00145118841649192
0.000870713049895152
0.000522427829937091
0.000313456697962255
0.400188074018777
0.240112844411266
0.54406770664676
0.326440623988056
0.195864374392834
0.5175186246357
0.31051117478142
0.186306704868852
0.111784022921311
0.0670704137527867
0.040242248251672
0.0241453489510032
0.414487209370602
0.648692325622361
0.389215395373417
0.23352923722405
0.54011754233443
0.724070525400658
0.434442315240395
0.260665389144237
0.156399233486542
0.0938395400919253
0.0563037240551552
0.0337822344330931
0.420269340659856
0.252161604395914
0.151296962637548
0.0907781775825289
0.454466906549517
0.27268014392971
0.163608086357826
0.0981648518146957
0.0588989110888174
0.0353393466532905
0.0212036079919743
0.0127221647951846
0.407633298877111
0.244579979326266
0.54674798759576
0.328048792557456
0.196829275534474
0.118097565320684
0.0708585391924105
0.0425151235154463
0.0255090741092678
0.0153054444655607
0.409183266679336
0.645509960007602
0.787305976004561
0.872383585602737
0.523430151361642
0.314058090816985
0.588434854490191
0.753060912694115
0.451836547616469
0.671101928569881
0.402661157141929
0.241596694285157
0.544958016571094
0.326974809942657
0.196184885965594
0.517710931579356
0.310626558947614
0.186375935368568
0.111825561221141
0.0670953367326846
0.0402572020396108
1.22415432122377
0.73449259273426
0.440695555640556
0.264417333384334
0.1586504000306
0.0951902400183601
0.457114144011016
0.27426848640661
0.564561091843966
0.338736655106379
0.203241993063828
0.121945195838297
0.073167117502978
0.0439002705017868
0.826340162301072
0.495804097380643
0.297482458428386
0.578489475057032
0.347093685034219
0.208256211020531
0.124953726612319
0.0749722359673913
0.0449833415804348
0.0269900049482609
0.0161940029689565
0.00971640178137391
0.00582984106882434
0.00349790464129461
0.00209874278477676
0.00125924567086606
0.000755547402519635
0.000453328441511781
0.400271997064907
0.640163198238944
1.18409791894337
1.51045875136602
2.10627525081961
2.46376515049177
2.27825909029506
2.16695545417704
1.70017327250622
1.82010396350373
1.89206237810224
1.53523742686134
1.72114245611681
2.23268547367008
2.13961128420205
2.08376677052123
1.25026006231274
1.15015603738764
0.690093622432586
0.414056173459551
0.248433704075731
0.549060222445439
0.329436133467263
0.197661680080358
0.118597008048215
0.0711582048289288
0.0426949228973573
0.0256169537384144
0.415370172243049
0.249222103345829
0.149533262007498
0.0897199572044985
0.0538319743226991
0.0322991845936195
0.0193795107561717
0.011627706453703
0.0069766238722218
0.00418597432333308
0.00251158459399985
0.00150695075639991
0.000904170453839946
0.000542502272303967
0.00032550136338238
0.000195300818029428
0.400117180490818
0.240070308294491
0.144042184976694
0.0864253109860166
0.05185518659161
0.031113111954966
0.0186678671729796
0.0112007203037877
0.00672043218227265
0.00403225930936359
0.00241935558561815
0.401451613351371
0.640870968010823
0.384522580806494
0.230713548483896
0.138428129090338
0.0830568774542026
0.0498341264725216
0.0299004758835129
0.0179402855301078
0.0107641713180647
0.00645850279083879
0.403875101674503
0.242325061004702
0.145395036602821
0.0872370219616927
0.452342213177016
0.271405327906209
0.162843196743726
0.0977059180462354
0.0586235508277412
0.435174130496645
0.261104478297987
0.156662686978792
0.493997612187275
0.296398567312365
0.577839140387419
0.346703484232451
0.208022090539471
0.124813254323683
0.0748879525942095
0.444932771556526
0.266959662933915
0.960175797760349
0.57610547865621
0.345663287193726
0.207397972316235
0.124438783389741
0.0746632700338447
0.0447979620203068
0.0268787772121841
0.416127266327311
0.249676359796386
0.149805815877832
0.0898834895266991
0.453930093716019
0.272358056229612
0.563414833737767
0.33804890024266
0.202829340145596
0.121697604087358
0.0730185624524146
0.0438111374714488
0.0262866824828693
0.0157720094897216
0.00946320569383293
0.00567792341629976
0.00340675404977986
0.00204405242986791
0.401226431457921
0.240735858874752
0.144441515324851
0.0866649091949109
0.0519989455169465
0.0311993673101679
0.0187196203861007
0.0112317722316604
0.00673906333899627
0.00404343800339776
0.00242606280203866
0.00145563768122319
0.000873382608733916
0.00052402956524035
0.00031441773914421
0.000188650643486526
0.000113190386091916
6.79142316551493e-05
4.07485389930896e-05
2.44491233958537e-05
1.46694740375122e-05
8.80168442250735e-06
5.28101065350441e-06
3.16860639210265e-06
1.90116383526159e-06
1.14069830115695e-06
6.84418980694171e-07
4.10651388416503e-07
2.46390833049902e-07
1.47834499829941e-07
8.87006998979646e-08
5.32204199387787e-08
3.19322519632672e-08
1.91593511779603e-08
1.14956107067762e-08
6.89736642406572e-09
4.13841985443943e-09
2.48305191266366e-09
1.4898311475982e-09
8.93898688558918e-10
5.36339213135351e-10
3.2180352788121e-10
0.400000000193082
0.240000000115849
0.54400000006951
0.326400000041706
0.195840000025023
0.117504000015014
0.0705024000090084
0.0423014400054051
0.025380864003243
0.0152285184019458
0.00913711104116749
0.00548226662470049
0.0032893599748203
0.00197361598489218
0.00118416959093531
0.000710501754561184
0.00042630105273671
0.000255780631642026
0.000153468378985216
9.20810273911294e-05
5.52486164346776e-05
3.31491698608066e-05
1.98895019164839e-05
1.19337011498904e-05
7.16022068993422e-06
4.29613241396053e-06
2.57767944837632e-06
1.54660766902579e-06
9.27964601415475e-07
5.56778760849285e-07
3.34067256509571e-07
2.00440353905743e-07
1.20264212343445e-07
7.21585274060673e-08
4.32951164436404e-08
2.59770698661842e-08
1.55862419197105e-08
9.35174515182632e-09
5.61104709109579e-09
3.36662825465748e-09
2.01997695279449e-09
1.21198617167669e-09
7.27191703006015e-10
4.36315021803609e-10
2.61789013082165e-10
1.57073407849299e-10
9.42440447095795e-11
5.65464268257477e-11
3.39278560954486e-11
2.03567136572692e-11
1.22140281943615e-11
7.3284169166169e-12
4.39705014997014e-12
2.63823008998208e-12
1.58293805398925e-12
9.4976283239355e-13
5.6985769943613e-13
3.41914619661678e-13
2.05148771797007e-13
0.800000000000123
0.480000000000074
0.288000000000044
0.172800000000027
0.503680000000016
0.30220800000001
0.181324800000006
0.108794880000003
0.0652769280000021
0.0391661568000012
0.423499694080001
0.254099816448
0.1524598898688
0.0914759339212802
0.454885560352768
0.272931336211661
0.163758801726997
0.0982552810361979
0.458953168621719
0.275371901173031
0.165223140703819
0.0991338844222912
0.0594803306533747
0.0356881983920248
0.421412919035215
0.252847751421129
0.151708650852677
0.491025190511606
0.294615114306964
0.176769068584178
0.106061441150507
0.0636368646903042
0.0381821188141825
0.0229092712885095
0.0137455627731057
0.00824733766386342
0.00494840259831805
0.00296904155899083
0.0017814249353945
0.401068854961237
0.240641312976742
0.144384787786045
0.0866308726716271
0.0519785236029763
0.0311871141617858
0.0187122684970715
0.0112273610982429
0.00673641665894572
0.00404184999536743
0.00242510999722046
0.00145506599833228
0.000873039598999366
0.000523823759399619
0.000314294255639772
0.000188576553383863
0.000113145932030318
0.400067887559218
0.240040732535531
0.144024439521319
0.0864146637127911
0.0518487982276747
0.0311092789366048
0.0186655673619629
0.0111993404171777
0.00671960425030664
0.404031762550184
0.64241905753011
0.385451434518066
0.23127086071084
0.138762516426504
0.0832575098559023
0.449954505913541
0.269972703548125
0.161983622128875
0.0971901732773249
0.058314103966395
0.034988462379837
0.420993077427902
0.252595846456741
0.151557507874045
0.0909345047244269
0.0545607028346561
0.0327364217007937
0.0196418530204762
0.0117851118122857
0.00707106708737143
0.404242640252423
0.242545584151454
0.145527350490872
0.0873164102945233
0.052389846176714
0.0314339077060284
0.018860344623617
0.81131620677417
0.486789724064502
0.292073834438701
0.175244300663221
0.105146580397932
0.0630879482387595
0.0378527689432557
0.0227116613659534
0.013626996819572
0.408176198091743
0.244905718855046
0.146943431313028
0.0881660587878165
0.0528996352726899
0.431739781163614
0.259043868698168
0.155426321218901
0.0932557927313406
0.0559534756388044
0.0335720853832826
0.0201432512299696
0.0120859507379817
0.00725157044278904
0.00435094226567343
0.402610565359404
0.241566339215642
0.144939803529385
0.0869638821176313
0.0521783292705788
0.0313069975623473
0.0187841985374084
0.011270519122445
0.00676231147346701
0.0040573868840802
0.00243443213044812
0.00146065927826887
0.000876395566961324
0.400525837340177
0.640315502404106
0.784189301442464
0.470513580865478
0.282308148519287
0.169384889111572
0.101630933466943
0.060978560080166
0.0365871360480996
0.0219522816288597
0.0131713689773158
0.00790282138638951
0.404741692831834
0.2428450156991
0.14570700941946
0.0874242056516761
0.0524545233910056
0.0314727140346034
0.018883628420762
0.0113301770524572
0.00679810623147433
0.0040788637388846
0.00244731824333076
0.00146839094599846
0.000881034567599073
0.000528620740559444
0.000317172444335666
0.0001903034666014
0.00011418207996084
0.400068509247977
0.240041105548786
0.144024663329272
0.0864147979975629
0.0518488787985378
0.0311093272791226
0.0186655963674736
0.0111993578204842
0.00671961469229049
0.00403176881537429
0.00241906128922458
0.00145143677353475
0.000870862064120848
0.000522517238472508
0.000313510343083505
0.000188106205850103
0.000112863723510062
6.77182341060371e-05
0.400040630940464
0.240024378564278
0.144014627138567
0.0864087762831401
0.0518452657698841
0.0311071594619304
0.0186642956771583
0.011198577406295
0.00671914644377698
0.00403148786626619
0.00241889271975971
0.00145133563185583
0.000870801379113496
0.400522480827468
0.240313488496481
0.144188093097888
0.0865128558587331
0.0519077135152399
0.0311446281091439
0.0186867768654863
0.0112120661192918
0.00672723967157508
0.00403634380294505
0.00242180628176703
0.00145308376906022
0.000871850261436131
0.000523110156861679
0.000313866094117007
0.000188319656470204
0.000112991793882123
6.77950763292735e-05
4.06770457975641e-05
2.44062274785385e-05
1.46437364871231e-05
8.78624189227385e-06
5.27174513536431e-06
3.16304708121858e-06
1.89782824873115e-06
0.400001138696949
0.24000068321817
0.144000409930902
0.086400245958541
0.0518401475751246
0.0311040885450748
0.0186624531270449
0.0111974718762269
0.00671848312573615
0.00403108987544169
0.00241865392526501
0.00145119235515901
0.000870715413095405
0.000522429247857243
0.000313457548714346
0.000188074529228607
0.000112844717537164
6.77068305222987e-05
4.06240983133792e-05
2.43744589880275e-05
1.46246753928165e-05
8.77480523568991e-06
5.26488314141394e-06
3.15892988484837e-06
1.89535793090902e-06
1.13721475854541e-06
6.82328855127247e-07
4.09397313076348e-07
2.45638387845809e-07
1.47383032707485e-07
8.84298196244912e-08
5.30578917746947e-08
3.18347350648168e-08
1.91008410388901e-08
1.14605046233341e-08
6.87630277400043e-09
0.400000004125782
0.240000002475469
0.144000001485281
0.0864000008911688
0.0518400005347013
0.0311040003208208
0.0186624001924925
0.0111974401154955
0.00671846406929729
0.00403107844157837
0.00241864706494702
0.00145118823896821
0.000870712943380928
0.000522427766028557
0.000313456659617134
0.00018807399577028
0.000112844397462168
0.400067706638477
0.640040623983086
0.384024374389852
0.230414624633911
0.138248774780347
0.082949264868208
0.0497695589209248
0.429861735352555
0.257917041211533
0.15475022472692
0.0928501348361518
0.0557100809016911
0.0334260485410147
0.420055629124609
0.252033377474765
0.551220026484859
0.330732015890916
0.198439209534549
0.51906352572073
0.311438115432438
0.186862869259463
0.112117721555678
0.0672706329334066
0.0403623797600439
0.0242174278560264
0.414530456713616
0.248718274028169
0.149230964416902
0.489538578650141
0.693723147190085
0.416233888314051
0.24974033298843
0.549844199793058
0.329906519875835
0.197943911925501
0.118766347155301
0.0712598082931803
0.0427558849759082
0.0256535309855449
0.015392118591327
0.409235271154796
0.245541162692878
0.147324697615727
0.488394818569436
0.293036891141662
0.175822134684997
1.305493280811
0.783295968486599
0.469977581091959
0.281986548655176
0.169191929193105
0.101515157515863
0.460909094509518
0.276545456705711
0.165927274023426
0.0995563644140559
0.0597338186484335
0.43584029118906
0.261504174713436
0.556902504828062
1.13414150289684
1.4804849017381
0.888290941042861
0.532974564625717
0.31978473877543
0.191870843265258
0.115122505959155
0.469073503575493
0.281444102145296
0.168866461287177
0.101319876772306
0.0607919260633839
0.43647515563803
0.261885093382818
0.557131056029691
0.734278633617815
0.440567180170689
0.264340308102413
0.158604184861448
0.0951625109168688
0.0570975065501213
0.0342585039300728
0.0205551023580437
0.0123330614148262
0.00739983684889571
0.00443990210933743
0.00266394126560246
0.401598364759362
0.240959018855617
0.14457541131337
0.0867452467880221
0.0520471480728132
0.0312282888436879
0.0187369733062128
0.0112421839837277
0.406745310390237
0.244047186234142
0.146428311740485
0.487856987044291
0.292714192226575
0.175628515335945
0.105377109201567
0.0632262655209401
0.0379357593125641
0.0227614555875384
0.0136568733525231
0.00819412401151384
0.0049164744069083
0.402949884644145
0.641769930786487
0.385061958471892
0.231037175083135
0.138622305049881
0.0831733830299287
0.449904029817957
0.269942417890774
0.161965450734465
0.0971792704406787
0.458307562264407
0.274984537358644
0.164990722415187
0.498994433449112
0.299396660069467
0.17963799604168
0.107782797625008
0.0646696785750049
0.438801807145003
0.263281084287002
0.157968650572201
0.494781190343321
0.296868714205992
0.578121228523595
0.346872737114157
0.208123642268494
0.124874185361097
0.074924511216658
0.0449547067299948
0.0269728240379969
0.0161836944227981
0.00971021665367887
0.00582612999220732
0.00349567799532439
0.00209740679719464
0.401258444078317
0.24075506644699
0.144453039868194
0.0866718239209164
0.0520030943525499
0.43120185661153
0.258721113966918
0.155232668380151
0.0931396010280904
0.0558837606168543
0.0335302563701126
0.0201181538220675
0.0120708922932405
0.00724253537594431
0.00434552122556659
0.00260731273533995
0.00156438764120397
0.400938632584722
0.240563179550833
0.1443379077305
0.0866027446383
0.05196164678298
0.031176988069788
0.0187061928418728
0.0112237157051237
0.00673422942307421
0.00404053765384452
0.00242432259230671
0.401454593555384
0.64087275613323
0.384523653679938
0.230714192207963
0.138428515324778
0.483057109194867
0.28983426551692
0.173900559310152
0.104340335586091
0.0626042013516547
0.0375625208109928
0.0225375124865957
0.0135225074919574
0.00811350449517445
0.00486810269710467
0.0029208616182628
0.401752516970958
0.241051510182575
0.544630906109545
0.726778543665727
0.836067126199436
0.901640275719662
0.940984165431797
0.964590499259078
0.578754299555447
0.747252579733268
0.448351547839961
0.269010928703976
0.161406557222386
0.0968439343334315
0.858106360600059
0.914863816360035
0.548918289816021
0.329350973889613
0.197610584333768
0.118566350600261
0.0711398103601563
0.0426838862160938
0.425610331729656
0.255366199037794
0.153219719422676
0.0919318316536058
0.0551590989921635
0.433095459395298
0.259857275637179
0.155914365382307
0.0935486192293844
0.0561291715376306
0.0336775029225784
0.020206501753547
0.0121239010521282
0.00727434063127693
0.404364604378766
0.24261876262726
0.145571257576356
0.0873427545458135
0.452405652727488
0.271443391636493
0.562866034981896
0.737719620989137
0.442631772593482
0.265579063556089
0.159347438133654
0.0956084628801922
0.0573650777281153
0.434419046636869
0.260651427982121
0.156390856789273
0.0938345140735637
0.0563007084441382
0.0337804250664829
0.0202682550398898
0.0121609530239339
0.00729657181436032
0.00437794308861619
0.00262676585316971
0.00157605951190183
0.400945635707141
0.240567381424285
0.144340428854571
0.0866042573127425
0.0519625543876455
0.0311775326325873
0.0187065195795524
0.0112239117477314
0.00673434704863885
0.00404060822918331
0.00242436493750999
0.00145461896250599
0.000872771377503595
0.400523662826502
0.640314197695901
0.384188518617541
0.630513111170524
0.378307866702315
1.02698472002139
1.01619083201283
1.0097144992077
2.20582869952462
2.52349721971477
1.91409833182886
1.14845899909732
1.48907539945839
1.29344523967503
1.17606714380502
1.50564028628301
0.903384171769807
0.942030503061885
1.36521830183713
1.21913098110228
1.93147858866137
2.35888715319682
1.81533229191809
1.08919937515086
1.85351962509051
1.11211177505431
1.86726706503259
1.92036023901955
1.15221614341173
1.09132968604704
1.45479781162822
1.67287868697693
1.40372721218616
1.2422363273117
1.54534179638702
2.12720507783221
1.67632304669933
2.2057938280196
1.72347629681176
2.23408577808705
1.34045146685223
1.60427088011134
1.3625625280668
2.01753751684008
2.01052251010405
1.60631350606243
2.16378810363746
2.89827286218248
2.93896371730948
4.16337823038569
3.29802693823141
1.97881616293885
1.58728969776331
1.75237381865799
2.65142429119479
2.39085457471688
1.83451274483012
1.50070764689807
2.10042458813885
2.46025475288331
2.67615285172998
1.60569171103799
3.36341502662279
2.41804901597368
1.45082940958421
1.67049764575052
2.20229858745031
2.92137915247019
3.35282749148211
4.01169649488927
4.40701789693356
4.64421073816014
3.98652644289608
3.59191586573765
2.15514951944259
2.49308971166555
3.89585382699933
2.3375122961996
1.80250737771976
1.88150442663186
1.52890265597911
0.917341593587468
1.35040495615248
1.61024297369149
2.96614578421489
2.17968747052894
2.10781248231736
2.46468748939042
1.87881249363425
1.52728749618055
3.31637249770833
3.189823498625
3.513894099175
2.908336459505
2.545001875703
2.7270011254218
1.63620067525308
1.78172040515185
1.86903224309111
1.92141934585467
1.1528516075128
1.49171096450768
2.49502657870461
2.29701594722276
2.57820956833366
2.7469257410002
4.44815544460012
3.46889326676007
3.68133596005604
3.40880157603363
3.64528094562018
2.98716856737211
2.59230114042326
2.35538068425396
1.41322841055237
1.64793704633142
2.58876222779885
3.55325733667931
3.73195440200759
3.03917264120455
4.22350358472273
2.93410215083364
3.36046129050018
2.41627677430011
2.24976606458007
2.94985963874804
4.16991578324882
2.90194946994929
3.34116968196958
2.40470180918175
1.44282108550905
0.865692651305428
1.31941559078326
1.59164935446995
1.75498961268197
1.45299376760918
2.87179626056551
4.12307775633931
4.47384665380358
2.68430799228215
3.61058479536929
3.36635087722157
2.41981052633294
1.45188631579977
1.27113178947986
0.762679073687916
1.25760744421275
3.15456446652765
2.29273867991659
2.57564320794995
2.74538592476997
2.44723155486198
3.06833893291719
2.24100335975031
2.14460201585019
1.28676120951011
1.57205672570607
1.34323403542364
1.60594042125418
2.96356425275251
2.57813855165151
2.3468831309909
2.60812987859454
1.96487792715673
2.37892675629404
2.62735605377642
3.97641363226585
3.18584817935951
2.71150890761571
2.02690534456942
2.81614320674165
2.08968592404499
2.053811554427
1.6322869326562
2.17937215959372
3.30762329575623
3.18457397745374
1.91074438647224
1.54644663188335
1.32786797913001
1.596720787478
1.7580324724868
2.25481948349208
1.35289169009525
1.61173501405715
1.36704100843429
0.820224605060574
0.492134763036344
1.09528085782181
1.05716851469308
1.83430110881585
1.90058066528951
1.94034839917371
1.16420903950422
1.09852542370253
0.659115254221521
0.395469152532912
0.237281491519747
1.34236889491185
0.805421336947109
0.883252802168266
1.32995168130096
0.797971008780576
1.67878260526835
1.00726956316101
0.604361737896604
1.16261704273796
0.697570225642777
0.818542135385667
0.8911252812314
0.93467516873884
0.960805101243304
1.37648306074598
0.825889836447589
0.895533901868554
0.537320341121132
0.322392204672679
0.193435322803608
0.116061193682165
0.0696367162092987
0.441782029725579
0.665069217835348
0.399041530701209
0.239424918420725
0.143654951052435
0.086192970631461
0.0517157823788766
0.431029469427326
0.258617681656396
0.555170608993837
0.333102365396302
0.999861419237781
0.599916851542669
0.359950110925601
0.215970066555361
0.129582039933216
0.0777492239599299
0.0466495343759579
0.0279897206255748
0.0167938323753449
0.0100762994252069
0.00604577965512415
0.00362746779307449
0.00217648067584469
0.00130588840550682
0.000783533043304089
0.000470119825982454
0.000282071895589472
0.000169243137353683
0.00010154588241221
6.0927529447326e-05
3.65565176683956e-05
2.19339106010373e-05
1.31603463606224e-05
7.89620781637344e-06
4.73772468982407e-06
2.84263481389444e-06
1.70558088833666e-06
1.023348533002e-06
6.14009119801199e-07
3.68405471880719e-07
2.21043283128432e-07
1.32625969877059e-07
7.95755819262353e-08
4.77453491557412e-08
2.86472094934447e-08
0.400000017188326
0.240000010312995
0.144000006187797
0.0864000037126783
0.051840002227607
0.431104001336564
0.258662400801939
0.155197440481163
0.0931184642886979
0.0558710785732187
0.0335226471439312
0.0201135882863587
0.0120681529718152
0.00724089178308914
0.00434453506985349
0.00260672104191209
0.00156403262514725
0.000938419575088353
0.400563051745053
0.240337831047032
0.544202698628219
0.726521619176931
0.435912971506159
0.261547782903695
0.156928669742217
0.49415720184533
0.696494321107198
0.817896592664319
0.890737955598591
0.534442773359155
1.12066566401549
1.4723993984093
0.883439639045577
0.530063783427346
1.11803827005641
1.47082296203384
0.882493777220307
0.929496266332184
0.55769775979931
0.734618655879586
0.440771193527752
0.664462716116651
1.59867762966999
1.75920657780199
1.4555239466812
2.87331436800872
1.72398862080523
1.03439317248314
0.620635903489883
0.77238154209393
0.463428925256358
0.278057355153815
0.166834413092289
0.900100647855373
1.34006038871322
2.40403623322793
1.44242173993676
1.66545304396206
1.79927182637723
1.07956309582634
1.0477378574958
1.02864271449748
1.81718562869849
1.89031137721909
3.13418682633146
2.28051209579887
2.56830725747932
1.94098435448759
1.56459061269256
2.53875436761553
1.92325262056932
1.55395157234159
2.53237094340496
1.91942256604297
2.35165353962578
1.41099212377547
1.24659527426528
1.54795716455917
1.3287742987355
1.9972645792413
1.19835874754478
1.51901524852687
1.71140914911612
1.82684548946967
2.2961072936818
1.77766437620908
1.46659862572545
1.27995917543527
1.16797550526116
1.9007853031567
2.34047118189402
2.20428270913641
1.32256962548185
2.39354177528911
1.83612506517346
1.50167503910408
0.901005023462447
0.540603014077468
1.52436180844648
1.31461708506789
0.788770251040733
1.27326215062444
2.76395729037466
2.0583743742248
3.63502462453488
3.38101477472093
2.82860886483256
2.09716531889953
2.45829919133972
3.07497951480383
4.2449877088823
2.94699262532938
2.16819557519763
2.10091734511858
2.46055040707115
1.47633024424269
2.48579814654561
2.29147888792737
2.57488733275642
1.94493239965385
1.56695943979231
3.34017566387539
2.80410539832523
1.68246323899514
1.40947794339708
1.24568676603825
1.14741205962295
1.08844723577377
1.85306834146426
1.91184100487856
1.54710460292713
1.32826276175628
1.59695765705377
0.958174594232261
1.37490475653936
2.02494285392361
2.01496571235417
2.0089794274125
1.6053876564475
1.3632325938685
1.6179395563211
1.37076373379266
0.822458240275596
0.893474944165358
0.536084966499215
1.52165097989953
1.71299058793972
1.02779435276383
1.4166766116583
1.25000596699498
1.95000358019699
1.57000214811819
0.942001288870915
0.965200773322549
1.37912046399353
0.827472278396118
0.896483367037671
0.537890020222602
0.322734012133561
0.593640407280137
0.356184244368082
0.613710546620849
0.76822632797251
1.26093579678351
2.7565614780701
1.65393688684206
0.992362132105237
1.39541727926314
0.837250367557885
1.30235022053473
1.18141013232084
1.9088460793925
1.5453076476355
1.7271845885813
1.83631075314878
2.70178645188927
2.02107187113356
2.81264312268014
3.28758587360808
2.77255152416485
3.66353091449891
4.19811854869935
3.31887112921961
2.39132267753176
2.23479360651906
1.74087616391144
3.04452569834686
3.42671541900812
2.85602925140487
2.11361755084292
2.86817053050575
2.52090231830345
1.91254139098207
1.54752483458924
1.32851490075355
1.99710894045213
3.19826536427128
2.31895921856277
2.59137553113766
1.9548253186826
2.77289519120956
2.06373711472573
1.23824226883544
1.14294536130126
2.68576721678076
3.61146033006846
2.96687619804107
2.18012571882464
1.70807543129479
1.42484525877687
2.05490715526612
1.63294429315967
0.979766575895804
1.38785994553748
0.83271596732249
0.499629580393494
1.0997777482361
1.45986664894166
0.875919989364995
0.925551993618997
0.555331196171398
0.333198717702839
0.199919230621703
0.119951538373022
0.0719709230238132
0.0431825538142879
0.425909532288573
1.05554571937314
0.633327431623886
0.779996458974332
0.867997875384599
0.920798725230759
0.552479235138456
1.13148754108307
0.678892524649844
0.407335514789906
0.244401308873944
0.546640785324366
0.72798447119462
0.436790682716772
0.262074409630063
0.157244645778038
0.0943467874668227
0.0566080724800936
0.0339648434880562
0.0203789060928337
0.0122273436557002
0.00733640619342013
0.00440184371605208
0.00264110622963125
0.00158466373777875
0.400950798242667
0.2405704789456
0.14434228736736
0.0866053724204161
0.0519632234522497
0.43117793407135
0.25870676044281
0.155224056265686
0.0931344337594116
0.0558806602556469
0.0335283961533882
0.0201170376920329
0.0120702226152197
0.00724213356913184
0.0043452801414791
0.00260716808488746
0.00156430085093248
0.000938580510559486
0.000563148306335692
0.000337888983801415
0.000202733390280849
0.000121640034168509
7.29840205011056e-05
4.37904123006634e-05
2.6274247380398e-05
1.57645484282388e-05
0.400009458729057
0.240005675237434
0.14400340514246
0.0864020430854763
0.0518412258512858
0.0311047355107715
0.0186628413064629
0.0111977047838777
0.00671862287032664
0.00403117372219598
0.00241870423331759
0.00145122253999055
0.000870733523994332
0.000522440114396599
0.000313464068637959
0.400188078441183
0.24011284706471
0.544067708238826
0.726440624943296
0.835864374965977
0.501518624979586
0.300911174987752
0.180546704992651
0.108328022995591
0.0649968137973544
0.0389980882784126
0.0233988529670476
0.0140393117802285
0.00842358706813712
1.60505415224088
0.963032491344529
0.977819494806718
0.586691696884031
0.352015018130418
0.211209010878251
0.126725406526951
0.0760352439161704
0.445621146349702
0.267372687809821
0.160423612685893
0.0962541676115357
0.0577525005669214
0.434651500340153
0.260790900204092
0.956474540122455
2.17388472407347
1.70433083444408
1.42259850066645
1.25355910039987
0.752135460239922
0.451281276143953
0.670768765686372
0.402461259411823
0.641476755647094
1.58488605338826
0.950931632032954
1.77055897921977
2.26233538753186
2.15740123251912
1.69444073951147
1.41666444370688
1.24999866622413
0.749999199734478
0.449999519840687
0.269999711904412
0.161999827142647
0.0971998962855883
0.858319937771353
1.31499196266281
0.788995177597687
0.873397106558612
1.72403826393517
1.8344229583611
1.90065377501666
1.54039226501
1.724235359006
1.4345412154036
1.66072472924216
1.3964348375453
1.63786090252718
1.38271654151631
0.829629924909784
0.49777795494587
0.698666772967522
0.819200063780513
1.29152003826831
0.774912022960985
0.864947213776591
2.11896832826595
2.07138099695957
2.84282859817574
2.10569715890545
1.66341829534327
1.79805097720596
2.27883058632358
1.36729835179415
3.22037901107649
2.33222740664589
2.19933644398754
1.31960186639252
2.39176111983551
2.23505667190131
2.54103400314078
2.32462040188447
2.59477224113068
2.35686334467841
2.61411800680705
2.36847080408423
1.42108248245054
0.852649489470322
0.911589693682193
0.546953816209316
1.12817228972559
0.676903373835354
2.00614202430121
2.40368521458073
1.84221112874844
1.50532667724906
1.30319600634944
0.781917603809662
0.869150562285797
0.521490337371478
1.11289420242289
1.46773652145373
2.48064191287224
1.48838514772334
1.69303108863401
1.0158186531804
1.00949119190824
1.80569471514495
2.28341682908697
1.37005009745218
1.62203005847131
1.77321803508279
1.86393082104967
1.5183584926298
0.911015095577881
0.946609057346729
0.567965434408037
1.54077926064482
0.924467556386893
0.954680533832136
2.17280832029928
2.90368499217957
2.54221099530774
2.32532659718464
2.19519595831079
1.31711757498647
1.59027054499188
0.95416232699513
0.972497396197078
1.38349843771825
0.830099062630948
1.69805943757857
1.01883566254714
1.41130139752828
1.24678083851697
0.748068503110183
2.44884110186611
2.26930466111967
2.5615827966718
1.93694967800308
3.56216980680185
2.53730188408111
2.32238113044867
1.3934286782692
1.63605720696152
2.18163432417691
2.10898059450615
1.66538835670369
1.39923301402221
2.03953980841333
2.423723885048
3.4542343310288
3.27254059861728
3.16352435917037
3.09811461550222
2.25886876930133
1.7553212615808
1.05319275694848
1.03191565416909
1.41914939250145
1.65148963550087
2.19089378130052
2.11453626878031
2.46872176126819
1.48123305676091
3.28873983405655
2.37324390043393
1.42394634026036
1.25436780415621
1.15262068249373
0.691572409496237
0.414943445697742
2.24896606741865
2.14937964045119
1.28962778427071
2.77377667056243
2.06426600233746
1.63855960140247
1.78313576084148
1.46988145650489
2.48192887390293
3.08915732434176
2.65349439460506
1.99209663676303
1.99525798205782
2.39715478923469
1.43829287354082
1.26297572412449
0.757785434474693
1.65467126068482
1.39280275641089
1.23568165384653
1.14140899230792
1.08484539538475
1.05090723723085
0.630544342338511
1.17832660540311
1.10699596324186
1.46419757794512
1.67851854676707
1.40711112806024
0.844266676836146
0.906560006101687
1.34393600366101
1.20636160219661
0.723816961317964
0.434290176790779
0.660574106074467
0.79634446364468
0.877806678186808
0.926684006912085
0.956010404147251
0.573606242488351
0.34416374549301
1.00649824729581
0.603898948377484
0.76233936902649
0.857403621415894
0.514442172849537
0.308665303709722
0.985199182225833
0.5911195093355
0.3546717056013
0.61280302336078
0.367681814016468
0.220609088409881
0.532365453045929
0.719419271827557
0.831651563096534
0.498990937857921
0.299394562714752
0.179636737628851
0.107782042577311
0.0646692255463865
0.0388015353278319
0.0232809211966991
0.41396855271802
0.648381131630812
0.389028678978487
0.233417207387092
0.140050324432255
0.0840301946593532
0.0504181167956119
0.0302508700773671
0.81815052204642
0.890890313227852
0.534534187936711
0.320720512762027
0.192432307657216
0.11545938459433
0.0692756307565978
0.0415653784539587
0.424939227072375
0.254963536243425
0.152978121746055
0.091786873047633
0.0550721238285798
0.0330432742971479
0.0198259645782887
0.0118955787469732
0.00713734724818394
0.00428240834891037
0.00256944500934622
0.00154166700560773
0.000925000203364639
0.000555000122018783
0.00033300007321127
0.000199800043926762
0.000119880026356057
0.400071928015814
0.240043156809488
0.144025894085693
0.0864155364514157
0.0518493218708494
0.0311095931225097
0.0186657558735058
0.0111994535241035
0.00671967211446209
0.00403180326867725
0.00241908196120635
0.00145144917672381
0.400870869506034
0.240522521703621
0.144313513022172
0.0865881078133034
0.051952864687982
0.0311717188127892
0.0187030312876735
0.0112218187726041
0.406733091263562
0.244039854758137
0.146423912854882
0.0878543477129295
0.452712608627758
0.671627565176655
0.402976539105993
0.241785923463596
0.145071554078157
0.0870429324468944
0.0522257594681366
0.431335455680882
0.258801273408529
0.155280764045118
0.0931684584270705
0.0559010750562423
0.0335406450337454
0.420124387020247
0.652074632212148
0.791244779327289
0.474746867596373
0.284848120557824
0.970908872334694
0.982545323400817
0.58952719404049
0.753716316424294
1.25222978985458
1.55133787391275
0.930802724347648
0.958481634608588
0.975088980765153
0.585053388459092
0.351032033075455
0.210619219845273
0.926371531907164
2.9558229191443
2.57349375148658
1.54409625089195
0.926457750535169
0.555874650321101
0.733524790192661
0.440114874115596
2.66406892446936
3.19844135468162
3.51906481280897
3.31143888768538
2.38686333261123
2.63211799956674
1.97927079974004
1.18756247984403
0.712537487906415
2.02752249274385
1.61651349564631
1.76990809738779
2.26194485843267
1.3571669150596
0.814300149035762
0.888580089421457
0.933148053652874
1.75988883219172
2.25593329931503
2.15355997958902
2.09213598775341
2.45528159265205
2.27316895559123
1.76390137335474
2.25834082401284
1.75500449440771
1.05300269664462
1.83180161798677
3.09908097079206
1.85944858247524
1.91566914948514
2.34940148969109
2.60964089381465
3.56578453628879
2.93947072177327
2.56368243306397
3.53820945983838
3.72292567590303
2.63375540554182
3.18025324332509
2.70815194599505
3.22489116759703
2.73493470055822
1.64096082033493
2.18457649220096
2.91074589532058
1.74644753719235
1.84786852231541
1.90872111338924
2.34523266803355
1.80713960082013
2.68428376049208
2.41057025629525
2.24634215377715
1.74780529226629
1.44868317535977
5.26920990521586
4.36152594312952
3.41691556587771
2.45014933952663
2.67008960371598
3.20205376222959
2.32123225733775
2.59273935440265
1.95564361264159
1.57338616758495
0.944031700550973
1.36641902033058
2.41985141219835
2.25191084731901
3.35114650839141
3.61068790503484
2.56641274302091
1.93984764581254
1.16390858748753
0.698345152492516
0.819007091495509
0.891404254897306
1.33484255293838
1.60090553176303
1.76054331905782
1.45632599143469
0.873795594860814
0.924277356916489
0.954566414149893
1.37273984848994
2.42364390909396
1.85418634545638
1.51251180727383
2.1075070843643
1.66450425061858
1.39870255037115
1.23922153022269
1.54353291813361
1.32611975088017
0.795671850528101
1.27740311031686
1.16644186619012
1.09986511971407
0.659919071828442
0.795951443097065
1.27757086585824
1.16654251951494
1.09992551170897
0.65995530702538
0.395973184215228
0.637583910529137
0.782550346317482
2.06953020779049
1.64171812467429
0.985030874804576
1.39101852488275
1.63461111492965
2.58076666895779
1.94846000137467
2.3690760008248
2.22144560049488
2.13286736029693
2.87972041617816
2.52783224970689
2.31669934982414
3.39001960989448
2.03401176593669
1.22040705956201
1.13224423573721
1.87934654144232
1.12760792486539
2.67656475491924
2.40593885295154
2.64356331177093
1.58613798706256
1.75168279223753
1.05100967534252
1.03060580520551
1.01836348312331
1.41101808987398
2.04661085392439
1.62796651235463
3.37677990741278
2.82606794444767
1.6956407666686
2.21738446000116
1.7304306760007
2.23825840560042
1.34295504336025
2.00577302601615
1.20346381560969
2.32207828936581
1.79324697361949
1.87594818417169
1.12556891050302
0.675341346301809
0.805204807781086
1.28312288466865
1.56987373080119
0.941924238480714
2.16515454308843
2.09909272585306
1.65945563551183
2.5956733813071
1.95740402878426
2.37444241727056
1.42466545036233
1.2547992702174
1.55287956213044
0.931727737278264
0.559036642366958
1.13542198542018
1.48125319125211
0.888751914751263
0.933251148850758
0.559950689310455
0.735970413586273
0.841582248151764
1.30494934889106
1.18296960933463
1.10978176560078
1.06586905936047
0.639521435616281
0.383712861369769
0.230227716821861
0.538136630093117
0.32288197805587
0.193729186833522
0.916237512100113
0.549742507260068
0.729845504356041
0.837907302613625
0.902744381568175
0.541646628940905
0.324987977364543
0.194992786418726
0.116995671851235
0.470197403110741
0.282118441866445
0.169271065119867
0.10156263907192
0.0609375834431521
0.436562550065891
1.06193753003953
0.637162518023721
0.382297510814233
0.229378506488539
0.137627103893124
0.0825762623358742
0.0495457574015245
0.0297274544409147
0.0178364726645488
0.410701883598729
0.246421130159238
0.547852678095543
0.328711606857326
0.197226964114395
0.118336178468637
0.0710017070811823
0.0426010242487094
0.0255606145492256
0.0153363687295354
0.00920182123772122
0.00552109274263273
0.00331265564557964
0.00198759338734778
0.00119255603240867
0.400715533619445
0.240429320171667
0.144257592103
0.0865545552618002
0.45193273315708
1.07115963989425
0.642695783936549
0.385617470361929
0.231370482217158
0.138822289330295
0.0832933735981767
0.049976024158906
0.0299856144953436
0.0179913686972062
0.0107948212183237
0.00647689273099422
0.00388613563859653
0.00233168138315792
0.00139900882989475
0.000839405297936851
0.000503643178762111
0.400302185907257
0.240181311544354
0.144108786926613
0.0864652721559676
0.0518791632935805
0.0311274979761483
0.018676498785689
0.0112058992714134
0.406723539562848
0.244034123737709
0.146420474242625
0.487852284545575
0.292711370727345
0.175626822436407
0.105376093461844
0.0632256560771065
0.0379353936462639
0.0227612361877584
0.013656741712655
0.408194045027593
0.644916427016556
0.386949856209933
1.83216991372596
1.09930194823558
1.05958116894135
0.635748701364807
0.781449220818884
0.468869532491331
0.281321719494798
0.568793031696879
0.741275819018127
0.444765491410876
0.266859294846526
0.560115576907916
1.53606934614475
0.92164160768685
1.75298496461211
1.05179097876727
1.03107458726036
1.01864475235622
1.01118685141373
1.00671211084824
0.604027266508942
0.362416359905365
0.217449815943219
0.130469889565932
0.878281933739559
0.926969160243735
0.556181496146241
1.13370889768774
1.48022533861265
0.888135203167588
0.932881121900553
1.35972867314033
1.6158372038842
2.16950232233052
2.50170139339831
1.90102083603899
2.34061250162339
1.80436750097404
1.08262050058442
1.44957230035065
1.66974338021039
1.00184602812623
1.80110761687574
1.48066457012544
1.68839874207527
1.41303924524516
1.2478235471471
1.94869412828826
1.96921647697295
2.78152988618377
1.66891793171026
1.40135075902616
1.24081045541569
0.744486273249417
0.44669176394965
1.06801505836979
1.04080903502187
0.624485421013124
0.774691252607875
1.26481475156472
1.15888885093883
0.695333310563301
1.61719998633798
1.77031999180279
1.06219199508167
1.037315197049
1.4223891182294
1.65343347093764
0.992060082562585
0.595236049537551
0.35714162972253
0.614284977833518
0.368570986700111
0.621142592020067
0.37268555521204
1.02361133312722
2.21416679987633
1.3285000799258
1.59710004795548
2.15826002877329
1.69495601726397
1.81697361035838
2.29018416621503
1.77411049972902
2.66446629983741
1.99867977990245
1.99920786794147
1.59952472076488
0.959714832458928
0.975828899475357
1.38549733968521
2.43129840381113
1.85877904228668
1.11526742537201
1.4691604552232
2.08149627313392
2.04889776388035
2.42933865832821
1.85760319499693
2.31456191699816
2.58873715019889
1.55324229011934
1.3319453740716
1.19916722444296
0.719500334665777
0.831700200799466
1.29902012047968
1.17941207228781
1.50764724337268
1.30458834602361
1.98275300761417
1.5896518045685
1.7537910827411
1.05227464964466
0.631364789786796
0.378818873872078
1.02729132432325
1.41637479459395
0.849824876756369
0.909894926053821
0.945936955632293
0.967562173379376
0.980537304027625
1.38832238241658
1.23299342944995
0.739796057669967
0.84387763460198
0.906326580761188
0.943795948456713
0.966277569074028
0.979766541444417
0.98785992486665
0.99271595491999
0.995629572951994
0.597377743771196
0.758426646262718
0.855055987757631
0.913033592654578
1.74782015559275
1.44869209335565
1.26921525601339
1.16152915360803
0.69691749216482
0.818150495298892
0.890890297179335
0.934534178307601
1.36072050698456
0.816432304190736
0.889859382514442
0.933915629508665
0.560349377705199
0.336209626623119
1.00172577597387
1.00103546558432
1.40062127935059
1.64037276761036
1.38422366056621
1.23053419633973
0.738320517803837
0.442992310682302
0.265795386409381
0.559477231845629
1.93568633910738
2.36141180346443
1.41684708207866
0.850108249247194
1.31006494954832
0.78603896972899
0.471623381837394
0.282974029102436
0.169784417461462
0.901870650476877
0.941122390286126
0.564673434171676
0.338804060503005
0.603282436301803
0.761969461781082
0.857181677068649
1.71430900624119
1.42858540374471
0.857151242246828
0.514290745348097
0.308574447208858
0.185144668325315
0.111086800995189
0.0666520805971133
0.039991248358268
0.0239947490149608
0.414396849408976
0.248638109645386
0.149182865787232
0.889509719472339
0.933705831683403
0.960223499010042
0.576134099406025
0.345680459643615
0.207408275786169
0.124444965471701
0.0746669792830209
0.0448001875698125
0.0268801125418875
0.0161280675251325
0.0096768405150795
0.0058061043090477
0.00348366258542862
0.00209019755125717
0.401254118530754
