0
0
0
0.25
0.5275
0.702325
0.44246475
0.2787527925
0.175614259275
0.11063698334325
0.0697012995062475
0.0439118186889359
0.39766444577403
0.250528600837639
0.157833018527712
0.0994348016724588
0.062643925053649
0.0394656727837989
0.0248633738537933
0.0156639255278898
0.00986827308257056
0.00621701204201945
0.00391671758647226
0.00246753207947752
0.00155454521007084
0.000979363482344628
0.000616998993877116
0.000388709366142583
0.000244886900669827
0.000154278747421991
9.71956108758544e-05
6.12332348517883e-05
3.85769379566266e-05
0.370024303470913
0.233115311186675
0.146862646047605
0.0925234670099913
0.0582897842162945
0.0367225640562655
0.0231352153554473
0.0145751856739318
0.00918236697457703
0.00578489119398353
0.00364448145220962
0.00229602331489206
0.001446494688382
0.00091129165368066
0.000574113741818816
0.000361691657345854
0.000227865744127888
0.000143555418800569
9.04399138443587e-05
5.6977145721946e-05
3.5895601804826e-05
2.26142291370404e-05
1.42469643563354e-05
8.97558754449132e-06
5.65462015302953e-06
3.56241069640861e-06
2.24431873873742e-06
1.41392080540458e-06
8.90770107404883e-07
5.61185167665076e-07
3.53546655628998e-07
2.22734393046269e-07
1.40322667619149e-07
8.84032806000641e-08
0.370000055694067
0.233100035087262
0.146853022104975
0.0925174039261343
0.0582859644734646
0.0367201576182827
0.0231336992995181
0.0145742305586964
0.00918176525197874
0.0057845121087466
0.00364424262851036
0.00229587285596153
0.00144639989925576
0.00091123193653113
0.000574076120014612
0.000361667955609206
0.0002278508120338
0.000143546011581294
9.0433987296215e-05
5.69734119966155e-05
3.58932495578677e-05
2.26127472214567e-05
1.42460307495177e-05
8.97499937219616e-06
5.65424960448358e-06
3.56217725082465e-06
0.370002244171668
0.233101413828151
0.146853890711735
0.0925179511483931
0.428286309223488
0.269820374810797
0.169986836130802
0.477091706762405
0.300567775260315
0.189357698413999
0.119295350000819
0.0751560705005161
0.0473483244153251
0.0298294443816548
0.0187925499604426
0.0118393064750788
0.00745876307929965
0.00469902073995878
0.00296038306617403
0.00186504133168964
0.371174976038964
0.603840234904548
0.380419347989865
0.239664189233615
0.150988439217177
0.0951227167068218
0.0599273115252977
0.407754206260938
0.256885149944391
0.161837644464966
0.101957716012929
0.0642333610881451
0.0404670174855314
0.0254942210158848
0.386061359240007
0.613218656321205
0.386327753482359
0.243386484693886
0.153333485357148
0.0966000957750034
0.0608580603382522
0.0383405780130989
0.0241545641482523
0.0152173754133989
0.00958694651044133
0.00603977630157804
0.00380505906999416
0.00239718721409632
0.371510227944881
0.234051443605275
0.147452409471323
0.0928950179669336
0.0585238613191682
0.406870032631076
0.256328120557578
0.161486715951274
0.101736631049303
0.0640940775610607
0.410379268863468
0.258538939383985
0.532879531811911
0.335714105041504
0.581499886176147
0.366344928290973
0.230797304823313
0.145402302038687
0.0916034502843729
0.0577101736791549
0.0363574094178676
0.0229051679332566
0.0144302557979517
0.37909106115271
0.978827368526207
0.61666124217151
0.758496582568052
1.21785284701787
0.76724729362126
0.483365794981394
0.304520450838278
0.561847884028115
0.353964166937713
0.592997425170759
0.373588377857578
0.235360678050274
0.518277227171673
0.326514653118154
0.205704231464437
0.129593665822595
0.081644009468235
0.0514357259649881
0.0324045073579425
0.0204148396355038
0.0128613489703674
0.00810264985133144
0.00510466940633881
0.00321594172599345
0.00202604328737587
0.0012764072710468
0.000804136580759484
0.000506606045878475
0.370319161808903
0.233301071939609
0.146979675321954
0.0925971954528309
0.428336233135283
0.269851826875229
0.170006650931394
0.107104190086778
0.0674756397546703
0.412509653045442
0.259881081418629
0.163725081293736
0.103146801215054
0.0649824847654838
0.0409389654022548
0.0257915482034205
0.0162486753681549
0.0102366654819376
0.0064490992536207
0.00406293252978104
0.372559647493762
0.23471257792107
0.147868924090274
0.0931574221768727
0.0586891759714298
0.0369741808620008
0.0232937339430605
0.0146750523841281
0.00924528300200071
0.00582452829126045
0.00366945282349408
0.00231175527880127
0.0014564058256448
0.000917535670156225
0.000578047472198422
0.000364169907485006
0.000229427041715554
0.000144539036280799
0.370091059592857
0.2331573675435
0.146889141552405
0.0925401591780151
0.0583003002821495
0.406729189177754
0.256239389181985
0.161430815184651
0.10170141356633
0.434071890546788
0.273465291044476
0.17228313335802
0.478538374015553
0.671479175629798
0.423031880646773
0.266510084807467
0.167901353428704
0.105777852660084
0.0666400471758527
0.0419832297207872
0.0264494347240959
0.0166631438761804
0.0104977806419937
0.00661360180445601
0.00416656913680729
0.372624938556189
0.604753711290399
0.380994838112951
0.240026748011159
0.15121685124703
0.0952666162856291
0.0600179682599464
0.0378113200037662
0.0238211316023727
0.0150073129094948
0.00945460713298173
0.00595640249377849
0.00375253357108045
0.00236409614978068
0.00148938057436183
0.000938309761847953
0.00059113514996421
0.000372415144477453
0.000234621541020795
0.000147811570843101
9.31212896311536e-05
5.86664124676268e-05
3.69598398546049e-05
2.32846991084011e-05
1.46693604382927e-05
9.24169707612438e-06
5.82226915795836e-06
3.66802956951377e-06
2.31085862879367e-06
1.45584093614001e-06
9.17179789768209e-07
5.77823267553972e-07
3.64028658559002e-07
2.29338054892171e-07
1.44482974582068e-07
0.370000091024274
0.233100057345293
0.146853036127534
0.0925174127603467
0.0582859700390184
0.0367201611245816
0.0231337015084864
0.0145742319503464
0.00918176612871825
0.0057845126610925
0.00364424297648828
0.00229587307518761
0.0014464000373682
0.000911232023541964
0.000574076174831437
0.000361667990143805
0.000227850833790597
0.370143546025288
0.233190433995932
0.516909973417437
0.325653283252985
0.205161568449381
0.12925178812311
0.0814286265175592
0.0513000347060623
0.0323190218648192
0.0203609837748361
0.0128274197781468
0.00808127446023246
0.00509120290994645
0.00320745783326626
0.372020698434958
0.234373040014023
0.147655015208835
0.0930226595815659
0.0586042755363865
0.0369206935879235
0.0232600369603918
0.0146538232850468
0.00923190866957951
0.00581610246183509
0.00366414455095611
0.00230841106710235
0.00145429897227448
0.000916208352532922
0.000577211262095741
0.000363643095120317
0.370229095149926
0.233244329944453
0.146943927865006
0.0925746745549535
0.0583220449696207
0.036742888330861
0.0231480196484425
0.0145832523785188
0.00918744899846681
0.00578809286903409
0.00364649850749148
0.00229729405971963
0.00144729525762337
0.000911796012302722
0.000574431487750715
0.00036189183728295
0.000227991857488259
0.370143634870218
0.233190489968237
0.146910008679989
0.0925533054683933
0.0583085824450878
0.0367344069404053
0.0231426763724553
0.0145798861146469
0.00918532825222752
0.00578675679890334
0.0036456567833091
0.00229676377348474
0.00144696117729538
0.000911585541696092
0.000574298891268538
0.000361808301499179
0.000227939229944483
0.000143601714865024
9.04690803649652e-05
5.69955206299281e-05
3.59071779968547e-05
2.26215221380184e-05
1.42515589469516e-05
8.97848213657952e-06
5.6564437460451e-06
3.56355956000841e-06
2.2450425228053e-06
1.41437678936734e-06
8.91057377301424e-07
0.370000561366148
0.233100353660673
0.146853222806224
0.0925175303679211
0.0582860441317903
0.0367202078030279
0.0231337309159076
0.0145742504770218
0.00918177780052372
0.00578452001432994
0.373644247609028
0.235395875993688
0.148299401876023
0.0934286231818946
0.0588600326045936
0.037081820540894
0.0233615469407632
0.0147177745726808
0.00927219798078891
0.00584148472789702
0.00368013537857512
0.372318485288502
0.234560645731756
0.147773206811007
0.0930971202909341
0.0586511857832885
0.0369502470434718
0.0232786556373872
0.0146655530515539
0.00923929842247898
0.00582075800616176
0.00366707754388191
0.0023102588526456
0.00145546307716673
0.370916941738615
0.233677673295327
0.147216934176056
0.0927466685309155
0.428430401174477
0.26991115273992
0.17004402622615
0.107127736522474
0.437490474009159
0.27561899862577
0.543639969134235
0.342493180554568
0.215770703749378
0.135935543362108
0.455639392318128
0.287052817160421
0.550843274811065
0.717031263130971
0.451729695772512
0.284589708336682
0.54929151625211
0.346053655238829
0.588013802800462
0.370448695764291
0.603382678331503
0.380131087348847
0.239482585029774
0.150874028568757
0.0950506379983172
0.0598819019389398
0.0377255982215321
0.0237671268795652
0.0149732899341261
0.00943317265849944
0.00594289877485465
0.00374402622815843
0.00235873652373981
0.00148600400995608
0.00093618252627233
0.000589794991551568
0.000371570844677488
0.370234089632147
0.233247476468253
0.146945910174999
0.0925759234102494
0.428322831748457
0.269843384001528
0.170001331920963
0.107100839110206
0.0674735286394301
0.042508323042841
0.0267802435169898
0.386871553415704
0.243729078651893
0.153549319550693
0.0967360713169364
0.06094372492967
0.0383945467056921
0.024188564424586
0.385238795587489
0.242700441220118
0.152901277968674
0.0963278051202649
0.0606865172257669
0.0382325058522331
0.0240864786869069
0.0151744815727513
0.00955992339083334
0.006022751736225
0.373794333593822
0.235490430164108
0.518358971003388
0.326566151732134
0.205736675591245
0.129614105622484
0.081656886542165
0.0514438385215639
0.0324096182685853
0.0204180595092087
0.0128633774908015
0.00810392781920494
0.00510547452609911
0.373216448951442
0.235126362839409
0.148129608588828
0.0933216534109613
0.0587926416489056
0.0370393642388106
0.393334799470451
0.617800923666384
0.389214581909822
0.245205186603188
0.524479267560008
0.330421938562805
0.208165821294567
0.501144467415577
0.685721014471814
0.802004239117243
0.875262670643863
0.921415482505634
0.580491753978549
0.365709805006486
0.970397177154086
0.611350221607074
0.385150639612457
0.242644902955848
0.152866288862184
0.096305761983176
0.0606726300494009
0.0382237569311226
0.0240809668666072
0.0151710091259625
0.0095577357493564
0.00602137352209453
0.00379346531891956
0.00238988315091932
0.00150562638507917
0.000948544622599878
0.000597583112237923
0.000376477360709892
0.000237180737247232
0.000149423864465756
9.41370346134263e-05
5.93063318064585e-05
3.73629890380689e-05
2.35386830939834e-05
1.48293703492095e-05
0.37000934250332
0.603105885777092
0.379956708039568
0.239372726064928
0.150804817420904
0.0950070349751698
0.059854432034357
0.0377082921816449
0.0237562240744363
0.0149664211668949
0.00942884533514376
0.00594017256114057
0.00374230871351856
0.00235765448951669
0.371485322328395
0.234035753066889
0.14744252443214
0.0928887903922483
0.0585199379471164
0.0368675609066834
0.0232265633712105
0.0146327349238626
0.00921862300203345
0.00580773249128108
0.373658871469507
0.235405089025789
0.148305206086247
0.0934322798343358
0.0588623362956316
0.0370832718662479
0.0233624612757362
0.0147183506037138
0.00927256088033969
0.005841713354614
0.00368027941340682
0.0023185760304463
0.00146070289918117
0.000920242826484136
0.000579752980685006
0.000365244377831554
0.000230103958033879
0.000144965493561344
9.13282609436465e-05
5.75368043944973e-05
0.370036248186769
0.233122836357664
0.146867386905328
0.0925264537503569
0.0582916658627248
0.0367237494935167
0.0231359621809155
0.0145756561739768
0.00918266338960536
0.00578507793545138
0.00364459909933437
0.00229609743258065
0.00144654138252581
0.000911321070991261
0.000574132274724494
0.000361703333076431
0.000227873099838152
0.000143560052898036
9.04428333257624e-05
5.69789849952303e-05
3.58967605469951e-05
2.26149591446069e-05
1.42474242611024e-05
8.97587728449449e-06
5.65480268923153e-06
3.56252569421586e-06
2.24439118735599e-06
1.41396644803428e-06
8.90798862261594e-07
5.61203283224804e-07
3.53558068431627e-07
2.22741583111925e-07
1.40327197360513e-07
8.84061343371229e-08
5.56958646323874e-08
3.50883947184041e-08
2.21056886725946e-08
1.39265838637346e-08
8.77374783415279e-09
5.52746113551625e-09
3.48230051537524e-09
2.1938493246864e-09
1.38212507455243e-09
8.70738796968033e-10
5.48565442089861e-10
3.45596228516612e-10
2.17725623965466e-10
1.37167143098243e-10
8.64153001518933e-11
5.44416390956928e-11
3.42982326302865e-11
2.16078865570805e-11
1.36129685309607e-11
8.57617017450524e-12
5.4029872099383e-12
3.40388194226113e-12
2.14444562362451e-12
1.35100074288344e-12
8.51130468016569e-13
5.36212194850438e-13
3.37813682755776e-13
2.12822620136139e-13
1.34078250685768e-13
8.44692979320336e-14
5.32156576971811e-14
3.35258643492241e-14
2.11212945400112e-14
1.33064155602071e-14
8.38304180293044e-15
5.28131633584618e-15
3.32722929158309e-15
2.09615445369735e-15
1.32057730582933e-15
8.31963702672478e-16
5.24137132683661e-16
3.30206393590706e-16
2.08030027962145e-16
1.31058917616151e-16
8.25671180981754e-17
5.20172844018505e-17
3.27708891731658e-17
2.06456601790945e-17
1.30067659128295e-17
8.19426252508259e-18
5.16238539080203e-18
3.25230279620528e-18
2.04895076160933e-18
1.29083897981388e-18
8.13228557282742e-19
5.12333991088127e-19
3.2277041438552e-19
2.03345361062878e-19
1.28107577469613e-19
8.07077738058562e-20
5.08458974976894e-20
3.20329154235443e-20
2.01807367168329e-20
1.27138641316047e-20
8.00973440291099e-21
5.04613267383392e-21
3.17906358451537e-21
0.37
0.2331
0.146853
0.09251739
0.0582859557
0.036720152091
0.02313369581733
0.0145742283649179
0.00918176386989828
0.375784511238036
0.236744242079963
0.149148872510376
0.0939637896815372
0.0591971874993684
0.407294228124602
0.256595363718499
0.161655079142655
0.101842699859872
0.0641609009117196
0.0404213675743834
0.0254654615718615
0.0160432407902728
0.380107241697872
0.239467562269659
0.150864564229885
0.0950446754648278
0.429878145542841
0.64082323169199
0.403718635965954
0.254342740658551
0.160235926614887
0.100948633767379
0.0635976392734487
0.410066512742273
0.258341903027632
0.162755398907408
0.102535901311667
0.0645976178263502
0.410696499230601
0.258738794515278
0.163005440544625
0.102693427543114
0.0646968593521618
0.040759021391862
0.025678183476873
0.01617725559043
0.0101916710219709
0.00642075274384167
0.00404507422862025
0.00254839676403076
0.00160548996133938
0.00101145867564381
0.000637218965655599
0.000401447948363028
0.000252912207468707
0.000159334690705286
0.00010038085514433
6.32399387409279e-05
3.98411614067846e-05
0.740025099931686
0.466215812956962
0.663715962162886
0.418141056162618
0.26342886538245
0.165960185190943
0.104554916670294
0.0658695975022854
0.0414978464264398
0.0261436432486571
0.386470495246654
0.243476412005392
0.153390139563397
0.0966357879249401
0.0608805463927123
0.0383547442274087
0.394163488863267
0.248322997983859
0.156443488729831
0.0985593978997934
0.0620924206768699
0.039118225026428
0.0246444817666497
0.0155260235129893
0.00978139481318325
0.376162278732305
0.236982235601352
0.149298808428852
0.464058249310177
0.292356697065411
0.184184719151209
0.116036373065262
0.443102915031115
0.279154836469602
0.17586754697585
0.110796554594785
0.439801829394715
0.27707515251867
0.174557346086762
0.10997112803466
0.0692818106618359
0.413647540716957
0.260597950651683
0.16417670891056
0.103431326613653
0.435161735766601
0.274151893532959
0.542715692925764
0.341910886543231
0.215403858522236
0.135704430869009
0.0854937914474754
0.0538610886119095
0.033932485825503
0.391377466070067
0.616567803624142
0.388437716283209
0.244715761258422
0.154170929592806
0.0971276856434677
0.0611904419553846
0.0385499784318923
0.0242864864120922
0.385300486439618
0.612739306456959
0.386025763067884
0.243196230732767
0.153213625361643
0.0965245839778353
0.0608104879060362
0.408310607380803
0.257235682649906
0.162058480069441
0.102096842443748
0.064321010739561
0.0405222367659234
0.0255290091625318
0.016083275772395
0.0101324637366089
0.376383452154064
0.23712157485706
0.149386592159948
0.0941135530607671
0.0592915384282833
0.0373536692098185
0.0235328116021856
0.014825671309377
0.00934017292490748
0.00588430894269171
0.373707114633896
0.235435482219354
0.148324353798193
0.0934443428928617
0.0588699360225029
0.0370880596941768
0.0233654776073314
0.0147202508926188
0.37927375806235
0.23894246757928
0.150533754574947
0.0948362653822164
0.0597468471907963
0.0376405137302017
0.0237135236500271
0.384939519899517
0.242511897536696
0.152782495448118
0.0962529721323145
0.0606393724433582
0.0382028046393156
0.0240677669227689
0.0151626931613444
0.00955249669164696
0.00601807291573758
0.00379138593691468
0.372388573140256
0.234604801078361
0.147801024679368
0.0931146455480017
0.058662226695241
0.0369572028180019
0.0232830377753412
0.0146683137984649
0.00924103769303291
0.00582185374661073
0.00366776786036476
0.0023106937520298
0.00145573706377877
0.000917114350180628
0.000577782040613796
0.000364002685586691
0.000229321691919615
0.000144472665909358
9.10177795228954e-05
0.370057341201099
0.233136124956693
0.146875758722716
0.0925317279953113
0.0582949886370461
0.0367258428413391
0.0231372809900436
0.384576487023727
0.242283186824948
0.152638407699717
0.096162196850822
0.0605821840160178
0.408166775930091
0.257145068835957
0.162001393366653
0.102060877820992
0.0642983530272247
0.0405079624071515
0.0255200163165055
0.0160776102793984
0.010128894476021
0.00638120351989324
0.00402015821753274
0.00253269967704563
0.00159560079653875
0.00100522850181941
0.000633293956146228
0.000398975192372124
0.000251354371194438
0.000158353253852496
9.97625499270724e-05
6.28504064540556e-05
3.9595756066055e-05
2.49453263216147e-05
1.57155555826172e-05
9.90080001704887e-06
6.23750401074079e-06
3.9296275267667e-06
2.47566534186302e-06
1.5596691653737e-06
9.82591574185432e-07
6.19032691736822e-07
3.89990595794198e-07
2.45694075350345e-07
1.54787267470717e-07
9.75159785065518e-08
6.14350664591277e-08
3.87040918692504e-08
2.43835778776278e-08
1.53616540629055e-08
9.67784205963046e-09
6.09704049756719e-09
3.84113551346733e-09
2.41991537348442e-09
1.52454668529518e-09
9.60464411735965e-10
6.05092579393658e-10
3.81208325018005e-10
2.40161244761343e-10
1.51301584199646e-10
9.5319998045777e-11
6.00515987688395e-11
3.78325072243689e-11
2.38344795513524e-11
1.5015722117352e-11
9.45990493393177e-12
5.95974010837701e-12
3.75463626827752e-12
2.36542084901484e-12
1.49021513487935e-12
9.38835534973989e-13
5.91466387033613e-13
3.72623823831176e-13
2.34753009013641e-13
1.47894395678594e-13
9.31734692775141e-14
5.86992856448339e-14
3.69805499562453e-14
2.32977464724346e-14
1.46775802776338e-14
9.24687557490928e-15
5.82553161219285e-15
0.370000000000004
0.233100000000002
0.146853000000001
0.0925173900000009
0.0582859557000006
0.0367201520910004
0.39313369581733
0.247674228364918
0.156034763869898
0.098301901238036
0.0619301977799627
0.0390160246013765
0.0245800954988672
0.0154854601642863
0.00975583990350038
0.00614617913920524
0.0038720928576993
0.372439418500351
0.604636833655221
0.750921205202789
0.473080359277757
0.298040626344987
0.187765594597342
0.118292324596325
0.074524164495685
0.0469502236322815
0.0295786408883374
0.388634543759653
0.244839762568581
0.154249050418206
0.0971769017634699
0.061221448110986
0.778569512309921
0.49049879275525
0.679014239435808
1.16777897084456
1.10570075163207
1.43659147352821
2.01505262832277
2.00948315584334
2.00597438818131
1.63376386455422
1.02927123466916
0.648440877841571
0.40851775304019
0.25736618441532
0.162140696181651
0.10214863859444
0.0643536423144974
0.0405427946581334
0.025541960634624
0.0160914351998131
0.0101376041758823
0.00638669063080584
0.00402361509740768
0.00253487751136684
0.741596972832161
0.837206092884262
0.897439838517085
0.565387098265763
0.356193871907431
0.594402139301682
0.744473347760059
1.20901820908884
1.50168147172597
1.68605932718736
1.06221737612804
1.40919694696066
1.25779407658522
0.792410268248687
1.23921846899667
1.5207076354679
0.958045810344779
0.603568860517211
0.750248382125843
0.472656480739281
0.297773582865747
0.557597357205421
0.351286335039415
0.221310391074831
0.139425546377144
0.0878380942176006
0.0553379993570884
0.0348629395949657
0.0219636519448284
0.0138371007252419
0.00871737345690238
0.375491945277849
0.236559925525045
0.519032753080778
0.69699063444089
0.809104099697761
0.509735582809589
0.321133417170041
0.572314052817126
0.360557853274789
0.227151447563117
0.143105411964764
0.0901564095378013
0.0567985380088148
0.0357830789455533
0.0225433397356986
0.38420230403349
0.242047451541099
0.522489894470892
0.329168633516662
0.207376239115497
0.130647030642763
0.452307629304941
0.654953806462113
0.412620898071131
0.259951165784813
0.163769234444432
0.103174617699992
0.065000009150995
0.0409500057651269
0.39579850363203
0.249353057288179
0.157092426091553
0.0989682284376782
0.0623499839157373
0.0392804898669145
0.394746708616156
0.248690426428178
0.156674968649752
0.098705230249344
0.0621842950570867
0.0391761058859646
0.0246809467081577
0.0155489964261394
0.0097958677484678
0.00617139668153471
0.00388797990936687
0.00244942734290113
0.00154313922602771
0.000972177712397458
0.000612471958810398
0.000385857334050551
0.000243090120451847
0.370153146775885
0.233196482468807
0.146913783955349
0.0925556838918696
0.428310080851878
1.00983535093668
0.63619627109011
0.770803650786769
1.22560629999566
0.772131968997269
0.486443140468279
0.306459178495016
0.19306928245186
0.121633647944672
0.0766291982051433
0.0482763948692403
0.0304141287676214
0.0191609011236015
0.0120713677078689
0.00760496165595742
0.00479112584325317
0.0030184092812495
0.00190159784718718
0.00119800664372793
0.000754744185548594
0.000475488836895614
0.000299557967244237
0.000188721519363869
0.000118894557199238
7.49035710355197e-05
4.71892497523774e-05
2.97292273439978e-05
1.87294132267186e-05
1.17995303328327e-05
7.43370410968461e-06
4.6832335891013e-06
2.95043716113382e-06
1.85877541151431e-06
1.17102850925401e-06
7.37747960830029e-07
4.64781215322918e-07
2.92812165653438e-07
1.84471664361666e-07
1.1621714854785e-07
7.32168035851453e-08
4.61265862586416e-08
2.90597493429442e-08
0.370000018307642
0.233100011533814
0.146853007266303
0.092517394577771
0.0582859585839957
0.0367201539079173
0.0231336969619879
0.384574229086052
0.242281764324213
0.152637511524254
0.0961616322602801
0.0605818283239765
0.0381665518441052
0.0240449276617863
0.0151483044269253
0.00954343178896297
0.00601236202704667
0.0037877880770394
0.00238630648853482
0.00150337308777694
0.000947125045299471
0.000596688778538667
0.00037591393047936
0.000236825776201997
0.000149200239007258
9.39961505745726e-05
5.92175748619807e-05
3.73070721630479e-05
2.35034554627202e-05
1.48071769415137e-05
9.32852147315363e-06
5.87696852808679e-06
3.70249017269468e-06
2.33256880879765e-06
1.46951834954252e-06
9.25796560211786e-07
5.83251832933425e-07
0.370000367448655
0.233100231492652
0.146853145840371
0.0925174818794338
0.0582860135840433
0.0367201885579473
0.0231337187915068
0.0145742428386493
0.00918177298834904
0.00578451698265989
0.00364424569907573
0.00229587479041771
0.371446401117963
0.234011232704317
0.14742707660372
0.0928790582603433
0.0585138067040163
0.0368636982235303
0.393224129880824
0.247731201824919
0.156070657149699
0.0983245140043104
0.0619444438227156
0.0390249996083108
0.0245857497532358
0.0154890223445386
0.00975808407705929
0.00614759296854735
0.00387298357018483
0.00243997964921644
0.00153718717900636
0.000968427922774007
0.000610109591347624
0.000384369042549003
0.000242152496805872
0.000152556072987699
9.61103259822506e-05
6.05495053688179e-05
3.81461883823553e-05
2.40320986808838e-05
1.51402221689568e-05
9.53833996644279e-06
6.00915417885896e-06
3.78576713268114e-06
2.38503329358912e-06
1.50257097496115e-06
9.46619714225522e-07
0.37000059637042
0.233100375713365
0.14685323669942
0.0925175391206344
0.0582860496459997
0.0367202112769798
0.0231337331044973
0.0145742518558333
0.00918177866917497
0.00578452056158023
0.00364424795379554
0.00229587621089119
0.00144640201286145
0.000911233268102714
0.00057407695890471
0.000361668484109967
0.370227851144989
0.233243546221343
0.146943434119446
0.0925743634952511
0.0583218490020082
0.0367427648712652
0.0231479418688971
0.0145832033774051
0.00918741812776524
0.0057880734204921
0.00364648625491002
0.00229728634059332
0.00144729039457379
0.370911792948582
0.233674429557606
0.147214890621292
0.092745381091414
0.0584295900875908
0.0368106417551822
0.0231907043057648
0.384610143712632
0.242304390538958
0.152651766039544
0.0961706126049124
0.0605874859410948
0.0381701161428897
0.0240471731700205
0.0151497190971129
0.00954432303118115
0.00601292350964413
0.0037881418110758
0.00238652934097775
0.00150351348481599
0.000947213495434071
0.000596744502123464
0.000375949036337783
0.370236847892893
0.233249214172522
0.146947004928689
0.0925766131050742
0.0583232662561967
0.0367436577414039
0.0231485043770845
0.384583557757563
0.982287641387265
0.618841214073977
0.389869964866605
0.245618077865961
0.524739389055556
0.330585815105
0.20826906351615
0.501209510015175
0.68576199130956
0.432030054525023
0.642178934350764
0.404572728640982
0.254880819043818
0.160574915997606
0.101162197078492
0.80373218415945
0.506351276020453
0.319001303892886
0.200970821452518
0.126611617515086
0.0797653190345044
0.0502521509917377
0.0316588551247948
0.0199450787286207
0.0125653995990311
0.00791620174738956
0.00498720710085542
0.00314194047353892
0.00197942249832952
0.0012470361739476
0.000785632789586986
0.000494948657439801
0.000311817654187075
0.000196445122137857
0.00012376042694685
7.79690689765154e-05
4.91205134552047e-05
3.0945923476779e-05
0.37001949593179
0.233112282437028
0.146860737935328
0.0925222648992564
0.0582890268865315
0.0367220869385149
0.0231349147712644
0.0145749963058965
0.00918224767271482
0.37578481603381
0.2367444341013
0.519148993483819
0.327063865894806
0.206050235513728
0.129811648373649
0.0817813384753986
0.0515222432395011
0.0324590132408857
0.020449178341758
0.0128829823553075
0.00811627888384375
0.00511325569682156
0.00322135108899758
0.00202945118606848
0.00127855424722314
0.370805489175751
0.233607458180723
0.147172698653855
0.0927188001519289
0.428412844095715
0.269900091780301
0.170037057821589
0.107123346427601
0.0674877082493888
0.042517256197115
0.0267858714041824
0.386875098984635
0.24373131236032
0.153550726787002
0.096736957875811
0.0609442834617609
0.0383948985809094
0.0241887861059729
0.0152389352467629
0.00960052920546065
0.37604833339944
0.606910450041647
0.382353583526238
0.24088275762153
0.521756137301564
0.328706366499985
0.207085010894991
0.130463556863844
0.0821920408242218
0.0517809857192597
0.0326220210031336
0.0205518732319742
0.0129476801361437
0.00815703848577056
0.375138934246035
0.236337528575002
0.148892643002251
0.0938023650914184
0.0590954900075936
0.407230158704784
0.256554999984014
0.161629649989929
0.101826679493655
0.0641508080810027
0.0404150090910317
0.39546145572735
0.61914071710823
0.390058651778185
0.615736950620257
0.387914278890762
0.24438599570118
0.153963177291743
0.0969968016937983
0.0611079850670929
0.0384980305922685
0.0242537592731292
0.0152798683420714
0.00962631705550497
0.00606457974496813
0.00382068523932992
0.00240703170077785
0.00151642997149005
0.000955350882038729
0.000601871055684399
0.000379178765081172
0.000238882622001138
0.000150496051860717
9.48125126722517e-05
5.97318829835186e-05
3.76310862796167e-05
2.37075843561585e-05
1.49357781443799e-05
0.370009409540231
0.233105928010346
0.146856734646518
0.0925197428273061
0.0582874379812029
0.0367210859281578
0.0231342841347394
0.0145745990048858
0.00918199737307807
0.00578465834503919
0.00364433475737469
0.00229593089714605
0.00144643646520201
0.000911254973077269
0.000574090633038679
0.000361677098814368
0.000227856572253052
0.000143549640519423
9.04362735272363e-05
5.69748523221589e-05
3.58941569629601e-05
2.26133188866648e-05
1.42463908985989e-05
8.97522626611728e-06
5.65439254765389e-06
0.370003562267305
0.233102244228402
0.146854413863893
0.0925182807342528
0.0582865168625793
0.0367205056234249
0.0231339185427577
0.0145743686819374
0.00918185226962054
0.00578456692986094
0.00364427716581239
0.00229589461446181
0.00144641360711094
0.000911240572479891
0.000574081560662331
0.000361671383217269
0.000227852971426879
0.000143547371998934
9.04348443593284e-05
5.69739519463769e-05
3.58935897262174e-05
2.2612961527517e-05
1.42461657623357e-05
8.97508443027149e-06
5.65430319107104e-06
3.56221101037476e-06
2.2441929365361e-06
1.41384155001774e-06
0.370000890720177
0.233100561153711
0.146853353526838
0.092517612721908
0.058286096014802
0.0367202404893253
0.0231337515082749
0.0145742634502132
0.00918178597363432
0.00578452516338962
0.373644250852935
0.605395878037349
0.38139940316353
0.240281623993024
0.151377423115605
0.0953677765628312
0.0600816992345837
0.0378514705177877
0.0238464264262063
0.0150232486485099
0.00946464664856126
0.0059627273885936
0.00375651825481397
0.0023666065005328
0.00149096209533566
0.000939306120061468
0.000591762855638725
0.000372810599052397
0.00023487067740301
0.000147968526763896
9.32201718612546e-05
5.87287082725904e-05
3.6999086211732e-05
2.33094243133911e-05
1.46849373174364e-05
9.25151050998494e-06
5.82845162129051e-06
3.67192452141302e-06
2.3133124484902e-06
1.45738684254883e-06
9.18153710805762e-07
5.7843683780763e-07
3.64415207818807e-07
2.29581580925848e-07
1.44636395983284e-07
9.11209294694692e-08
5.74061855657656e-08
0.370000036165897
0.233100022784515
0.146853014354244
0.462517399043174
0.2913859613972
0.183573155680236
0.115651088078549
0.0728601854894856
0.0459019168583759
0.398918207620777
0.251318470801089
0.158330636604686
0.0997483010609524
0.0628414296684
0.039590100691092
0.024941763435388
0.385713310964294
0.612999385907505
0.386189613121728
0.243299456266689
0.153278657448014
0.466565554192249
0.293936299141117
0.185179868458904
0.116663317129109
0.0734978897913388
0.416303670568543
0.262271312458182
0.165230926848655
0.474095483914653
0.298680154866231
0.188168497565726
0.118546153466407
0.0746840766838365
0.787050968310817
1.23584211003581
1.14858052932256
0.723605733473215
0.455871612088125
0.287199115615519
0.180935442837777
0.113989328987799
0.0718132772623137
0.415242364675258
0.261602689745412
0.53480969453961
0.336930107559954
0.212265967762771
0.133727559690546
0.0842483626050438
0.0530764684411776
0.403438175117942
0.254166050324303
0.160124611704311
0.100878505373716
0.433553458385441
0.643138678782828
0.405177367633182
0.625261741608904
0.76391489721361
0.481266385244574
0.303197822704082
0.191014628303571
0.12033921583125
0.0758137059736875
0.0477626347634231
0.400090459900957
0.622056989737603
0.76189590353469
0.849994419226854
1.64549648411292
1.03666278499114
1.02309755454442
0.644551459362983
0.406067419398679
0.255822474221168
0.161168158759336
0.101535940018382
0.0639676422115804
0.410299614593296
0.258488757193776
0.162847917032079
0.47259418773021
0.297734338270032
0.55757263311012
0.721270758859376
0.824400578081407
0.889372364191286
0.56030458944051
0.352991891347522
0.962384891548939
0.606302481675831
0.381970563455774
0.240641454977137
0.521604116635597
0.328610593480426
0.207024673892668
0.130425544552381
0.082168093068
0.05176589863284
0.0326125161386892
0.0205458851673742
0.0129439076554458
0.378154661822931
0.238237436948446
0.150089585277521
0.0945564387248384
0.0595705563966482
0.0375294505298884
0.0236435538338297
0.0148954389153127
0.379384126516647
0.239011999705488
0.150577559814457
0.464863862683108
0.292864233490358
0.184504467098926
0.116237814272323
0.0732298229915636
0.046134788484685
0.0290649167453516
0.0183108975495715
0.01153586545623
0.377267595237425
0.237678584999578
0.149737508549734
0.0943346303863324
0.0594308171433894
0.0374414148003353
0.393588091324211
0.247960497534253
0.156215113446579
0.0984155214713451
0.0620017785269474
0.0390611204719769
0.0246085058973454
0.385503358715328
0.612867115990656
0.386106283074113
0.243246958336691
0.153245583752116
0.836544717763833
0.527023172191215
0.332024598480465
0.209175497042693
0.131780563136897
0.0830217547762449
0.0523037055090343
0.402951334470692
0.993859340716536
0.626131384651417
0.394462772330393
0.618511546568148
0.389662274337933
0.245487232832898
0.154656956684726
0.0974338827113771
0.431383346108168
0.271771508048146
0.171216050070332
0.107866111544309
0.0679556502729147
0.0428120596719362
0.0269715975933198
0.386992106483792
0.243805027084789
0.523597167063417
0.329866215249953
0.20781571560747
0.130923900832706
0.0824820575246049
0.0519636962405011
0.0327371286315157
0.390624391037855
0.246093366353849
0.155038820802925
0.0976744571058425
0.0615349079766808
0.0387669920253089
0.0244232049759446
0.0153866191348451
0.00969357005495241
0.00610694913462002
0.00384737795481061
0.00242384811153069
0.00152702431026433
0.370962025315467
0.233706075948744
0.147234827847709
0.0927579415440565
0.0584375031727556
0.036815626998836
0.0231938450092667
0.014612122355838
0.00920563708417795
0.00579955136303211
0.00365371735871023
0.00230184193598744
0.00145016041967209
0.000913601064393416
0.000575568670567852
0.000362608262457747
0.000228443205348381
0.00014391921936948
9.06691082027722e-05
5.71215381677465e-05
3.59865690456803e-05
2.26715384987786e-05
1.42830692542305e-05
8.99833363016522e-06
5.66895018700409e-06
3.57143861781258e-06
2.25000632922192e-06
1.41750398740981e-06
8.93027512068182e-07
0.370000562607333
0.23310035444262
0.14685322329885
0.0925175306782757
0.0582860443273137
0.0367202079262076
0.0231337309935108
0.0145742505259118
0.00918177783132444
0.0057845200337344
0.00364424762125267
0.00229587600138918
0.00144640188087518
0.000911233184951366
0.000574076906519361
0.000361668451107197
0.000227851124197534
0.000143546208244447
9.04341111940014e-05
5.69734900522209e-05
3.58932987328991e-05
2.26127782017265e-05
1.42460502670877e-05
8.97501166826523e-06
5.65425735100709e-06
3.56218213113447e-06
2.24417474261472e-06
1.41383008784727e-06
8.90712955343781e-07
5.61149161866582e-07
3.53523971975947e-07
2.22720102344846e-07
1.40313664477253e-07
8.83976086206695e-08
5.56904934310218e-08
0.370000035085011
0.233100022103557
0.146853013925241
0.0925173987729017
0.0582859612269281
0.0367201555729647
0.0231336980109678
0.0145742297469097
0.0091817647405531
0.00578451178654845
0.00364424242552553
0.00229587272808108
0.00144639981869108
0.000911231885775381
0.00057407608803849
0.000361667935464249
0.000227850799342477
0.00014354600358576
9.0433982259029e-05
5.69734088231883e-05
3.58932475586086e-05
2.26127459619234e-05
1.42460299560118e-05
8.97499887228741e-06
5.65424928954107e-06
3.56217705241087e-06
2.24417154301885e-06
1.41382807210188e-06
8.90711685424182e-07
5.61148361817234e-07
3.53523467944858e-07
2.2271978480526e-07
1.40313464427314e-07
8.83974825892078e-08
5.56904140312009e-08
3.50849608396566e-08
2.21035253289836e-08
1.39252209572597e-08
8.77288920307361e-09
5.52692019793638e-09
3.48195972469992e-09
2.19363462656095e-09
1.3819898147334e-09
8.7065358328204e-10
0.370000000548512
0.233100000345562
0.146853000217704
0.0925173901371537
0.0582859557864068
0.0367201521454363
0.393133695851625
0.247674228386524
0.15603476388351
0.0983019012466113
0.0619301977853651
0.03901602460478
0.0245800955010114
0.385485460165637
0.242855839904351
0.152999179139741
0.0963894828580371
0.430725374200563
0.271356985746355
0.170954901020204
0.107701587642728
0.0678520002149188
0.0427467601353989
0.0269304588853013
0.0169661890977398
0.0106886991315761
0.00673388045289293
0.00424234468532255
0.0026726771517532
0.00168378660560452
0.00106078556153085
0.370668294903764
0.603521025789372
0.380218246247304
0.609537495135802
0.384008621935555
0.2419254318194
0.892413022046222
0.56222020388912
0.724198728450145
0.456245198923592
0.657434475321863
0.414183719452773
0.260935743255247
0.164389518250806
0.103565396498008
0.435246199793745
0.644205105870059
0.405849216698137
0.255685006519827
0.531081554107491
0.334581379087719
0.210786268825263
0.132795349359916
0.453661070096747
0.655806474160951
0.413158078721399
0.630289589594481
0.397082441444523
0.62016193811005
0.390702021009331
0.246142273235879
0.155069632138604
0.0976938682473203
0.0615471369958118
0.0387746963073614
0.0244280586736377
0.0153896769643917
0.0096954964875668
0.00610816278716708
0.00384814255591526
0.372424329810227
0.234627327780443
0.147815216501679
0.463123586396058
0.291767859429516
0.183813751440595
0.115802663407575
0.0729556779467723
0.0459620771064665
0.0289561085770739
0.0182423484035566
0.0114926794942406
0.377240388081372
0.607661444491264
0.382826710029496
0.241180827318583
0.151943921210707
0.0957246703627455
0.0603065423285297
0.0379931216669737
0.393935666650193
0.618179469989622
0.389453066093462
0.245355431638881
0.154573921932495
0.0973815708174718
0.0613503896150073
0.0386507454574546
0.0243499696381964
0.0153404808720637
0.00966450294940014
0.00608863685812209
0.00383584122061692
0.00241657996898866
0.00152244538046285
0.000959140589691598
0.000604258571505707
0.000380682900048595
0.000239830227030615
0.000151093043029288
9.51886171084511e-05
5.99688287783242e-05
3.77803621303443e-05
2.38016281421169e-05
1.49950257295336e-05
0.37000944686621
0.233105951525712
1.2568567494612
1.16181975216056
0.73194644386115
1.20112625963252
0.75670954356849
0.476727012448149
0.300338017842334
0.55921295124067
0.722304159281622
0.455051620347422
0.286682520818876
0.180609988115892
0.113784292513012
0.0716841042831975
0.0451609856984144
0.0284514209900011
0.0179243952237007
0.0112923689909314
0.0071141924642868
0.00448194125250068
0.00282362298907543
0.00177888248311752
0.00112069596436404
0.000706038457549344
0.000444804228256087
0.370280226663801
0.233276542798195
0.146964221962863
0.0925874598366035
0.42833009969706
0.639847962809148
0.403104216569763
0.253955656438951
0.159992063556539
0.47079500004062
0.29660085002559
0.186858535516122
0.487720877375157
0.307264152746349
0.1935764162302
0.121953142225026
0.0768304796017663
0.418403202149113
0.263594017353941
0.166064230932983
0.104620465487779
0.0659108932573009
0.0415238627520996
0.0261600335338227
0.0164808211263083
0.0103829173095742
0.00654123790503177
0.00412097988017002
0.00259621732450711
0.00163561691443948
0.00103043865609687
0.000649176353341029
0.000408981102604849
0.000257658094641055
0.000162324599623864
0.000102264497763035
6.44266335907118e-05
4.05887791621484e-05
2.55709308721535e-05
1.61096864494567e-05
0.370010149102463
0.233106393934552
0.146857028178768
0.0925199277526236
0.428287554484153
0.269821159325016
0.16998733037476
0.477092018136099
0.670567971425742
0.422457821998218
0.266148427858877
0.167673509551093
0.105634311017188
0.0665496159408287
0.0419262580427221
0.0264135425669149
0.0166405318171564
0.0104835350448085
0.00660462707822937
0.0041609150592845
0.00262137648734924
0.00165146718703002
0.00104042432782891
0.000655467326532215
0.000412944415715295
0.000260154981900636
0.000163897638597401
0.000103255512316362
6.50509727593083e-05
4.09821128383643e-05
2.58187310881695e-05
1.62658005855468e-05
1.02474543688945e-05
6.45589625240351e-06
4.06721463901421e-06
2.56234522257895e-06
1.61427749022474e-06
1.01699481884159e-06
6.407067358702e-07
4.03645243598226e-07
2.54296503466882e-07
1.60206797184136e-07
1.00930282226006e-07
6.35860778023835e-08
4.00592290155016e-08
2.5237314279766e-08
1.58995079962526e-08
1.00166900376391e-08
6.31051472371266e-09
3.97562427593897e-09
2.50464329384155e-09
1.57792527512018e-09
9.94092923325712e-10
6.26278541695199e-10
3.94555481267975e-10
2.48569953198824e-10
0.370000000156599
0.233100000098657
0.146853000062154
0.0925173900391571
0.058285955724669
0.0367201521065415
0.0231336958271211
0.0145742283710863
0.00918176387378438
0.00578451124048416
0.00364424208150502
0.00229587251134816
0.00144639968214934
0.000911231799754085
0.000574076033845074
0.000361667901322397
0.00022785077783311
0.000143545990034859
9.04339737219613e-05
5.69734034448356e-05
3.58932441702464e-05
2.26127438272553e-05
1.42460286111708e-05
8.97499802503761e-06
5.65424875577369e-06
3.56217671613743e-06
2.24417133116658e-06
1.41382793863495e-06
8.90711601340015e-07
5.6114830884421e-07
3.53523434571852e-07
0.370000222719764
0.233100140313451
0.146853088397474
0.0925174456904088
0.0582859907849575
0.0367201741945232
0.0231337097425496
0.0145742371378063
0.00918176939681795
0.00578451471999531
0.00364424427359705
0.00229587389236614
0.00144640055219067
0.000911232347880121
0.000574076379164476
0.370361668118874
0.23332785091489
0.516996546076381
0.32570782402812
0.205195929137716
0.499273435356761
0.314542264274759
0.198161626493098
0.124841824690652
0.0786503495551108
0.0495497202197198
0.0312163237384235
0.389666283955207
0.61548975889178
0.387758548101822
0.244287885304148
0.523901367741613
0.700057861677216
0.441036452856646
0.277852965299687
0.175047368138803
0.110279841927446
0.0694763004142908
0.0437700692610032
0.397575143634432
0.250472340489692
0.157797574508506
0.0994124719403588
0.432629857322426
0.272556810113128
0.171710790371271
0.108177797933901
0.0681520126983574
0.0429357679999652
0.0270495338399781
0.0170412063191862
0.380735959981087
0.239863654788085
0.521114102516494
0.328301884585391
0.206830187288796
0.130303017991942
0.0820909013349232
0.0517172678410016
0.032581878739831
0.0205265836060936
0.382931747671839
0.611247001033258
0.755085610650953
0.8457039347101
0.532793478867363
0.335659891686439
0.581465731762456
0.736323411010348
0.463883748936519
0.662246761830007
0.417215459952904
0.26284573977033
0.535592816055308
0.337423474114844
0.212576788692352
0.503923376876181
0.317471727431994
0.200007188282156
0.126004528617759
0.0793828530291879
0.0500111974083884
1.14150705436728
0.719149444251389
0.453064149878375
0.285430414423376
0.179821161086727
0.113287331484638
0.441371018835322
0.278063741866253
0.545180157375739
0.343463499146716
0.216382004462431
0.136320662811331
0.0858820175711388
0.0541056710698175
0.774086572773985
0.487674540847611
0.307234960733995
0.563558025262417
0.355041555915322
0.223676180226653
0.140915993542791
0.0887770759319586
0.0559295578371339
0.0352356214373944
0.0221984415055585
0.0139850181485018
0.00881056143355615
0.00555065370314038
0.00349691183297844
0.00220305445477642
0.00138792430650914
0.000874392313100759
0.370550867157253
0.60344704630907
1.12017163917471
1.44570813268007
2.02079612358844
2.38310155786072
2.24135398145225
2.15205300831492
1.7257933952384
1.82724983900019
1.89116739857012
1.56143546109918
1.72370434049248
2.19593373451026
2.12343825274147
2.07776609922712
1.30899264251309
1.19466536478325
0.752639179813445
0.47416268328247
0.298722490467956
0.558195168994812
0.351662956466732
0.221547662574041
0.139575027421646
0.0879322672756369
0.0553973283836512
0.0349003168817003
0.391987199635471
0.246951935770347
0.155579719535319
0.0980152233072507
0.0617495906835679
0.0389022421306478
0.0245084125423081
0.0154402999016541
0.00972738893804209
0.00612825503096652
0.00386080066950891
0.00243230442179061
0.00153235178572808
0.000965381625008693
0.000608190423755477
0.00038315996696595
0.370241390779189
0.233252076190889
0.14694880800026
0.0925777490401638
0.0583239818953032
0.036744108594041
0.0231487884142458
0.0145837367009749
0.00918775412161417
0.00578828509661693
0.00364661961086866
0.372297370354847
0.604547343323554
0.380864826293839
0.239944840565119
0.151165249556025
0.0952341072202955
0.0599974875487862
0.0377984171557353
0.0238130028081132
0.0150021917691113
0.00945138081454014
0.37595436991316
0.236851253045291
0.149216289418533
0.094006262333676
0.429223945270216
0.270411085520236
0.170358983877749
0.107326159842982
0.0676154807010785
0.412597752841679
0.259936584290258
0.163760048102863
0.473168830304803
0.298096363092026
0.557800708747976
0.351414446511225
0.221391101302072
0.139476393820305
0.0878701281067923
0.425358180707279
0.267975653845586
0.908824661922719
0.572559537011313
0.360712508317127
0.22724888023979
0.143166794551068
0.0901950805671727
0.0568229007573188
0.0357984274771109
0.39255300931058
0.247308395865665
0.155804289395369
0.0981567023190826
0.431838722461022
0.272058395150444
0.54139678894478
0.341079977035211
0.214880385532183
0.135374642885275
0.0852860250177234
0.0537301957611658
0.0338500233295344
0.0213255146976067
0.0134350742594922
0.0084640967834801
0.00533238097359246
0.00335940001336325
0.372116422008419
0.234433345865304
0.147693007895141
0.0930465949739391
0.0586193548335816
0.0369301935451564
0.0232660219334486
0.0146575938180726
0.00923428410538573
0.00581759898639301
0.0036650873614276
0.00230900503769939
0.00145467317375061
0.000916444099462886
0.000577359782661618
0.00036373666307682
0.000229154097738396
0.00014436708157519
9.09512613923695e-05
5.72992946771928e-05
3.60985556466314e-05
2.27420900573778e-05
1.4327516736148e-05
9.02633554377325e-06
5.68659139257715e-06
3.5825525773236e-06
2.25700812371387e-06
1.42191511793974e-06
8.95806524302035e-07
5.64358110310282e-07
3.55545609495478e-07
2.23993733982151e-07
1.41116052408755e-07
8.89031130175158e-08
5.60089612010349e-08
3.5285645556652e-08
2.22299567006908e-08
1.40048727214352e-08
8.82306981450417e-09
5.55853398313762e-09
3.5018764093767e-09
2.20618213790732e-09
0.370000001389895
0.233100000875634
0.516853000551649
0.325617390347539
0.20513895591895
0.129237542228938
0.0814196516042311
0.0512943805106656
0.0323154597217193
0.0203587396246832
0.0128260059635504
0.00808038375703675
0.00509064176693315
0.00320710431316789
0.00202047571729577
0.00127289970189633
0.000801926812194691
0.000505213891682655
0.000318284751760073
0.000200519393608846
0.000126327217973573
7.95861473233509e-05
5.01392728137111e-05
3.1587741872638e-05
1.99002773797619e-05
1.253717474925e-05
7.89842009202751e-06
4.97600465797733e-06
3.13488293452572e-06
1.9749762487512e-06
1.24423503671326e-06
7.83868073129352e-07
4.93836886071492e-07
3.1111723822504e-07
1.96003860081775e-07
1.23482431851518e-07
7.77939320664565e-08
4.90101772018676e-08
3.08764116371766e-08
1.94521393314213e-08
1.22548477787954e-08
7.7205541006411e-09
4.86394908340389e-09
3.06428792254445e-09
1.930501391203e-09
1.21621587645789e-09
7.66216002168473e-10
4.82716081366138e-10
3.04111131260667e-10
1.9159001269422e-10
1.20701707997359e-10
7.6042076038336e-11
4.79065079041516e-11
3.01810999796155e-11
1.90140929871578e-11
1.19788785819094e-11
7.54669350660293e-12
4.75441690915984e-12
2.9952826527707e-12
0.740000000001887
0.466200000001189
0.293706000000749
0.185034780000472
0.486571911400297
0.306540304182187
0.193120391634778
0.12166584672991
0.0766494834398434
0.0482891745671013
0.400422179977274
0.252265973385683
0.15892756323298
0.100124364836777
0.43307834984717
0.272839360403717
0.171888797054342
0.108289942144235
0.438222663550868
0.276080278037047
0.17393057516334
0.109576262352904
0.0690330452823295
0.0434908185278676
0.397399215672557
0.250361505873711
0.157727748700438
0.469368481681276
0.295702143459204
0.186292350379298
0.117364180738958
0.0739394338655435
0.0465818433352924
0.0293465613012342
0.0184883336197776
0.0116476501804599
0.00733801961368972
0.00462295235662452
0.00291245998467345
0.371834849790344
0.234255955367917
0.147581251881788
0.0929761886855262
0.0585749988718815
0.0369022492892854
0.0232484170522498
0.0146465027429174
0.00922729672803794
0.0058131969386639
0.00366231407135826
0.0023072578649557
0.00145357245492209
0.000915750646600918
0.000576922907358578
0.000363461431635904
0.00022898070193062
0.370144257842216
0.233190882440596
0.146910255937576
0.0925534612406727
0.0583086805816238
0.036734468766423
0.0231427153228465
0.0145799106533933
0.00918534371163776
0.375786766538332
0.606745662919149
0.382249767639064
0.24081735361261
0.151714932775944
0.095580407648845
0.430215656818772
0.271035863795827
0.170752594191371
0.107574134340564
0.067771704634555
0.0426961739197697
0.396898589569455
0.250046111428757
0.157529050200117
0.0992433016260735
0.0625232800244263
0.0393896664153886
0.0248154898416948
0.0156337586002677
0.00984926791816866
0.376205038788446
0.237009174436721
0.149315779895134
0.0940689413339346
0.0592634330403788
0.0373359628154387
0.0235216565737264
0.754818643641448
0.475535745494112
0.299587519661291
0.188740137386613
0.118906286553566
0.0749109605287467
0.0471939051331104
0.0297321602338596
0.0187312609473315
0.381800694396819
0.240534437469996
0.151536695606097
0.0954681182318414
0.0601449144860601
0.407891296126218
0.256971516559517
0.161892055432496
0.101991994922472
0.0642549568011576
0.0404806227847293
0.0255027923543795
0.0160667591832591
0.0101220582854532
0.00637689671983552
0.374017444933496
0.235630990308103
0.148447523894105
0.093521940053286
0.0589188222335702
0.0371188580071492
0.023384880544504
0.0147324747430375
0.00928145908811364
0.00584731922551159
0.0036838111120723
0.00232080100060555
0.0014621046303815
0.37092112591714
0.603680309327798
0.750318594876513
0.472700714772203
0.297801450306488
0.187614913693087
0.118197395626645
0.0744643592447864
0.0469125463242154
0.0295549041842557
0.0186195896360811
0.0117303414707311
0.377390115126561
0.237755772529733
0.149786136693732
0.0943652661170511
0.0594501176537422
0.0374535741218576
0.0235957516967703
0.0148653235689653
0.00936515384844812
0.00590004692452232
0.00371702956244906
0.00234172862434291
0.00147528903333603
0.0009294320910017
0.000585542217331071
0.000368891596918575
0.000232401706058702
0.370146413074817
0.233192240237135
0.146911111349395
0.0925540001501188
0.0583090200945748
0.0367346826595821
0.0231428500755367
0.0145799955475882
0.00918539719498053
0.00578680023283774
0.00364568414668777
0.0022967810124133
0.00144697203782038
0.000911592383826838
0.000574303201810908
0.000361811017140872
0.000227940940798749
0.000143602792703212
0.370090469759403
0.233156995948424
0.146888907447507
0.0925400116919294
0.0583002073659156
0.0367291306405268
0.0231393523035319
0.0145777919512251
0.0091840089292718
0.00578592562544124
0.00364513314402798
0.00229643388073763
0.0014467533448647
0.370911454607265
0.233674216402577
0.147214756333623
0.0927452964901827
0.0584295367888151
0.0368106081769535
0.0231906831514807
0.0146101303854329
0.0092043821428227
0.0057987607499783
0.00365321927248633
0.00230152814166639
0.00144996272924982
0.000913476519427389
0.000575490207239255
0.000362558830560731
0.00022841206325326
0.000143899599849554
9.06567479052191e-05
5.7113751180288e-05
3.59816632435814e-05
2.26684478434563e-05
1.42811221413775e-05
8.99710694906781e-06
5.66817737791272e-06
0.370003570951748
0.233102249699601
0.146854417310749
0.0925182829057717
0.0582865182306362
0.0367205064853008
0.0231339190857395
0.0145743690240159
0.00918185248513001
0.00578456706563191
0.0036442772513481
0.0022958946683493
0.00144641364106006
0.000911240593867839
0.000574081574136738
0.000361671391706145
0.000227852976774871
0.000143547375368169
9.04348464819465e-05
5.69739532836263e-05
3.58935905686846e-05
2.26129620582713e-05
1.42461660967109e-05
8.97508464092787e-06
5.65430332378456e-06
3.56221109398427e-06
2.24419298921009e-06
1.41384158320236e-06
8.90720197417485e-07
5.61153724373015e-07
3.53526846355e-07
2.2272191320365e-07
1.40314805318299e-07
8.83983273505286e-08
5.5690946230833e-08
3.50852961254248e-08
0.370000022103737
0.233100013925354
0.146853008772973
0.092517395526973
0.058285959181993
0.0367201542846556
0.023133697199333
0.0145742292355798
0.00918176441841528
0.00578451158360162
0.00364424229766902
0.00229587264753148
0.00144639976794484
0.000911231853805246
0.000574076067897305
0.000361667922775302
0.00022785079134844
0.37014354599855
0.603190433979086
0.380009973406824
0.239406283246299
0.150825958445169
0.0950203538204562
0.0598628229068874
0.407713578431339
0.256859554411744
0.161821519279398
0.101947557146021
0.0642269610019932
0.0404629854312557
0.395491680821691
0.249159758917665
0.526970648118129
0.331991508314421
0.209154650238085
0.501767429649994
0.316113480679496
0.199151492828083
0.125465440481692
0.079043227503466
0.0497972333271836
0.0313722569961256
0.389764521907559
0.245551648801762
0.15469753874511
0.467459449409419
0.664499453127934
0.418634655470599
0.263739832946477
0.536156094756281
0.337778339696457
0.212800354008768
0.134064223025524
0.0844604605060799
0.0532100901188304
0.0335223567748631
0.0211190847681638
0.383305023403943
0.241482164744484
0.152133763789025
0.465844271187086
0.293481890847864
0.184893591234154
1.22648296247752
0.772684266360836
0.486791087807327
0.306678385318616
0.193207382750728
0.121720651132959
0.446684010213764
0.281410926434671
0.177288883653843
0.111691996701921
0.0703659579222102
0.414330553490992
0.261028248699325
0.534447796680575
1.07670211190876
1.41832233050252
0.893543068216588
0.56293213297645
0.354647243775164
0.223427763578353
0.140759491054362
0.458678479364248
0.288967441999476
0.18204948845967
0.114691177729592
0.0722554419696431
0.415520928440875
0.261778184917751
0.534920256498183
0.706999761593855
0.445409849804129
0.280608205376601
0.176783169387259
0.111373396713973
0.070165239929803
0.0442041011557759
0.0278485837281388
0.0175446077487275
0.0110531028816983
0.00696345481546993
0.00438697653374605
0.37276379521626
0.234841190986244
0.147949950321334
0.0932084687024402
0.0587213352825373
0.0369944412279985
0.0233064979736391
0.0146830937233926
0.379250349045737
0.238927719898815
0.150524463536253
0.464830412027839
0.292843159577539
0.184491190533849
0.116229450036325
0.0732245535228849
0.0461314687194175
0.029062825293233
0.0183095799347368
0.0115350353588842
0.00726707227609703
0.374578255533941
0.605984300986383
0.381770109621421
0.240515169061495
0.151524556508742
0.0954604706005075
0.43014009647832
0.270988260781341
0.170722604292245
0.107555240704114
0.437759801643592
0.275788675035463
0.173746865272342
0.479460525121575
0.302060130826592
0.190297882420753
0.119887665925075
0.075529229532797
0.417583414605662
0.263077551201567
0.165738857256987
0.474415480071902
0.298881752445298
0.558295504040538
0.351726167545539
0.221587485553689
0.139600115898824
0.0879480730162594
0.0554072860002434
0.0349065901801533
0.0219911518134966
0.0138544256425029
0.0087282881547768
0.00549882153750939
0.00346425756863091
0.372182482268237
0.23447496382899
0.147719227212263
0.093063113143726
0.0586297612805474
0.406936749606745
0.256370152252249
0.161513195918917
0.101753313428918
0.0641045874602182
0.0403858900999374
0.0254431107629606
0.0160291597806652
0.0100983706618191
0.00636197351694601
0.00400804331567598
0.00252506728887587
0.371590792391992
0.234102199206955
0.147484385500382
0.0929151628652404
0.0585365526051014
0.0368780281412139
0.0232331577289648
0.0146368893692478
0.00922124030262612
0.00580938139065445
0.00365991027611231
0.372305743473951
0.604552618388589
0.380868149584811
0.239946934238431
0.151166568570212
0.465234938199233
0.293098011065517
0.184651746971276
0.116330600591904
0.0732882783728993
0.0461716153749266
0.0290881176862037
0.0183255141423084
0.0115450739096543
0.00727339656308218
0.00458223983474178
0.372886811095887
0.234918690990409
0.517998775323958
0.696339228454093
0.808693713926079
0.87947703977343
0.924070535057261
0.952164437086074
0.599863595364227
0.747914065079463
0.471185861000062
0.296847092430039
0.187013668230924
0.117818610985482
0.814225724920854
0.882962206700138
0.556266190221087
0.350447699839285
0.220782050898749
0.139092692066212
0.0876283960017136
0.0552058894810796
0.40477971037308
0.25501121753504
0.160657067047075
0.101213952239658
0.0637647899109843
0.41017181764392
0.25840824511567
0.162797194422872
0.102562232486409
0.0646142064664379
0.0407069500738559
0.0256453785465292
0.0161565884843134
0.0101786507451174
0.376412549969424
0.237139906480737
0.149398141082864
0.0941208288822045
0.429296122195789
0.270456556983347
0.540387630899509
0.71044420746669
0.447579850704015
0.281975305943529
0.177644442744424
0.111915998928987
0.0705070793252617
0.414419459974915
0.261084259784196
0.164483083664044
0.103624342708348
0.065283335906259
0.0411285016209431
0.0259109560211942
0.0163239022933523
0.010284058444812
0.00647895682023154
0.00408174279674587
0.0025714979619499
0.371620043716028
0.234120627541098
0.147495995350892
0.0929224770710618
0.0585411605547689
0.0368809311495044
0.0232349866241878
0.0146380415732383
0.00922196619114013
0.00580983870041828
0.00366019838126352
0.00230592498019602
0.00145273273752349
0.37091522162464
0.603676589623523
0.38031625146282
0.609599238421576
0.384047520205593
0.981949937729524
0.9886284607696
0.992835930284848
2.10548663607945
2.43645658073006
1.90496764585993
1.20012961689176
1.49608165864181
1.31253144494434
1.19689481031493
1.49404373049841
0.941247550213997
0.962985956634818
1.34668115267994
1.21840912618836
1.87759774949867
2.29288658218416
1.81451854677602
1.14314668446889
1.8301824112154
1.1530149190657
1.83639939901139
1.89693162137718
1.19506692146762
1.1228921605246
1.4474220611305
1.65187589851221
1.4106818160627
1.2587295441195
1.53299961279528
2.07578975606103
1.67774754631845
2.16698095418062
1.73519800113379
2.20317474071429
1.38800008665
1.6144400545895
1.38709723439139
1.98387125766657
1.98983889232994
1.62359850216786
2.13286705636575
2.82370624551042
2.88893493467157
4.04002900884309
3.28521827557114
2.06968751360982
1.67390313357419
1.79455897415174
2.6105721537156
2.38466045684082
1.87233608780972
1.54957173532012
2.08623019325168
2.42432502174856
2.63732476370159
1.661514601132
3.26675419871316
2.42805514518929
1.52967474146925
1.70369508712563
2.18332790488915
2.85549658008016
3.2789628454505
3.91574659263382
4.3169203533593
4.56965982261636
3.98888568824831
3.62299798359643
2.28248872966575
2.54796789968942
3.82521977680434
2.40988845938673
1.88822972941364
1.92958472953059
1.58563837960427
0.998952179150693
1.36933987286494
1.60268411990491
2.85969099554009
2.17160532719026
2.10811135612986
2.43811015436181
1.90600939724794
1.5707859202662
3.20959512976771
3.13204493175366
3.4531883070048
2.91550863341303
2.57677043905021
2.73336537660163
1.72202018725903
1.82487271797319
1.88966981232311
1.93049198176356
1.21620994851104
1.50621226756196
2.42891372856403
2.27021564899534
2.54023585886706
2.71034859108625
4.29751961238434
3.44743735580213
3.65188553415534
3.41068788651787
3.62873336850626
3.02610202215894
2.64644427396013
2.40725989259488
1.51657373233478
1.69544145137091
2.54812811436367
3.45532071204911
3.65685204859094
3.04381679061229
4.13760457808574
2.97669088419402
3.35531525704223
2.48384861193661
2.30482462552006
2.93203951407764
4.06718489386891
2.93232648313741
3.32736568437657
2.46624038115724
1.55373144012906
0.978850807281309
1.35667600858722
1.59470588540995
1.74466470780827
1.46913876591921
2.7755574225291
3.96860117619333
4.3502187410018
2.74063780683113
3.57660181830361
3.36325914553128
2.4888532616847
1.56797755486136
1.35782585956266
0.855430291524475
1.27892108366042
3.02572028270606
2.27620377810482
2.54400838020604
2.7127252795298
2.44901692610378
3.02288066344538
2.27441481797059
2.17288133532147
1.36891524125253
1.60241660198909
1.37952245925313
1.60909914932947
2.86373246407757
2.54415145236887
2.34281541499239
2.5859737114452
1.99916343821048
2.3694729660726
2.60276796862574
3.85974382023422
3.17163860674756
2.73813232225096
2.09502336301811
2.79986471870141
2.13391477278189
2.08436630685259
1.68315077331713
2.17038498718979
3.21734254192957
3.13692580141563
1.97626325489185
1.61504585058186
1.38747888586657
1.61411169809594
1.75689036980044
2.21684093297428
1.3966097877738
1.61986416629749
1.39051442476742
0.876024087603474
0.551895175190189
1.08769396036982
1.05524719503299
1.77480573287078
1.85812761170859
1.91062039537641
1.20369084908714
1.1283252349249
0.710844898002686
0.447832285741692
0.282134340017266
1.28774463421088
0.811279119552853
0.881105845318297
1.29509668255053
0.815910910006832
1.6240238733043
1.02313504018171
0.644575075314478
1.14608229744812
0.722031847392316
0.824880063857159
0.88967444023001
0.930494897344907
0.956211785327291
1.34241342475619
0.845720457596402
0.902803888285733
0.568766449620012
0.358322863260607
0.225743403854183
0.142218344428135
0.0895975569897251
0.426446460903527
0.638661270369222
0.40235660033261
0.253484658209544
0.159695334672013
0.100608060843368
0.0633830783313219
0.409931339348733
0.258256743789702
0.532701748587512
0.335602101610133
0.951429324014384
0.599400474129062
0.377622298701309
0.237902048181825
0.149878290354549
0.0944233229233662
0.0594866934417207
0.037476616868284
0.0236102686270189
0.0148744692350219
0.00937091561806382
0.00590367683938021
0.00371931640880953
0.00234316933755
0.0014761966826565
0.000930003910073596
0.000585902463346366
0.00036911855190821
0.000232544687702173
0.000146503153252369
9.22969865489923e-05
5.81471015258651e-05
3.6632673961295e-05
2.30785845956159e-05
1.4539508295238e-05
9.15989022599994e-06
5.77073084237996e-06
3.63556043069938e-06
2.29040307134061e-06
1.44295393494458e-06
9.09060979015087e-07
5.72708416779505e-07
3.60806302571088e-07
2.27307970619785e-07
1.43204021490465e-07
0.370000090218534
0.233100056837676
0.146853035807736
0.0925174125588736
0.0582859699120904
0.406720161044617
0.256233701458109
0.161427231918608
0.101699156108723
0.0640704683484957
0.0403643950595523
0.0254295688875179
0.0160206283991363
0.0100929958914559
0.0063585874116172
0.00400591006931884
0.00252372334367087
0.00158994570651265
0.371001665795103
0.233731049450915
0.517250561154076
0.695867853527068
0.438396747722053
0.276189951064893
0.173999669170883
0.479619791577656
0.672160468693923
0.793461095277172
0.869880490024618
0.548024708715509
1.08525556649077
1.42371100688919
0.896937934340187
0.565070898634318
1.09599466613962
1.43047663966796
0.901200282990815
0.937756178284214
0.590786392319055
0.742195427161004
0.467583119111433
0.664577365040203
1.52868373997533
1.70307075618446
1.44293457639621
2.75904878312961
1.73820073337165
1.09506646202414
0.68989187107521
0.804631878777382
0.506918083629751
0.319358392686743
0.201195787392648
0.866753346057368
1.28605460801614
2.29021440305017
1.44283507392161
1.64898609657061
1.77886124083949
1.12068258172888
1.07603002648919
1.04789891668819
1.77017631751356
1.85521108003354
3.01878298042113
2.27183327766531
2.54125496492915
1.97099062790536
1.61172409558038
2.49538618021564
1.94209329353585
1.59351877492759
2.48391682820438
1.93486760176876
2.32896658911432
1.46724895114202
1.29436683921947
1.55545110870827
1.34993419848621
1.96045854504631
1.23508888337918
1.51810599652888
1.6964067778132
1.80873627002231
2.24950385011406
1.78718742557186
1.49592807811027
1.31243468920947
1.19683385420197
1.86400532814724
2.28432335673276
2.17912371474164
1.37284794028723
2.34489420238096
1.8472833475
1.533788508925
0.966286760622751
0.608760659192333
1.49351921529117
1.31091710563344
0.825877776549065
1.26030299922591
2.64399088951232
2.03571426039276
3.50249998404744
3.31657498994989
2.82944224366843
2.15254861351111
2.466105626512
3.03364654470256
4.13119732316261
2.97265431359245
2.24277221756324
2.15294649706484
2.46635629315085
1.55380446468504
2.45889681275157
2.28910499203349
2.5521361449811
1.97784577133809
1.616042835943
3.23810698664409
2.78000740158578
1.75140466299904
1.47338493768939
1.29823251074432
1.18788648176892
1.11836848351442
1.81457214461408
1.88318045110687
1.55640368419733
1.35053432104432
1.59083662225792
1.00222707202249
1.37140305537417
1.97398392488573
1.98360987267801
1.98967421978714
1.6234947584659
1.39280169783352
1.61746506963512
1.38900299387012
0.875071886138178
0.921295288267052
0.580416031608243
1.47566209991319
1.66966712294531
1.05189028745555
1.40269088109699
1.25369525509111
1.8998280107074
1.56689164674566
0.987141737449766
0.991899294593353
1.36489655559381
0.859884830024102
0.911727442915184
0.574388289036566
0.361864622093037
0.597974711918613
0.376724068508726
0.607336163160497
0.752621782791113
1.2141517231584
2.61491558558979
1.64739681892157
1.03785999592059
1.39385179742997
0.878126632380882
1.29321977839996
1.18472846039197
1.85637893004694
1.53951872592957
1.70989679733563
1.81723498232145
2.62485803886251
2.02366056448338
2.75490615562453
3.21559087804345
2.76582225316738
3.59246801949545
4.11325485228213
3.33135055693774
2.46875085087078
2.29531303604859
1.81604721271061
2.99410974400769
3.36628913872484
2.86076215739665
2.17228015915989
2.84853650027073
2.53457799517056
1.96678413695745
1.6090740062832
1.38371662395841
1.9817414730938
3.09849712804909
2.32205319067093
2.57289351012269
1.99092291137729
2.73428143416769
2.09259730352565
1.31833630122116
1.20055186976933
2.60634767795468
3.49199903711145
2.93995939338021
2.22217441782953
1.76996988323261
1.48508102643654
2.04560104665502
1.65872865939266
1.04499905541738
1.39834940491295
0.880960125095157
0.555004878809949
1.08965307365027
1.42648143639967
0.898683304931791
0.936170482107028
0.589787403727428
0.37156606434828
0.234086620539416
0.147474570939832
0.0929089796920943
0.0585326572060194
0.406875574039792
0.996331611645069
0.627688915336394
0.765444016661928
0.852229730497015
0.906904730213119
0.571349980034265
1.09995048742159
0.6929688070756
0.436570348457628
0.275039319528306
0.543274771302833
0.712263105920784
0.448725756730094
0.282697226739959
0.178099252846174
0.11220252929309
0.0706875934546466
0.0445331838764274
0.0280559058421492
0.017675220680554
0.011135389028749
0.00701529508811189
0.00441963590551049
0.00278437062047161
0.371754153490897
0.234205116699265
0.147549223520537
0.0929560108179383
0.0585622868153012
0.40689424069364
0.256343371636993
0.161496324131306
0.101742684202723
0.0640978910477152
0.0403816713600606
0.0254404529568382
0.016027485362808
0.0100973157785691
0.00636130894049851
0.00400762463251406
0.00252480351848386
0.00159062621664483
0.00100209451648624
0.000631319545386334
0.00039773131359339
0.000250570727563836
0.000157859558365217
9.94515217700865e-05
6.26544587151545e-05
3.94723089905473e-05
0.370024867554664
0.233115666559438
0.146862869932446
0.0925236080574411
0.0582898730761879
0.0367226200379984
0.023135250623939
0.0145752078930815
0.00918238097264138
0.00578490001276407
0.00364448700804136
0.00229602681506606
0.00144649689349162
0.000911293042899718
0.000574114617026823
0.370361692208727
0.233327866091498
0.516996555637644
0.695707830051715
0.808295932932581
0.509226437747526
0.320812655780941
0.202111973141993
0.127330543079456
0.080218242140057
0.0505374925482359
0.0318386203053886
0.0200583307923948
0.0126367483992087
1.4879611514915
0.937415525439646
0.960571781026977
0.605160222046995
0.381250939889607
0.240188092130453
0.151318498042185
0.0953306537665766
0.430058311872943
0.270936736479954
0.170690143982371
0.107534790708894
0.0677469181466031
0.41268055843236
0.259988751812387
0.903792913641804
2.04938953559434
1.66111540742443
1.41650270667739
1.26239670520676
0.795309924280257
0.501045252296562
0.685658508946834
0.431964860636505
0.642137862200998
1.51454685318663
0.954164517507576
1.71112364602977
2.18800789699876
2.11844497510922
1.70462033431881
1.44391081062085
1.27966381069113
0.806188200735415
0.507898566463311
0.319976096871886
0.201584941029288
0.126998512848452
0.820009063094524
1.25660570974955
0.791661597142217
0.868746806199597
1.65731048790575
1.78410560738062
1.86398653264979
1.54431151556937
1.7129162548087
1.44913724052948
1.65295646153357
1.41136257076615
1.62915841958268
1.39636980433709
0.879712976732364
0.554219175341389
0.719158080465075
0.823069590692997
1.25853384213659
0.792876320546051
0.869512081944012
2.02779261162473
2.01750934532358
2.75103088755385
2.10314945915893
1.69498415927012
1.80784002034018
2.24893921281431
1.41683170407302
3.112603973566
2.33094050334658
2.20849251710835
1.39135028577826
2.3565506800403
2.22462692842539
2.511514964908
2.32225442789204
2.57302028957198
2.36100278243035
2.59743175293112
2.37638200434661
1.49712066273836
0.943186017525168
0.964207191040856
0.607450530355739
1.12269383412412
0.707297115498193
1.92559718276386
2.32312622514123
1.83356952183898
1.52514879875856
1.33084374321789
0.838431558227271
0.898211881683181
0.565873485460404
1.09650029584005
1.43079518637923
2.38140096741892
1.50028260947392
1.68517804396857
1.0616621677002
1.03884716565112
1.76447371436021
2.22161844004693
1.39961961722957
1.62176035885463
1.76170902607841
1.8498766864294
1.53542231245052
0.967316056843829
0.979409115811612
0.617027742961316
1.49872747806563
0.944198311181346
0.964844936044248
2.08785230970788
2.79534695511596
2.50106858172306
2.31567320648552
2.19887412008588
1.3852906956541
1.61273313826209
1.01602187710511
1.01009378257622
1.37635908302302
0.867106222304503
1.65627692005184
1.04345445963266
1.39737630956857
1.2503470750282
0.787718657267767
2.34626275407869
2.21814553506958
2.50743168709383
1.94968196286912
3.44829963660754
2.54242877106275
2.34173012576953
1.47528997923481
1.66943268691793
2.16174259275829
2.10189783343773
1.69419563506577
1.43734325009143
2.0155262475576
2.37978153596129
3.34926236765561
3.22003529162304
3.13862223372251
3.08733200724518
2.31501916456447
1.82846207367561
1.15193110641564
1.09571659704185
1.43030145613637
1.64108991736591
2.14388664794052
2.09064858820253
2.42710861056759
1.52907842465758
3.18331940753428
2.3754912267466
1.49655947285035
1.31283246789572
1.19708445477431
0.754163206507813
0.475122820099922
2.14932737666295
2.09407624729766
1.31926803579753
2.68113886255244
2.05911748340804
1.66724401454706
1.79036372916465
1.49792914937373
2.42369536410545
3.00692807938643
2.63436469001345
2.02964975470848
2.01867934546634
2.38176798764379
1.50051383221559
1.31532371429582
0.828653940006368
1.63205198220401
1.39819274878853
1.25086143173677
1.15804270199417
1.09956690225633
1.06272714842148
0.669518103505535
1.16179640520849
1.10193173528135
1.43421699322725
1.64355670573317
1.40544072461189
0.885427656505494
0.927819423598461
1.32452623686703
1.20445152922623
0.758804463412524
0.47804681194989
0.671169491528431
0.792836779662911
0.869487171187634
0.91777691784821
0.948199458244372
0.597365658693954
0.376340364977191
0.977094429935631
0.615569490859447
0.757808779241452
0.847419530922115
0.533874304480932
0.336340811822987
0.951894711448482
0.599693668212544
0.377807010973903
0.608018416913559
0.383051602655542
0.241322509672991
0.522033181093985
0.69888090408921
0.810294969576203
0.510485830833008
0.321606073424795
0.202611826257621
0.127645450542301
0.0804166338416497
0.0506624793202393
0.0319173619717508
0.390107938042203
0.615768000966588
0.38793384060895
0.244398319583639
0.153970941337692
0.0970016930427462
0.0611110666169301
0.038499971968666
0.76425498234026
0.851480638874364
0.536432802490849
0.337952665569235
0.212910179308618
0.134133412964429
0.0845040501675905
0.053237551605582
0.403539657511517
0.254229984232256
0.160164890066321
0.100903880741782
0.0635694448673228
0.0400487502664134
0.0252307126678404
0.0158953489807395
0.0100140698578659
0.00630886401045549
0.00397458432658696
0.00250398812574979
0.00157751251922236
0.00099383288711009
0.000626114718879357
0.000394452272893995
0.000248504931923217
0.370156558107112
0.23319863160748
0.146915137912713
0.0925565368850089
0.0583106182375556
0.03673568948966
0.0231434843784858
0.0145803951584461
0.00918564894982103
0.00578695883838725
0.00364578406818396
0.0022968439629559
0.371447011696662
0.234011617368897
0.147427318942405
0.0928792109337153
0.0585139028882406
0.0368637588195916
0.0232241680563427
0.0146312258754959
0.379217672301562
0.238907133549984
0.15051149413649
0.0948222413059888
0.429738012022773
0.640734947574347
0.403663016971839
0.254307700692258
0.160213851436123
0.100934726404757
0.0635888776349971
0.410060992910048
0.25833842553333
0.162753208085998
0.102534521094179
0.0645967482893327
0.0406959514222796
0.395638449396036
0.619252223119503
0.760128900565287
0.478881207356131
0.301695160634362
0.930067951199648
0.955942809255778
0.60224396983114
0.749413700993618
1.21213063162598
1.50364229792437
0.947294647692351
0.966795628046181
0.979081245669094
0.616821184771529
0.388597346406064
0.24481632823582
0.894234286788567
2.7833676006768
2.49352158842638
1.57091860070862
0.989678718446431
0.623497592621251
0.762803483351388
0.480566194511375
2.52275670254217
3.06933672260156
3.41368213523899
3.26061974520056
2.42419043947635
2.6372399768701
2.03146118542816
1.27982054681974
0.806286944496439
1.98796077503276
1.62241528827064
1.7621216316105
2.22013662791462
1.39868607558621
0.881172227619311
0.925138503400166
0.952837257142105
1.71028747199953
2.1874811073597
2.11811309763661
2.07441125151107
2.41687908845197
2.26263382572474
1.79545931020659
2.24113936543015
1.78191780022099
1.12260821413923
1.81724317490771
2.99486320019186
1.88676381612087
1.92866120415615
2.32505655861837
2.57478563192958
3.47211494811563
2.92743241731285
2.58428242290709
3.47809792643147
3.67120169365183
2.68285706700065
3.17019995221041
2.73722596989256
3.20445236103231
2.75880498745036
1.73804714209372
2.20496969951905
2.869130910697
1.80755247373911
1.87875805845564
1.92361757682705
2.32187907340104
1.83278381624266
2.63465380423287
2.39983189666671
2.25189409490003
1.78869327978702
1.49687676626582
5.01303236274747
4.26821038853091
3.42897254477447
2.53025270320792
2.70405920302099
3.18355729790322
2.37564109767903
2.60665389153779
2.01219195166881
1.63768092955135
1.03173898561735
1.38999556093893
2.35569720339153
2.22408923813666
3.2511762200261
3.52824101861644
2.59279184172836
2.00345886028887
1.26217908198199
0.795172821648651
0.87095887763865
0.918704092912349
1.31878357853478
1.57083365447691
1.72962520232045
1.45966387746189
0.919588242800988
0.949340592964623
0.968084573567712
1.34989328134766
2.33043276724903
1.83817264336689
1.52804876532114
2.07267072215232
1.67578255495596
1.42574300962225
1.26821809606202
1.53897740051907
1.33955576232702
0.84392013026602
1.27166968206759
1.17115189970258
1.10782569681263
0.697930188991955
0.809696019064932
1.25010849201091
1.15756834996687
1.09926806047913
0.692538878101851
0.436299493204166
0.644868680718625
0.776267268852734
1.96904837937722
1.61050047900765
1.01461530177482
1.37920764011814
1.60890081327443
2.49360751236289
1.94097273278862
2.33281282165683
2.2096720776438
2.1320934089156
2.82321884761683
2.5186278739986
2.32673556061912
3.31584340319004
2.08898134400973
1.31605824672613
1.19911669543746
1.8654435181256
1.17522941641913
2.59039453234405
2.37194855537675
2.60432758988735
1.64072638162903
1.77365762042629
1.11740430086856
1.07396470954719
1.04659776701473
1.39935659321928
1.99159465372815
1.62470463184873
3.2435639180647
2.78344526838076
1.75357051907988
2.21474942702032
1.7652921390228
2.22213404758437
1.39994444997815
1.99196500348624
1.25493795219633
2.27061090988369
1.80048487322672
1.87430547013284
1.18081244618369
0.743911841095722
0.838664459890305
1.26835860973089
1.53906592413046
0.969611532202191
2.09085526528738
2.05723881713105
1.66606045479256
2.52961808651931
1.96365939450717
2.34710541853952
1.47867641367989
1.30156614061833
1.55998666858955
0.982791601211417
0.619158708763192
1.13006998652081
1.45194409150811
0.91472477765011
0.946276609919569
0.596154264249329
0.745577186477077
0.839713627480559
1.26901958531275
1.16948233874703
1.10677387341063
1.0672675402487
0.672378550356679
0.423598486724708
0.266867046636566
0.538126239381037
0.339019530810053
0.213582304410333
0.87455685177851
0.550970816620461
0.717111614470891
0.821780317116661
0.887721599783497
0.559264607863603
0.35233670295407
0.221972122861064
0.13984243740247
0.458100735563556
0.28860346340504
0.181820181945175
0.114546714625461
0.0721644302140402
0.415463591034845
1.00174206235195
0.63109749928173
0.39759142454749
0.250482597464919
0.157804036402899
0.0994165429338262
0.0626324220483105
0.0394584258904356
0.0248588083109745
0.385661049235914
0.242966461018626
0.523068870441734
0.329533388378293
0.207606034678324
0.130791801847344
0.0823988351638269
0.051911266153211
0.0327040976765229
0.0206035815362094
0.0129802563678119
0.00817756151172152
0.00515186375238456
0.00324567416400227
0.00204477472332143
0.371288208075693
0.233911571087686
0.147364289785242
0.0928395025647027
0.428488886615763
1.00994799856793
0.636267239097796
0.400848360631612
0.252534467197915
0.159096714334687
0.100230930030853
0.0631454859194371
0.0397816561292454
0.0250624433614246
0.0157893393176975
0.00994728377014942
0.00626678877519414
0.00394807692837231
0.00248728846487455
0.00156699173287097
0.00098720479170871
0.370621939018776
0.233491821581829
0.147099847596552
0.092672903985828
0.0583839295110717
0.0367818755919751
0.0231725816229443
0.0145987264224549
0.379197197646147
0.238894234517072
0.150503367745756
0.464817121679826
0.29283478665829
0.184485915594723
0.116226126824675
0.0732224598995455
0.0461301497367137
0.0290619943341296
0.0183090564305017
0.381534705551216
0.610366864497266
0.384531124633278
1.72225460851896
1.08502040336695
1.05356285412118
0.663744598096342
0.788159096800695
0.496540230984438
0.312820345520196
0.567076817677723
0.727258395136966
0.458172788936288
0.288648857029862
0.551848779928813
1.45766473135515
0.918328780753746
1.68854713187486
1.06378469308116
1.04018435664113
1.02531614468391
1.01594917115087
1.01004797782505
0.636330226029778
0.40088804239876
0.252559466711219
0.159112464028068
0.840240852337683
0.89935173697274
0.566591594292826
1.09695270440448
1.43108020377482
0.901580528378138
0.937995732878227
1.33093731171328
1.57849050637937
2.104449019019
2.43580288198197
1.90455581564864
2.30987016385864
1.82521820323095
1.1498874680355
1.46442910486236
1.66259033606329
1.04743191171987
1.76988210438352
1.48502572576162
1.67556620722982
1.42560671055479
1.26813222764952
1.90892330341919
1.94262168115409
2.70385165912708
1.70342654525006
1.44315872350754
1.27918999580975
0.805889697360142
0.507710509336889
1.05985762088224
1.03771030115581
0.653757489728161
0.781867218528742
1.23257634767311
1.14652309903406
0.722309552391456
1.56505501800662
1.72598466134417
1.08737033664683
1.0550433120875
1.40467728661513
1.62494669056753
1.02371641505754
0.644941341486252
0.406313045136339
0.625977218435894
0.394365647614613
0.618450357997206
0.38962372553824
0.985462947089091
2.10084165666613
1.32353024369966
1.57382405353079
2.1015091537244
1.69395076684637
1.80718898311321
2.24852905936132
1.78657330739763
2.60554118366051
2.01149094570612
2.00723929579486
1.63456075635076
1.02977327650098
1.01875716419562
1.38181701344324
2.35054471846924
1.85084317263562
1.16603119876044
1.47459965521908
2.03899778278802
2.02456860315645
2.38547821998857
1.8728512785928
2.28989630551346
2.55263467247348
1.60815984365829
1.38314070150472
1.24137864194798
0.782068544427225
0.862703182989152
1.28350300528317
1.17860689332839
1.48252234279689
1.30398907596204
1.93151311785608
1.58685326424933
1.73971755647708
1.09602206058056
0.690493898165753
0.435011155844424
1.01405702818199
1.37885592775465
0.868679234485431
0.917267917725821
0.947878788167267
0.967163636545379
0.979313091023588
1.35696724734486
1.22488936582726
0.771680300471175
0.85615858929684
0.909379911257009
0.942909344091916
0.964032886777907
0.977340718670081
0.985724652762151
0.991006531240155
0.994334114681298
0.626430492249218
0.764651210117007
0.851730262373714
0.90659006529544
1.68115174113613
1.42912559691576
1.27034912605693
1.17031994941587
0.737301568131995
0.834499987923157
0.895734992391589
0.934313045206701
1.32861721848022
0.83702884764254
0.8973281740148
0.935316749629324
0.589249552266474
0.371227217927879
0.973873147294564
0.983540082795575
1.35963025216121
1.59656705886156
1.37583724708279
1.23677746566215
0.779169803367157
0.490876976121309
0.309252494956425
0.564829071822548
1.8358423152482
2.26658065860637
1.42794581492201
0.899605863400868
1.30675169394255
0.823253567183804
0.518649747325797
0.326749340815252
0.205852084713609
0.869686813369574
0.917902692422831
0.578278696226384
0.364315578622622
0.599518814532252
0.747696853155319
0.841049017487851
1.63986088101735
1.40311235504093
0.883960783675785
0.556895293715744
0.350844035040919
0.221031742075779
0.139249997507741
0.0877274984298767
0.0552683240108223
0.034819044126818
0.391935997799895
0.246919678613934
0.155559397526778
0.83800242044187
0.897941524878378
0.935703160673378
0.589492991224228
0.371380584471264
0.233969768216896
0.147400953976645
0.0928626010052861
0.0585034386333303
0.0368571663389981
0.0232200147935688
0.0146286093199483
0.00921602387156745
0.00580609503908749
0.00365783987462512
0.372304439121014
