1
0.14
0.0196
0.002744
0.86038416
0.9804537824
0.137263529536
0.01921689413504
0.0026903651789056
0.000376651125046784
5.27311575065498e-05
7.38236205091697e-06
0.860001033530687
0.120400144694296
0.0168560202572015
0.00235984283600821
0.000330377997041149
4.62529195857608e-05
6.47540874200652e-06
9.06557223880913e-07
1.26918011343328e-07
1.77685215880659e-08
2.48759302232923e-09
3.48263023126092e-10
4.87568232376528e-11
6.8259552532714e-12
9.55633735457995e-13
1.33788722964119e-13
1.87304212149767e-14
2.62225897009674e-15
3.67116255813544e-16
5.13962758138961e-17
7.19547861394546e-18
0.86
0.1204
0.016856
0.00235984
0.0003303776
4.6252864e-05
6.47540096e-06
9.06556134400001e-07
1.26917858816e-07
1.776850023424e-08
2.4875900327936e-09
3.48262604591104e-10
4.87567646427546e-11
6.82594704998565e-12
9.55632586997991e-13
1.33788562179719e-13
1.87303987051606e-14
2.62225581872249e-15
3.67115814621148e-16
5.13962140469608e-17
7.19546996657451e-18
1.00736579532043e-18
1.4103121134486e-19
1.97443695882804e-20
2.76421174235926e-21
3.86989643930297e-22
5.41785501502416e-23
7.58499702103382e-24
1.06189958294474e-24
1.48665941612263e-25
2.08132318257168e-26
2.91385245560035e-27
4.0793934378405e-28
5.71115081297669e-29
0.86
0.1204
0.016856
0.00235984
0.0003303776
4.6252864e-05
6.47540096e-06
9.06556134400001e-07
1.26917858816e-07
1.776850023424e-08
2.4875900327936e-09
3.48262604591104e-10
4.87567646427546e-11
6.82594704998565e-12
9.55632586997991e-13
1.33788562179719e-13
1.87303987051606e-14
2.62225581872249e-15
3.67115814621148e-16
5.13962140469608e-17
7.19546996657451e-18
1.00736579532043e-18
1.4103121134486e-19
1.97443695882804e-20
2.76421174235926e-21
3.86989643930297e-22
0.86
0.1204
0.016856
0.00235984
0.8603303776
0.120446252864
0.01686247540096
0.862360746556134
0.120730504517859
0.0169022706325002
0.00236631788855003
0.000331284504397005
4.63798306155807e-05
6.49317628618129e-06
9.09044680065381e-07
1.27266255209153e-07
1.78172757292815e-08
2.49441860209941e-09
3.49218604293917e-10
4.88906046011484e-11
0.860000000006845
0.980400000000958
0.137256000000134
0.0192158400000188
0.00269021760000263
0.000376630464000368
5.27282649600516e-05
0.860007381957094
0.120401033473993
0.0168561446863591
0.00235986025609027
0.000330380435852637
4.62532610193693e-05
6.4754565427117e-06
0.860000906563916
0.980400126918948
0.137256017768653
0.0192158424876114
0.00269021794826559
0.000376630512757183
5.27282717860057e-05
7.38195805004079e-06
1.03347412700571e-06
1.446863777808e-07
2.02560928893119e-08
2.83585300450367e-09
3.97019420630514e-10
5.5582718888272e-11
0.860000000007782
0.120400000001089
0.0168560000001525
0.00235984000002135
0.000330377600002989
0.860046252864
0.12040647540096
0.0168569065561344
0.00235996691785882
0.000330395368500235
0.86004625535159
0.120406475749223
0.876856906604891
0.122759966924685
0.877186395369456
0.122806095351724
0.0171928533492413
0.00240699946889379
0.00033697992564513
4.71771895903182e-05
6.60480654264455e-06
9.24672915970238e-07
1.29454208235833e-07
0.860000018123589
1.8404000025373
0.257656000355222
0.896071840049731
1.84545005760696
0.258363008064975
0.0361708211290965
0.00506391495807351
0.86070894809413
0.120499252733178
0.876869895382645
0.12276178535357
0.0171866499494998
0.86240613099293
0.12073685833901
0.0169031601674614
0.0023664424234446
0.000331301939282244
4.63822714995142e-05
6.49351800993199e-06
9.09092521390478e-07
1.27272952994667e-07
1.78182134192534e-08
2.49454987869547e-09
3.49236983017366e-10
4.88931776224313e-11
6.84504486714038e-12
9.58306281399653e-13
1.34162879395951e-13
0.860000000000019
0.120400000000003
0.0168560000000004
0.00235984000000005
0.8603303776
0.120446252864
0.01686247540096
0.0023607465561344
0.000330504517858816
0.8600462706325
0.12040647788855
0.016856906904397
0.00235996696661558
0.000330395375326181
4.62553525456654e-05
6.47574935639316e-06
9.06604909895042e-07
1.26924687385306e-07
1.77694562339428e-08
2.487723872752e-09
0.860000000348281
0.120400000048759
0.0168560000068263
0.00235984000095568
0.000330377600133796
4.62528640187314e-05
6.4754009626224e-06
9.06556134767136e-07
1.26917858867399e-07
1.77685002414359e-08
2.48759003380102e-09
3.48262604732143e-10
4.87567646625e-11
6.82594705275001e-12
9.55632587385001e-13
1.337885622339e-13
1.8730398712746e-14
2.62225581978444e-15
0.86
0.1204
0.016856
0.00235984
0.0003303776
0.860046252864
0.12040647540096
0.0168569065561344
0.00235996691785882
0.8603303953685
0.12044625535159
0.0168624757492226
0.862360746604891
0.980730504524685
0.137302270633456
0.0192223178886838
0.00269112450441574
0.000376757430618203
5.27460402865484e-05
7.38444564011678e-06
1.03382238961635e-06
1.44735134546289e-07
2.02629188364805e-08
2.83680863710726e-09
3.97153209195017e-10
0.860000000055601
0.980400000007784
0.13725600000109
0.0192158400001526
0.00269021760002136
0.00037663046400299
5.27282649604187e-05
7.38195709445861e-06
1.03347399322421e-06
1.44686359051389e-07
2.02560902671944e-08
2.83585263740722e-09
3.97019369237011e-10
5.55827116931816e-11
7.78157963704542e-12
1.08942114918636e-12
1.5251896088609e-13
2.13526545240526e-14
2.98937163336737e-15
4.18512028671432e-16
5.85916840140005e-17
8.20283576196007e-18
1.14839700667441e-18
1.60775580934417e-19
2.25085813308184e-20
3.15120138631458e-21
4.41168194084041e-22
6.17635471717658e-23
8.64689660404721e-24
1.21056552456661e-24
1.69479173439325e-25
2.37270842815055e-26
3.32179179941078e-27
4.65050851917509e-28
6.51071192684512e-29
0.86
0.1204
0.016856
0.00235984
0.0003303776
4.6252864e-05
6.47540096e-06
9.06556134400001e-07
1.26917858816e-07
1.776850023424e-08
2.4875900327936e-09
3.48262604591104e-10
4.87567646427546e-11
6.82594704998565e-12
9.55632586997991e-13
1.33788562179719e-13
1.87303987051606e-14
0.860000000000003
0.1204
0.876856
0.12275984
0.0171863776
0.002406092864
0.00033685300096
4.71594201344e-05
6.602318818816e-06
9.24324634634241e-07
1.29405448848794e-07
1.81167628388311e-08
2.53634679743636e-09
3.5508855164109e-10
0.860000000049712
0.12040000000696
0.0168560000009744
0.00235984000013641
0.000330377600019098
4.62528640026737e-05
6.47540096037431e-06
9.06556134452404e-07
1.26917858823337e-07
1.77685002352671e-08
2.4875900329374e-09
3.48262604611236e-10
4.8756764645573e-11
6.82594705038022e-12
9.55632587053231e-13
1.33788562187452e-13
0.860000000000019
0.120400000000003
0.0168560000000004
0.00235984000000005
0.000330377600000007
4.6252864000001e-05
6.47540096000014e-06
9.0655613440002e-07
1.26917858816003e-07
1.77685002342404e-08
2.48759003279366e-09
3.48262604591112e-10
4.87567646427557e-11
6.8259470499858e-12
9.55632586998011e-13
1.33788562179722e-13
1.8730398705161e-14
0.860000000000003
0.1204
0.0168560000000001
0.00235984000000001
0.000330377600000001
4.62528640000002e-05
6.47540096000002e-06
9.06556134400003e-07
1.26917858816e-07
1.77685002342401e-08
2.48759003279361e-09
3.48262604591105e-10
4.87567646427548e-11
6.82594704998567e-12
9.55632586997994e-13
1.33788562179719e-13
1.87303987051607e-14
2.6222558187225e-15
3.67115814621149e-16
5.13962140469609e-17
7.19546996657453e-18
1.00736579532043e-18
1.41031211344861e-19
1.97443695882805e-20
2.76421174235927e-21
3.86989643930298e-22
5.41785501502417e-23
7.58499702103384e-24
1.06189958294474e-24
0.86
0.1204
0.016856
0.00235984
0.0003303776
4.6252864e-05
6.47540096e-06
9.06556134400001e-07
1.26917858816e-07
1.776850023424e-08
0.86000000248759
0.120400000348263
0.0168560000487568
0.00235984000682595
0.000330377600955633
4.62528641337886e-05
6.4754009787304e-06
9.06556137022256e-07
1.26917859183116e-07
1.77685002856362e-08
2.48759003998907e-09
0.860000000348263
0.120400000048757
0.016856000006826
0.00235984000095563
0.000330377600133789
4.62528640187304e-05
6.47540096262226e-06
9.06556134767117e-07
1.26917858867396e-07
1.77685002414355e-08
2.48759003380097e-09
3.48262604732136e-10
4.8756764662499e-11
0.860000000006826
0.120400000000956
0.0168560000001338
0.00235984000001873
0.860330377600003
0.120446252864
0.0168624754009601
0.00236074655613441
0.860330504517859
0.1204462706325
0.87686247788855
0.122760746904397
0.0171865045666156
0.00240611063932618
0.860336855489506
0.120447159768531
0.876862602367594
0.982760764331463
0.137586507006405
0.0192621109808967
0.862696695537326
0.120777537375226
0.876908855232532
0.122767239732554
0.877187413562558
0.122806237898758
0.0171928733058261
0.00240700226281566
0.000336980316794192
4.71772443511869e-05
6.60481420916617e-06
9.24673989283264e-07
1.29454358499657e-07
1.8123610189952e-08
2.53730542659328e-09
3.55222759723059e-10
4.97311863612282e-11
6.96236609057195e-12
9.74731252680074e-13
1.3646237537521e-13
1.91047325525294e-14
0.860000000000003
0.1204
0.0168560000000001
0.00235984000000001
0.8603303776
0.120446252864
0.01686247540096
0.0023607465561344
0.000330504517858816
4.62706325002343e-05
6.4778885500328e-06
0.860000906904397
0.120400126966616
0.0168560177753262
0.00235984248854567
0.000330377948396393
4.62529127754951e-05
6.47540778856931e-06
0.86000090655709
0.120400126917993
0.016856017768519
0.00235984248759266
0.000330377948262972
4.62529127568161e-05
6.47540778595425e-06
9.06557090033595e-07
1.26917992604703e-07
1.77685189646585e-08
0.860000002487593
0.120400000348263
0.876856000048757
0.122759840006826
0.0171863776009556
0.00240609286413379
0.000336853000978731
4.71594201370223e-05
6.60231881918312e-06
9.24324634685637e-07
1.29405448855989e-07
1.81167628398385e-08
2.53634679757739e-09
0.860000000355089
0.120400000049712
0.0168560000069597
0.00235984000097436
0.000330377600136411
4.62528640190975e-05
0.860006475400963
0.980400906556135
0.137256126917859
0.0192158577685002
0.86269022008759
0.120776630812263
0.0169087283137168
0.86236722196392
0.980731411074949
0.997302397550493
0.999622335657069
0.99994712699199
0.139992597778879
0.019598963689043
1.72274385491647
0.241184139688305
0.0337657795563627
0.00472720913789078
0.00066180927930471
9.26532991026594e-05
1.29714618743723e-05
1.81600466241212e-06
2.54240652737697e-07
3.55936913832776e-08
4.98311679365887e-09
6.97636351112242e-10
9.76690891557139e-11
1.36736724817999e-11
1.91431414745199e-12
2.68003980643279e-13
3.75205572900591e-14
5.25287802060827e-15
7.35402922885158e-16
1.02956409203922e-16
1.44138972885491e-17
2.01794562039687e-18
2.82512386855562e-19
3.95517341597787e-20
5.53724278236902e-21
0.86
0.9804
0.137256
0.01921584
0.0026902176
0.000376630464
5.272826496e-05
7.38195709440001e-06
1.033473993216e-06
1.4468635905024e-07
2.02560902670336e-08
2.83585263738471e-09
3.97019369233859e-10
5.55827116927403e-11
0.860000000007782
0.120400000001089
0.0168560000001525
0.00235984000002135
0.000330377600002989
4.62528640004185e-05
6.47540096005859e-06
9.06556134408203e-07
1.26917858817148e-07
1.77685002344008e-08
0.86000000248759
0.120400000348263
0.0168560000487568
0.00235984000682595
0.000330377600955633
4.62528641337886e-05
6.4754009787304e-06
9.06556137022256e-07
1.26917859183116e-07
1.77685002856362e-08
2.48759003998907e-09
3.4826260559847e-10
4.87567647837858e-11
6.82594706973002e-12
9.55632589762202e-13
1.33788562566708e-13
1.87303987593392e-14
2.62225582630748e-15
3.67115815683048e-16
5.13962141956267e-17
0.86
0.1204
0.016856
0.00235984
0.0003303776
4.6252864e-05
6.47540096e-06
9.06556134400001e-07
1.26917858816e-07
1.776850023424e-08
2.4875900327936e-09
3.48262604591104e-10
4.87567646427546e-11
6.82594704998565e-12
9.55632586997991e-13
1.33788562179719e-13
1.87303987051606e-14
2.62225581872249e-15
3.67115814621148e-16
5.13962140469608e-17
7.19546996657451e-18
1.00736579532043e-18
1.4103121134486e-19
1.97443695882804e-20
2.76421174235926e-21
3.86989643930297e-22
5.41785501502416e-23
7.58499702103382e-24
1.06189958294474e-24
1.48665941612263e-25
2.08132318257168e-26
2.91385245560035e-27
4.0793934378405e-28
5.71115081297669e-29
7.99561113816737e-30
1.11938555934343e-30
1.56713978308081e-31
2.19399569631313e-32
3.07159397483838e-33
4.30023156477373e-34
6.02032419068322e-35
8.42845386695651e-36
1.17998354137391e-36
1.65197695792348e-37
2.31276774109287e-38
3.23787483753002e-39
4.53302477254202e-40
6.34623468155883e-41
8.88472855418237e-42
1.24386199758553e-42
1.74140679661974e-43
2.43796951526764e-44
3.4131573213747e-45
4.77842024992458e-46
6.68978834989441e-47
9.36570368985218e-48
1.3111985165793e-48
1.83567792321103e-49
2.56994909249544e-50
3.59792872949361e-51
5.03710022129106e-52
7.05194030980748e-53
9.87271643373048e-54
1.38218030072227e-54
1.93505242101117e-55
2.70907338941564e-56
3.7927027451819e-57
5.30978384325467e-58
7.43369738055653e-59
1.04071763327791e-59
1.45700468658908e-60
2.03980656122471e-61
2.8557291857146e-62
3.99802086000044e-63
5.59722920400061e-64
7.83612088560086e-65
1.09705692398412e-65
1.53587969357777e-66
2.15023157100888e-67
3.01032419941243e-68
4.2144538791774e-69
5.90023543084836e-70
8.2603296031877e-71
1.15644614444628e-71
1.61902460222479e-72
2.26663444311471e-73
3.17328822036059e-74
4.44260350850483e-75
6.21964491190676e-76
8.70750287666946e-77
1.21905040273372e-77
1.70667056382721e-78
2.3893387893581e-79
3.34507430510134e-80
4.68310402714188e-81
6.55634563799863e-82
9.17888389319808e-83
1.28504374504773e-83
1.79906124306682e-84
2.51868574029355e-85
3.52616003641098e-86
0.86
0.1204
0.016856
0.00235984
0.0003303776
4.6252864e-05
6.47540096e-06
9.06556134400001e-07
1.26917858816e-07
0.8600000177685
0.12040000248759
0.0168560003482626
0.00235984004875677
0.000330377606825947
0.860046252864956
0.120406475401094
0.0168569065561531
0.00235996691786144
0.000330395368500601
4.62553515900842e-05
6.47574922261179e-06
9.06604891165651e-07
0.860000126924685
0.120400017769456
0.0168560024877238
0.00235984034828134
0.860330377648759
0.980446252870826
0.137262475401916
0.0192167465562682
0.00269034451787755
0.000376648232502857
5.27307525504e-05
0.860007382305357
0.12040103352275
0.016856144693185
0.0023598602570459
0.000330380435986426
0.860046253261038
0.120406475456545
0.0168569065639163
0.00235996691894829
0.000330395368652761
4.62553516113865e-05
6.47574922559411e-06
9.06604891583175e-07
1.26924684821645e-07
1.77694558750302e-08
2.48772382250423e-09
3.48281335150593e-10
4.8759386921083e-11
6.82631416895162e-12
9.55683983653227e-13
1.33795757711452e-13
1.87314060796032e-14
2.62239685114445e-15
3.67135559160224e-16
5.13989782824313e-17
7.19585695954038e-18
1.72
0.2408
0.893712
0.12511968
0.0175167552
0.002452345728
0.00034332840192
4.80659762688e-05
6.729236677632e-06
9.42093134868481e-07
0.860000131893039
0.120400018465025
0.0168560025851036
0.0023598403619145
0.00033037765066803
4.62528710935242e-05
0.860006475401953
0.120400906556273
0.0168561269178783
0.00235985776850296
0.000330380087590414
4.6253212262658e-05
6.47544971677212e-06
9.06562960348097e-07
1.26918814448734e-07
0.860000017768634
0.120400002487609
0.0168560003482652
0.862359840048757
0.120730377606826
0.0169022528649556
0.00236631540109379
0.860331284156153
0.120446379781861
0.0168624931694606
0.00236074904372449
0.860330504866121
0.120446270681257
0.016862477895376
0.00236074690535264
0.000330504566749369
0.860046270639345
0.120406477889508
0.0168569069045312
0.00235996696663436
0.860330395375329
0.120446255352546
0.876862475749356
0.12276074660491
0.0171865045246874
0.00240611063345623
0.000336855488683873
4.71597684157422e-05
6.60236757820391e-06
0.860000924331461
0.980400129406405
0.137256018116897
0.0192158425363655
0.00269021795509117
0.000376630513712765
5.2728271919787e-05
7.38195806877019e-06
1.03347412962783e-06
0.860000144686378
0.980400020256093
0.137256002835853
0.0192158403970194
0.00269021765558272
0.000376630471781581
5.27282660494213e-05
0.860007381957247
0.120401033474015
0.016856144686362
0.00235986025609069
0.000330380435852696
4.62532610193775e-05
6.47545654271285e-06
9.06563915979798e-07
1.26918948237172e-07
0.860000017768653
0.120400002487611
0.0168560003482656
0.00235984004875718
0.000330377606826006
4.62528649556408e-05
6.47540109378971e-06
9.0655615313056e-07
1.26917861438278e-07
1.7768500601359e-08
0.86000000248759
0.120400000348263
0.0168560000487568
0.00235984000682595
0.000330377600955633
4.62528641337886e-05
6.4754009787304e-06
9.06556137022256e-07
0.860000126917859
0.1204000177685
0.01685600248759
0.00235984034826261
0.000330377648756765
4.62528708259471e-05
6.47540191563259e-06
0.860000906556268
0.120400126917878
0.0168560177685029
0.0023598424875904
0.000330377948262656
4.62529127567719e-05
6.47540778594806e-06
9.06557090032728e-07
1.26917992604582e-07
1.77685189646415e-08
2.48759265504981e-09
0.860000000348263
0.120400000048757
0.016856000006826
0.00235984000095563
0.000330377600133789
4.62528640187304e-05
6.47540096262226e-06
9.06556134767117e-07
1.26917858867396e-07
1.77685002414355e-08
2.48759003380097e-09
3.48262604732136e-10
4.8756764662499e-11
6.82594705274986e-12
9.55632587384981e-13
1.33788562233897e-13
1.87303987127456e-14
2.62225581978439e-15
3.67115814769814e-16
0.86
0.1204
0.016856
0.00235984
0.0003303776
4.6252864e-05
6.47540096e-06
0.860000906556134
0.120400126917859
0.0168560177685002
0.00235984248759003
0.000330377948262605
0.860046252912757
0.120406475407786
0.01685690655709
0.00235996691799261
0.000330395368518965
4.62553515926551e-05
6.47574922297171e-06
9.0660489121604e-07
1.26924684770246e-07
1.77694558678344e-08
2.48772382149681e-09
3.48281335009554e-10
4.87593869013375e-11
6.82631416618726e-12
9.55683983266216e-13
1.3379575765727e-13
1.87314060720178e-14
2.6223968500825e-15
3.6713555901155e-16
5.1398978261617e-17
7.19585695662638e-18
1.00741997392769e-18
1.41038796349877e-19
1.97454314889828e-20
2.76436040845759e-21
3.87010457184063e-22
5.41814640057688e-23
7.58540496080763e-24
1.06195669451307e-24
1.4867393723183e-25
2.08143512124561e-26
2.91400916974386e-27
4.0796128376414e-28
5.71145797269797e-29
7.99604116177715e-30
1.1194457626488e-30
1.56722406770832e-31
2.19411369479165e-32
3.07175917270831e-33
4.30046284179164e-34
6.02064797850829e-35
8.42890716991161e-36
1.18004700378763e-36
1.65206580530268e-37
2.31289212742375e-38
3.23804897839325e-39
4.53326856975054e-40
6.34657599765076e-41
8.88520639671107e-42
1.24392889553955e-42
1.74150045375537e-43
2.43810063525752e-44
3.41334088936053e-45
4.77867724510474e-46
6.69014814314663e-47
9.36620740040528e-48
1.31126903605674e-48
1.83577665047944e-49
2.57008731067121e-50
3.5981222349397e-51
5.03737112891558e-52
7.05231958048181e-53
9.87324741267453e-54
1.38225463777443e-54
1.93515649288421e-55
2.70921909003789e-56
3.79290672605305e-57
5.31006941647427e-58
7.43409718306398e-59
1.04077360562896e-59
0.86
0.1204
0.016856
0.00235984
0.0003303776
4.6252864e-05
0.86000647540096
0.120400906556134
0.0168561269178588
0.00235985776850023
0.000330380087590033
4.62532122626046e-05
6.47544971676465e-06
9.0656296034705e-07
1.26918814448587e-07
1.77686340228022e-08
2.48760876319231e-09
0.860000000348265
0.980400000048757
0.997256000006826
0.139615840000956
0.0195462176001338
0.00273647046401873
0.000383105864962622
5.36348210947671e-05
7.5088749532674e-06
1.05124249345744e-06
0.860000147173949
0.120400020604353
0.0168560028846094
0.00235984040384532
0.000330377656538344
1.72004625287192
0.240806475402068
0.89371290655629
1.84511980691788
1.1183167729685
1.87656434821559
2.84271900875018
2.11798066122503
2.0165172925715
1.14231242096001
0.159923738934401
0.0223893234508162
0.00313450528311427
0.000438830739635998
6.14363035490397e-05
8.60108249686556e-06
1.20415154956118e-06
1.68581216938565e-07
2.36013703713991e-08
3.30419185199587e-09
4.62586859279422e-10
6.47621602991191e-11
9.06670244187668e-12
1.26933834186274e-12
1.72000000000018
1.10080000000002
1.014112
0.14197568
0.0198765952000001
0.862782723328
0.98078958126592
1.85731054137723
1.98002347579281
1.99720328661099
0.279608460125539
1.75914518441758
1.10628032581846
0.154879245614584
1.74168309438604
1.96383563321405
0.274936988649966
0.0384911784109953
0.865388764977539
0.121154427096856
0.0169616197935598
0.862374626771098
0.120732447747954
0.0169025426847135
0.00236635597585989
0.000331289836620385
4.63805771268539e-05
6.49328079775955e-06
9.09059311686337e-07
1.27268303636087e-07
1.78175625090522e-08
0.860000002494459
0.120400000349224
0.876856000048891
0.982759840006845
0.997586377600958
0.139662092864134
0.0195526930009788
0.862737377020137
0.120783232782819
0.0169096525895947
0.00236735136254326
0.000331429190756056
4.64000867058478e-05
6.4960121388187e-06
9.09441699434618e-07
0.860000127321838
0.120400017825057
0.876856002495508
0.122759840349371
0.017186377648912
0.00240609287084767
0.860336853001919
0.980447159420269
0.137262602318838
0.0192167643246373
0.00269034700544922
0.000376648580762891
5.27308013068047e-05
7.38231218295266e-06
0.860001033523706
0.120400144693319
0.0168560202570646
0.00235984283598905
0.000330377997038467
4.62529195853854e-05
0.860006475408742
0.120400906557224
0.0168561269180113
0.00235985776852159
0.000330380087593022
4.62532122630231e-05
6.47544971682324e-06
9.06562960355254e-07
1.26918814449736e-07
1.7768634022963e-08
2.48760876321482e-09
3.48265226850074e-10
4.87571317590104e-11
6.82599844626146e-12
9.55639782476605e-13
1.33789569546725e-13
1.87305397365415e-14
0.860000000000003
0.1204
0.0168560000000001
0.00235984000000001
0.8603303776
1.840446252864
0.25766247540096
0.896072746556134
1.84545018451786
0.2583630258325
0.03617082361655
0.00506391530631701
0.000708948142884381
9.92527400038133e-05
1.38953836005339e-05
1.94535370407474e-06
2.72349518570464e-07
3.81289325998649e-08
5.33805056398109e-09
7.47327078957353e-10
1.04625791054029e-10
1.46476107475641e-11
2.05066550465898e-12
2.87093170652257e-13
4.0193043891316e-14
5.62702614478424e-15
7.87783660269793e-16
1.10289712437771e-16
1.54405597412879e-17
2.16167836378031e-18
3.02634970929244e-19
4.23688959300941e-20
5.93164543021318e-21
8.30430360229845e-22
1.16260250432178e-22
1.6276435060505e-23
2.2787009084707e-24
3.19018127185898e-25
4.46625378060257e-26
6.25275529284359e-27
8.75385740998103e-28
1.22554003739734e-28
1.71575605235628e-29
2.4020584732988e-30
3.36288186261831e-31
4.70803460766564e-32
6.5912484507319e-33
0.86
0.1204
0.016856
0.00235984
0.0003303776
4.6252864e-05
6.47540096e-06
0.860000906556134
0.120400126917859
0.0168560177685002
0.00235984248759003
0.000330377948262605
4.62529127567647e-05
6.47540778594705e-06
9.06557090032588e-07
1.26917992604562e-07
1.77685189646387e-08
2.48759265504942e-09
3.48262971706919e-10
4.87568160389687e-11
6.82595424545561e-12
9.55633594363786e-13
1.3378870321093e-13
1.87304184495302e-14
2.62225858293423e-15
3.67116201610792e-16
5.13962682255109e-17
7.19547755157153e-18
1.00736685722001e-18
1.41031360010802e-19
1.97443904015123e-20
2.76421465621172e-21
3.86990051869641e-22
5.41786072617497e-23
7.58500501664496e-24
1.06190070233029e-24
1.48666098326241e-25
0.86
0.1204
0.016856
0.00235984
0.0003303776
4.6252864e-05
6.47540096e-06
9.06556134400001e-07
1.26917858816e-07
1.776850023424e-08
2.4875900327936e-09
3.48262604591104e-10
0.860000000048757
0.120400000006826
0.0168560000009556
0.00235984000013379
0.000330377600018731
4.62528640026223e-05
0.86000647540096
0.120400906556134
0.0168561269178588
0.00235985776850024
0.000330380087590033
4.62532122626046e-05
6.47544971676465e-06
9.06562960347051e-07
1.26918814448587e-07
1.77686340228022e-08
2.48760876319231e-09
3.48265226846923e-10
4.87571317585693e-11
6.8259984461997e-12
9.55639782467958e-13
1.33789569545514e-13
1.8730539736372e-14
2.62227556309208e-15
3.67118578832891e-16
5.13966010366047e-17
7.19552414512466e-18
1.00737338031745e-18
1.41032273244443e-19
1.97445182542221e-20
2.76423255559109e-21
3.86992557782753e-22
5.41789580895854e-23
7.58505413254195e-24
1.06190757855587e-24
0.86
0.1204
0.016856
0.00235984
0.0003303776
4.6252864e-05
6.47540096e-06
9.06556134400001e-07
1.26917858816e-07
1.776850023424e-08
2.4875900327936e-09
3.48262604591104e-10
4.87567646427546e-11
6.82594704998565e-12
9.55632586997991e-13
1.33788562179719e-13
0.860000000000019
0.120400000000003
0.0168560000000004
0.00235984000000005
0.000330377600000007
4.6252864000001e-05
6.47540096000014e-06
9.0655613440002e-07
1.26917858816003e-07
1.77685002342404e-08
2.48759003279366e-09
3.48262604591112e-10
4.87567646427557e-11
0.860000000006826
0.120400000000956
0.0168560000001338
0.00235984000001873
0.000330377600002622
4.62528640003671e-05
6.4754009600514e-06
0.860000906556134
0.120400126917859
0.0168560177685002
0.00235984248759003
0.000330377948262605
4.62529127567647e-05
6.47540778594705e-06
9.06557090032588e-07
1.26917992604562e-07
1.77685189646387e-08
2.48759265504942e-09
3.48262971706919e-10
4.87568160389687e-11
6.82595424545561e-12
9.55633594363786e-13
1.3378870321093e-13
0.860000000000019
0.120400000000003
0.0168560000000004
0.00235984000000005
0.000330377600000007
4.6252864000001e-05
6.47540096000014e-06
0.860000906556134
1.84040012691786
0.2576560177685
0.03607184248759
0.00505005794826261
0.860707008112757
0.120498981135786
0.01686985735901
0.862361780030261
0.980730649204237
0.137302290888593
0.879222320724403
0.123091124901416
0.0172327574861983
0.00241258604806776
0.000337762046729487
1.72004728668654
0.240806620136116
0.0337129268190562
0.00471980975466787
0.000660773365653502
9.25082711914903e-05
1.29511579668086e-05
1.81316211535321e-06
2.5384269614945e-07
3.55379774609229e-08
4.97531684452921e-09
6.9654435823409e-10
9.75162101527726e-11
1.36522694213882e-11
1.91131771899434e-12
2.67584480659208e-13
3.74618272922891e-14
5.24465582092048e-15
7.34251814928867e-16
1.02795254090041e-16
1.43913355726058e-17
2.01478698016481e-18
2.82070177223074e-19
0.86
0.1204
0.016856
0.00235984
0.0003303776
4.6252864e-05
6.47540096e-06
9.06556134400001e-07
1.26917858816e-07
0.8600000177685
0.12040000248759
0.876856000348263
0.122759840048757
0.0171863776068259
0.00240609286495563
0.000336853001093789
4.71594201531304e-05
6.60231882143826e-06
9.24324635001356e-07
1.2940544890019e-07
1.81167628460266e-08
2.53634679844372e-09
3.55088551782121e-10
4.9712397249497e-11
6.95973561492958e-12
0.860000000000974
0.120400000000136
0.0168560000000191
0.00235984000000267
0.8603303776
0.120446252864
0.01686247540096
0.0023607465561344
0.000330504517858816
4.62706325002343e-05
6.4778885500328e-06
0.860000906904397
0.120400126966616
0.0168560177753262
0.00235984248854567
0.000330377948396393
4.62529127754951e-05
6.47540778856931e-06
9.06557090399703e-07
1.26917992655958e-07
0.860000017768519
0.980400002487593
0.137256000348263
0.0192158400487568
0.862690217606826
0.120776630464956
0.0169087282650938
0.00236722195711313
0.000331411073995838
4.63975503594174e-05
6.49565705031843e-06
9.09391987044581e-07
1.27314878186241e-07
1.78240829460738e-08
0.860000002495372
0.120400000349352
0.0168560000489093
0.0023598400068473
0.000330377600958622
0.860046252864134
0.120406475400979
0.016856906556137
0.00235996691785918
0.000330395368500286
4.625535159004e-05
0.860006475749223
0.980400906604891
0.137256126924685
0.879215857769456
0.123090220087724
0.0172326308122813
0.00241256831371939
0.000337759563920714
4.72863389489e-05
6.620087452846e-06
9.2681224339844e-07
1.29753714075782e-07
1.81655199706094e-08
2.54317279588532e-09
3.56044191423945e-10
4.98461867993523e-11
6.97846615190932e-12
9.76985261267305e-13
1.36777936577423e-13
1.91489111208392e-14
2.68084755691749e-15
3.75318657968448e-16
5.25446121155827e-17
7.35624569618158e-18
1.02987439746542e-18
1.44182415645159e-19
2.01855381903223e-20
0.86
0.1204
0.016856
0.00235984
0.0003303776
4.6252864e-05
6.47540096e-06
9.06556134400001e-07
1.26917858816e-07
1.776850023424e-08
2.4875900327936e-09
3.48262604591104e-10
4.87567646427546e-11
6.82594704998565e-12
9.55632586997991e-13
1.33788562179719e-13
1.87303987051606e-14
2.62225581872249e-15
3.67115814621148e-16
5.13962140469608e-17
7.19546996657451e-18
1.00736579532043e-18
1.4103121134486e-19
1.97443695882804e-20
2.76421174235926e-21
0.86
0.1204
0.016856
0.00235984
0.0003303776
4.6252864e-05
6.47540096e-06
9.06556134400001e-07
1.26917858816e-07
1.776850023424e-08
2.4875900327936e-09
3.48262604591104e-10
4.87567646427546e-11
6.82594704998565e-12
9.55632586997991e-13
1.33788562179719e-13
1.87303987051606e-14
2.62225581872249e-15
3.67115814621148e-16
5.13962140469608e-17
7.19546996657451e-18
1.00736579532043e-18
1.4103121134486e-19
1.97443695882804e-20
2.76421174235926e-21
3.86989643930297e-22
5.41785501502416e-23
7.58499702103382e-24
0.86
0.1204
0.016856
0.00235984
0.0003303776
4.6252864e-05
6.47540096e-06
9.06556134400001e-07
1.26917858816e-07
1.776850023424e-08
0.86000000248759
0.980400000348263
0.137256000048757
0.0192158400068259
0.00269021760095563
0.000376630464133789
5.27282649787304e-05
7.38195709702226e-06
1.03347399358312e-06
1.44686359101636e-07
2.02560902742291e-08
2.83585263839207e-09
3.9701936937489e-10
5.55827117124846e-11
7.78157963974785e-12
1.0894211495647e-12
1.52518960939058e-13
2.13526545314681e-14
2.98937163440553e-15
4.18512028816775e-16
5.85916840343485e-17
8.20283576480878e-18
1.14839700707323e-18
1.60775580990252e-19
2.25085813386353e-20
3.15120138740894e-21
4.41168194237252e-22
6.17635471932153e-23
8.64689660705014e-24
1.21056552498702e-24
1.69479173498183e-25
2.37270842897456e-26
3.32179180056438e-27
4.65050852079014e-28
6.51071192910619e-29
9.11499670074867e-30
1.27609953810481e-30
0.86
0.1204
0.016856
0.86235984
0.1207303776
0.016902252864
0.00236631540096
0.0003312841561344
4.6379781858816e-05
0.86000649316946
0.120400909043724
0.0168561272661214
0.002359857817257
0.00033038009441598
4.62532132182372e-05
6.47544985055321e-06
0.860000906562979
0.980400126918817
0.137256017768634
0.0192158424876088
0.00269021794826523
0.860376630512757
0.120452728271786
0.01686338195805
0.00236087347412701
0.000330522286377781
0.860046273120093
0.120406478236813
0.0168569069531538
0.862359966973442
0.120730395376282
0.0169022553526795
0.00236631574937512
0.000331284204912517
1.72004637978869
1.96080649317042
1.13451290904386
0.15883180726614
0.0222364530172596
0.00311310342241635
0.000435834479138289
6.10168270793604e-05
8.54235579111046e-06
0.860001195929811
0.120400167430174
0.876856023440224
0.122759843281631
0.0171863780594284
0.00240609292831998
0.000336853009964797
4.71594213950715e-05
0.860006602318995
0.120400924324659
0.0168561294054523
0.00235985811676332
0.860330380136347
0.980446253219089
0.137262475450672
0.879216746563094
0.983090344518833
0.137632648232637
0.0192685707525691
0.00269759990535968
0.000377663986750355
5.28729581450497e-05
7.40221414030696e-06
0.86000103630998
0.980400145083397
0.997256020311676
0.999615842843635
2.71994621799811
0.380792470519735
0.913310945872763
0.127863532422187
0.0179008945391062
0.00250612523547486
0.000350857532966481
4.91200546153073e-05
6.87680764614302e-06
0.86000096275307
0.12040013478543
0.0168560188699602
0.862359842641794
0.120730377969851
0.876902252915779
0.982766315408209
0.997587284157149
0.999662219782001
0.13995271076948
0.0195933795077272
1.72274307313108
0.241184030238351
0.0337657642333692
0.00472720699267169
0.860661808978974
0.120492653257056
0.0168689714559879
0.00236165600383831
0.000330631840537363
4.62884576752308e-05
6.48038407453231e-06
9.07253770434524e-07
1.27015527860833e-07
0.860000017782174
0.120400002489504
0.0168560003485306
0.00235984004879429
0.0003303776068312
4.6252864956368e-05
6.47540109389152e-06
9.06556153144813e-07
0.860000126917861
0.120400017768501
0.0168560024875901
0.862359840348263
0.120730377648757
0.016902252870826
0.00236631540191563
0.000331284156268189
4.63797818775464e-05
6.4931694628565e-06
9.0904372479991e-07
1.27266121471987e-07
0.860000017817257
0.120400002494416
0.0168560003492182
0.00235984004889055
0.000330377606844678
4.62528649582549e-05
0.860006475401094
0.120400906556153
0.0168561269178614
0.0023598577685006
0.000330380087590084
4.62532122626118e-05
6.47544971676566e-06
0.86000090656296
0.980400126918815
0.137256017768634
0.0192158424876088
0.00269021794826523
1.72037663051276
0.240852728271786
0.03371938195805
0.00472071347412701
0.000660899886377781
9.25259840928893e-05
1.29536377730045e-05
0.860001813509288
1.8404002538913
0.257656035544782
0.0360718449762695
0.865050058296678
0.121107008161535
0.0169549811426149
0.00237369735996608
0.000332317630395252
0.860046524468255
0.120406513425556
0.0168569118795778
0.00235996766314089
0.000330395472839725
4.62553661975615e-05
6.47575126765861e-06
0.860000906605177
0.120400126924725
0.876856017769461
0.122759842487725
0.0171863779482814
0.0024060929127594
0.000336853007786316
4.71594210900843e-05
6.6023189526118e-06
0.860000924324653
0.120400129405451
0.0168560181167632
0.00235984253634685
0.000330377955088559
4.62529137123983e-05
6.47540791973576e-06
9.06557108763006e-07
1.26917995226821e-07
1.77685193317549e-08
2.48759270644569e-09
3.48262978902397e-10
4.87568170463355e-11
0.860000000006826
0.120400000000956
0.0168560000001338
0.00235984000001873
0.000330377600002622
4.62528640003671e-05
6.4754009600514e-06
9.06556134407196e-07
1.26917858817007e-07
1.7768500234381e-08
2.48759003281335e-09
3.48262604593869e-10
4.87567646431416e-11
6.82594705003982e-12
9.55632587005575e-13
1.33788562180781e-13
1.87303987053093e-14
2.6222558187433e-15
3.67115814624062e-16
5.13962140473687e-17
7.19546996663161e-18
1.00736579532843e-18
1.4103121134598e-19
1.97443695884372e-20
2.7642117423812e-21
3.86989643933368e-22
5.41785501506716e-23
7.58499702109402e-24
1.06189958295316e-24
0.86
0.1204
0.016856
0.00235984
0.0003303776
4.6252864e-05
6.47540096e-06
9.06556134400001e-07
1.26917858816e-07
1.776850023424e-08
2.4875900327936e-09
3.48262604591104e-10
4.87567646427546e-11
6.82594704998565e-12
9.55632586997991e-13
1.33788562179719e-13
1.87303987051606e-14
2.62225581872249e-15
3.67115814621148e-16
5.13962140469608e-17
7.19546996657451e-18
1.00736579532043e-18
1.4103121134486e-19
1.97443695882804e-20
2.76421174235926e-21
3.86989643930297e-22
5.41785501502416e-23
7.58499702103382e-24
1.06189958294474e-24
1.48665941612263e-25
2.08132318257168e-26
2.91385245560035e-27
4.0793934378405e-28
5.71115081297669e-29
7.99561113816737e-30
0.86
0.1204
0.016856
0.00235984
0.0003303776
4.6252864e-05
6.47540096e-06
9.06556134400001e-07
1.26917858816e-07
1.776850023424e-08
2.4875900327936e-09
3.48262604591104e-10
4.87567646427546e-11
6.82594704998565e-12
9.55632586997991e-13
1.33788562179719e-13
1.87303987051606e-14
2.62225581872249e-15
3.67115814621148e-16
5.13962140469608e-17
7.19546996657451e-18
1.00736579532043e-18
1.4103121134486e-19
1.97443695882804e-20
2.76421174235926e-21
3.86989643930297e-22
5.41785501502416e-23
7.58499702103382e-24
1.06189958294474e-24
1.48665941612263e-25
2.08132318257168e-26
2.91385245560035e-27
4.0793934378405e-28
5.71115081297669e-29
7.99561113816737e-30
1.11938555934343e-30
1.56713978308081e-31
2.19399569631313e-32
3.07159397483838e-33
4.30023156477373e-34
6.02032419068322e-35
8.42845386695651e-36
1.17998354137391e-36
1.65197695792348e-37
0.86
0.1204
0.016856
0.00235984
0.0003303776
4.6252864e-05
0.86000647540096
0.120400906556134
0.0168561269178588
0.00235985776850023
0.000330380087590033
4.62532122626046e-05
6.47544971676465e-06
0.86000090656296
0.120400126918814
0.016856017768634
0.00235984248760876
0.860330377948265
0.120446252912757
0.016862475407786
0.00236074655709004
0.000330504517992606
4.62706325189648e-05
6.47788855265507e-06
9.0690439737171e-07
1.26966615632039e-07
1.77753261884855e-08
2.48854566638797e-09
3.48396393294316e-10
4.87754950612043e-11
6.8285693085686e-12
0.860000000000956
0.980400000000134
0.137256000000019
0.879215840000003
0.1230902176
0.0172326304640001
1.72241256826496
0.241137759557094
0.893759286337993
0.125126300087319
0.877517682012225
0.122852475481711
0.0171993465674396
0.00240790851944155
0.000337107192721816
0.860047195006981
0.980406607300977
0.137256925022137
0.0192159695030992
0.862690235730434
0.120776633002261
0.0169087286203165
0.00236722200684431
0.860331411080958
0.980446397551334
0.137262495657187
0.879216749392006
0.123090344914881
0.877232648288083
0.122812570760332
0.0171937599064464
0.0024071263869025
0.00033699769416635
4.7179677183289e-05
6.60515480566047e-06
9.24721672792465e-07
1.29461034190945e-07
1.81245447867323e-08
2.53743627014253e-09
3.55241077819954e-10
0.860000000049734
0.120400000006963
0.0168560000009748
0.862359840000136
0.120730377600019
0.0169022528640027
0.00236631540096038
0.000331284156134453
4.63797818588234e-05
6.49316946023527e-06
9.09043724432938e-07
1.27266121420611e-07
0.860000017817257
0.980400002494416
0.137256000349218
0.0192158400488906
0.00269021760684468
0.000376630464958255
5.27282650941557e-05
7.3819571131818e-06
0.860001033473996
0.980400144686359
0.13725602025609
0.0192158428358526
0.00269021799701937
0.000376630519582712
5.27282727415797e-05
7.38195818382116e-06
1.03347414573496e-06
1.44686380402895e-07
2.02560932564053e-08
2.83585305589674e-09
3.97019427825543e-10
5.5582719895576e-11
7.78158078538065e-12
1.08942130995329e-12
1.52518983393461e-13
2.13526576750845e-14
2.98937207451183e-15
4.18512090431656e-16
5.85916926604319e-17
8.20283697246046e-18
1.14839717614447e-18
1.60775604660225e-19
2.25085846524315e-20
0.86
0.1204
2.596856
1.22355984
0.1712983776
1.743981772864
0.24415744820096
0.0341820427481344
0.00478548598473882
0.860669968037863
0.980493795525301
0.137269131373542
0.0192176783922959
0.00269047497492143
0.000376666496489
5.273330950846e-05
7.3826633311844e-06
1.03357286636582e-06
1.44700201291214e-07
2.025802818077e-08
2.8361239453078e-09
3.97057352343092e-10
5.55880293280329e-11
7.7823241059246e-12
1.08952537482944e-12
1.52533552476122e-13
2.13546973466571e-14
0.860000000000003
0.1204
0.0168560000000001
0.00235984000000001
0.8603303776
0.980446252864
0.13726247540096
0.0192167465561344
0.00269034451785882
0.8603766482325
0.12045273075255
0.016863382305357
0.86236087352275
0.120730522293185
0.0169022731210459
0.00236631823694643
0.0003312845531725
0.860046379837444
0.120406493177242
0.0168569090448139
0.00235996726627395
0.000330395417278353
4.62553584189694e-05
6.47575017865571e-06
9.066050250118e-07
1.26924703501652e-07
1.77694584902313e-08
2.48772418863238e-09
3.48281386408533e-10
4.87593940971947e-11
6.82631517360725e-12
9.55684124305015e-13
1.33795777402702e-13
1.87314088363783e-14
2.62239723709296e-15
3.67135613193015e-16
5.13989858470221e-17
7.19585801858309e-18
1.00742012260163e-18
1.41038817164229e-19
0.86
0.1204
0.016856
0.00235984
0.8603303776
0.120446252864
0.01686247540096
0.862360746556134
0.980730504517859
0.1373022706325
0.01922231788855
0.00269112450439701
0.000376757430615581
5.27460402861813e-05
7.38444564006539e-06
1.03382238960915e-06
1.44735134545282e-07
2.02629188363394e-08
2.83680863708752e-09
3.97153209192253e-10
5.56014492869154e-11
7.78420290016816e-12
1.08978840602354e-12
1.52570376843296e-13
2.13598527580614e-14
2.9903793861286e-15
4.18653114058004e-16
5.86114359681206e-17
8.20560103553688e-18
1.14878414497516e-18
1.60829780296523e-19
2.25161692415132e-20
3.15226369381185e-21
4.41316917133659e-22
6.17843683987123e-23
8.64981157581972e-24
1.21097362061476e-24
1.69536306886067e-25
2.37350829640493e-26
3.32291161496691e-27
4.65207626095367e-28
6.51290676533514e-29
9.11806947146919e-30
1.27652972600569e-30
1.78714161640796e-31
2.50199826297115e-32
3.50279756815961e-33
4.90391659542345e-34
6.86548323359283e-35
9.61167652702996e-36
1.34563471378419e-36
1.88388859929787e-37
2.63744403901702e-38
3.69242165462383e-39
5.16939031647336e-40
7.23714644306271e-41
0.86
0.1204
0.016856
0.00235984
0.0003303776
4.6252864e-05
6.47540096e-06
9.06556134400001e-07
1.26917858816e-07
1.776850023424e-08
2.4875900327936e-09
3.48262604591104e-10
4.87567646427546e-11
6.82594704998565e-12
9.55632586997991e-13
1.33788562179719e-13
1.87303987051606e-14
2.62225581872249e-15
3.67115814621148e-16
5.13962140469608e-17
7.19546996657451e-18
1.00736579532043e-18
1.4103121134486e-19
1.97443695882804e-20
2.76421174235926e-21
3.86989643930297e-22
5.41785501502416e-23
7.58499702103382e-24
1.06189958294474e-24
1.48665941612263e-25
2.08132318257168e-26
0.86
0.1204
0.016856
0.00235984
0.0003303776
4.6252864e-05
6.47540096e-06
9.06556134400001e-07
1.26917858816e-07
1.776850023424e-08
2.4875900327936e-09
3.48262604591104e-10
4.87567646427546e-11
6.82594704998565e-12
9.55632586997991e-13
0.860000000000134
0.120400000000019
0.876856000000003
0.12275984
0.0171863776000001
0.862406092864
0.12073685300096
0.0169031594201344
0.00236644231881882
0.000331301924634634
4.63822694488488e-05
6.49351772283883e-06
0.860000909092481
0.980400127272947
0.137256017818213
0.0192158424945498
0.862690217949237
0.980776630512893
0.137308728271805
0.0192232219580527
0.00269125107412738
0.000376775150377833
5.27485210528967e-05
7.38479294740553e-06
0.860001033871013
0.120400144741942
0.0168560202638719
0.00235984283694206
0.860330377997172
0.120446252919604
0.0168624754087446
0.00236074655722424
0.000330504518011394
4.62706325215951e-05
6.47788855302332e-06
9.06904397423265e-07
0.860000126966616
0.120400017775326
0.876856002488546
0.122759840348396
0.0171863776487755
0.00240609287082857
0.000336853001916
4.715942026824e-05
6.6023188375536e-06
9.24324637257504e-07
0.860000129405449
0.980400018116763
0.997256002536347
0.999615840355089
0.139946217649712
0.0195924704709597
0.862742945865934
0.980784012421231
0.137309761738972
0.879223366643456
0.123091271330084
0.0172327779862117
0.86241258891807
0.12073776244853
0.0169032867427942
0.862366460143991
0.120731304420159
0.0169023826188222
0.00236633356663511
0.000331286699328916
4.63801379060482e-05
2.58000649321931
0.361200909050703
0.0505681272670984
0.00707953781739378
0.000991135294435129
0.000138758941220918
0.860019426251771
0.120402719675248
0.876856380754535
0.122759893305635
0.0171863850627889
0.00240609390879044
0.000336853147230662
4.71594406122927e-05
1.72000660232169
0.240800924325036
0.033712129405505
0.864719698116771
0.121060757736348
0.0169485060830887
0.00237279085163242
0.000332190719228539
4.65067006919954e-05
6.51093809687936e-06
9.11531333563111e-07
1.27614386698835e-07
1.7866014137837e-08
2.50124197929718e-09
3.50173877101605e-10
4.90243427942247e-11
6.86340799119145e-12
9.60877118766804e-13
0.860000000000135
0.980400000000019
1.857256
1.98001584
2.8572022176
2.980008310464
2.13720116346496
2.01920816288509
1.14268914280391
1.87997647999255
1.98319670719896
1.13764753900785
1.8792706554611
2.84309789176455
2.11803370484704
2.01652471867859
0.282313460615002
0.8995238844861
0.125933343828054
0.0176306681359276
0.00246829353902986
0.860345561095464
0.120448378553365
0.0168627729974711
0.00236078821964595
0.000330510350750434
4.62714491050607e-05
6.4780028747085e-06
0.860000906920402
0.120400126968856
0.0168560177756399
0.00235984248858959
0.000330377948402542
4.62529127763559e-05
6.47540778868982e-06
9.06557090416575e-07
1.26917992658321e-07
1.77685189721649e-08
2.48759265610308e-09
3.48262971854432e-10
4.87568160596204e-11
6.82595424834686e-12
9.55633594768561e-13
1.33788703267599e-13
0.860000000000019
0.120400000000003
0.0168560000000004
0.00235984000000005
0.000330377600000007
4.6252864000001e-05
6.47540096000014e-06
9.0655613440002e-07
1.26917858816003e-07
1.77685002342404e-08
2.48759003279366e-09
0.860000000348263
0.980400000048757
0.137256000006826
0.0192158400009556
0.00269021760013379
0.00037663046401873
5.27282649626223e-05
7.38195709476712e-06
1.0334739932674e-06
1.44686359057436e-07
2.0256090268041e-08
0.860000002835853
0.120400000397019
0.0168560000555827
0.00235984000778158
0.860330377601089
0.120446252864153
0.0168624754009814
0.00236074655613739
0.000330504517859235
0.8600462706325
0.12040647788855
0.016856906904397
0.862359966966616
0.120730395375326
0.876902255352546
0.122766315749356
0.0171872842049099
0.00240621978868739
0.000336870770416234
0.860047161907858
0.1204066026671
1.73685692437339
0.243159969412275
0.0340423957177185
0.00476593540048059
0.000667230956067283
9.34123338494196e-05
1.30777267389188e-05
1.83088174344863e-06
0.860000256323444
0.120400035885282
0.0168560050239395
0.00235984070335153
0.860330377698469
0.120446252877786
0.87686247540289
0.122760746556405
0.0171865045178966
0.00240611063250553
0.000336855488550774
4.71597683971084e-05
6.60236757559518e-06
9.24331460583325e-07
1.29406404481666e-07
1.81168966274332e-08
2.53636552784065e-09
3.5509117389769e-10
0.860000000049713
0.12040000000696
0.0168560000009744
0.00235984000013641
0.000330377600019098
4.62528640026737e-05
6.47540096037432e-06
9.06556134452404e-07
1.26917858823337e-07
1.77685002352671e-08
2.4875900329374e-09
3.48262604611236e-10
4.8756764645573e-11
6.82594705038022e-12
9.55632587053231e-13
1.33788562187452e-13
1.87303987062433e-14
2.62225581887407e-15
3.6711581464237e-16
5.13962140499317e-17
7.19546996699044e-18
1.00736579537866e-18
1.41031211353013e-19
1.97443695894218e-20
2.76421174251905e-21
3.86989643952667e-22
5.41785501533734e-23
7.58499702147227e-24
1.06189958300612e-24
1.48665941620857e-25
2.08132318269199e-26
2.91385245576879e-27
4.07939343807631e-28
5.71115081330683e-29
7.99561113862956e-30
1.11938555940814e-30
1.56713978317139e-31
2.19399569643995e-32
3.07159397501593e-33
4.30023156502231e-34
6.02032419103123e-35
8.42845386744373e-36
0.86
0.1204
0.876856
0.12275984
0.0171863776
0.002406092864
0.00033685300096
4.71594201344e-05
6.602318818816e-06
9.24324634634241e-07
1.29405448848794e-07
1.81167628388311e-08
2.53634679743636e-09
3.5508855164109e-10
4.97123972297526e-11
6.95973561216536e-12
9.74362985703151e-13
1.36410817998441e-13
1.90975145197818e-14
2.67365203276945e-15
3.74311284587723e-16
5.24035798422812e-17
7.33650117791937e-18
1.02711016490871e-18
1.4379542308722e-19
2.01313592322107e-20
2.8183902925095e-21
3.94574640951331e-22
5.52404497331863e-23
7.73366296264608e-24
1.08271281477045e-24
1.51579794067863e-25
2.12211711695009e-26
2.97096396373012e-27
4.15934954922217e-28
5.82308936891104e-29
8.15232511647545e-30
1.14132551630656e-30
1.59785572282919e-31
2.23699801196086e-32
3.13179721674521e-33
4.3845161034433e-34
6.13832254482061e-35
8.59365156274886e-36
1.20311121878484e-36
1.68435570629878e-37
2.35809798881829e-38
3.3013371843456e-39
4.62187205808385e-40
6.47062088131738e-41
9.05886923384434e-42
1.26824169273821e-42
1.77553836983349e-43
2.48575371776689e-44
3.48005520487364e-45
4.8720772868231e-46
6.82090820155234e-47
9.54927148217328e-48
1.33689800750426e-48
1.72
0.2408
0.033712
0.00471968
0.8606607552
0.120492505728
0.01686895080192
0.0023616531122688
0.000330631435717632
4.62884010004685e-05
0.86000648037614
0.12040090725266
0.0168561270153723
0.00235985778215213
0.860330380089501
0.12044625321253
0.0168624754497542
0.00236074656296559
0.860330504518815
0.120446270632634
0.0168624778885688
0.00236074690439963
0.000330504566615948
4.62706393262328e-05
0.860006477889506
0.120400906904531
0.0168561269666343
0.862359857775329
0.120730380088546
0.0169022532123964
0.0023663154497355
0.00033128416296297
4.63797828148159e-05
6.49316959407422e-06
9.09043743170391e-07
1.27266124043855e-07
1.78172573661397e-08
2.49441603125955e-09
3.49218244376338e-10
0.860000000048891
0.120400000006845
0.0168560000009583
0.00235984000013416
0.000330377600018782
4.62528640026295e-05
6.47540096036813e-06
9.06556134451538e-07
1.26917858823215e-07
1.77685002352501e-08
2.48759003293502e-09
3.48262604610903e-10
4.87567646455264e-11
6.8259470503737e-12
9.55632587052318e-13
1.33788562187325e-13
1.87303987062254e-14
0.860000000000003
0.1204
0.0168560000000001
0.00235984000000001
0.000330377600000001
4.62528640000002e-05
6.47540096000002e-06
9.06556134400003e-07
1.26917858816e-07
0.8600000177685
0.98040000248759
0.137256000348263
0.0192158400487568
0.00269021760682595
0.000376630464955633
0.860052728265094
0.120407381957113
0.0168570334739958
0.00235998468635942
0.000330397856090319
4.62556998526446e-05
0.860006475797979
0.120400906611717
0.0168561269256404
0.00235985776958966
0.000330380087742552
4.62532122839573e-05
6.47544971975402e-06
9.06562960765563e-07
1.26918814507179e-07
0.860000017768634
0.120400002487609
0.0168560003482652
0.00235984004875713
0.000330377606825999
4.62528649556398e-05
6.47540109378957e-06
1.72000090655615
0.240800126917861
0.0337120177685006
0.00471968248759009
0.000660755548262612
9.25057767567657e-05
1.29508087459472e-05
1.81311322443261e-06
2.53835851420565e-07
0.860000035537019
0.120400004975183
0.0168560006965256
0.00235984009751358
0.000330377613651901
0.860046252865911
0.120406475401228
0.0168569065561719
0.00235996691786406
0.000330395368500969
4.62553515901356e-05
6.47574922261899e-06
9.06604891166658e-07
1.26924684763332e-07
1.77694558668665e-08
0.860000002487724
0.120400000348281
0.0168560000487594
0.00235984000682631
0.000330377600955684
4.62528641337958e-05
6.47540097873141e-06
9.06556137022397e-07
1.26917859183136e-07
1.7768500285639e-08
2.48759003998946e-09
3.48262605598524e-10
4.87567647837934e-11
0.860000000006826
0.980400000000956
0.997256000000134
0.139615840000019
0.0195462176000026
0.00273647046400037
0.000383105864960052
5.36348210944072e-05
7.50887495321701e-06
1.05124249345038e-06
1.47173949083053e-07
2.06043528716275e-08
0.860000002884609
0.120400000403845
0.0168560000565383
0.00235984000791537
0.000330377601108152
4.62528641551412e-05
6.47540098171977e-06
9.06556137440768e-07
1.26917859241708e-07
1.77685002938391e-08
2.48759004113747e-09
3.48262605759246e-10
4.87567648062944e-11
6.82594707288122e-12
9.5563259020337e-13
1.33788562628472e-13
1.87303987679861e-14
0.860000000000003
0.1204
0.0168560000000001
0.00235984000000001
0.000330377600000001
4.62528640000002e-05
6.47540096000002e-06
9.06556134400003e-07
1.26917858816e-07
1.77685002342401e-08
2.48759003279361e-09
3.48262604591105e-10
4.87567646427548e-11
6.82594704998567e-12
9.55632586997994e-13
1.33788562179719e-13
1.87303987051607e-14
2.6222558187225e-15
0.86
0.1204
0.016856
0.00235984
0.0003303776
4.6252864e-05
6.47540096000001e-06
9.06556134400001e-07
1.26917858816e-07
1.776850023424e-08
2.4875900327936e-09
3.48262604591104e-10
4.87567646427546e-11
0.860000000006826
0.120400000000956
0.0168560000001338
0.00235984000001873
0.000330377600002622
4.62528640003671e-05
6.4754009600514e-06
9.06556134407196e-07
1.26917858817007e-07
1.7768500234381e-08
2.48759003281335e-09
3.48262604593869e-10
4.87567646431416e-11
6.82594705003982e-12
9.55632587005575e-13
1.33788562180781e-13
1.87303987053093e-14
2.6222558187433e-15
3.67115814624062e-16
5.13962140473687e-17
7.19546996663161e-18
1.00736579532843e-18
1.4103121134598e-19
1.97443695884372e-20
2.7642117423812e-21
0.86
0.1204
0.016856
0.00235984
0.0003303776
4.6252864e-05
6.47540096e-06
9.06556134400001e-07
1.26917858816e-07
1.776850023424e-08
2.4875900327936e-09
3.48262604591104e-10
4.87567646427546e-11
6.82594704998565e-12
9.55632586997991e-13
1.33788562179719e-13
1.87303987051606e-14
2.62225581872249e-15
3.67115814621148e-16
5.13962140469608e-17
7.19546996657451e-18
1.00736579532043e-18
1.4103121134486e-19
1.97443695882804e-20
2.76421174235926e-21
3.86989643930297e-22
5.41785501502416e-23
7.58499702103382e-24
1.06189958294474e-24
1.48665941612263e-25
2.08132318257168e-26
2.91385245560035e-27
4.0793934378405e-28
5.71115081297669e-29
7.99561113816737e-30
1.11938555934343e-30
0.86
0.1204
0.016856
0.00235984
0.0003303776
4.6252864e-05
6.47540096e-06
9.06556134400001e-07
1.26917858816e-07
1.776850023424e-08
2.4875900327936e-09
3.48262604591104e-10
4.87567646427546e-11
6.82594704998565e-12
9.55632586997991e-13
1.33788562179719e-13
1.87303987051606e-14
0.860000000000003
0.9804
0.137256
0.01921584
0.0026902176
0.000376630464
5.272826496e-05
0.860007381957094
0.120401033473993
0.0168561446863591
0.00235986025609027
0.000330380435852637
4.62532610193693e-05
0.860006475456543
0.120400906563916
0.876856126918948
0.122759857768653
0.0171863800876114
0.862406093212266
0.120736853049717
0.0169031594269604
0.00236644231977446
0.000331301924768424
4.63822694675794e-05
6.49351772546111e-06
0.860000909092482
0.120400127272947
0.0168560178182126
0.86235984249455
0.980730377949237
0.137302252912893
0.019222315407805
0.862691124157093
0.120776757381993
0.016908746033479
0.00236722444468706
0.000331411422256189
4.63975991158664e-05
6.4956638762213e-06
9.09392942670982e-07
0.860000127315012
0.120400017824102
0.0168560024953742
0.862359840349352
0.120730377648909
0.0169022528708473
2.58236631540192
0.361531284156269
0.0506143797818776
0.00708601316946287
0.000992041843724802
0.000138885858121472
0.860019444020137
0.120402722162819
0.0168563811027947
0.00235989335439126
0.000330385069614776
0.860046253909746
0.120406475547364
0.876856906576631
1.84275996692073
1.9779863953689
0.276918095351646
0.0387685333492305
0.00542759466889227
0.000759863253644918
0.000106380855510288
0.860014893319771
0.120402085064768
0.0168562919090675
0.00235988086726945
0.000330383321417724
0.860046253664998
0.1204064755131
0.876856906571834
0.982759966920057
0.137586395368808
0.0192620953516331
0.00269669334922864
0.000377537068892009
5.28551896448813e-05
7.39972655028338e-06
1.03596171703967e-06
1.45034640385554e-07
2.03048496539776e-08
2.84267895155686e-09
3.97975053217961e-10
0.860000000055717
0.1204000000078
0.016856000001092
0.00235984000015289
0.000330377600021404
4.62528640029966e-05
6.47540096041952e-06
9.06556134458733e-07
0.860000126917859
0.1204000177685
0.01685600248759
0.862359840348263
0.120730377648757
0.016902252870826
0.00236631540191563
0.000331284156268189
4.63797818775464e-05
6.4931694628565e-06
9.0904372479991e-07
1.27266121471987e-07
1.78172570060782e-08
0.860000002494416
0.980400000349218
0.137256000048891
0.0192158400068447
0.00269021760095826
0.000376630464134156
0.860052728264979
0.120407381957097
0.0168570334739936
0.0023599846863591
0.86033039785609
0.120446255699853
0.0168624757979794
0.862360746611717
0.12073050452564
0.0169022706335897
0.00236631788870255
0.000331284504418357
0.860046379830619
0.120406493176287
0.0168569090446801
0.862359967266255
0.120730395417276
0.876902255358419
0.122766315750179
0.017187284205025
0.0024062197887035
0.00033687077041849
4.71619078585886e-05
6.60266710020241e-06
9.24373394028337e-07
1.29412275163967e-07
1.81177185229554e-08
2.53648059321376e-09
3.55107283049926e-10
0.860000000049715
0.12040000000696
0.0168560000009744
0.00235984000013642
0.000330377600019099
0.860046252864003
0.12040647540096
0.0168569065561345
0.00235996691785882
0.000330395368500235
4.6255351590033e-05
6.47574922260461e-06
9.06604891164646e-07
1.2692468476305e-07
1.77694558668271e-08
2.48772382135579e-09
3.48281334989811e-10
0.860000000048759
0.120400000006826
0.0168560000009557
0.0023598400001338
0.000330377600018732
4.62528640026224e-05
6.47540096036714e-06
9.065561344514e-07
1.26917858823196e-07
1.77685002352474e-08
2.48759003293464e-09
0.860000000348263
0.980400000048757
0.137256000006826
0.0192158400009556
0.00269021760013379
0.860376630464019
0.120452728264963
0.0168633819570948
0.00236087347399327
0.000330522286359057
4.62731200902681e-05
6.47823681263753e-06
9.06953153769254e-07
1.26973441527696e-07
1.77762818138774e-08
2.48867945394283e-09
0.860000000348415
0.120400000048778
0.876856000006829
0.982759840000956
0.997586377600134
0.999662092864019
0.999952693000963
0.999993377020135
0.139999072782819
0.879599870189595
0.123143981826543
0.0172401574557161
0.00241362204380025
0.000337907086132035
1.72004730699206
1.10080662297889
0.154112927217044
0.0215758098103862
0.00302061337345407
0.00042288587228357
5.92040221196998e-05
8.28856309675797e-06
0.860001160398834
0.120400162455837
0.0168560227438171
0.0023598431841344
0.000330378045778816
0.860046252926409
0.120406475409697
0.0168569065573576
0.00235996691803007
0.000330395368524209
4.62553515933893e-05
6.47574922307451e-06
9.06604891230431e-07
1.2692468477226e-07
0.860000017769456
0.120400002487724
0.0168560003482813
0.00235984004875939
0.860330377606826
0.120446252864956
0.876862475401094
0.982760746556153
0.137586504517861
0.0192621106325006
0.00269669548855008
0.000377537368397012
5.28552315755817e-05
0.860007399732421
0.120401035962539
0.0168561450347554
0.00235986030486576
0.000330380442681207
4.62532619753689e-05
6.47545667655165e-06
9.06563934717232e-07
1.26918950860412e-07
1.77686531204577e-08
2.48761143686408e-09
3.48265601160972e-10
0.860000000048757
0.120400000006826
0.0168560000009556
0.00235984000013379
0.000330377600018731
4.62528640026223e-05
6.47540096036712e-06
9.06556134451397e-07
1.26917858823196e-07
1.77685002352474e-08
2.48759003293463e-09
3.48262604610849e-10
4.87567646455188e-11
0.860000000006826
0.980400000000956
0.137256000000134
0.879215840000019
0.123090217600003
1.737232630464
1.10321256826496
1.01444975955709
3.58202296633799
3.08148321528732
1.29140765014022
0.180797071019631
1.74531158994275
1.10434362259198
1.01460810716288
1.8620451350028
0.260686318900392
0.896496084646055
1.84550945185045
1.11837132325906
2.73657198525627
2.96312007793588
1.27483681091102
0.178477153527543
2.60498680149386
0.36469815220914
2.63105774130928
2.0883480837833
0.292368731729662
0.900931622442153
1.8461304271419
1.97845825979987
1.13698415637198
1.01917778189208
1.86268488946489
2.84077588452509
1.25770862383351
2.75607920733669
1.24585108902714
2.7544191524638
0.385618681344932
1.77398661538829
1.10835812615436
2.73517013766161
2.10292381927263
1.15440933469817
2.74161730685774
3.82382642296008
3.11533569921441
5.59614699789002
2.5034605797046
0.350484481158644
0.90906782736221
1.84726949583071
3.6986177294163
2.23780648211828
1.17329290749656
1.02426100704952
2.72339654098693
2.96127551573817
2.99457857220334
0.419241000108468
5.21869374001519
1.59061712360213
0.222686397304298
1.7511760956226
2.82516465338716
3.8355230514742
3.97697322720639
4.85677625180889
4.97994867525325
4.99719281453545
3.27960699403496
3.0391449791649
0.425480297083085
2.63956724159163
5.52953941382283
0.774135517935196
0.968378972510927
1.85557305615153
1.11978022786121
0.15676923190057
1.74194769246608
1.96387267694525
4.57494217477234
1.50049190446813
1.93006886662554
2.85020964132758
1.25902934978586
1.03626410897002
5.3050769752558
3.32271077653581
3.90517950871501
2.2667251312201
2.03734151837081
2.86522781257191
0.401131893760068
1.77615846512641
1.9686621851177
1.99561270591648
0.279385778828307
1.75911400903596
3.68627596126503
2.2360786345771
2.89305100884079
2.98502714123771
6.43790379977328
2.62130653196826
3.80698291447556
3.11297760802658
3.87581686512372
2.26261436111732
2.03676601055643
2.0051472414779
0.280720613806906
1.75930088593297
3.68630212403062
4.81608229736429
4.114251521631
2.29599521302834
5.48143932982397
1.62740150617536
3.66783621086455
1.37349706952104
1.91228958973295
3.70772054256261
5.67908087595877
1.65507132263423
3.67170998516879
1.37403939792363
0.192365515709308
0.0269311721993032
1.7237703641079
1.96132785097511
1.99458589913651
1.13924202587911
4.45949388362308
5.78432914370723
5.10980608011901
0.715372851216662
4.40015219917033
3.19602130788385
1.30744298310374
0.183042017634523
0.885625882468833
0.123987623545637
1.73735826729639
5.40323015742149
1.61645222203901
2.80630331108546
2.97288246355196
2.13620354489727
3.73906849628562
1.38346958947999
1.9136857425272
0.267916003953808
1.75750824055353
1.10605115367749
1.87484716151485
4.56247860261208
2.35874700436569
2.0502245806112
2.86703144128557
1.26138440177998
2.7565938162492
2.96592313427489
5.57522923879848
2.50053209343179
2.07007449308045
1.14981042903126
3.60097346006438
1.36413628440901
1.91097907981726
1.12753707117442
2.73785518996442
4.68329972659502
3.2356619617233
0.452992674641262
0.923418974449777
0.989278656422969
1.85849901189922
1.98018986166589
2.85722658063322
0.400011721288652
1.77600164098041
1.10864022973726
0.155209632163216
0.0217293485028503
1.7230421087904
1.10122589523066
2.73417162533229
2.10278402754652
2.01438976385651
0.282014566939912
0.899482039371588
0.125927485512022
0.0176298479716831
0.00246817871603564
2.58034554502025
0.361248376302834
0.910574772682397
1.84748046817554
0.258647265544575
2.61621061717624
0.366269486404674
0.0512777280966543
1.72717888193353
0.241805043470694
0.893852706085897
0.985139378852026
0.997919513039284
0.9997087318255
1.85995922245557
0.26039429114378
0.896455200760129
0.125503728106418
0.0175705219348985
0.0024598730708858
0.000344382229924011
4.82135121893616e-05
0.860006749891706
0.980400944984839
0.137256132297877
0.0192158585217028
0.0026902201930384
0.000376630827025376
5.27283157835526e-05
0.86000738196421
0.120401033474989
0.876856144686499
0.12275986025611
1.73718638043586
0.24320609326102
0.0340488530565428
0.00476683942791599
0.000667357519908239
9.34300527871534e-05
1.30802073902015e-05
1.83122903462821e-06
2.56372064847949e-07
3.58920890787129e-08
5.0248924710198e-09
7.03484945942772e-10
9.84878924319881e-11
1.37883049404783e-11
1.93036269166697e-12
2.70250776833376e-13
3.78351087566726e-14
5.29691522593416e-15
7.41568131630783e-16
1.0381953842831e-16
1.45347353799633e-17
2.03486295319487e-18
2.84880813447282e-19
3.98833138826194e-20
5.58366394356672e-21
7.81712952099341e-22
1.09439813293908e-22
1.53215738611471e-23
2.14502034056059e-24
3.00302847678483e-25
4.20423986749876e-26
5.88593581449827e-27
8.24031014029758e-28
1.15364341964166e-28
1.61510078749833e-29
0.86
0.1204
0.016856
0.00235984
0.0003303776
0.860046252864
0.12040647540096
0.0168569065561344
0.00235996691785882
0.000330395368500234
4.62553515900328e-05
6.47574922260459e-06
9.06604891164643e-07
1.2692468476305e-07
1.7769455866827e-08
2.48772382135578e-09
3.48281334989809e-10
4.87593868985733e-11
0.860000000006826
0.120400000000956
0.876856000000134
0.982759840000019
0.137586377600003
0.0192620928640004
0.00269669300096005
0.860377537020134
0.980452855182819
0.997263399725595
0.999616875961583
0.139946362634622
1.73959249076885
1.96354294870764
0.274896012819069
0.0384854417946697
1.72538796185125
1.96155431465918
0.274617604052285
0.89844646456732
0.125782505039425
0.877609550705519
0.122865337098773
0.877201147193828
2.70280816060714
2.098393142485
1.1537750399479
4.46152850559271
0.624613990782979
0.087445958709617
0.0122424342193464
0.861713940790709
0.120639951710699
0.0168895932394979
0.00236454305352971
1.72033103602749
1.96084634504385
3.71451848830614
0.520032588362859
1.7928045623708
1.97099263873191
0.275938969422468
0.898631455719145
0.98580840380068
2.7180131765321
2.10052184471449
4.59407305826003
1.5031702281564
2.7904438319419
1.25066213647187
1.03509269910606
3.58491297787485
1.36188781690248
1.05066429436635
3.58709300121129
1.36219302016958
2.77070702282374
0.387898983195324
0.914305857647345
1.84800282007063
1.11872039480989
2.73662085527338
0.383126919738274
1.77363776876336
1.96830928762687
1.99556330026776
2.85937886203749
1.26031304068525
1.03644382569593
1.00510213559743
1.00071429898364
2.72010000185771
2.96081400026008
2.13451396003641
0.298831954405098
3.48183647361671
1.34745710630634
1.04864399488289
0.146810159283604
0.0205534222997046
2.58287747912196
1.22160284707707
0.17102439859079
1.74394341580271
4.54415207821238
1.49618129094973
5.36946538073296
3.33172515330261
2.18644152146237
1.16610181300473
2.74325425382066
3.82405559553489
5.69536778337489
1.65735148967248
1.09202920855415
1.87288408919758
2.84220377248766
0.397908528148273
3.49570719394076
2.20939900715171
2.88931586100124
1.26450422054017
1.03703059087562
5.30518428272259
2.46272579958116
0.344781611941363
0.908269425671791
0.987157719594051
0.998202080743167
0.999748291304043
2.71996476078257
2.10079506650956
1.15411130931134
1.02157558330359
1.8630205816625
0.26082288143275
1.75651520340059
2.82591212847608
2.11562769798665
2.01618787771813
1.14226630288054
1.01991728240328
1.86278841953646
1.1207903787351
0.156910653022915
0.881967491423208
0.123475448799249
2.59728656283189
2.08362011879647
0.291706816631505
1.76083895432841
1.10651745360598
2.73491244350484
1.24288774209068
0.174004283892695
0.884360599744977
1.8438104839643
0.258133467755002
0.8961386854857
0.125459415967998
0.0175643182355197
0.862459004552973
0.120744260637416
0.876904196489238
0.982766587508493
1.85758732225119
4.56006222511517
0.638408711516123
0.0893772196122573
1.73251281074572
0.2425517935044
1.75395725109062
1.10555401515269
2.73477756212138
1.24286885869699
1.89400164021758
1.98516022963046
3.71792243214826
1.38050914050076
3.63327127967011
3.94865797915381
2.27281211708153
4.61819369639141
4.9465471174948
2.41251659644927
1.1977523235029
1.88768532529041
1.12427594554066
4.45739863237569
4.0640358085326
2.28896501319456
1.18045510184724
3.60526371425861
2.22473691999621
1.17146316879947
1.02400484363193
1.00336067810847
2.72047049493519
4.68086586929093
1.51532122170073
2.7921449710381
1.25090029594533
3.61512604143235
1.36611764580053
0.191256470412074
0.88677590585769
4.42414862682008
4.91938080775481
2.40871331308567
1.19721986383199
1.02761078093648
1.00386550933111
2.72054117130636
1.24087576398289
0.173722606957605
1.74432116497406
0.244204963096369
0.0341886948334917
1.72478641727669
1.96147009841874
0.274605813778623
0.898444813929007
0.125782273950061
0.0176095183530085
0.0024653325694212
0.000345146559718968
4.83205183606555e-05
6.76487257049177e-06
0.86000094708216
1.8404001325915
0.25765601856281
0.896071842598793
0.985450057963831
0.997963008114936
0.139714821136091
1.73956007495905
0.243538410494267
0.0340953774691974
0.00477335284568764
0.860668269398396
0.980493557715776
0.137269098080209
0.0192176737312292
0.00269047432237209
0.000376666405132093
5.2733296718493e-05
7.38266154058902e-06
1.03357261568246e-06
1.44700166195545e-07
2.02580232673763e-08
2.83612325743268e-09
3.97057256040575e-10
5.55880158456805e-11
0.860000000007782
0.12040000000109
0.0168560000001525
0.00235984000002136
0.00033037760000299
0.860046252864
0.12040647540096
0.0168569065561344
0.00235996691785882
0.000330395368500235
4.62553515900328e-05
6.4757492226046e-06
9.06604891164644e-07
1.2692468476305e-07
1.7769455866827e-08
2.48772382135578e-09
3.4828133498981e-10
4.87593868985734e-11
6.82631416580027e-12
9.55683983212038e-13
1.33795757649685e-13
1.8731406070956e-14
2.62239684993383e-15
3.67135558990737e-16
5.13989782587031e-17
7.19585695621844e-18
0.86
0.1204
0.016856
0.00235984
0.0003303776
4.6252864e-05
6.47540096e-06
9.06556134400001e-07
1.26917858816e-07
1.776850023424e-08
2.4875900327936e-09
3.48262604591104e-10
4.87567646427546e-11
6.82594704998565e-12
9.55632586997991e-13
0.860000000000134
0.120400000000019
0.876856000000003
0.98275984
0.9975863776
0.139662092864
0.01955269300096
0.0027373770201344
0.000383232782818816
5.36525895946343e-05
7.5113625432488e-06
1.05159075605483e-06
1.47222705847676e-07
2.06111788186747e-08
3.44000000288557
0.481600000403979
0.927424000056557
0.129839360007918
0.0181775104011085
0.00254485145615519
0.000356279203861727
4.98790885406418e-05
0.860006983072396
0.120400977630135
0.016856136868219
0.00235985916155065
0.000330380282617092
0.860046253239566
0.120406475453539
1.7368569065635
3.68315996691889
1.37564239536864
1.05258993535161
1.00736259094923
0.141030762732892
0.0197443067826048
0.862764202949565
0.120786988412939
0.876910178377811
2.70276742497289
0.378387439496205
2.63297424152947
2.94861639381413
2.13280629513398
1.15859288131876
1.02220300338463
1.00310842047385
0.140435178866339
0.0196609250412874
0.00275252950578024
0.000385354130809233
5.39495783132927e-05
1.72000755294096
1.96080105741173
0.274512148037643
0.89843170072527
2.70578043810154
2.09880926133422
2.01383329658679
1.14193666152215
1.8798711326131
1.12318195856583
1.87724547419922
1.12281436638789
1.8771940112943
1.1228071615812
0.157193002621368
0.0220070203669916
0.863080982851379
0.980831337599193
1.85731638726389
0.260024294216944
0.896403401190372
3.56549647616665
2.21916950666333
3.75068373093287
1.3850957223306
1.05391340112628
1.86754787615768
2.84145670266208
0.397803938372691
5.21569255137218
1.5901969571921
1.94262757400689
0.271967860360965
3.47807550045054
2.20693057006307
2.88897027980883
2.12445583917324
2.87742381748425
2.1228393344478
2.87719750682269
2.12280765095518
0.297193071133725
0.0416070299587215
0.865824984194221
0.121215497787191
1.73697016969021
0.243175823756629
3.47404461532593
3.06636624614563
1.28929127446039
1.04050077842445
1.00567010897942
0.140793815257119
0.879711134135997
0.12315955877904
1.73724233822907
1.96321392735207
3.71484994982929
0.520078992976101
1.79281105901665
0.250993548262332
0.895139096756726
2.70531947354594
2.95874472629643
0.414224261681501
1.77799139663541
1.96891879552896
1.99564863137405
1.13939080839237
0.159514713174931
0.88233205984449
0.123526488378229
2.59729370837295
0.363621119172213
0.91090695668411
3.56752697393578
3.93945377635101
2.27152352868914
2.03801329401648
2.00532186116231
0.280745060562723
1.75930430847878
0.246302603187029
0.894482364446184
1.84522753102247
0.258331854343145
2.61616645960804
0.366263304345126
1.77127686260832
1.10797876076516
0.155117026507123
4.321716383711
2.32504029371954
2.90550564112074
1.2667707897569
5.33734791056597
1.60722870747924
1.94501201904709
0.272301682666593
1.75812223557332
2.82613711298027
2.11565919581724
1.15619228741441
1.02186692023802
2.72306136883332
2.96122859163667
4.71457200282913
3.24004008039608
3.03360561125545
3.00470478557576
1.28065866998061
1.03929221379728
0.14550090993162
0.880370127390427
1.84325181783466
1.97805525449685
2.85692773562956
2.11996988298814
2.87679578361834
0.402751409706568
5.21638519735892
1.59029392763025
0.222641149868235
0.891169760981553
0.984763766537417
0.137866927315238
0.0193013698241334
4.30270219177538
2.32237830684855
0.325132962958798
4.34551861481423
1.46837260607399
1.06557216485036
1.86918010307905
1.12168521443107
3.59703593002035
3.94358503020285
2.2721019042284
1.17809426659198
1.88493319732288
2.8438906476252
0.398144690667528
0.915740256693454
0.128203635937084
2.59794850903119
1.22371279126437
1.03131979077701
1.00438477070878
1.00061386789923
1.00008594150589
0.140012031810825
1.73960168445352
1.10354423582349
1.87449619301529
1.98242946702214
1.1375401253831
0.159255617553634
0.882295786457509
1.84352141010405
1.11809299741457
0.156533019638039
0.0219146227493255
0.863068047184906
0.980829526605887
0.997316133724824
0.999624258721475
0.999947396221007
0.139992635470941
0.0195989689659317
1.72274385565523
0.241184139791732
0.893765779570842
0.985127209139918
0.137917809279589
0.0193084932991424
1.72270318906188
0.241178446468663
0.0337649825056128
0.864727097550786
0.12106179365711
0.0169486511119954
0.862372811155679
0.980732193561795
0.997302507098651
0.139622350993811
0.0195471291391336
0.0027365980794787
0.000383123731127018
5.36373223577825e-05
7.50922513008955e-06
1.05129151821254e-06
0.860000147180813
0.980400020605314
0.137256002884744
0.0192158404038642
0.00269021765654098
0.000376630471915737
5.27282660682033e-05
7.38195724954846e-06
1.72000103347402
1.10080014468636
0.154112020256091
0.0215756828358527
0.00302059559701938
0.000422883383582713
5.92036737015798e-05
8.28851431822117e-06
0.860001160392005
0.120400162454881
0.0168560227436833
0.00235984318411566
0.000330378045776193
4.6252926408667e-05
6.47540969721338e-06
9.06557357609873e-07
1.26918030065382e-07
1.77685242091535e-08
2.48759338928149e-09
3.48263074499409e-10
4.87568304299172e-11
6.82595626018841e-12
9.55633876426378e-13
1.33788742699693e-13
1.8730423977957e-14
0.860000000000003
0.1204
0.0168560000000001
0.00235984000000001
0.000330377600000001
4.62528640000002e-05
6.47540096000002e-06
9.06556134400003e-07
1.26917858816e-07
1.77685002342401e-08
2.48759003279361e-09
3.48262604591105e-10
0.860000000048757
0.120400000006826
0.0168560000009556
0.00235984000013379
0.000330377600018731
4.62528640026223e-05
6.47540096036712e-06
9.06556134451397e-07
0.860000126917859
0.1204000177685
0.01685600248759
0.0023598403482626
0.860330377648757
0.980446252870826
0.137262475401916
0.0192167465562682
0.00269034451787755
0.000376648232502857
5.27307525503999e-05
0.860007382305357
0.12040103352275
0.016856144693185
0.0023598602570459
0.000330380435986426
4.62532610380997e-05
0.860006475456545
0.980400906563916
0.997256126918948
0.139615857768653
0.0195462200876114
1.72273647081227
1.10118310591372
0.15416563482792
0.881583188875909
1.84342164644263
1.97807903050197
0.276931064270276
0.898770348997839
0.985827848859697
0.138015898840358
0.0193222258376501
0.00270511161727101
1.72037871562642
5.4008530201877
2.47611942282628
0.346656719195679
0.0485319406873951
0.00679447169623531
0.860951226037473
0.120533171645246
5.17687464403033
4.16476245016425
4.02306674302299
3.14322934402322
1.30005210816325
2.76200729514286
1.24668102132
0.1745353429848
0.024434948017872
3.4434208927225
1.34207892498115
1.90789104949736
2.84710474692963
0.398594664570148
0.0558032530398208
0.867812455425575
0.981493743759581
2.71740912412634
2.96043727737769
2.13446121883288
2.0188245706366
2.86263543988912
2.12076896158448
1.15690765462183
2.74196707164706
1.24387539003059
0.174142554604282
2.6043799576446
4.66461319407024
0.653045847169834
1.81142641860378
2.83359969860453
2.97670395780463
4.71673855409265
2.38034339757297
2.05324807566022
4.58745473059243
4.08224366228294
1.43151411271961
3.64041197578075
2.2296576766093
3.7521520747253
2.24530129046154
0.314342180664616
2.62400790529305
3.80736110674103
0.533030554943744
1.79462427769212
1.9712473988769
2.85597463584277
1.25983644901799
3.61637710286252
2.22629279440075
2.03168099121611
1.14443533877025
1.02022094742784
9.6028309326399
3.92439633056959
2.26941548627974
1.17771816807916
2.74488054353108
3.82428327609435
1.39539965865321
2.77535595221145
1.2485498333096
1.03479697666334
0.144871576732868
1.7402820207426
3.68363948290396
2.23570952760655
4.61299933386492
4.08581990674109
1.43201478694375
1.06048207017213
0.148467489824098
0.0207854485753737
0.862909962800552
0.980807394792077
1.85731303527089
1.98002382493792
1.99720333549131
1.13960846696878
0.15954518537563
0.882336325952588
0.983527085633362
1.85769379198867
3.70007713087841
1.37801079832298
1.05292151176522
2.72740901164713
1.2418372616306
1.03385721662828
1.00474001032796
1.86066360144591
1.12049290420243
0.15686900658834
1.74196166092237
1.10387463252913
1.01454244855408
0.142035942797571
0.87988503199166
1.84318390447883
1.11804574662704
1.01652640452779
0.14231369663389
0.0199239175287446
0.862789348454024
0.980790508783563
3.5773106712297
1.36082349397216
0.190515289156102
1.74667214048185
1.96453409966746
3.71503477395344
1.38010486835348
2.77321468156949
2.10825005541973
2.01515500775876
3.72212170108623
2.24109703815207
2.03375358534129
4.58472550194778
0.641861570272689
0.0898606198381765
0.872580486777345
2.70216126814883
0.378302577540836
4.35296236085572
2.3294147305198
2.90611806227277
0.406856528718188
1.77695991402055
0.248774387962877
0.894828414314803
0.985275978004072
1.85793863692057
2.84011140916888
1.25761559728364
5.33606618361971
2.46704926570676
0.345386897198946
2.62835416560785
1.2279695831851
2.75191574164591
0.385268203830428
2.63393754853626
0.368751256795076
3.49162517595131
1.34882752463318
1.90883585344865
0.26723701948281
0.0374131827275935
0.865237845581863
1.84113329838146
1.9777586617734
0.276886212648277
3.47876406977076
2.20702696976791
1.16898377576751
3.60365772860745
1.36451208200504
2.77103169148071
0.387944436807299
0.914312221153022
1.84800371096142
0.258720519534599
0.0362208727348439
1.72507092218288
1.9615099291056
0.274611390074784
0.89844559461047
0.125782383245466
0.877609533654365
0.982865334711611
1.85760114685963
1.12006416056035
1.01680898247845
1.00235325754698
0.140329456056578
0.0196461238479209
0.00275045733870892
0.860385064027419
0.120453908963839
0.0168635472549374
1.72236089661569
0.241130525526197
0.893758273573668
0.985126158300313
0.997917662162044
0.139708472702686
0.0195591861783761
0.00273828606497265
0.000383360049096171
0.860053670406873
0.120407513856962
0.0168570519399747
0.00235998727159646
0.000330398218023505
0.860046255750523
1.84040647580507
0.25765690661271
0.0360719669257794
0.00505007536960912
0.000707010551745277
9.89814772443388e-05
1.38574068142074e-05
1.94003695398904e-06
2.71605173558466e-07
0.860000038024724
0.120400005323461
0.876856000745285
0.12275984010434
0.0171863776146076
0.00240609286604506
0.000336853001246309
4.71594201744832e-05
6.60231882442765e-06
9.24324635419871e-07
1.29405448958782e-07
1.81167628542295e-08
2.53634679959213e-09
3.55088551942898e-10
4.97123972720057e-11
0.86000000000696
0.120400000000974
0.0168560000001364
0.0023598400000191
0.860330377600003
1.840446252864
0.25766247540096
0.0360727465561344
0.00505018451785882
0.000707025832500235
9.89836165500329e-05
1.38577063170046e-05
1.94007888438064e-06
2.7161104381329e-07
3.80255461338606e-08
5.32357645874049e-09
7.45300704223669e-10
1.04342098591314e-10
1.46078938027839e-11
2.04510513238975e-12
2.86314718534565e-13
0.86000000000004
0.120400000000006
0.0168560000000008
0.00235984000000011
0.000330377600000016
4.62528640000022e-05
6.4754009600003e-06
9.06556134400043e-07
0.860000126917859
0.1204000177685
0.01685600248759
0.862359840348263
0.120730377648757
0.016902252870826
0.00236631540191563
0.000331284156268189
4.63797818775464e-05
6.4931694628565e-06
9.0904372479991e-07
0.860000127266121
0.980400017817257
0.137256002494416
3.45921584034922
0.484290217648891
0.927800630470845
0.129892088265918
0.878184892357229
0.122945884930012
0.0172124238902017
0.862409739344628
0.980737363508248
0.137303230891155
0.0192224523247617
0.862691143325467
2.70077676006557
0.378108746409179
2.63293522449729
0.36861093142962
0.911605530400147
0.987624774256021
0.998267468395843
0.999757445575418
0.139966042380559
0.0195952459332782
0.00274333443065895
0.000384066820292253
1.72005376935484
1.10080752770968
0.154113053879355
1.74157582754311
1.96382061585604
0.274934886219845
0.898490884070778
1.84578872376991
1.97841042132779
2.85697745898589
2.97997684425802
1.27719675819612
2.75880754614746
1.24623305646064
0.17447262790449
1.74442616790663
1.96421966350693
0.27499075289097
2.61849870540474
1.22658981875666
1.89172257462593
1.12484116044763
1.01747776246267
2.72244688674477
2.10114256414427
3.7341599589802
0.522782394257228
0.933189535196012
0.990646534927442
0.138690514889842
0.0194166720845779
1.72271833409184
1.10118056677286
0.1541652793482
0.881583139108748
1.84342163947522
1.11807902952653
0.156531064133714
2.60191434897872
2.08426800885702
0.291797521239983
0.900851652973598
1.8461192314163
1.97845669239828
0.27698393693576
0.0387777511710063
0.00542888516394089
0.860760043922952
0.120506406149213
0.87687089686089
0.122761925560525
1.73718666957847
3.68320613374099
0.515648858723738
1.79219084022132
2.83090671763099
1.25632694046834
1.89588577166557
2.84542400803318
1.25835936112465
3.61617031055745
1.36626384347804
1.91127693808693
1.12757877133217
0.157861027986504
0.882100543918111
1.84349407614854
3.69808917066079
1.37773248389251
0.192882547744952
1.74700355668429
2.8245804979358
2.11544126971101
2.87616177775954
1.26266264888634
2.75677277084409
2.96594818791817
0.415232746308544
0.918132584483196
0.988538561827647
0.138395398655871
0.879375355811822
1.84311254981366
1.11803575697391
1.87652500597635
1.12271350083669
2.73717989011714
1.2432051846164
1.8940487258463
0.265166821618481
0.0371233550265874
0.00519726970372224
1.72072761775852
1.96090186648619
0.274526261308067
0.898433676583129
0.985780714721638
0.998009300061029
0.999721302008544
1.8599609822812
1.12039453751937
0.156855235252711
0.88195973293538
0.983474362610953
0.997686410765533
0.999676097507175
0.999954653651004
0.999993651511141
0.99999911121156
0.999999875569618
0.139999982579747
0.879599997561164
0.983143999658563
0.997640159952199
2.71966962239331
1.24075374713506
1.03370552459891
1.00471877344385
0.140660628282139
0.879692487959499
0.98315694831433
0.997641972764006
1.85966987618696
0.260353782666175
0.896449529573264
0.985502934140257
0.137970410779636
0.019315857509149
1.72270422005128
1.10117859080718
1.87416500271301
1.98238310037982
1.13753363405317
1.01925470876744
0.142695659227442
0.0199773922918419
0.00279683492085787
0.86039155688892
3.56045481796445
3.07846367451502
0.430984914432103
0.0603378880204945
1.72844730432287
0.241982622605202
0.0338775671647282
0.00474285940306195
0.000664000316428674
1.7200929600443
1.1008130144062
0.154113822016868
0.0215759350823616
0.863020630911531
0.980822888327614
0.997315204365866
2.71962412861122
1.24074737800557
0.17370463292078
0.0243186486089092
0.00340461080524729
0.00047664551273462
6.67303717828469e-05
9.34225204959856e-06
1.3079152869438e-06
1.83108140172132e-07
0.86000002563514
0.12040000358892
0.0168560005024487
1.72235984007034
1.10113037760985
1.01415825286538
0.141982155401153
0.0198775017561614
0.0027828502458626
0.000389599034420764
5.4543864818907e-05
7.63614107464698e-06
1.06905975045058e-06
1.49668365063081e-07
2.09535711088313e-08
2.93349995523638e-09
4.10689993733094e-10
5.74965991226331e-11
0.86000000000805
