1
0.33
0.1089
0.035937
0.68185921
0.8950135393
0.295354467969
0.09746697442977
0.0321641015618241
0.0106141535154019
0.00350267066008264
0.00115588131782727
0.670381440834883
0.221225875475511
0.0730045389069187
0.0240914978392832
0.00795019428696345
0.00262356411469794
0.000865776157850319
0.000285706132090605
9.42830235898998e-05
3.11133977846669e-05
1.02674212689401e-05
3.38824901875023e-06
1.11812217618757e-06
3.689803181419e-07
1.21763504986827e-07
4.01819566456529e-08
1.32600456930654e-08
4.3758150787116e-09
1.44401897597483e-09
4.76526262071693e-10
1.57253666483659e-10
0.670000000051894
0.221100000017125
0.0729630000056512
0.0240777900018649
0.00794567070061541
0.00262207133120309
0.000865283539297019
0.000285543567968016
9.42293774294453e-05
3.10956945517169e-05
1.02615792020666e-05
3.38632113668197e-06
1.11748597510505e-06
3.68770371784667e-07
1.2169422268894e-07
4.01590934873502e-08
1.32525008508256e-08
4.37332528077244e-09
1.4431973426549e-09
4.76255123076118e-10
1.57164190615119e-10
5.18641829029893e-11
1.71151803579865e-11
5.64800951813553e-12
1.86384314098472e-12
6.15068236524959e-13
2.02972518053236e-13
6.6980930957568e-14
2.21037072159974e-14
7.29422338127916e-15
2.40709371582212e-15
7.943409262213e-16
2.62132505653029e-16
8.65037268654995e-17
0.67
0.2211
0.072963
0.02407779
0.0079456707
0.002622071331
0.000865283539229999
0.0002855435679459
9.42293774221469e-05
3.10956945493085e-05
1.02615792012718e-05
3.38632113641969e-06
1.1174859750185e-06
3.68770371756104e-07
1.21694222679514e-07
4.01590934842398e-08
1.32525008497991e-08
4.37332528043371e-09
1.44319734254312e-09
4.76255123039231e-10
1.57164190602946e-10
5.18641828989722e-11
1.71151803566608e-11
5.64800951769807e-12
1.86384314084036e-12
6.1506823647732e-13
0.670000000000203
0.221100000000067
0.0729630000000221
0.0240777900000073
0.677945670700002
0.223722071331001
0.0738282835392303
0.694363333567946
0.229139900077422
0.0756161670255493
0.0249533351184313
0.00823460058908232
0.00271741819439716
0.000896748004151064
0.000295926841369851
9.76558576520508e-05
3.22264330251768e-05
1.06347228983083e-05
3.50945855644175e-06
1.15812132362578e-06
0.670000382180037
0.891100126119412
0.294063041619406
0.097040803734404
0.0320234652323533
0.0105677435266766
0.00348735536380327
0.671150827270055
0.221479772999118
0.073088325089709
0.024119147279604
0.00795931860226931
0.00262657513874887
0.000866769795787127
0.67028603403261
0.891194391230761
0.294094149106151
0.0970510692050299
0.0320268528376599
0.0105688614364278
0.00348772427402116
0.00115094901042698
0.000379813173440904
0.000125338347235498
4.13616545877144e-05
1.36493460139458e-05
4.5042841846021e-06
1.48641378091869e-06
0.670000490516548
0.221100161870461
0.072963053417252
0.0240778076276932
0.00794567651713874
0.672622073250656
0.221965284172716
0.0732485437769964
0.0241720194464088
0.00797676641731491
0.672632332917714
0.221968669862846
0.743249661054739
0.245272388148064
0.750939888088861
0.247810163069324
0.081777353812877
0.0269865267582494
0.0089055538302223
0.00293883276397336
0.000969814812111208
0.000320038887996699
0.000105612833038911
0.670034852234903
1.56111150123752
0.515166795408381
0.840005042484766
1.61720166401997
0.533676549126591
0.176113261211775
0.0581173761998857
0.689178734145962
0.227428982268168
0.745051564148495
0.245867016169003
0.0811361153357711
0.696774918060804
0.229935722960065
0.0758787885768216
0.0250400002303511
0.00826320007601587
0.00272685602508524
0.000899862488278128
0.000296954621131782
9.79950249734881e-05
3.23383582412511e-05
1.06716582196129e-05
3.52164721247224e-06
1.16214358011584e-06
3.83507381438227e-07
1.26557435874615e-07
4.17639538386229e-08
0.670000013782105
0.221100004548095
0.0729630015008712
0.0240777904952875
0.677945670863445
0.223722071384937
0.0738282835570291
0.0243633335738196
0.00803990007936047
0.672653167026189
0.221975545118642
0.073251929889152
0.0241731368634201
0.00797713516492865
0.00263245460442645
0.000868710019460729
0.000286674306422041
9.46025211192734e-05
3.12188319693602e-05
1.03022145498889e-05
0.670003399730801
0.221101121911164
0.0729633702306843
0.0240779121761258
0.00794571101812151
0.0026220846359801
0.000865287929873433
0.000285545016858233
9.42298555632168e-05
3.10958523358615e-05
1.02616312708343e-05
3.38633831937532e-06
1.11749164539386e-06
3.68772242979972e-07
1.21694840183391e-07
4.0159297260519e-08
1.32525680959713e-08
4.37334747167052e-09
0.670000001443205
0.221100000476258
0.072963000157165
0.0240777900518644
0.00794567071711526
0.672622071336648
0.221965283541094
0.073248543568561
0.0241720193776251
0.677976766394616
0.223732332910223
0.0738316698603737
0.694364451053923
0.899140268847795
0.296716288719772
0.0979163752775248
0.0323124038415832
0.0106630932677225
0.00351882077834841
0.00116121085685497
0.000383199582762142
0.000126455862311507
4.17304345627972e-05
1.37710434057231e-05
4.54444432388861e-06
0.670001499666627
0.891100494889987
0.294063163313696
0.0970408438935196
0.0320234784848615
0.0105677479000043
0.00348735680700141
0.00115082774631047
0.000379773156282454
0.00012532514157321
4.13572967191592e-05
1.36479079173225e-05
4.50380961271643e-06
1.48625717219642e-06
4.9046486682482e-07
1.6185340605219e-07
5.34116239972228e-08
1.76258359190835e-08
5.81652585329757e-09
1.9194535315882e-09
6.33419665424105e-10
2.09028489589955e-10
6.8979401564685e-11
2.2763202516346e-11
7.51185683039419e-12
2.47891275403008e-12
8.18041208829927e-13
2.69953598913876e-13
8.90846876415791e-14
2.93979469217211e-14
9.70132248416796e-15
3.20143641977543e-15
1.05647401852589e-15
3.48636426113544e-16
1.15050020617469e-16
0.67
0.2211
0.072963
0.02407779
0.0079456707
0.002622071331
0.000865283539229999
0.0002855435679459
9.42293774221469e-05
3.10956945493085e-05
1.02615792012718e-05
3.38632113641969e-06
1.1174859750185e-06
3.68770371756104e-07
1.21694222679514e-07
4.01590934842398e-08
1.32525008497991e-08
0.670000004373325
0.221100001443197
0.742963000476255
0.245177790157164
0.0809086707518642
0.0266998613481152
0.00881095424487801
0.00290761490080974
0.000959512917267215
0.000316639262698181
0.0001044909566904
3.44820157078319e-05
1.13790651835845e-05
3.75509151058289e-06
0.670001239180198
0.221100408929465
0.0729631349467236
0.0240778345324188
0.0079456853956982
0.00262207618058041
0.000865285139591534
0.000285544096065206
9.4229551701518e-05
3.10957520615009e-05
1.02615981802953e-05
3.38632739949745e-06
1.11748804183416e-06
3.68771053805272e-07
1.2169444775574e-07
4.01591677593941e-08
0.670000013252525
0.221100004373333
0.0729630014432
0.024077790476256
0.00794567085716448
0.00262207138286428
0.000865283556345212
0.00028554357359392
9.42293792859935e-05
3.10956951643779e-05
1.02615794042447e-05
3.38632120340075e-06
1.11748599712225e-06
3.68770379050341e-07
1.21694225086613e-07
4.01590942785822e-08
1.32525011119321e-08
0.670000004373325
0.221100001443197
0.0729630004762551
0.0240777901571642
0.00794567075186418
0.00262207134811518
0.000865283544878009
0.000285543569809743
9.42293780372152e-05
3.1095694752281e-05
1.02615792682527e-05
3.3863211585234e-06
1.11748598231272e-06
3.68770374163198e-07
1.21694223473855e-07
4.01590937463723e-08
1.32525009363028e-08
4.37332530897994e-09
1.44319735196338e-09
4.76255126147915e-10
1.57164191628812e-10
5.1864183237508e-11
1.71151804683776e-11
5.64800955456462e-12
1.86384315300632e-12
6.15068240492086e-13
2.02972519362389e-13
6.69809313895882e-14
2.21037073585641e-14
0.670000000000007
0.221100000000002
0.0729630000000008
0.0240777900000003
0.00794567070000008
0.00262207133100003
0.000865283539230009
0.000285543567945903
9.42293774221479e-05
3.10956945493088e-05
0.670010261579201
0.221103386321136
0.072964117485975
0.0240781587703717
0.00794579239422268
0.00262211149009348
0.000865296791730849
0.00028554794127118
9.42308206194894e-05
3.10961708044315e-05
1.02617363654624e-05
0.670003386373001
0.22110111750309
0.0729633687760197
0.0240779116960865
0.00794571085970855
0.00262208458370382
0.000865287912622261
0.000285545011165346
9.42298536845642e-05
3.10958517159062e-05
1.0261631066249e-05
3.38633825186218e-06
1.11749162311452e-06
0.670000368772236
0.221100121694838
0.0729630401592964
0.0240778032525678
0.677945675073347
0.223722072774205
0.0738282840154875
0.0243633337251109
0.678039900129287
0.223753167042665
0.743838545124079
0.245466719890946
0.0810040175640122
0.026731325796124
0.678821337512721
0.224011041379198
0.743923643655135
0.915494802406195
0.302113284794044
0.0996973839820346
0.702900136714071
0.231957045115644
0.746545824888162
0.246360122213094
0.751298840330321
0.247928617309006
0.0818164437119719
0.0269994264249507
0.00890981072023374
0.00294023753767713
0.000970278387433454
0.00032019186785304
0.000105663316391503
3.4868894409196e-05
1.15067351550347e-05
3.79722260116145e-06
1.25308345838328e-06
4.13517541266481e-07
1.36460788617939e-07
4.50320602439198e-08
1.48605798804935e-08
0.670000004903991
0.221100001618317
0.0729630005340446
0.0240777901762347
0.677945670758157
0.223722071350192
0.0738282835455633
0.0243633335700359
0.00803990007811185
0.00265316702577691
0.00087554511850638
0.670288929889107
0.221195346863405
0.0729944644649237
0.0240881732734248
0.00794909718023019
0.00262320206947596
0.000865656682927068
0.670285666705366
0.221194270012771
0.0729941091042143
0.0240880560043907
0.00794905848144894
0.00262318929887815
0.000865652468629789
0.00028566531464783
9.4269553833784e-05
3.11089527651487e-05
0.670010265954412
0.221103387764956
0.742964117962436
0.245178158927604
0.0809087924461092
0.026699901507216
0.00881096749738129
0.00290761927413583
0.000959514360464822
0.000316639738953391
0.000104491113854619
3.44820675720243e-05
1.1379082298768e-05
0.670003755097159
0.221101239182062
0.0729634089300806
0.0240779249469266
0.00794571523248577
0.0026220860267203
0.670865288388818
0.89138554516831
0.294157229905542
0.0970718858688289
0.702033722336714
0.231671128371115
0.0764514723624681
0.695228985879614
0.899425565340273
0.96681043656229
0.989047444065556
0.996385656541633
0.328807266658739
0.108506397997384
1.37580711133914
0.454016346741915
0.149825394424832
0.0494423801601945
0.0163159854528642
0.00538427519944519
0.00177681081581691
0.000586347569219581
0.000193494697842462
6.38532502880123e-05
2.10715725950441e-05
6.95361895636454e-06
2.2946942556003e-06
7.57249104348098e-07
2.49892204434872e-07
8.24644274635079e-08
2.72132610629576e-08
8.980376150776e-09
2.96352412975608e-09
9.77962962819506e-10
3.22727777730437e-10
1.06500166651044e-10
3.51450549948446e-11
1.15978681482987e-11
3.82729648893858e-12
0.670000000001263
0.891100000000417
0.294063000000138
0.0970407900000454
0.032023460700015
0.0105677420310049
0.00348735487023163
0.00115082710717644
0.000379772945368224
0.000125325071971514
4.13572737505996e-05
1.36479003376979e-05
4.5038071114403e-06
1.4862563467753e-06
0.670000490464594
0.221100161853316
0.0729630534115943
0.0240778076258261
0.00794567651652262
0.00262207325045246
0.000865284172649313
0.000285543776974273
9.42294464015102e-05
3.10957173124984e-05
0.670010261586713
0.221103386323615
0.072964117486793
0.0240781587706417
0.00794579239431176
0.00262211149012288
0.00086529679174055
0.000285547941274382
9.42308206205459e-05
3.10961708047802e-05
1.02617363655774e-05
3.38637300064056e-06
1.11750309021138e-06
3.68776019769757e-07
1.2169608652402e-07
4.01597085529265e-08
1.32527038224657e-08
4.37339226141369e-09
1.44321944626652e-09
4.76262417267951e-10
0.670000000157167
0.221100000051865
0.0729630000171154
0.0240777900056481
0.00794567070186387
0.00262207133161508
0.000865283539432975
0.000285543568012882
9.4229377444251e-05
3.10956945566028e-05
1.02615792036789e-05
3.38632113721405e-06
1.11748597528063e-06
3.68770371842609e-07
1.21694222708061e-07
4.01590934936602e-08
1.32525008529079e-08
4.37332528145959e-09
1.44319734288166e-09
4.76255123150949e-10
1.57164190639813e-10
5.18641829111384e-11
1.71151803606757e-11
5.64800951902297e-12
1.86384314127758e-12
6.15068236621601e-13
2.02972518085128e-13
6.69809309680923e-14
2.21037072194705e-14
7.29422338242525e-15
2.40709371620033e-15
7.9434092634611e-16
2.62132505694216e-16
8.65037268790914e-17
2.85462298701001e-17
9.42025585713305e-18
3.10868443285391e-18
1.02586586284179e-18
3.3853573473779e-19
1.11716792463471e-19
3.68665415129453e-20
1.2165958699272e-20
4.01476637075975e-21
1.32487290235072e-21
4.37208057775736e-22
1.44278659065993e-22
4.76119574917777e-23
1.57119459722866e-23
5.18494217085459e-24
1.71103091638201e-24
5.64640202406064e-25
1.86331266794001e-25
6.14893180420204e-26
2.02914749538667e-26
6.69618673477602e-27
2.20974162247609e-27
7.29214735417108e-28
2.40640862687646e-28
7.94114846869231e-29
2.62057899466846e-29
8.64791068240592e-30
2.85381052519395e-30
9.41757473314004e-31
3.10779966193621e-31
1.02557388843895e-31
3.38439383184854e-32
1.11684996451002e-32
3.68560488288306e-33
1.21624961135141e-33
4.01362371745965e-34
1.32449582676168e-34
4.37083622831355e-35
1.44237595534347e-35
4.75984065263346e-36
1.57074741536904e-36
5.18346647071784e-37
1.71054393533689e-37
5.64479498661172e-38
1.86278234558187e-38
6.14718174042016e-39
2.02856997433865e-39
6.69428091531756e-40
2.20911270205479e-40
7.29007191678082e-41
2.40572373253767e-41
7.93888831737431e-42
2.61983314473352e-42
8.64544937762062e-43
2.85299829461481e-43
9.41489437222886e-44
3.10691514283552e-44
1.02528199713572e-44
3.38343059054788e-45
1.1165320948808e-45
3.68455591310664e-46
1.21590345132519e-46
4.01248138937313e-47
1.32411885849313e-47
4.36959223302734e-48
1.44196543689902e-48
4.75848594176677e-49
0.67
0.2211
0.072963
0.02407779
0.0079456707
0.002622071331
0.000865283539229999
0.0002855435679459
9.42293774221469e-05
0.670031095694549
0.221110261579201
0.0729663863211364
0.024078907485975
0.00794603947037175
0.672622193025223
0.221965323698323
0.0732485568204467
0.0241720237507474
0.00797676783774665
0.00263233338645639
0.00086867001753061
0.000286661105785101
0.670094598164909
0.22113121739442
0.0729733017401586
0.0240811895742523
0.677946792559503
0.893722441544636
0.29492840570973
0.0973263738842109
0.0321177033817896
0.0105988421159906
0.00349761789827688
0.671154213906431
0.221480890589122
0.0730886938944104
0.0241192689851554
0.00795935876510129
0.672626588392483
0.22196677416952
0.0732490354759414
0.0241721817070607
0.00797681996333002
0.00263235058789891
0.000868675694006639
0.000286662979022191
9.4598783077323e-05
3.12175984155166e-05
1.03018074771205e-05
3.39959646744975e-06
1.12186683425842e-06
3.70216055305278e-07
1.22171298250742e-07
4.03165284227448e-08
1.33044543795058e-08
4.3904699452369e-09
1.44885508192818e-09
4.78122177036299e-10
1.57780318421979e-10
1.34000000005207
0.442200000017182
0.81592600000567
0.269255580001871
0.0888543414006175
0.0293219326622038
0.00967623777852724
0.00319315846691399
0.00105374229408162
0.000347734957046933
0.670114752535826
0.221137868336822
0.0729754965511514
0.0240819138618799
0.00794703157442038
0.00262252041955873
0.670865431738454
0.22138559247369
0.0730572455163177
0.0241088910203848
0.00795593403672699
0.00262545823211991
0.000866401216599569
0.000285912401477858
9.43510924876931e-05
0.670031135860521
0.221110274833972
0.0729663906952107
0.69407890892942
0.229046039946708
0.0755851931824138
0.0249431137501965
0.678231227537565
0.223816305087396
0.0738593806788408
0.0243735956240175
0.678043286555926
0.223754284563456
0.0738389139059403
0.0243668415889603
0.0080410577243569
0.672653549049038
0.221975671186182
0.0732519714914402
0.0241731505921753
0.677977139695418
0.223732456099488
0.743831710512831
0.245464464469234
0.0810032732748473
0.0267310801806996
0.00882125645963087
0.00291101463167819
0.000960634828453801
0.67031700949339
0.891204613132819
0.29409752233383
0.0970521823701639
0.0320272201821541
0.0105689826601108
0.00348776427783658
0.00115096221168607
0.000379817529856403
0.670125339784853
0.891141362129001
0.29407664950257
0.0970452943358482
0.0320249471308299
0.0105682325531739
0.00348751674254738
0.671150880525041
0.221479790573263
0.0730883308891769
0.0241191491934284
0.00795931923383136
0.00262657534716435
0.000866769864564235
0.000286034055306198
9.43912382510452e-05
0.670031149108623
0.221110279205846
0.072966392137929
0.0240789094055166
0.00794604010382047
0.00262219323426075
0.000865323767306049
0.000285556843210996
9.42337582596287e-05
3.10971402256775e-05
0.670010262056275
0.221103386478571
0.0729641175379283
0.0240781587875163
0.00794579239988039
0.00262211149196053
0.000865296792346974
0.000285547941474501
0.670094230820687
0.221131096170827
0.0729732617363728
0.024081176373003
0.00794678820309099
0.00262244010702003
0.000865405235316609
0.670285583727655
0.221194242630126
0.0729941000679416
0.0240880530224207
0.00794905749739883
0.00262318897414162
0.000865652361466733
0.000285665279284022
9.42695421637272e-05
3.110894891403e-05
1.02659531416299e-05
0.670003387764537
0.221101117962297
0.072963368927558
0.0240779117460942
0.00794571087621107
0.00262208458914965
0.000865287914419385
0.000285545011758397
9.4229853880271e-05
3.10958517804894e-05
1.02616310875615e-05
3.3863382588953e-06
1.11749162543545e-06
3.68772236393698e-07
1.2169483800992e-07
4.01592965432737e-08
1.32525678592803e-08
4.3733473935625e-09
1.44320463987563e-09
0.670000000476258
0.221100000157165
0.0729630000518644
0.0240777900171153
0.00794567070564803
0.00262207133286385
0.000865283539845071
0.670285543568149
0.221194229377489
0.0729940956945714
0.0240880515792086
0.00794905702113882
0.672623188816976
0.221965652309602
0.0732486652621687
0.0241720595365157
0.00797677964705016
0.00263233728352655
0.000868671303563763
0.000286661530176042
9.45983049580937e-05
3.12174406361709e-05
1.03017554099364e-05
3.39957928527901e-06
1.12186116414207e-06
3.70214184166884e-07
1.22170680775072e-07
4.03163246557737e-08
1.33043871364053e-08
4.39044775501376e-09
1.44884775915454e-09
4.78119760520998e-10
1.57779520971929e-10
5.20672419207367e-11
1.71821898338431e-11
5.67012264516822e-12
1.87114047290551e-12
6.17476356058819e-13
2.0376719749941e-13
6.72431751748054e-14
2.21902478076858e-14
7.32278177653631e-15
2.41651798625698e-15
7.97450935464804e-16
2.63158808703385e-16
8.68424068721171e-17
2.86579942677986e-17
9.45713810837355e-18
3.12085557576327e-18
1.02988234000188e-18
3.3986117220062e-19
1.12154186826205e-19
3.70108816526475e-20
1.22135909453737e-20
4.03048501197331e-21
1.33006005395119e-21
4.38919817803894e-22
1.44843539875285e-22
4.7798368158844e-23
1.57734614924185e-23
5.20524229249811e-24
1.71772995652438e-24
5.66850885653044e-25
1.87060792265505e-25
6.17300614476165e-26
2.03709202777135e-26
6.72240369164544e-27
2.21839321824299e-27
7.32069762020188e-28
2.41583021466662e-28
7.97223970839985e-29
2.63083910377195e-29
8.68176904244743e-30
2.86498378400765e-30
9.45444648722525e-31
3.11996734078433e-31
1.02958922245883e-31
3.39764443411414e-32
1.12122266325766e-32
3.70003478875029e-33
1.2210114802876e-33
4.02933788494907e-34
0.67
0.2211
0.072963
0.02407779
0.0079456707
0.002622071331
0.67086528353923
0.221385543567946
0.0730572293774221
0.0241088856945493
0.00795593227920127
0.00262545765213642
0.000866401025205018
0.000285912338317656
9.43510716448264e-05
3.11358536427927e-05
1.02748317021216e-05
0.670003390694462
0.891101118929172
0.964063369246627
0.318140911851387
0.104986500910958
0.034645545300616
0.0114330299492033
0.00377289988323708
0.00124505696146824
0.000410868797284518
0.670135586703104
0.221144743612024
0.072977765391968
0.0240826625793494
0.00794727865118531
1.34262260195489
0.443065458645114
0.816211601352888
1.60934982844645
1.20108544338733
1.73635819631782
2.58299820478488
2.19238940757901
2.06348850450107
1.35095120648535
0.445813898140167
0.147118586386255
0.0485491335074642
0.0160212140574632
0.00528700063896285
0.00174471021085774
0.000575754369583054
0.000189998941962408
6.26996508475945e-05
2.06908847797062e-05
6.82799197730304e-06
2.25323735251e-06
7.43568326328301e-07
2.45377547688339e-07
1.34000008097459
1.11220002672161
1.03702600881813
0.342218582909984
0.112932132360295
0.707267603678897
0.903398309214036
1.63812144204063
1.88058007587341
1.96059142503822
0.646995170262614
1.55350840618666
1.1826577740416
0.390277065433728
1.46879143159313
1.82470117242573
0.602151386900492
0.198709957677162
0.735574286033464
0.242739514391043
0.0801040397490442
0.696434333117185
0.229823329928671
0.0758416988764614
0.0250277606292323
0.00825916100764664
0.00272552313252339
0.000899422633732719
0.000296809469131797
9.79471248134931e-05
3.23225511884527e-05
0.670010666441892
0.221103519925824
0.742964161575522
0.915178173319922
0.972008797195574
0.32076290307454
0.105851758014598
0.704931080144817
0.23262725644779
0.0767669946277706
0.0253331082271643
0.00835992571496422
0.00275877548593819
0.000910395910359603
0.000300430650418669
0.670099142114638
0.221132716897831
0.742973796576284
0.245181352870174
0.0809098464471573
0.0267002493275619
0.678811082278096
0.894007657151772
0.295022526860085
0.0973574338638279
0.0321279531750632
0.0106022245477709
0.00349873410076438
0.00115458225325225
0.670381012143573
0.221225734007379
0.0730044922224351
0.0240914824334036
0.00795018920302318
0.00262356243699765
0.670865775604209
0.221385705949389
0.0730572829632984
0.0241089033778885
0.00795593811470319
0.00262545957785205
0.000866401660691177
0.000285912548028088
9.43511408492692e-05
3.11358764802588e-05
1.02748392384854e-05
3.39069694870018e-06
1.11892999307106e-06
3.6924689771345e-07
1.21851476245438e-07
4.02109871609947e-08
1.32696257631282e-08
0.670000004378977
0.221100001445062
0.0729630004768705
0.0240777901573673
0.677945670751931
1.56372207134814
0.516028283544885
0.840289333569812
1.61729548007804
0.533707508425753
0.176123477780498
0.0581207476675644
0.0191798467302963
0.00632934942099777
0.00208868530892926
0.000689266151946657
0.000227457830142397
7.50610839469909e-05
2.4770157702507e-05
8.17415204182731e-06
2.69747017380301e-06
8.90165157354993e-07
2.93754501927148e-07
9.69389856359588e-08
3.19898652598664e-08
1.05566555357559e-08
3.48369632679945e-09
1.14961978784382e-09
3.7937452998846e-10
1.25193594896192e-10
4.13138863157433e-11
1.36335824841953e-11
4.49908221978444e-12
1.48469713252887e-12
4.89950053734525e-13
1.61683517732393e-13
5.33555608516898e-14
1.76073350810576e-14
5.81042057674902e-15
1.91743879032718e-15
6.32754800807968e-16
2.08809084266629e-16
6.89069978079877e-17
2.27393092766359e-17
7.50397206128986e-18
2.47631078022565e-18
8.17182557474465e-19
0.67
0.2211
0.072963
0.02407779
0.0079456707
0.002622071331
0.000865283539229999
0.670285543567946
0.221194229377422
0.0729940956945493
0.0240880515792013
0.00794905702113642
0.00262318881697502
0.000865652309601756
0.000285665262168579
9.42695365156311e-05
3.11089470501583e-05
1.02659525265522e-05
3.38776433376224e-06
1.11796223014154e-06
3.68927535946707e-07
1.21746086862413e-07
4.01762086645964e-08
1.32581488593168e-08
4.37518912357455e-09
1.4438124107796e-09
4.76458095557268e-10
1.57231171533899e-10
5.18862866061865e-11
1.71224745800415e-11
5.65041661141371e-12
1.86463748176652e-12
6.15330368982953e-13
2.03059021764374e-13
6.70094771822435e-14
2.21131274701404e-14
7.29733206514632e-15
0.670000000000002
0.221100000000001
0.0729630000000002
0.0240777900000001
0.00794567070000003
0.00262207133100001
0.000865283539230003
0.000285543567945901
9.42293774221472e-05
3.10956945493086e-05
1.02615792012718e-05
3.3863211364197e-06
0.670001117485975
0.221100368770372
0.0729631216942227
0.0240778301590935
0.00794568395250085
0.00262207570432528
0.670865284982427
0.221385544044201
0.0730572295345863
0.0241088857464135
0.00795593229631645
0.00262545765778443
0.000866401027068861
0.000285912338932724
9.43510718477989e-05
3.11358537097736e-05
1.02748317242253e-05
3.39069446899435e-06
1.11892917476814e-06
3.69246627673485e-07
1.2185138713225e-07
4.02109577536425e-08
1.3269616058702e-08
4.37897329937166e-09
1.44506118879265e-09
4.76870192301574e-10
1.57367163459519e-10
5.19311639416414e-11
1.71372841007417e-11
5.65530375324475e-12
1.86625023857077e-12
6.15862578728353e-13
2.03234650980356e-13
6.70674348235176e-14
2.21322534917608e-14
0.670000000000007
0.221100000000002
0.0729630000000008
0.0240777900000003
0.00794567070000008
0.00262207133100003
0.000865283539230009
0.000285543567945903
9.42293774221479e-05
3.10956945493088e-05
1.02615792012719e-05
3.38632113641973e-06
1.11748597501851e-06
3.68770371756108e-07
1.21694222679516e-07
4.01590934842402e-08
0.670000013252501
0.221100004373325
0.0729630014431973
0.0240777904762551
0.00794567085716419
0.00262207138286418
0.00086528355634518
0.000285543573593909
9.422937928599e-05
3.10956951643767e-05
1.02615794042443e-05
3.38632120340062e-06
1.11748599712221e-06
0.670000368770379
0.221100121694225
0.0729630401590943
0.0240778032525011
0.00794567507332536
0.00262207277419737
0.000865284015485132
0.67028554372511
0.221194229429286
0.0729940957116645
0.0240880515848493
0.00794905702300026
0.00262318881759008
0.000865652309804728
0.00028566526223556
9.42695365377349e-05
3.11089470574525e-05
1.02659525289593e-05
3.38776433455658e-06
1.11796223040367e-06
3.68927536033211e-07
1.2174608689096e-07
4.01762086740167e-08
0.670000013258149
0.221100004375189
0.0729630014438124
0.0240777904764581
0.00794567085723117
0.00262207138288629
0.000865283556352474
0.670285543573596
1.56119422937929
0.515194095695165
0.170014051579404
0.0561046370212034
0.688514530216997
0.227209794971609
0.074979232340631
0.694743146672408
0.899265238401895
0.296757528672625
0.767929984461966
0.253416894872449
0.0836275753079081
0.0275970998516097
0.00910704295103119
1.34300532417384
0.443191756977367
0.146253279802531
0.0482635823348353
0.0159269821704956
0.00525590411626356
0.00173444835836698
0.000572367958261102
0.000188881426226164
6.2330870654634e-05
2.05691873160292e-05
6.78783181428964e-06
2.23998449871558e-06
7.39194884576141e-07
2.43934311910127e-07
8.04983229303418e-08
2.65644465670128e-08
8.76626736711422e-09
2.89286823114769e-09
9.54646516278738e-10
3.15033350371983e-10
1.03961005622755e-10
3.4307131855509e-11
0.670000000011321
0.221100000003736
0.0729630000012329
0.0240777900004068
0.00794567070013426
0.00262207133104431
0.000865283539244621
0.000285543567950725
9.42293774237392e-05
0.67003109569455
0.221110261579201
0.742966386321137
0.245178907485975
0.0809090394703718
0.0266999830252227
0.00881099439832348
0.00290762815144675
0.000959517289977427
0.000316640705692551
0.000104491432878542
3.44821728499188e-05
1.13791170404732e-05
3.75510862335615e-06
1.23918584570753e-06
4.08931329083485e-07
0.670000134947339
0.221100044532622
0.0729630146957652
0.0240777948496025
0.677945672300369
0.223722071859122
0.0738282837135101
0.0243633336254583
0.00803990009640125
0.00265316703181241
0.000875545120498096
0.670288929889764
0.221195346863622
0.0729944644649953
0.0240881732734485
0.00794909718023799
0.00262320206947854
0.000865656682927917
0.000285666705366213
9.42700127708501e-05
0.670031109104214
0.891110266004391
0.294066387781449
0.0970419079678781
0.7020238296294
0.231667863777702
0.0764503950466416
0.0252286303653917
0.00832544802057927
0.00274739784679116
0.000906641289441082
0.000299191625515557
9.87332364201338e-05
3.25819680186442e-05
0.670010752049446
0.221103548176317
0.0729641708981847
0.0240781763964009
0.00794579821081231
0.672622113409568
0.221965297425157
0.0732485481503019
0.0241720208895996
0.00797676689356788
0.0026323330748774
0.67086866991471
0.891386661071854
0.294157598153712
0.767072007390725
0.253133762438939
0.0835341416048499
0.0275662667296005
0.00909686802076816
0.00300196644685349
0.000990648927461652
0.000326914146062345
0.000107881668200574
3.56009505061894e-05
1.17483136670425e-05
3.87694351012402e-06
1.27939135834093e-06
4.22199148252506e-07
1.39325718923327e-07
4.59774872446979e-08
1.51725707907503e-08
5.0069483609476e-09
1.65229295911271e-09
5.45256676507193e-10
1.79934703247374e-10
5.93784520716333e-11
1.9594889183639e-11
6.46631343060087e-12
0.670000000002134
0.221100000000704
0.0729630000002324
0.0240777900000767
0.0079456707000253
0.00262207133100835
0.000865283539232755
0.000285543567946809
9.4229377422447e-05
3.10956945494075e-05
1.02615792013045e-05
3.38632113643048e-06
1.11748597502206e-06
3.68770371757279e-07
1.21694222679902e-07
4.01590934843677e-08
1.32525008498413e-08
4.37332528044764e-09
1.44319734254772e-09
4.76255123040748e-10
1.57164190603447e-10
5.18641828991374e-11
1.71151803567153e-11
5.64800951771606e-12
1.8638431408463e-12
0.670000000000615
0.221100000000203
0.072963000000067
0.0240777900000221
0.00794567070000729
0.00262207133100241
0.000865283539230794
0.000285543567946162
9.42293774222334e-05
3.1095694549337e-05
1.02615792012812e-05
3.3863211364228e-06
1.11748597501952e-06
3.68770371756443e-07
1.21694222679626e-07
4.01590934842766e-08
1.32525008498113e-08
4.37332528043772e-09
1.44319734254445e-09
4.76255123039668e-10
1.5716419060309e-10
5.18641828990198e-11
1.71151803566765e-11
5.64800951770326e-12
1.86384314084208e-12
6.15068236477885e-13
2.02972518037702e-13
6.69809309524416e-14
0.670000000000022
0.221100000000007
0.0729630000000024
0.0240777900000008
0.00794567070000026
0.00262207133100009
0.000865283539230028
0.000285543567945909
9.422937742215e-05
3.10956945493095e-05
0.670010261579201
0.891103386321136
0.294064117485975
0.0970411587703717
0.0320235823942227
0.0105677821900935
0.00348736812273085
0.00115083148050118
0.000379774388565389
0.000125325548226578
4.13574309147709e-05
1.36479522018744e-05
4.50382422661855e-06
1.48626199478412e-06
4.9046645827876e-07
1.61853931231991e-07
5.34117973065569e-08
1.76258931111638e-08
5.81654472668405e-09
1.91945975980574e-09
6.33421720735893e-10
2.09029167842845e-10
6.89796253881387e-11
2.27632763780858e-11
7.5118812047683e-12
2.47892079757354e-12
8.18043863199268e-13
2.69954474855758e-13
8.90849767024002e-14
2.93980423117921e-14
9.70135396289138e-15
3.20144680775416e-15
1.05647744655887e-15
3.48637557364428e-16
1.15050393930261e-16
3.79666299969862e-17
1.25289878990054e-17
0.67
0.2211
0.072963
0.69407779
0.2290456707
0.075585071331
0.02494307353923
0.0082312142679459
0.00271630070842215
0.670896379233779
0.221395805147147
0.0730606156985586
0.0241100031805243
0.00795630104957303
0.0026255793463591
0.000866441184298502
0.670285925590819
0.89119435544497
0.29409413729684
0.0970510653079572
0.0320268515516259
0.680568861012037
0.224587724133972
0.0741139489642108
0.0244576031581895
0.00807100904220255
0.672663432983927
0.221978932884696
0.0732530478519496
0.694173505791143
0.229077256911077
0.0755954947806555
0.0249465132776163
0.00823234938161338
1.34271667529593
1.78309650284766
1.25842184593973
0.41527920916011
0.137042139022836
0.045223905877536
0.0149238889395869
0.00492488335006366
0.00162521150552101
0.670536319796822
0.221276985532951
0.743021405225874
0.245197063724538
0.0809150310290977
0.0267019602396022
0.00881164687906873
0.00290784347009268
0.670959588345131
0.221416664153893
0.0730674991707847
0.024112274726359
0.677957050659698
0.893725826717701
0.294929522816841
0.767326742529558
0.923217825034754
0.304661882261469
0.100538421146285
0.0331776789782739
0.0109486340628304
0.00361304924073403
0.00119230624944223
0.670393461062316
0.891229842150564
0.964105847909686
0.988154929810196
2.33609112683737
0.77091007185633
0.924400323712589
0.305052106825154
0.100667195252301
0.0332201744332593
0.0109626575629756
0.00361767699578194
0.00119383340860804
0.670393965024841
0.221230008458197
0.0730059027912051
0.694091947921098
0.229050342813962
0.745586613128608
0.91604358233244
0.972294382169705
0.990857146116003
0.326982858218281
0.107904343212033
1.37560843325997
0.45395078297579
0.149803758382011
0.0494352402660636
0.686313629287801
0.226483497664974
0.0747395542294415
0.0246640528957157
0.00813913745558618
0.00268591536034344
0.000886352068913335
0.0002924961827414
9.65237403046621e-05
0.670031852834301
0.221110511435319
0.0729664687736553
0.0240789346953062
0.00794604844945106
0.00262219598831885
0.000865324676145221
0.000285557143127923
0.670094233857232
0.221131097172887
0.0729732620670526
0.694081176482127
0.229046788239102
0.0755854401189037
0.0249431952392382
0.00823125442894861
0.00271631396155304
0.000896383607312503
0.000295806590413126
9.76161748363316e-05
0.670032213337696
0.22111063040144
0.0729665080324751
0.0240789476507168
0.00794605272473653
0.00262219739916306
0.670865325141724
0.221385557296769
0.0730572339079337
0.0241088871896181
0.00795593277257398
0.00262545781494941
0.000866401078933306
0.670285912356048
0.891194351077496
0.294094135855574
0.0970510648323393
0.032026851394672
1.35056886096024
0.44568772411688
0.14707694895857
0.0485353931563282
0.0160166797415883
0.00528550431472414
0.00174421642385897
0.670575591419874
1.56128994516856
0.515225681905624
0.170024475028856
0.726108076759522
0.239615665330642
0.079073169559112
0.0260941459545069
0.00861106816498729
0.672841652494446
0.222037745323167
0.0732724559566451
0.0241799104656929
0.00797937045367865
0.00263319224971396
0.000868953442405605
0.670286754635994
0.221194629029878
0.74299422757986
0.245188095101354
0.0809120713834467
0.0267009835565374
0.00881132457365734
0.00290773710930692
0.000959553246071285
0.670316652571204
0.221204495348497
0.0729974834650041
0.0240891695434513
0.00794942594933894
0.00262331056328185
0.00086569248588301
0.000285678520341393
9.42739117126598e-05
3.11103908651777e-05
1.02664289855086e-05
3.38792156521785e-06
1.11801411652189e-06
0.670000368944659
0.221100121751737
0.0729630401780733
0.0240778032587642
0.00794567507539218
0.00262207277487942
0.000865284015710208
0.000285543725184369
9.42294293108416e-05
3.10957116725777e-05
1.02615848519507e-05
3.38632300114371e-06
1.11748659037743e-06
3.6877057482455e-07
1.21694289692102e-07
4.01591155983935e-08
1.32525081474699e-08
4.37332768866505e-09
1.44319813725947e-09
4.76255385295624e-10
1.57164277147556e-10
5.18642114586935e-11
1.71151897813688e-11
5.64801262785172e-12
1.86384416719107e-12
6.15068575173052e-13
2.02972629807107e-13
6.69809678363453e-14
2.2103719385994e-14
0.670000000000007
0.221100000000002
0.0729630000000008
0.0240777900000003
0.00794567070000008
0.00262207133100003
0.000865283539230009
0.000285543567945903
9.42293774221479e-05
3.10956945493088e-05
1.02615792012719e-05
3.38632113641973e-06
1.11748597501851e-06
3.68770371756108e-07
1.21694222679516e-07
4.01590934842402e-08
1.32525008497993e-08
4.37332528043376e-09
1.44319734254314e-09
4.76255123039236e-10
1.57164190602948e-10
5.18641828989728e-11
1.7115180356661e-11
5.64800951769814e-12
1.86384314084038e-12
6.15068236477327e-13
2.02972518037518e-13
6.69809309523809e-14
2.21037072142857e-14
7.29422338071428e-15
2.40709371563571e-15
7.94340926159784e-16
2.62132505632729e-16
8.65037268588005e-17
2.85462298634042e-17
0.67
0.2211
0.072963
0.02407779
0.0079456707
0.002622071331
0.000865283539229999
0.0002855435679459
9.42293774221469e-05
3.10956945493085e-05
1.02615792012718e-05
3.38632113641969e-06
1.1174859750185e-06
3.68770371756104e-07
1.21694222679514e-07
4.01590934842398e-08
1.32525008497991e-08
4.37332528043371e-09
1.44319734254312e-09
4.76255123039231e-10
1.57164190602946e-10
5.18641828989722e-11
1.71151803566608e-11
5.64800951769807e-12
1.86384314084036e-12
6.1506823647732e-13
2.02972518037516e-13
6.69809309523801e-14
2.21037072142854e-14
7.29422338071419e-15
2.40709371563568e-15
7.94340926159775e-16
2.62132505632726e-16
8.65037268587995e-17
2.85462298634038e-17
9.42025585492327e-18
3.10868443212468e-18
1.02586586260114e-18
3.38535734658377e-19
1.11716792437264e-19
3.68665415042973e-20
1.21659586964181e-20
4.01476636981797e-21
1.32487290203993e-21
0.67
0.2211
0.072963
0.02407779
0.0079456707
0.002622071331
0.67086528353923
0.221385543567946
0.0730572293774221
0.0241088856945493
0.00795593227920127
0.00262545765213642
0.000866401025205018
0.670285912338318
0.221194351071645
0.0729941358536428
0.0240880648317021
0.677949061394462
0.223723190260172
0.0738286527858569
0.0243634554193328
0.00803994028837981
0.00265318029516534
0.000875549497404561
0.000288931334143505
9.53473402673567e-05
3.14646222882277e-05
1.03833253551151e-05
3.426497367188e-06
1.13074413117204e-06
3.73145563286773e-07
0.670000123138036
0.891100040635552
0.294063013409732
0.767040794425212
0.25312346216032
0.0835307425129055
1.36756514502926
0.451296497859655
0.818927844293686
0.270246188616916
0.759181242243582
0.250529809940382
0.0826748372803261
0.0272826963025076
0.00900328977982751
0.672971085627343
0.892080458257023
0.294386551224818
0.0971475619041898
0.702058695428383
0.231679369491366
0.0764541919321509
0.0252298833376098
0.678325861501411
0.893847534295466
0.294969686317504
0.767339996484776
0.253222198839976
0.753563325617192
0.248675897453673
0.0820630461597122
0.027080805232705
0.00893666572679266
0.00294909968984158
0.00097320289764772
0.000321156956223748
0.000105981795553837
3.49739925327661e-05
1.15414175358128e-05
3.80866778681823e-06
0.67000125686037
0.221100414763922
0.0729631368720942
0.694077835167791
0.229045685605371
0.0755850762497724
0.0249430751624249
0.00823121480360021
0.00271630088518807
0.000896379292112063
0.000295805166396981
9.76157049110036e-05
0.670032213182621
0.891110630350265
0.294066508015587
0.0970419476451438
0.0320238427228975
0.0105678680985562
0.00348739647252353
0.00115084083593277
0.670379777475858
0.891225326567033
0.294104357767121
0.0970544380631499
0.0320279645608395
0.010569228305077
0.00348784534067542
0.00115098896242289
0.000379826357599553
0.000125342698007852
4.13630903425913e-05
1.36498198130551e-05
4.50444053830819e-06
1.4864653776417e-06
4.90533574621762e-07
1.61876079625181e-07
5.34191062763098e-08
1.76283050711822e-08
5.81734067349014e-09
1.91972242225175e-09
6.33508399343076e-10
2.09057771783215e-10
6.8989064688461e-11
2.27663913471921e-11
7.5129091445734e-12
0.670000000002479
0.221100000000818
2.08296300000027
1.35737779000009
0.447934670700029
1.48781844133101
0.490980085639233
0.162023428260947
0.0534677313261125
0.687644351337617
0.896922635941414
0.295984469860666
0.0976748750540199
0.0322327087678266
0.0106367938933828
0.00351014198481631
0.00115834685498938
0.000382254462146496
0.000126143972508344
4.16275109277534e-05
1.37370786061586e-05
4.53323594003235e-06
1.49596786021068e-06
4.93669393869523e-07
1.62910899976942e-07
5.3760596992391e-08
1.7740997007489e-08
0.670000005854529
0.221100001931995
0.0729630006375582
0.0240777902103942
0.67794567076943
0.893722071353912
0.294928283546791
0.097326333570441
0.0321176900782455
0.680598837725821
0.224597616449521
0.0741172134283419
0.694458680431353
0.229171364542346
0.0756265502989743
0.0249567615986615
0.0082357313275583
0.672717791338094
0.221996871141571
0.0732589674767185
0.0241754592673171
0.00797790155821464
0.00263270751421083
0.000868793479689574
0.000286701848297559
9.46116099381946e-05
3.12218312796042e-05
1.03032043222694e-05
3.4000574263489e-06
1.12201895069514e-06
3.70266253729395e-07
1.221878637307e-07
4.03219950311311e-08
1.33062583602733e-08
4.39106525889017e-09
1.44905153543376e-09
4.7818700669314e-10
1.57801712208736e-10
5.20745650288829e-11
1.71846064595314e-11
0.670000000005671
0.221100000001871
0.0729630000006175
0.0240777900002038
0.677945670700067
0.223722071331022
0.0738282835392373
0.694363333567948
0.899139900077423
0.29671616702555
0.0979163351184313
0.0323123905890823
0.0106630888943972
0.00351881933515107
0.00116121038059985
0.000383199425597951
0.000126455810447324
4.17304174476169e-05
1.37710377577136e-05
4.54444246004547e-06
1.49966601181501e-06
4.94889783898952e-07
1.63313628686654e-07
5.38934974665959e-08
1.77848541639766e-08
5.86900187411229e-09
1.93677061845706e-09
6.39134304090828e-10
2.10914320349973e-10
6.96017257154912e-11
2.29685694861121e-11
7.57962793041699e-12
2.5012772170376e-12
8.25421481622409e-13
2.72389088935395e-13
8.98883993486804e-14
2.96631717850645e-14
9.78884668907129e-15
3.23031940739353e-15
1.06600540443986e-15
3.51781783465155e-16
1.16087988543501e-16
3.83090362193553e-17
1.26419819523873e-17
4.1718540442878e-18
1.37671183461497e-18
4.54314905422941e-19
1.4992391878957e-19
4.94748932005582e-20
1.63267147561842e-20
5.38781586954079e-21
1.77797923694846e-21
5.86733148192992e-22
1.93621938903687e-22
6.38952398382168e-23
2.10854291466115e-23
0.67
0.2211
0.072963
0.02407779
0.0079456707
0.002622071331
0.000865283539229999
0.0002855435679459
9.42293774221469e-05
3.10956945493085e-05
1.02615792012718e-05
3.38632113641969e-06
1.1174859750185e-06
3.68770371756104e-07
1.21694222679514e-07
4.01590934842398e-08
1.32525008497991e-08
4.37332528043371e-09
1.44319734254312e-09
4.76255123039231e-10
1.57164190602946e-10
5.18641828989722e-11
1.71151803566608e-11
5.64800951769807e-12
1.86384314084036e-12
6.1506823647732e-13
2.02972518037516e-13
6.69809309523801e-14
2.21037072142854e-14
7.29422338071419e-15
2.40709371563568e-15
0.670000000000001
0.2211
0.0729630000000001
0.02407779
0.00794567070000001
0.002622071331
0.00086528353923
0.0002855435679459
9.4229377422147e-05
3.10956945493085e-05
1.02615792012718e-05
3.3863211364197e-06
1.1174859750185e-06
3.68770371756105e-07
1.21694222679515e-07
0.670000040159094
0.221100013252501
0.742963004373325
0.245177791443197
0.0809086711762551
0.696699861488164
0.229910954291094
0.0758706149160611
0.0250373029223001
0.00826230996435905
0.00272656228823849
0.0008997655551187
0.670296922633189
0.891197984468952
0.294095334874754
0.0970514605086689
0.702026981967861
0.901668904049394
0.2975507383363
0.098191743650979
0.0324032754048231
0.0106930808835916
0.00352871669158523
0.00116447650822313
0.670384277247714
0.221226811491745
0.073004847792276
0.0240915997714511
0.677950227924579
0.223723575215111
0.0738287798209866
0.0243634973409256
0.00803995412250544
0.0026531848604268
0.000875551003940842
0.000288931831300478
0.670095347504329
0.221131464676429
0.742973383343221
0.245181216503263
0.0809098014460768
0.0267002344772053
0.00881107737747776
0.00290765553456766
0.000959526326407328
0.000316643687714418
0.670104492416946
0.891134482497592
0.964074379224205
0.988144545143988
0.326087699897516
0.10760894096618
0.705510950518839
0.902818613671217
0.297930142511502
0.768316947028796
0.253544592519503
0.0836697155314358
0.697611006125374
0.230211632021373
0.0759698385670532
0.695070046727128
0.229373115419952
0.0756931280885842
0.0249787322692328
0.00824298164884681
0.00272018394411945
2.01089766070156
0.663596228031515
0.2189867552504
0.0722656292326319
0.0238476576467685
0.00786972702343361
0.672597009917733
0.221957013272852
0.743245814380041
0.245271118745414
0.0809394691859865
0.0267100248313755
0.00881430819435392
0.00290872170413679
1.34095987816237
0.442516759793581
0.146030530731882
0.718190075141521
0.237002724796702
0.0782108991829116
0.0258095967303608
0.00851716692101907
0.00281066508393629
0.000927519477698977
0.000306081427640662
0.000101006871121419
3.33322674700681e-05
1.09996482651225e-05
3.62988392749042e-06
1.19786169607184e-06
3.95294359703706e-07
1.30447138702223e-07
0.670000043047556
0.891100014205693
1.63406300468788
1.879240791547
2.63014946121051
2.87794932219947
2.28972327632582
2.09560868118752
1.36155086479188
1.78931178538132
1.93047288917584
1.30705605342803
1.77132849763125
2.59453840421831
2.19619767339204
2.06474523221937
0.681365926632393
0.89485075578869
0.295300749410268
0.0974492473053883
0.0321582516107781
0.680612223031557
0.224602033600414
0.0741186710881365
0.024459161459085
0.00807152328149806
0.00266360268289436
0.000878988885355139
0.670290066332167
0.221195721889615
0.072994588223573
0.0240882141137791
0.0079491106575471
0.00262320651699054
0.000865658150606879
0.00028566718970027
9.42701726010891e-05
3.11091569583594e-05
1.02660217962586e-05
3.38778719276534e-06
1.11796977361256e-06
3.68930025292145e-07
1.21746908346408e-07
4.01764797543146e-08
0.670000013258238
0.221100004375219
0.0729630014438221
0.0240777904764613
0.00794567085723223
0.00262207138288663
0.000865283556352589
0.000285543573596354
9.4229379286797e-05
3.1095695164643e-05
1.02615794043322e-05
0.670003386321203
0.891101117485997
0.294063368770379
0.0970409116942251
0.0320235008590943
0.0105677552835011
0.00348735924355537
0.00115082855037327
0.000379773421623179
0.000125325229135649
4.13573256147642e-05
0.670013647917453
0.221104503812759
0.0729644862582106
0.0240782804652095
0.677945832553519
0.223722124742661
0.0738283011650782
0.0243633393844758
0.00803990199687702
0.672653167658969
0.22197554532746
0.0732519299580617
0.69417313688616
0.229077135172433
0.745595454606903
0.246046500020278
0.0811953450066917
0.0267944638522083
0.00884217307122872
0.672917917113506
0.222062912647457
1.41328076117366
0.466382651187308
0.153906274891812
0.0507890707142978
0.0167603933357183
0.00553092980078703
0.00182520683425972
0.000602318255305708
0.670198765024251
0.221165592458003
0.0729846455111409
0.0240849330186765
0.677948027896163
0.223722849205734
0.743828540237892
0.245463418278504
0.0810029280319064
0.0267309662505291
0.00882121886267461
0.00291100222468262
0.000960630734145265
0.000317008142267937
0.000104612686948419
3.45221866929784e-05
1.13923216086829e-05
3.75946613086534e-06
0.670001240623823
0.221100409405862
0.0729631351039343
0.0240778345842983
0.00794568541281845
0.00262207618623009
0.000865285141455929
0.000285544096680456
9.42295519045506e-05
3.10957521285017e-05
1.02615982024056e-05
3.38632740679383e-06
1.11748804424196e-06
3.68771054599848e-07
1.2169444801795e-07
4.01591678459235e-08
1.32525253891547e-08
4.37333337842106e-09
1.44320001487895e-09
4.76256004910054e-10
1.57164481620318e-10
5.18642789347048e-11
1.71152120484526e-11
5.64801997598936e-12
1.86384659207649e-12
6.15069375385241e-13
2.02972893877129e-13
6.69810549794527e-14
2.21037481432194e-14
7.2942368872624e-15
2.40709817279659e-15
7.94342397022875e-16
2.62132991017549e-16
8.6503887035791e-17
2.8546282721811e-17
9.42027329819764e-18
3.10869018840522e-18
1.02586776217372e-18
3.38536361517329e-19
1.11716999300718e-19
3.68666097692371e-20
1.21659812238482e-20
0.67
0.2211
0.742963
0.24517779
0.0809086707
0.026699861331
0.00881095423923
0.0029076148989459
0.000959512916652146
0.000316639262495208
0.000104490956623419
3.44820156857282e-05
1.13790651762903e-05
3.7550915081758e-06
1.23918019769801e-06
4.08929465240344e-07
1.34946723529314e-07
4.45324187646735e-08
1.46956981923422e-08
4.84958040347294e-09
1.60036153314607e-09
5.28119305938203e-10
1.74279370959607e-10
5.75121924166703e-11
1.89790234975012e-11
6.26307775417539e-12
2.06681565887788e-12
6.820491674297e-13
2.25076225251801e-13
7.42751543330943e-14
2.45108009299211e-14
8.08856430687397e-15
2.66922622126841e-15
8.80844653018575e-16
2.9067873549613e-16
9.59239827137228e-17
3.16549142955285e-17
1.04461217175244e-17
3.44722016678306e-18
1.13758265503841e-18
3.75402276162675e-19
1.23882751133683e-19
4.08813078741153e-20
1.3490831598458e-20
4.45197442749115e-21
1.46915156107208e-21
4.84820015153786e-22
1.59990605000749e-22
5.27968996502473e-23
1.74229768845816e-23
5.74958237191193e-24
1.89736218273094e-24
6.26129520301209e-25
2.06622741699399e-25
6.81855047608017e-26
2.25012165710645e-26
7.4254014684513e-27
2.45038248458893e-27
8.08626219914346e-28
1.34
0.4422
0.145926
0.04815558
0.6858913414
0.226344142662
0.07469356707846
0.0246488771358918
0.00813412945484429
0.00268426272009862
0.670885806697633
0.221392316210219
0.0730594643493722
0.0241096232352928
0.677956175667647
0.223725537970323
0.0738294275302067
0.0243637110849682
0.67804002465804
0.223753208137153
0.0738385586852605
0.024366724366136
0.00804101904082487
0.00265353628347221
0.670875666973546
0.22138897010127
0.0730583601334191
0.694109258844028
0.229056055418529
0.0755884982881147
0.0249442044350778
0.00823158746357569
0.00271642386297998
0.000896419874783392
0.000295818558678519
9.76201243639114e-05
3.22146410400907e-05
1.06308315432299e-05
3.50817440926588e-06
0.670001157697555
0.221100382040193
0.0729631260732637
0.024077831604177
0.00794568442937842
0.00262207586169488
0.000865285034359309
0.000285544061338572
9.42295402417288e-05
3.10957482797705e-05
1.02615969323243e-05
3.38632698766701e-06
1.11748790593011e-06
3.68771008956937e-07
1.21694432955789e-07
4.01591628754104e-08
1.32525237488854e-08
0.670000004373333
0.2211000014432
0.0729630004762559
0.0240777901571645
0.00794567075186427
0.00262207134811521
0.000865283544878019
0.000285543569809746
9.42293780372162e-05
0.670031095694752
0.891110261579268
0.294066386321159
0.0970419074859823
0.0320238294703742
0.0105678637252235
0.673487395029324
0.222250840359677
0.0733427773186933
0.0242031165151688
0.0079870284500057
0.00263571938850188
0.670869787398206
0.221387029841408
0.0730577198476646
0.0241090475497293
0.00795598569141067
0.00262547527816552
0.000866406841794622
0.000285914257792225
9.43517050714343e-05
0.670031136062674
0.221110274900682
0.0729663907172251
0.0240789089366843
0.00794603994910582
0.00262219318320492
0.000865323750457623
1.34028555683765
0.442294233756425
0.14595709713962
0.0481658420560746
0.0158947278785046
0.00524526019990653
0.00173093586596915
0.000571208835769821
0.000188498915804041
0.670062204642215
0.221120527531931
0.0729697740855372
0.0240800254482273
0.007946408397915
0.672622314771312
0.221965363874533
0.0732485700785959
0.0241720281259366
0.00797676928155909
0.0026323338629145
0.000868670174761784
0.000286661157671389
9.45981820315583e-05
3.12174000704142e-05
0.670010301742023
0.221103399574868
0.0729641218597063
0.0240781602137031
0.00794579287052202
0.00262211164727226
0.000865296843599847
0.00028554795838795
9.42308262680233e-05
3.10961726684477e-05
1.02617369805877e-05
3.38637320359395e-06
1.117503157186e-06
0.670000368776042
0.891100121696094
0.964063040159711
0.318140803252705
0.104986465073393
0.0346455334742195
0.0114330260464924
0.00377289859534251
0.00124505653646303
0.000410868657032799
0.000135586656820824
4.47435967508718e-05
0.670014765386928
0.221104872577686
0.0729646079506364
0.02407832062371
0.0079458458058243
0.00262212911592202
0.000865302608254266
0.000285549860723908
9.42314540388896e-05
3.10963798328336e-05
1.02618053448351e-05
3.38639576379557e-06
1.11751060205254e-06
3.68778498677338e-07
1.21696904563521e-07
4.01599785059621e-08
1.32527929069675e-08
0.670000004373422
0.221100001443229
0.0729630004762656
0.0240777901571676
0.00794567075186532
0.00262207134811556
0.000865283544878133
0.000285543569809784
9.42293780372287e-05
3.10956947522855e-05
1.02615792682542e-05
3.38632115852389e-06
1.11748598231288e-06
3.68770374163251e-07
1.21694223473873e-07
4.0159093746378e-08
1.32525009363048e-08
4.37332530898057e-09
0.670000001443197
0.221100000476255
0.0729630001571642
0.0240777900518642
0.00794567071711518
0.00262207133664801
0.000865283541093842
0.000285543568560968
9.42293776251194e-05
3.10956946162894e-05
1.02615792233755e-05
3.38632114371392e-06
1.11748597742559e-06
0.670000368770373
0.221100121694223
0.0729630401590936
0.0240778032525009
0.00794567507332529
0.00262207277419734
0.000865284015485124
0.000285543725110091
9.42294292863299e-05
3.10957116644889e-05
1.02615848492813e-05
3.38632300026284e-06
1.11748659008674e-06
3.68770574728623e-07
1.21694289660446e-07
4.0159115587947e-08
1.32525081440225e-08
4.37332768752743e-09
1.44319813688405e-09
4.76255385171737e-10
1.57164277106673e-10
5.18642114452021e-11
1.71151897769167e-11
5.64801262638251e-12
1.86384416670623e-12
0.670000000000615
0.221100000000203
0.072963000000067
0.0240777900000221
0.00794567070000729
0.00262207133100241
0.000865283539230794
0.000285543567946162
9.42293774222334e-05
3.1095694549337e-05
1.02615792012812e-05
3.3863211364228e-06
1.11748597501952e-06
3.68770371756443e-07
1.21694222679626e-07
4.01590934842766e-08
1.32525008498113e-08
4.37332528043772e-09
1.44319734254445e-09
4.76255123039668e-10
1.5716419060309e-10
5.18641828990198e-11
1.71151803566765e-11
5.64800951770326e-12
1.86384314084208e-12
6.15068236477885e-13
2.02972518037702e-13
6.69809309524416e-14
2.21037072143057e-14
7.29422338072089e-15
2.40709371563789e-15
7.94340926160505e-16
2.62132505632967e-16
8.6503726858879e-17
2.85462298634301e-17
9.42025585493192e-18
0.67
0.2211
0.072963
0.02407779
0.0079456707
0.002622071331
0.000865283539229999
0.0002855435679459
9.42293774221469e-05
3.10956945493085e-05
1.02615792012718e-05
3.38632113641969e-06
1.1174859750185e-06
3.68770371756104e-07
1.21694222679514e-07
4.01590934842398e-08
1.32525008497991e-08
0.670000004373325
0.891100001443197
0.294063000476255
0.0970407901571642
0.0320234607518642
0.0105677420481152
0.00348735487587801
0.67115082710904
0.221479772945983
0.0730883250721744
0.0241191472738176
0.00795931860035979
0.00262657513811873
0.670866769795579
0.221386034032541
0.743057391230739
0.245208939106144
0.0809189499050274
0.696703253468659
0.229912073644657
0.075870984302737
0.0250374248199032
0.00826235019056805
0.00272657556288746
0.000899769935752861
0.670296924078798
0.221197984946003
0.0729953350321811
0.69408846056062
0.899049191985005
0.296686233355051
0.097906457007167
0.702309130812365
0.23176201316808
0.0764814643454665
0.025238883234004
0.0083288314672213
0.00274851438418303
0.0009070097467804
0.000299313216437532
0.670098773361424
0.22113259520927
0.0729737564190591
0.69408133961829
0.229046842074036
0.0755854578844317
2.03494320110186
0.671531256363615
0.221605314599993
0.0731297538179976
0.0241328187599392
0.00796383019077994
0.672628063962957
0.221967261107776
0.073249196165566
0.0241722347346368
0.00797683746243014
0.672632356362602
0.221968677599659
0.743249663607887
1.5852723889906
1.8631398883669
0.614836163161077
0.202895933843155
0.0669556581682412
0.0220953671955196
0.00729147117452147
0.672406185487592
0.221894041210905
0.0732250335995988
0.0241642610878676
0.0079742061589963
0.672631488032469
0.221968391050715
0.743249569046736
0.915272357785423
0.302039878069189
0.0996731597628325
0.0328921427217347
0.0108544070981725
0.00358195434239691
0.00118204493299098
0.000390074827887023
0.000128724693202718
4.24791487568968e-05
1.4018119089776e-05
4.62597929962607e-06
0.670001526573169
0.221100503769146
0.0729631662438181
0.02407784486046
0.00794568880395179
0.00262207730530409
0.000865285510750349
0.000285544218547615
0.670094229592121
0.2211310957654
0.0729732616025819
0.694081176328852
0.229046788188521
0.075585440102212
0.0249431952337299
0.00823125442713088
0.00271631396095319
0.000896383607114553
0.000295806590347802
9.76161748147748e-05
3.22133376888757e-05
0.670010630401437
0.891103508032474
0.294064157650716
0.0970411720247364
0.032023586768163
0.0105677836334938
0.673487368599053
0.222250831637687
0.0733427744404369
0.0242031155653442
0.677987028136564
0.223735719285066
0.0738327873640718
0.694364819830144
0.229140390543947
0.0756163288795026
0.0249533885302359
0.00823461821497783
0.672717424010943
0.221996749923611
0.0732589274747916
0.694175446066681
0.229077897202005
0.745595706076662
0.246046583005298
0.0811953723917484
0.026794472889277
0.0088421760534614
0.00291791809764226
0.000962912972221947
0.000317761280833242
0.00010486122267497
3.46042034827401e-05
1.14193871493042e-05
3.76839775927039e-06
0.670001243571261
0.221100410378516
0.0729631354249103
0.0240778346902204
0.00794568544777273
0.672622076197765
0.221965285145262
0.0732485440979366
0.0241720195523191
0.00797676645226529
0.00263233292924755
0.00086866986665169
0.000286661055995058
9.4598148478369e-05
3.12173889978618e-05
1.03017383692944e-05
3.39957366186715e-06
0.670001121859308
0.221100370213572
0.0729631221704787
0.024077830316258
0.00794568400436513
0.00262207572144049
0.000865284988075362
0.000285544046064869
9.42295352014069e-05
3.10957466164643e-05
1.02615963834332e-05
0.670003386326807
0.891101117487846
0.294063368770989
0.0970409116944264
0.0320235008591607
0.680567755283523
0.224587359243563
0.0741138285503757
0.024457563421624
0.00807099592913591
0.00266342865661485
0.0008789314566829
0.000290047380705357
9.57156356327678e-05
3.15861597588134e-05
1.04234327204084e-05
0.670003439732798
0.221101135111823
0.742963374586902
0.915177913613678
0.972008711492514
0.990762874792529
0.996951748681535
0.998994077064906
0.329668045431419
0.778790454992368
0.257000850147482
0.0848102805486689
0.0279873925810607
0.00923583955175004
1.34304782705208
1.11320578292719
0.367357908365971
0.12122810976077
0.0400052762210543
0.0132017411529479
0.00435657458047281
0.00143766961155603
0.670474430971813
0.221256562220698
0.0730146655328305
0.0240948396258341
0.00795129707652524
0.672623928035253
0.221965896251634
0.0732487457630391
0.0241720861018029
0.00797678841359495
0.00263234017648633
0.00086867225824049
0.000286661845219362
9.45984089223894e-05
0.670031217474944
0.221110301766732
0.0729663995830214
0.0240789118623971
0.677946040914591
0.223722193501815
0.743828323855599
0.915463346872348
0.302102904467875
0.0996939584743986
0.0328990062965515
0.010856672077862
0.00358270178569446
0.671182291589279
0.221490156224462
0.0730917515540725
0.0241202780128439
0.00795969174423849
0.0026266982755987
0.000866810430947572
0.000286047442212699
9.43956559301905e-05
3.11505664569629e-05
1.02796869307977e-05
3.39229668716326e-06
0.670001119457907
0.221100369421109
0.072963121908966
0.0240778302299588
0.0079456839758864
0.00262207571204251
0.000865284984974029
0.00028554404504143
9.42295348636717e-05
3.10957465050117e-05
1.02615963466538e-05
3.38632679439577e-06
1.1174878421506e-06
0.670000368770988
0.891100121694426
0.294063040159161
0.767040803252523
0.253123465073333
1.4235307434742
1.13976514534649
1.04612249796434
3.02522042432823
3.00832274002832
1.66274650420934
0.548706346389084
1.5210730943084
1.17195412112177
1.05674485997018
1.68872580379016
0.557279515250753
0.853902240032749
1.62178773921081
1.20518995393957
2.40771268480006
2.80454518598402
1.59549991137473
0.52651497075366
2.18374994034871
0.720637480315074
2.24781036850397
2.08177742160631
0.686986549130083
0.896705561212927
1.63591283520027
1.87985123561609
1.29035090775331
1.09581579955859
1.70161921385434
2.57153434057193
1.51860633238874
2.51114008968828
1.49867622959713
2.50456315576705
0.826505841403128
1.61274692766303
1.2022064861288
2.4067281404225
2.13422028633943
1.37429269449201
2.46351658918236
3.49296047443018
3.16267695656196
5.06368339566545
3.0110155205696
0.993635121787967
0.997899590190029
1.66930686476271
3.23087126537169
2.40618751757266
1.46404188079898
1.15313382066366
2.39053416081901
2.79887627307027
2.93362917011319
0.968097626137353
4.33947221662533
2.10202583148636
0.693668524390498
1.56891061304886
2.52774050230613
3.51415436576102
3.83967094070114
4.61709141043138
4.87364016544235
4.95830125459598
3.64623941401667
3.2132590066255
1.06037547218642
2.35992390582152
4.7987748889211
1.58359571334396
1.19258658540351
1.73355357318316
1.24207267915044
0.409883984119646
1.47526171475948
1.82683636587063
3.95285600073731
1.97444248024331
1.99156601848029
2.6672167860985
1.5501815394125
1.18155990800613
4.40991476964202
3.46527187398187
3.82353971841402
2.60176810707663
2.19858347533529
2.73553254686064
0.902725740464013
1.63789949435312
1.88050683313653
1.96056725493506
0.646987194128568
1.55350577406243
3.1926569054406
2.3935767787954
2.79988033700248
2.93396051121082
5.65820696869957
3.20720829967086
3.73837873889138
3.24366498383416
3.75040944466527
2.57763511673954
2.19061958852405
2.06290446421294
0.680758473190269
1.56465029615279
3.19633459773042
4.40479041725104
4.13358083769284
2.70408167643864
4.91234695322475
2.29107449456417
3.43605458320618
1.80389801245804
1.93528634411115
3.31864449355668
5.1151526828737
2.35800038534832
3.45814012716495
1.81118624196443
0.597691459848263
0.197238181749927
1.40508859997748
1.80367923799257
1.93521414853755
1.30862066901739
3.78184482077574
5.26800879085599
5.08844290098248
1.67918615732422
3.90413143191699
3.29836337253261
1.75845991293576
0.580291771268801
0.861496284518704
0.284293773891172
1.43381694538409
4.49315959197675
2.15274266535233
2.72040507956627
2.90773367625687
2.29955211316477
3.43885219734437
1.80482122512364
1.9355910042908
0.638745031415965
1.55078586036727
1.1817593339212
1.729980580194
3.92089359146402
2.63389488518313
2.20918531211043
2.73903115299644
1.57388028048883
2.52938049256131
2.84469556254523
4.95874953563993
2.97638734676118
2.32220782443119
1.43632858206229
3.15398843208056
1.71081618258658
1.90456934025357
1.29850788228368
2.43850760115361
4.15470750838069
3.38105347776563
1.11574764766266
1.03819672372868
1.01260491883046
1.67415962321405
1.89247267566064
2.63451598296801
0.869390274379443
1.62689879054522
1.20687660087992
0.398269278290374
0.131428861835823
1.38337152440582
1.12651260305392
2.38174915900779
2.12597722247257
2.04157248341595
0.673718919527263
0.892327243443997
0.294467990336519
0.0971744368110512
0.0320675641476469
2.02058229616872
0.666792157735679
0.890041412052774
1.63371366597742
0.539125509772547
2.18791141822494
0.72201076801423
0.238263553444696
1.41862697263675
0.468146900970127
0.824488477320142
0.942081197515647
0.980886795180163
0.993692642409454
1.66791857199512
0.55041312875839
0.851636332490269
0.281039989721789
0.0927431966081902
0.0306052548807028
0.0100997341106319
0.00333291225650853
0.671099861044648
0.891462954144734
0.294182774867762
0.0970803157063615
0.0320365041830993
0.0105720463804228
0.00348877530553951
0.671151295850828
0.221479927630773
0.743088376118155
0.245219164118991
1.42092232415927
0.468904366972558
0.154738441100944
0.0510636855633116
0.0168510162358928
0.00556083535784463
0.00183507566808873
0.00060557497046928
0.000199839740254862
6.59471142841045e-05
2.17625477137545e-05
7.18164074553898e-06
2.36994144602786e-06
7.82080677189195e-07
2.58086623472434e-07
8.51685857459033e-08
2.81056332961481e-08
9.27485898772887e-09
3.06070346595053e-09
1.01003214376367e-09
3.33310607442012e-10
1.09992500455864e-10
3.62975251504351e-11
1.19781832996436e-11
3.95280048888238e-12
1.30442416133119e-12
4.30459973239292e-13
1.42051791168966e-13
4.68770910857588e-14
1.54694400583004e-14
5.10491521923914e-15
1.68462202234891e-15
5.55925267375142e-16
1.83455338233797e-16
6.05402616171529e-17
0.67
0.2211
0.072963
0.02407779
0.0079456707
0.672622071331
0.22196528353923
0.0732485435679459
0.0241720193774221
0.0079767663945493
0.00263233291020127
0.000868669860366419
0.000286661053920918
9.4598147793903e-05
3.1217388771988e-05
1.0301738294756e-05
3.39957363726949e-06
1.12185930029893e-06
0.670000370213569
0.221100122170478
0.742963040316258
0.915177803304365
0.30200867509044
0.0996628627798453
0.032888744717349
0.680853285756725
0.894681584299719
0.965244922818907
0.988530824530239
0.326215172094979
1.44765100679134
1.81772483224114
0.599849194639577
0.19795023423106
1.40532357729625
1.80375678050776
0.595239737567562
0.866429113397295
0.285921607421107
0.764354130448965
0.252236863048159
0.753238164805892
2.25856859438594
2.08532763614736
1.35815811992863
3.79819217957645
1.25340341926023
0.413623128355875
0.136495632357439
0.715043558677955
0.235964374363725
0.0778682435400293
0.0256965203682097
1.34847985172151
1.7849983510681
3.26904945585247
1.07878632043132
1.69599948574233
1.89967983029497
0.62689434399734
0.876875133519122
0.95936879406131
2.32659170204023
2.10777526167328
4.04556583635218
2.00503672599622
2.67166211957875
1.55164849946099
1.18204400482213
3.0700745215913
1.68312459212513
1.22543111540129
3.08439226808243
1.6878494484672
2.56699031799418
0.847106804938078
0.949545245629566
1.65334993105776
1.21560547724906
2.41114980749219
0.795679436472423
1.6025742140359
1.86884949063185
1.95672033190851
2.65571770952981
1.54638684414484
1.1803076585678
1.05950152732737
1.01963550401803
2.34647971632595
2.78433830638756
2.2588316411079
0.745414441565606
2.92598676571665
1.63557563268649
1.20973995878654
0.399214186399559
0.131740681511855
2.05347442489891
1.34764656021664
0.444723364871491
1.48675871040759
3.84063037443451
1.93740802356339
4.65934464777592
3.54758373376605
2.5107026321428
1.49853186860712
2.50451551664035
3.50649012049132
5.17714173976213
2.3784567741215
1.4548907354601
1.82011394270183
2.6106376010916
0.861510408360229
2.96429843475888
2.31821848347043
2.77501209954524
1.58575399284993
1.19329881764048
4.41378860982136
2.79655024124105
0.922861579609546
0.97454432127115
0.991599626019479
0.997227876586428
0.999085199273521
2.33969811576026
2.11210037820089
1.36699312480629
1.12110773118608
1.70996555129141
0.564288631926164
1.52621524853563
2.51365103201676
2.16950484056553
2.05593659738663
1.34845907713759
1.1149914954554
1.70794719350028
1.23362257385509
0.407095449372181
0.80434149829282
0.26543269443663
2.09759278916409
2.03220562042415
0.670627854739969
1.56130719206419
1.18523137338118
2.40112635321579
1.46237169656121
0.482582659865199
0.829252277755516
1.61365325165932
0.532505573047576
0.8457268391057
0.279089856904881
0.0920996527786107
0.700392885416942
0.231129652187591
0.746272785221905
0.916270019123229
1.64236910631067
3.89198180508252
1.28435399567723
0.423836818573486
1.47986615012925
0.488355829542653
1.50115742374908
1.16538194983719
2.39457604344627
1.46021009433727
1.8218693311313
1.94121687927333
3.3206015701602
1.76579851815287
3.26271351099045
3.75669545862685
2.57970950134686
4.20130413544446
4.73643036469667
2.9030220203499
1.62799726671547
1.8772390980161
1.28948890234531
3.77553133777395
3.9259253414654
2.63555536268358
1.53973326968558
3.18811197899624
2.39207695306876
1.45938539451269
1.15159718018919
1.05002706946243
2.3565089329226
4.12764794786446
2.03212382279527
2.68060086152244
1.55459828430241
3.19301743381979
1.72369575316053
0.568819598542975
0.857710467519182
3.63304445428133
4.54890466991284
2.84113854107124
1.60757571855351
1.20049998712266
1.06616499575048
2.36183444859766
1.44940536803723
0.478303771452285
1.49784024457925
0.494287280711154
0.163114802634681
1.39382788486944
1.79996320200692
0.593987856662282
0.866015992698553
0.285785277590523
0.0943091416048724
0.0311220167296079
0.0102702655207706
0.0033891876218543
0.00111843191521192
0.67036908253202
1.56122179723557
0.515203193087737
0.840017053718953
0.947205627727255
0.982577857149994
0.324250692859498
1.44700272864363
0.477510900452399
0.157578597149292
0.0520009370592663
0.687160309229558
0.896762902045754
0.295931757675099
0.0976574800327826
0.0322269684108183
0.01063489957557
0.00350951685993811
0.00115814056377958
0.00038218638604726
0.000126121507395596
4.16200974405466e-05
1.37346321553804e-05
4.53242861127552e-06
1.49570144172092e-06
0.670000493581476
0.221100162881887
0.0729630537510227
0.0240778077378375
0.00794567655348637
0.672622073262651
0.221965284176675
0.0732485437783026
0.0241720194468399
0.00797676641745716
0.00263233291776086
0.000868669862861084
0.000286661054744158
9.4598148065572e-05
3.12173888616388e-05
1.03017383243408e-05
3.39957364703246e-06
1.12185930352071e-06
3.70213570161835e-07
1.22170478153406e-07
4.03162577906238e-08
1.33043650709059e-08
4.39044047339893e-09
1.44884535622165e-09
4.78118967553144e-10
1.57779259292537e-10
0.670000000052067
0.221100000017182
0.0729630000056701
0.0240777900018711
0.00794567070061747
0.00262207133120377
0.000865283539297242
0.00028554356796809
9.42293774294697e-05
3.1095694551725e-05
1.02615792020692e-05
3.38632113668285e-06
1.11748597510534e-06
3.68770371784762e-07
1.21694222688972e-07
0.670000040159094
0.221100013252501
0.742963004373325
0.915177791443197
0.972008671176255
0.320762861488164
0.105851744291094
0.0349310756160611
0.0115272549533001
0.00380399413458905
0.00125531806441439
0.000414254961256747
0.000136704137214727
4.51123652808598e-05
2.68001488708054
0.884404912736579
0.961853621203071
0.317411694997013
0.104745859349014
0.0345661335851747
0.0114068240831077
0.00376425194742553
0.67124220314265
0.221509927037075
0.0730982759222346
0.0241224310543374
0.00796040224793135
0.672626932741817
0.2219668878048
1.41324907297558
3.14637219408194
1.70830282404704
1.23373993193552
1.07713417753872
0.355454278587779
0.117299911933967
0.708708970938209
0.233873960409609
0.747178406935171
2.25656887428861
0.74466772851524
2.25574035041003
2.75439431563531
2.24895012415965
1.41215354097269
1.13601066852099
1.04488352061193
0.344811561801935
0.113787815394639
0.0375499790802307
0.0123914930964761
0.00408919272183713
1.34134943359821
1.78264531308741
0.588272953318845
0.864130074595219
2.29516292461642
2.09740376512342
2.03214324249073
1.34060727002194
1.78240039910724
1.25819213170539
1.75520340346278
1.24921712314272
1.7522416506371
1.24823974471024
0.41191911575438
0.135933308198945
0.714857991705652
0.905903137262865
1.63894803529675
0.540852851647926
0.848481441043816
2.95999887554446
2.31679962892967
3.44454387754679
1.80669947959044
1.26621082826485
1.7578495733274
2.59009035919804
0.854729818535354
4.30206084011667
2.0896800772385
2.02959442548871
0.669766160411273
2.90102283293572
2.29733753486879
2.7681213865067
2.25348005754721
2.75364841899058
2.24870397826689
2.75207231282807
2.24818386323326
0.741900674866977
0.244827222706102
0.750792983493014
0.247761684552695
1.42176135590239
0.469181247447788
2.83482981165777
2.94549383784706
1.64201296648953
1.21186427894155
1.06991521205071
0.353072019976734
0.786513766592322
0.259549542975466
1.4256513491819
1.81046494523003
3.27745343192591
1.08155963253555
1.69691467873673
0.559981843983121
0.85479400851443
2.29208202280976
2.76638706752722
0.912907732283983
1.64125955165371
1.88161565204573
1.96093316517509
1.31710794450778
0.434645621687567
0.813433055156897
0.268432908201776
2.09858285970659
0.692532343703173
0.898535673422047
2.97651677222928
3.66225053483566
2.54854267649577
2.1810190832436
2.05973629747039
0.679712978165228
1.56430528279453
0.516220743322193
0.840352845296324
1.61731643894779
0.53371442485277
2.18612576020141
0.721421500866467
1.57806909528593
1.19076280144436
0.392951724476638
3.47967406907729
2.48829244279551
2.83113650612252
1.60427504702043
4.54941076551674
2.17130555262052
2.05653083236477
0.678655174680375
1.56395620764452
2.52610554852269
2.17361483101249
1.38729289423412
1.12780665509726
2.3821761961821
2.79611814474009
4.27271898776423
3.4199972659622
3.13859909776752
3.04573770226328
1.67509344174688
1.22278083577647
0.403517675806236
0.803160833016058
1.6050430748953
1.86966421471545
2.6269891908561
2.20690643298251
2.73827912288423
0.903632110551796
4.31819859648209
2.09500553683909
0.6913518271569
0.898146102961777
0.966388213977386
0.318908110612537
0.105239676502137
3.38472909324571
2.45696060077108
0.810796998254457
3.61756300942397
1.86379579310991
1.28505261172627
1.76406736186967
1.25214222941699
3.09320693570761
3.70075828878351
2.56125023529856
1.51521257764852
1.84002015062401
2.61720664970592
0.863678194402955
0.955013804152975
0.315154555370482
2.11400100327226
1.36762033107985
1.12131470925635
1.0400338540546
1.01321117183802
1.00435968670655
0.33143869661316
1.44937476988234
1.14829367406117
1.71893691244019
1.90724918110526
1.29939222976474
0.428799435822363
0.81150381382138
1.60779625856106
1.20057276532515
0.396189012557299
0.130742374143909
0.71314498346749
0.905337844544272
0.96876148869961
0.989691291270871
0.996598126119387
0.328877381619398
0.108529535934401
1.37581474685835
0.454018866463256
0.819826225932875
0.940542654557849
0.31037907600409
0.10242509508135
1.37380028137685
0.453354092854359
0.149606850641938
0.71937026071184
0.237392186034907
0.0783394213915193
0.695852009059201
0.899631162989536
0.966878283786547
0.31906983364956
0.105293045104355
0.0347467048844371
0.0114664126118642
0.0037839161619152
0.00124869233343202
0.000412068470032565
0.670135982595111
0.891144874256387
0.294077808504608
0.0970456768065205
0.0320250733461518
0.0105682742042301
0.00348753048739593
0.00115088506084066
1.34037979207008
1.11232533138313
0.367067359356431
0.121132228587622
0.0399736354339154
0.0131912996931921
0.00435312889875338
0.00143653253658862
0.670474055737074
0.221256438393235
0.0730146246697674
0.0240948261410232
0.00795129262653767
0.00262392656675743
0.000865895767029952
0.000285745603119884
9.42960490295617e-05
3.11176961797554e-05
1.02688397393193e-05
3.38871711397536e-06
1.11827664761187e-06
3.69031293711916e-07
1.21780326924932e-07
4.01875078852277e-08
1.32618776021251e-08
0.67000000437642
0.221100001444218
0.0729630004765921
0.0240777901572754
0.00794567075190088
0.00262207134812729
0.000865283544882005
0.000285543569811062
9.42293780376503e-05
3.10956947524246e-05
1.02615792683001e-05
3.38632115853904e-06
0.670001117485982
0.221100368770374
0.0729631216942235
0.0240778301590937
0.00794568395250093
0.00262207570432531
0.000865284982427351
0.000285544044201026
0.670094229534586
0.221131095746413
0.0729732615963164
0.0240811763267844
0.677946788187839
0.893722440101987
0.294928405233656
0.0973263737271064
0.0321177033299451
0.0105988420988819
0.00349761789263102
0.671154213904568
0.221480890588508
0.0730886938942075
0.0241192689850885
0.00795935876507919
0.00262658839247613
0.670866774169517
0.891386035475941
0.96415739170706
0.31817193926333
0.104996739956899
1.37464892418578
1.12363414498131
0.370799267843831
0.792363758388464
1.60148004026819
1.8684884132885
0.616601176385206
0.873478388207118
0.958247868108349
0.316221796475755
0.104353192836999
0.0344365536362097
1.35136406269995
4.46595014069098
2.81376354642802
0.928541970321248
0.306418850206012
0.101118220567984
0.703369012787435
0.232111774219853
4.09659688549255
4.03187697221254
4.01051940083014
3.33347140227395
1.7700455627504
2.59411503570763
1.52605796178352
0.503599127388561
0.166187712038225
2.73484194497261
1.57249784184096
1.85892428780752
2.62344501497648
0.865736854942239
0.285693162130939
0.76427874350321
0.922211985356059
2.3143299551675
2.77372888520528
2.25533053211774
2.08425907559885
2.69780549494762
2.23027581333272
1.4059910183998
2.47397703607193
1.48641242190374
0.490516099228233
2.17187031274532
4.06671720320595
1.34201667705796
1.78286550342913
2.59834561613161
2.86745405332343
4.29625983759673
2.75776574640692
2.25006269631428
4.09252068978371
4.03053182762863
2.00007550311745
3.34002491602876
2.44220822228949
3.48592871335553
2.49035647540733
0.821817636884417
2.28119982017186
3.43279594065671
1.13282266041672
1.71383147793752
1.90556438771938
2.6388362479474
1.54081596182264
3.18846926740147
2.39219485824249
2.12942430322002
1.37271002006261
1.12299430662066
7.74058812118482
4.56439407999099
2.84625004639703
1.60926251531102
2.54105663005264
3.51854868791737
1.83112106701273
2.6142699521142
1.53270908419769
1.17579399778524
0.388012019269128
1.46804396635881
3.16445450889841
2.38426998793647
4.13680909601904
4.04514700168628
2.00489851055647
1.33161650848364
0.4394334477996
0.145013037773868
0.717854302465376
0.906891919813574
1.63927433353848
1.8809605300677
1.96071697492234
1.31703660172437
0.434622078569043
0.813425285927784
0.938430344356169
1.64968201363754
3.22439506450039
1.73405037128513
1.24223662252409
2.41993808543295
1.46857956819287
1.15463125750365
1.0510283149762
1.68683934394215
1.22665698350091
0.4047968045553
1.47358294550325
1.15628237201607
1.0515731827653
0.34701915031255
0.784516319603142
1.59889038546904
1.19763382720478
1.06521916297758
0.351522323782601
0.116002366848258
0.708280781059925
0.903732657749775
2.97823177705743
1.65281648642895
0.545429440521554
1.51999171537211
1.8415972660728
3.28772709780402
1.75494994227533
2.58913348095086
2.19441404871378
2.06415663607555
3.36117168990493
2.44918665766863
2.14823159703065
4.05891642702011
1.33944242091664
0.44201599890249
0.815865279637822
2.27923554228048
0.752147728952559
3.59820875055434
2.52740888768293
2.84404493293537
0.938534827868671
1.64971649319666
0.544406442754898
0.849654126109116
0.950385861616008
1.65362733433328
2.55569702032998
1.51338001670889
4.51941540551394
2.8314070838196
0.934364337660467
2.31834023142795
1.43505227637123
2.4835672512025
0.819577192896826
2.28046047365595
0.752551956306464
2.92834214558113
1.63635290804177
1.87999645965379
0.620398831685749
0.204731614456297
0.737561432770578
1.58339527281429
1.86252044002872
0.614631745209476
2.88282847591913
2.29133339705331
1.42614002102759
3.15062620693911
1.70970664828991
2.57420319393567
0.849487053998771
0.950330727819594
1.65360914018047
0.545691016259554
0.180078035365653
1.39942575167067
1.80181049805132
0.594597464356935
0.866217163237789
0.28585166386847
0.764331049076595
0.922229246195276
1.64433565124444
1.21263076491067
1.07016815242052
1.02315549029877
0.337641311798595
0.111421632893536
0.0367691388548669
0.682133815822106
0.225104159221295
0.0742843725430273
1.3645138429392
0.450289568169936
0.818595557496079
0.940136533973706
0.980245056211323
0.323480868549737
0.106748686621413
0.0352270665850663
0.0116249319730719
0.673836227551114
0.222365955091867
0.0733807651803163
0.0242156525095044
0.00799116532813644
0.672637084558285
1.56197023790423
0.515450178508397
0.170098558907771
0.0561325244395644
0.0185237330650563
0.00611283191146857
0.00201723453078463
0.000665687395158927
0.000219676840402446
0.670072493357333
0.22112392280792
0.742970894526614
0.245180395193782
0.0809095304139482
0.0267001450366029
0.00881104786207896
0.00290764579448606
0.000959523112180398
0.000316642627019531
0.000104492066916445
3.4482382082427e-05
1.13791860872009e-05
3.75513140877629e-06
1.23919336489618e-06
0.67000040893381
0.221100134948157
0.0729630445328919
0.0240778046958543
0.677945675549632
1.56372207293138
0.516028284067355
0.170289333742227
0.0561954801349349
0.0185445084445285
0.00611968778669441
0.00201949696960916
0.000666433999971021
0.000219923219990437
7.25746625968442e-05
2.39496386569586e-05
7.90338075679633e-06
2.60811564974279e-06
8.6067816441512e-07
2.8402379425699e-07
9.37278521048066e-08
0.670000030930191
0.221100010206963
0.0729630033682978
0.0240777911115383
0.00794567106680763
0.00262207145204652
0.000865283579175351
0.000285543581127866
0.670094229381772
0.221131095695985
0.072973261579675
0.694081176321293
0.229046788186027
0.0755854401013888
0.0249431952334583
0.00823125442704123
0.00271631396092361
0.00089638360710479
0.000295806590344581
0.670097616174814
0.891132213337689
0.294073630401437
2.77704429803247
0.916424618350716
0.972420124055736
0.320898640938393
0.77589655150967
0.256045861998191
0.084495134459403
0.697883394371603
0.900301520142629
0.297099501647068
0.0980428355435323
0.702354135729366
2.24177686479069
0.739786365380928
2.25412950057571
0.743862735189983
0.915474702612694
0.972106651862189
0.990795195114522
0.996962414387792
0.328997596747971
0.108569206926831
0.0358278382858541
0.0118231866343318
1.34390165158933
1.11348754502448
0.367450889858078
1.46125879365317
1.82221540190554
0.60133108262883
0.868439257267514
1.62658495489828
1.87677303511643
2.62933510158842
2.87768058352418
1.61963459256298
2.54447941554578
1.50967820713011
0.498193808352936
1.50440395675647
1.83645330572963
0.606029590890779
2.20998976499396
1.39929662244801
1.80176788540784
1.26458340218459
1.08731252272091
2.3688131324979
2.12170833372431
3.38016375012902
1.11545403754258
1.03809983238905
1.01257294468839
0.334149071747168
0.110269193676565
1.37638883391327
1.12420831519138
0.370988744013155
0.792426285524341
1.60150067422303
1.1984952224936
0.395503423422888
2.14051612972955
2.04637032281075
0.675302206527548
0.892849728154091
1.63464041029085
1.87943133539598
0.620212340680674
0.204670072424622
0.0675411239001253
0.692288570887041
0.228455228392724
0.745390225369599
0.245978774371968
1.42117299554275
3.14898708852911
1.03916573921461
1.68292469394082
2.56536514900047
1.51657049917016
1.84046826472615
2.61735452735963
1.53372699402868
3.18612990802946
1.72142286964972
1.90806954698441
1.29966295050485
0.428888773666602
0.811533295309979
1.60780598745229
3.21057597585926
1.72949007203355
0.570731723771073
1.52834146884445
2.51435268471867
2.16973638595716
2.72601300736586
1.56958429243073
2.52796281650214
2.84422772944571
0.938595150717083
0.979736399736638
0.99331301191309
0.32779329393132
0.778171786997336
1.59679668970912
1.19694290760401
1.73499115950932
1.24254708263808
2.42004053727057
1.46861337729929
1.82464241450876
0.602131996787892
0.198703558940004
0.0655721744502014
1.36163881756857
1.78934080979763
0.590482467233217
0.864859214186962
0.955403540681697
0.98528316842496
0.995143445580237
1.66839733704148
1.22057112122369
0.402788470003817
0.80292019510126
0.934963664383416
0.978538009246527
0.992917543051354
0.997662789206947
0.999228720438292
0.999745477744636
0.99991600765573
0.329972282526391
0.778890853233709
0.927033981567124
0.975921213917151
2.33205400059266
1.43957782019558
1.14506068066454
1.0478700246193
0.345797108124368
0.784113045681042
0.928757305074744
0.976489910674665
1.66224167052264
0.548539751272471
0.851018117919915
0.950835978913572
0.313775873041479
0.103546038103688
1.37417019257422
1.12347616354949
1.71074713397133
1.90454655421054
1.29850036288948
1.09850511975353
0.362506689518664
0.119627207541159
0.0394769784885825
0.683027402901232
2.90539904295741
2.96878168417594
0.979697955778062
0.32330032540676
1.44668910738423
0.477407405436796
0.157544443794143
0.0519896664520671
0.0171565899291821
1.34566167467663
1.11406835264329
0.367642556372285
0.121322043602854
0.710036274388942
0.904311970548351
0.968422950280956
2.32957957359272
1.4387612592856
0.474791215564247
0.156681101136201
0.0517047633749464
0.0170625719137323
0.00563064873153167
0.00185811408140545
0.000613177646863799
0.000202348623465053
0.670066775045744
0.221122035765095
0.0729702718024815
1.36408018969482
1.12014646259929
1.03964833265777
0.343083949777063
0.113217703426431
0.0373618421307221
0.0123294079031383
0.00406870460803564
0.00134267252065176
0.000443081931815081
0.000146217037498977
4.82516223746623e-05
1.59230353836386e-05
5.25460167660072e-06
1.73401855327824e-06
0.670000572226123
