0
0
0
0
0
0
0
0
0
0
0
0
0
0
0
0
0
0
0
0
0
0
0
0
0
0
0
0
0
0
0
0.125
0.1175
0.17045
0.160223
0.15060962
0.1415730428
0.133078660232
0.12509394061808
0.117588304180995
0.110533005930135
0.103901025574327
0.0976669640398677
0.0918069461974756
0.0862985294256271
0.0811206176600894
0.0762533806004841
0.071678177764455
0.0673774870985877
0.0633348378726724
0.0595347476003121
0.0559626627442934
0.0526049029796358
0.0494486088008576
0.0464816922728062
0.0436927907364378
0.0410712232922515
0.0386069498947164
0.0362905329010334
0.0341131009269714
0.0320663148713531
0.030142335979072
0.0283337958203276
0.026633768071108
0.0250357419868415
0.023533597467631
0.0221215816195731
0.0807942867223988
0.0759466295190548
0.0713898317479115
0.0671064418430368
0.0630800553324546
0.0592952520125073
0.0557375368917569
0.0523932846782515
0.0492496875975564
0.046294706341703
0.0435170239612008
0.0409060025235288
0.038451642372117
0.03614454382979
0.0339758712000026
0.0319373189280025
0.0300210797923223
0.028219815004783
0.026526626104496
0.0249350285382262
0.0234389268259327
0.0220325912163767
0.0207106357433941
0.0194679975987904
0.018299917742863
0.0172019226782912
0.0761698073175938
0.0715996188785381
0.0673036417458258
0.0632654232410763
0.119469497846612
0.112301327975815
0.105563248297266
0.15922945339943
0.149675686195464
0.140695145023736
0.132253436322312
0.124318230142974
0.116859136334395
0.109847588154331
0.103256732865072
0.0970613288931672
0.0912376491595772
0.0857633902100026
0.0806175867974024
0.0757805315895582
0.131233699694185
0.183359677712534
0.172358097049782
0.162016611226795
0.152295614553187
0.143157877679996
0.134568405019196
0.186494300718044
0.175304642674962
0.164786364114464
0.154899182267596
0.14560523133154
0.136868917451648
0.128656782404549
0.180937375460276
0.230081132932659
0.2162762649567
0.203299689059298
0.19110170771574
0.179635605252796
0.168857468937628
0.15872602080137
0.149202459553288
0.140250311980091
0.131835293261285
0.123925175665608
0.116489665125672
0.109500285218131
0.162930268105043
0.153154452018741
0.143965184897616
0.135327273803759
0.127207637375534
0.179575179133002
0.168800668385022
0.15867262828192
0.149152270585005
0.140203134349905
0.19179094628891
0.180283489511576
0.229466480140881
0.215698491332428
0.262756581852483
0.246991186941334
0.232171715724854
0.218241412781362
0.205146928014481
0.192838112333612
0.181267825593595
0.170391756057979
0.160168250694501
0.210558155652831
0.317924666313661
0.298849186334841
0.340918235154751
0.440463141045466
0.414035352582738
0.389193231427773
0.365841637542107
0.40389113928958
0.379657670932206
0.416878210676273
0.391865518035697
0.368353586953555
0.406252371736342
0.381877229432161
0.358964595666232
0.337426719926258
0.317181116730682
0.298150249726841
0.280261234743231
0.263445560658637
0.247638827019119
0.232780497397971
0.218813667554093
0.205684847500848
0.193343756650797
0.181743131251749
0.170838543376644
0.160588230774045
0.210952936927603
0.198295760711946
0.18639801506923
0.175214134165076
0.224701286115171
0.211219208948261
0.198546056411365
0.186633293026683
0.175435295445082
0.224909177718377
0.211414627055275
0.198729749431958
0.186805964466041
0.175597606598078
0.165061750202194
0.155158045190062
0.145848562478658
0.137097648729939
0.128871789806142
0.121139482417774
0.173871113472707
0.163438846664345
0.153632515864484
0.144414564912615
0.135749691017858
0.127604709556787
0.11994842698338
0.112751521364377
0.105986430082514
0.0996272442775633
0.0936496096209095
0.0880306330436549
0.0827487950610356
0.0777838673573735
0.0731168353159311
0.0687298251969752
0.0646060356851567
0.0607296735440473
0.117085893131404
0.11006073954352
0.103457095170909
0.0972496694606544
0.0914146892930151
0.145929807935434
0.137174019459308
0.12894357829175
0.121206963594245
0.17393454577859
0.163498473031875
0.153688564649962
0.204467250770964
0.252199215724706
0.237067262781224
0.222843227014351
0.20947263339349
0.19690427538988
0.185090018866487
0.173984617734498
0.163545540670428
0.153732808230203
0.14450883973639
0.135838309352207
0.127688010791075
0.18002673014361
0.229225126334993
0.215471618754894
0.2025433216296
0.190390722331824
0.178967278991915
0.1682292422524
0.158135487717256
0.14864735845422
0.139728516946967
0.131344805930149
0.12346411757434
0.11605627051988
0.109092894288687
0.102547320631366
0.0963944813934838
0.0906108125098748
0.0851741637592823
0.0800637139337254
0.0752598910977018
0.0707442976318397
0.0664996397739293
0.0625096613874936
0.058759081704244
0.0552335368019893
0.05191952459387
0.0488043531182378
0.0458760919311435
0.0431235264152749
0.0405361148303584
0.0381039479405369
0.0358177110641047
0.0336686484002584
0.0316485294962429
0.0297496177264683
0.0879646406628802
0.0826867622231074
0.0777255564897209
0.0730620231003377
0.0686783017143174
0.0645576036114584
0.0606841473947709
0.0570430985510846
0.0536205126380195
0.0504032818797384
0.0473790849669541
0.0445363398689368
0.0418641594768006
0.0393523099081926
0.036991171313701
0.0347717010348789
0.0326853989727862
0.090724275034419
0.0852808185323539
0.140163969420413
0.131754131255188
0.123848883379877
0.116417950377084
0.109432873354459
0.102866900953191
0.0966948868959999
0.0908931936822399
0.0854396020613055
0.0803132259376272
0.0754944323813695
0.0709647664384874
0.126706880452178
0.119104467625047
0.111958199567545
0.105240707593492
0.0989262651378824
0.0929906892296094
0.0874112478758329
0.0821665730032829
0.0772365786230859
0.0726023839057007
0.0682462408713587
0.0641514664190772
0.0603023784339325
0.0566842357278966
0.0532831815842228
0.0500861906891694
0.107081019247819
0.10065615809295
0.0946167886073731
0.0889397812909307
0.0836033944134748
0.0785871907486664
0.0738719593037464
0.0694396417455216
0.0652732632407903
0.0613568674463429
0.0576754553995623
0.0542149280755885
0.0509620323910532
0.04790431044759
0.0450300518207346
0.0423282487114905
0.0397885537888011
0.097401240561473
0.0915571661277847
0.0860637361601176
0.0808999119905105
0.0760459172710799
0.0714831622348151
0.0671941725007262
0.0631625221506826
0.0593727708216416
0.0558104045723431
0.0524617802980025
0.0493140734801224
0.046355229071315
0.0435739153270361
0.040959480407414
0.0385019115829691
0.036191796887991
0.0340202890747115
0.0319790717302288
0.0300603274264151
0.0282567077808302
0.0265613053139804
0.0249676269951415
0.0234695693754331
0.0220613952129071
0.0207377115001326
0.0194934488101247
0.0183238418815172
0.0172244113686262
0.0761909466865086
0.0716194898853181
0.067322320492199
0.0632829812626671
0.059486002386907
0.0559168422436926
0.0525618317090711
0.0494081218065268
0.0464436344981352
0.0436570164282471
0.101037595442552
0.0949753397159991
0.0892768193330391
0.0839202101730568
0.0788849975626734
0.074151897708913
0.0697027838463782
0.0655206168155955
0.0615893798066598
0.0578940170182602
0.0544203759971646
0.111155153437335
0.104485844231095
0.0982166935772289
0.0923236919625952
0.0867842704448395
0.0815772142181491
0.0766825813650601
0.0720816264831565
0.0677567288941671
0.0636913251605171
0.0598698456508861
0.0562776549118329
0.0529009956171229
0.109726935880096
0.10314331972729
0.0969547205436524
0.0911374373110333
0.145669191072371
0.136929039608029
0.128713297231547
0.120990499397654
0.173731069433795
0.163307205267767
0.213508772951701
0.200698246574599
0.188656351780123
0.177336970673316
0.226696752432917
0.213094947286942
0.260309250449725
0.304690695422742
0.286409253697377
0.269224698475535
0.313071216567003
0.294286943572982
0.336629726958603
0.316431943341087
0.357446026740622
0.335999265136185
0.315839309228014
0.296888950674333
0.279075613633873
0.26233107681584
0.24659121220689
0.231795739474477
0.217887995106008
0.204814715399647
0.192525832475669
0.180974282527128
0.170115825575501
0.159908876040971
0.150314343478512
0.141295482869802
0.132817753897614
0.184848688663757
0.173757767343931
0.163332301303295
0.153532363225098
0.204320421431592
0.192061196145696
0.180537524376955
0.169705272914337
0.159522956539477
0.149951579147108
0.140954484398282
0.192497215334385
0.180947382414322
0.170090539469463
0.159885107101295
0.150292000675217
0.141274480634704
0.132798011796622
0.184830131088824
0.173740323223495
0.163315903830085
0.15351694960028
0.144305932624263
0.135647576666808
0.127508722066799
0.119858198742791
0.112666706818224
0.10590670440913
0.159552302144582
0.149979164015907
0.200980414174953
0.188921589324456
0.177586293964988
0.166931116327089
0.156915249347464
0.147500334386616
0.138650314323419
0.130331295464014
0.122511417736173
0.115160732672003
0.108251088711682
0.161756023388981
0.152050661985643
0.142927622266504
0.134351964930514
0.126290847034683
0.118713396212602
0.171590592439846
0.221295156893455
0.208017447479848
0.195536400631057
0.243804216593194
0.229175963597602
0.215425405781746
0.262499881434841
0.306749888548751
0.348344895235826
0.387444201521676
0.424197549430375
0.398745696464553
0.37482095467668
0.472331697396079
0.443991795552314
0.417352287819175
0.392311150550025
0.368772481517023
0.346646132626002
0.325847364668442
0.306296522788335
0.287918731421035
0.270643607535773
0.254404991083627
0.239140691618609
0.224792250121492
0.211304715114203
0.198626432207351
0.18670884627491
0.175506315498415
0.16497593656851
0.155077380374399
0.145772737551935
0.137026373298819
0.12880479090089
0.121076503446837
0.113811913240027
0.106983198445625
0.160564206538887
0.210930354146554
0.198274532897761
0.186378060923895
0.175195377268461
0.164683654632354
0.154802635354413
0.145514477233148
0.136783608599159
0.128576592083209
0.120861996558217
0.113610276764724
0.10679366015884
0.10038604054931
0.154362878116351
0.14510110542937
0.136395039103608
0.128211336757392
0.120518656551948
0.113287537158831
0.106490284929301
0.100100867833543
0.0940948157635306
0.0884491268177187
0.143142179208656
0.134553648456136
0.126480429548768
0.118891603775842
0.111758107549291
0.105052621096334
0.098749463830554
0.0928244960007207
0.0872550262406775
0.0820197246662368
0.0770985411862626
0.0724726287150868
0.0681242709921816
0.0640368147326507
0.0601946058486917
0.0565829294977702
0.053187953727904
0.0499966765042297
0.0469968759139759
0.0441770633591374
0.101526439557589
0.0954348531841338
0.0897087619930858
0.0843262362735006
0.0792666620970906
0.0745106623712651
0.0700400226289892
0.0658376212712499
0.0618873639949749
0.0581741221552764
0.0546836748259598
0.0514026543364022
0.0483184950762181
0.045419385371645
0.0426942222493463
0.0401325689143855
0.0377246147795224
0.035461137892751
0.033333469619186
0.0313334614420348
0.0294534537555127
0.0276862465301819
0.026025071738371
0.0244635674340688
0.0229957533880246
0.0216160081847432
0.0203190476936586
0.019099904832039
0.0179539105421167
0.0168766759095897
0.0158640753550143
0.0149122308337135
0.0140174969836906
0.0131764471646692
0.0123858603347891
0.0116427087147017
0.0109441461918196
0.0102874974203104
0.0096702475750918
0.0090900327205863
0.00854463075735112
0.00803195291191005
0.00755003573719545
0.00709703359296372
0.00667121157738589
0.00627093888274274
0.00589468254977818
0.00554100159679149
0.005208541500984
0.00489602901092496
0.00460226727026946
0.00432613123405329
0.00406656336001009
0.00382256955840949
0.00359321538490492
0.00337762246181062
0.00317496511410198
0.00298446720725587
0.00280539917482051
0.00263707522433128
0.0024788507108714
0.00233011966821912
0.00219031248812597
0.00205889373883841
0.00193536011450811
0.00181923850763762
0.00171008419717937
0.0016074791453486
0.00151103039662769
0.00142036857283003
0.00133514645846022
0.00125503767095261
0.00117973541069545
0.00110895128605373
0.0010424142088905
0.000979869356357072
0.000921077194975648
0.000865812563277109
0.000813863809480482
0.000765031980911653
0.000719130062056954
0.000675982258333537
0.000635423322833525
0.000597297923463513
0.000561460048055702
0.00052777244517236
0.000496106098462019
0.000466339732554297
0.00043835934860104
0.000412057787684977
0.000387334320423878
0.000364094261198446
0.000342248605526539
0.000321713689194947
0.00030241086784325
0.000284266215772655
0.000267210242826296
0.000251177628256718
0.000236106970561315
0.000221940552327636
0.000208624119187978
0.0601961066720367
0.0565843402717145
0.0531892798554116
0.0499979230640869
0.0469980476802417
0.0441781648194272
0.0415274749302616
0.0390358264344459
0.0366936768483791
0.0944920562374764
0.0888225328632278
0.0834931808914341
0.0784835900379481
0.0737745746356712
0.129348100157531
0.121587214148079
0.114291981299194
0.107434462421243
0.100988394675968
0.09492909099541
0.0892333455356854
0.0838793448035442
0.138846584115332
0.130515789068412
0.122684841724307
0.115323751220849
0.168404326147598
0.218300066578742
0.205202062584017
0.192889938828976
0.181316542499238
0.170437549949283
0.160211296952326
0.210598619135187
0.197962701987076
0.186084939867851
0.17491984347578
0.164424652867233
0.214559173695199
0.201685623273487
0.189584485877078
0.178209416724453
0.167516851720986
0.157465840617727
0.148017890180663
0.139136816769823
0.130788607763634
0.122941291297816
0.115564813819947
0.10863092499075
0.102113069491305
0.0959862853218269
0.0902271082025172
0.0848134817103662
0.0797246728077442
0.0749411924392796
0.0704447208929228
0.0662180376393474
0.0622449553809866
0.178510258058127
0.16779964257464
0.217731664020161
0.204667764178952
0.192387698328215
0.180844436428522
0.16999377024281
0.159794144028242
0.150206495386547
0.141194105663354
0.192722459323553
0.18115911176414
0.170289565058291
0.160072191154794
0.150467859685506
0.141439788104376
0.192953400818113
0.181376196769027
0.170493624962885
0.160264007465112
0.150648167017205
0.141609276996173
0.133112720376402
0.125125957153818
0.117618399724589
0.170561295741114
0.160327617996647
0.150707960916848
0.201665483261837
0.189565554266127
0.178191621010159
0.16750012374955
0.217450116324577
0.204403109345102
0.192138922784396
0.180610587417332
0.229773952172292
0.215987515041955
0.203028264139437
0.190846568291071
0.179395774193607
0.22863202774199
0.214914106077471
0.202019259712823
0.189898104130053
0.23850421788225
0.224193964809315
0.270742326920756
0.254497787305511
0.23922792006718
0.224874244863149
0.21138179017136
0.198698882761079
0.186776949795414
0.235570332807689
0.281436112839228
0.264549946068874
0.248676949304742
0.233756332346457
0.21973095240567
0.206547095261329
0.19415426954565
0.182505013372911
0.231554712570536
0.277661429816304
0.261001744027326
0.245341639385686
0.230621141022545
0.216783872561192
0.203776840207521
0.251550229795069
0.236457216007365
0.222269783046923
0.208933596064108
0.196397580300261
0.184613725482246
0.173536901953311
0.163124687836112
0.153337206565946
0.204136974171989
0.191888755721669
0.180375430378369
0.169552904555667
0.159379730282327
0.149816946465387
0.140827929677464
0.132378253896816
0.124435558663007
0.116969425143227
0.169951259634633
0.159754184056555
0.150168933013162
0.141158797032372
0.13268926921043
0.124727913057804
0.117244238274336
0.110209583977876
0.163597008939203
0.153781188402851
0.14455431709868
0.135881058072759
0.127728194588393
0.12006450291309
0.112860632738304
0.166088994774006
0.156123655087566
0.146756235782312
0.137950861635373
0.129673809937251
0.121893381341016
0.114579778460555
0.107704991752921
0.101242692247746
0.0951681307128814
0.0894580428701085
0.144090560297902
0.135445126680028
0.127318419079226
0.119679313934473
0.112498555098404
0.1057486417925
0.09940372328495
0.093439499887853
0.0878331298945818
0.0825631421009069
0.0776093535748525
0.0729527923603613
0.0685756248187396
0.0644610873296153
0.0605934220898383
0.056957816764448
0.0535403477585812
0.0503279268930663
0.0473082512794823
0.104469756202713
0.0982015708305506
0.0923094765807175
0.0867709079858745
0.081564653506722
0.0766707742963187
0.0720705278385395
0.127746296168227
0.120081518398134
0.112876627294246
0.106104029656591
0.0997377878771953
0.153753520604564
0.14452830936829
0.135856610806192
0.127705214157821
0.120042901308352
0.11284032722985
0.106069907596059
0.0997057131402959
0.0937233703518781
0.0880999681307654
0.0828139700429195
0.0778451318403443
0.0731744239299237
0.0687839584941282
0.0646569209844805
0.0607775057254117
0.057130855381887
0.0537030040589738
0.0504808238154353
0.0474519743865092
0.0446048559233187
0.0419285645679195
0.0394128506938444
0.0370480796522137
0.0348251948730809
0.032735683180696
0.0307715421898543
0.028925249658463
0.0271897346789552
0.0255583505982179
0.0240248495623248
0.0225833585885853
0.0212283570732702
0.019954655648874
0.0187573763099416
0.0176319337313451
0.0165740177074644
0.0155795766450165
0.0146448020463155
0.0137661139235366
0.0129401470881244
0.0121637382628369
0.0114339139670667
0.0107478791290427
0.0101030063813001
0.00949682599842213
0.0089270164385168
0.00839139545220579
0.00788791172507344
0.00741463702156904
0.00696975880027489
0.0065515732722584
0.0061584788759229
0.00578897014336752
0.00544163193476547
0.00511513401867954
0.00480822597755877
0.00451973241890524
0.00424854847377093
0.00399363556534467
0.00375401743142399
0.00352877638553855
0.00331704980240624
0.00311802681426186
0.00293094520540615
0.00275508849308178
0.00258978318349688
0.00243439619248706
0.00228833242093784
0.00215103247568157
0.0620219705271407
0.0583006522955122
0.0548026131577815
0.0515144563683146
0.0484235889862157
0.0455181736470428
0.10278708322822
0.096619858234527
0.0908226667404554
0.085373306736028
0.0802509083318663
0.0754358538319544
0.0709097026020371
0.0666551204459149
0.06265581321916
0.0588964644260104
0.0553626765604497
0.112040915966823
0.165318461008813
0.215399353348285
0.202475392147387
0.190326868618544
0.178907256501432
0.168172821111346
0.158082451844665
0.148597504733985
0.139681654449946
0.191300755182949
0.179822709871972
0.169033347279654
0.158891346442875
0.149357865656302
0.260396393716924
0.244772610093909
0.290086253488274
0.392681078278978
0.429120213582239
0.523373000767305
0.671970620721266
0.75165238347799
0.826553240469311
0.836960046041152
0.786742443278683
0.739537896681962
0.695165622881044
0.653455685508181
0.61424834437769
0.577393443715029
0.542749837092127
0.5101848468666
0.479573756054604
0.450799330691327
0.423751370849848
0.398326288598857
0.374426711282925
0.35196110860595
0.450843442089593
0.483792835564217
0.514765265430364
0.483879349504542
0.45484658853427
0.487555793222214
0.518302445628881
0.607204298891148
0.690772040957679
0.769325718500218
0.723166175390205
0.799776204866793
0.811789632574785
0.763082254620298
0.83729731934308
0.907059480182495
0.852635911371545
0.801477756689253
0.813389091287897
0.764585745810624
0.718710601061986
0.735587964998267
0.691452687098371
0.649965525872469
0.61096759432012
0.574309538660913
0.539850966341258
0.507459908360783
0.477012313859136
0.448391575027588
0.421488080525932
0.456198795694376
0.428826867952714
0.463097255875551
0.495311420523018
0.525592735291637
0.494057171174139
0.46441374090369
0.496548916449469
0.466755981462501
0.438750622574751
0.412425585220266
0.38768005010705
0.364419247100627
0.342554092274589
0.322000846738114
0.362680795933827
0.340919948177797
0.380464751287129
0.357636866209902
0.336178654237307
0.316007934983069
0.357047458884085
0.39562461135104
0.371887134669977
0.349573906589779
0.328599472194392
0.308883503862728
0.290350493630965
0.272929464013107
0.31655369617232
0.297560474401981
0.279706845937862
0.26292443518159
0.247148969070695
0.232320030926453
0.278380829070866
0.261677979326614
0.245977300567017
0.231218662532996
0.217345542781016
0.204304810214155
0.192046521601306
0.180523730305228
0.169692306486914
0.159510768097699
0.149940122011837
0.140943714691127
0.132487091809659
0.12453786630108
0.117065594323015
0.110041658663634
0.103439159143816
0.157232809595187
0.147798841019476
0.138930910558307
0.130595055924809
0.18275935256932
0.291793791415161
0.274286163930251
0.317828994094436
0.41875925444877
0.393633699181844
0.370015677230933
0.347814736597077
0.326945852401253
0.307329101257177
0.288889355181747
0.271555993870842
0.255262634238591
0.239946876184276
0.225550063613219
0.212017059796426
0.199296036208641
0.187338274036122
0.176097977593955
0.165532098938317
0.155600173002018
0.146264162621897
0.137488312864583
0.129239014092708
0.121484673247146
0.114195592852317
0.107343857281178
0.100903225844307
0.094849032293649
0.08915809035603
0.0838086049346682
0.0787800886385881
0.0740532833202728
0.0696100863210565
0.0654334811417931
0.0615074722732855
0.0578170239368884
0.0543480025006751
0.0510871223506345
0.0480218950095965
0.0451405813090207
0.0424321464304794
0.0398862176446507
0.0974930445859716
0.0916434619108133
0.0861448541961645
0.0809761629443947
0.076117593167731
0.0715505375776671
0.0672575053230071
0.123222055003627
0.115828731703409
0.108879007801204
0.102346267333132
0.0962054912931443
0.0904331618155556
0.0850071721066223
0.0799067417802249
0.0751123372734114
0.0706055970370067
0.0663692612147863
0.0623871055418991
0.0586438792093852
0.0551252464568221
0.0518177316694127
0.048708667769248
0.0457861477030931
0.0430389788409075
0.0404566401104531
0.0380292417038259
0.0357474872015963
0.0336026379695005
0.0315864796913305
0.0296912909098507
0.0279098134552596
0.0262352246479441
0.0246611111690674
0.0231814444989234
0.021790557828988
0.0204831243592487
0.0792541368976938
0.0744988886838321
0.0700289553628022
0.0658272180410341
0.061877584958572
0.0581649298610577
0.0546750340693942
0.0513945320252306
0.0483108601037167
0.0454122084974937
0.0426874759876441
0.0401262274283855
0.0977186537826823
0.0918555345557214
0.0863442024823781
0.0811635503334354
0.0762937373134293
0.0717161130746235
0.127413146290146
0.119768357512737
0.112582256061973
0.105827320698255
0.0994776814563594
0.0935090205689778
0.0878984793348392
0.0826245705747488
0.0776670963402639
0.073007070559848
0.0686266463262571
0.0645090475466817
0.0606385046938808
0.0570001944122479
0.0535801827475131
0.0503653717826623
0.0473434494757025
0.0445028425071604
0.0418326719567308
0.0393227116393269
0.0369633489409673
0.0347455480045093
0.0326608151242387
0.0307011662167844
0.0288590962437773
0.0271275504691507
0.0254998974410016
0.0239699035945415
0.022531709378869
0.0811798068161369
0.0763090184071687
0.0717304773027386
0.0674266486645742
0.0633810497446998
0.0595781867600178
0.0560034955544167
0.0526432858211517
0.0494846886718826
0.0465156073515696
0.0437246709104755
0.0411011906558469
0.0386351192164961
0.0363170120635063
0.034137991339696
0.0320897118593142
0.0901643291477554
0.08475446939889
0.0796692012349566
0.0748890491608592
0.0703957062112077
0.0661719638385352
0.0622016460082231
0.0584695472477297
0.0549613744128659
0.0516636919480939
0.0485638704312083
0.0456500382053358
0.0429110359130156
0.100336373758235
0.0943161913327406
0.0886572198527762
0.0833377866616096
0.078337519461913
0.0736372682941982
0.0692190321965463
0.125065890264754
0.117561936848868
0.110508220637936
0.10387772739966
0.0976450637556805
0.0917863599303396
0.0862791783345192
0.0811024276344481
0.0762362819763812
0.0716621050577983
0.0673623787543304
0.0633206360290706
0.0595213978673263
0.0559501139952868
0.0525931071555696
0.0494375207262354
0.106471269482661
0.100082993313702
0.0940780137148795
0.0884333328919867
0.0831273329184675
0.0781396929433595
0.0734513113667579
0.129044232684752
0.241301578723667
0.226823484000247
0.213214074960232
0.200421230462618
0.248395956634861
0.23349219923677
0.219482667282563
0.26631370724561
0.310334884810873
0.291714791722221
0.334211904218887
0.314159189965754
0.295309638567809
0.27759106025374
0.260935596638516
0.365279460840205
0.343362693189793
0.322760931598405
0.303395275702501
0.285191559160351
0.26808006561073
0.251995261674086
0.236875545973641
0.222663013215222
0.209303232422309
0.19674503847697
0.184940336168352
0.173843915998251
0.163413281038356
0.153608484176054
0.144391975125491
0.135728456617962
0.127584749220884
0.119929664267631
0.112733884411573
0.105969851346879
0.099611660266066
0.093634960650102
0.148016863011096
0.13913585123043
0.130787700156604
0.122940438147208
0.115564011858376
0.108630171146873
0.102112360878061
0.095985619225377
0.0902264820718544
0.144812893147543
0.136124119558691
0.187956672385169
0.176679272042059
0.166078515719535
0.156113804776363
0.146746976489781
0.137942157900395
0.129665628426371
0.121885690720789
0.114572549277541
0.107698196320889
0.101236304541635
0.0951621262691373
0.0894523986929891
0.0840852547714097
0.139040139485125
0.130697731116018
0.122855867249057
0.115484515214113
0.168555444301266
0.15844211764319
0.148935590584599
0.139999455149523
0.131599487840552
0.123703518570119
0.116281307455911
0.169304429008557
0.159146163268043
0.149597393471961
0.140621549863643
0.132184256871825
0.124253201459515
0.116798009371944
0.109790128809627
0.10320272108105
0.157010557816187
0.207589924347216
0.195134528886383
0.1834264571532
0.232420869724008
0.218475617540567
0.205367080488133
0.193045055658845
0.181462352319314
0.170574611180156
0.160340134509346
0.150719726438785
0.141676542852458
0.133175950281311
0.185185393264432
0.174074269668566
0.163629813488452
0.153812024679145
0.144583303198396
0.195908305006493
0.184153806706103
0.173104578303737
0.162718303605513
0.152955205389182
0.143777893065831
0.195151219481881
0.243442146312968
0.22883561753419
0.275105480482139
0.25859915165321
0.243083202554018
0.228498210400777
0.21478831777673
0.201901018710126
0.189786957587519
0.178399740132268
0.167695755724331
0.157634010380872
0.148175969758019
0.139285411572538
0.130928286878186
0.123072589665495
0.115688234285565
0.108746940228431
0.102222123814725
0.0960887963858417
0.0903234686026912
0.0849040604865297
0.0798098168573379
0.0750212278458977
0.0705199541751438
0.0662887569246352
0.122311431509157
0.114972745618608
0.108074380881491
0.101589918028602
0.0954945229468856
0.0897648515700724
0.0843789604758681
0.079316222847316
0.074557249476477
0.0700838145078884
0.0658787856374151
0.0619260584991702
0.05821049498922
0.0547178652898668
0.0514347933724748
0.0483487057701263
0.0454477834239187
0.0427209164184836
0.0401576614333745
0.0377482017473721
0.0354833096425297
0.033354311063978
0.0313530524001393
0.0294718692561309
0.0277035571007631
0.0860413436747173
0.0808788630542343
0.0760261312709802
0.0714645633947214
0.0671766895910381
0.0631460882155758
0.0593573229226412
0.0557958835472828
0.0524481305344458
0.049301242702379
0.0463431681402363
0.0435625780518221
0.0409488233687128
0.03849189396659
0.0361823803285946
0.0340114375088789
0.0319707512583462
0.0300525061828454
0.0282493558118747
0.0265543944631622
0.0249611307953725
0.0234634629476501
0.0220556551707911
0.0207323158605437
0.019488376908911
0.0183190742943764
0.0172199298367138
0.016186734046511
0.0752155300037203
0.0707025982034971
0.0664604423112873
0.06247281577261
0.0587244468262534
0.0552009800166782
0.0518889212156775
0.0487755859427369
0.0458490507861726
0.0430981077390023
0.100512221274662
0.154481487998182
0.145212598718291
0.136499842795194
0.128309852227482
0.120611261093833
0.113374585428203
0.106572110302511
0.10017778368436
0.0941671166632988
0.0885170896635009
0.0832060642836908
0.0782137004266694
0.0735208784010692
0.0691096256970051
0.0649630481551847
0.0610652652658737
0.0574013493499212
0.053957268388926
0.0507198322855904
0.047676642348455
0.0448160438075477
0.0421270811790948
0.0395994563083491
0.0372234889298482
0.0349900795940573
0.0328906748184138
0.030917234329309
0.0290622002695505
0.0273184682533774
0.0256793601581748
0.0241385985486843
0.0226902826357632
0.0213288656776174
0.0200491337369604
0.0188461857127428
0.0177154145699782
0.0766524896957795
0.0720533403140328
0.0677301398951908
0.123666331501479
0.116246351611391
0.109271570514707
0.102715276283825
0.0965523597067952
0.0907592181243875
0.145313665036924
0.136594845134709
0.128399154426626
0.120695205161029
0.113453492851367
0.106646283280285
0.100247506283468
0.15423265590646
0.204978696552072
0.192679974758948
0.181119176273411
0.170252025697006
0.220036904155186
0.206834689905875
0.194424608511522
0.182759132000831
0.171793584080781
0.221485969035934
0.208196810893778
0.195705002240151
0.243962702105742
0.229324939979398
0.215565443580634
0.202631516965796
0.190473625947848
0.299045208390977
0.401102495887519
0.437036346134267
0.410814165366211
0.386165315444239
0.362995396517584
0.341215672726529
0.320742732362937
0.301498168421161
0.343408278315892
0.322803781616938
0.363435554719922
0.341629421436726
0.321131656150523
0.301863756781491
0.283751931374602
0.266726815492126
0.310723206562598
0.292079814168842
0.274555025318712
0.258081723799589
0.302596820371614
0.344441011149317
0.323774550480358
0.364348077451536
0.402487192804444
0.378337961236178
0.355637683562007
0.334299422548286
0.314241457195389
0.295386969763666
0.277663751577846
0.321003926483175
0.361743690894185
0.400039069440533
0.436036725274101
0.589874521757655
0.554482050452196
0.581213127425064
0.54634033977956
0.513559919392787
0.48274632422922
0.453781544775466
0.426554652088938
0.400961372963602
0.436903690585786
0.410689469150639
0.3860481010016
0.422885214941504
0.397512102045014
0.433661375922313
0.467641693366974
0.499583191764956
0.529608200259059
0.497831708243515
0.467961805748904
0.55988409740397
0.526291051559732
0.494713588466148
0.465030773158179
0.497128926768688
0.467301191162567
0.439263119692813
0.412907332511244
0.388132892560569
0.364844919006935
0.342954223866519
0.322376970434528
0.303034352208456
0.344852291075949
0.324161153611392
0.304711484394708
0.286428795331026
0.269243067611164
0.253088483554494
0.237903174541225
0.223628984068751
0.270211245024626
0.253998570323149
0.23875865610376
0.284433136737534
0.267367148533282
0.251325119621285
0.236245612444008
0.222070875697367
0.208746623155525
0.196221825766194
0.184448516220222
0.173381605247009
0.222978708932188
0.209599986396257
0.197023987212482
0.185202547979733
0.174090395100949
0.163644971394892
0.213826273111198
0.200996696724526
0.188936894921055
0.177600681225791
0.166944640352244
0.156927961931109
0.147512284215243
0.198661547162328
0.246741854332588
0.231937343072633
0.218021102488275
0.204939836338979
0.31264344615864
0.293884839389121
0.276251749025774
0.259676644084228
0.244096045439174
0.229450282712824
0.215683265750054
0.262742269805051
0.366977733616748
0.344959069599743
0.324261525423758
0.364805833898333
0.342917483864433
0.322342434832567
0.303001888742613
0.284821775418056
0.327732468892973
0.308068520759394
0.289584409513831
0.272209344943001
0.255876784246421
0.240524177191635
0.226092726560137
0.272527162966529
0.256175533188537
0.300805001197225
0.282756701125392
0.265791299057868
0.249843821114396
0.234853191847532
0.22076200033668
0.207516280316479
0.255065303497491
0.239761385287641
0.225375702170383
0.21185316004016
0.19914197043775
0.187193452211485
0.175961845078796
0.165404134374068
0.155479886311624
0.146151093132927
0.137382027544951
0.129139105892254
0.121390759538719
0.174107313966396
0.163660875128412
0.153841222620707
0.144610749263465
0.135934104307657
0.127778058049197
0.120111374566246
0.112904692092271
0.106130410566735
0.0997625859327305
0.0937768307767667
0.0881502209301607
0.082861207674351
0.07788953521389
0.0732161631010566
0.0688231933149932
0.0646938017160936
0.0608121736131279
0.0571634431963403
0.0537336366045598
0.0505096184082863
0.0474790413037891
0.0446302988255617
0.041952480896028
0.0394353320422663
0.0370692121197304
0.0348450593925465
0.0327543558289937
0.0307890944792541
0.0889417488104989
0.0836052438818689
0.0785889292489568
0.0738735934940194
0.0694411778843782
0.0652747072113155
0.0613582247786366
0.0576767312919184
0.0542161274144033
0.0509631597695391
0.0479053701833667
0.0450310479723647
0.0423291850940228
0.0397894339883815
0.0374020679490786
0.0351579438721339
0.0330484672398058
0.0310655592054175
0.0292016256530924
0.0274495281139069
0.0258025564270725
0.0242544030414481
0.0227991388589612
0.0214311905274236
0.0201453190957781
0.0189365999500315
0.0178004039530296
0.0167323797158478
0.0157284369328969
0.0147847307169231
0.0138976468739077
0.0130637880614733
0.0122799607777849
0.0115431631311178
0.0108505733432507
0.0701995389426557
0.0659875666060963
0.0620283126097305
0.0583066138531467
0.0548082170219579
0.0515197240006404
0.048428540560602
0.0455228281269659
0.0427914584393479
0.040223970932987
0.0378105326770078
0.0355419007163873
0.0334093866734041
0.0314048234729998
0.0295205340646198
0.0277493020207427
0.0260843438994981
0.0245192832655282
0.0230481262695965
0.0216652386934207
0.0203653243718155
0.0191434049095065
0.0179948006149362
0.01691511257804
0.0159002058233576
0.0149461934739561
0.0140494218655188
0.0132064565535876
0.0124140691603724
0.01166922501075
0.010969071510105
0.0103109272194987
0.0096922715863288
0.00911073529114908
0.00856409117368013
0.00805024570325932
0.00756723096106376
0.00711319710339994
0.00668640527719594
0.00628522096056418
0.00590810770293033
0.00555362124075451
0.00522040396630924
0.00490717972833069
0.0646127489446308
0.060735984007953
0.0570918249674758
0.0536663154694273
0.0504463365412616
0.0474195563487859
0.104574382967859
0.0982999199897872
0.0924019247904
0.086857809302976
0.0816463407447974
0.0767475603001096
0.072142706682103
0.127814144281177
0.120145295624306
0.112936577886848
0.106160383213637
0.159790760220819
0.15020331460757
0.141191115731115
0.132719648787248
0.124756469860014
0.117271081668413
0.110234816768308
0.103620727762209
0.0974034840964769
0.0915592750506883
0.086065718547647
0.0809017754347882
0.0760476689087009
0.0714848087741788
0.127195720247728
0.179563977032864
0.168790138410893
0.218662730106239
0.205542966299865
0.193210388321873
0.30161776502256
0.283520699121207
0.326509457173934
0.306918889743498
0.348503756358888
0.327593530977355
0.307937919118714
0.289461643971591
0.272093945333295
0.315768308613298
0.3568222100965
0.33541287749071
0.315288104841267
0.356370818550791
0.334988569437744
0.314889255271479
0.29599589995519
0.338236145957879
0.377941977200406
0.355265458568382
0.393949531054279
0.370312559191022
0.408093805639561
0.383608177301187
0.360591686663116
0.338956185463329
0.318618814335529
0.299501685475397
0.281531584346873
0.264639689286061
0.248761307928897
0.233835629453163
0.219805491685974
0.206617162184815
0.254220132453726
0.238966924506503
0.224628909036112
0.271151174493946
0.254882104024309
0.23958917778285
0.225213827115879
0.211700997488927
0.198998937639591
0.187059001381215
0.175835461298343
0.165285333620442
0.215368213603215
0.262446120787023
0.246699353539801
0.231897392327413
0.217983548787768
0.204904535860502
0.192610263708872
0.18105364788634
0.230190429013159
0.27637900327237
0.259796263076028
0.244208487291466
0.229555978053978
0.215782619370739
0.202835662208495
0.190665522475985
0.179225591127426
0.16847205565978
0.158363732320194
0.148861908380982
0.139930193878123
0.131534382245436
0.12364231931071
0.116223780152067
0.109250353342943
0.102695332142366
0.0965336122138244
0.0907415954809949
0.0852970997521352
0.0801792737670071
0.0753685173409867
0.0708464063005275
0.0665956219224958
0.122599884607146
0.115243891530717
0.288329258038874
0.331029502556542
0.311167732403149
0.41249766845896
0.387747808351423
0.364482939850337
0.342613963459317
0.382057125651758
0.419133698112652
0.393985676225893
0.37034653565234
0.348125743513199
0.327238198902407
0.307603906968263
0.289147672550167
0.271798812197157
0.255490883465328
0.240161430457408
0.225751744629963
0.212206639952166
0.199474241555036
0.187505787061734
0.17625543983803
0.165680113447748
0.155739306640883
0.20639494824243
0.194011251347884
0.182370576267011
0.17142834169099
0.221142641189531
0.267874082718159
0.251801637755069
0.236693539489765
0.222491927120379
0.269142411493157
0.252993866803567
0.237814234795353
0.283545380707632
0.266532657865174
0.250540698393264
0.235508256489668
0.221377761100288
0.26809509543427
0.252009389708214
0.236888826325721
0.222675496746178
0.209314966941407
0.196756068924923
0.184950704789428
0.173853662502062
0.163422442751938
0.153617096186822
0.144400070415613
0.135736066190676
0.127591902219235
0.119936388086081
0.112740204800916
0.105975792512861
0.0996172449620895
0.0936402102643642
0.0880217976485023
0.0827404897895922
0.0777760604022166
0.0731094967780836
0.0687229269713986
0.124599551353115
0.117123578271928
0.110096163575612
0.103490393761075
0.157280970135411
0.147844111927286
0.138973465211649
0.19063505729895
0.239196953861013
0.224845136629352
0.211354428431591
0.198673162725696
0.186752772962154
0.175547606584425
0.165014750189359
0.155113865177998
0.145807033267318
0.137058611271279
0.128835094595002
0.121104988919302
0.113838689584144
0.107008368209095
0.100587866116549
0.0945525941495564
0.088879438500583
0.083546672190548
0.0785338718591151
0.0738218395475682
0.0693925291747141
0.0652289774242313
0.0613152387787774
0.0576363244520507
0.0541781449849277
0.050927456285832
0.0478718089086821
0.0449995003741612
0.0422995303517115
0.0397615585306088
0.0373758650187723
0.0351333131176459
0.0330253143305872
0.031043795470752
0.0291811677425068
0.0274302976779564
0.025784479817279
0.0242374110282423
0.0227831663665478
0.0214161763845549
0.0201312058014816
0.0189233334533927
0.0177879334461891
0.0167206574394178
0.0157174179930527
0.0147743729134696
0.0138879105386614
0.0130546359063417
0.0722713577519612
0.0679350762868435
0.0638589717096329
0.0600274334070549
0.0564257874026316
0.0530402401584737
0.0498578257489653
0.0468663562040274
0.0440543748317857
0.0414111123418786
0.0389264456013659
0.0365908588652839
0.0343954073333669
0.0323316828933649
0.030391781919763
0.0285682750045772
0.0268541785043026
0.0252429277940444
0.0237283521264017
0.0223046509988176
0.0209663719388886
0.0197083896225553
0.0185258862452019
0.0174143330704898
0.0163694730862604
0.0153873047010848
0.0144640664190197
0.0135962224338785
0.0127804490878458
0.0120136221425751
0.0112928048140206
0.0706152365251793
0.0663783223336686
0.0623956229936485
0.0586518856140295
0.0551327724771878
0.0518248061285565
0.0487153177608431
0.0457923986951925
0.043044854773481
0.0404621634870721
0.0380344336778478
0.0357523676571769
0.0336072255977463
0.0315907920618815
0.0296953445381686
0.0879136238658785
0.0826388064339258
0.13768047804789
0.129419649365017
0.121654470403116
0.174355202178929
0.163893890048193
0.154060256645302
0.144816641246583
0.136127642771788
0.127959984205481
0.120282385153152
0.173065442043963
0.222681515521325
0.209320624590046
0.196761387114643
0.244955703887764
0.290258361654499
0.272842859955229
0.256472288357915
0.24108395105644
0.226618913993054
0.21302177915347
0.200240472404262
0.248226044060006
0.233332481416406
0.219332532531422
0.206172580579536
0.253802225744764
0.238574092200078
0.224259646668074
0.210804067867989
0.19815582379591
0.186266474368155
0.175090485906066
0.164585056751702
0.2147099533466
0.201827356145804
0.249717714777056
0.234734651890432
0.220650572777006
0.207411538410386
0.194966846105763
0.183268835339417
0.172272705219052
0.161936342905909
0.212220162331554
0.259486952591661
0.303917735436161
0.345682671309992
0.324941711031392
0.305445208369509
0.347118495867338
0.386291386115298
0.36311390294838
0.401327068771477
0.377247444645188
0.354612597966477
0.393335842088488
0.369735691563179
0.347551550069388
0.386698457065225
0.363496549641311
0.341686756662833
0.321185551263063
0.301914418187279
0.283799553096042
0.44677157991028
0.419965285115663
0.394767368008723
0.3710813259282
0.348816446372508
0.327887459590157
0.368214212014748
0.346121359293863
0.385354077736231
0.362232833072057
0.340498863087734
0.32006893130247
0.300864795424321
0.282812907698862
0.38584413323693
0.362693485242715
0.340931876128152
0.380475963560463
0.357647405746835
0.336188561402025
0.316017247717903
0.297056212854829
0.279232840083539
0.262478869678527
0.246730137497815
0.231926329247946
0.21801074949307
0.204930104523485
0.192634298252076
0.181076240356952
0.170211665935534
0.159998965979402
0.210399028020638
0.2577750863394
0.362308581159036
0.460570066289494
0.612935862312124
0.756159710573397
0.830790127938993
0.900942720262653
0.906886157046894
0.97247298762408
1.03412460836664
1.03207713186464
1.09015250395276
1.20474335371559
1.25245875249266
1.2973112273431
1.21947255370251
1.20630420048036
1.13392594845154
1.06589039154445
1.00193696805178
1.00182074996867
0.941711504970553
0.88520881467232
0.832096285791981
0.782170508644462
0.735240278125794
0.691125861438246
0.709658309751952
0.667078811166835
0.627054082496824
0.589430837547015
0.554064987294194
0.520821088056542
0.48957182277315
0.460197513406761
0.432585662602355
0.406630522846214
0.382232691475441
0.359298729986914
0.3377408061877
0.317476357816438
0.298427776347451
0.280522109766604
0.323690783180608
0.304269336189771
0.286013176018385
0.268852385457282
0.252721242329845
0.237557967790054
0.223304489722651
0.209906220339292
0.197311847118935
0.185473136291798
0.174344748114291
0.223884063227433
0.270451019433787
0.25422395826776
0.238970520771694
0.224632289525393
0.211154352153869
0.198485091024637
0.186575985563159
0.175381426429369
0.164858540843607
0.154967028392991
0.205669006689411
0.193328866288046
0.181729134310764
0.170825386252118
0.220575863076991
0.207341311292371
0.194900832614829
0.183206782657939
0.172214375698463
0.221881513156555
0.208568622367162
0.196054505025132
0.244291234723624
0.229633760640207
0.275855735001794
0.259304390901687
0.243746127447585
0.22912135980073
0.215374078212686
0.262451633519925
0.24670453550873
0.351902263378206
0.330788127575513
0.310940839920983
0.292284389525724
0.27474732615418
0.258262486584929
0.242766737389834
0.228200733146444
0.274508689157657
0.258038167808198
0.242555877739706
0.228002525075323
0.274322373570804
0.257863031156556
0.302391249287162
0.284247774329933
0.267192907870137
0.251161333397928
0.236091653394053
0.22192615419041
0.208610584938985
0.196093949842646
0.184328312852087
0.173268614080962
0.162872497236104
0.153100147401938
0.203914138557822
0.191679290244352
0.180178532829691
0.16936782085991
0.159205751608315
0.149653406511816
0.140674202121107
0.132233749993841
0.12429972499421
0.116841741494558
0.109831237004884
0.103241362784591
0.0970468810175157
0.0912240681564648
0.0857506240670769
0.0806055866230523
0.0757692514256691
0.071223096340129
0.0669497105597212
0.062932727926138
0.0591567642505697
0.0556073583955355
0.0522709168918034
0.0491346618782951
0.0461865821655974
0.0434153872356616
0.0408104640015219
0.0383618361614306
0.0360601259917447
0.0338965184322401
0.0318627273263056
0.0299509636867273
0.0281539058655237
0.0264646715135922
0.0248767912227767
0.0233841837494101
0.0219811327244455
0.0206622647609788
0.01942252887532
0.0182571771428008
0.0171617465142328
0.0161320417233788
0.0751641192199761
0.0706542720667775
0.126415015742771
0.118830114798205
0.111700307910312
0.104998289435694
0.098698392069552
0.0927764885453788
0.0872098992326561
0.0819773052786967
0.0770586669619749
0.0724351469442564
0.068089038127601
0.064003695839945
0.0601634740895483
0.0565536656441754
0.0531604457055248
0.0499708189631934
0.0469725698254017
0.0441542156358776
0.041504962697725
0.0390146649358615
0.0366737850397098
0.0344733579373272
0.0324049564610876
0.0304606590734223
0.028633019529017
0.026915038357276
0.0253001360558394
0.023782127892489
0.0223552002189397
0.0210138882058033
0.0197530549134551
0.0185678716186478
0.0174537993215289
0.0164065713622372
0.015422177080503
0.0144968464556728
0.0136270356683324
0.0128094135282325
0.0120408487165385
0.0113183977935462
0.0106392939259334
0.0100009362903774
0.00940088011295478
0.00883682730617749
0.00830661766780684
0.00780822060773843
0.00733972737127413
0.00689934372899768
0.00648538310525782
0.00609626011894235
0.00573048451180581
0.00538665544109746
0.00506345611463161
0.00475964874775371
0.00447406982288849
0.00420562563351518
0.00395328809550427
0.123716090809774
0.116293125361188
0.109315537839516
0.102756605569145
0.156591209234997
0.147195736680897
0.138363992480043
0.13006215293124
0.122258423755366
0.114922918330044
0.168027543230241
0.157945890636427
0.148469137198241
0.139560988966347
0.191187329628366
0.179716089850664
0.168933124459624
0.158797136992047
0.209269308772524
0.196713150246172
0.184910361231402
0.173815739557518
0.163386795184067
0.153583587473023
0.204368572224641
0.192106457891163
0.180580070417693
0.229745266192632
0.215960550221074
0.203002917207809
0.190822742175341
0.17937337764482
0.168610974986131
0.158494316486963
0.148984657497745
0.140045578047881
0.131642843365008
0.123744272763107
0.116319616397321
0.169340439413482
0.159180013048673
0.149629212265752
0.140651459529807
0.132212371958019
0.124279629640538
0.116822851862105
0.109813480750379
0.103224671905356
0.0970311915910349
0.0912093200955728
0.0857367608898384
0.0805925552364481
0.0757570019222612
0.0712115818069256
0.06693888689851
0.0629225536845994
0.119147200463523
0.111998368435712
0.105278466329569
0.0989617583497951
0.0930240528488074
0.087442609677879
0.0821960530972062
0.0772642899113739
0.0726284325166914
0.12827072656569
0.180574482971749
0.169740013993444
0.159555613153837
0.149982276364607
0.14098333978273
0.192524339395767
0.180972879032021
0.170114506290099
0.159907635912693
0.150313177757932
0.141294387092456
0.192816723866908
0.181247720434894
0.1703728572088
0.160150485776272
0.150541456629696
0.141508969231914
0.133018431077999
0.125037325213319
0.11753508570052
0.170482980558489
0.16025400172498
0.150638761621481
0.141600435924192
0.13310440976874
0.125118145182616
0.117611056471659
0.230554393083359
0.216721129498358
0.203717861728456
0.191494790024749
0.180005102623264
0.169204796465868
0.159052508677916
0.149509358157241
0.140538796667807
0.192106468867738
0.180580080735674
0.169745275891533
0.159560559338041
0.149986925777759
0.200987710231093
0.188928447617228
0.177592740760194
0.166937176314582
0.156920945735708
0.147505688991565
0.138655347652071
0.130336026792947
0.12251586518537
0.115164913274248
0.168255018477793
0.158159717369125
0.148670134326978
0.139749926267359
0.131364930691318
0.123483034849839
0.116074052758848
0.109109609593317
0.102563033017718
0.0964092510366552
0.0906246959744559
0.0851872142159885
0.0800759813630292
0.135271422481247
0.187155137132373
0.23592582890443
0.221770279170164
0.208464062419955
0.195956218674757
0.184198845554272
0.173146914821015
0.162758099931755
0.152992613935849
0.143813057099698
0.135184273673716
0.187073217253293
0.175848824218096
0.16529789476501
0.155380021079109
0.146057219814363
0.137293786625501
0.129056159427971
0.121312789862293
0.114034022470555
0.107191981122322
0.100760462254983
0.0947148345196836
0.0890319444485026
0.0836900277815924
0.0786686261146969
0.073948508547815
0.0695115980349461
0.125340902152849
0.117820448023678
0.110751221142258
0.104106147873722
0.0978597790012989
0.0919881922612209
0.0864689007255477
0.0812807666820148
0.0764039206810939
0.0718196854402283
0.0675105043138146
0.0634598740549857
0.0596522816116866
0.0560731447149854
0.0527087560320862
0.0495462306701611
0.0465734568299514
0.0437790494201543
0.101152306454945
0.0950831680676483
0.0893781779835894
0.0840154873045741
0.0789745580662996
0.0742360845823216
0.0697819195073823
0.0655950043369394
0.061659304076723
0.0579597458321196
0.0544821610821925
0.0512132314172609
0.0481404375322252
0.105252011280292
0.0989368906034742
0.0930006771672658
0.0874206365372298
0.082175398344996
0.0772448744442963
0.0726101819776385
0.0682535710589802
0.0641583567954414
0.0603088553877149
0.056690324064452
0.0532889046205849
0.0500915703433498
0.0470860761227488
0.0442609115553838
0.0416052568620608
0.0391089414503372
0.0367624049633169
0.0345566606655179
0.0324832610255868
0.0305342653640516
0.0287022094422085
0.026980076875676
0.0253612722631354
0.0238395959273473
0.0824092201717065
0.0774646669614041
0.0728167869437198
0.0684477797270966
0.0643409129434708
0.0604804581668626
0.0568516306768508
0.0534405328362398
0.0502341008660654
0.0472200548141015
0.0443868515252554
0.04172364043374
0.0392202220077156
0.0368670086872527
0.0346549881660175
0.0325756888760565
0.0306211475434931
0.0287838786908835
0.0270568459694305
0.0254334352112647
0.0239074290985888
0.0224729833526735
0.021124604351513
0.0198571280904223
0.0186657004049969
0.0175457583806971
0.0164930128778553
0.015503432105184
0.0145732261788729
0.0136988326081405
0.0128769026516521
0.012104288492553
0.0113780311829998
0.0106953493120198
0.0100536283532986
0.00945041065210071
0.0688833860129747
0.0647503828521962
0.0608653598810644
0.0572134382882005
0.0537806319909085
0.050553794071454
0.0475205664271668
0.0446693324415367
0.0419891724950445
0.0394698221453419
0.0371016328166213
0.0348755348476241
0.0327830027567666
0.0308160225913606
0.028967061235879
0.0272290375617262
0.0255952953080227
0.0840595775895413
0.139016002934169
0.130675042758119
0.122834540192632
0.115464467781074
0.108536599714209
0.102024403731357
0.155902939507475
0.146548763137027
0.137755837348805
0.129490487107877
0.121721057881404
0.11441779440852
0.167552726744009
0.157499563139368
0.208049589351006
0.195566613989946
0.183832617150549
0.232802660121516
0.218834500514225
0.205704430483372
0.193362164654369
0.181760434775107
0.170854808688601
0.160603520167285
0.210967308957248
0.198309270419813
0.186410714194624
0.235226071342946
0.28111250706237
0.264245756638627
0.24839101124031
0.293487550565891
0.275878297531938
0.259325599680021
0.24376606369922
0.229140099877267
0.215391693884631
0.202468192251553
0.19032010071646
0.238900894673472
0.224566840993064
0.21109283053348
0.258427260701471
0.242921625059383
0.22834632755582
0.394645547902471
0.370966815028323
0.348708806126623
0.327786277759026
0.308119101093484
0.289631955027875
0.332254037726203
0.31231879546263
0.293579667734873
0.27596488767078
0.259406994410533
0.303842574745901
0.285612020261147
0.328475299045478
0.42876678110275
0.523040774236585
0.49165832778239
0.462158828115446
0.434429298428519
0.408363540522808
0.38386172809144
0.420830024405953
0.395580222941596
0.3718454095651
0.349534684991194
0.328562603891723
0.368848847658219
0.346717916798726
0.385914841790802
0.422759951283354
0.397394354206353
0.373550692953972
0.351137651376733
0.330069392294129
0.310265228756482
0.291649315031093
0.274150356129227
0.257701334761473
0.242239254675785
0.227704899395238
0.214042605431524
0.261200049105632
0.245528046159294
0.230796363389737
0.216948581586352
0.203931666691171
0.191695766689701
0.180194020688319
0.16938237944702
0.219219436680199
0.206066270479387
0.193702294250623
0.242080156595586
0.227555347199851
0.21390202636786
0.201067904785788
0.189003830498641
0.177663600668722
0.167003784628599
0.156983557550883
0.14756454409783
0.13871067145196
0.190388031164843
0.238964749294952
0.224626864337255
0.21114925247702
0.198480297328398
0.186571479488695
0.235377190719373
0.22125455927621
0.207979285719638
0.19550052857646
0.243770496861872
0.22914426705016
0.21539561102715
0.262471874365521
0.24672356190359
0.231920148189374
0.218004939298012
0.204924642940131
0.252629164363723
0.2374714145019
0.223223129631786
0.269829741853879
0.253639957342646
0.298421559902087
0.280516266307962
0.263685290329484
0.247864172909715
0.232992322535132
0.219012783183024
0.205872016192043
0.19351969522052
0.181908513507289
0.170994002696852
0.160734362535041
0.151090300782938
0.202024882735962
0.189903389771804
0.178509186385496
0.167798635202366
0.157730717090224
0.208266874064811
0.195770861620922
0.184024609923667
0.172983133328247
0.162604145328552
0.152847896608839
0.143677022812308
0.13505640144357
0.126953017356956
0.119335836315538
0.112175686136606
0.10544514496841
0.159118436270305
0.149571330094087
0.140597050288442
0.132161227271135
0.124231553634867
0.116777660416775
0.109771000791768
0.103184740744262
0.0969936562996066
0.0911740369216302
0.0857035947063324
0.140561379023952
0.192127696282515
0.180600034505564
0.16976403243523
0.159578190489117
0.21000349905977
0.197403289116183
0.185559091769212
0.17442554626306
0.163960013487276
0.15412241267804
0.144875067917357
0.136182563842316
0.128011610011777
0.12033091341107
0.113111058606406
0.166324395090022
0.15634493138462
0.206964235501543
0.25454638137145
0.299273598489163
0.341317182579814
0.380838151625025
0.417987862527523
0.392908590775872
0.42933407532932
0.40357403080956
0.379359588960987
0.356598013623327
0.335202132805928
0.435090004837572
0.468984604547318
0.440845528274479
0.41439479657801
0.389531108783329
0.36615924225633
0.34418968772095
0.323538306457693
0.364126008070231
0.342278447586017
0.321741740730856
0.302437236287005
0.284291002109785
0.327233541983197
0.307599529464206
0.289143557696353
0.271794944234572
0.255487247580498
0.240158012725668
0.225748531962128
0.2122036200444
0.199471402841736
0.247503118671232
0.232652931550958
0.2186937556579
0.205572130318426
0.253237802499321
0.238043534349362
0.2837609222884
0.326735266951096
0.30713115093403
0.288703281877988
0.271381084965309
0.25509821986739
0.239792326675347
0.285404787074826
0.268280499850337
0.252183669859316
0.237052649667757
0.222829490687692
0.20945972124643
0.196892137971645
0.185078609693346
0.173973893111745
0.16353545952504
0.153723331953538
0.144499932036326
0.195829936114146
0.184080139947297
0.173035331550459
0.162653211657432
0.152894018957986
0.143720377820507
0.135097155151276
0.1269913258422
0.119371846291668
0.112209535514168
0.105476963383318
0.0991483455803186
0.0931994448454995
0.14760747815477
0.198751029465483
0.186825967697554
0.235616409635701
0.221479425057559
0.328190659554105
0.368499219980859
0.406389266782008
0.622005910775087
0.764685556128582
0.778804422760867
0.732076157395215
0.808151587951502
0.819662492674412
0.830482743113947
0.90065377852711
0.846614551815484
0.855817678706555
0.924468617984161
0.929000500905112
1.0532604708508
1.17006484259976
1.15986095204377
1.09026929492114
1.20485313722588
1.13256194899232
1.24460823205278
1.28993173812962
1.21253583384184
1.19978368381133
1.24779666278265
1.29292886301569
1.27535313123475
1.25883194336066
1.30330202675902
1.40510390515348
1.38079767084427
1.47794981059362
1.449272821958
1.54231645264052
1.44977746548209
1.48279081755316
1.45382336849997
1.54659396638998
1.57379832840658
1.53937042870218
1.62700820298005
1.76938771080125
1.84322444815317
2.09263098126398
2.08707312238814
1.96184873504485
1.90413781094216
1.90988954228563
2.0352961697485
2.03317839956359
1.97118769558977
1.91291643385438
1.97814144782312
2.03945296095373
2.09708578329651
1.97126063629872
2.2129849981208
2.14020589823355
2.01179354433953
2.01108593167916
2.07042077577841
2.18619552923171
2.29502379747781
2.45732236962914
2.60988302745139
2.75329004580431
2.76809264305605
2.78200708447268
2.61508665940432
2.63818145984006
2.83989057224966
2.66949713791468
2.5693273096398
2.53516767106141
2.44305761079773
2.29647415414986
2.27868570490087
2.26196456260682
2.42624668885041
2.34067188751939
2.32023157426822
2.36101767981213
2.2793566190234
2.202595221882
2.43043950856908
2.46461313805493
2.55673634977164
2.52333216878534
2.49193223865822
2.52241630433873
2.3710713260784
2.3488070465137
2.32787862372288
2.3082059062995
2.16971355192153
2.15953073880624
2.26995889447787
2.25376136080919
2.29853567916064
2.340623538411
2.62018612610634
2.58297495853996
2.66799646102757
2.68791667336591
2.76664167296396
2.72064317258612
2.67740458223095
2.63676030729709
2.47855468885927
2.44984140752771
2.54285092307605
2.69027986769149
2.76886307563
2.7227312910922
2.91936741362667
2.80420536880907
2.87595304668052
2.76339586387969
2.71759211204691
2.79453658532409
2.98686439020465
2.86765252679237
2.93559337518483
2.81945777267374
2.65029030631331
2.49127288793451
2.46179651465844
2.43408872377894
2.4080434003522
2.32356079633107
2.4841471485512
2.69509831963813
2.83339242045984
2.66338887523225
2.80358554271832
2.81537041015522
2.70644818554591
2.54406129441315
2.45141761674836
2.30433255974346
2.28607260615885
2.50890824978932
2.41837375480196
2.45327132951384
2.48607504974301
2.45691054675843
2.54949591395293
2.45652615911575
2.42913458956881
2.28338651419468
2.266383323343
2.19040032394242
2.17897630450587
2.34823772623552
2.32734346266139
2.30770285490171
2.3492406836076
2.26828624259115
2.31218906803568
2.35345772395354
2.57225026051632
2.53791524488534
2.50564033019222
2.41530191038069
2.51038379575785
2.41976076801238
2.39457512193164
2.31090061461574
2.35224657773879
2.51111178307447
2.54044507609
2.3880183715246
2.30473726923312
2.22645303307913
2.21286585109439
2.20009390002872
2.248088266027
2.11320297006538
2.10641079186146
2.04002614434977
1.91762457568878
1.80256710114746
1.81441307507861
1.76554829057389
1.83961539313946
1.84923846955109
1.85828416137802
1.74678711169534
1.70197988499362
1.59986109189401
1.50386942638036
1.41363726079754
1.50881902514969
1.41828988364071
1.39319249062227
1.42960094118493
1.34382488471383
1.443195391631
1.35660366813314
1.27520744804515
1.31869500116245
1.2395733010927
1.22519890302714
1.21168696884551
1.19898575071478
1.18704660567189
1.23582380933158
1.16167438077168
1.15197391792538
1.08285548284986
1.01788415387887
0.956811104646135
0.899402438367367
0.845438292065325
0.854711994541406
0.863429274868921
0.811623518376786
0.762926107274179
0.717150540837728
0.674121508387464
0.633674217884216
0.655653764811163
0.616314538922494
0.639335666587144
0.600975526591915
0.6849169949964
0.643821975296616
0.605192656778819
0.56888109737209
0.534748231529765
0.502663337637979
0.4725035373797
0.444153325136918
0.417504125628703
0.392453878090981
0.368906645405522
0.34677224668119
0.325965911880319
0.3064079571675
0.28802347973745
0.270742070953203
0.254497546696011
0.23922769389425
0.224874032260595
0.211381590324959
0.198698694905462
0.186776773211134
0.175570166818466
0.165035956809358
0.155133799400796
0.145825771436749
0.137076225150544
0.128851651641511
0.12112055254302
0.113853319390439
0.107022120227013
0.100600793013392
0.0945647454325885
0.0888908607066332
0.0835574090642352
0.138543964520381
0.130231326649158
0.122417447050209
0.115072400227196
0.108168056213564
0.161677972840751
0.151977294470306
0.142858656802087
0.134287137393962
0.126229909150324
0.118656114601305
0.111536747725226
0.104844542861713
0.0985538702900101
0.0926406380726095
0.0870821997882529
0.0818572678009577
0.0769458317329003
0.132329081828926
0.124389336919191
0.176925976704039
0.226310418101797
0.212731793015689
0.199967885434748
0.187969812308663
0.236691623570143
0.282490126155934
0.325540718586578
0.366008275471384
0.344047778943101
0.443404912206515
0.536800617474124
0.504592580425676
0.474317025600136
0.565858004064128
0.65190652382028
0.612792132391063
0.636024604447599
0.597863128180743
0.621991340489899
0.584671860060505
0.609591548456875
0.753016055549462
0.827835092216494
0.838164986683505
1.08787508748249
1.02260258223354
0.961246427299532
0.90357164166156
0.909357343161866
0.854795902572154
0.803508148417825
0.755297659512756
0.82997979994199
0.900181011945471
1.08617015122874
1.02099994215502
1.07973994562572
1.13495554888817
1.06685821595488
1.06284672299759
1.05907591961773
1.17553136444067
1.22499948257423
1.45149951361978
1.42440954280259
1.51894497023443
1.48780827202037
1.45853977569915
1.6110273891572
1.57436574580777
1.5399038010593
1.68750957299574
1.646258998616
1.72748345869904
1.62383445117709
1.58640438410647
1.61122012106008
1.57454691379648
1.66007409896869
1.56046965303057
1.58684147384873
1.61163098541781
1.63493312629274
1.71683713871518
1.67382691039226
1.63339729576873
1.5953934580226
1.55966985054125
1.64608965950877
1.72732427993825
1.74368482314195
1.63906373375343
1.78071990972823
1.73387671514453
1.68984411223586
1.58845346550171
1.49314625757161
1.58355748211731
1.54854403319027
1.45563139119886
1.48829350772693
1.69899589726331
1.65705614342751
1.91763277482186
1.98257480833255
1.9836203198326
1.92460310064264
1.98912691460408
2.10977929972784
2.34319254174417
2.26260098923952
2.18684492988515
2.17563423409204
2.22509618004651
2.09159040924372
2.2060949846891
2.19372928560775
2.24210552847129
2.16757919676301
2.09752444495723
2.3316729782598
2.31177259956421
2.17306624359036
2.10268226897493
2.03652133283644
1.97433005286625
1.91587024969428
1.98091803471262
1.98206295262986
1.92313917547207
1.86775082494375
1.87568577544712
1.76314462892029
1.77735595118508
1.85071459411397
1.85967171846713
1.86809141535911
1.81600593043756
1.76704557461131
1.78102284013463
1.73416146972655
1.63011178154296
1.59230507465038
1.49676677017136
1.58696076396108
1.61174311812341
1.51503853103601
1.54413621917385
1.51148804602342
1.60079876326201
1.56475083746629
1.47086578721831
1.44261383998521
1.4760570095861
1.38749358901093
1.36424397367028
1.28238933525006
1.20544597513506
1.19311921662695
1.12153206362934
1.11424013981158
1.10738573142288
1.16094258753751
1.39128603228526
1.30780887034814
1.22934033812725
1.27557991783962
1.19904512276924
1.24710241540309
1.2322762704789
1.33833969425017
1.31803931259516
1.35895695383945
1.39741953660908
1.55357436441254
1.52035990254778
1.66913830839492
1.80899000989122
1.82045060929775
2.01122357273988
2.19055015837549
2.17911714887296
2.10837011994058
2.10186791274415
2.0357558379795
2.21361048770073
2.32079385843869
2.30154622693236
2.22345345331642
2.33004624611744
2.31024347135039
2.23162886306937
2.15773113128521
2.08826726340809
2.14297122760361
2.31439295394739
2.23552937671055
2.28139761410791
2.20451375726144
2.31224293182575
2.23350835591621
2.09949785456124
2.03352798328756
2.21151630429031
2.37882532603289
2.35609580647092
2.27473005808266
2.1982462545977
2.12635147932184
2.17877039056253
2.10804416712878
1.98156151710105
1.98266782607499
1.86370775651049
1.75188529111986
1.76677217365267
1.78076584323351
1.6739198926395
1.63348469908113
1.53547561713626
1.44334708010808
1.3567462553016
1.2753414799835
1.19882099118449
1.12689173171342
1.11927822781062
1.17212153414198
1.10179424209346
1.09568658756785
1.08994539231378
1.08454866877496
1.01947574864846
1.07830720372955
1.01360877150578
0.95279224521543
0.895624710502504
0.901887227872354
0.907773994200013
0.853307554548012
0.802109101275131
0.753982555198623
0.708743601886706
0.666218985773504
0.626245846627093
0.588671095829468
0.5533508300797
0.520149780274918
0.488940793458423
0.459604345850917
0.432028085099862
0.46610639999387
0.438140015994238
0.411851615034584
0.387140518132509
0.363912087044558
0.402077361821885
0.377952720112572
0.355275556905817
0.333959023491468
0.31392148208198
0.295086193157061
0.277381021567638
0.260738160273579
0.245093870657165
0.230388238417735
0.216564944112671
0.20357104746591
0.191356784617956
0.179875377540878
0.169082854888426
0.15893788359512
0.149401610579413
0.140437513944648
0.132011263107969
0.124090587321491
0.116645152082202
0.169646442957269
0.159467656379833
0.149899596997043
0.140905621177221
0.132451283906587
0.124504206872192
0.117033954459861
0.110011917192269
0.103411202160733
0.0972065300310889
0.0913741382292236
0.0858916899354701
0.0807381885393419
0.0758938972269814
0.0713402633933625
0.127059847589761
0.119436256734375
0.172270081330313
0.221933876450494
0.268617843863464
0.252500773231656
0.237350726837757
0.223109683227492
0.209723102233842
0.197139716099812
0.185311333133823
0.174192653145793
0.163741093957046
0.153916628319623
0.384681630620446
0.361600732783219
0.399904688816226
0.375910407487252
0.353355783038017
0.332154436055736
0.312225169892392
0.293491659698848
0.335882160116917
0.315729230509902
0.296785476679308
0.27897834807855
0.262239647193837
0.306505268362206
0.288114952260474
0.390828055124846
0.607378371817355
0.630935669508313
0.653079529337815
0.673894757577546
0.633461072122893
0.595453407795519
0.619726203327788
0.582542631128121
0.607590073260434
0.751134668864808
0.706066588732919
0.843702593408944
0.973080437804408
1.03469561153614
1.03261387484397
1.03065704235334
1.02881761981214
0.967088562623408
0.909063248866003
0.854519453934043
0.803248286698
0.75505338949612
0.829750186126353
0.899965174958772
0.845967264461245
0.855209228593571
0.983896674877956
1.04486287438528
1.10217110192216
1.09604083580683
1.15027838565842
1.14126168251892
1.19278598156778
1.18121882267372
1.23034569331329
1.21652495171449
1.14353345461162
1.07492144733493
1.07042616049483
1.06620059086514
1.12222855541323
1.05489484208844
1.05160115156313
1.22850508246934
1.27479477752118
1.43830709086991
1.41200866541772
1.38728814549266
1.4240508567631
1.51860780535731
1.42749133703587
1.70184185681372
1.6597313454049
1.6801474646806
1.57933861679977
1.72457829979178
1.74110360180427
1.81663738569602
1.82763914255426
1.897980794001
1.90410194636094
1.96985582957928
1.97166447980453
1.85336461101625
1.74216273435528
1.69763297029396
1.59577499207632
1.62002849255175
1.52282678299864
1.67145717601872
1.7511697454576
1.70609956073014
1.66373358708633
1.62390957186115
1.52647499754948
1.49488649769652
1.40519330783472
1.44088170936464
1.47442880680276
1.6259630783946
1.52840529369092
1.55670097606947
1.4632989175053
1.43550098245498
1.52937092350768
1.61760866809722
1.52055214801139
1.5493190191307
1.57635987798286
1.60177828530389
1.56567158818566
1.47173129289452
1.44342741532085
1.35682177040159
1.4554124641775
1.36808771632685
1.34600245334724
1.5052423061464
1.65492776777762
1.67563210171096
1.6950941756083
1.71338852507181
1.6105852135675
1.63395010075345
1.53591309470824
1.50375830902575
1.5335328104842
1.44152084185515
1.53502959134384
1.44292781586321
1.47635214691142
1.44777101809673
1.36090475701093
1.57925047159027
1.60449544329486
1.68822571669716
1.64693217369533
1.90811624327361
1.8536292686772
1.86241151255657
1.75066682180317
1.76562681249498
1.83968920374528
1.84930785152057
1.79834938042933
1.75044841760357
1.82542151254736
1.89589622179452
2.08214244848684
2.13721390157763
2.18898106748298
2.237642203434
2.16338367122796
2.09358065095428
1.96796581189702
1.9098878631832
1.91529459139221
1.92037691590868
1.98515430095416
1.98604504289691
2.04688234032309
1.92406939990371
2.16862523590948
2.09850772175492
1.97259725844962
1.91424142294264
1.85938693756608
1.74782372131212
1.64295429803339
1.84437704015139
1.8537144177423
1.74249155267777
1.9379420595171
1.88166553594607
1.82876560378931
1.83903966756195
1.78869728750823
1.92137545025774
2.04609292324228
2.04332734784774
1.98072770697687
1.98188404455826
2.04297100188477
1.92039274177168
1.86516917726538
1.75325902662946
1.82806348503169
1.77837967592979
1.731676895374
1.68777628165156
1.64650970475247
1.60771912246732
1.51125597511928
1.54058061661212
1.5081457796154
1.53765703283847
1.56539761086816
1.53147375421607
1.43958532896311
1.41321020922532
1.4484175966718
1.42151254087149
1.33622178841921
1.25604848111405
1.24068557224721
1.22624443791238
1.21266977163763
1.19990958533938
1.18791501021901
1.11664010960587
1.04964170302952
1.10666320084775
1.04026340879688
1.03784760426907
1.03557674801293
0.973442143132151
0.915035614544222
0.980133477671569
0.921325469011274
0.866045940870598
0.874083184418362
0.82163819335326
0.772339901752065
0.785999507646941
0.798839537188124
0.810909164956837
0.762254615059427
0.716519338155861
0.673528177866509
0.633116487194519
0.595129497962848
0.559421728085077
0.525856424399972
0.554305038935974
0.581046736599815
0.546183932403826
0.513412896459597
0.482608122672021
0.4536516353117
0.426432537192998
0.400846584961418
0.496795789863733
0.526988042471909
0.495368759923594
0.465646634328178
0.437707836268488
0.411445366092378
0.386758644126836
0.363553125479226
0.401739937950472
0.377635541673444
0.354977409173037
0.333678764622655
0.313658038745296
0.294838556420578
0.277148243035343
0.260519348453222
0.244888187546029
0.230194896293267
0.216383202515671
0.203400210364731
0.191196197742847
0.179724425878276
0.16894096032558
0.158804502706045
0.149276232543682
0.200319658591061
0.188300479075598
0.177002450331062
0.166382303311198
0.156399365112526
0.147015403205775
0.138194479013428
0.129902810272622
0.122108641656265
0.114782123156889
0.107895195767476
0.101421484021427
0.155336194980142
0.146016023281333
0.137255061884453
0.129019758171386
0.121278572681103
0.114001858320237
0.107161746821022
0.100732042011761
0.154688119491055
0.145406832321592
0.136682422382296
0.128481477039359
0.180772588416997
0.229926233111977
0.216130659125259
0.203162819577743
0.190973050403079
0.179514667378894
0.16874378733616
0.218619160095991
0.205502010490231
0.193171889860817
0.181581576469168
0.170686681881018
0.160445480968157
0.210818752110068
0.258169626983463
0.302679449364456
0.284518682402588
0.267447561458433
0.371400707770927
0.409116665304671
0.384569665386391
0.421495485463208
0.516205756335415
0.60523341095529
0.568919406297973
0.594784241920094
0.619097187404889
0.581951356160595
0.54703427479096
0.514212218303502
0.603359485205292
0.927157916092974
0.991528441127396
0.932036734659752
0.876114530580167
0.823547658745357
0.834134799220636
0.784086711267397
1.09704150859135
1.27121901807587
1.43494587699132
1.52884912437184
1.49711817690953
1.58729108629496
1.55205362111726
1.45893040385022
1.37139457961921
1.52911090484206
1.49736425055153
1.52752239551844
1.61587105178734
1.5189187886801
1.42778366135929
1.40211664167773
1.37798964317707
1.47531026458644
1.56679164871126
1.59278414978858
1.61721710080127
1.70018407475319
1.718173030268
1.67508264845192
1.7545776895448
1.70930302817212
1.60674484648179
1.69034015569288
1.88891974635131
1.77558456157023
1.78904948787602
1.86170651860346
1.93000412748725
2.11420387983801
2.10735164704773
2.10091054822487
2.27485591533138
2.37836456041149
2.2956626867868
2.3979229255796
2.37404755004482
2.47160469704213
2.4433084152196
2.29670991030643
2.33890731568804
2.43857287674676
2.29225850414195
2.27472299389344
2.25823961425983
2.30274523740424
2.22458052315999
2.33110569177039
2.31123935026416
2.29256498924831
2.21501108989341
2.14211042449981
2.67358379902982
2.69316877108803
2.65157864482275
2.55248392613338
2.57933489056538
2.66457479713146
2.56470030930357
2.59081829074536
2.49536919330064
2.4056470417026
2.26130821920044
2.24562972604841
2.35089194248551
2.32983842593638
2.4900481203802
2.58064523315738
2.48580651916794
2.39665812801786
2.25285864033679
2.11768712191658
2.05062589460159
1.98758834092549
1.98833304046996
1.98903305804177
1.98969107455926
1.93030961008571
1.81449103348056
1.76562157147173
1.71968427718343
1.73650322055242
1.87231302731927
1.81997424568012
1.77077579093931
1.84452924348295
1.79385748887397
1.74622603954154
1.70145247716904
1.7193653285389
1.67620340882657
1.57563120429697
1.60109333203915
1.56502773211681
1.5311260681898
1.43925850409841
1.4129029938525
1.44812881422135
1.42124108536807
1.39596662024599
1.31220862303123
1.23347610564936
1.21946753931039
1.20629948695177
1.37392151773466
1.35148622667058
1.27039705307035
1.31417322988613
1.35532283609296
1.51400346592738
1.48316325797174
1.57417346249344
1.59972305474383
1.6237396714592
1.76631529117165
1.78033637370135
1.79351619127927
1.98590521980251
1.86675090661436
1.7547458522175
1.70946110108445
1.78689343501938
1.67967982891822
1.87889903918313
1.88616509683214
1.95299519102221
1.83581547956088
1.84566655078722
1.73492655773999
1.69083096427559
1.64938110641906
1.67041824003391
1.75019314563188
1.70518155689397
1.96287066348033
1.96509842367151
1.84719251825122
1.91636096715614
1.86137930912678
1.92969655057917
1.81391475754442
1.88507987209175
1.77197507976625
1.90565657498027
1.85131718048146
1.86023814965257
1.74862386067341
1.64370642903301
1.60508404329103
1.62877900069357
1.65105226065195
1.55198912501284
1.69886977751207
1.71693759086134
1.67392133540966
1.81348605528508
1.76467689196798
1.8387962784499
1.7284685017429
1.68476039163833
1.70367476814003
1.60145428205163
1.50536702512853
1.53504500362082
1.56294230340357
1.46916576519936
1.44101581928739
1.35455487013015
1.33328157792234
1.313284683247
1.35448760225218
1.33321834611705
1.31322524535003
1.29443173062902
1.21676582679128
1.14375987718381
1.07513428455278
1.07062622747961
1.00638865383083
0.946005334600984
1.00924501452493
0.94869031365343
0.951768894834224
0.95466276114417
0.95738299547552
0.899940015746989
0.84594361480217
0.795186997914039
0.747475778039197
0.762627231356845
0.716869597475434
0.673857421626908
0.633425976329294
0.595420417749536
0.619695192684564
0.70251348112349
0.660362672256081
0.620740911920716
0.583496457205473
0.548486669773144
0.515577469586756
0.48464282141155
0.455564252126857
0.428230396999246
0.462536573179291
0.434784378788534
0.468697316061222
0.440575477097548
0.414140948471695
0.389292491563394
0.36593494206959
0.343978845545414
0.32334011481269
0.303939707923928
0.285703325448493
0.268561125921583
0.252447458366288
0.237300610864311
0.223062574212452
0.269678819759705
0.253498090574123
0.238288205139675
0.223990912831295
0.270551458061417
0.374318370577732
0.351859268343068
0.330747712242484
0.310902849507935
0.292248678537459
0.274713757825211
0.258230932355699
0.242737076414357
0.228172851829495
0.214482480719725
0.201613531876542
0.189516719963949
0.178145716766112
0.167456973760146
0.157409555334537
0.147964982014465
0.199087083093597
0.187141858107981
0.175913346621502
0.165358545824212
0.155437033074759
0.146110811090274
0.137344162424857
0.129103512679366
0.181357301918604
0.170475863803488
0.160247311975278
0.210632473256762
0.197994524861356
0.186114853369675
0.174947962167494
0.164451084437444
0.154584019371198
0.145308978208926
0.13659043951639
0.188395013145407
0.237091312356682
0.222865833615282
0.449493883598365
0.422524250582463
0.457172795547515
0.429742427814664
0.463957882145784
0.436120409217037
0.409953184664015
0.445355993584174
0.478634633969123
0.449916555930976
0.422921562575117
0.45754626882061
0.610093492691374
0.573487883129891
0.719078610142098
0.675933893533572
0.695377859921558
0.713655188326264
0.730835877026688
0.746985724405087
0.702166580940782
0.660036586084335
0.620434390919275
0.583208327464118
0.668215827816271
0.688122878147295
0.646835505458457
0.72802537513095
0.804343852623093
0.756083221465707
0.770718228177765
0.844475134487099
0.913806626417873
1.0389782288328
1.15663953510283
1.14724116299666
1.25840669321686
1.24290229162385
1.16832815412642
1.21822846487883
1.2651347569861
1.18922667156694
1.29787307127292
1.28000068699655
1.32320064577675
1.30380860703015
1.28558009060834
1.38844528517184
1.42513856806153
1.57963025397784
1.48485243873917
1.45576129241482
1.42841561486993
1.34271067797773
1.26214803729907
1.30641915506112
1.28803400575746
1.21075196541201
1.19810684748729
1.24622043663805
1.23144721043977
1.15756037781338
1.26810675514458
1.3120203498359
1.23329912884575
1.219301181115
1.2661431102481
1.31017452363322
1.23156405221523
1.15767020908231
1.08820999653737
1.08291739674513
1.01794235294042
1.016865811764
0.955853863058157
1.01850263127467
1.19739247339819
1.1255489249943
1.17801598949464
1.28733503012496
1.27009492831746
1.31388923261841
1.41505587866131
1.39015252594163
1.54674337438513
1.51393877192203
1.5431024456067
1.5105162988703
1.41988532093808
1.3946922016818
1.43101066958089
1.58515002940604
1.55004102764167
1.45703856598317
1.48961625202418
1.58023927690273
1.60542492028857
1.68909942507125
1.64775345956698
1.72888825199296
1.80515495687338
1.69684565946098
1.65503491989332
1.61573282469972
1.51878885521774
1.48766152390467
1.51840183247039
1.48729772252217
1.51805985917084
1.48697626762059
1.57775769156335
1.54309223006955
1.57050669626538
1.47627629448946
1.38769971682009
1.30443773381088
1.34617146978223
1.3854011815953
1.30227711069958
1.2841404840576
1.26709205501415
1.2510665317133
1.2360025398105
1.28184238742187
1.26493184417656
1.18903593352597
1.17769377751441
1.16703215086354
1.15701022181173
1.14758960850303
1.13873423199284
1.13041017807327
1.12258556738888
1.11523043334554
1.04831660734481
1.04541761090412
1.04269255424988
1.04013100099488
1.15772314093519
1.14825975247908
1.13936416733033
1.13100231729051
1.06314217825308
1.0593536475579
1.05579242870442
1.05244488298216
1.10929819000323
1.04274029860304
1.04017588068685
1.03776532784564
0.975499408174903
0.916969443684409
0.981951277063344
0.983034200439544
1.04405214841317
1.10140901950838
1.09532447833788
1.08960500963761
1.02422870905935
0.962774986515788
0.905008487324841
0.91070797808535
1.09606549940023
1.21030156943622
1.13768347527004
1.06942246675384
1.12525711874861
1.05774169162369
0.994277190126271
0.934620558718695
0.878543325195573
0.945830725683839
0.949080882142808
0.89213602921424
0.838607867461385
0.848291395413702
0.85739391168888
0.865950276987547
0.993993260368294
0.994353664746197
0.934692444861425
0.878610898169739
0.825894244279555
0.776340589622782
0.729760154245415
0.68597454499069
0.644816072291248
0.606127107953773
0.629759481476547
0.591973912587954
0.556455477832677
0.643068149162716
0.664484060212953
0.684615016600176
0.643538115604166
0.604925828667916
0.568630278947841
0.53451246221097
0.502441714478312
0.472295211609613
0.443957498913036
0.417320048978254
0.392280846039559
0.368743995277185
0.346619355560554
0.325822194226921
0.366272862573306
