0
0
0
0
0
0
0
0
0
0
0
0
0
0
0
0
0
0
0
0
0
0
0
0.166666666666667
0.153333333333333
0.141066666666667
0.129781333333333
0.119398826666667
0.109846920533333
0.101059166890667
0.0929744335394133
0.0855364788562603
0.0786935605477595
0.152398075703939
0.140206229647624
0.128989731275814
0.118670552773749
0.109176908551849
0.100442755867701
0.0924073353982848
0.085014748566422
0.0782135686811083
0.0719564831866196
0.06619996453169
0.0609039673691548
0.0560316499796224
0.0515491179812526
0.0474251885427524
0.0436311734593322
0.0401406795825857
0.0369294252159788
0.0339750711987005
0.0312570655028045
0.0287565002625801
0.0264559802415737
0.0243395018222478
0.022392341676468
0.0206009543423506
0.0189528779949625
0.0174366477553655
0.0160417159349363
0.0147583786601414
0.0135777083673301
0.0124914916979437
0.0114921723621082
0.0105727985731395
0.00972697468728835
0.0889488167123053
0.0818329113753209
0.0752862784652952
0.0692633761880716
0.0637223060930259
0.0586245216055838
0.0539345598771371
0.0496197950869661
0.0456502114800088
0.0419981945616081
0.0386383389966795
0.0355472718769451
0.0327034901267895
0.0300872109166464
0.0276802340433147
0.0254658153198495
0.0234285500942615
0.0215542660867206
0.019829924799783
0.0182435308158003
0.0167840483505363
0.0154413244824934
0.0142060185238939
0.0130695370419824
0.0120239740786238
0.0110620561523339
0.0901770916601472
0.0829629243273354
0.0763258903811486
0.0702198191506567
0.144602233618604
0.133034054929116
0.122391330534787
0.192600024092004
0.177192022164643
0.163016660391472
0.149975327560154
0.137977301355342
0.126939117246915
0.116783987867161
0.107441268837788
0.0988459673307654
0.0909382899443041
0.0836632267487598
0.076970168608859
0.0708125551201503
0.145147550710538
0.213535746653695
0.1964528869214
0.180736655967688
0.166277723490273
0.152975505611051
0.140737465162167
0.209478467949193
0.192720190513258
0.177302575272197
0.163118369250422
0.150068899710388
0.138063387733557
0.127018316714872
0.196856851377682
0.261108303267468
0.24021963900607
0.221002067885585
0.203321902454738
0.187056150258359
0.17209165823769
0.158324325578675
0.145658379532381
0.134005709169791
0.123285252436207
0.113422432241311
0.104348637662006
0.0960007466490455
0.168320686917122
0.154855031963752
0.142466629406652
0.13106929905412
0.12058375512979
0.190937054719407
0.175662090341854
0.161609123114506
0.148680393265346
0.136785961804118
0.205843084859789
0.189375638071005
0.254225587025325
0.233887540063299
0.295176536858235
0.271562413909576
0.24983742079681
0.229850427133065
0.21146239296242
0.194545401525427
0.178981769403392
0.164663227851121
0.151490169623031
0.219370956053189
0.361821279568934
0.332875577203419
0.386245531027146
0.515345888544974
0.474118217461376
0.436188760064466
0.401293659259309
0.449190166518564
0.413254953197079
0.460194556941313
0.423378992386008
0.389508672995127
0.438347979155517
0.403280140823076
0.37101772955723
0.341336311192651
0.314029406297239
0.28890705379346
0.265794489489983
0.244530930330785
0.224968455904322
0.206970979431976
0.190413301077418
0.175180236991225
0.161165818031927
0.148272552589373
0.136410748382223
0.125497888511645
0.195458057430713
0.179821412836256
0.165435699809356
0.152200843824607
0.220024776318639
0.202422794213148
0.186228970676096
0.171330653022008
0.157624200780247
0.225014264717828
0.207013123540401
0.190452073657169
0.175215907764596
0.161198635143428
0.148302744331954
0.136438524785398
0.125523442802566
0.115481567378361
0.106243041988092
0.0977435986290444
0.169924110738721
0.156330181879623
0.143823767329253
0.132317865942913
0.12173243666748
0.111993841734082
0.103034334395355
0.0947915876437267
0.0872082606322286
0.0802315997816503
0.0738130717991183
0.0679080260551888
0.0624753839707737
0.0574773532531118
0.0528791649928629
0.0486488317934338
0.0447569252499591
0.0411763712299624
0.117882261531565
0.10845168060904
0.099775546160317
0.0917935024674916
0.0844500222700923
0.157694020488485
0.145078498849406
0.133472218941454
0.122794441426137
0.192970886112046
0.177533215223083
0.163330558005236
0.230264113364817
0.291842984295632
0.268495545551981
0.247015901907823
0.227254629755197
0.209074259374781
0.192348318624799
0.176960453134815
0.16280361688403
0.149779327533307
0.137796981330643
0.126773222824191
0.116631364998256
0.187300855798396
0.252316787334524
0.232131444347762
0.213560928799941
0.196476054495946
0.18075797013627
0.166297332525369
0.152993545923339
0.140754062249472
0.129493737269514
0.119134238287953
0.109603499224917
0.100835219286924
0.0927684017439696
0.0853469296044521
0.0785191752360959
0.0722376412172082
0.0664586299198316
0.0611419395262451
0.0562505843641454
0.0517505376150138
0.0476104946058127
0.0438016550373477
0.0402975226343599
0.0370737208236111
0.0341078231577222
0.0313791973051044
0.0288688615206961
0.0265593525990404
0.0244346043911172
0.0224798360398278
0.0206814491566416
0.0190269332241103
0.0175047785661814
0.0161043962808869
0.094816044578416
0.0872307610121427
0.0802523001311713
0.0738321161206776
0.0679255468310234
0.0624915030845415
0.0574921828377782
0.0528928082107559
0.0486613835538955
0.0447684728695838
0.0411869950400171
0.0378920354368158
0.0348606726018705
0.0320718187937209
0.0295060732902232
0.0271455874270053
0.0249739404328449
0.102976025198217
0.0947379431823599
0.167158907727771
0.153786195109549
0.141483299500786
0.130164635540723
0.119751464697465
0.110171347521668
0.101357639719934
0.0932490285423395
0.0857891062589524
0.0789259777582362
0.0726118995375773
0.0668029475745711
0.141458711768605
0.130142014827117
0.119730653640948
0.110152201349672
0.101340025241698
0.0932328232223622
0.0857741973645733
0.0789122615754074
0.0725992806493748
0.0667913381974248
0.0614480311416308
0.0565321886503004
0.0520096135582763
0.0478488444736142
0.0440209369157251
0.0404992619624671
0.11725932100547
0.107878575325032
0.0992482892990296
0.0913084261551072
0.0840037520626987
0.0772834518976828
0.0711007757458681
0.0654127136861987
0.0601796965913028
0.0553653208639986
0.0509360951948787
0.0468612075792884
0.0431123109729453
0.0396633260951097
0.0364902600075009
0.0335710392069009
0.0308853560703488
0.108414527584721
0.0997413653779432
0.0917620561477078
0.0844210916558912
0.0776674043234199
0.0714540119775463
0.0657376910193426
0.0604786757377952
0.0556403816787716
0.0511891511444698
0.0470940190529123
0.0433264975286793
0.0398603777263849
0.0366715475082741
0.0337378237076122
0.0310387978110032
0.028555693986123
0.0262712384672331
0.0241695393898545
0.0222359762386661
0.0204570981395728
0.018820530288407
0.0173148878653345
0.0159296968361077
0.0146553210892191
0.0134828954020816
0.012404263769915
0.0114119226683218
0.0104989688548561
0.0896590513464676
0.0824863272387502
0.0758874210596502
0.0698164273748782
0.0642311131848879
0.0590926241300969
0.0543652141996891
0.050015997063714
0.0460147172986169
0.0423335399147275
0.118946856721549
0.109431108183825
0.100676619529119
0.0926224899667898
0.0852126907694466
0.0783956755078909
0.0721240214672596
0.0663540997498789
0.0610457717698886
0.0561621100282975
0.0516691412260337
0.127535609927951
0.117332761133715
0.107946140243018
0.0993104490235763
0.0913656131016902
0.084056364053555
0.0773318549292706
0.071145306534929
0.0654536820121346
0.0602173874511639
0.0553999964550708
0.0509679967386651
0.0468905569995719
0.123139312439606
0.113288167444438
0.104225114048883
0.0958871049249721
0.168216136530974
0.154758845608496
0.142378137959817
0.130987886923031
0.200508855969189
0.184468147491654
0.249710695692321
0.229733840036936
0.211355132833981
0.194446722207262
0.258890984430681
0.238179705676227
0.299125329222129
0.355195302884359
0.32677967865361
0.300637304361321
0.356586320012415
0.328059414411422
0.381814661258508
0.351269488357828
0.403167929289202
0.370914494946065
0.34124133535038
0.31394202852235
0.288826666240562
0.265720532941317
0.244462890306012
0.224905859081531
0.206913390355008
0.190360319126608
0.175131493596479
0.161120974108761
0.14823129618006
0.136372792485655
0.125462969086803
0.115425931559858
0.10619185703507
0.177696508472264
0.163480787794483
0.150402324770924
0.138370138789251
0.20730052768611
0.190716485471222
0.175459166633524
0.161422433302842
0.148508638638615
0.136627947547525
0.125697711743723
0.195641894804226
0.179990543219888
0.165591299762297
0.152343995781313
0.140156476118808
0.128943958029303
0.118628441386959
0.189138166076002
0.174007112789922
0.160086543766728
0.14727962026539
0.135497250644159
0.124657470592626
0.114684872945216
0.105510083109599
0.0970692764608309
0.0893037343439644
0.162159435596447
0.149186680748732
0.217251746288833
0.199871606585726
0.183881878058868
0.169171327814159
0.155637621589026
0.143186611861904
0.131731682912952
0.121193148279916
0.111497696417522
0.102577880704121
0.0943716502477909
0.166821918227968
0.15347616476973
0.141198071588152
0.1299022258611
0.119510047792212
0.109949243968835
0.181153304451328
0.246661040095222
0.226928156887604
0.208773904336596
0.272071991989668
0.250306232630495
0.230281734020055
0.291859195298451
0.348510459674575
0.400629622900609
0.44857925306856
0.492692912823075
0.453277479797229
0.417015281413451
0.543654058900375
0.500161734188345
0.460148795453277
0.423336891817015
0.389469940471654
0.358312345233922
0.329647357615208
0.303275569005991
0.279013523485512
0.256692441606671
0.236157046278137
0.217264482575886
0.199883323969816
0.18389265805223
0.169181245408052
0.155646745775408
0.143195006113375
0.131739405624305
0.121200253174361
0.111504232920412
0.102583894286779
0.0943771827438366
0.0868270081243297
0.0798808474743833
0.0734903796764327
0.147611149302318
0.215802257358133
0.198538076769482
0.182655030627923
0.16804262817769
0.154599217923474
0.142231280489596
0.130852778050429
0.120384555806394
0.110753791341883
0.101893488034532
0.0937420089917697
0.0862426482724282
0.0793432364106339
0.152995777497783
0.140756115297961
0.129495626074124
0.119135975988194
0.109605097909138
0.100836690076407
0.0927697548702947
0.0853481744806711
0.0785203205222174
0.07223869488044
0.146459599290005
0.134742831346804
0.12396340483906
0.114046332451935
0.10492262585578
0.096528815787318
0.0888065105243326
0.081701989682386
0.0751658305077951
0.0691525640671715
0.0636203589417978
0.058530730226454
0.0538482718083377
0.0495404100636707
0.045577177258577
0.0419310030778908
0.0385765228316596
0.0354904010051268
0.0326511689247167
0.0300390754107393
0.10763594937788
0.0990250734276498
0.0911030675534378
0.0838148221491628
0.0771096363772298
0.0709408654670514
0.0652655962296873
0.0600443485313123
0.0552408006488073
0.0508215365969027
0.0467558136691505
0.0430153485756185
0.039574120689569
0.0364081910344035
0.0334955357516512
0.0308158928915191
0.0283506214601976
0.0260825717433818
0.0239959660039112
0.0220762887235983
0.0203101856257105
0.0186853707756536
0.0171905411136013
0.0158152978245132
0.0145500739985522
0.013386068078668
0.0123151826323746
0.0113299680217846
0.0104235705800418
0.00958968493363849
0.00882251013894741
0.00811670932783162
0.00746737258160509
0.00686998277507668
0.00632038415307055
0.0058147534208249
0.00534957314715891
0.0049216072953862
0.0045278787117553
0.00416564841481488
0.00383239654162969
0.00352580481829931
0.00324374043283537
0.00298424119820854
0.00274550190235186
0.00252586175016371
0.00232379281015061
0.00213788938533856
0.00196685823451148
0.00180950957575056
0.00166474880969052
0.00153156890491527
0.00140904339252205
0.00129631992112029
0.00119261432743067
0.00109720518123621
0.00100942876673732
0.00092867446539833
0.000854380508166464
0.000786030067513147
0.000723147662112095
0.000665295849143127
0.000612072181211677
0.000563106406714743
0.000518057894177564
0.000476613262643358
0.00043848420163189
0.000403405465501339
0.000371133028261232
0.000341442386000333
0.000314126995120306
0.000288996835510682
0.000265877088669827
0.000244606921576241
0.000225038367850142
0.000207035298422131
0.00019047247454836
0.000175234676584491
0.000161215902457732
0.000148318630261113
0.000136453139840224
0.000125536888653006
0.000115493937560766
0.000106254422555905
9.77540687514323e-05
8.99337432513177e-05
8.27390437912123e-05
7.61199202879153e-05
7.00303266648821e-05
6.44279005316915e-05
5.92736684891562e-05
5.45317750100237e-05
5.01692330092218e-05
4.61556943684841e-05
4.24632388190054e-05
3.90661797134849e-05
3.59408853364061e-05
3.30656145094936e-05
3.04203653487342e-05
2.79867361208354e-05
2.57477972311686e-05
0.0800236879734527
0.0736217929355765
0.0677320495007303
0.0623134855406719
0.0573284066974182
0.0527421341616247
0.0485227634286947
0.0446409423543992
0.0410696669660472
0.117784093608763
0.108361366120062
0.0996924568304574
0.0917170602840208
0.0843796954612992
0.157629319824395
0.145018974238444
0.133417456299368
0.122744059795419
0.112924535011785
0.103890572210842
0.095579326433975
0.087932980319257
0.160898341893716
0.148026474542219
0.136184356578842
0.125289608052534
0.195266439408332
0.259645124255665
0.238873514315212
0.219763633169995
0.202182542516395
0.186007939115084
0.171127303985877
0.237437119667007
0.218442150093646
0.200966778086155
0.184889435839262
0.170098280972121
0.236490418494352
0.217571185014803
0.200165490213619
0.18415225099653
0.169420070916807
0.155866465243463
0.143397148023986
0.131925376182067
0.121371346087502
0.111661638400501
0.102728707328461
0.0945104107421844
0.0869495778828097
0.0799936116521849
0.0735941227200101
0.0677065929024093
0.0622900654702166
0.0573068602325992
0.0527223114139913
0.048504526500872
0.0446241643808022
0.201054231230338
0.184969892731911
0.250172301313358
0.23015851720829
0.211745835831626
0.194806168965096
0.179221675447889
0.164883941412057
0.151693226099093
0.139557768011165
0.208393146570272
0.19172169484465
0.176383959257078
0.162273242516512
0.149291383115191
0.137348072465976
0.206360226668698
0.189851408535202
0.174663295852386
0.160690232184195
0.147835013609459
0.136008212520703
0.125127555519046
0.115117351077523
0.105907962991321
0.177435325952015
0.163240499875854
0.150181259885786
0.218166759094923
0.200713418367329
0.184656344897943
0.169883837306107
0.236293130321619
0.217389679895889
0.199998505504218
0.183998625063881
0.24927873505877
0.229336436254069
0.210989521353743
0.194110359645444
0.178581530873808
0.244295008403904
0.224751407731591
0.206771295113064
0.190229591504019
0.255011224183697
0.234610326249002
0.295841500149082
0.272174180137155
0.250400245726183
0.230368226068088
0.211938767982641
0.19498366654403
0.179384973220507
0.245034175362867
0.305431441333837
0.28099692602713
0.25851717194496
0.237835798189363
0.218808934334214
0.201304219587477
0.185199882020479
0.170383891458841
0.236753180142133
0.297812925730763
0.273987891672302
0.252068860338518
0.231903351511436
0.213351083390521
0.19628299671928
0.260580356981737
0.239733928423198
0.220555214149342
0.202910797017395
0.186677933256003
0.171743698595523
0.158004202707881
0.145363866491251
0.133734757171951
0.203035976598195
0.186793098470339
0.171849650592712
0.158101678545295
0.145453544261671
0.133817260720738
0.123111879863079
0.113262929474032
0.10420189511611
0.0958657435068211
0.168196484026275
0.154740765304173
0.142361504079839
0.130972583753452
0.120494777053176
0.110855194888922
0.101986779297808
0.0938278369539836
0.166321609997665
0.153015881197852
0.140774610702024
0.129512641845862
0.119151630498193
0.109619500058337
0.10084994005367
0.172781944849377
0.158959389261427
0.146242638120513
0.134543227070872
0.123779768905202
0.113877387392786
0.104767196401363
0.0963858206892538
0.0886749550341135
0.0815809586313844
0.0750544819408737
0.149050123385604
0.137126113514755
0.126156024433575
0.116063542478889
0.106778459080578
0.0982361823541317
0.0903772877658012
0.0831471047445371
0.0764953363649741
0.0703757094557762
0.0647456526993141
0.059566000483369
0.0548007204446995
0.0504166628091235
0.0463833297843936
0.0426726634016421
0.0392588503295108
0.0361181423031499
0.0332286909188979
0.110570395645386
0.101724763993755
0.0935867828742548
0.0860998402443144
0.0792118530247693
0.0728749047827877
0.0670449124001647
0.141681319408152
0.130346813855499
0.119919068747059
0.110325543247295
0.101499499787511
0.17337953980451
0.159509176620149
0.146748442490538
0.135008567091295
0.124207881723991
0.114271251186072
0.105129551091186
0.0967191870038911
0.0889816520435798
0.0818631198800934
0.075314070289686
0.0692889446665111
0.0637458290931902
0.058646162765735
0.0539544697444762
0.0496381121649181
0.0456670631917247
0.0420136981363867
0.0386526022854758
0.0355603941026377
0.0327155625744267
0.0300983175684725
0.0276904521629947
0.0254752159899552
0.0234371987107588
0.0215622228138981
0.0198372449887862
0.0182502653896833
0.0167902441585087
0.015447024625828
0.0142112626557617
0.0130743616433008
0.0120284127118367
0.0110661396948898
0.0101808485192986
0.00936638063775472
0.00861707018673434
0.0079277045717956
0.00729348820605195
0.00671000914956779
0.00617320841760237
0.00567935174419418
0.00522500360465865
0.00480700331628596
0.00442244305098308
0.00406864760690443
0.00374315579835208
0.00344370333448391
0.0031682070677252
0.00291475050230718
0.00268157046212261
0.0024670448251528
0.00226968123914058
0.00208810674000933
0.00192105820080858
0.0017673735447439
0.00162598366116439
0.00149590496827124
0.00137623257080954
0.00126613396514477
0.00116484324793319
0.00107165578809854
0.000985923325050654
0.000907049459046602
0.000834485502322873
0.000767726662137044
0.00070630852916608
0.000649803846832794
0.00059781953908617
0.000549993975959277
0.0805059944578825
0.0740655149012519
0.0681402737091518
0.0626890518124196
0.0576739276674261
0.053060013454032
0.128815212377709
0.118509995387493
0.109029195756493
0.100306860095974
0.0922823112882959
0.0848997263852323
0.0781077482744137
0.0718591284124606
0.0661103981394637
0.0608215662883066
0.0559558409852421
0.131479373706423
0.200961023809909
0.264884141905116
0.243693410552707
0.22419793770849
0.206262102691811
0.189761134476466
0.174580243718349
0.160613824220881
0.147764718283211
0.215943540820554
0.198668057554909
0.182774612950517
0.168152643914475
0.154700432401317
0.302324397809212
0.278138445984475
0.335887370305717
0.46901638068126
0.511495070226759
0.630575464608618
0.820129427439929
0.914519073244735
1.00135754738516
1.00124894359434
0.921149028106796
0.847457105858252
0.779660537389592
0.717287694398425
0.659904678846551
0.607112304538827
0.558543320175721
0.513859854561663
0.47275106619673
0.434930980900992
0.400136502428912
0.368125582234599
0.338675535655832
0.311581492803365
0.446654973379096
0.490922575508768
0.531648769468067
0.489116867910621
0.449987518477772
0.49398851699955
0.534469435639586
0.651711880788419
0.759574930325346
0.858808935899318
0.790104221027373
0.886895883345183
0.895944212677568
0.824268675663363
0.918327181610294
1.00486100708147
0.924472126514953
0.850514356393756
0.862473207882256
0.793475351251676
0.729997323151542
0.751597537299418
0.691469734315465
0.636152155570228
0.585259983124609
0.538439184474641
0.49536404971667
0.455734925739336
0.419276131680189
0.385734041145774
0.354875317854112
0.406485292425783
0.373966469031721
0.424049151509183
0.470125219388448
0.512515201837372
0.471513985690383
0.433792866835152
0.47908943748834
0.440762282489273
0.405501299890131
0.373061195898921
0.343216300227007
0.315758996208846
0.290498276512139
0.267258414391168
0.325877741239874
0.299807521940684
0.35582292018543
0.327357086570595
0.301168519644948
0.277075038073352
0.334909035027484
0.388116312225285
0.357067007247262
0.328501646667481
0.302221514934083
0.278043793739356
0.255800290240208
0.235336267020991
0.296509365659312
0.272788616406567
0.250965527094042
0.230888284926518
0.212417222132397
0.195423844361805
0.259789936812861
0.239006741867832
0.219886202518405
0.202295306316933
0.186111681811578
0.171222747266652
0.15752492748532
0.144922933286494
0.133329098623575
0.122662770733689
0.112849749074994
0.103821769148994
0.0955160276170746
0.0878747454077087
0.080844765775092
0.0743771845130846
0.0684270097520379
0.142952848971875
0.131516621054125
0.120995291369795
0.111315668060211
0.182410414615394
0.327817581446163
0.30159217493047
0.357464800936032
0.48886761686115
0.449758207512258
0.413777550911277
0.380675346838375
0.350221319091305
0.322203613564001
0.296427324478881
0.27271313852057
0.250896087438925
0.230824400443811
0.212358448408306
0.195369772535641
0.17974019073279
0.165360975474167
0.152132097436234
0.139961529641335
0.128764607270028
0.118463438688426
0.108986363593352
0.100267454505884
0.0922460581454129
0.0848663734937799
0.0780770636142775
0.0718308985251353
0.0660844266431245
0.0607976725116745
0.0559338587107406
0.0514591500138813
0.0473424180127708
0.0435550245717492
0.0400706226060092
0.0368649727975285
0.0339157749737262
0.0312025129758281
0.0287063119377619
0.0264098069827409
0.0242970224241216
0.0223532606301919
0.0205649997797766
0.0989197997973944
0.0910062158136029
0.0837257185485147
0.0770276610646335
0.0708654481794628
0.0651962123251058
0.0599805153390973
0.13518207411197
0.124367508183012
0.114418107528371
0.105264658926101
0.0968434862120133
0.0890960073150522
0.081968326729848
0.0754108605914602
0.0693779917441434
0.0638277524046119
0.058721532212243
0.0540238096352635
0.0497019048644424
0.0457257524752871
0.0420676922772641
0.038702276895083
0.0356060947434763
0.0327576071639982
0.0301369985908784
0.0277260387036081
0.0255079556073195
0.0234673191587339
0.0215899336260352
0.0198627389359524
0.0182737198210762
0.0168118222353901
0.0154668764565589
0.0142295263400342
0.0130911642328314
0.0120438710942049
0.0910803614066685
0.0837939324941351
0.0770904178946042
0.0709231844630359
0.0652493297059931
0.0600293833295136
0.0552270326631525
0.0508088700501003
0.0467441604460923
0.0430046276104049
0.0395642574015725
0.0363991168094467
0.113487187464691
0.104408212467516
0.0960555554701144
0.0883711110325053
0.0813014221499049
0.0747973083779125
0.148813523707679
0.136908441811065
0.12595576646618
0.115879305148886
0.106608960736975
0.0980802438780167
0.0902338243677754
0.0830151184183534
0.0763739089448851
0.0702639962292943
0.0646428765309508
0.0594714464084747
0.0547137306957967
0.050336632240133
0.0463097016609224
0.0426049255280486
0.0391965314858047
0.0360608089669403
0.0331759442495851
0.0305218687096183
0.0280801192128488
0.0258337096758209
0.0237670129017552
0.0218656518696148
0.0201163997200456
0.018507087742442
0.0170265207230466
0.0156643990652029
0.0144112471399867
0.0932583473687877
0.0857976795792847
0.078933865212942
0.0726191559959066
0.0668096235162341
0.0614648536349354
0.0565476653441405
0.0520238521166093
0.0478619439472805
0.0440329884314981
0.0405103493569783
0.03726952140842
0.0342879596957464
0.0315449229200867
0.0290213290864798
0.0266996227595614
0.104563652938796
0.0961985607036927
0.0885026758473973
0.0814224617796055
0.0749086648372371
0.0689159716502581
0.0634026939182375
0.0583304784047785
0.0536640401323962
0.0493709169218045
0.0454212435680602
0.0417875440826154
0.0384445405560061
0.115368977311526
0.106139459126604
0.0976483023964753
0.0898364382047573
0.0826495231483767
0.0760375612965066
0.0699545563927861
0.144358191881363
0.132809536530854
0.122184773608386
0.112409991719715
0.103417192382138
0.0951438169915667
0.0875323116322414
0.0805297267016621
0.0740873485655291
0.0681603606802868
0.0627075318258638
0.0576909292797947
0.0530756549374112
0.0488296025424183
0.0449232343390248
0.0413293755919028
0.118023025544551
0.108581183500987
0.0998946888209076
0.091903113715235
0.0845508646180162
0.0777867954485749
0.0715638518126889
0.145838743667674
0.29417164417426
0.270637912640319
0.248986879629094
0.229067929258766
0.290742494918065
0.26748309532462
0.24608444769865
0.306397691882758
0.361885876532137
0.332935006409567
0.386300205896801
0.355396189425057
0.326964494271053
0.300807334729368
0.276742747951019
0.414603328114937
0.381435061865742
0.350920256916483
0.322846636363164
0.297018905454111
0.273257393017782
0.25139680157636
0.231285057450251
0.212782252854231
0.195759672625892
0.180098898815821
0.165690986910555
0.152435707957711
0.140240851321094
0.129021583215407
0.118699856558174
0.10920386803352
0.100467558590839
0.0924301539035715
0.0850357415912857
0.0782328822639829
0.0719742516828643
0.0662163115482351
0.140919006624376
0.129645486094426
0.119273847206872
0.109731939430322
0.100953384275897
0.0928771135338249
0.0854469444511189
0.0786111888950294
0.072322293783427
0.146536510280753
0.134813589458293
0.204028502301629
0.187706222117499
0.172689724348099
0.158874546400251
0.146164582688231
0.134471416073173
0.123713702787319
0.113816606564333
0.104711278039187
0.0963343757960517
0.0886276257323675
0.0815374156737781
0.0750144224198759
0.0690132686262858
0.143492207136183
0.132012830565288
0.121451804120065
0.11173565979046
0.182796807007223
0.168173062446645
0.154719217450914
0.142341680054841
0.130954345650453
0.120477997998417
0.110839758158544
0.18197257750586
0.167414771305391
0.15402158960096
0.141699862432883
0.130363873438253
0.119934763563192
0.110339982478137
0.101512783879886
0.0933917611694952
0.165920420275936
0.232646786653861
0.214035043721552
0.196912240223828
0.261159261005922
0.240266520125448
0.221045198515412
0.203361582634179
0.187092656023445
0.172125243541569
0.158355224058244
0.145686806133584
0.134031861642897
0.123309312711466
0.193444567694548
0.177969002278985
0.163731482096666
0.150632963528933
0.138582326446618
0.207495740330889
0.190896081104417
0.175624394616064
0.161574443046779
0.148648487603037
0.136756608594794
0.20581607990721
0.269350793514633
0.247802730033463
0.307978511630786
0.283340230700323
0.260673012244297
0.239819171264753
0.220633637563573
0.202982946558487
0.186744310833808
0.171804765967104
0.158060384689735
0.145415553914557
0.133782309601392
0.123079724833281
0.113233346846618
0.104174679098889
0.0958407047709777
0.0881734483892994
0.0811195725181555
0.0746300067167031
0.0686596061793668
0.0631668376850175
0.0581134906702161
0.0534644114165988
0.0491872585032709
0.0452522778230092
0.121632095597168
0.111901527949395
0.102949405713443
0.0947134532563679
0.0871363769958585
0.0801654668361898
0.0737522294892946
0.0678520511301511
0.062423887039739
0.0574299760765599
0.0528355779904351
0.0486087317512003
0.0447200332111043
0.0411424305542159
0.0378510361098787
0.0348229532210884
0.0320371169634013
0.0294741476063292
0.0271162157978229
0.024946918533997
0.0229511650512773
0.0211150718471751
0.0194258660994011
0.017871796811449
0.0164420530665331
0.0951266888212104
0.0875165537155136
0.0805152294182725
0.0740740110648107
0.0681480901796259
0.0626962429652558
0.0576805435280353
0.0530661000457925
0.0488208120421291
0.0449151470787588
0.0413219353124581
0.0380161804874614
0.0349748860484645
0.0321768951645874
0.0296027435514204
0.0272345240673067
0.0250557621419222
0.0230513011705684
0.021207197076923
0.0195106213107691
0.0179497716059076
0.016513789877435
0.0151926866872402
0.013977271752261
0.0128590900120801
0.0118303628111137
0.0108839337862246
0.0100132190833266
0.0892121615566605
0.0820751886321277
0.0755091735415575
0.0694684396582329
0.0639109644855742
0.0587980873267283
0.05409424034059
0.0497667011133428
0.0457853650242754
0.0421225358223334
0.118752732956547
0.189252514320023
0.174112313174421
0.160183328120467
0.14736866187083
0.135579168921164
0.124732835407471
0.114754208574873
0.105573871888883
0.0971279621377725
0.0893577251667507
0.0822091071534106
0.0756323785811378
0.0695817882946468
0.064015245231075
0.058894025612589
0.0541825035635819
0.0498479032784953
0.0458600710162157
0.0421912653349185
0.038815964108125
0.035710686979475
0.032853832021117
0.0302255254594276
0.0278074834226734
0.0255828847488595
0.0235362539689508
0.0216533536514347
0.0199210853593199
0.0183273985305744
0.0168612066481284
0.0155123101162781
0.0142713253069759
0.0131296192824178
0.0120792497398244
0.0111129097606384
0.0102238769797874
0.0894059668214044
0.082253489475692
0.0756732103176367
0.149619353492226
0.137649805212848
0.12663782079582
0.116506795132154
0.107186251521582
0.0986113513998554
0.170722443287867
0.157064647824838
0.144499475998851
0.132939517918943
0.122304356485427
0.112520007966593
0.103518407329266
0.175236934742924
0.24121797996349
0.221920541566411
0.204166898241098
0.18783354638181
0.252806862671266
0.232582313657564
0.213975728564959
0.196857670279763
0.181109056657382
0.246620332124791
0.226890705554808
0.208739449110423
0.272040293181589
0.250277069727062
0.230254904148897
0.211834511816985
0.194887750871627
0.339296730801896
0.472152992337745
0.514380752950725
0.473230292714667
0.435371869297494
0.400542119753694
0.368498750173399
0.339018850159527
0.311897342146765
0.366945554775024
0.337589910393022
0.39058271756158
0.359336100156654
0.330589212144121
0.304142075172592
0.279810709158784
0.257425852426082
0.316831784231995
0.291485241493436
0.268166422173961
0.246713108400044
0.30697605972804
0.362417974949797
0.333424536953813
0.386750573997508
0.435810528077708
0.400945685831491
0.368870030964972
0.339360428487774
0.312211594208752
0.287234666672052
0.264255893338288
0.323115421871225
0.377266188121527
0.427084893071805
0.47291810162606
0.675084653495976
0.621077881216298
0.651391650718994
0.599280318661474
0.551337893168556
0.507230861715072
0.466652392777866
0.429320201355637
0.394974585247186
0.443376618427411
0.407906488953218
0.375273969836961
0.425252052250004
0.391231888070004
0.439933337024403
0.484738670062451
0.525959576457455
0.563882810340859
0.51877218551359
0.477270410672503
0.599088777818703
0.551161675593206
0.50706874154575
0.46650324222209
0.509182982844323
0.468448344216777
0.430972476679435
0.39649467854508
0.364775104261474
0.335593095920556
0.308745648246911
0.284045996387158
0.261322316676186
0.320416531342091
0.294783208834724
0.271200552127946
0.24950450795771
0.229544147321093
0.211180615535406
0.194286166292573
0.178743272989167
0.244443811150034
0.224888306258031
0.206897241757389
0.270345462416798
0.248717825423454
0.228820399389578
0.210514767438411
0.193673586043339
0.178179699159871
0.163925323227082
0.150811297368915
0.138746393579402
0.20764668209305
0.191034947525606
0.175752151723557
0.161691979585673
0.148756621218819
0.136856091521313
0.205907604199608
0.18943499586364
0.174280196194549
0.160337780498985
0.147510758059066
0.135709897414341
0.124853105621193
0.194864857171498
0.259275668597778
0.238533615109956
0.219450925901159
0.201894851829067
0.345743263682741
0.318083802588122
0.292637098381072
0.269226130510587
0.24768804006974
0.22787299686416
0.209643157115028
0.272871704545825
0.411041968182159
0.378158610727587
0.34790592186938
0.400073448119829
0.368067572270243
0.338622166488624
0.311532393169534
0.286609801715971
0.343681017578693
0.316186536172398
0.290891613278606
0.267620284216318
0.246210661479012
0.226513808560691
0.208392703875836
0.271721287565769
0.249983584560508
0.309984897795667
0.285186105972014
0.262371217494253
0.241381520094712
0.222070998487135
0.204305318608165
0.187960893119511
0.25292402166995
0.232690099936354
0.214074891941446
0.19694890058613
0.18119298853924
0.166697549456101
0.153361745499613
0.141092805859644
0.129805381390872
0.119420950879602
0.109867274809234
0.101077892824496
0.0929916613985359
0.165552328486653
0.152308142207721
0.140123490831103
0.128913611564615
0.118600522639446
0.10911248082829
0.100383482362027
0.0923528037730647
0.0849645794712196
0.078167413113522
0.0719140200644402
0.066160898459285
0.0608680265825422
0.0559985844559388
0.0515186976994637
0.0473972018835066
0.0436054257328261
0.0401169916742
0.036907632340264
0.0339550217530429
0.0312386200127995
0.0287395304117755
0.0264403679788335
0.0243251385405268
0.0223791274572847
0.0205887972607019
0.0189416934798457
0.0174263580014581
0.0160322493613414
0.0947496694124341
0.0871696958594394
0.0801961201906843
0.0737804305754295
0.0678779961293952
0.0624477564390435
0.0574519359239201
0.0528557810500065
0.0486273185660059
0.0447371330807255
0.0411581624342674
0.037865509439526
0.034836268684364
0.0320493671896148
0.0294854178144457
0.02712658438929
0.0249564576381468
0.0229599410270951
0.0211231457449275
0.0194332940853333
0.0178786305585066
0.0164483401138261
0.01513247290472
0.0139218750723424
0.012808125066555
0.0117834750612306
0.0108407970563322
0.00997353329182558
0.00917565062847954
0.00844159857820117
0.00776627069194508
0.00714496903658947
0.00657337151366232
0.00604750179256933
0.00556370164916379
0.0851186055172307
0.0783091170758522
0.0720443877097841
0.0662808366930013
0.0609783697575612
0.0561001001769563
0.0516120921627998
0.0474831247897759
0.0436844748065938
0.0401897168220663
0.036974539476301
0.0340165763181969
0.0312952502127412
0.0287916301957219
0.0264882997800641
0.024369235797659
0.0224196969338463
0.0206261211791386
0.0189760314848075
0.0174579489660229
0.0160613130487411
0.0147764080048418
0.0135942953644544
0.0125067517352981
0.0115062115964742
0.0105857146687563
0.00973885749525579
0.00895974889563532
0.0082429689839845
0.00758353146526574
0.00697684894804448
0.00641870103220092
0.00590520494962485
0.00543278855365486
0.00499816546936247
0.00459831223181348
0.0042304472532684
0.00389201147300693
0.00358065055516637
0.00329419851075306
0.00303066262989282
0.00278820961950139
0.00256515284994128
0.00235994062194598
0.0821711453721903
0.0755974537424151
0.0695496574430219
0.0639856848475801
0.0588668300597737
0.0541574836549918
0.129824884962592
0.119438894165585
0.109883782632338
0.101093080021751
0.0930056336200111
0.0855651829304102
0.0787199682959774
0.152422370832299
0.140228581165715
0.129010294672458
0.118689471098661
0.189194313410769
0.174058768337907
0.160134066870875
0.147323341521205
0.135537474199508
0.124694476263548
0.114718918162464
0.105541404709467
0.0970980923327093
0.0893302449460926
0.0821838253504052
0.0756091193223727
0.0695603897765829
0.0639955585944563
0.1388759139069
0.207765840794348
0.1911445735308
0.255853007648336
0.235384767036469
0.216553985673552
0.359229666819668
0.330491293474094
0.384051989996167
0.353327830796473
0.405061604332756
0.372656675986135
0.342844141907244
0.315416610554665
0.290183281710292
0.346968619173468
0.399211129639591
0.367274239268424
0.33789230012695
0.390860916116794
0.35959204282745
0.330824679401254
0.304358705049154
0.360010008645222
0.411209207953604
0.378312471317316
0.42804747361193
0.393803675722976
0.442299381665138
0.406915431131927
0.374362196641373
0.344413220910063
0.316860163237258
0.291511350178277
0.268190442164015
0.246735206790894
0.226996390247622
0.208836679027813
0.192129744705588
0.176759365129141
0.242618615918809
0.223209126645305
0.20535239651368
0.268924204792586
0.247410268409179
0.227617446936445
0.209408051181529
0.192655407087007
0.177242974520046
0.163063536558443
0.150018453633767
0.138016977343066
0.206975619155621
0.270417569623171
0.248784164053317
0.228881430929052
0.210570916454728
0.19372524313835
0.178227223687282
0.163969045792299
0.230851522128915
0.292383400358602
0.268992728329914
0.247473310063521
0.227675445258439
0.209461409637764
0.192704496866743
0.177288137117403
0.163105086148011
0.15005667925617
0.138052144915677
0.127007973322423
0.116847335456629
0.107499548620098
0.0988995847304906
0.0909876179520513
0.0837086085158872
0.0770119198346162
0.0708509662478469
0.0651828889480192
0.0599682578321777
0.0551707972056034
0.0507571334291552
0.0466965627548228
0.0429608377344369
0.119523970715682
0.109962053058427
0.341165088813753
0.393871881708653
0.362362131171961
0.493373160678204
0.453903307823948
0.417591043198032
0.384183759742189
0.433449058962814
0.478773134245789
0.440471283506126
0.405233580825636
0.372814894359585
0.342989702810818
0.315550526585953
0.290306484459077
0.267081965702351
0.245715408446163
0.22605817577047
0.207973521708832
0.191335639972125
0.176028788774355
0.161946485672407
0.148990766818614
0.137071505473125
0.126105785035275
0.196017322232453
0.180335936453857
0.165909061537548
0.152636336614545
0.220425429685381
0.282791395310551
0.260168083685706
0.23935463699085
0.220206266031582
0.282589764749055
0.259982583569131
0.239183976883601
0.300049258732912
0.27604531803428
0.253961692591537
0.233644757184214
0.214953176609477
0.277756922480719
0.255536368682261
0.235093459187681
0.216285982452666
0.198983103856453
0.183064455547937
0.168419299104102
0.154945755175774
0.142550094761712
0.131146087180775
0.120654400206313
0.111002048189808
0.102121884334623
0.0939521335878533
0.086435962900825
0.079521085868759
0.0731593989992583
0.0673066470793176
0.0619221153129722
0.0569683460879345
0.0524108784008997
0.0482180081288277
0.0443605674785215
0.12081172208024
0.111146784313821
0.102255041568715
0.0940746382432178
0.16654866718376
0.15322477380906
0.140966791904335
0.209689448551988
0.272914292667829
0.251081149254403
0.23099465731405
0.212515084728926
0.195513877950612
0.179872767714563
0.165482946297398
0.152244310593606
0.140064765746118
0.128859584486429
0.118550817727514
0.109066752309313
0.100341412124568
0.0923140991546026
0.0849289712222344
0.0781346535244557
0.0718838812424992
0.0661331707430993
0.0608425170836514
0.0559751157169593
0.0514971064596025
0.0473773379428343
0.0435871509074076
0.040100178834815
0.0368921645280298
0.0339407913657874
0.0312255280565244
0.0287274858120025
0.0264292869470423
0.0243149439912789
0.0223697484719766
0.0205801685942184
0.018933755106681
0.0174190546981465
0.0160255303222948
0.0147434878965112
0.0135640088647903
0.0124788881556071
0.0114805771031585
0.0105621309349058
0.00971716046011336
0.0089397876233043
0.00822460461343995
0.00756663624436476
0.00696130534481558
0.00640440091723033
0.0058920488438519
0.00542068493634375
0.0849870301414363
0.0781880677301214
0.0719330223117117
0.0661783805267747
0.0608841100846328
0.0560133812778621
0.0515323107756332
0.0474097259135825
0.0436169478404959
0.0401275920132562
0.0369173846521957
0.0339639938800201
0.0312468743696185
0.028747124420049
0.0264473544664451
0.0243315661091295
0.0223850408203991
0.0205942375547672
0.0189466985503858
0.017430962666355
0.0160364856530466
0.0147535668008028
0.0135732814567386
0.0124874189401995
0.0114884254249836
0.0105693513909849
0.00972380327970609
0.0089458990173296
0.00823022709594323
0.00757180892826777
0.00696606421400635
0.0864087790768858
0.079496076750735
0.0731363906106762
0.0672854793618221
0.0619026410128763
0.0569504297318462
0.0523943953532985
0.0482028437250347
0.0443466162270319
0.0407988869288693
0.0375349759745598
0.034532177896595
0.0317696036648674
0.029228035371678
0.0268897925419438
0.104738609138588
0.0963595204075012
0.168650758774901
0.155158698072909
0.142746002227076
0.21132632204891
0.194420216284997
0.178866598982198
0.164557271063622
0.151392689378532
0.13928127422825
0.12813877228999
0.19788767050679
0.262056656866247
0.241092124316947
0.221804754371592
0.284060374021864
0.341335544100115
0.314028700572106
0.288906404526337
0.26579389216423
0.244530380791092
0.224967950327805
0.20697051430158
0.270412873157454
0.248779843304858
0.228877455840469
0.210567259373232
0.273721878623373
0.251824128333503
0.231678198066823
0.213143942221477
0.196092426843759
0.180405032696258
0.165972630080558
0.152694819674113
0.220479234100184
0.202840895372169
0.266613623742396
0.245284533843004
0.225661771135564
0.207608829444719
0.191000123089141
0.17572011324201
0.161662504182649
0.148729503848037
0.216831143540194
0.279484652056979
0.33712587989242
0.390155809501027
0.358943344740945
0.330227877161669
0.383809646988736
0.433104875229637
0.398456485211266
0.446579966394365
0.410853569082815
0.37798528355619
0.427746460871695
0.393526744001959
0.362044604481803
0.413081036123259
0.380034553233398
0.349631788974726
0.321661245856748
0.295928346188208
0.272254078493152
0.490473752213699
0.451235852036603
0.415136983873675
0.381926025163781
0.351371943150679
0.323262187698624
0.377401212682734
0.347209115668116
0.399432386414666
0.367477795501493
0.338079571861374
0.311033206112464
0.286150549623467
0.263258505653589
0.402197825201302
0.370021999185198
0.340420239250382
0.393186620110352
0.361731690501524
0.332793155261402
0.30616970284049
0.28167612661325
0.25914203648419
0.238410673565455
0.219337819680219
0.201790794105801
0.185647530577337
0.17079572813115
0.157132069880658
0.144561504290206
0.132996583946989
0.12235685723123
0.192568308652732
0.257162843960513
0.396589816443672
0.524862631128178
0.722873620637924
0.90504373098689
0.992640232507939
1.0732290139073
1.06737069279472
1.14198103737114
1.21062255438145
1.19377275003093
1.25827093002846
1.39760925562618
1.44580051517609
1.490136473962
1.37092555604504
1.34125151156144
1.23395139063652
1.1352352793856
1.04441645703475
1.04086314047197
0.957594089234215
0.880986562095478
0.81050763712784
0.745667026157613
0.686013664065004
0.631132570939803
0.660641965264619
0.60779060804345
0.559167359399974
0.514433970647976
0.473279252996138
0.435416912756447
0.400583559735931
0.368536874957057
0.339053924960492
0.311929610963653
0.286975242086561
0.264017222719636
0.242895844902065
0.2234641773099
0.205587043125108
0.189140079675099
0.254008873301091
0.233688163437004
0.214993110362044
0.19779366153308
0.181970168610434
0.167412555121599
0.154019550711871
0.141697986654921
0.130362147722528
0.119933175904726
0.110338521832347
0.18151144008576
0.246990524878899
0.227231282888587
0.2090527802575
0.1923285578369
0.176942273209948
0.162786891353152
0.1497639400449
0.137782824841308
0.126760198854003
0.116619382945683
0.187289832310028
0.172306645725226
0.158522114067208
0.145840344941831
0.214173117346485
0.197039267958766
0.181276126522065
0.1667740364003
0.153432113488276
0.221157544409214
0.203464940856477
0.187187745587959
0.252212725940922
0.232035707865648
0.293472851236396
0.269995023137485
0.248395421286486
0.228523787583567
0.210241884576882
0.273422533810731
0.251548731105873
0.391424832617403
0.360110846008011
0.33130197832737
0.30479782006118
0.280413994456286
0.257980874899783
0.2373424049078
0.218355012515176
0.280886611513962
0.258415682592845
0.237742427985418
0.218723033746584
0.281225191046858
0.258727175763109
0.31802900170206
0.292586681565895
0.269179747040624
0.247645367277374
0.227833737895184
0.209607038863569
0.192838475754484
0.177411397694125
0.163218485878595
0.150161007008307
0.138148126447643
0.127096276331831
0.196928574225285
0.181174288287262
0.166680345224281
0.153345917606339
0.141078244197832
0.129791984662005
0.119408625889045
0.109855935817921
0.101067460952487
0.0929820640762884
0.0855434989501854
0.0787000190341705
0.0724040175114369
0.066611696110522
0.0612827604216802
0.0563801395879458
0.0518697284209101
0.0477201501472373
0.0439025381354583
0.0403903350846217
0.0371591082778519
0.0341863796156238
0.0314514692463739
0.028935351706664
0.0266205235701308
0.0244908816845204
0.0225316111497588
0.0207290822577781
0.0190707556771558
0.0175450952229833
0.0161414876051447
0.0148501685967331
0.0136621551089945
0.0125691827002749
0.0115636480842529
0.0106385562375127
0.00978747173851166
0.00900447399943073
0.00828411607947627
0.00762138679311817
0.00701167584966872
0.00645074178169522
0.0859346824391596
0.0790599078440268
0.152735115216505
0.140516305999184
0.12927500151925
0.11893300139771
0.109418361285893
0.100664892383021
0.0926117009923797
0.0852027649129893
0.0783865437199502
0.0721156202223542
0.0663463706045658
0.0610386609562006
0.0561555680797045
0.0516631226333282
0.0475300728226619
0.043727666996849
0.0402294536371011
0.037011097346133
0.0340502095584423
0.0313261927937669
0.0288200973702656
0.0265144895806443
0.0243933304141928
0.0224418639810574
0.0206465148625728
0.018994793673567
0.0174752101796816
0.0160771933653071
0.0147910178960825
0.0136077364643959
0.0125191175472442
0.0115175881434647
0.0105961810919875
0.00974848660462852
0.00896860767625824
0.00825111906215758
0.00759102953718497
0.00698374717421018
0.00642504740027336
0.00591104360825149
0.00543816011959137
0.00500310731002406
0.00460285872522214
0.00423463002720437
0.00389585962502802
0.00358419085502578
0.00329745558662372
0.00303365913969382
0.00279096640851831
0.00256768909583685
0.0023622739681699
0.00217329205071631
0.001999428686659
0.00183947439172628
0.00169231644038818
0.00155693112515713
0.00143237663514456
0.161317786504333
0.148412363583986
0.136539374497267
0.125616224537486
0.195566926574487
0.179921572448528
0.165527846652646
0.152285618920434
0.1401027694068
0.128894547854256
0.198582984025915
0.182696345303842
0.168080637679535
0.154634186665172
0.222263451731958
0.204482375593401
0.188123785545929
0.173073882702255
0.239227972086075
0.220089734319189
0.202482555573654
0.186283951127761
0.17138123503754
0.157670736234537
0.225057077335774
0.207052511148912
0.190488310256999
0.255249245436439
0.234829305801524
0.216042961337402
0.19875952443041
0.182858762475977
0.168230061477899
0.154771656559667
0.142389924034894
0.130998730112102
0.120518831703134
0.110877325166883
0.102007139153533
0.17384656802125
0.15993884257955
0.147143735173186
0.135372236359331
0.124542457450585
0.114579060854538
0.105412735986175
0.096979717107281
0.0892213397386985
0.0820836325596026
0.0755169419548344
0.0694755865984477
0.0639175396705719
0.0588041364969261
0.054099805577172
0.0497718211309983
0.0457900754405184
0.122126869405277
0.112356719852855
0.103368182264626
0.0950987276834563
0.0874908294687798
0.0804915631112774
0.0740522380623752
0.0681280590173852
0.0626778142959944
0.137663589152315
0.20665050202013
0.190118461858519
0.174908984909838
0.160916266117051
0.148042964827687
0.216199527641472
0.198903565430154
0.182991280195742
0.168351977780082
0.154883819557676
0.142493113993062
0.211093664873617
0.194206171683727
0.178669677949029
0.164376103713107
0.151226015416058
0.139127934182774
0.127997699448152
0.1177578834923
0.108337252812916
0.179670272587882
0.165296650780852
0.152072918718384
0.139907085220913
0.12871451840324
0.118417356930981
0.108943968376502
0.260228450906382
0.239410174833872
0.220257360847162
0.202636771979389
0.186425830221038
0.171511763803355
0.157790822699086
0.14516755688316
0.133554152332507
0.202869820145906
0.186640234534234
0.171709015771495
0.157972294509775
0.145334510948993
0.213707750073074
0.196611130067228
0.18088223966185
0.166411660488902
0.15309872764979
0.140850829437807
0.129582763082782
0.119216142036159
0.109678850673267
0.100904542619405
0.172832179209853
0.159005604873065
0.14628515648322
0.134582343964562
0.123815756447397
0.113910495931605
0.104797656257077
0.0964138437565107
0.0887007362559898
0.0816046773555107
0.0750763031670698
0.0690701989137042
0.0635445830006079
0.138461016360559
0.207384135051715
0.270793404247577
0.249129931907771
0.22919953735515
0.210863574366738
0.193994488417399
0.178474929344007
0.164196934996486
0.151061180196767
0.138976285781026
0.127858182918544
0.19762952828506
0.181819166022256
0.167273632740475
0.153891742121237
0.141580402751538
0.130253970531415
0.119833652888902
0.11024696065779
0.101427203805167
0.0933130275007532
0.085847985300693
0.0789801464766375
0.0726617347585065
0.066848795977826
0.0615008922995999
0.0565808209156319
0.0520543552423814
0.127890006822991
0.117658806277152
0.108246101774979
0.0995864136329811
0.0916195005423426
0.0842899404989552
0.0775467452590388
0.0713430056383157
0.0656355651872505
0.0603847199722704
0.0555539423744888
0.0511096269845297
0.0470208568257673
0.0432591882797059
0.0397984532173295
0.0366145769599431
0.0336854108031477
0.0309905779388958
0.108511331703784
0.0998304251674815
0.0918439911540829
0.0844964718617563
0.0777367541128158
0.0715178137837905
0.0657963886810873
0.0605326775866003
0.0556900633796723
0.0512348583092985
0.0471360696445546
0.0433651840729903
0.0398959693471511
0.116704291799379
0.107367948455429
0.0987785125789944
0.0908762315726748
0.0836061330468608
0.076917642403112
0.070764231010863
0.065103092529994
0.0598948451275945
0.0551032575173869
0.050694996915996
0.0466393971627163
0.042908245389699
0.0394755857585231
0.0363175388978412
0.0334121357860139
0.0307391649231328
0.0282800317292822
0.0260176291909396
0.0239362188556645
0.0220213213472113
0.0202596156394344
0.0186388463882796
0.0171477386772173
0.0157759195830399
0.0945138460163967
0.086952738335085
0.0799965192682782
0.0735967977268159
0.0677090539086707
0.062292329595977
0.0573089432282989
0.0527242277700349
0.0485062895484321
0.0446257863845576
0.041055723473793
0.0377712655958895
0.0347495643482184
0.0319695992003609
0.029412031264332
0.0270590687631855
0.0248943432621306
0.0229027958011602
0.0210705721370674
0.019384926366102
0.0178341322568138
0.0164074016762687
0.0150948095421672
0.0138872247787938
0.0127762467964903
0.0117541470527711
0.0108138152885494
0.00994871006546547
0.00915281326022824
0.00842058819940998
0.00774694114345718
0.00712718585198061
0.00655701098382216
0.00603245010511638
0.00554985409670707
0.00510586576897051
0.0846973965074529
0.0779216047868566
0.0716878764039081
0.0659528462915955
0.0606766185882678
0.0558224891012064
0.0513566899731099
0.0472481547752611
0.0434683023932402
0.039990838201781
0.0367915711456385
0.0338482454539874
0.0311403858176684
0.028649154952255
0.0263572225560746
0.0242486447515886
0.0223087531714615
0.100524052917745
0.172482128684325
0.158683558389579
0.145988873718413
0.13430976382094
0.123564982715265
0.113679784098043
0.1845854013702
0.169818569260584
0.156233083719737
0.143734437022158
0.132235682060386
0.121656827495555
0.19192428129591
0.176570338792238
0.242444711688859
0.22304913475375
0.20520520397345
0.268788787655574
0.247285684643128
0.227502829871678
0.209302603481944
0.192558395203388
0.177153723587117
0.162981425700148
0.229942911644136
0.211547478712605
0.194623680415597
0.259053785982349
0.318329483103761
0.29286312445546
0.269434074499023
0.327879348539102
0.301649000655973
0.277517080603496
0.255315714155216
0.234890457022799
0.216099220460975
0.198811282824097
0.182906380198169
0.248273869782316
0.22841196019973
0.210139003383752
0.273327883113052
0.251461652464008
0.231344720266887
0.452837142645536
0.416610171233893
0.383281357535182
0.352618848932367
0.324409341017778
0.298456593736356
0.354580066237447
0.326213660938451
0.300116568063375
0.276107242618305
0.254018663208841
0.313697170152134
0.288601396539963
0.345513284816766
0.477872222031425
0.599642444268911
0.551671048727398
0.507537364829206
0.466934375642869
0.42957962559144
0.395213255544125
0.443596195100595
0.408108499492547
0.375459819533144
0.345423033970492
0.317789191252853
0.372366055952624
0.342576771476415
0.395170629758301
0.443556979377637
0.408072421027426
0.375426627345232
0.345392497157614
0.317761097385005
0.292340209594204
0.268952992826668
0.247436753400534
0.227641813128492
0.209430468078212
0.192676030631955
0.177261948181399
0.243080992326887
0.223634512940736
0.205743751905477
0.189284251753039
0.174141511612796
0.160210190683772
0.147393375429071
0.135601905394745
0.204753752963165
0.188373452726112
0.173303576508023
0.239439290387381
0.220284147156391
0.20266141538388
0.186448502153169
0.171532621980916
0.157810012222442
0.145185211244647
0.133570394345075
0.122884762797469
0.113053981773672
0.184009663231778
0.249288890173236
0.229345778959377
0.210998116642627
0.194118267311217
0.178588805926319
0.244301701452214
0.224757565336037
0.206776960109154
0.190234803300421
0.255016019036388
0.234614737513477
0.215845558512399
0.278577913831407
0.256291680724894
0.235788346266903
0.21692527856555
0.199571256280306
0.263605555777882
0.242517111315651
0.223115742410399
0.285266483017567
0.262445164376162
0.321449551226069
0.295733587127984
0.272074900157745
0.250308908145125
0.230284195493515
0.211861459854034
0.194912543065711
0.179319539620454
0.164973976450818
0.151776058334753
0.139633973667972
0.128463255774535
0.198186195312572
0.182331299687566
0.167744795712561
0.154325212055556
0.141979195091112
0.210620859483823
0.193771190725117
0.178269495467107
0.164007935829739
0.15088730096336
0.138816316886291
0.127711011535388
0.117494130612557
0.108094600163552
0.099447032150468
0.0914912695784306
0.0841719680121562
0.157438210571184
0.144843153725489
0.13325570142745
0.122595245313254
0.112787625688194
0.103764615633138
0.0954634463824871
0.0878263706718881
0.0808002610181371
0.0743362401366861
0.0683893409257512
0.142918193651691
0.211484738159556
0.194565959106791
0.179000682378248
0.164680627787988
0.231506177564949
0.212985683359753
0.195946828690973
0.180271082395695
0.16584939580404
0.152581444139716
0.140374928608539
0.129144934319856
0.118813339574268
0.109308272408326
0.10056361061566
0.172518521766407
0.158717040025095
0.226019676823087
0.28793810267724
0.344903054463061
0.397310810106016
0.445525945297535
0.489883869673732
0.450693160099834
0.494637707291847
0.455066690708499
0.418661355451819
0.385168447015674
0.35435497125442
0.486006573554066
0.527126047669741
0.484955963856162
0.446159486747669
0.410466727807855
0.377629389583227
0.347419038416569
0.319625515343243
0.374055474115784
0.344131036186521
0.316600553291599
0.291272509028272
0.26797070830601
0.326533051641529
0.300410407510207
0.27637757490939
0.254267368916639
0.233925979403308
0.215211901051043
0.19799494896696
0.182155353049603
0.167582924805635
0.234176290821184
0.215442187555489
0.19820681255105
0.182350267546966
0.247762246143209
0.227941266451752
0.289705965135612
0.346529487924763
0.318807128890782
0.293302558579519
0.269838353893158
0.248251285581705
0.228391182735169
0.290119888116355
0.266910297067047
0.245557473301683
0.225912875437549
0.207839845402545
0.191212657770341
0.175915645148714
0.161842393536817
0.148895002053871
0.136983401889562
0.126024729738397
0.115942751359325
0.186667331250579
0.171733944750533
0.15799522917049
0.145355610836851
0.133727161969903
0.123028989012311
0.113186669891326
0.10413173630002
0.0958011973960182
0.0881371016043367
0.0810861334759898
0.0745992427979106
0.0686313033740777
0.143140799104152
0.211689535175819
0.194754372361754
0.259174022572814
0.238440100766988
0.379364892705629
0.429015701289179
0.474694445186045
0.756718889571161
0.936181378405468
0.941286868133031
0.865983918682389
0.956705205187798
0.960168788772774
0.963355285670952
1.04628686281728
0.962583913791894
0.965577200688542
1.04833102463346
1.04446454266278
1.20090737924976
1.34483478890978
1.317248005797
1.21186816533324
1.35491871210658
1.24652521513805
1.38680319792701
1.43585894209285
1.32099022672542
1.29531100858739
1.3516861279004
1.40355123766836
1.37126713865489
1.3415657675625
1.3942405061575
1.5227012656649
1.48088516441171
1.60241435125877
1.55422120315807
1.66988350690543
1.53629282635299
1.57338940024475
1.52751824822517
1.64531678836716
1.67369144529779
1.61979612967396
1.73021243930005
1.91179544415604
1.99885180862356
2.31894366393368
2.29342817081898
2.10995391715346
2.02115760378119
2.01946499547869
2.1779077958404
2.16367517217316
2.07058115839931
1.98493466572737
2.06613989246918
2.14084870107164
2.20958080498591
2.03281434058704
2.35018919334008
2.24217405787287
2.06280013324304
2.0577761225836
2.13315403277691
2.28250171015476
2.41990157334238
2.62630944747499
2.81620469167699
2.99090831634283
2.9916356510354
2.99230479895257
2.75292041503636
2.77268678183346
3.03087183928678
2.78840209214384
2.64532992477233
2.59370353079054
2.4662072483273
2.26891066846112
2.24739781498423
2.22760598978549
2.44939751060265
2.33344570975444
2.30677005297408
2.36222844873616
2.25325017283726
2.15299015901028
2.46075094628946
2.5038908705863
2.6235796009394
2.57369323286425
2.52779777423511
2.5655739522963
2.3603280361126
2.33150179322359
2.3049816497657
2.28058311778445
2.09813646836169
2.09028555089276
2.24306270682133
2.22361769027563
2.28572827505358
2.34287001304929
2.71544041200535
2.65820517904492
2.76554876472133
2.78430486354362
2.88156047446013
2.81103563650332
2.74615278558306
2.68646056273641
2.4715437177175
2.4338202203001
2.55911460267609
2.754385434462
2.85403459970504
2.78571183172864
3.04285488519035
2.87942649437512
2.96907237482511
2.8115465848391
2.74662285805198
2.84689302940782
3.09914158705519
2.93121026009078
3.01671343928351
2.85537636414083
2.62694625500957
2.4167905546088
2.3834473102401
2.35277152542089
2.32454980338722
2.21858581911624
2.44109895358694
2.72581103729999
2.90774615431599
2.67512646197071
2.86111634501305
2.87222703741201
2.72244887441905
2.50465296446552
2.38428072730828
2.19353826912362
2.17805520759373
2.48381079098623
2.36510592770733
2.41589745349075
2.46262565721149
2.42561560463457
2.5515663562638
2.4274410477627
2.39324576394168
2.20178610282635
2.18564321460024
2.09079175743222
2.08352841683764
2.31684614349063
2.29149845201138
2.26817857585047
2.32672428978243
2.22058634659984
2.28293943887185
2.34030428376211
2.63307994106114
2.58243354577625
2.53583886211415
2.41297175314501
2.53993401289341
2.41673929186194
2.38340014851299
2.27272813663195
2.33090988570139
2.54443709484528
2.58088212725766
2.37441155707705
2.26445863251088
2.16330194191001
2.15023778655721
2.13821876363263
2.20716126254202
2.03058836153866
2.02814129261557
1.94588998920632
1.79021879006982
1.64700128686423
1.67524118391509
1.62122188920189
1.73152413806574
1.75300220702048
1.77276203045884
1.63094106802213
1.58046578258036
1.45402851997393
1.33770623837602
1.23068973930594
1.37223456016146
1.26245579534854
1.24145933172066
1.30214258518301
1.19797117836837
1.3421334840989
1.23476280537099
1.13598178094131
1.205103238466
1.10869497938872
1.09999938103762
1.09199943055462
1.08463947611025
1.07786831802143
1.15163885257971
1.05950774437334
1.05474712482347
0.970367354837591
0.892737966450584
0.821318929134537
0.755613414803774
0.695164341619472
0.719551194289914
0.741987098746721
0.682628130846984
0.628017880379225
0.577776449948887
0.531554333952976
0.489029987236738
0.529907588257799
0.487514981197175
0.528513782701401
0.486232680085289
0.607334065678466
0.558747340424189
0.514047553190254
0.472923748935033
0.435089849020231
0.400282661098612
0.368260048210723
0.338799244353865
0.311695304805556
0.286759680421112
0.263818905987423
0.242713393508429
0.223296322027755
0.205432616265534
0.188998006964292
0.173878166407148
0.159967913094576
0.14717048004701
0.135396841643249
0.12456509431179
0.114599886766846
0.105431895825499
0.0969973441594588
0.0892375566267021
0.0820985520965659
0.0755306679288406
0.0694882144945334
0.0639291573349707
0.0588148247481731
0.0541096387683192
0.0497808676668537
0.0457983982535054
0.042134526393225
0.038763764281767
0.0356626631392256
0.112809650088088
0.103784878081041
0.0954820878345573
0.0878435208077927
0.0808160391431693
0.154350756011716
0.142002695530779
0.130642479888316
0.120191081497251
0.110575794977471
0.101729731379273
0.0935913528689314
0.0861040446394169
0.0792157210682635
0.0728784633828024
0.0670481863121782
0.061684331407204
0.0567495848946277
0.132209618103057
0.121632848654813
0.191902220762428
0.256550043101434
0.236026039653319
0.217143956481053
0.199772439962569
0.263790644765564
0.322687393184319
0.376872401729573
0.426722609591207
0.392584800823911
0.521178016757998
0.639483775417358
0.58832507338397
0.541259067513252
0.657958342112192
0.765321674743217
0.704095940763759
0.727768265502659
0.669546804262446
0.69598305992145
0.640304415127734
0.669080061917516
0.855553656964114
0.947109364406985
0.951340615254426
1.27523336603407
1.17321469675135
1.07935752101124
0.99300891933034
0.993568205783913
0.9140827493212
0.840956129375504
0.773679639025464
0.871785267903426
0.962042446471152
1.20507905075346
1.10867272669318
1.17997890855773
1.24558059587311
1.14593414820326
1.134259416347
1.12351866303924
1.2736371699961
1.33174619639641
1.6252065006847
1.57518998062992
1.68917478217953
1.63404079960517
1.58331753563675
1.77665213278581
1.71451996216295
1.65735836518991
1.84476969597472
1.77718812029674
1.875013070673
1.72501202501916
1.66701106301763
1.69365017797622
1.63815816373812
1.74710551063907
1.60733706978795
1.63875010420491
1.66765009586852
1.69423808819904
1.79869904114311
1.73480311785167
1.67601886842353
1.62193735894965
1.57218237023368
1.68640778061498
1.79149515816579
1.80817554551252
1.66352150187152
1.8504397817218
1.78240459918406
1.71981223124933
1.58222725274938
1.45564907252943
1.57919714672708
1.53286137498891
1.4102324649898
1.45741386779062
1.74082075836737
1.68155509769798
2.02703068988214
2.10486823469157
2.09647877591624
2.00876047384294
2.08805963593551
2.24101486506067
2.54173367585581
2.41839498178735
2.30492338324436
2.28052951258481
2.33808715157803
2.15104017945179
2.29895696509564
2.27504040788799
2.33303717525695
2.2263942012364
2.12828266513748
2.43802005192649
2.40297844777237
2.21074017195058
2.11388095819453
2.02477048153897
1.94278884301585
1.86736573557458
1.95797647672862
1.96133835859033
1.8844312899031
1.81367678671085
1.82858264377399
1.68229603227207
1.7077123496903
1.81109536171508
1.82620773277787
1.84011111415564
1.77290222502319
1.71107004702134
1.73418444325963
1.67544968779886
1.54141371277495
1.49810061575295
1.37825256649272
1.5079923611733
1.54735297227944
1.42356473449708
1.46967955573731
1.43210519127833
1.55753677597606
1.51293383389798
1.39189912718614
1.36054719701125
1.41170342125035
1.29876714755032
1.2748657757463
1.17287651368659
1.07904639259166
1.07272268118433
0.986904866689585
0.987952477354418
0.988916279166065
1.06980297683278
1.38421873868616
1.27348123959127
1.17160274042396
1.23787452119005
1.13884455949484
1.20773699473526
1.19111803515644
1.33582859234392
1.30896230495641
1.36424532055989
1.4151056949151
1.62189723932189
1.57214546017614
1.76637382336205
1.94506391749309
1.94945880409364
2.19350209976615
2.41802193178486
2.38458017724207
2.2738137630627
2.25190866201769
2.15175596905627
2.37961549153177
2.50924625220923
2.46850655203249
2.35102602786989
2.4829439456403
2.44430842998908
2.32876375558995
2.22246265514275
2.12466564273133
2.19469239131283
2.4191170000078
2.30558764000718
2.3611406288066
2.25224937850207
2.39206942822191
2.28070387396416
2.09824756404702
2.01038775892326
2.2495567382094
2.46959219915265
2.43202482322044
2.3174628373628
2.21206581037378
2.11510054554388
2.18589250190037
2.09102110174834
1.92373941360847
1.92984026051979
1.77545303967821
1.63341679650395
1.66274345278364
1.68972397656095
1.55454605843607
1.51018237376118
1.38936778386029
1.27821836115147
1.17596089225935
1.0818840208786
0.995333299208313
0.915706635271648
0.922450104449916
1.00865409609392
0.927961768406409
0.933724826933897
0.939026840779185
0.94390469351685
0.868392318035502
0.958920932592662
0.882207257985249
0.811630677346429
0.746700223158715
0.766964205306018
0.785607068881536
0.722758503371013
0.664937823101332
0.611742797253226
0.562803373472968
0.51777910359513
0.47635677530752
0.438248233282918
0.403188374620285
0.370933304650662
0.341258640278609
0.313957949056321
0.288841313131815
0.34573400808127
0.318075287434768
0.292629264439987
0.269218923284788
0.247681409422005
0.307866896668244
0.283237544934785
0.260578541340002
0.239732258032802
0.220553677390178
0.202909383198964
0.186676632543046
0.171742501939603
0.158003101784435
0.14536285364168
0.133733825350345
0.123035119322318
0.113192309776532
0.10413692499441
0.095805970994857
0.0881414933152685
0.081090173850047
0.0746029599420432
0.0686347231466798
0.0631439452949454
0.0580924296713498
0.133445035297642
0.12276943247383
0.112947877875924
0.10391204764585
0.0955990838341821
0.0879511571274476
0.0809150645572518
0.0744418593926716
0.0684865106412579
0.0630075897899573
0.0579669826067607
0.0533296239982198
0.0490632540783623
0.0451381937520933
0.0415271382519258
0.118204967191772
0.10874856981643
0.180048684231116
0.245644789492626
0.305993206333216
0.281513749826559
0.258992649840434
0.2382732378532
0.219211378824944
0.201674468518948
0.185540511037432
0.170697270154438
0.157041488542083
0.144478169458716
0.452919915902019
0.416686322629857
0.463351416819469
0.426283303473911
0.392180639195998
0.360806188060319
0.331941693015493
0.305386357574254
0.360955448968313
0.332079013050848
0.30551269200678
0.281071676646238
0.258585942514539
0.317899067113376
0.292467141744306
0.429069770404761
0.71474418877238
0.73756465367059
0.758559481376943
0.777874722866787
0.715644745037444
0.658393165434449
0.685721712199693
0.630863975223718
0.66039485720582
0.847563268629354
0.779758207139006
0.957377550567886
1.12078734652245
1.19112435880066
1.17583441009661
1.16176765728888
1.14882624470577
1.05692014512931
0.972366533518962
0.894577210837445
0.823011033970449
0.757170151252813
0.856596539152588
0.948068816020381
0.872223310738751
0.882445445879651
1.05184981020928
1.12770182539254
1.19748567936113
1.18168682501224
1.24715187901126
1.22737972869036
1.28918935039513
1.26605420236352
1.32476986617444
1.29878827688049
1.19488521473005
1.09929439755164
1.09135084574751
1.08404277808771
1.15731935584069
1.06473380737344
1.05955510278356
1.29479069456088
1.35120743899601
1.56311084387633
1.51806197636622
1.47661701825692
1.51848765679637
1.63700864425266
1.50604795271245
1.86556411649545
1.79631898717582
1.81261346820175
1.66760439074561
1.85419603948596
1.86586035632709
1.95659152782092
1.96006420559524
2.04325906914763
2.03979834361582
2.11661447612655
2.10728531803643
1.93870249259351
1.78360629318603
1.72091778973115
1.58324436655266
1.61658481722844
1.48725803185017
1.68827738930216
1.79321519815798
1.72975798230534
1.67137734372092
1.61766715622324
1.48825378372538
1.44919348102735
1.33325800254517
1.38659736234155
1.43566957335423
1.64081600748589
1.50955072688702
1.54878666873606
1.42488373523717
1.3908930364182
1.51962159350474
1.63805186602436
1.50700771674241
1.54644709940302
1.58273133145078
1.61611282493472
1.56682379893994
1.44147789502474
1.40615966342277
1.29366689034894
1.43017353912103
1.31575965599135
1.29049888351204
1.50725897283108
1.70667825500459
1.73014399460422
1.75173247503588
1.77159387703301
1.62986636687037
1.65947705752074
1.52671889291908
1.48458138148556
1.52581487096671
1.40374968128938
1.53144970678623
1.40893373024333
1.45621903182386
1.41972150927795
1.30614378853572
1.60165228545286
1.63352010261663
1.7428384944073
1.68341141485472
2.02873850166634
1.94643942153303
1.95072426781039
1.79466632638556
1.81109302027471
1.90620557865274
1.91370913236052
1.84061240177168
1.77336340962994
1.87149433685955
1.96177478991078
2.20483280671792
2.26844618218049
2.32697048760605
2.38081284859756
2.27034782070976
2.16871999505298
1.99522239544874
1.91560460381284
1.92235623550781
1.92856773666719
2.01428231773381
2.01313973231511
2.0920885537299
1.92472146943151
2.25074375187699
2.15068425172683
1.97862951158868
1.90033915066159
1.82831201860866
1.68204705711997
1.54748329255037
1.82368462914634
1.83778985881463
1.69076667010946
1.95550533650071
1.87906490958065
1.8087397168142
1.82404053946906
1.75811729631154
1.93746791260661
2.10247047959809
2.09427284123024
2.00673101393182
2.00619253281727
2.08569713019189
1.91884135977654
1.84533405099442
1.69770732691486
1.80189074076168
1.73773948150074
1.67872032298068
1.62442269714223
1.57446888137085
1.52851137086118
1.40623046119229
1.4537320242969
1.41743346235315
1.4640387853649
1.50691568253571
1.46636242793285
1.34905343369822
1.32112915900237
1.37543882628218
1.3454037201796
1.23777142256523
1.13874970876002
1.12764973205921
1.11743775349448
1.10804273321492
1.09939931455773
1.09144736939311
1.00413157984166
0.923801053454327
1.00989696917798
0.929105211643742
0.934776794712243
0.939994651135263
0.864795079044442
0.795611472720887
0.891962554903216
0.820605550510959
0.754957106470082
0.774560537952475
0.712595694916278
0.655588039322975
0.683140996177137
0.708489716482966
0.731810539164329
0.673265696031183
0.619404440348688
0.569852085120793
0.52426391831113
0.482322804846239
0.44373698045854
0.408238022021857
0.455578980260108
0.4991326618393
0.459202048892156
0.422465884980783
0.388668614182321
0.357575125047735
0.328969115043916
0.302651585840403
0.438439458973171
0.483364302255317
0.444695158074892
0.4091195454289
0.376389981794588
0.346278783251021
0.31857648059094
0.293090362143665
0.349643133172171
0.321671682518398
0.295937947916926
0.272262912083572
0.250481879116886
0.230443328787535
0.212007862484532
0.19504723348577
0.179443454806908
0.165087978422356
0.151880940148567
0.139730464936682
0.128552027741747
0.118267865522407
0.108806436280615
0.100101921378166
0.0920937676679125
0.164726266254479
0.151548164954121
0.139424311757791
0.128270366817168
0.118008737471795
0.108568038474051
0.099882595396127
0.0918919877644369
0.0845406287432819
0.0777773784438194
0.0715551881683138
0.0658307731148487
0.140564311265661
0.129319166364408
0.118973633055255
0.109455742410835
0.100699283017968
0.0926433403765307
0.0852318731464082
0.0784133232946956
0.15214025743112
0.13996903683663
0.1287715138897
0.118469792778524
0.188992209356242
0.253872832607743
0.233563005999123
0.214877965519193
0.197687728277658
0.181872710015445
0.16732289321421
0.233937061757073
0.215222096816507
0.198004329071187
0.182163982745492
0.167590864125852
0.154183594995784
0.221848907396121
0.284100994804432
0.341372915220077
0.314063082002471
0.288938035442273
0.425822992606892
0.47175715319834
0.434016580942473
0.479295254467075
0.600951634109709
0.712875503380933
0.655845463110458
0.683377826061621
0.708707599976692
0.652010991978556
0.599850112620272
0.55186210361065
0.667713135321798
1.09429608449605
1.16675239773637
1.07341220591746
0.987539229444063
0.908536091088538
0.915853203801455
0.842584947497339
1.25517815169755
1.47476389956175
1.67678278759681
1.78264016458906
1.72002895142194
1.82242663530818
1.75663250448353
1.61610190412485
1.48681375179486
1.68786865165127
1.63283915951917
1.66221202675764
1.76923506461702
1.62769625944766
1.49748055869185
1.4576821139965
1.42106754487678
1.54738214128664
1.66359156998371
1.69050424438501
1.71526390483421
1.81804279244747
1.83259936905168
1.76599141952754
1.86471210596534
1.79553513748811
1.65189232648906
1.75974094036994
2.01896166514034
1.85744473192912
1.86884915337479
1.9593412211048
2.04259392341642
2.27918640954311
2.25685149677966
2.23630337703729
2.4573991068743
2.58080717832436
2.45434260405841
2.57799519573374
2.53175558007504
2.64921513366904
2.59727792297551
2.38949568913747
2.43833603400647
2.56326915128596
2.35820761918308
2.32955100964843
2.30318692887656
2.35893197456643
2.25021741660112
2.39020002327303
2.35898402141119
2.33026529969829
2.22384407572243
2.12593654966464
2.83586162569146
2.84899269563615
2.78107327998526
2.63858741758644
2.66750042417952
2.77410039024516
2.63217235902555
2.6615985703035
2.52867068467922
2.40637702990488
2.21386686751249
2.19675751811149
2.34101691666258
2.31373556332957
2.5286367182632
2.64634578080215
2.51463811833798
2.39346706887094
2.20198970336126
2.02583052709236
1.94376408492497
1.86826295813098
1.8788019214805
1.88849776776206
1.89741794634109
1.82562451063381
1.6795745497831
1.62520858580045
1.57519189893642
1.6091765470215
1.80044242325978
1.736407029399
1.67749446704708
1.78329490968331
1.72063131690865
1.66298081155596
1.60994234663148
1.64114695890096
1.58985520218889
1.46266678601377
1.50565344313267
1.46520116768206
1.42798507426749
1.31374626832609
1.28864656686001
1.34555484151121
1.31791045419031
1.29247761785509
1.18907940842668
1.09395305575254
1.08643681129234
1.07952186638895
1.31316011707784
1.28810730771161
1.18505872309468
1.25025402524711
1.31023370322734
1.52541500696915
1.48338180641162
1.60471126189869
1.6363343609468
1.66542761207105
1.85219340310537
1.86401793085694
1.87489649638838
2.12490477667731
1.95491239454313
1.79851940297968
1.7346378507413
1.835866822682
1.68899747686744
1.95387767871804
1.9575674644206
2.04096206726695
1.8776851018856
1.88747029373475
1.73647267023597
1.67755485661709
1.62335046808772
1.65348243064071
1.76120383618945
1.70030752929429
2.04428292695075
2.04074029279469
1.87748106937112
1.96728258382143
1.88989997711571
1.97870797894646
1.82041134063074
1.91477843338028
1.76159615870986
1.94066846601307
1.86541498873202
1.87618178963346
1.72608724646279
1.58800026674576
1.5409602454061
1.57768342577361
1.61146875171172
1.48255125157479
1.6839471514488
1.7092313793329
1.65249286898627
1.84029343946737
1.77306996430998
1.87122436716518
1.72152641779196
1.66380430436861
1.69069996001912
1.55544396321759
1.43100844616018
1.47652777046737
1.51840554882998
1.39693310492358
1.36517845652969
1.25596418000732
1.23548704560673
1.21664808195819
1.27931623540154
1.25697093656942
1.23641326164386
1.21750020071235
1.12010018465537
1.03049216988294
0.948052796292302
0.952208572588918
0.876031886781804
0.80594933583926
0.901473388972119
0.82935551785435
0.843007076426002
0.855566510311922
0.867121189486968
0.79775149432801
0.73393137478177
0.675216864799228
0.62119951561529
0.651503554366067
0.599383270016781
0.551432608415439
0.507317999742204
0.466732559762827
0.509393954981801
0.628642438583257
0.578351043496596
0.532082960016869
0.489516323215519
0.450355017358278
0.414326615969616
0.381180486692046
0.350686047756683
0.322631163936148
0.376820670821256
0.346675017155556
0.398941015783111
0.367025734520462
0.337663675758825
0.310650581698119
0.28579853516227
0.262934652349288
0.241899880161345
0.222547889748438
0.204744058568563
0.188364533883078
0.173295371172431
0.159431741478637
0.146677202160346
0.214943025987518
0.197747583908517
0.181927777195835
0.167373555020169
0.233983670618555
0.375264976969071
0.345243778811545
0.317624276506622
0.292214334386092
0.268837187635205
0.247330212624388
0.227543795614437
0.209340291965282
0.19259306860806
0.177185623119415
0.163010773269862
0.149969911408273
0.137972318495611
0.126934533015962
0.116779770374685
0.10743738874471
0.178842397645133
0.164535005833523
0.151372205366841
0.139262428937494
0.128121434622494
0.117871719852695
0.108441982264479
0.0997666236833208
0.171785293788655
0.158042470285563
0.145399072662718
0.2137671468497
0.196665775101724
0.180932513093586
0.166457912046099
0.153141279082412
0.140889976755819
0.129618778615353
0.119249276326125
0.189709334220035
0.254532587482432
0.234169980483838
0.535436382045131
0.49260147148152
0.533193353762998
0.490537885461959
0.531294854625002
0.488791266255002
0.449687964954602
0.493712927758234
0.534215893537575
0.491478622054569
0.452160332290203
0.495987505706987
0.696308505250428
0.640603824830394
0.829355518843963
0.763007077336446
0.78196651114953
0.799409190257568
0.815456455036962
0.830219938634005
0.763802343543285
0.702698156059822
0.646482303575036
0.594763719289033
0.707182621745911
0.730608012006238
0.672159371045739
0.77838662136208
0.876115691653114
0.806026436320864
0.821544321415195
0.91582077570198
1.00255511364582
1.16235070455416
1.30936264818982
1.28461363633464
1.42184454542787
1.38809698179364
1.27704922325015
1.33488528539013
1.38809446255892
1.27704690555421
1.41488315310987
1.38169250086108
1.4311571007922
1.39666453272882
1.36493137011052
1.49573686050167
1.53607791166154
1.73319167872862
1.59453634443033
1.5469734368759
1.50321556192583
1.38295831697176
1.27232165161402
1.3305359194849
1.30409304592611
1.19976560225202
1.18378435407186
1.24908160574611
1.22915507728642
1.13082267110351
1.28035685741523
1.33792830882201
1.23089404411625
1.21242252058695
1.27542871893999
1.33339442142479
1.22672286771081
1.12858503829395
1.03829823523043
1.035234376412
0.952415626299036
0.956222376195113
0.879724586099504
0.969346619211544
1.21179888967462
1.11485497850065
1.1856665802206
1.33081325380295
1.30434819349871
1.36000033801882
1.49120031097731
1.45190428609913
1.6557519432112
1.6032917877543
1.63502844473396
1.58422616915524
1.45748807562282
1.420889029573
1.46721790720716
1.66984047463058
1.61625323666014
1.48695297772733
1.52799673950914
1.64575700034841
1.67409644032054
1.78016872509489
1.7177552270873
1.82033480892032
1.91470802420669
1.76153138227016
1.70060887168855
1.64456016195346
1.51299534899718
1.47195572107741
1.51419926339122
1.47306332231992
1.51521825653433
1.47400079601158
1.59608073233065
1.5483942737442
1.58452273184467
1.45776091329709
1.34114004023333
1.23384883701466
1.29514093005349
1.35152965564921
1.24340728319727
1.22393470054149
1.20601992449817
1.18953833053832
1.17437526409525
1.24042524296763
1.22119122353022
1.1234959256478
1.11361625159598
1.1045269514683
1.09616479535084
1.08847161172277
1.08139388278495
1.07488237216215
1.06889178238918
1.06338043979805
0.978310004614203
0.980045204245066
0.981641587905461
0.983110260873024
1.14446144000318
1.13290452480293
1.12227216281869
1.1124903897932
1.02349115860974
1.02161186592096
1.01988291664729
1.0182922833155
1.09682890065026
1.00908258859824
1.00835598151038
1.00768750298955
0.927072502750388
0.852906702530357
0.944674166327929
0.949100233021694
1.03317221437996
1.11051843722956
1.1016769622512
1.0935428052711
1.00605938084941
0.925574630381461
0.851528659950944
0.863406367154868
1.11433385778248
1.26518714915988
1.16397217722709
1.07085440304892
1.14518605080501
1.05357116674061
0.96928547340136
0.891742635529251
0.820403224686911
0.914770966711958
0.921589289375002
0.847862146225002
0.780033174527001
0.797630520564841
0.813820078919654
0.828714472606082
1.0024173147976
1.00222392961379
0.922046015244685
0.84828233402511
0.780419747303101
0.717986167518853
0.660547274117345
0.607703492187957
0.559087212812921
0.514360235787887
0.553211416924856
0.508954503570868
0.468238143285198
0.590779091822382
0.623516764476592
0.653635423318464
0.601344589452987
0.553237022296748
0.508978060513008
0.468259815671968
0.43079903041821
0.396335107984754
0.364628299345973
0.335458035398295
0.308621392566432
0.283931681161117
0.261217146668228
0.24031977493477
0.301094192939988
