0
0
0
0
0
0
0
0
0
0
0
0
0
0
0
0
0
0
0.210526315789474
0.189473684210526
0.170526315789474
0.153473684210526
0.138126315789474
0.124313684210526
0.111882315789474
0.100694084210526
0.0906246757894737
0.0815622082105263
0.0734059873894737
0.0660653886505263
0.0594588497854737
0.0535129648069263
0.0481616683262337
0.14334550149361
0.129010951344249
0.116109856209824
0.104498870588842
0.0940489835299577
0.084644085176962
0.0761796766592658
0.0685617089933392
0.0617055380940053
0.0555349842846047
0.0499814858561443
0.0449833372705298
0.0404850035434769
0.0364365031891292
0.0327928528702163
0.0295135675831946
0.0265622108248752
0.0239059897423877
0.0215153907681489
0.019363851691334
0.0174274665222006
0.0156847198699805
0.0141162478829825
0.0127046230946842
0.0114341607852158
0.0102907447066942
0.00926167023602481
0.00833550321242233
0.0075019528911801
0.00675175760206209
0.00607658184185588
0.00546892365767029
0.00492203129190326
0.00442982816271294
0.103986845346442
0.0935881608117975
0.0842293447306177
0.075806410257556
0.0682257692318004
0.0614031923086203
0.0552628730777583
0.0497365857699825
0.0447629271929842
0.0402866344736858
0.0362579710263172
0.0326321739236855
0.0293689565313169
0.0264320608781853
0.0237888547903667
0.0214099693113301
0.019268972380197
0.0173420751421773
0.0156078676279596
0.0140470808651636
0.0126423727786473
0.0113781355007826
0.0102403219507043
0.00921628975563387
0.00829466078007048
0.00746519470206344
0.106718675231857
0.0960468077086714
0.0864421269378042
0.0777979142440238
0.170018122819621
0.153016310537659
0.137714679483893
0.223943211535504
0.201548890381954
0.181394001343758
0.163254601209382
0.146929141088444
0.1322362269796
0.11901260428164
0.107111343853476
0.0964002094681283
0.0867601885213154
0.0780841696691839
0.0702757527022655
0.063248177432039
0.156923359688835
0.241231023719952
0.217107921347956
0.195397129213161
0.175857416291845
0.15827167466266
0.142444507196394
0.228200056476755
0.205380050829079
0.184842045746171
0.166357841171554
0.149722057054399
0.134749851348959
0.121274866214063
0.209147379592657
0.288232641633391
0.259409377470052
0.233468439723047
0.210121595750742
0.189109436175668
0.170198492558101
0.153178643302291
0.137860778972062
0.124074701074856
0.11166723096737
0.100500507870633
0.0904504570835698
0.0814054113752128
0.173264870237692
0.155938383213922
0.14034454489253
0.126310090403277
0.113679081362949
0.202311173226654
0.182080055903989
0.16387205031359
0.147484845282231
0.132736360754008
0.219462724678607
0.197516452210747
0.277764806989672
0.249988326290705
0.324989493661634
0.292490544295471
0.263241489865924
0.236917340879331
0.213225606791398
0.191903046112258
0.172712741501033
0.155441467350929
0.139897320615836
0.225907588554253
0.403316829698827
0.362985146728945
0.42668663205605
0.584017968850445
0.525616171965401
0.473054554768861
0.425749099291975
0.483174189362777
0.434856770426499
0.491371093383849
0.442233984045464
0.398010585640918
0.458209527076826
0.412388574369144
0.371149716932229
0.334034745239006
0.300631270715106
0.270568143643595
0.243511329279236
0.219160196351312
0.197244176716181
0.177519759044563
0.159767783140107
0.143791004826096
0.129411904343486
0.116470713909138
0.104823642518224
0.0943412782664015
0.184907150439761
0.166416435395785
0.149774791856207
0.134797312670586
0.221317581403527
0.199185823263175
0.179267240936857
0.161340516843171
0.145206465158854
0.230685818642969
0.207617236778672
0.186855513100805
0.168169961790724
0.151352965611652
0.136217669050487
0.122595902145438
0.110336311930894
0.0993026807378048
0.0893724126640243
0.0804351713976219
0.17239165425786
0.155152488832074
0.139637239948866
0.12567351595398
0.113106164358582
0.101795547922724
0.0916159931304513
0.0824543938174061
0.0742089544356655
0.066788058992099
0.0601092530928891
0.0540983277836002
0.0486884950052401
0.0438196455047161
0.0394376809542445
0.0354939128588201
0.0319445215729381
0.0287500694156443
0.12587506247408
0.113287556226672
0.101958800604005
0.0917629205436042
0.0825866284892438
0.174327965640319
0.156895169076287
0.141205652168659
0.127085086951793
0.214376578256614
0.192938920430952
0.173645028387857
0.256280525549071
0.330652472994164
0.297587225694748
0.267828503125273
0.241045652812746
0.216941087531471
0.195246978778324
0.175722280900492
0.158150052810442
0.142335047529398
0.128101542776458
0.115291388498813
0.103762249648931
0.193386024684038
0.274047422215634
0.246642679994071
0.221978411994664
0.199780570795197
0.179802513715678
0.16182226234411
0.145640036109699
0.131076032498729
0.117968429248856
0.106171586323971
0.0955544276915735
0.0859989849224161
0.0773990864301745
0.0696591777871571
0.0626932600084414
0.0564239340075972
0.0507815406068375
0.0457033865461538
0.0411330478915384
0.0370197431023846
0.0333177687921461
0.0299859919129315
0.0269873927216383
0.0242886534494745
0.0218597881045271
0.0196738092940743
0.0177064283646669
0.0159357855282002
0.0143422069753802
0.0129079862778422
0.011617187650058
0.0104554688850522
0.00940992199654695
0.00846892979689226
0.107622036817203
0.0968598331354827
0.0871738498219344
0.078456464839741
0.0706108183557669
0.0635497365201902
0.0571947628681712
0.0514752865813541
0.0463277579232187
0.0416949821308968
0.0375254839178071
0.0337729355260264
0.0303956419734238
0.0273560777760814
0.0246204699984733
0.0221584229986259
0.0199425806987633
0.117948322628887
0.106153490365998
0.195538141329398
0.175984327196459
0.158385894476813
0.142547305029131
0.128292574526218
0.115463317073597
0.103916985366237
0.0935252868296132
0.0841727581466519
0.0757554823319867
0.068179934098788
0.0613619406889092
0.155225746620018
0.139703171958016
0.125732854762215
0.113159569285993
0.101843612357394
0.0916592511216546
0.0824933260094891
0.0742439934085402
0.0668195940676862
0.0601376346609176
0.0541238711948258
0.0487114840753432
0.0438403356678089
0.039456302101028
0.0355106718909252
0.0319596047018327
0.128763644231649
0.115887279808484
0.104298551827636
0.0938686966448724
0.0844818269803852
0.0760336442823467
0.068430279854112
0.0615872518687008
0.0554285266818307
0.0498856740136477
0.0448971066122829
0.0404073959510546
0.0363666563559491
0.0327299907203542
0.0294569916483188
0.0265112924834869
0.0238601632351382
0.121474146911624
0.109326732220462
0.0983940589984158
0.0885546530985742
0.0796991877887168
0.0717292690098451
0.0645563421088606
0.0581007078979745
0.0522906371081771
0.0470615733973594
0.0423554160576234
0.0381198744518611
0.034307887006675
0.0308770983060075
0.0277893884754067
0.0250104496278661
0.0225094046650795
0.0202584641985715
0.0182326177787144
0.0164093560008429
0.0147684204007586
0.0132915783606828
0.0119624205246145
0.010766178472153
0.00968956062493774
0.00872060456244396
0.00784854410619957
0.00706368969557961
0.00635732072602165
0.105721588653419
0.0951494297880775
0.0856344868092698
0.0770710381283428
0.0693639343155085
0.0624275408839577
0.0561847867955619
0.0505663081160057
0.0455096773044051
0.0409587095739646
0.136862838616568
0.123176554754911
0.11085889927942
0.0997730093514782
0.0897957084163304
0.0808161375746974
0.0727345238172276
0.0654610714355049
0.0589149642919544
0.0530234678627589
0.047721121076483
0.142949008968835
0.128654108071951
0.115788697264756
0.104209827538281
0.0937888447844525
0.0844099603060072
0.0759689642754065
0.0683720678478659
0.0615348610630793
0.0553813749567714
0.0498432374610942
0.0448589137149848
0.0403730223434863
0.136335720109138
0.122702148098224
0.110431933288402
0.0993887399595614
0.189449865963605
0.170504879367245
0.15345439143052
0.138108952287468
0.224298057058721
0.201868251352849
0.281681426217564
0.253513283595808
0.228161955236227
0.205345759712604
0.284811183741344
0.25633006536721
0.330697058830489
0.39762735294744
0.357864617652696
0.322078155887426
0.389870340298684
0.350883306268815
0.415794975641934
0.37421547807774
0.436793930269966
0.39311453724297
0.353803083518673
0.318422775166805
0.286580497650125
0.257922447885112
0.232130203096601
0.208917182786941
0.188025464508247
0.169222918057422
0.15230062625168
0.137070563626512
0.123363507263861
0.111027156537475
0.0999244408837273
0.0899319967953546
0.0809387971158191
0.172844917404237
0.155560425663813
0.140004383097432
0.126003944787689
0.21340355030892
0.192063195278028
0.172856875750225
0.155571188175203
0.140014069357682
0.126012662421914
0.113411396179723
0.202070256561751
0.181863230905575
0.163676907815018
0.147309217033516
0.132578295330165
0.119320465797148
0.107388419217433
0.19664957729569
0.176984619566121
0.159286157609509
0.143357541848558
0.129021787663702
0.116119608897332
0.104507648007599
0.0940568832068389
0.084651194886155
0.0761860753975395
0.168567467857786
0.151710721072007
0.236539648964806
0.212885684068326
0.191597115661493
0.172437404095344
0.155193663685809
0.139674297317228
0.125706867585506
0.113136180826955
0.10182256274426
0.0916403064698336
0.0824762758228502
0.174228648240565
0.156805783416509
0.141125205074858
0.127012684567372
0.114311416110635
0.102880274499571
0.192592247049614
0.273333022344653
0.245999720110188
0.221399748099169
0.299259773289252
0.269333795960327
0.242400416364294
0.318160374727865
0.386344337255078
0.44770990352957
0.502938913176613
0.552645021858952
0.497380519673057
0.447642467705751
0.602878220935176
0.542590398841659
0.488331358957493
0.439498223061743
0.395548400755569
0.355993560680012
0.320394204612011
0.28835478415081
0.259519305735729
0.233567375162156
0.21021063764594
0.189189573881346
0.170270616493212
0.153243554843891
0.137919199359502
0.124127279423551
0.111714551481196
0.100543096333077
0.090488786699769
0.0814399080297921
0.0732959172268129
0.0659663255041316
0.0593696929537184
0.0534327236583466
0.0480894512925119
0.143280506163261
0.228952455546935
0.206057209992241
0.185451488993017
0.166906340093715
0.150215706084344
0.135194135475909
0.121674721928319
0.109507249735487
0.098556524761938
0.0887008722857442
0.0798307850571698
0.0718477065514528
0.0646629358963075
0.158196642306677
0.142376978076009
0.128139280268408
0.115325352241567
0.103792817017411
0.0934135353156696
0.0840721817841027
0.0756649636056924
0.0680984672451232
0.0612886205206108
0.15515975846855
0.139643782621695
0.125679404359525
0.113111463923573
0.101800317531215
0.0916202857780939
0.0824582572002846
0.0742124314802561
0.0667911883322305
0.0601120694990074
0.0541008625491067
0.048690776294196
0.0438216986647764
0.0394395287982988
0.0354955759184689
0.031946018326622
0.0287514164939598
0.0258762748445638
0.0232886473601074
0.0209597826240967
0.118863804361687
0.106977423925518
0.0962796815329665
0.0866517133796698
0.0779865420417029
0.0701878878375326
0.0631690990537793
0.0568521891484014
0.0511669702335613
0.0460502732102051
0.0414452458891846
0.0373007213002662
0.0335706491702395
0.0302135842532156
0.027192225827894
0.0244730032451046
0.0220257029205942
0.0198231326285347
0.0178408193656813
0.0160567374291131
0.0144510636862018
0.0130059573175816
0.0117053615858235
0.0105348254272411
0.00948134288451702
0.00853320859606532
0.00767988773645879
0.00691189896281291
0.00622070906653162
0.00559863815987846
0.00503877434389061
0.00453489690950155
0.0040814072185514
0.00367326649669626
0.00330593984702663
0.00297534586232397
0.00267781127609157
0.00241003014848241
0.00216902713363417
0.00195212442027076
0.00175691197824368
0.00158122078041931
0.00142309870237738
0.00128078883213964
0.00115270994892568
0.00103743895403311
0.0009336950586298
0.00084032555276682
0.000756292997490138
0.000680663697741124
0.000612597327967012
0.00055133759517031
0.000496203835653279
0.000446583452087951
0.000401925106879156
0.000361732596191241
0.000325559336572117
0.000293003402914905
0.000263703062623415
0.000237332756361073
0.000213599480724966
0.000192239532652469
0.000173015579387222
0.0001557140214485
0.00014014261930365
0.000126128357373285
0.000113515521635957
0.000102163969472361
9.19475725251248e-05
8.27528152726123e-05
7.44775337453511e-05
6.7029780370816e-05
6.03268023337344e-05
5.4294122100361e-05
4.88647098903249e-05
4.39782389012924e-05
3.95804150111632e-05
3.56223735100468e-05
3.20601361590422e-05
2.88541225431379e-05
2.59687102888241e-05
2.33718392599417e-05
2.10346553339476e-05
1.89311898005528e-05
1.70380708204975e-05
1.53342637384478e-05
1.3800837364603e-05
1.24207536281427e-05
1.11786782653284e-05
1.00608104387956e-05
9.05472939491603e-06
8.14925645542442e-06
7.33433080988198e-06
6.60089772889378e-06
5.9408079560044e-06
5.34672716040396e-06
4.81205444436357e-06
4.33084899992721e-06
3.89776409993449e-06
3.50798768994104e-06
3.15718892094694e-06
0.100002841470029
0.090002557323026
0.0810023015907234
0.072902071431651
0.0656118642884859
0.0590506778596373
0.0531456100736736
0.0478310490663063
0.0430479441596756
0.138743149743708
0.124868834769337
0.112381951292404
0.101143756163163
0.0910293805468469
0.181926442492162
0.163733798242946
0.147360418418651
0.132624376576786
0.119361938919108
0.107425745027197
0.0966831705244772
0.0870148534720295
0.178313368124827
0.160482031312344
0.144433828181109
0.129990445362999
0.216991400826699
0.295292260744029
0.265763034669626
0.239186731202663
0.215268058082397
0.193741252274157
0.174367127046742
0.256930414342067
0.231237372907861
0.208113635617075
0.187302272055367
0.16857204484983
0.251714840364847
0.226543356328363
0.203889020695526
0.183500118625974
0.165150106763376
0.148635096087039
0.133771586478335
0.120394427830501
0.108354985047451
0.0975194865427062
0.0877675378884355
0.078990784099592
0.0710917056896328
0.0639825351206695
0.0575842816086026
0.0518258534477423
0.0466432681029681
0.0419789412926713
0.0377810471634041
0.0340029424470637
0.0306026482023574
0.227542383382122
0.204788145043909
0.284309330539519
0.255878397485567
0.23029055773701
0.207261501963309
0.186535351766978
0.16788181659028
0.151093634931252
0.135984271438127
0.222385844294314
0.200147259864883
0.180132533878395
0.162119280490555
0.1459073524415
0.13131661719735
0.218184955477615
0.196366459929853
0.176729813936868
0.159056832543181
0.143151149288863
0.128836034359977
0.115952430923979
0.104357187831581
0.093921469048423
0.184529322143581
0.166076389929223
0.1494687509363
0.23452187584267
0.211069688258403
0.189962719432563
0.170966447489307
0.253869802740376
0.228482822466338
0.205634540219705
0.185071086197734
0.266563977577961
0.239907579820165
0.215916821838148
0.194325139654333
0.1748926256889
0.25740336312001
0.231663026808009
0.208496724127208
0.187647051714487
0.268882346543039
0.241994111888735
0.317794700699861
0.286015230629875
0.257413707566888
0.231672336810199
0.208505103129179
0.187654592816261
0.168889133534635
0.252000220181172
0.326800198163054
0.294120178346749
0.264708160512074
0.238237344460867
0.21441361001478
0.192972249013302
0.173675024111972
0.156307521700775
0.240676769530697
0.316609092577627
0.284948183319865
0.256453364987878
0.23080802848909
0.207727225640181
0.186954503076163
0.268259052768547
0.241433147491692
0.217289832742523
0.195560849468271
0.176004764521444
0.158404288069299
0.142563859262369
0.128307473336132
0.115476726002519
0.203929053402267
0.183536148062041
0.165182533255837
0.148664279930253
0.133797851937228
0.120418066743505
0.108376260069154
0.0975386340622389
0.087784770656015
0.0790062935904135
0.171105664231372
0.153995097808235
0.138595588027411
0.12473602922467
0.112262426302203
0.101036183671983
0.0909325653047846
0.0818393087743062
0.173655377896876
0.156289840107188
0.140660856096469
0.126594770486822
0.11393529343814
0.102541764094326
0.0922875876848935
0.183058828916404
0.164752946024764
0.148277651422287
0.133449886280059
0.120104897652053
0.108094407886848
0.0972849670981628
0.0875564703883465
0.0788008233495118
0.0709207410145607
0.0638286669131046
0.157445800221794
0.141701220199615
0.127531098179653
0.114777988361688
0.103300189525519
0.0929701705729672
0.0836731535156705
0.0753058381641035
0.0677752543476931
0.0609977289129238
0.0548979560216314
0.0494081604194683
0.0444673443775215
0.0400206099397693
0.0360185489457924
0.0324166940512131
0.0291750246460918
0.0262575221814826
0.0236317699633344
0.121268592967001
0.109141733670301
0.0982275603032708
0.0884048042729437
0.0795643238456493
0.0716078914610844
0.064447102314976
0.158002392083478
0.142202152875131
0.127981937587617
0.115183743828856
0.10366536944597
0.193298832501373
0.173968949251236
0.156572054326112
0.140914848893501
0.126823364004151
0.114141027603736
0.102726924843362
0.092454232359026
0.0832088091231234
0.0748879282108111
0.06739913538973
0.060659221850757
0.0545932996656813
0.0491339696991131
0.0442205727292018
0.0397985154562817
0.0358186639106535
0.0322367975195881
0.0290131177676293
0.0261118059908664
0.0235006253917798
0.0211505628526018
0.0190355065673416
0.0171319559106074
0.0154187603195467
0.013876884287592
0.0124891958588328
0.0112402762729495
0.0101162486456546
0.00910462378108913
0.00819416140298022
0.0073747452626822
0.00663727073641398
0.00597354366277258
0.00537618929649532
0.00483857036684579
0.00435471333016121
0.00391924199714509
0.00352731779743058
0.00317458601768752
0.00285712741591877
0.00257141467432689
0.0023142732068942
0.00208284588620478
0.00187456129758431
0.00168710516782587
0.00151839465104329
0.00136655518593896
0.00122989966734506
0.00110690970061056
0.000996218730549501
0.000896596857494551
0.000806937171745096
0.000726243454570586
0.000653619109113528
0.000588257198202175
0.000529431478381957
0.000476488330543762
0.000428839497489385
0.000385955547740447
0.000347359992966402
0.000312623993669762
0.000281361594302786
0.000253225434872507
0.000227902891385257
0.000205112602246731
0.000184601342022058
0.000166141207819852
0.000149527087037867
0.00013457437833408
0.100121116940501
0.0901090052464506
0.0810981047218056
0.072988294249625
0.0656894648246625
0.0591205183421962
0.153208466507977
0.137887619857179
0.124098857871461
0.111688972084315
0.100520074875883
0.0904680673882951
0.0814212606494656
0.073279134584519
0.0659512211260671
0.0593560990134604
0.0534204891121144
0.148078440200903
0.233270596180813
0.309943536562731
0.278949182906458
0.251054264615812
0.225948838154231
0.203353954338808
0.183018558904927
0.164716703014435
0.148245032712991
0.233420529441692
0.210078476497523
0.189070628847771
0.170163565962993
0.153147209366694
0.337832488430025
0.304049239587022
0.37364431562832
0.536279884065488
0.582651895658939
0.724386706093045
0.951948035483741
1.05675323193537
1.15107790874183
1.13597011786765
1.02237310608088
0.920135795472794
0.828122215925515
0.745309994332963
0.670778994899667
0.6037010954097
0.54333098586873
0.488997887281857
0.440098098553672
0.396088288698304
0.356479459828474
0.320831513845627
0.288748362461064
0.259873526214958
0.433886173593462
0.490497556234116
0.541447800610704
0.487303020549634
0.43857271849467
0.494715446645203
0.545243901980683
0.690719511782615
0.821647560604353
0.939482804543918
0.845534524089526
0.960981071680573
0.964882964512516
0.868394668061265
0.981555201255138
1.08339968112962
0.975059713016662
0.877553741714996
0.889798367543496
0.800818530789146
0.720736677710232
0.748663009939209
0.673796708945288
0.606417038050759
0.545775334245683
0.491197800821115
0.442078020739003
0.397870218665103
0.358083196798593
0.322274877118733
0.29004738940686
0.361042650466174
0.324938385419557
0.392444546877601
0.453200092189841
0.507880082970857
0.457092074673771
0.411382867206394
0.470244580485755
0.423220122437179
0.380898110193461
0.342808299174115
0.308527469256704
0.277674722331033
0.24990725009793
0.224916525088137
0.302424872579323
0.272182385321391
0.344964146789252
0.310467732110327
0.279420958899294
0.251478863009365
0.326330976708428
0.393697879037585
0.354328091133827
0.318895282020444
0.2870057538184
0.25830517843656
0.232474660592904
0.209227194533613
0.288304475080252
0.259474027572227
0.233526624815004
0.210173962333504
0.189156566100153
0.170240909490138
0.253216818541124
0.227895136687012
0.205105623018311
0.18459506071648
0.166135554644832
0.149521999180348
0.134569799262314
0.121112819336082
0.109001537402474
0.0981013836622266
0.088291245296004
0.0794621207664036
0.0715159086897632
0.0643643178207869
0.0579278860387082
0.0521350974348374
0.0469215876913537
0.142229428922218
0.128006486029996
0.115205837426997
0.103685253684297
0.193316728315867
0.373985055484281
0.336586549935853
0.402927894942267
0.562635105448041
0.506371594903237
0.455734435412913
0.410160991871622
0.369144892684459
0.332230403416014
0.299007363074412
0.269106626766971
0.242195964090274
0.217976367681247
0.196178730913122
0.17656085782181
0.158904772039629
0.143014294835666
0.128712865352099
0.115841578816889
0.1042574209352
0.0938316788416804
0.0844485109575123
0.0760036598617611
0.068403293875585
0.0615629644880265
0.0554066680392239
0.0498660012353015
0.0448794011117713
0.0403914610005942
0.0363523149005348
0.0327170834104813
0.0294453750694332
0.0265008375624898
0.0238507538062409
0.0214656784256168
0.0193191105830551
0.0173871995247496
0.0156484795722746
0.0140836316150472
0.0126752684535425
0.0114077416081882
0.0102669674473694
0.109240270702632
0.0983162436323692
0.0884846192691323
0.079636157342219
0.0716725416079971
0.0645052874471974
0.0580547587024777
0.15224928283223
0.137024354549007
0.123321919094106
0.110989727184696
0.099890754466226
0.0899016790196034
0.0809115111176431
0.0728203600058788
0.0655383240052909
0.0589844916047618
0.0530860424442856
0.0477774381998571
0.0429996943798714
0.0386997249418842
0.0348297524476958
0.0313467772029262
0.0282120994826336
0.0253908895343702
0.0228518005809332
0.0205666205228399
0.0185099584705559
0.0166589626235003
0.0149930663611503
0.0134937597250353
0.0121443837525317
0.0109299453772786
0.00983695083955071
0.00885325575559564
0.00796793018003607
0.00717113716203247
0.106454023445829
0.0958086211012463
0.0862277589911217
0.0776049830920095
0.0698444847828086
0.0628600363045277
0.0565740326740749
0.0509166294066675
0.0458249664660007
0.0412424698194006
0.0371182228374606
0.0334064005537145
0.130065760498343
0.117059184448509
0.105353266003658
0.0948179394032921
0.0853361454629629
0.0768025309166666
0.169122277825
0.1522100500425
0.13698904503825
0.123290140534425
0.110961126480982
0.0998650138328842
0.0898785124495958
0.0808906612046362
0.0728015950841726
0.0655214355757553
0.0589692920181798
0.0530723628163618
0.0477651265347257
0.0429886138812531
0.0386897524931278
0.034820777243815
0.0313386995194335
0.0282048295674902
0.0253843466107411
0.022845911949667
0.0205613207547003
0.0185051886792303
0.0166546698113073
0.0149892028301765
0.0134902825471589
0.012141254292443
0.0109271288631987
0.00983441597687883
0.00885097437919095
0.107965876941272
0.0971692892471447
0.0874523603224302
0.0787071242901872
0.0708364118611685
0.0637527706750516
0.0573774936075465
0.0516397442467918
0.0464757698221126
0.0418281928399014
0.0376453735559112
0.0338808362003201
0.0304927525802881
0.0274434773222593
0.0246991295900334
0.02222921663103
0.120006294967927
0.108005665471134
0.0972050989240209
0.0874845890316188
0.0787361301284569
0.0708625171156112
0.0637762654040501
0.0573986388636451
0.0516587749772806
0.0464928974795525
0.0418436077315973
0.0376592469584376
0.0338933222625938
0.130503990036334
0.117453591032701
0.105708231929431
0.0951374087364878
0.085623667862839
0.0770613010765551
0.0693551709688996
0.16241965387201
0.146177688484809
0.131559919636328
0.118403927672695
0.106563534905426
0.095907181414883
0.0863164632733947
0.0776848169460552
0.0699163352514497
0.0629247017263047
0.0566322315536743
0.0509690083983068
0.0458721075584761
0.0412848968026285
0.0371564071223657
0.0334407664101291
0.130096689769116
0.117087020792205
0.105378318712984
0.0948404868416857
0.0853564381575172
0.0768207943417654
0.0691387149075889
0.16222484341683
0.346002359075147
0.311402123167632
0.280261910850869
0.252235719765782
0.327012147789204
0.294310933010283
0.264879839709255
0.33839185573833
0.404552670164497
0.364097403148047
0.427687662833242
0.384918896549918
0.346427006894926
0.311784306205434
0.28060587558489
0.452545288026401
0.407290759223761
0.366561683301385
0.329905514971246
0.296914963474122
0.26722346712671
0.240501120414039
0.216451008372635
0.194805907535371
0.175325316781834
0.157792785103651
0.142013506593286
0.127812155933957
0.115030940340561
0.103527846306505
0.0931750616758548
0.0838575555082693
0.0754717999574424
0.0679246199616981
0.0611321579655283
0.0550189421689755
0.0495170479520779
0.0445653431568701
0.140108808841183
0.126097927957065
0.113488135161358
0.102139321645223
0.0919253894807003
0.0827328505326302
0.0744595654793672
0.0670136089314305
0.0603122480382874
0.154281023234459
0.138852920911013
0.224967628819912
0.20247086593792
0.182223779344128
0.164001401409716
0.147601261268744
0.13284113514187
0.119557021627683
0.107601319464914
0.096841187518423
0.0871570687665807
0.0784413618899226
0.0705972257009303
0.0635375031308373
0.0571837528177536
0.151465377535978
0.13631883978238
0.122686955804142
0.110418260223728
0.199376434201355
0.17943879078122
0.161494911703098
0.145345420532788
0.130810878479509
0.117729790631558
0.105956811568402
0.195361130411562
0.175825017370406
0.158242515633365
0.142418264070029
0.128176437663026
0.115358793896723
0.103822914507051
0.093440623056346
0.0840965607507114
0.17568690467564
0.258118214208076
0.232306392787269
0.209075753508542
0.288168178157688
0.259351360341919
0.233416224307727
0.210074601876954
0.189067141689259
0.170160427520333
0.1531443847683
0.13782994629147
0.124046951662323
0.11164225649609
0.200478030846481
0.180430227761833
0.16238720498565
0.146148484487085
0.131533636038376
0.218380272434539
0.196542245191085
0.176888020671976
0.159199218604779
0.143279296744301
0.128951367069871
0.216056230362884
0.294450607326595
0.265005546593936
0.338504991934542
0.304654492741088
0.274189043466979
0.246770139120281
0.222093125208253
0.199883812687428
0.179895431418685
0.161905888276817
0.145715299449135
0.131143769504221
0.118029392553799
0.106226453298419
0.0956038079685775
0.0860434271717197
0.0774390844545478
0.069695176009093
0.0627256584081837
0.0564530925673653
0.0508077833106288
0.0457270049795659
0.0411543044816093
0.0370388740334484
0.0333349866301035
0.0300014879670932
0.127001339170384
0.114301205253345
0.102871084728011
0.0925839762552099
0.0833255786296889
0.07499302076672
0.067493718690048
0.0607443468210432
0.0546699121389389
0.049202920925045
0.0442826288325405
0.0398543659492864
0.0358689293543578
0.032282036418922
0.0290538327770298
0.0261484494993268
0.0235336045493942
0.0211802440944547
0.0190622196850093
0.0171559977165083
0.0154403979448575
0.0138963581503718
0.0125067223353346
0.0112560501018011
0.010130445091621
0.109117400582459
0.098205660524213
0.0883850944717917
0.0795465850246126
0.0715919265221513
0.0644327338699362
0.0579894604829426
0.0521905144346483
0.0469714629911835
0.0422743166920651
0.0380468850228586
0.0342421965205727
0.0308179768685155
0.0277361791816639
0.0249625612634975
0.0224663051371478
0.020219674623433
0.0181977071610897
0.0163779364449807
0.0147401428004827
0.0132661285204344
0.011939515668391
0.0107455641015519
0.00967100769139667
0.00870390692225701
0.00783351623003131
0.00705016460702818
0.00634514814632536
0.105710633331693
0.0951395699985235
0.0856256129986712
0.0770630516988041
0.0693567465289237
0.0624210718760313
0.0561789646884282
0.0505610682195854
0.0455049613976268
0.0409544652578641
0.136859018732078
0.22317311685887
0.200855805172983
0.180770224655685
0.162693202190116
0.146423881971105
0.131781493773994
0.118603344396595
0.106743009956935
0.0960687089612417
0.0864618380651176
0.0778156542586058
0.0700340888327452
0.0630306799494707
0.0567276119545236
0.0510548507590713
0.0459493656831642
0.0413544291148477
0.037218986203363
0.0334970875830267
0.030147378824724
0.0271326409422516
0.0244193768480264
0.0219774391632238
0.0197796952469014
0.0178017257222113
0.0160215531499901
0.0144193978349911
0.012977458051492
0.0116797122463428
0.0105117410217085
0.00946056691953769
0.00851451022758392
0.00766305920482553
0.00689675328434297
0.00620707795590868
0.00558637016031781
0.105027733144286
0.0945249598298574
0.0850724638468717
0.176565217462185
0.158908695715966
0.143017826144369
0.128716043529933
0.115844439176939
0.104259995259245
0.193833995733321
0.174450596159989
0.15700553654399
0.141304982889591
0.127174484600632
0.114457036140569
0.103011332526512
0.192710199273861
0.273439179346474
0.246095261411827
0.221485735270644
0.19933716174358
0.279403445569222
0.2514631010123
0.22631679091107
0.203685111819963
0.183316600637967
0.26498494057417
0.238486446516753
0.214637801865078
0.29317402167857
0.263856619510713
0.237470957559642
0.213723861803677
0.19235147562331
0.373116328060979
0.535804695254881
0.582224225729393
0.524001803156454
0.471601622840808
0.424441460556727
0.381997314501055
0.343797583050949
0.309417824745854
0.378476042271269
0.340628438044142
0.406565594239728
0.365909034815755
0.329318131334179
0.296386318200762
0.266747686380685
0.240072917742617
0.316065625968355
0.28445906337152
0.256013157034368
0.230411841330931
0.307370657197838
0.376633591478054
0.338970232330249
0.405073209097224
0.464565888187501
0.418109299368751
0.376298369431876
0.338668532488688
0.30480167923982
0.274321511315838
0.246889360184254
0.322200424165829
0.389980381749246
0.450982343574321
0.505884109216889
0.7552956982952
0.67976612846568
0.711789515619112
0.640610564057201
0.576549507651481
0.518894556886333
0.4670051011977
0.42030459107793
0.378274131970137
0.440446718773123
0.396402046895811
0.35676184220623
0.421085657985607
0.378977092187046
0.441079382968341
0.496971444671507
0.547274300204356
0.592546870183921
0.533292183165529
0.479962964848976
0.631966668364078
0.568770001527671
0.511893001374903
0.460703701237413
0.514633331113672
0.463169998002305
0.416852998202074
0.375167698381867
0.33765092854368
0.303885835689312
0.273497252120381
0.246147526908343
0.221532774217508
0.299379496795758
0.269441547116182
0.242497392404564
0.218247653164107
0.196422887847697
0.176780599062927
0.159102539156634
0.143192285240971
0.228873056716874
0.205985751045186
0.185387175940668
0.266848458346601
0.240163612511941
0.216147251260747
0.194532526134672
0.175079273521205
0.157571346169084
0.141814211552176
0.127632790396958
0.114869511357263
0.203382560221536
0.183044304199383
0.164739873779444
0.1482658864015
0.13343929776135
0.120095367985215
0.208085831186693
0.187277248068024
0.168549523261222
0.1516945709351
0.13652511384159
0.122872602457431
0.110585342211688
0.199526807990519
0.279574127191467
0.25161671447232
0.226455043025088
0.203809538722579
0.383428584850321
0.345085726365289
0.31057715372876
0.279519438355884
0.251567494520296
0.226410745068266
0.20376967056144
0.283392703505296
0.455053433154766
0.409548089839289
0.368593280855361
0.431733952769824
0.388560557492842
0.349704501743558
0.314734051569202
0.283260646412282
0.354934581771054
0.319441123593948
0.287497011234553
0.258747310111098
0.232872579099988
0.209585321189989
0.188626789070991
0.269764110163891
0.242787699147502
0.318508929232752
0.286658036309477
0.257992232678529
0.232193009410676
0.208973708469609
0.188076337622648
0.169268703860383
0.252341833474345
0.22710765012691
0.204396885114219
0.183957196602797
0.165561476942518
0.149005329248266
0.134104796323439
0.120694316691095
0.108624885021986
0.0977623965197872
0.0879861568678085
0.0791875411810277
0.0712687870629249
0.164141908356632
0.147727717520969
0.132954945768872
0.119659451191985
0.107693506072787
0.0969241554655079
0.0872317399189571
0.0785085659270614
0.0706577093343553
0.0635919384009197
0.0572327445608278
0.051509470104745
0.0463585230942705
0.0417226707848434
0.0375504037063591
0.0337953633357232
0.0304158270021509
0.0273742443019358
0.0246368198717422
0.022173137884568
0.0199558240961112
0.0179602416865001
0.0161642175178501
0.0145477957660651
0.0130930161894585
0.0117837145705127
0.0106053431134614
0.00954480880211528
0.00859032792190375
0.107731295129713
0.096958165616742
0.0872623490550678
0.078536114149561
0.0706825027346049
0.0636142524611445
0.05725282721503
0.051527544493527
0.0463747900441743
0.0417373110397569
0.0375635799357812
0.0338072219422031
0.0304264997479828
0.0273838497731845
0.024645464795866
0.0221809183162794
0.0199628264846515
0.0179665438361863
0.0161698894525677
0.0145529005073109
0.0130976104565798
0.0117878494109219
0.0106090644698297
0.00954815802284671
0.00859334222056204
0.00773400799850584
0.00696060719865525
0.00626454647878973
0.00563809183091075
0.00507428264781968
0.00456685438303771
0.00411016894473394
0.00369915205026055
0.00332923684523449
0.00299631316071104
0.10269668184464
0.0924270136601759
0.0831843122941583
0.0748658810647425
0.0673792929582682
0.0606413636624414
0.0545772272961973
0.0491195045665776
0.0442075541099198
0.0397867986989278
0.035808118829035
0.0322273069461315
0.0290045762515184
0.0261041186263665
0.0234937067637299
0.0211443360873569
0.0190299024786212
0.0171269122307591
0.0154142210076832
0.0138727989069149
0.0124855190162234
0.011236967114601
0.0101132704031409
0.00910194336282685
0.00819174902654416
0.00737257412388975
0.00663531671150077
0.0059717850403507
0.00537460653631563
0.00483714588268406
0.00435343129441566
0.00391808816497409
0.00352627934847668
0.00317365141362902
0.00285628627226611
0.0025706576450395
0.00231359188053555
0.002082232692482
0.0018740094232338
0.00168660848091042
0.00151794763281938
0.00136615286953744
0.00122953758258369
0.00110658382432533
0.100995925441893
0.0908963328977035
0.0818066996079332
0.0736260296471399
0.0662634266824259
0.0596370840141833
0.153673375612765
0.138306038051488
0.12447543424634
0.112027890821706
0.100825101739535
0.0907425915655816
0.0816683324090234
0.173501499168121
0.156151349251309
0.140536214326178
0.12648259289356
0.213834333604204
0.192450900243784
0.173205810219405
0.155885229197465
0.140296706277718
0.126267035649947
0.113640332084952
0.102276298876457
0.0920486689888111
0.08284380208993
0.074559421880937
0.0671034796928433
0.060393131723559
0.0543538185512031
0.148918436696083
0.234026593026474
0.210623933723827
0.289561540351444
0.2606053863163
0.23454484768467
0.411090362916203
0.369981326624583
0.432983193962124
0.389684874565912
0.450716387109321
0.405644748398389
0.36508027355855
0.328572246202695
0.295715021582425
0.366143519424183
0.429529167481765
0.386576250733588
0.347918625660229
0.413126763094206
0.371814086784786
0.334632678106307
0.301169410295676
0.371052469266109
0.433947222339498
0.390552500105548
0.451497250094993
0.406347525085494
0.465712772576945
0.41914149531925
0.377227345787325
0.339504611208593
0.305554150087733
0.27499873507896
0.247498861571064
0.222748975413958
0.200474077872562
0.180426670085306
0.162384003076775
0.146145602769098
0.231531042492188
0.208377938242969
0.187540144418672
0.268786129976805
0.241907516979124
0.217716765281212
0.195945088753091
0.176350579877782
0.158715521890004
0.142843969701003
0.128559572730903
0.115703615457813
0.204133253912031
0.283719928520828
0.255347935668745
0.229813142101871
0.206831827891684
0.186148645102515
0.167533780592264
0.150780402533037
0.235702362279734
0.31213212605176
0.280918913446584
0.252827022101926
0.227544319891733
0.20478988790256
0.184310899112304
0.165879809201074
0.149291828280966
0.13436264545287
0.120926380907583
0.108833742816824
0.097950368535142
0.0881553316816278
0.079339798513465
0.0714058186621185
0.0642652367959066
0.057838713116316
0.0520548418046844
0.046849357624216
0.0421644218617944
0.0379479796756149
0.0341531817080534
0.0307378635372481
0.0276640771835233
0.124897669465171
0.112407902518654
0.401167112266788
0.46105040104011
0.414945360936099
0.573450824842489
0.51610574235824
0.464495168122416
0.418045651310174
0.476241086179157
0.528616977561241
0.475755279805117
0.428179751824605
0.385361776642145
0.34682559897793
0.312143039080137
0.280928735172124
0.252835861654911
0.22755227548942
0.204797047940478
0.18431734314643
0.165885608831787
0.149297047948609
0.134367343153748
0.120930608838373
0.108837547954536
0.0979537931590821
0.188158413843174
0.169342572458857
0.152408315212971
0.137167483691674
0.223450735322506
0.301105661790256
0.27099509561123
0.243895586050107
0.219506027445096
0.297555424700587
0.267799882230528
0.241019894007475
0.316917904606728
0.285226114146055
0.25670350273145
0.231033152458305
0.207929837212474
0.287136853491227
0.258423168142104
0.232580851327894
0.209322766195104
0.188390489575594
0.169551440618034
0.152596296556231
0.137336666900608
0.123603000210547
0.111242700189492
0.100118430170543
0.0901065871534889
0.08109592843814
0.072986335594326
0.0656877020348934
0.0591189318314041
0.0532070386482636
0.0478863347834373
0.0430977013050936
0.0387879311745842
0.0349091380571258
0.0314182242514132
0.0282764018262719
0.125448761643645
0.11290388547928
0.101613496931352
0.091452147238217
0.182306932514395
0.164076239262956
0.14766861533666
0.232901753802994
0.309611578422695
0.278650420580425
0.250785378522383
0.225706840670144
0.20313615660313
0.182822540942817
0.164540286848535
0.148086258163682
0.133277632347314
0.119949869112582
0.107954882201324
0.0971593939811916
0.0874434545830725
0.0786991091247652
0.0708291982122887
0.0637462783910599
0.0573716505519539
0.0516344854967585
0.0464710369470826
0.0418239332523744
0.0376415399271369
0.0338773859344232
0.0304896473409809
0.0274406826068828
0.0246966143461945
0.0222269529115751
0.0200042576204176
0.0180038318583758
0.0162034486725382
0.0145831038052844
0.013124793424756
0.0118123140822804
0.0106310826740523
0.00956797440664711
0.0086111769659824
0.00775005926938416
0.00697505334244575
0.00627754800820117
0.00564979320738105
0.00508481388664295
0.00457633249797865
0.00411869924818079
0.00370682932336271
0.00333614639102644
0.00300253175192379
0.00270227857673142
0.00243205071905827
0.00218884564715245
0.101969961082437
0.0917729649741935
0.0825956684767741
0.0743361016290967
0.0669024914661871
0.0602122423195684
0.0541910180876115
0.0487719162788504
0.0438947246509653
0.0395052521858688
0.0355547269672819
0.0319992542705537
0.0287993288434984
0.0259193959591485
0.0233274563632337
0.0209947107269103
0.0188952396542193
0.0170057156887973
0.0153051441199176
0.0137746297079258
0.0123971667371333
0.0111574500634199
0.0100417050570779
0.00903753455137015
0.00813378109623313
0.00732040298660982
0.00658836268794884
0.00592952641915396
0.00533657377723856
0.0048029163995147
0.00432262475956323
0.103890362283607
0.0935013260552462
0.0841511934497216
0.0757360741047494
0.0681624666942745
0.0613462200248471
0.0552115980223623
0.0496904382201261
0.0447213943981135
0.0402492549583022
0.0362243294624719
0.0326018965162247
0.0293417068646023
0.026407536178142
0.0237667825603278
0.121390104304295
0.109251093873866
0.198325984486479
0.178493386037831
0.160644047434048
0.244579642690643
0.220121678421579
0.198109510579421
0.178298559521479
0.160468703569331
0.144421833212398
0.129979649891158
0.216981684902042
0.295283516411838
0.265755164770654
0.239179648293589
0.31526168346423
0.383735515117807
0.345361963606026
0.310825767245424
0.279743190520881
0.251768871468793
0.226591984321914
0.203932785889723
0.28353950730075
0.255185556570675
0.229667000913608
0.206700300822247
0.286030270740022
0.25742724366602
0.231684519299418
0.208516067369476
0.187664460632529
0.168898014569276
0.152008213112348
0.136807391801113
0.223126652621002
0.200813987358902
0.280732588623012
0.25265932976071
0.227393396784639
0.204654057106175
0.184188651395558
0.165769786256002
0.149192807630402
0.134273526867362
0.220846174180626
0.298761556762563
0.368885401086307
0.431996860977676
0.388797174879908
0.349917457391918
0.414925711652726
0.473433140487453
0.426089826438708
0.483480843794837
0.435132759415353
0.391619483473818
0.452457535126436
0.407211781613793
0.366490603452413
0.429841543107172
0.386857388796455
0.348171649916809
0.313354484925128
0.282019036432616
0.253817132789354
0.528435419510419
0.475591877559377
0.428032689803439
0.385229420823095
0.346706478740786
0.312035830866707
0.380832247780036
0.342749023002033
0.408474120701829
0.367626708631647
0.330864037768482
0.297777633991634
0.26799987059247
0.241199883533223
0.417079895179901
0.375371905661911
0.33783471509572
0.404051243586148
0.363646119227533
0.32728150730478
0.294553356574302
0.265098020916872
0.238588218825184
0.214729396942666
0.193256457248399
0.173930811523559
0.156537730371203
0.140883957334083
0.126795561600675
0.114116005440607
0.102704404896547
0.092433964406892
0.183190567966203
0.264871511169582
0.438384360052624
0.594545924047362
0.835091331642626
1.05158219847836
1.14642397863053
1.23178158076747
1.20860342269073
1.28774308042165
1.35896877237949
1.32307189514154
1.39076470562739
1.55168823506465
1.59651941155818
1.63686747040236
1.47318072336213
1.42586265102592
1.28327638592332
1.15494874733099
1.03945387259789
1.0355084853381
0.931957636804293
0.838761873123864
0.754885685811477
0.67939711723033
0.611457405507297
0.550311664956567
0.59528049846091
0.535752448614819
0.482177203753338
0.433959483378004
0.390563535040203
0.351507181536183
0.316356463382565
0.284720817044308
0.256248735339877
0.23062386180589
0.207561475625301
0.186805328062771
0.168124795256494
0.151312315730844
0.13618108415776
0.122562975741984
0.210306678167785
0.189276010351007
0.170348409315906
0.153313568384316
0.137982211545884
0.124183990391296
0.111765591352166
0.100589032216949
0.0905301289952545
0.0814771160957291
0.0733294044861562
0.165996464037541
0.249396817633787
0.224457135870408
0.202011422283367
0.18181028005503
0.163629252049527
0.147266326844575
0.132539694160117
0.119285724744105
0.107357152269695
0.0966214370427254
0.186959293338453
0.168263364004608
0.151437027604147
0.136293324843732
0.222663992359359
0.200397593123423
0.180357833811081
0.162322050429973
0.146089845386975
0.231480860848278
0.20833277476345
0.187499497287105
0.268749547558395
0.241874592802555
0.3176871335223
0.28591842017007
0.257326578153063
0.231593920337756
0.208434528303981
0.287591075473583
0.258831967926224
0.432948771133602
0.389653894020242
0.350688504618218
0.315619654156396
0.284057688740756
0.255651919866681
0.230086727880013
0.207078055092011
0.28637024958281
0.257733224624529
0.231959902162076
0.208763911945869
0.287887520751282
0.259098768676154
0.333188891808538
0.299870002627684
0.269883002364916
0.242894702128424
0.218605231915582
0.196744708724024
0.177070237851621
0.159363214066459
0.143426892659813
0.129084203393832
0.116175783054449
0.104558204749004
0.194102384274104
0.174692145846693
0.157222931262024
0.141500638135821
0.127350574322239
0.114615516890015
0.103153965201014
0.0928385686809125
0.0835547118128212
0.0751992406315391
0.0676793165683852
0.0609113849115467
0.054820246420392
0.0493382217783528
0.0444043996005175
0.0399639596404658
0.0359675636764192
0.0323708073087773
0.0291337265778995
0.0262203539201096
0.0235983185280986
0.0212384866752888
0.0191146380077599
0.0172031742069839
0.0154828567862855
0.013934571107657
0.0125411139968913
0.0112870025972021
0.0101583023374819
0.00914247210373373
0.00822822489336036
0.00740540240402432
0.00666486216362189
0.0059983759472597
0.00539853835253373
0.00485868451728036
0.00437281606555232
0.00393553445899709
0.00354198101309738
0.00318778291178764
0.00286900462060888
0.00258210415854799
0.102323893742693
0.0920915043684239
0.182882353931581
0.164594118538423
0.148134706684581
0.133321236016123
0.119989112414511
0.10799020117306
0.0971911810557536
0.0874720629501783
0.0787248566551604
0.0708523709896444
0.06376713389068
0.057390420501612
0.0516513784514508
0.0464862406063057
0.0418376165456751
0.0376538548911076
0.0338884694019968
0.0304996224617972
0.0274496602156175
0.0247046941940557
0.0222342247746501
0.0200108022971851
0.0180097220674666
0.01620874986072
0.014587874874648
0.0131290873871832
0.0118161786484648
0.0106345607836184
0.00957110470525653
0.00861399423473088
0.00775259481125779
0.00697733533013201
0.00627960179711881
0.00565164161740693
0.00508647745566623
0.00457782971009961
0.00412004673908965
0.00370804206518069
0.00333723785866262
0.00300351407279636
0.00270316266551672
0.00243284639896505
0.00218956175906854
0.00197060558316169
0.00177354502484552
0.00159619052236097
0.00143657147012487
0.00129291432311238
0.00116362289080115
0.00104726060172103
0.000942534541548928
0.000848281087394035
0.000763452978654632
0.000687107680789169
0.000618396912710252
0.000556557221439227
0.000500901499295304
0.200450811349366
0.180405730214429
0.162365157192986
0.146128641473688
0.231515777326319
0.208364199593687
0.187527779634318
0.168775001670886
0.151897501503798
0.136707751353418
0.223036976218076
0.200733278596269
0.180659950736642
0.162593955662978
0.24633456009668
0.221701104087012
0.199530993678311
0.17957789431048
0.261620104879432
0.235458094391488
0.21191228495234
0.190721056457106
0.171648950811395
0.154484055730256
0.23903565015723
0.215132085141507
0.193618876627356
0.274256988964621
0.246831290068159
0.222148161061343
0.199933344955209
0.179940010459688
0.161946009413719
0.145751408472347
0.131176267625112
0.118058640862601
0.106252776776341
0.0956274990987069
0.0860647491888362
0.177458274269953
0.159712446842957
0.143741202158662
0.129367081942795
0.116430373748516
0.104787336373664
0.0943086027362979
0.0848777424626681
0.0763899682164013
0.0687509713947612
0.0618758742552851
0.0556882868297566
0.0501194581467809
0.0451075123321028
0.0405967610988925
0.0365370849890033
0.032883376490103
0.129595038841093
0.116635534956983
0.104971981461285
0.0944747833151565
0.0850273049836409
0.0765245744852768
0.0688721170367491
0.0619849053330742
0.0557864147997668
0.15020777331979
0.235186995987811
0.21166829638903
0.190501466750127
0.171451320075114
0.154306188067603
0.238875569260843
0.214988012334758
0.193489211101283
0.174140289991154
0.156726260992039
0.141053634892835
0.226948271403551
0.204253444263196
0.183828099836877
0.165445289853189
0.14890076086787
0.134010684781083
0.120609616302975
0.108548654672677
0.0976937892054096
0.187924410284869
0.169131969256382
0.152218772330744
0.136996895097669
0.123297205587902
0.110967485029112
0.0998707365262009
0.289883662873581
0.260895296586223
0.2348057669276
0.21132519023484
0.190192671211356
0.171173404090221
0.154056063681199
0.138650457313079
0.124785411581771
0.212306870423594
0.191076183381234
0.171968565043111
0.1547717085388
0.13929453768492
0.225365083916428
0.202828575524785
0.182545717972307
0.164291146175076
0.147862031557568
0.133075828401812
0.11976824556163
0.107791421005467
0.0970122789049206
0.0873110510144286
0.178579945912986
0.160721951321687
0.144649756189518
0.130184780570567
0.11716630251351
0.105449672262159
0.0949047050359431
0.0854142345323488
0.0768728110791139
0.0691855299712025
0.0622669769740822
0.056040279276674
0.0504362513490066
0.145392626214106
0.230853363592695
0.307768027233426
0.276991224510083
0.249292102059075
0.224362891853167
0.201926602667851
0.181733942401066
0.163560548160959
0.147204493344863
0.132484044010377
0.119235639609339
0.207312075648405
0.186580868083565
0.167922781275208
0.151130503147687
0.136017452832919
0.122415707549627
0.110174136794664
0.0991567231151977
0.089241050803678
0.0803169457233102
0.0722852511509792
0.0650567260358812
0.0585510534322931
0.0526959480890638
0.0474263532801574
0.0426837179521417
0.0384153461569275
0.134573811541235
0.121116430387111
0.1090047873484
0.0981043086135602
0.0882938777522042
0.0794644899769837
0.0715180409792854
0.0643662368813568
0.0579296131932211
0.052136651873899
0.0469229866865091
0.0422306880178582
0.0380076192160724
0.0342068572944652
0.0307861715650186
0.0277075544085168
0.0249367989676651
0.0224431190708986
0.120198807163809
0.108178926447428
0.0973610338026851
0.0876249304224166
0.0788624373801749
0.0709761936421574
0.0638785742779417
0.0574907168501475
0.0517416451651328
0.0465674806486195
0.0419107325837575
0.0377196593253818
0.0339476933928436
0.130552924053559
0.117497631648203
0.105747868483383
0.0951730816350447
0.0856557734715402
0.0770901961243862
0.0693811765119476
0.0624430588607528
0.0561987529746775
0.0505788776772098
0.0455209899094888
0.0409688909185399
0.0368720018266859
0.0331848016440173
0.0298663214796156
0.0268796893316541
0.0241917203984886
0.0217725483586398
0.0195952935227758
0.0176357641704982
0.0158721877534484
0.0142849689781036
0.0128564720802932
0.0115708248722639
0.0104137423850375
0.109372368146534
0.0984351313318804
0.0885916181986923
0.0797324563788231
0.0717592107409408
0.0645832896668467
0.058124960700162
0.0523124646301458
0.0470812181671313
0.0423730963504181
0.0381357867153763
0.0343222080438387
0.0308899872394548
0.0278009885155093
0.0250208896639584
0.0225188006975626
0.0202669206278063
0.0182402285650257
0.0164162057085231
0.0147745851376708
0.0132971266239037
0.0119674139615133
0.010770672565362
0.00969360530882581
0.00872424477794323
0.00785182030014891
0.00706663827013402
0.00635997444312061
0.00572397699880855
0.0051515792989277
0.00463642136903493
0.00417277923213144
0.00375550130891829
0.00337995117802646
0.00304195606022382
0.00273776045420143
0.102463984408781
0.0922175859679032
0.0829958273711128
0.0746962446340016
0.0672266201706014
0.0605039581535413
0.0544535623381871
0.0490082061043684
0.0441073854939316
0.0396966469445384
0.0357269822500846
0.0321542840250761
0.0289388556225685
0.0260449700603117
0.0234404730542805
0.0210964257488524
0.0189867831739672
0.11708810485657
0.205379294370913
0.184841364933822
0.16635722844044
0.149721505596396
0.134749355036756
0.121274419533081
0.209146977579773
0.188232279821795
0.169409051839616
0.152468146655654
0.137221331990089
0.12349919879108
0.211149278911972
0.190034351020775
0.271030915918697
0.243927824326828
0.219535041894145
0.29758153770473
0.267823383934257
0.241041045540832
0.216936940986748
0.195243246888074
0.175718922199266
0.15814702997934
0.242332326981406
0.218099094283265
0.196289184854939
0.276660266369445
0.3489942397325
0.31409481575925
0.282685334183325
0.354416800764993
0.318975120688493
0.287077608619644
0.25836984775768
0.232532862981912
0.209279576683721
0.188351619015348
0.169516457113814
0.252564811402432
0.227308330262189
0.20457749723597
0.284119747512373
0.255707772761136
0.230136995485022
0.50712329593652
0.456410966342868
0.410769869708581
0.369692882737723
0.332723594463951
0.299451235017556
0.3695061115158
0.33255550036422
0.299299950327798
0.269369955295018
0.242432959765517
0.318189663788965
0.286370697410068
0.357733627669062
0.521960264902155
0.66976423841194
0.602787814570746
0.542509033113671
0.488258129802304
0.439432316822074
0.395489085139866
0.45594017662588
0.410346158963292
0.369311543066963
0.332380388760266
0.29914234988424
0.369228114895816
0.332305303406234
0.399074773065611
0.45916729575905
0.413250566183145
0.37192550956483
0.334732958608347
0.301259662747513
0.271133696472761
0.244020326825485
0.219618294142937
0.197656464728643
0.177890818255779
0.160101736430201
0.144091562787181
0.229682406508463
0.206714165857616
0.186042749271855
0.167438474344669
0.150694626910202
0.135625164219182
0.122062647797264
0.109856383017538
0.198870744715784
0.178983670244205
0.161085303219785
0.244976772897806
0.220479095608026
0.198431186047223
0.178588067442501
0.160729260698251
0.144656334628426
0.130190701165583
0.117171631049025
0.105454467944122
0.0949090211497101
0.185418119034739
0.266876307131265
0.240188676418139
0.216169808776325
0.194552827898692
0.175097545108823
0.257587790597941
0.231829011538147
0.208646110384332
0.187781499345899
0.269003349411309
0.242103014470178
0.21789271302316
0.296103441720844
0.26649309754876
0.239843787793884
0.215859409014495
0.194273468113046
0.274846121301741
0.247361509171567
0.22262535825441
0.300362822428969
0.270326540186072
0.343293886167465
0.308964497550719
0.278068047795647
0.250261243016082
0.225235118714474
0.202711606843027
0.182440446158724
0.164196401542852
0.147776761388566
0.13299908524971
0.119699176724739
0.107729259052265
0.196956333147038
0.177260699832335
0.159534629849101
0.143581166864191
0.129223050177772
0.216300745159995
0.194670670643995
0.175203603579596
0.157683243221636
0.141914918899473
0.127723427009525
0.114951084308573
0.103455975877716
0.093110378289944
0.0837993404609496
0.0754194064148546
0.0678774657733691
0.161089719196032
0.144980747276429
0.130482672548786
0.117434405293907
0.105690964764517
0.0951218682880651
0.0856096814592586
0.0770487133133327
0.0693438419819994
0.0624094577837995
0.0561685120054196
0.150551660804878
0.23549649472439
0.211946845251951
0.190752160726756
0.17167694465408
0.254509250188672
0.229058325169805
0.206152492652824
0.185537243387542
0.166983519048788
0.150285167143909
0.135256650429518
0.121730985386566
0.10955788684791
0.0986020981631187
0.0887418883468069
0.179867699512126
0.161880929560914
0.245692836604822
0.32112355294434
0.389011197649906
0.450110077884915
0.505099070096424
0.554589163086781
0.499130246778103
0.549217222100293
0.494295499890264
0.444865949901237
0.400379354911114
0.360341419420002
0.524307277478002
0.571876549730202
0.514688894757182
0.463220005281464
0.416898004753317
0.375208204277986
0.337687383850187
0.303918645465168
0.373526780918651
0.336174102826786
0.302556692544108
0.272301023289697
0.245070920960727
0.320563828864655
0.288507445978189
0.25965670138037
0.233691031242333
0.2103219281181
0.18928973530629
0.170360761775661
0.153324685598095
0.137992217038285
0.224192995334457
0.201773695801011
0.18159632622091
0.163436693598819
0.247093024238937
0.222383721815043
0.300145349633539
0.370130814670185
0.333117733203167
0.29980595988285
0.269825363894565
0.242842827505108
0.218558544754598
0.296702690279138
0.267032421251224
0.240329179126102
0.216296261213492
0.194666635092142
0.175199971582928
0.157679974424635
0.141911976982172
0.127720779283955
0.114948701355559
0.103453831220003
0.0931084480980029
0.183797603288203
0.165417842959382
0.148876058663444
0.1339884527971
0.12058960751739
0.108530646765651
0.0976775820890857
0.0879098238801771
0.0791188414921594
0.0712069573429435
0.0640862616086491
0.0576776354477842
0.0519098719030058
0.146718884712705
0.232046996241435
0.208842296617291
0.287958066955562
0.259162260260006
0.433246034234005
0.489921430810605
0.540929287729544
0.88683635895659
1.09815272306093
1.08833745075484
0.979503705679354
1.08155333511142
1.07339800160028
1.06605820144025
1.15945238129622
1.0435071431666
1.03915642884994
1.13524078596495
1.12171670736845
1.30954503663161
1.47859053296845
1.4307314796716
1.28765833170444
1.458892498534
1.3130032486806
1.48170292381254
1.53353263143128
1.38017936828816
1.34216143145934
1.40794528831341
1.46715075948207
1.42043568353386
1.37839211518047
1.44055290366243
1.59649761329618
1.53684785196657
1.68316306676991
1.61484676009292
1.75336208408363
1.57802587567526
1.62022328810774
1.55820095929696
1.70238086336727
1.73214277703054
1.65892849932749
1.79303564939474
2.01373208445526
2.11235887600974
2.50112298840876
2.45101068956789
2.2059096206111
2.08531865854999
2.07678679269499
2.26910811342549
2.24219730208294
2.11797757187465
2.00617981468718
2.10556183321847
2.19500564989662
2.27550508490696
2.04795457641626
2.44315911877464
2.29884320689717
2.06895888620745
2.06206299758671
2.15585669782804
2.34027102804523
2.50624392524071
2.75561953271664
2.98005757944498
3.18205182150048
3.16384663935043
3.14746197541539
2.83271577787385
2.84944420008646
3.16449978007782
2.84804980207004
2.66324482186303
2.59692033967673
2.43722830570906
2.19350547513815
2.17415492762434
2.1567394348619
2.44106549137571
2.29695894223814
2.26726304801433
2.34053674321289
2.2064830688916
2.08583476200244
2.4772512858022
2.52952615722198
2.67657354149978
2.6089161873498
2.54802456861482
2.59322211175334
2.33389990057801
2.30050991052021
2.27045891946819
2.24341302752137
2.01907172476923
2.01716455229231
2.21544809706308
2.19390328735677
2.27451295862109
2.34706166275898
2.81235549648309
2.73111994683478
2.8580079521513
2.87220715693617
2.98498644124255
2.8864877971183
2.79783901740647
2.71805511566582
2.44624960409924
2.40162464368932
2.56146217932038
2.80531596138835
2.92478436524951
2.83230592872456
3.1490753358521
2.93416780226689
3.0407510220402
2.83667591983618
2.75300832785257
2.87770749506731
3.18993674556058
2.97094307100452
3.07384876390407
2.86646388751366
2.5798174987623
2.32183574888607
2.28965217399746
2.26068695659771
2.23461826093794
2.11115643484415
2.40004079135973
2.76003671222376
2.98403304100138
2.68562973690125
2.91706676321112
2.92536008689001
2.73282407820101
2.45954167038091
2.31358750334282
2.08222875300854
2.07400587770768
2.46660528993691
2.31994476094322
2.3879502848489
2.44915525636401
2.40423973072761
2.56381575765485
2.40743418188936
2.36669076370043
2.13002168733038
2.11701951859735
2.00531756673761
2.00478581006385
2.30430722905747
2.27387650615172
2.24648885553655
2.32183996998289
2.1896559729846
2.27069037568614
2.34362133811753
2.70925920430578
2.6383332838752
2.57449995548768
2.41704995993891
2.57534496394502
2.41781046755052
2.37602942079547
2.23842647871592
2.31458383084433
2.5831254477599
2.62481290298391
2.36233161268552
2.22609845141696
2.10348860627527
2.09313974564774
2.08382577108297
2.17544319397467
1.9578988745772
1.96210898711948
1.86589808840753
1.67930827956678
1.5113774516101
1.56023970644909
1.50421573580418
1.65379416222377
1.68841474600139
1.71957327140125
1.54761594426113
1.49285434983501
1.34356891485151
1.20921202336636
1.08829082102972
1.27946173892675
1.15151556503408
1.13636400853067
1.2227276076776
1.10045484690984
1.29040936221886
1.16136842599697
1.04523158339727
1.14070842505755
1.02663758255179
1.02397382429661
1.02157644186695
1.01941879768026
1.01747691791223
1.11572922612101
1.00415630350891
1.00374067315802
0.903366605842215
0.813029945257994
0.731726950732194
0.658554255658975
0.592698830093077
0.63342894708377
0.670086052375393
0.603077447137853
0.542769702424068
0.488492732181661
0.439643458963495
0.395679113067146
0.456111201760431
0.410500081584388
0.469450073425949
0.422505066083354
0.580254559475019
0.522229103527517
0.470006193174765
0.423005573857289
0.38070501647156
0.342634514824404
0.308371063341964
0.277533957007767
0.249780561306991
0.224802505176291
0.202322254658662
0.182090029192796
0.163881026273517
0.147492923646165
0.132743631281548
0.119469268153394
0.107522341338054
0.0967701072042488
0.0870930964838239
0.0783837868354415
0.0705454081518974
0.0634908673367077
0.0571417806030369
0.0514276025427332
0.0462848422884599
0.0416563580596139
0.0374907222536525
0.0337416500282873
0.0303674850254585
0.0273307365229127
0.0245976628706214
0.0221378965835593
0.0199241069252033
0.017931696232683
0.0161385266094147
0.114524673948473
0.103072206553626
0.0927649858982633
0.083488487308437
0.0751396385775933
0.167625674719834
0.150863107247851
0.135776796523066
0.122199116870759
0.109979205183683
0.0989812846653148
0.0890831561987833
0.080174840578905
0.0721573565210145
0.064941620868913
0.0584474587820217
0.0526027129038196
0.0473424416134376
0.142608197452094
0.128347377706884
0.215512639936196
0.293961375942576
0.264565238348319
0.238108714513487
0.214297843062138
0.292868058755924
0.363581252880332
0.427223127592299
0.484500814833069
0.436050733349762
0.592445660014786
0.733201094013307
0.659880984611976
0.593892886150779
0.734503597535701
0.861053237782131
0.774947914003918
0.797453122603526
0.717707810343173
0.745937029308856
0.67134332637797
0.704208993740173
0.933788094366156
1.04040928492954
1.03636835643659
1.43273152079293
1.28945836871364
1.16051253184227
1.04446127865804
1.04001515079224
0.936013635713016
0.842412272141715
0.758171044927543
0.882353940434789
0.99411854639131
1.29470669175218
1.16523602257696
1.24871242031926
1.32384117828734
1.1914570604586
1.17231135441274
1.15508021897147
1.33957219707432
1.40561497736689
1.7650534796302
1.68854813166718
1.81969331850046
1.73772398665042
1.66395158798538
1.89755642918684
1.80780078626815
1.72702070764134
1.95431863687721
1.85888677318948
1.97299809587054
1.77569828628348
1.69812845765513
1.72831561188962
1.65548405070066
1.78993564563059
1.61094208106753
1.64984787296078
1.6848630856647
1.71637677709823
1.84473909938841
1.76026518944957
1.68423867050461
1.61581480345415
1.55423332310874
1.69880999079786
1.82892899171808
1.84603609254627
1.66143248329164
1.89528923496248
1.80576031146623
1.72518428031961
1.55266585228765
1.39739926705888
1.55765934035299
1.50189340631769
1.35170406568592
1.41653365911733
1.7748802932056
1.69739226388504
2.12765303749654
2.21488773374688
2.19339896037219
2.07405906433497
2.16665315790148
2.34998784211133
2.7149890579002
2.54349015211018
2.38914113689916
2.35022702320924
2.41520432088832
2.17368388879949
2.35631549991954
2.32068394992758
2.38861555493483
2.24975399944134
2.12477859949721
2.51230073954749
2.46107066559274
2.21496359903347
2.09346723913012
1.98412051521711
1.8857084636954
1.79713761732586
1.91742385559327
1.92568147003394
1.83311332303055
1.7498019907275
1.77482179165475
1.59733961248927
1.63760565124034
1.77384508611631
1.79646057750468
1.81681451975421
1.73513306777879
1.66161976100091
1.69545778490082
1.62591200641074
1.46332080576966
1.4169887251927
1.27528985267343
1.44776086740609
1.50298478066548
1.35268630259893
1.41741767233904
1.37567590510513
1.53810831459462
1.48429748313516
1.33586773482164
1.30228096133948
1.37205286520553
1.23484757868498
1.21136282081648
1.09022653873483
0.981203884861349
0.983083496375214
0.884775146737692
0.896297632063923
0.906667868857531
1.01600108197178
1.4144009737746
1.27296087639714
1.14566478875743
1.23109830988168
1.10798847889352
1.19718963100416
1.17747066790375
1.35972360111337
1.32375124100204
1.39137611690183
1.45223850521165
1.70701465469048
1.63631318922144
1.87268187029929
2.08541368326936
2.07687231494243
2.36918508344818
2.63226657510337
2.56903991759303
2.41213592583373
2.37092233325035
2.23383009992532
2.51044708993279
2.65940238093951
2.59346214284556
2.434115928561
2.5907043357049
2.53163390213441
2.37847051192097
2.24062346072887
2.11656111465599
2.20490500319039
2.48441450287135
2.33597305258421
2.40237574732579
2.26213817259321
2.43592435533389
2.2923319198005
2.06309872782045
1.95678885503841
2.26110996953457
2.53499897258111
2.481499075323
2.3333491677907
2.20001425101163
2.08001282591047
2.17201154331942
2.05481038898748
1.84932935008873
1.86439641507986
1.67795677357187
1.51016109621468
1.55914498659322
1.60323048793389
1.44290743914051
1.39861669522645
1.25875502570381
1.13287952313343
1.01959157082009
0.917632413738077
0.825869172364269
0.743282255127843
0.768954029615058
0.892058626653552
0.802852763988197
0.822567487589377
0.84031073883044
0.856279664947396
0.770651698452656
0.893586528607391
0.804227875746651
0.723805088171986
0.651424579354788
0.686282121419309
0.717653909277378
0.64588851834964
0.581299666514676
0.523169699863209
0.470852729876888
0.423767456889199
0.381390711200279
0.343251640080251
0.308926476072226
0.278033828465003
0.250230445618503
0.225207401056653
0.202686660950988
0.282417994855889
0.2541761953703
0.22875857583327
0.205882718249943
0.185294446424949
0.266765001782454
0.240088501604208
0.216079651443788
0.194471686299409
0.175024517669468
0.157522065902521
0.141769859312269
0.127592873381042
0.114833586042938
0.103350227438644
0.0930152046947797
0.0837136842253018
0.0753423158027716
0.0678080842224944
0.061027275800245
0.0549245482202205
0.0494320933981984
0.0444888840583786
0.0400399956525407
0.0360359960872867
0.032432396478558
0.129189156830702
0.116270241147632
0.104643217032869
0.0941788953295819
0.0847610057966237
0.0762849052169614
0.0686564146952652
0.0617907732257387
0.0556116959031648
0.0500505263128483
0.0450454736815635
0.0405409263134072
0.0364868336820664
0.0328381503138598
0.0295543352824738
0.126598901754226
0.113939011578804
0.202545110420923
0.282290599378831
0.354061539440948
0.318655385496853
0.286789846947168
0.258110862252451
0.232299776027206
0.209069798424485
0.188162818582037
0.169346536723833
0.15241188305145
0.137170694746305
0.523453625271674
0.471108262744507
0.523997436470056
0.471597692823051
0.424437923540746
0.381994131186671
0.343794718068004
0.309415246261204
0.378473721635083
0.340626349471575
0.306563714524417
0.275907343071976
0.248316608764778
0.3234849478883
0.29113645309947
0.462022807789523
0.815820527010571
0.834238474309514
0.850814626878562
0.865733164190706
0.779159847771635
0.701243862994472
0.731119476695025
0.658007529025522
0.69220677612297
0.922986098510673
0.830687488659606
1.04761873979365
1.24285686581428
1.31857117923285
1.28671406130957
1.25804265517861
1.23223838966075
1.10901455069467
0.998113095625207
0.898301786062687
0.808471607456418
0.727624446710776
0.854862002039699
0.969375801835729
0.872438221652156
0.88519439948694
1.09667495953825
1.18700746358442
1.26830671722598
1.24147604550338
1.31732844095304
1.28559559685774
1.35703603717197
1.32133243345477
1.38919919010929
1.35027927109836
1.21525134398853
1.09372620958967
1.08435358863071
1.07591822976764
1.16832640679087
1.05149376611179
1.04634438950061
1.34170995055055
1.40753895549549
1.66678505994594
1.60010655395135
1.54009589855621
1.58608630870059
1.72747767783053
1.55472991004748
1.99925691904273
1.89933122713846
1.90939810442461
1.71845829398215
1.94661246458394
1.95195121812554
2.05675609631299
2.05108048668169
2.14597243801352
2.13137519421217
2.21823767479095
2.19641390731186
1.97677251658067
1.7790952649226
1.70118573843034
1.53106716458731
1.57796044812858
1.42016440331572
1.67814796298415
1.81033316668573
1.72929985001716
1.65636986501544
1.5907328785139
1.43165959066251
1.38849363159626
1.24964426843663
1.32467984159297
1.39221185743367
1.65299067169031
1.48769160452128
1.53892244406915
1.38503019966223
1.34652717969601
1.51187446172641
1.66068701555377
1.49461831399839
1.54515648259855
1.5906408343387
1.63157675090483
1.56841907581434
1.41157716823291
1.37041945140962
1.23337750626866
1.41003975564179
1.26903578007761
1.24213220206985
1.51791898186287
1.76612708367658
1.78951437530892
1.81056293777803
1.82950664400023
1.6465559796002
1.68190038164018
1.51371034347617
1.46233930912855
1.51610537821569
1.36449484039412
1.52804535635471
1.37524082071924
1.43771673864732
1.39394506478259
1.25455055830433
1.62909550247389
1.6661859522265
1.79956735700385
1.71961062130347
2.14764955917312
2.03288460325581
2.02959614293023
1.82663652863721
1.84397287577349
1.95957558819614
1.96361802937652
1.86725622643887
1.78053060379498
1.90247754341549
2.01222978907394
2.31100681016654
2.37990612914989
2.4419155162349
2.49772396461141
2.34795156815027
2.21315641133524
1.99184077020172
1.89265669318155
1.90339102386339
1.91305192147705
2.02174672932935
2.01957205639641
2.11761485075677
1.90585336568109
2.31526802911299
2.18374122620169
1.96536710358152
1.86883039322337
1.78194735390103
1.60375261851093
1.44337735665983
1.79903962099385
1.81913565889447
1.63722209300502
1.97349988370452
1.87614989533407
1.78853490580066
1.80968141522059
1.72871327369853
1.95584194632868
2.16025775169581
2.14423197652623
2.02980877887361
2.02682790098625
2.12414511088762
1.91173059979886
1.82055753981897
1.63850178583708
1.77465160725337
1.69718644652803
1.62746780187523
1.56472102168771
1.50824891951894
1.45742402756704
1.31168162481034
1.3805134623293
1.34246211609637
1.40821590448674
1.46739431403806
1.42065488263426
1.27858939437083
1.25073045493375
1.32565740944037
1.29309166849634
1.1637825016467
1.04740425148203
1.04266382633383
1.03839744370045
1.0345576993304
1.03110192939736
1.02799173645763
0.925192562811863
0.832673306530677
0.949405975877609
0.854465378289848
0.869018840460863
0.882116956414777
0.793905260773299
0.714514734695969
0.843063261226373
0.758756935103735
0.682881241593362
0.714593117434026
0.643133805690623
0.578820425121561
0.620938382609405
0.658844544348464
0.692960089913618
0.623664080922256
0.56129767283003
0.505167905547027
0.454651114992325
0.409186003493092
0.368267403143783
0.331440662829405
0.398296596546464
0.458466936891818
0.412620243202636
0.371358218882372
0.334222396994135
0.300800157294722
0.27072014156525
0.243648127408725
0.419283314667852
0.477354983201067
0.42961948488096
0.386657536392864
0.347991782753578
0.31319260447822
0.281873344030398
0.253686009627358
0.328317408664622
0.29548566779816
0.265937101018344
0.23934339091651
0.215409051824859
0.193868146642373
0.174481331978136
0.157033198780322
0.14132987890229
0.127196891012061
0.114477201910855
0.103029481719769
0.0927265335477924
0.0834538801930132
0.0751084921737118
0.0675976429563407
0.0608378786607066
0.154754090794636
0.139278681715172
0.125350813543655
0.11281573218929
0.101534158970361
0.0913807430733246
0.0822426687659921
0.0740184018893929
0.0666165617004536
0.0599549055304083
0.0539594149773674
0.0485634734796307
0.143707126131668
0.129336413518501
0.116402772166651
0.104762494949986
0.0942862454549871
0.0848576209094884
0.0763718588185396
0.0687346729366856
0.161861205643017
0.145675085078715
0.131107576570844
0.117996818913759
0.206197137022384
0.285577423320145
0.257019680988131
0.231317712889318
0.208185941600386
0.187367347440347
0.168630612696313
0.251767551426681
0.226590796284013
0.203931716655612
0.183538544990051
0.165184690491046
0.148666221441941
0.233799599297747
0.310419639367972
0.379377675431175
0.341439907888058
0.307295917099252
0.476566325389327
0.528909692850394
0.476018723565355
0.528416851208819
0.675575166087937
0.808017649479144
0.727215884531229
0.754494296078106
0.779044866470296
0.701140379823266
0.631026341840939
0.567923707656846
0.711131336891161
1.24001820320204
1.31601638288184
1.18441474459366
1.06597327013429
0.959375943120862
0.963438348808776
0.867094513927898
1.38038506253511
1.6423465562816
1.87811190065344
1.99030071058809
1.89127063952928
2.00214357557636
1.90192921801872
1.71173629621685
1.54056266659516
1.78650639993565
1.70785575994208
1.73707018394787
1.86336316555309
1.67702684899778
1.509324164098
1.4583917476882
1.41255257291938
1.57129731562744
1.7141675840647
1.74275082565823
1.76847574309241
1.89162816878317
1.90246535190485
1.81221881671436
1.93099693504293
1.83789724153863
1.65410751738477
1.78869676564629
2.10982708908166
1.8988443801735
1.90895994215615
2.01806394794053
2.11625755314648
2.40463179783183
2.36416861804865
2.32775175624378
2.59497658061941
2.73547892255747
2.56193103030172
2.70573792727155
2.63516413454439
2.77164772108995
2.69448294898096
2.42503465408286
2.48253118867458
2.63427806980712
2.37085026282641
2.33376523654377
2.30038871288939
2.37034984160045
2.23331485744041
2.40998337169637
2.36898503452673
2.33208653107406
2.19887787796665
2.07899009016999
2.97109108115299
2.97398197303769
2.87658377573392
2.68892539816053
2.72003285834447
2.84802957251003
2.66322661525902
2.69690395373312
2.52721355835981
2.37449220252383
2.13704298227145
2.1233386840443
2.31100481563987
2.27990433407588
2.5519139006683
2.69672251060147
2.52705025954132
2.37434523358719
2.13691071022847
1.92321963920562
1.83089767528506
1.74780790775655
1.7730271169809
1.79572440528281
1.81615196475453
1.73453676827908
1.56108309145117
1.50497478230605
1.45447730407545
1.5090295736679
1.75812661630111
1.682313954671
1.6140825592039
1.75267430328351
1.67740687295516
1.60966618565964
1.54869956709368
1.59382961038431
1.53444664934588
1.38100198441129
1.44290178597016
1.39861160737315
1.35875044663583
1.22287540197225
1.20058786177502
1.28052907559752
1.25247616803777
1.22722855123399
1.10450569611059
0.994055126499535
0.994649613849581
0.995184652464623
1.29566618721816
1.26609956849634
1.13948961164671
1.22554065048204
1.30298658543384
1.57268792689045
1.51541913420141
1.66387722078127
1.69748949870314
1.72774054883283
1.95496649394954
1.95946984455459
1.96352286009913
2.26717057408922
2.0404535166803
1.83640816501227
1.75276734851104
1.87749061365994
1.68974155229394
2.02076739706455
2.01869065735809
2.11682159162228
1.90513943246006
1.91462548921405
1.72316294029264
1.65084664626338
1.58576198163704
1.62718578347334
1.764467205126
1.6880204846134
2.11921843615206
2.10729659253686
1.89656693328317
2.00691023995486
1.90621921595937
2.01559729436343
1.81403756492709
1.93263380843438
1.73937042759094
1.96543338483185
1.86889004634866
1.8820010417138
1.69380093754242
1.52442084378818
1.47197875940936
1.52478088346842
1.57230279512158
1.41507251560942
1.67356526404848
1.70620873764363
1.63558786387927
1.87202907749134
1.78482616974221
1.90634355276799
1.71570919749119
1.64413827774207
1.67972444996786
1.51175200497108
1.36057680447397
1.42451912402657
1.48206721162391
1.33386049046152
1.30047444141537
1.17042699727383
1.15338429754645
1.13804586779181
1.22424128101263
1.20181715291136
1.18163543762023
1.1634718938582
1.04712470447238
0.942412234025145
0.848171010622631
0.863353909560368
0.777018518604331
0.699316666743898
0.829385000069508
0.746446500062557
0.771801850056302
0.794621665050671
0.815159498545604
0.733643548691044
0.660279193821939
0.594251274439746
0.534826146995771
0.581343532296194
0.523209179066575
0.470888261159917
0.423799435043925
0.381419491539533
0.44327754238558
0.598949788147022
0.539054809332319
0.485149328399087
0.436634395559179
0.392970956003261
0.353673860402935
0.318306474362641
0.286475826926377
0.257828244233739
0.332045419810366
0.298840877829329
0.368956790046396
0.332061111041756
0.298854999937581
0.268969499943823
0.24207254994944
0.217865294954496
0.196078765459047
0.176470888913142
0.158823800021828
0.142941420019645
0.128647278017681
0.115782550215913
0.104204295194321
0.193783865674889
0.1744054791074
0.15696493119666
0.141268438076994
0.227141594269295
0.404427434842365
0.363984691358129
0.327586222222316
0.294827600000084
0.265344840000076
0.238810356000068
0.214929320400062
0.193436388360055
0.17409274952405
0.156683474571645
0.14101512711448
0.126913614403032
0.114222252962729
0.102800027666456
0.0925200248998106
0.0832680224098295
0.174941220168847
0.157447098151962
0.141702388336766
0.127532149503089
0.11477893455278
0.103301041097502
0.092970936987752
0.0836738432889768
0.175306458960079
0.157775813064071
0.141998231757664
0.227798408581898
0.205018567723708
0.184516710951337
0.166065039856203
0.149458535870583
0.134512682283525
0.121061414055172
0.108955272649655
0.19805974538469
0.278253770846221
0.250428393761599
0.625385554385439
0.562846998946895
0.606562299052205
0.545906069146985
0.591315462232286
0.532183916009058
0.478965524408152
0.531068971967337
0.577962074770603
0.520165867293543
0.468149280564189
0.52133435250777
0.769200917256993
0.692280825531293
0.923052742978164
0.830747468680348
0.847672721812313
0.862905449631082
0.876614904667973
0.888953414201176
0.800058072781059
0.720052265502953
0.648047038952657
0.583242335057392
0.724918101551653
0.752426291396487
0.677183662256839
0.809465296031155
0.928518766428039
0.835666889785235
0.852100200806712
0.966890180726041
1.07020116265344
1.26318104638809
1.43686294174928
1.39317664757436
1.55385898281692
1.49847308453523
1.34862577608171
1.41376319847353
1.47238687862618
1.32514819076356
1.49263337168721
1.44337003451849
1.49903303106664
1.44912972795997
1.40421675516398
1.56379507964758
1.60741557168282
1.84667401451454
1.66200661306309
1.59580595175678
1.5362253565811
1.38260282092299
1.24434253883069
1.31990828494762
1.28791745645286
1.15912571080757
1.14321313972682
1.22889182575413
1.20600264317872
1.08540237886085
1.27686214097476
1.34917592687729
1.21425833418956
1.1928325007706
1.27354925069354
1.34619432562419
1.21157489306177
1.09041740375559
0.981375663380034
0.98323809704203
0.884914287337827
0.896422858604045
0.80678057274364
0.926102515469276
1.23349226392235
1.11014303753011
1.1991287337771
1.37921586039939
1.34129427435945
1.40716484692351
1.56644836223116
1.50980352600804
1.75882317340724
1.68294085606651
1.71464677045986
1.64318209341388
1.47886388407249
1.43097749566524
1.48787974609872
1.73909177148884
1.66518259433996
1.49866433490596
1.54879790141537
1.69391811127383
1.72452630014645
1.8520736701318
1.76686630311862
1.89017967280676
2.00116170552608
1.80104553497348
1.72094098147613
1.64884688332852
1.48396219499566
1.4355659754961
1.49200937794649
1.44280844015184
1.49852759613666
1.44867483652299
1.60380735287069
1.54342661758362
1.58908395582526
1.43017556024273
1.28715800421846
1.15844220379661
1.24259798341695
1.31833818507526
1.18650436656773
1.16785392991096
1.15106853691986
1.13596168322788
1.12236551490509
1.21012896341458
1.18911606707312
1.07020446036581
1.06318401432923
1.05686561289631
1.05117905160668
1.04606114644601
1.04145503180141
1.03730952862127
1.03357857575914
1.03022071818323
0.927198646364904
0.934478781728413
0.941030903555572
0.946927813200015
1.15223503188001
1.13701152869201
1.12331037582281
1.11097933824053
0.999881404416477
0.999893263974829
0.999903937577346
0.999913543819612
1.09992218943765
0.989929970493886
0.990936973444497
0.991843276100047
0.892658948490042
0.803393053641038
0.923053748276934
0.930748373449241
1.03767353610432
1.13390618249389
1.1205155642445
1.10846400782005
0.997617607038042
0.897855846334238
0.808070261700814
0.827263235530733
1.14453691197766
1.33008322077989
1.1970748987019
1.07736740883171
1.16963066794854
1.05266760115369
0.94740084103832
0.852660756934488
0.767394681241039
0.890655213116935
0.901589691805242
0.811430722624717
0.730287650362246
0.757258885326021
0.781532996793419
0.803379697114077
1.02304172740267
1.0207375546624
0.918663799196162
0.826797419276546
0.744117677348891
0.669705909614002
0.602735318652602
0.542461786787342
0.488215608108608
0.439394047297747
0.495454642567972
0.445909178311175
0.401318260480058
0.561186434432052
0.605067790988847
0.644561011889962
0.580104910700966
0.522094419630869
0.469884977667782
0.422896479901004
0.380606831910904
0.342546148719813
0.308291533847832
0.277462380463049
0.249716142416744
0.224744528175069
0.202270075357563
0.182043067821806
0.263838761039626
