1
0.24
0.0576
0.013824
0.76331776
0.9431962624
0.226367102976
0.05432810471424
0.0130387451314176
0.00312929883154022
0.000751031719569654
0.000180247612696717
0.760043259427047
0.182410382262491
0.0437784917429979
0.0105068380183195
0.00252164112439668
0.000605193869855203
0.000145246528765249
3.48591669036597e-05
8.36620005687833e-06
2.0078880136508e-06
4.81893123276192e-07
1.15654349586286e-07
2.77570439007086e-08
6.66169053617007e-09
1.59880572868082e-09
3.83713374883396e-10
9.20912099720150e-11
2.21018903932836e-11
5.30445369438807e-12
1.27306888665314e-12
3.05536532796753e-13
0.760000000000073
0.182400000000018
0.0437760000000042
0.010506240000001
0.00252149760000024
0.000605159424000058
0.000145238261760014
3.48571828224034e-05
8.3657238773768e-06
2.00777373057043e-06
4.81865695336904e-07
1.15647766880857e-07
2.77554640514057e-08
6.66131137233736e-09
1.59871472936097e-09
3.83691535046632e-10
9.20859684111916e-11
2.2100632418686e-11
5.30415178048464e-12
1.27299642731631e-12
3.05519142555915e-13
7.33245942134196e-14
1.75979026112207e-14
4.22349662669297e-15
1.01363919040631e-15
2.43273405697515e-16
5.83856173674036e-17
1.40125481681769e-17
3.36301156036245e-18
8.07122774486988e-19
1.93709465876877e-19
4.64902718104505e-20
1.11576652345081e-20
2.67783965628195e-21
0.76
0.1824
0.043776
0.01050624
0.0025214976
0.000605159424
0.00014523826176
3.48571828224e-05
8.365723877376e-06
2.00777373057024e-06
4.81865695336857e-07
1.15647766880846e-07
2.7755464051403e-08
6.66131137233672e-09
1.59871472936081e-09
3.83691535046595e-10
9.20859684111828e-11
2.21006324186839e-11
5.30415178048413e-12
1.27299642731619e-12
3.05519142555886e-13
7.33245942134126e-14
1.7597902611219e-14
4.22349662669256e-15
1.01363919040622e-15
2.43273405697492e-16
0.76
0.1824
0.043776
0.01050624
0.7625214976
0.183005159424
0.04392123826176
0.770541097182822
0.184929863323877
0.0443831671977306
0.0106519601274553
0.00255647043058928
0.000613552903341427
0.000147252696801943
3.53406472324662e-05
8.48175533579189e-06
2.03562128059005e-06
4.88549107341613e-07
1.17251785761987e-07
2.81404285828769e-08
0.760000006753703
0.942400001620889
0.226176000389013
0.0542822400933632
0.0130277376224072
0.00312665702937772
0.000750397687050653
0.760180095444892
0.182443222906774
0.0437863734976258
0.0105087296394302
0.00252209511346324
0.000605302827231179
0.000145272678535483
0.760034865442848
0.942408367706284
0.226178008249508
0.0542827219798819
0.0130278532751717
0.0031266847860412
0.000750404348649888
0.000180097043675973
4.32232904822335e-05
1.0373589715736e-05
2.48966153177665e-06
5.97518767626396e-07
1.43404504230335e-07
3.44170810152804e-08
0.7600000082601
0.182400001982424
0.0437760004757817
0.0105062401141876
0.00252149762740503
0.760605159430577
0.182545238263339
0.0438108571832012
0.0105146057239683
0.00252350537375239
0.760605641289701
0.182545353909528
0.803810884938287
0.192914612385189
0.806299506972445
0.193511881673387
0.0464428516016129
0.0111462843843871
0.0026751082522529
0.000642025980540696
0.000154086235329767
3.69806964791441e-05
8.87536715499458e-06
0.760002130088117
1.70240051122115
0.408576122693076
0.858058269446338
1.72593398466712
0.414224156320109
0.0994137975168262
0.0238593114040383
0.765726234736969
0.183774296336873
0.804105831120849
0.192985399469004
0.0463164958725609
0.771115959009415
0.18506783016226
0.0444162792389423
0.0106599070173461
0.00255837768416308
0.000614010644199138
0.000147362554607793
3.53670131058703e-05
8.48808314540888e-06
2.03713995489813e-06
4.88913589175552e-07
1.17339261402132e-07
2.81614227365118e-08
6.75874145676283e-09
1.62209794962308e-09
3.89303507909539e-10
0.760000000093433
0.182400000022424
0.0437760000053817
0.0105062400012916
0.76252149760031
0.183005159424074
0.0439212382617779
0.0105410971828267
0.0025298633238784
0.760607167197731
0.182545720127455
0.0438109728305893
0.0105146334793414
0.00252351203504194
0.000605642888410066
0.000145354293218416
3.48850303724198e-05
8.37240728938076e-06
2.00937774945138e-06
4.82250659868331e-07
0.760000115740158
0.182400027777638
0.0437760066666331
0.0105062415999919
0.00252149798399807
0.000605159516159536
0.000145238283878289
3.48571881307893e-05
8.36572515138943e-06
2.00777403633346e-06
4.81865768720031e-07
1.15647784492807e-07
2.77554682782738e-08
6.66131238678571e-09
1.59871497282857e-09
3.83691593478857e-10
9.20859824349256e-11
2.21006357843822e-11
0.760000000005304
0.182400000001273
0.0437760000003055
0.0105062400000733
0.0025214976000176
0.760605159424004
0.182545238261761
0.0438108571828226
0.0105146057238774
0.762523505373731
0.183005641289695
0.0439213539095269
0.770541124938286
0.944929869985189
0.226783168796445
0.0544279605111469
0.0130627105226752
0.00313505052544206
0.000752412126106094
0.000180578910265463
4.3338938463711e-05
1.04013452312906e-05
2.49632285550975e-06
5.99117485322341e-07
1.43788196477362e-07
0.760000034509167
0.9424000082822
0.226176001987728
0.0542822404770547
0.0130277377144931
0.00312665705147835
0.000750397692354804
0.000180095446165153
4.32229070796367e-05
1.03734976991128e-05
2.48963944778708e-06
5.97513467468898e-07
1.43403232192536e-07
3.44167757262085e-08
8.26002617429005e-09
1.98240628182961e-09
4.75777507639107e-10
1.14186601833386e-10
2.74047844400125e-11
6.57714826560301e-12
1.57851558374472e-12
3.78843740098733e-13
9.0922497623696e-14
2.1821399429687e-14
5.23713586312489e-15
1.25691260714997e-15
3.01659025715994e-16
7.23981661718385e-17
1.73755598812412e-17
4.1701343714979e-18
1.0008322491595e-18
2.40199739798279e-19
5.76479375515869e-20
1.38355050123809e-20
3.32052120297141e-21
0.76
0.1824
0.043776
0.01050624
0.0025214976
0.000605159424
0.00014523826176
3.48571828224e-05
8.365723877376e-06
2.00777373057024e-06
4.81865695336857e-07
1.15647766880846e-07
2.7755464051403e-08
6.66131137233672e-09
1.59871472936081e-09
3.83691535046595e-10
9.20859684111828e-11
0.760000000022101
0.182400000005304
0.803776000001273
0.192906240000306
0.0462974976000733
0.0111113994240176
0.00266673586176422
0.000640016606823414
0.000153603985637619
3.68649565530286e-05
8.84758957272687e-06
2.12342149745445e-06
5.09621159389068e-07
1.22309078253376e-07
0.760000029354179
0.182400007045003
0.0437760016908007
0.0105062404057922
0.00252149769739012
0.000605159447373629
0.000145238267369671
3.4857184168721e-05
8.36572420049304e-06
2.00777380811833e-06
4.81865713948399e-07
1.15647771347616e-07
2.77554651234278e-08
6.66131162962267e-09
1.59871479110944e-09
3.83691549866266e-10
0.760000000092086
0.182400000022101
0.0437760000053041
0.010506240001273
0.00252149760030552
0.000605159424073324
0.000145238261777598
3.48571828266235e-05
8.36572387838964e-06
2.00777373081351e-06
4.81865695395243e-07
1.15647766894858e-07
2.7755464054766e-08
6.66131137314384e-09
1.59871472955452e-09
3.83691535093085e-10
9.20859684223404e-11
0.760000000022101
0.182400000005304
0.043776000001273
0.0105062400003055
0.00252149760007332
0.000605159424017598
0.000145238261764224
3.48571828234136e-05
8.36572387761927e-06
2.00777373062863e-06
4.8186569535087e-07
1.15647766884209e-07
2.77554640522101e-08
6.66131137253043e-09
1.5987147294073e-09
3.83691535057753e-10
9.20859684138606e-11
2.21006324193265e-11
5.30415178063837e-12
1.27299642735321e-12
3.0551914256477e-13
7.33245942155448e-14
1.75979026117308e-14
4.22349662681538e-15
1.01363919043569e-15
2.43273405704566e-16
5.83856173690958e-17
1.4012548168583e-17
3.36301156045992e-18
0.76
0.1824
0.043776
0.01050624
0.0025214976
0.000605159424
0.00014523826176
3.48571828224e-05
8.365723877376e-06
2.00777373057024e-06
0.760000481865695
0.182400115647767
0.043776027755464
0.0105062466613114
0.00252149919871473
0.000605159807691535
0.000145238353845968
3.48572049230324e-05
8.36572918152778e-06
2.00777500356667e-06
4.81866000856e-07
0.76000011564784
0.182400027755482
0.0437760066613156
0.0105062415987157
0.00252149798369178
0.000605159516086027
0.000145238283860646
3.48571881265551e-05
8.36572515037323e-06
2.00777403608958e-06
4.81865768661498e-07
1.1564778447876e-07
2.77554682749023e-08
0.760000006661312
0.182400001598715
0.0437760003836916
0.010506240092086
0.762521497622101
0.183005159429304
0.043921238263033
0.0105410971831279
0.762529863323951
0.183007167197748
0.80392172012746
0.19294121283059
0.0463058910793417
0.011113413859042
0.76266721932617
0.183040132638281
0.803929631833187
0.952943111639965
0.228706346793592
0.054889523230462
0.773173485575311
0.185561636538075
0.804534792769138
0.193088350264593
0.806341204063502
0.193521888975241
0.0464452533540577
0.0111468608049739
0.00267524659319373
0.000642059182366494
0.000154094203767959
3.698260890431e-05
8.87582613703441e-06
2.13019827288826e-06
5.11247585493182e-07
1.22699420518364e-07
2.94478609244073e-08
7.06748662185775e-09
1.69619678924586e-09
4.07087229419006e-10
9.77009350605615e-11
0.760000000023448
0.182400000005628
0.0437760000013506
0.0105062400003241
0.762521497600078
0.183005159424019
0.0439212382617645
0.0105410971828235
0.00252986332387763
0.000607167197730632
0.000145720127455352
0.760034972830589
0.182408393479341
0.0437780144350419
0.0105067234644101
0.00252161363145842
0.00060518727155002
0.000145244945172005
0.760034858786841
0.182408366108842
0.0437780078661221
0.0105067218878693
0.00252161325308863
0.000605187180741271
0.000145244923377905
3.48587816106972e-05
8.36610758656733e-06
2.00786582077616e-06
0.760000481887797
0.182400115653071
0.803776027756737
0.192906246661617
0.046297499198788
0.0111113998077091
0.00266673595385019
0.000640016628924046
0.000153603990941771
3.6864957826025e-05
8.84758987824601e-06
2.12342157077904e-06
5.0962117698697e-07
0.760000122309083
0.18240002935418
0.0437760070450032
0.0105062416908008
0.00252149800579218
0.000605159521390124
0.760145238285134
0.942434857188432
0.226184365725224
0.0542842477740537
0.773028219465773
0.185526772671785
0.0445264254412285
0.770686342105895
0.944964722105415
0.9867915333053
0.996829967993272
0.999239192318385
0.239817406156412
0.057556177477539
1.53381348259461
0.368115235822706
0.0883476565974495
0.0212034375833879
0.00508882502001309
0.00122131800480314
0.000293116321152754
7.0347917076661e-05
1.68835000983986e-05
4.05204002361567e-06
9.72489605667761e-07
2.33397505360263e-07
5.6015401286463e-08
1.34436963087511e-08
3.22648711410027e-09
7.74356907384065e-10
1.85845657772176e-10
4.46029578653221e-11
1.07047098876773e-11
2.56913037304255e-12
6.16591289530213e-13
1.47981909487251e-13
3.55156582769403e-14
8.52375798646566e-15
2.04570191675176e-15
0.76
0.9424
0.226176
0.05428224
0.0130277376
0.003126657024
0.00075039768576
0.0001800954445824
4.3222906699776e-05
1.03734976079462e-05
2.4896394259071e-06
5.97513462217703e-07
1.43403230932249e-07
3.44167754237397e-08
0.760000008260026
0.182400001982406
0.0437760004757775
0.0105062401141866
0.00252149762740478
0.000605159430577148
0.000145238263338516
3.48571832012437e-05
8.3657239682985e-06
2.00777375239164e-06
0.760000481865701
0.182400115647768
0.0437760277554643
0.0105062466613114
0.00252149919871475
0.000605159807691539
0.000145238353845969
3.48572049230327e-05
8.36572918152784e-06
2.00777500356668e-06
4.81866000856003e-07
1.15647840205441e-07
2.77554816493058e-08
6.66131559583339e-09
1.59871574300001e-09
3.83691778320003e-10
9.20860267968008e-11
2.21006464312322e-11
5.30415514349572e-12
1.27299723443897e-12
0.760000000000306
0.182400000000073
0.0437760000000176
0.0105062400000042
0.00252149760000101
0.000605159424000243
0.000145238261760058
3.4857182822414e-05
8.36572387737936e-06
2.00777373057105e-06
4.81865695337051e-07
1.15647766880892e-07
2.77554640514141e-08
6.66131137233939e-09
1.59871472936145e-09
3.83691535046749e-10
9.20859684112198e-11
2.21006324186927e-11
5.30415178048626e-12
1.2729964273167e-12
3.05519142556009e-13
7.3324594213442e-14
1.75979026112261e-14
4.22349662669426e-15
1.01363919040662e-15
2.43273405697589e-16
5.83856173674215e-17
1.40125481681812e-17
3.36301156036348e-18
8.07122774487234e-19
1.93709465876936e-19
4.64902718104647e-20
1.11576652345115e-20
2.67783965628277e-21
6.42681517507864e-22
1.54243564201887e-22
3.7018455408453e-23
8.88442929802871e-24
2.13226303152689e-24
5.11743127566454e-25
1.22818350615949e-25
2.94764041478277e-26
7.07433699547865e-27
1.69784087891488e-27
4.0748181093957e-28
9.77956346254969e-29
2.34709523101192e-29
5.63302855442862e-30
1.35192685306287e-30
3.24462444735088e-31
7.78709867364212e-32
1.86890368167411e-32
4.48536883601786e-33
1.07648852064429e-33
2.58357244954629e-34
6.20057387891109e-35
1.48813773093866e-35
3.57153055425279e-36
8.57167333020669e-37
2.05720159924961e-37
4.93728383819905e-38
1.18494812116777e-38
2.84387549080265e-39
6.82530117792637e-40
1.63807228270233e-40
3.93137347848559e-41
9.43529634836541e-42
2.2644711236077e-42
5.43473069665848e-43
1.30433536719803e-43
3.13040488127528e-44
7.51297171506068e-45
1.80311321161456e-45
4.32747170787495e-46
1.03859320988999e-46
2.49262370373597e-47
5.98229688896633e-48
1.43575125335192e-48
3.44580300804461e-49
8.26992721930705e-50
1.98478253263369e-50
4.76347807832086e-51
1.14323473879701e-51
2.74376337311282e-52
6.58503209547076e-53
1.58040770291298e-53
3.79297848699116e-54
9.10314836877878e-55
2.18475560850691e-55
5.24341346041658e-56
1.25841923049998e-56
3.02020615319995e-57
7.24849476767987e-58
1.73963874424317e-58
4.17513298618361e-59
1.00203191668407e-59
2.40487660004176e-60
5.77170384010022e-61
1.38520892162405e-61
3.32450141189773e-62
7.97880338855454e-63
0.76
0.1824
0.043776
0.01050624
0.0025214976
0.000605159424
0.00014523826176
3.48571828224e-05
8.365723877376e-06
0.760002007773731
0.182400481865695
0.0437761156477669
0.0105062677554641
0.00252150426131137
0.760605161022715
0.182545238645452
0.0438108572749084
0.010514605745978
0.00252350537903472
0.000605641290968333
0.0001453539098324
3.4884938359776e-05
0.760008372385206
0.18240200937245
0.0437764822493879
0.0105063557398531
0.762521525377565
0.943005166090616
0.226321239861748
0.0543170975668195
0.0130361034160367
0.0031286648198488
0.000750879556763712
0.760180211093623
0.18244325066247
0.0437863801589927
0.0105087312381582
0.00252209549715798
0.760605302919318
0.182545272700636
0.0438108654481527
0.0105146077075567
0.0025235058498136
0.000605641403955263
0.000145353936949263
3.48849448678231e-05
8.37238676827755e-06
2.00937282438661e-06
4.82249477852787e-07
1.15739874684669e-07
2.77775699243205e-08
6.66661678183693e-09
1.59998802764086e-09
3.83997126633807e-10
9.21593103921137e-11
2.21182344941073e-11
5.30837627858575e-12
1.27401030686058e-12
3.05762473646539e-13
1.52000000000007
0.364800000000018
0.847552000000004
0.203412480000001
0.0488189952000002
0.0117165588480001
0.00281197412352001
0.000674873789644803
0.000161969709514753
3.88727302835407e-05
0.760009329455268
0.182402239069264
0.0437765373766234
0.0105063689703896
0.00252152855289351
0.000605166852694442
0.760145240044647
0.182434857610715
0.0437843658265717
0.0105082477983772
0.00252197947161053
0.000605275073186526
0.000145266017564766
3.48638442155439e-05
8.36732261173054e-06
0.760002008157427
0.182400481957782
0.0437761156698678
0.770506267760768
0.184921504262584
0.0443811610230202
0.0106514786455249
0.762556354874926
0.183013525169982
0.0439232460407957
0.010541579049791
0.76252997897195
0.183007194953268
0.0439217267887843
0.0105412144293082
0.00252989146303398
0.760607173951128
0.182545721748271
0.043810973219585
0.0105146335727004
0.762523512057448
0.183005642893788
0.803921354294509
0.192941125030682
0.0463058700073637
0.0111134088017673
0.00266721811242415
0.000640132346981796
0.000153631763275631
0.760036871623186
0.942408849189565
0.226178123805496
0.0542827497133189
0.0130278599311965
0.00312668638348717
0.000750404732036921
0.000180097135688861
4.32233125653266e-05
0.760010373595016
0.942402489662804
0.226176597519073
0.0542823834045775
0.0130277720170986
0.00312666528410366
0.000750399668184879
0.760180095920364
0.182443223020887
0.043786373525013
0.0105087296460031
0.00252209511504075
0.000605302827609779
0.000145272678626347
3.48654428703233e-05
8.36770628887759e-06
0.760002008249509
0.182400481979882
0.0437761156751717
0.0105062677620412
0.00252150426288989
0.000605161023093574
0.000145238645542458
3.48572749301899e-05
8.36574598324557e-06
2.00777903597894e-06
0.760000481866969
0.182400115648072
0.0437760277555374
0.010506246661329
0.00252149919871895
0.000605159807692549
0.000145238353846212
3.48572049230908e-05
0.760008365729182
0.182402007775004
0.0437764818660009
0.0105063556478402
0.00252152535548165
0.000605166085315596
0.000145239860475743
0.760034857566514
0.182408365815963
0.0437780077958312
0.0105067218709995
0.00252161324903988
0.000605187179769571
0.000145244923144697
3.48587815547273e-05
8.36610757313454e-06
2.00786581755229e-06
4.8188779621255e-07
0.760000115653071
0.182400027756737
0.0437760066616169
0.0105062415987881
0.00252149798370913
0.000605159516090192
0.000145238283861646
3.4857188126795e-05
8.36572515043081e-06
2.00777403610339e-06
4.81865768664815e-07
1.15647784479556e-07
2.77554682750933e-08
6.6613123860224e-09
1.59871497264537e-09
3.8369159343489e-10
9.20859824243736e-11
2.21006357818497e-11
5.30415258764392e-12
0.760000000001273
0.182400000000306
0.0437760000000733
0.0105062400000176
0.00252149760000422
0.000605159424001013
0.000145238261760243
0.760034857182822
0.182408365723877
0.0437780077737306
0.0105067218656953
0.00252161324776688
0.760605187179464
0.182545244923071
0.0438108587815371
0.0105146061075689
0.00252350546581654
0.000605641311795969
0.000145353914831033
3.48849395594478e-05
8.37238549426748e-06
2.00937251862419e-06
4.82249404469807e-07
1.15739857072754e-07
2.77775656974609e-08
6.66661576739061e-09
1.59998778417375e-09
3.83997068201699e-10
9.21592963684077e-11
2.21182311284179e-11
5.30837547082029e-12
1.27401011299687e-12
3.05762427119248e-13
7.33829825086196e-14
1.76119158020687e-14
4.22685979249649e-15
1.01444635019916e-15
2.43467124047798e-16
5.84321097714715e-17
1.40237063451532e-17
3.36568952283676e-18
8.07765485480821e-19
1.93863716515397e-19
4.65272919636953e-20
1.11665500712869e-20
2.67997201710885e-21
6.43193284106124e-22
1.5436638818547e-22
3.70479331645127e-23
8.89150395948305e-24
2.13396095027593e-24
5.12150628066224e-25
1.22916150735894e-25
2.94998761766145e-26
7.07997028238748e-27
1.69919286777299e-27
4.07806288265519e-28
9.78735091837245e-29
2.34896422040939e-29
5.63751412898253e-30
1.35300339095581e-30
3.24720813829394e-31
7.79329953190545e-32
1.87039188765731e-32
4.48894053037754e-33
1.07734572729061e-33
2.58562974549746e-34
6.20551138919391e-35
1.48932273340654e-35
3.57437456017569e-36
8.57849894442165e-37
2.0588397466612e-37
4.94121539198687e-38
1.18589169407685e-38
2.84614006578444e-39
6.83073615788265e-40
1.63937667789184e-40
3.93450402694041e-41
9.44280966465697e-42
2.26627431951767e-42
5.43905836684242e-43
1.30537400804218e-43
0.76
0.1824
0.043776
0.01050624
0.0025214976
0.000605159424
0.76014523826176
0.182434857182822
0.0437843657238774
0.0105082477737306
0.00252197946569534
0.000605275071766881
0.000145266017224051
3.48638441337723e-05
8.36732259210536e-06
2.00815742210529e-06
4.81957781305269e-07
0.760000115669867
0.942400027760768
0.986176006662584
0.23668224159902
0.0568037379837649
0.0136328971161036
0.00327189530786486
0.000785254873887565
0.000188461169733016
4.52306807359238e-05
0.760010855363377
0.18240260528721
0.0437766252689305
0.0105063900645433
0.0025215336154904
1.52060516806772
0.364945240336252
0.847586857680701
1.72342084584337
1.17362100300241
1.80166904072058
2.71240056977294
2.17097613674551
2.04103427281892
1.24984822547654
0.29996357411437
0.0719912577874488
0.0172779018689877
0.00414669644855705
0.000995207147653691
0.000238849715436886
5.73239317048526e-05
1.37577436091646e-05
3.30185846619951e-06
7.92446031887883e-07
1.90187047653092e-07
4.5644891436742e-08
1.09547739448181e-08
2.62914574675634e-09
1.520000000631
1.12480000015144
1.02995200003635
0.247188480008723
0.0593252352020935
0.774238056448502
0.945817133547641
1.74699611205143
1.93927906689234
1.98542697605416
0.476502474252999
1.63436059382072
1.15224654251697
0.276539170204073
1.58636940084898
1.90072865620375
0.456174877488901
0.109481970597336
0.786275672943361
0.188706161506407
0.0452894787615376
0.770869474902769
0.185008673976665
0.0444020817543995
0.0106564996210559
0.00255755990905341
0.000613814378172819
0.000147315450761476
3.53557081827543e-05
8.48536996386104e-06
2.03648879132665e-06
0.76000048875731
0.182400117301754
0.803776028152421
0.952906246756581
0.988697499221579
0.237287399813179
0.056948975955163
0.773667754229239
0.185680261015017
0.0445632626436042
0.010695183034465
0.0025668439282716
0.000616042542785184
0.000147850210268444
3.54840504644266e-05
0.760008516172112
0.182402043881307
0.803776490531514
0.192906357727563
0.0462975258546152
0.0111114062051076
0.762666737489226
0.943040016997414
0.226329604079379
0.0543191049790511
0.0130365851949723
0.00312878044679334
0.000750907307230402
0.000180217753735296
0.760043252260897
0.182410380542615
0.0437784913302276
0.0105068379192546
0.00252164110062111
0.000605193864149067
0.760145246527396
0.182434859166575
0.043784366199978
0.0105082478879947
0.00252197949311873
0.000605275078348496
0.000145266018803639
3.48638445128734e-05
8.3673226830896e-06
2.00815744394151e-06
4.81957786545961e-07
1.15669868771031e-07
2.77607685050474e-08
6.66258444121137e-09
1.59902026589073e-09
3.83764863813775e-10
9.21035673153059e-11
0.760000000022105
0.182400000005305
0.0437760000012732
0.0105062400003056
0.762521497600073
1.70300515942402
0.408721238261764
0.858093097182823
1.72594234332388
0.414226162397731
0.0994142789754554
0.0238594269541093
0.00572626246898623
0.00137430299255669
0.000329832718213607
7.91598523712656e-05
1.89983645691037e-05
4.5596074965849e-06
1.09430579918038e-06
2.6263339180329e-07
6.30320140327896e-08
1.51276833678695e-08
3.63064400828868e-09
8.71354561989283e-10
2.09125094877428e-10
5.01900227705827e-11
1.20456054649399e-11
2.89094531158556e-12
6.93826874780536e-13
1.66518449947329e-13
3.99644279873588e-14
9.59146271696612e-15
2.30195105207187e-15
5.52468252497249e-16
1.3259238059934e-16
3.18221713438415e-17
7.63732112252196e-18
1.83295706940527e-18
4.39909696657265e-19
1.05578327197744e-19
2.53387985274585e-20
6.08131164659003e-21
1.45951479518161e-21
3.50283550843586e-22
8.40680522024606e-23
2.01763325285905e-23
4.84231980686173e-24
0.76
0.1824
0.043776
0.01050624
0.0025214976
0.000605159424
0.00014523826176
0.760034857182822
0.182408365723877
0.0437780077737306
0.0105067218656953
0.00252161324776688
0.000605187179464051
0.000145244923071372
3.48587815371293e-05
8.36610756891104e-06
2.00786581653865e-06
4.81887795969276e-07
1.15653071032626e-07
2.77567370478303e-08
6.66161689147927e-09
1.59878805395503e-09
3.83709132949206e-10
9.20901919078095e-11
2.21016460578743e-11
5.30439505388982e-12
1.27305481293356e-12
3.05533155104054e-13
7.33279572249729e-14
1.75987097339935e-14
4.22369033615844e-15
1.01368568067803e-15
2.43284563362726e-16
5.83882952070543e-17
1.4013190849693e-17
3.36316580392632e-18
8.07159792942318e-19
0.76
0.1824
0.043776
0.01050624
0.0025214976
0.000605159424
0.00014523826176
3.48571828224e-05
8.365723877376e-06
2.00777373057024e-06
4.81865695336857e-07
1.15647766880846e-07
0.760000027755464
0.182400006661311
0.0437760015987147
0.0105062403836915
0.00252149769208597
0.000605159446100632
0.760145238267064
0.182434857184095
0.0437843657241829
0.0105082477738039
0.00252197946571293
0.000605275071771104
0.000145266017225065
3.48638441340156e-05
8.36732259216374e-06
2.0081574221193e-06
4.81957781308632e-07
1.15669867514072e-07
2.77607682033772e-08
6.66258436881052e-09
1.59902024851453e-09
3.83764859643486e-10
9.21035663144367e-11
2.21048559154648e-11
5.30516541971155e-12
1.27323970073077e-12
3.05577528175385e-13
7.33386067620925e-14
1.76012656229022e-14
4.22430374949653e-15
1.01383289987917e-15
2.43319895971e-16
5.839677503304e-17
1.40152260079296e-17
3.3636542419031e-18
0.76
0.1824
0.043776
0.01050624
0.0025214976
0.000605159424
0.00014523826176
3.48571828224e-05
8.365723877376e-06
2.00777373057024e-06
4.81865695336857e-07
1.15647766880846e-07
2.7755464051403e-08
6.66131137233672e-09
1.59871472936081e-09
3.83691535046595e-10
0.760000000092086
0.182400000022101
0.0437760000053041
0.010506240001273
0.00252149760030552
0.000605159424073324
0.000145238261777598
3.48571828266235e-05
8.36572387838964e-06
2.00777373081351e-06
4.81865695395243e-07
1.15647766894858e-07
2.7755464054766e-08
0.760000006661311
0.182400001598715
0.0437760003836915
0.010506240092086
0.00252149762210063
0.000605159429304152
0.000145238263032996
0.760034857183128
0.182408365723951
0.0437780077737482
0.0105067218656996
0.00252161324776789
0.000605187179464295
0.000145244923071431
3.48587815371434e-05
8.36610756891441e-06
2.00786581653946e-06
4.8188779596947e-07
1.15653071032673e-07
2.77567370478415e-08
6.66161689148195e-09
1.59878805395567e-09
3.8370913294936e-10
0.76000000009209
0.182400000022102
0.0437760000053044
0.0105062400012731
0.00252149760030553
0.000605159424073328
0.000145238261777599
0.760034857182827
1.70240836572388
0.408578007773731
0.0980587218656954
0.0235340932477669
0.765648182379464
0.183755563771071
0.0441013353050571
0.770584320473214
0.944940236913571
0.226785656859257
0.814428557646222
0.195462853835093
0.0469110849204224
0.0112586603809014
0.00270207849141633
1.52064849883794
0.364955639721106
0.0875893535330653
0.0210214448479357
0.00504514676350456
0.0012108352232411
0.000290600453577863
6.97441088586871e-05
1.67385861260849e-05
4.01726067026037e-06
9.6414256086249e-07
2.31394214606997e-07
5.55346115056794e-08
1.33283067613631e-08
3.19879362272713e-09
7.67710469454512e-10
1.84250512669083e-10
4.42201230405799e-11
1.06128295297392e-11
2.5470790871374e-12
6.11298980912976e-13
1.46711755419114e-13
3.52108213005874e-14
0.760000000000008
0.182400000000002
0.0437760000000005
0.0105062400000001
0.00252149760000003
0.000605159424000007
0.000145238261760002
3.48571828224004e-05
8.36572387737609e-06
0.760002007773731
0.182400481865695
0.803776115647767
0.192906267755464
0.0462975042613114
0.0111114010227147
0.00266673624545153
0.000640016698908368
0.000153604007738008
3.6864961857122e-05
8.84759084570928e-06
2.12342180297023e-06
5.09621232712855e-07
1.22309095851085e-07
2.93541830042604e-08
7.0450039210225e-09
0.760000001690801
0.182400000405792
0.0437760000973901
0.0105062400233736
0.76252149760561
0.183005159425346
0.0439212382620831
0.0105410971828999
0.00252986332389599
0.000607167197735037
0.000145720127456409
0.76003497283059
0.182408393479341
0.043778014435042
0.0105067234644101
0.00252161363145842
0.00060518727155002
0.000145244945172005
3.48587868412811e-05
8.36610884190747e-06
0.760002007866122
0.942400481887869
0.226176115653089
0.0542822677567413
0.773027744261618
0.185526658622788
0.0445263980694692
0.0106863355366726
0.00256472052880143
0.000615532926912342
0.000147727902458962
3.54546965901509e-05
8.50912718163622e-06
2.04219052359269e-06
0.760000490125726
0.182400117630174
0.0437760282312418
0.010506246775498
0.00252149922611953
0.760605159814269
0.182545238355424
0.0438108572053019
0.0105146057292724
0.00252350537502539
0.000605641290006093
0.760145353909601
0.942434884938304
0.226184372385193
0.814284249372446
0.195428219849387
0.0469027727638529
0.0112566654633247
0.00270159971119793
0.000648383930687503
0.000155612143365001
3.73469144076001e-05
8.96325945782403e-06
2.15118226987777e-06
5.16283744770664e-07
1.23908098744959e-07
2.97379436987903e-08
7.13710648770966e-09
1.71290555705032e-09
4.11097333692077e-10
9.86633600860984e-11
2.36792064206636e-11
5.68300954095926e-12
1.36392228983022e-12
3.27341349559254e-13
7.85619238942209e-14
1.8854861734613e-14
4.52516681630712e-15
0.760000000000001
0.1824
0.0437760000000001
0.01050624
0.0025214976
0.000605159424000001
0.00014523826176
3.48571828224e-05
8.36572387737601e-06
2.00777373057024e-06
4.81865695336858e-07
1.15647766880846e-07
2.7755464051403e-08
6.66131137233673e-09
1.59871472936081e-09
3.83691535046595e-10
9.20859684111829e-11
2.21006324186839e-11
5.30415178048414e-12
1.27299642731619e-12
3.05519142555886e-13
7.33245942134127e-14
1.7597902611219e-14
4.22349662669257e-15
1.01363919040622e-15
0.76
0.1824
0.043776
0.01050624
0.0025214976
0.000605159424
0.00014523826176
3.48571828224e-05
8.365723877376e-06
2.00777373057024e-06
4.81865695336858e-07
1.15647766880846e-07
2.7755464051403e-08
6.66131137233672e-09
1.59871472936081e-09
3.83691535046595e-10
9.20859684111828e-11
2.21006324186839e-11
5.30415178048413e-12
1.27299642731619e-12
3.05519142555886e-13
7.33245942134126e-14
1.7597902611219e-14
4.22349662669256e-15
1.01363919040622e-15
2.43273405697492e-16
5.8385617367398e-17
1.40125481681755e-17
0.76
0.1824
0.043776
0.01050624
0.0025214976
0.000605159424
0.00014523826176
3.48571828224e-05
8.365723877376e-06
2.00777373057024e-06
0.760000481865695
0.942400115647767
0.226176027755464
0.0542822466613114
0.0130277391987147
0.00312665740769153
0.000750397777845968
0.000180095466683032
4.32229120039278e-05
1.03734988809427e-05
2.48963973142624e-06
5.97513535542297e-07
1.43403248530151e-07
3.44167796472363e-08
8.26002711533672e-09
1.98240650768081e-09
4.75777561843395e-10
1.14186614842415e-10
2.74047875621795e-11
6.57714901492309e-12
1.57851576358154e-12
3.7884378325957e-13
9.09225079822968e-14
2.18214019157512e-14
5.23713645978029e-15
1.25691275034727e-15
3.01659060083345e-16
7.23981744200028e-17
1.73755618608007e-17
4.17013484659216e-18
1.00083236318212e-18
2.40199767163708e-19
5.764794411929e-20
1.38355065886296e-20
3.32052158127111e-21
7.96925179505065e-22
1.91262043081216e-22
0.76
0.1824
0.043776
0.77050624
0.1849214976
0.044381159424
0.01065147826176
0.0025563547828224
0.000613525147877376
0.760147246035491
0.182435339048518
0.0437844813716443
0.0105082755291946
0.00252198612700671
0.00060527667048161
0.000145266400915586
0.76003486393622
0.942408367344693
0.226178008162726
0.0542827219590543
0.013027853270173
0.763126684784842
0.183150404348362
0.0439560970436069
0.0105494632904656
0.00253187118971176
0.760607649085531
0.182545835780527
0.0438110005873266
0.770514640140958
0.18492351363383
0.0443816432721192
0.0106515943853086
0.00255638265247407
1.52061353183659
1.88494724764078
1.21238733943379
0.290972961464109
0.0698335107513862
0.0167600425803327
0.00402241021927984
0.000965378452627162
0.000231690828630519
0.760055605798871
0.182413345391729
0.803779202894015
0.192907008694564
0.0462976820866953
0.0111114437008069
0.00266674648819365
0.000640019157166475
0.76015360459772
0.182436865103453
0.0437848476248287
0.0105083634299589
0.76252200722319
0.943005281733566
0.226321267616056
0.814317104227853
0.955436105014685
0.229304665203524
0.0550331196488458
0.013207948715723
0.00316990769177352
0.000760777846025645
0.000182586683046155
0.760043820803931
0.942410516992943
0.986178524078306
0.996682845778794
2.51920388298691
0.604608931916859
0.905106143660046
0.217225474478411
0.0521341138748186
0.0125121873299565
0.00300292495918955
0.000720701990205493
0.000172968477649318
0.760041512434636
0.182409962984313
0.043778391116235
0.770506813867896
0.184921635328295
0.804381192478791
0.95305148619491
0.988732356686778
0.997295765604827
0.239350983745158
0.057444236098838
1.53378661666372
0.368108787999293
0.0883461091198303
0.0212030661887593
0.765088735885302
0.183621296612473
0.0440691111869934
0.0105765866848784
0.00253838080437082
0.000609211393048997
0.000146210734331759
3.50905762396222e-05
8.42173829750933e-06
0.760002021217191
0.182400485092126
0.0437761164221102
0.0105062679413065
0.00252150430591355
0.000605161033419252
0.00014523864802062
3.48572755249489e-05
0.760008365746126
0.18240200777907
0.0437764818669769
0.770506355648074
0.184921525355538
0.0443811660853291
0.010651479860479
0.00255635516651496
0.000613525239963589
0.000147246057591261
3.53390538219027e-05
8.48137291725666e-06
0.7600020355295
0.18240048852708
0.0437761172464992
0.0105062681391598
0.00252150435339835
0.000605161044815605
0.760145238650756
0.182434857276181
0.0437843657462835
0.010508247779108
0.00252197946698593
0.000605275072076623
0.00014526601729839
0.760034863844152
0.942408367322596
0.226178008157423
0.0542827219577815
0.0130278532698676
1.52312668478477
0.365550404348344
0.0877320970436026
0.0210557032904646
0.00505336878971151
0.00121280850953076
0.000291074042287383
0.760069857770149
1.70241676586484
0.408580023807561
0.0980592057138145
0.783534209371315
0.188048210249116
0.0451315704597878
0.0108315769103491
0.00259957845848378
0.760623898830036
0.182549735719209
0.0438119365726101
0.0105148647774264
0.00252356754658234
0.000605656211179762
0.000145357490683143
0.760034885797764
0.182408372591463
0.803778009421951
0.192906722261268
0.0462976133427044
0.0111114272022491
0.00266674252853977
0.000640018206849545
0.000153604369643891
0.760036865048715
0.182408847611691
0.043778123426806
0.0105067496224334
0.00252161990938402
0.000605188778252165
0.00014524530678052
3.48588736273247e-05
8.36612967055793e-06
2.0078711209339e-06
4.81889069024137e-07
1.15653376565793e-07
2.77568103757903e-08
0.760000006661634
0.182400001598792
0.0437760003837101
0.0105062400920904
0.0025214976221017
0.000605159429304409
0.000145238263033058
3.4857183127934e-05
8.36572395070415e-06
2.007773748169e-06
4.81865699560559e-07
1.15647767894534e-07
2.77554642946882e-08
6.66131143072517e-09
1.59871474337404e-09
3.83691538409769e-10
9.20859692183447e-11
2.21006326124027e-11
5.30415182697665e-12
1.2729964384744e-12
3.05519145233855e-13
7.33245948561252e-14
1.75979027654701e-14
4.22349666371281e-15
1.01363919929108e-15
2.43273407829858e-16
5.83856178791659e-17
1.40125482909998e-17
3.36301158983996e-18
0.76
0.1824
0.043776
0.01050624
0.0025214976
0.000605159424
0.00014523826176
3.48571828224e-05
8.365723877376e-06
2.00777373057024e-06
4.81865695336857e-07
1.15647766880846e-07
2.7755464051403e-08
6.66131137233672e-09
1.59871472936081e-09
3.83691535046595e-10
9.20859684111828e-11
2.21006324186839e-11
5.30415178048413e-12
1.27299642731619e-12
3.05519142555886e-13
7.33245942134126e-14
1.7597902611219e-14
4.22349662669256e-15
1.01363919040622e-15
2.43273405697492e-16
5.8385617367398e-17
1.40125481681755e-17
3.36301156036212e-18
8.0712277448691e-19
1.93709465876858e-19
4.6490271810446e-20
1.1157665234507e-20
2.67783965628169e-21
6.42681517507605e-22
0.76
0.1824
0.043776
0.01050624
0.0025214976
0.000605159424
0.00014523826176
3.48571828224e-05
8.365723877376e-06
2.00777373057024e-06
4.81865695336857e-07
1.15647766880846e-07
2.7755464051403e-08
6.66131137233672e-09
1.59871472936081e-09
3.83691535046595e-10
9.20859684111828e-11
2.21006324186839e-11
5.30415178048413e-12
1.27299642731619e-12
3.05519142555886e-13
7.33245942134126e-14
1.7597902611219e-14
4.22349662669256e-15
1.01363919040622e-15
2.43273405697492e-16
5.8385617367398e-17
1.40125481681755e-17
3.36301156036212e-18
8.0712277448691e-19
1.93709465876858e-19
4.6490271810446e-20
1.1157665234507e-20
2.67783965628169e-21
6.42681517507605e-22
1.54243564201825e-22
3.70184554084381e-23
8.88442929802514e-24
2.13226303152603e-24
5.11743127566248e-25
1.22818350615899e-25
2.94764041478159e-26
7.07433699547581e-27
1.69784087891419e-27
0.76
0.1824
0.043776
0.01050624
0.0025214976
0.000605159424
0.76014523826176
0.182434857182822
0.0437843657238774
0.0105082477737306
0.00252197946569534
0.000605275071766881
0.000145266017224051
0.760034863844134
0.182408367322592
0.0437780081574221
0.0105067219577813
0.762521613269868
0.183005187184768
0.0439212449243444
0.0105410987818426
0.00252986370764224
0.000607167289834136
0.000145720149560193
3.49728358944463e-05
8.3934806146671e-06
2.0144353475201e-06
4.83464483404825e-07
1.16031476017158e-07
2.78475542441179e-08
6.6834130185883e-09
0.760000001604019
0.942400000384965
0.226176000092391
0.814282240022174
0.195427737605322
0.0469026570252772
1.53125663768607
0.367501593044656
0.848200382330717
0.203568091759372
0.808856342022249
0.19412552208534
0.0465901253004816
0.0111816300721156
0.00268359121730774
0.760644061892154
0.942554574854117
0.226213097964988
0.0542911435115971
0.773029874442783
0.185527169866268
0.0445265207679043
0.010686364984297
0.762564727596231
0.943015534623096
0.226323728309543
0.81431769479429
0.19543624675063
0.806904699220151
0.193657127812836
0.0464777106750807
0.0111546505620194
0.00267711613488465
0.000642507872372316
0.000154201889369356
3.70084534486454e-05
8.88202882767489e-06
2.13168691864197e-06
5.11604860474073e-07
1.22785166513778e-07
0.76000002946844
0.182400007072426
0.0437760016973821
0.770506240407372
0.184921497697769
0.0443811594474646
0.0106514782673915
0.00255635478417396
0.000613525148201751
0.00014724603556842
3.53390485364208e-05
8.481371648741e-06
0.760002035529196
0.942400488527007
0.226176117246482
0.0542822681391556
0.0130277443533973
0.00312665864481536
0.000750398074755687
0.000180095537941365
0.760043222929106
0.942410373502985
0.226178489640716
0.054282837513772
0.0130278810033053
0.00312669144079326
0.000750405945790383
0.000180097426989692
4.32233824775261e-05
1.03736117946063e-05
2.4896668307055e-06
5.97520039369321e-07
1.43404809448637e-07
3.44171542676729e-08
8.26011702424148e-09
1.98242808581796e-09
4.75782740596309e-10
1.14187857743114e-10
2.74050858583474e-11
6.57722060600338e-12
1.57853294544081e-12
3.78847906905795e-13
9.09234976573907e-14
2.18216394377738e-14
5.2371934650657e-15
0.760000000000001
0.1824
2.323776
1.31770624
0.3162494976
1.595899879424
0.38301597106176
0.0919238330548224
0.0220617199331574
0.765294812783958
0.94367075506815
0.226480981216356
0.0543554354919254
0.0130453045180621
0.0031308730843349
0.000751409540240377
0.000180338289657691
4.32811895178457e-05
1.0387485484283e-05
2.49299651622791e-06
5.98319163894699e-07
1.43596599334728e-07
3.44631838403347e-08
8.27116412168032e-09
1.98507938920328e-09
4.76419053408786e-10
1.14340572818109e-10
0.760000000027442
0.182400000006586
0.0437760000015806
0.0105062400003794
0.762521497600091
0.943005159424022
0.226321238261765
0.0543170971828237
0.0130361033238777
0.763128664797731
0.183150879551455
0.0439562110923493
0.770549490662164
0.184931877758919
0.0443836506621406
0.0106520761589138
0.0025564982781393
0.760613559586753
0.182547254300821
0.043811341032197
0.0105147218477273
0.00252353324345455
0.000605647978429091
0.000145355514822982
3.48853235575156e-05
8.37247765380375e-06
2.0093946369129e-06
4.82254712859096e-07
1.15741131086183e-07
2.77778714606839e-08
6.66668915056415e-09
1.60000539613539e-09
3.84001295072495e-10
9.21603108173987e-11
2.21184745961757e-11
5.30843390308217e-12
1.27402413673972e-12
3.05765792817533e-13
7.33837902762079e-14
1.76121096662899e-14
0.760000000000004
0.182400000000001
0.0437760000000002
0.0105062400000001
0.7625214976
0.183005159424
0.04392123826176
0.770541097182822
0.944929863323877
0.226783167197731
0.0544279601274553
0.0130627104305893
0.00313505050334143
0.000752412120801942
0.000180578908992466
4.33389381581919e-05
1.04013451579661e-05
2.49632283791185e-06
5.99117481098845e-07
1.43788195463723e-07
3.45091669112934e-08
8.28220005871042e-09
1.9877280140905e-09
4.7705472338172e-10
1.14493133611613e-10
2.74783520667871e-11
6.5948044960289e-12
1.58275307904694e-12
3.79860738971265e-13
9.11665773531035e-14
2.18799785647448e-14
5.25119485553876e-15
1.2602867653293e-15
3.02468823679033e-16
7.25925176829678e-17
1.74222042439123e-17
4.18132901853895e-18
1.00351896444935e-18
2.40844551467843e-19
5.78026923522824e-20
1.38726461645478e-20
3.32943507949147e-21
7.99064419077952e-22
1.91775460578708e-22
4.602611053889e-23
1.10462665293336e-23
2.65110396704007e-24
6.36264952089616e-25
1.52703588501508e-25
3.66488612403619e-26
8.79572669768685e-27
2.11097440744484e-27
5.06633857786762e-28
1.21592125868823e-28
2.91821102085175e-29
7.0037064500442e-30
0.76
0.1824
0.043776
0.01050624
0.0025214976
0.000605159424
0.00014523826176
3.48571828224e-05
8.365723877376e-06
2.00777373057024e-06
4.81865695336857e-07
1.15647766880846e-07
2.7755464051403e-08
6.66131137233672e-09
1.59871472936081e-09
3.83691535046595e-10
9.20859684111828e-11
2.21006324186839e-11
5.30415178048413e-12
1.27299642731619e-12
3.05519142555886e-13
7.33245942134126e-14
1.7597902611219e-14
4.22349662669256e-15
1.01363919040622e-15
2.43273405697492e-16
5.8385617367398e-17
1.40125481681755e-17
3.36301156036212e-18
8.0712277448691e-19
1.93709465876858e-19
0.76
0.1824
0.043776
0.01050624
0.0025214976
0.000605159424
0.00014523826176
3.48571828224e-05
8.365723877376e-06
2.00777373057024e-06
4.81865695336857e-07
1.15647766880846e-07
2.7755464051403e-08
6.66131137233672e-09
1.59871472936081e-09
0.760000000383692
0.182400000092086
0.803776000022101
0.192906240005304
0.046297497601273
0.771111399424306
0.185066735861833
0.04441601660684
0.0106598439856416
0.00255836255655398
0.000614007013572956
0.000147361683257509
0.760035366803982
0.942408488032956
0.226178037127909
0.0542827289106982
0.773027854938568
0.945526685185256
0.226926404444461
0.0544623370666708
0.013070960896001
0.00313703061504024
0.000752887347609656
0.000180692963426318
0.760043366311222
0.182410407914693
0.0437784978995264
0.0105068394958863
0.762521641479013
0.183005193954963
0.0439212465491911
0.0105410991718059
0.00252986380123341
0.000607167312296018
0.000145720154951044
3.49728371882506e-05
0.760008393480925
0.182402014435422
0.803776483464501
0.19290635603148
0.0462975254475553
0.0111114061074133
0.00266673746577918
0.000640016991787004
0.000153604078028881
3.68649787269314e-05
0.760008847594895
0.942402123422775
0.986176509621466
0.996682362309152
0.239203766954196
0.0574089040690071
0.773778136976562
0.945706752874375
0.22696962068985
0.814472708965564
0.195473450151735
0.0469136280364165
0.77125927072874
0.185102224974898
0.0444245339939754
0.770661888158554
0.184958853158053
0.0443901247579327
0.0106536299419039
0.00255687118605692
0.000613649084653662
2.28014727578032
0.547235346187276
0.131336483084946
0.0315207559403871
0.0075649814256929
0.0018155955421663
0.76043574293012
0.182504578303229
0.803801098792775
0.192912263710266
0.0462989432904638
0.0111117463897113
0.00266681913353072
0.000640036592047372
1.52015360878209
0.364836866107702
0.0875608478658485
0.781014603487804
0.187443504837073
0.0449864411608975
0.0107967458786154
0.00259121901086769
0.000621892562608247
0.000149254215025979
3.5821011606235e-05
8.5970427854964e-06
2.06329026851914e-06
4.95189664444593e-07
1.18845519466702e-07
2.85229246720085e-08
6.84550192128205e-09
1.64292046110769e-09
0.760000000394301
0.942400000094632
1.74617600002271
1.93908224000545
2.74537973760131
2.93889113702431
2.22533387288584
2.0540801294926
1.25297923107822
1.82071501545877
1.95697160371011
1.22967318489043
1.8151215643737
2.71562917544969
2.17175100210793
2.0412202405059
0.489892857721417
0.87757428585314
0.210617828604754
0.0505482788651409
0.0121315869276338
0.762911580862632
0.183098779407032
0.0439437070576876
0.010546489693845
0.00253115752652281
0.000607477806365473
0.000145794673527714
0.760034990721647
0.182408397773195
0.0437780154655668
0.010506723711736
0.00252161369081665
0.000605187285795996
0.000145244948591039
3.48587876618494e-05
8.36610903884385e-06
2.00786616932252e-06
4.81887880637406e-07
1.15653091352977e-07
2.77567419247146e-08
6.6616180619315e-09
1.59878833486356e-09
3.83709200367254e-10
0.76000000009209
0.182400000022102
0.0437760000053044
0.0105062400012731
0.00252149760030553
0.000605159424073328
0.000145238261777599
3.48571828266237e-05
8.36572387838968e-06
2.00777373081352e-06
4.81865695395246e-07
0.760000115647767
0.942400027755464
0.226176006661311
0.0542822415987147
0.0130277379836915
0.00312665711608597
0.000750397707860632
0.000180095449886552
4.32229079727724e-05
1.03734979134654e-05
2.48963949923169e-06
0.76000059751348
0.182400143403235
0.0437760344167764
0.0105062482600263
0.762521499582406
0.183005159899778
0.0439212383759466
0.0105410972102272
0.00252986333045452
0.760607167199309
0.182545720127834
0.0438109728306802
0.770514633479363
0.184923512035047
0.804381642888411
0.193051594293219
0.0463323826303725
0.0111197718312894
0.00266874523950945
0.760640498857482
0.182553719725796
1.56381289273419
0.375315094256206
0.0900756226214894
0.0216181494291575
0.00518835586299779
0.00124520540711947
0.000298849297708673
7.17238314500814e-05
0.760017213719548
0.182404131292692
0.043776991510246
0.010506477962459
0.76252155471099
0.183005173130638
0.803921241551353
0.192941097972325
0.0463058635133579
0.0111134072432059
0.00266721773836942
0.00064013225720866
0.000153631741730078
3.68716180152188e-05
8.84918832365251e-06
2.1238051976766e-06
5.09713247442385e-07
1.22331179386172e-07
0.760000029359483
0.182400007046276
0.0437760016911062
0.0105062404058655
0.00252149769740772
0.000605159447377852
0.000145238267370685
3.48571841689643e-05
8.36572420055143e-06
2.00777380813234e-06
4.81865713951762e-07
1.15647771348423e-07
2.77554651236215e-08
6.66131162966916e-09
1.5987147911206e-09
3.83691549868944e-10
9.20859719685465e-11
2.21006332724512e-11
5.30415198538828e-12
1.27299647649319e-12
3.05519154358365e-13
7.33245970460075e-14
1.75979032910418e-14
4.22349678985003e-15
1.01363922956401e-15
2.43273415095362e-16
5.83856196228869e-17
1.40125487094928e-17
3.36301169027828e-18
8.07122805666788e-19
1.93709473360029e-19
4.6490273606407e-20
1.11576656655377e-20
2.67783975972904e-21
6.4268154233497e-22
1.54243570160393e-22
3.70184568384943e-23
8.88442964123862e-24
2.13226311389727e-24
5.11743147335345e-25
1.22818355360483e-25
2.94764052865159e-26
0.76
0.1824
0.803776
0.19290624
0.0462974976
0.011111399424
0.00266673586176
0.0006400166068224
0.000153603985637376
3.68649565529702e-05
8.84758957271285e-06
2.12342149745109e-06
5.0962115938826e-07
1.22309078253182e-07
2.93541787807638e-08
7.04500290738331e-09
1.69080069777199e-09
4.05792167465279e-10
9.73901201916669e-11
2.33736288460001e-11
5.60967092304001e-12
1.3463210215296e-12
3.23117045167105e-13
7.75480908401051e-14
1.86115418016252e-14
4.46677003239005e-15
1.07202480777361e-15
2.57285953865667e-16
6.17486289277601e-17
1.48196709426624e-17
3.55672102623898e-18
8.53613046297356e-19
2.04867131111365e-19
4.91681114667277e-20
1.18003467520146e-20
2.83208322048351e-21
6.79699972916043e-22
1.6312799349985e-22
3.91507184399641e-23
9.39617242559138e-24
2.25508138214193e-24
5.41219531714064e-25
1.29892687611375e-25
3.11742450267301e-26
7.48181880641521e-27
1.79563651353965e-27
4.30952763249516e-28
1.03428663179884e-28
2.48228791631721e-29
5.95749099916131e-30
1.42979783979872e-30
3.43151481551692e-31
8.2356355572406e-32
1.97655253373774e-32
4.74372608097058e-33
1.13849425943294e-33
2.73238622263906e-34
6.55772693433374e-35
1.5738544642401e-35
1.52
0.3648
0.087552
0.02101248
0.7650429952
0.183610318848
0.04406647652352
0.0105759543656448
0.00253822904775475
0.00060917497146114
0.760146201993151
0.182435088478356
0.0437844212348055
0.0105082610963533
0.762521982663125
0.18300527583915
0.043921266201396
0.010541103888335
0.7625298649332
0.183007167583968
0.0439217202201523
0.0105412128528366
0.00252989108468077
0.000607173860323386
0.760145721726478
0.182434973214355
0.0437843935714451
0.770508254457147
0.184921981069715
0.0443812754567317
0.0106515061096156
0.00255636146630774
0.000613526751913858
0.000147246420459326
3.53391409102382e-05
8.48139381845718e-06
2.03553451642972e-06
4.88528283943133e-07
1.17246788146352e-07
0.760000028139229
0.182400006753415
0.0437760016208196
0.0105062403889967
0.00252149769335921
0.00060515944640621
0.00014523826713749
3.48571841129977e-05
8.36572418711945e-06
2.00777380490867e-06
4.8186571317808e-07
1.15647771162739e-07
2.77554650790574e-08
6.66131161897378e-09
1.59871478855371e-09
3.8369154925289e-10
9.20859718206935e-11
0.760000000022101
0.182400000005304
0.043776000001273
0.0105062400003055
0.00252149760007332
0.000605159424017598
0.000145238261764224
3.48571828234136e-05
8.36572387761927e-06
0.760002007773731
0.942400481865695
0.226176115647767
0.054282267755464
0.0130277442613114
0.00312665862271473
0.760750398069452
0.182580095536668
0.0438192229288004
0.0105166135029121
0.0025239872406989
0.000605756937767737
0.760145381665064
0.182434891599615
0.0437843739839077
0.0105082497561378
0.00252197994147308
0.00060527518595354
0.00014526604462885
3.48638507109239e-05
8.36732417062174e-06
0.760002008157801
0.182400481957872
0.0437761156698893
0.0105062677607734
0.00252150426258563
0.00060516102302055
0.000145238645524932
1.52003485727493
0.364808365745982
0.0875540077790357
0.0210129618669686
0.00504311084807246
0.00121034660353739
0.000290483184848974
6.97159643637537e-05
1.67318314473009e-05
0.760004015639547
0.182400963753491
0.0437762313008379
0.0105062955122011
0.00252151092292826
0.760605162621503
0.182545239029161
0.0438108573669986
0.0105146057680797
0.00252350538433912
0.000605641292241388
0.000145353910137933
3.48849384331039e-05
8.37238522394495e-06
2.00937245374679e-06
0.760000482249389
0.182400115739853
0.0437760277775648
0.0105062466666155
0.00252149919998773
0.000605159807997056
0.000145238353919293
3.48572049406304e-05
8.36572918575129e-06
2.00777500458031e-06
4.81866001099274e-07
1.15647840263826e-07
2.77554816633182e-08
0.760000006661316
0.942400001598716
0.986176000383692
0.236682240092086
0.0568037376221006
0.0136328970293042
0.003271895287033
0.000785254868887919
0.000188461168533101
4.52306804479442e-05
1.08553633075066e-05
2.60528719380158e-06
0.760000625268927
0.182400150064542
0.0437760360154902
0.0105062486437176
0.00252149967449223
0.000605159921878136
0.000145238381250753
3.48572115001806e-05
8.36573076004335e-06
2.0077753824104e-06
4.81866091778497e-07
1.15647862026839e-07
2.77554868864414e-08
6.66131685274594e-09
1.59871604465903e-09
3.83691850718166e-10
9.20860441723599e-11
0.760000000022101
0.182400000005304
0.043776000001273
0.0105062400003055
0.00252149760007332
0.000605159424017598
0.000145238261764224
3.48571828234136e-05
8.36572387761927e-06
2.00777373062863e-06
4.8186569535087e-07
1.15647766884209e-07
2.77554640522101e-08
6.66131137253043e-09
1.5987147294073e-09
3.83691535057753e-10
9.20859684138606e-11
2.21006324193265e-11
0.760000000005304
0.182400000001273
0.0437760000003055
0.0105062400000733
0.0025214976000176
0.000605159424004223
0.000145238261761014
3.48571828226433e-05
8.36572387743438e-06
2.00777373058425e-06
4.8186569534022e-07
1.15647766881653e-07
2.77554640515967e-08
0.760000006661311
0.182400001598715
0.0437760003836915
0.010506240092086
0.00252149762210063
0.000605159429304152
0.000145238263032996
3.48571831279191e-05
8.36572395070059e-06
2.00777374816814e-06
4.81865699560354e-07
1.15647767894485e-07
2.77554642946764e-08
6.66131143072233e-09
1.59871474337336e-09
3.83691538409606e-10
9.20859692183055e-11
2.21006326123933e-11
5.3041518269744e-12
1.27299643847386e-12
3.05519145233725e-13
7.33245948560941e-14
1.75979027654626e-14
4.22349666371102e-15
1.01363919929064e-15
0.76
0.1824
0.043776
0.01050624
0.0025214976
0.000605159424
0.00014523826176
3.48571828224e-05
8.365723877376e-06
2.00777373057024e-06
4.81865695336858e-07
1.15647766880846e-07
2.7755464051403e-08
6.66131137233672e-09
1.59871472936081e-09
3.83691535046595e-10
9.20859684111828e-11
2.21006324186839e-11
5.30415178048413e-12
1.27299642731619e-12
3.05519142555886e-13
7.33245942134126e-14
1.7597902611219e-14
4.22349662669256e-15
1.01363919040622e-15
2.43273405697492e-16
5.8385617367398e-17
1.40125481681755e-17
3.36301156036212e-18
8.0712277448691e-19
1.93709465876858e-19
4.6490271810446e-20
1.1157665234507e-20
2.67783965628169e-21
6.42681517507605e-22
1.54243564201825e-22
0.76
0.1824
0.043776
0.01050624
0.0025214976
0.000605159424
0.00014523826176
3.48571828224e-05
8.365723877376e-06
2.00777373057024e-06
4.81865695336857e-07
1.15647766880846e-07
2.7755464051403e-08
6.66131137233672e-09
1.59871472936081e-09
3.83691535046595e-10
9.20859684111828e-11
0.760000000022101
0.942400000005304
0.226176000001273
0.0542822400003055
0.0130277376000733
0.0031266570240176
0.000750397685764223
0.760180095444583
0.1824432229067
0.043786373497608
0.0105087296394259
0.00252209511346222
0.000605302827230933
0.760145272678535
0.182434865442848
0.803784367706284
0.192908248249508
0.0462979795798819
0.771111515099172
0.185066763623801
0.0444160232697123
0.0106598455847309
0.00255836294033543
0.000614007105680503
0.000147361705363321
0.760035366809287
0.182408488034229
0.0437780371282149
0.770506728910772
0.944921614938585
0.22678118758526
0.0544274850204625
0.773062596404911
0.185535023137179
0.0445284055529229
0.0106868173327015
0.00256483615984836
0.000615560678363606
0.000147734562807265
3.54562950737437e-05
0.760008509510818
0.182402042282596
0.0437764901478231
0.770506357635478
0.184921525832515
0.0443811661998035
2.29065147988795
0.549756355173109
0.131941525241546
0.0316659660579711
0.00759983185391305
0.00182395964493913
0.760437750314785
0.182505060075549
0.0438012144181316
0.0105122914603516
0.00252294995048438
0.760605507988116
0.182545321917148
0.803810877260115
1.71291461054243
1.93109950653018
0.463463881567244
0.111231331576139
0.0266955195782732
0.00640692469878558
0.00153766192770854
0.76036903886265
0.182488569327036
0.0437972566384886
0.0105113415932373
0.00252272198237695
0.76060545327577
0.182545308786185
0.803810874108684
0.952914609786084
0.22869950634866
0.0548878815236784
0.0131730915656828
0.00316154197576388
0.000758770074183331
0.000182104817803999
4.37051562729598e-05
1.04892375055104e-05
2.51741700132249e-06
6.04180080317397e-07
1.45003219276175e-07
0.760000034800773
0.182400008352185
0.0437760020045245
0.0105062404810859
0.00252149771546061
0.000605159451710547
0.000145238268410531
3.48571844185275e-05
0.76000836572426
0.182402007773823
0.0437764818657174
0.770506355647772
0.184921525355465
0.0443811660853117
0.0106514798604748
0.00255635516651395
0.000613525239963348
0.000147246057591204
3.53390538218889e-05
8.48137291725333e-06
2.0355295001408e-06
0.76000048852708
0.942400117246499
0.22617602813916
0.0542822467533983
0.0130277392208156
0.00312665741299574
0.760750397779119
0.182580095466989
0.0438192229120773
0.0105166134988985
0.762523987239736
0.183005756937537
0.0439213816650088
0.770541131599602
0.184929871583905
0.0443831691801371
0.0106519606032329
0.0025564705447759
0.760613552930746
0.182547252703379
0.043811340648811
0.770514721755715
0.184923533221372
0.804381647973129
0.193051595513551
0.0463323829232522
0.0111197719015805
0.00266874525637933
0.000640498861531039
0.000153719726767449
3.68927344241878e-05
8.85425626180508e-06
2.12502150283322e-06
5.10005160679973e-07
1.22401238563193e-07
0.760000029376297
0.182400007050311
0.0437760016920747
0.0105062404060979
0.0025214976974635
0.760605159447391
0.182545238267374
0.0438108571841697
0.0105146057242007
0.00252350537380818
0.000605641289713962
0.000145353909531351
3.48849382875242e-05
8.37238518900581e-06
2.0093724453614e-06
4.82249386886735e-07
1.15739852852816e-07
0.760000027777565
0.182400006666616
0.0437760015999877
0.0105062403839971
0.00252149769215929
0.00060515944611823
0.000145238267068375
3.48571840964101e-05
8.36572418313841e-06
2.00777380395322e-06
4.81865712948772e-07
0.760000115647771
0.942400027755465
0.226176006661312
0.0542822415987148
0.0130277379836915
0.763126657116086
0.183150397707861
0.0439560954498865
0.0105494629079728
0.00253187109791346
0.000607649063499232
0.000145835775239816
3.50005860575557e-05
8.40014065381338e-06
2.01603375691521e-06
4.8384810165965e-07
0.760000116123544
0.182400027869651
0.803776006688716
0.952906241605292
0.98869749798527
0.997287399516465
0.999348975883952
0.999843754212148
0.239962501010916
0.81759100024262
0.196221840058229
0.0470932416139749
0.011302377987354
0.00271257071696495
1.52065101697207
1.1249562440733
0.269989498577591
0.0647974796586219
0.0155513951180693
0.00373233482833662
0.000895760358800789
0.000214982486112189
0.760051595796667
0.1824123829912
0.043778971917888
0.0105069532602931
0.00252166878247035
0.760605200507793
0.18254524812187
0.0438108595492489
0.0105146062918197
0.00252350551003673
0.000605641322408816
0.000145353917378116
3.48849401707478e-05
8.37238564097947e-06
0.760002009372554
0.182400482249413
0.0437761157398591
0.0105062677775662
0.762521504266616
0.183005161023988
0.803921238645757
0.952941097274982
0.228705863345996
0.0548894072030389
0.0131734577287293
0.00316162985489504
0.00075879116517481
0.760182109879642
0.182443706371114
0.0437864895290674
0.0105087574869762
0.00252210179687428
0.000605304431249827
0.000145273063499959
3.486553523999e-05
8.36772845759761e-06
2.00825482982343e-06
4.81981159157622e-07
1.15675478197829e-07
0.760000027762115
0.182400006662908
0.0437760015990978
0.0105062403837835
0.00252149769210803
0.000605159446105928
0.000145238267065423
3.48571840957015e-05
8.36572418296835e-06
2.0077738039124e-06
4.81865712938977e-07
1.15647771105354e-07
2.77554650652851e-08
0.760000006661312
0.942400001598715
0.226176000383692
0.814282240092086
0.195427737622101
1.5669026570293
1.13605663768703
1.03265359304489
3.28783686233077
3.06908084695939
1.49657940327025
0.359179056784861
1.60620297362837
1.14548871367081
1.03491729128099
1.76838014990744
0.424411235977785
0.861858696634668
1.72684608719232
1.17444306092616
2.56186633462228
2.89484792030935
1.45476350087424
0.349143240209818
2.36379437765036
0.567310650636086
2.41615455615266
2.09987709347664
0.503970502434393
0.880952920584254
1.73142870094022
1.93554288822565
1.22453029317416
1.0538872703618
1.77293294488683
2.70550390677284
1.40932093762548
2.61823702503012
1.38837688600723
2.61321045264173
0.627170508634016
1.67052092207216
1.16092502129732
2.55862200511136
2.13406928122673
1.27217662749441
2.58532239059866
3.66047737374368
3.15851456969848
5.31804349672764
2.79633043921463
0.671119305411512
0.921068633298763
1.7410564719917
3.45785355327801
2.34988485278672
1.32397236466881
1.07775336752052
2.53866080820492
2.88927859396918
2.9734268625526
0.713622447012625
4.73126938728303
1.89550465294793
0.454921116707503
1.6291810680098
2.67100345632235
3.68104082951736
3.92344979908417
4.7416279517802
4.93799070842725
4.98511777002254
3.47642826480541
3.1143427835533
0.747442268052792
2.45938614433267
5.15025267463984
1.23606064191356
1.05665455405925
1.77359709297422
1.18566330231381
0.284559192555315
1.58829420621328
1.90119060949119
4.25628574627788
1.78150857910669
1.94756205898561
2.74741489415655
1.41937957459757
1.10065109790342
4.82415626349682
3.43779750323924
3.86507140077742
2.44761713618658
2.10742811268478
2.78578274704435
0.668587859290643
1.68046108622975
1.92331066069514
1.98159455856683
0.47558269405604
1.63413984657345
3.43219356317763
2.34372645516263
2.84249434923903
2.96219864381737
6.03092767451617
2.96742264188388
3.75218143405213
3.18052354417251
3.8033256506014
2.43279815614434
2.10387155747464
2.02492917379391
0.485983001710539
1.63663592041053
3.43279262089853
4.62387022901565
4.14972885496376
2.5159349251913
5.16382438204591
1.99931785169102
3.51983628440584
1.6047607082574
1.90514256998178
3.49723421679563
5.39933621203095
2.05584069088743
3.53340176581298
1.60801642379512
0.385923941710828
0.0926217460105987
1.54222921904254
1.89013501257021
1.97363240301685
1.23367177672404
4.09608122641377
5.54305949433931
5.13033427864143
1.23128022687394
4.09550725444975
3.26292174106794
1.54310121785631
0.370344292285513
0.848882630148523
0.203731831235646
1.56889563949655
4.93653495347917
1.944768388835
2.7467444133204
2.9392186591969
2.22541247820726
3.57409899476974
1.61778375874474
1.90826810209874
0.457984344503697
1.62991624268089
1.15117989824341
1.79628317557842
4.23110796213882
2.53546591091332
2.1285118186192
2.79084283646861
1.42980228075247
2.62315254738059
2.90955661137134
5.25829358672912
2.78199046081499
2.1876777105956
1.28504265054294
3.34841023613031
1.56361845667127
1.89526842960111
1.21486442310427
2.57156746154502
4.41717619077081
3.34012228578499
0.801629348588399
0.952391043661216
0.988573850478692
1.75725772411489
1.94174185378757
2.74601804490902
0.659044330778164
1.67817063938676
1.16276095345282
0.279062628828677
0.0669750309188826
1.53607400742053
1.12865776178093
2.55087786282742
2.13221068707858
2.03173056489886
0.487615335575726
0.877027680538174
0.210486643329162
0.0505167943989988
0.0121240306557597
2.28290976735738
0.547898344165772
0.891495602599785
1.73395894462395
0.416150146709748
2.37987603521034
0.571170248450482
0.137080859628116
1.55289940631075
0.372695857514579
0.849447005803499
0.96386728139284
0.991328147534282
0.997918755408228
1.75950050129797
0.422280120311514
0.861347228874763
0.206723334929943
0.0496136003831864
0.0119072640919647
0.00285774338207153
0.000685858411697168
0.760164606018807
0.942439505444514
0.226185481306683
0.054284515513604
0.013028283723265
0.00312678809358359
0.000750429142460061
0.76018010299419
0.182443224718606
0.803786373932465
0.192908729743792
1.56629809513851
0.375911542833242
0.0902187702799782
0.0216525048671948
0.00519660116812674
0.00124718428035042
0.0002993242272841
7.18378145481841e-05
1.72410754915642e-05
4.1378581179754e-06
9.93085948314096e-07
2.38340627595383e-07
5.7201750622892e-08
1.37284201494941e-08
3.29482083587858e-09
7.90757000610858e-10
1.89781680146606e-10
4.55476032351854e-11
1.09314247764445e-11
2.62354194634668e-12
6.29650067123203e-13
1.51116016109569e-13
3.62678438662965e-14
8.70428252791116e-15
2.08902780669868e-15
5.01366673607683e-16
1.20328001665844e-16
2.88787203998025e-17
6.93089289595261e-18
1.66341429502863e-18
3.9921943080687e-19
9.58126633936489e-20
2.29950392144757e-20
5.51880941147417e-21
1.3245142587538e-21
0.76
0.1824
0.043776
0.01050624
0.0025214976
0.760605159424
0.18254523826176
0.0438108571828224
0.0105146057238774
0.00252350537373057
0.000605641289695337
0.000145353909526881
3.48849382864514e-05
8.37238518874833e-06
2.0093724452996e-06
4.82249386871904e-07
1.15739852849257e-07
2.77775646838217e-08
0.760000006666615
0.182400001599988
0.803776000383997
0.952906240092159
0.228697497622118
0.0548873994293084
0.013172975863034
0.763161514207128
0.943158763409711
0.986358103218331
0.996725944772399
0.239214226745376
1.57741141441889
1.89857873946053
0.455658897470528
0.109358135392927
1.5462459524943
1.89109902859863
0.453863766863672
0.868927304047281
0.208542552971347
0.810050212713123
0.19441205105115
0.806658892252276
2.47359813414055
2.11366355219373
1.2672792525265
4.10414702060636
0.984995284945526
0.236398868386926
0.0567357284128623
0.773616574819087
0.185667977956581
0.0445603147095794
0.0106944755302991
1.52256667412727
1.88541600179055
3.49249984042973
0.838199961703135
1.72116799080875
1.9330803177941
0.463939276270584
0.87134542630494
0.969122902313186
2.51258949655516
2.12302147917324
4.30952515500158
1.79428603720038
2.71062864892809
1.41055087574274
1.09853221017826
3.30364773044278
1.55287545530627
1.1326901092735
3.31184562622564
1.55484295029415
2.6531623080706
0.636758953936943
0.912822148944866
1.73907731574677
1.17737855577922
2.56257085338701
0.615017004812883
1.66760408115509
1.92022497947722
1.98085399507453
2.75540495881789
1.42129719011629
1.10111132562791
1.0242667181507
1.00582401235617
2.52139776296548
2.88513546311172
2.21243251114681
0.530983802675235
3.16743611264206
1.52018466703409
1.12484432008818
0.269962636821164
0.0647910328370793
2.2955498478809
1.31093196349142
0.31462367123794
1.59550968109711
4.18292232346331
1.76390135763119
4.98333632583149
3.47600071819956
2.35424017236789
1.32501764136829
2.59800423392839
3.66352101614281
5.43924504387428
2.06541881052983
1.25570051452716
1.82136812348652
2.71712834963676
0.652110803912824
3.19650659293908
2.28716158230538
2.82891877975329
1.43894050714079
1.10534572171379
4.82528297321131
2.67806791357071
0.642736299256972
0.914256711821673
0.979421610837202
0.995061186600928
0.998814684784223
2.51971552434821
2.12473172584357
1.26993561420246
1.06478454740859
1.77554829137806
0.426131589930735
1.62227158158338
2.66934517958001
2.1606428430992
2.03855428234381
1.24925302776251
1.059820726663
1.77435697439912
1.18584567385579
0.284602961725389
0.828304710814093
0.198793130595382
2.32771035134289
2.07865048432229
0.498876116237351
1.63973026789696
1.15353526429527
2.55684846343087
1.37364363122341
0.329674471493618
0.839121873158468
1.72138924955803
0.413133419893928
0.859152020774543
0.20619648498589
0.0494871563966137
0.771876917535187
0.185250460208445
0.804460110450027
0.953070426508006
1.74873690236192
4.21969685656686
1.01272724557605
0.243054538938251
1.57833308934518
0.378799941442843
1.61091198594628
1.14661887662711
2.55518853039051
1.37324524729372
1.84957885935049
1.96389892624412
3.51133574229859
1.60272057815166
3.4246529387564
3.86191670530154
2.44686000927237
4.38724640222537
4.85293913653409
2.68470539276818
1.40432929426436
1.85703903062345
1.20568936734963
4.08936544816391
4.02144770755934
2.48514744981424
1.35643538795542
3.3655444931093
2.32773067834623
1.3186553628031
1.07647728707274
1.01835454889746
2.52440509173539
4.40585722201649
1.81740573328396
2.71617737598815
1.41188257023716
3.37885181685692
1.57092443604566
0.377021864650958
0.85048524751623
4.0041164594039
4.76098795025693
2.66263710806166
1.3990329059348
1.09576789742435
1.02298429538184
2.52551623089164
1.36612389541399
0.327869734899359
1.59868873637585
0.383685296730203
0.0920844712152487
1.54210027309166
1.890104065542
0.45362497573008
0.868869994175219
0.208528798602053
0.0500469116644926
0.0120112587994782
0.00288270211187477
0.000691848506849946
0.000166043641643987
0.760039850473995
1.70240956411376
0.408578295387302
0.858058790892952
0.965934109814309
0.991824186355434
0.238037804725304
1.57712907313407
0.378510977552177
0.0908426346125226
0.0218022323070054
0.765232535753681
0.943655808580883
0.226477394059412
0.0543545745742589
0.0130450978978221
0.00313082349547731
0.000751397638914555
0.000180335433339493
4.32805040014784e-05
1.03873209603548e-05
2.49295703048515e-06
5.98309687316437e-07
1.43594324955945e-07
3.44626379894267e-08
0.760000008271033
0.182400001985048
0.0437760004764115
0.0105062401143388
0.0025214976274413
0.760605159430586
0.182545238263341
0.0438108571832017
0.0105146057239684
0.00252350537375242
0.000605641289700581
0.000145353909528139
3.48849382867535e-05
8.37238518882083e-06
2.009372445317e-06
4.8224938687608e-07
1.15739852850259e-07
2.77775646840622e-08
6.66661552417493e-09
1.59998772580198e-09
3.83997054192476e-10
9.21592930061942e-11
2.21182303214866e-11
5.30837527715678e-12
1.27401006651763e-12
3.05762415964231e-13
0.760000000000073
0.182400000000018
0.0437760000000042
0.010506240000001
0.00252149760000024
0.000605159424000058
0.000145238261760014
3.48571828224034e-05
8.36572387737681e-06
2.00777373057043e-06
4.81865695336904e-07
1.15647766880857e-07
2.77554640514057e-08
6.66131137233736e-09
1.59871472936097e-09
0.760000000383692
0.182400000092086
0.803776000022101
0.952906240005304
0.988697497601273
0.237287399424306
0.0569489758618333
0.01366775420684
0.0032802610096416
0.000787262642313984
0.000188943034155356
4.53463281972855e-05
1.08831187673485e-05
2.61194850416364e-06
3.04000062686764
0.729600150448234
0.935104036107576
0.224424968665818
0.0538619924797964
0.0129268781951511
0.00310245076683627
0.000744588184040705
0.76017870116417
0.182442888279401
0.0437862931870562
0.0105087103648935
0.00252209048757444
0.760605301717018
0.182545272412084
1.5638108653789
3.41531460769094
1.57967550584582
1.139122121403
1.03338930913672
0.248013434192813
0.059523224206275
0.774285573809506
0.185828537714281
0.804598849051428
2.47310372377234
0.593544893705362
2.42245077448929
2.86138818587743
2.20673316461058
1.28961595950654
1.06950783028157
1.01668187926758
0.244003651024218
0.0585608762458124
0.014054610298995
0.00337310647175879
0.000809545553222111
1.52019429093277
1.88484662982387
0.452363191157728
0.868567165877855
2.48845611981069
2.11722946875456
2.0281350725011
1.24675241740026
1.81922058017606
1.19661293924226
1.80718710541814
1.19372490530035
1.80649397727208
1.1935585545453
0.286454053090872
0.0687489727418093
0.776499753458034
0.946359940829928
1.74712638579918
0.419310332591804
0.860634479822033
3.24655227515729
2.29917254603775
3.59180141104906
1.62203233865177
1.14928776127643
1.79582906270634
2.71099897504952
0.650639754011885
4.71615354096285
1.89187684983108
1.97405044395946
0.47377210655027
3.15370530557206
2.2768892733373
2.82645342560095
2.19834882214423
2.80760371731462
2.19382489215551
2.80651797411732
2.19356431378816
0.526455435309158
0.126349304474198
0.790323833073807
0.189677719937714
1.56552265278505
0.375725436668412
3.13017410480042
3.0312417851521
1.4874980284365
1.11699952682476
1.02807988643794
0.246739172745106
0.819217401458825
0.196612176350118
1.56718692232403
1.89612486135777
3.49506996672586
0.838816792014207
1.72131603008341
0.413115847220018
0.859147803332804
2.48619547279987
2.87668691347197
0.690404859233273
1.68569716621599
1.92456731989184
1.98189615677404
1.23565507762577
0.296557218630185
0.831173732471244
0.199481695793099
2.32787560699034
0.558690145677682
0.894085634962644
3.25458055239103
3.82109933257385
2.43706383981772
2.10489532155625
2.0251748771735
0.48604197052164
1.63665007292519
0.392796017502046
0.854271044200491
1.72502505060812
0.414006012145948
2.37936144291503
0.571046746299607
1.65705121911191
1.15769229258686
0.277846150220846
3.866683076053
2.44800393825272
2.86752094518065
1.44820502684336
4.90756920644241
1.93781660954618
1.98507598629108
0.47641823670986
1.63434037681037
2.67224169043449
2.16133800570428
1.27872112136903
1.06689306912857
2.53605433659086
2.88865304078181
4.49327672978763
3.35838641514903
3.08601273963577
3.02064305751258
1.48495433380302
1.11638904011272
0.267933369627054
0.824304008710493
1.71783296209052
1.93227991090172
2.74374717861641
2.17849932286794
2.80283983748831
0.672681560997193
4.72144357463933
1.89314645791344
0.454355149899225
0.869045235975814
0.968570856634195
0.232457005592207
0.0557896813421297
3.81338952352211
2.43521348564531
0.584451236554874
3.94026829677317
1.70566439122556
1.16935945389413
1.80064626893459
1.1921551045443
3.32611722509063
3.83826813402175
2.44118435216522
1.34588424451965
1.84301221868472
2.72232293248433
0.65335750379624
0.916805800911098
0.220033392218663
2.33280801413248
1.3198739233918
1.07676974161403
1.01842473798737
1.00442193711697
1.00106126490807
0.240254703577937
1.57766112885871
1.13863867092609
1.79327328102226
1.95038558744534
1.22809254098688
0.294742209836852
0.830738130360844
1.7193771512866
1.17265051630878
0.281436123914108
0.067544669739386
0.776210720737453
0.946290572976989
0.987109737514477
0.996906337003475
0.999257520880834
0.2398218050114
0.057557233202736
1.53381373596866
0.368115296632478
0.848347671191795
0.963603441086031
0.231264825860647
0.0555035582065554
1.53332085396957
0.367997004952698
0.0883192811886474
0.781196627485275
0.187487190596466
0.0449969257431519
0.770799262178356
0.944991822922806
0.986798037501473
0.236831529000354
0.0568395669600849
0.0136414960704204
0.00327395905690089
0.000785750173656213
0.000188580041677491
4.52592100025979e-05
0.760010862210401
0.942402606930496
0.226176625663319
0.0542823901591966
0.0130277736382072
0.00312666567316972
0.000750399761560733
0.000180095942774576
1.52004322302627
1.1248103735263
0.269954489646313
0.0647890775151151
0.0155493786036276
0.00373185086487063
0.000895644207568951
0.000214954609816548
0.760051589106356
0.182412381385525
0.0437789715325261
0.0105069531678063
0.0025216687602735
0.000605200502465641
0.000145248120591754
3.48595489420209e-05
8.36629174608502e-06
2.0079100190604e-06
4.81898404574497e-07
1.15655617097879e-07
2.7757348103491e-08
6.66176354483784e-09
1.59882325076108e-09
3.8371758018266e-10
9.20922192438384e-11
0.760000000022102
0.182400000005304
0.0437760000012731
0.0105062400003055
0.00252149760007333
0.000605159424017599
0.000145238261764224
3.48571828234137e-05
8.36572387761928e-06
2.00777373062863e-06
4.81865695350871e-07
1.15647766884209e-07
0.760000027755464
0.182400006661311
0.0437760015987147
0.0105062403836915
0.00252149769208597
0.000605159446100632
0.000145238267064152
3.48571840953964e-05
0.760008365724183
0.182402007773804
0.0437764818657129
0.0105063556477711
0.762521525355465
0.943005166085312
0.226321239860475
0.0543170975665139
0.0130361034159633
0.0031286648198312
0.000750879556759489
0.760180211093622
0.182443250662469
0.0437863801589926
0.0105087312381582
0.00252209549715798
0.000605302919317914
0.760145272700636
0.942434865448153
0.986184367707557
0.236684248249814
0.0568042195799553
1.53363301269919
1.12807192304781
0.270737261531473
0.824976942767554
1.71799446626421
1.93231867190341
0.463756481256819
0.871301555501636
0.969112373320393
0.232586969596894
0.0558208727032546
0.0133970094487811
1.52321528226771
4.92557166774425
2.70213720025862
0.648512928062069
0.155643102734896
0.0373543446563752
0.76896504271753
0.184551610252207
4.60429238646053
4.14503017275053
4.03480724146013
3.24835373795043
1.5396048971081
2.64950517530594
1.39588124207343
0.335011498097622
0.0804027595434294
3.05929666229042
1.4942311989497
1.87861548774793
2.7308677170595
0.655408252094281
0.157297980502627
0.797751515320631
0.951460363676951
2.50835048728247
2.88200411694779
2.21168098806747
2.05080343713619
2.77219282491269
2.18532627797904
1.28447830671497
2.58827479361159
1.38118595046678
0.331484628112028
2.35955631074689
4.36629351457925
1.04791044349902
1.77149850643977
2.70515964154554
2.92923831397093
4.50301719535302
2.60072412688473
2.14417379045233
4.31460170970856
4.07550441033005
1.73812105847921
3.45714905403501
2.3497157729684
3.60393178551242
2.38494362852298
0.572386470845515
2.41737275300292
3.6201694607207
0.868840670572968
1.72852176093751
1.934845222625
2.74436285343
1.4186470848232
3.38047530035757
2.33131407208582
2.0795153773006
1.25908369055214
1.06218008573251
8.6149232205758
4.34758157293819
2.56341957750517
1.37522069860124
2.6100529676643
3.66641271223943
1.63993905093746
2.67358537222499
1.401660489334
1.09639851744016
0.263135644185638
1.58315255460455
3.41995661310509
2.34078958714522
4.36178950091485
4.08682948021957
1.7408390752527
1.17780137806065
0.282672330734555
0.0678413593762933
0.77628192625031
0.946307662300074
1.74711383895202
1.93930732134848
1.98543375712364
1.23650410170967
0.296760984410321
0.831222636258477
0.959493432702035
1.75027842384849
3.46006682172364
1.59041603721367
1.14169984893128
2.55400796374351
1.37296191129844
1.08951085871163
1.02148260609079
1.76515582546179
1.18363739811083
0.284072975546599
1.58817751413118
1.14116260339148
1.03387902481396
0.248130965955349
0.819551431829284
1.71669234363903
1.17200616247337
1.04128147899361
0.249907554958466
0.0599778131900318
0.774394675165608
0.945854722039746
3.26700513328954
1.54408123198949
0.370579495677477
1.60893907896259
1.90614537895102
3.49747489094825
1.59939397382758
2.66385455371862
2.15932509289247
2.03823802229419
3.52917712535061
2.36700251008415
2.08808060242019
4.30113934458085
1.0322734426994
0.247745626247857
0.819458950299486
2.47667014807188
0.59440083553725
3.94265620052894
2.46623748812695
2.87189699715047
0.689255279316112
1.68542126703587
0.404501104088608
0.857080264981266
0.965699263595504
1.75176782326292
2.7004242775831
1.40810182661994
4.89794443838879
2.69550666521331
0.646921599651194
2.43526118391629
1.34446268413991
2.60267104419358
0.624641050606459
2.42991385214555
0.583179324514932
3.17996303788358
1.52319112909206
1.88556587098209
0.452535809035703
0.108608594168569
0.786066062600457
1.70865585502411
1.93007740520579
0.463218577249389
3.15117245853985
2.27628139004957
1.3063075336119
3.35351380806685
1.56484331393605
2.65556239534465
0.637334974882716
0.912960393971852
1.73911049455324
0.417386518692779
0.100172764486267
1.5440414634767
1.89056995123441
0.453736788296258
0.868896829191102
0.208535239005864
0.810048457361408
0.954411629766738
1.74905879114402
1.17977410987456
1.0431457863699
1.01035498872877
0.242485197294906
0.0581964473507774
0.0139671473641866
0.763352115367405
0.183204507688177
0.0439690818451625
1.53055257964284
0.367332619114281
0.848159828587428
0.963558358860983
0.991254006126636
0.237900961470393
0.0570962307528942
0.0137030953806946
0.00328874289136671
0.760789298293928
0.182589431590543
0.0438214635817303
0.0105171512596153
0.00252411630230766
0.760605787912554
1.70254538909901
0.408610893383763
0.0980666144121031
0.0235359874589048
0.00564863699013714
0.00135567287763291
0.000325361490631899
7.80867577516558e-05
1.87408218603974e-05
0.760004497797247
0.182401079471339
0.803776259073121
0.192906302177549
0.0462975125226118
0.0111114030054268
0.00266673672130244
0.000640016813112585
0.00015360403514702
3.68649684352849e-05
8.84759242446838e-06
2.12342218187241e-06
5.09621323649379e-07
1.22309117675851e-07
2.93541882422042e-08
0.760000007045005
0.182400001690801
0.0437760004057923
0.0105062400973901
0.762521497623374
1.70300515942961
0.408721238263106
0.0980930971831455
0.0235423433239549
0.00565016239774918
0.0013560389754598
0.000325449354110353
7.81078449864847e-05
1.87458827967563e-05
4.49901187122152e-06
1.07976284909316e-06
2.59143083782359e-07
6.21943401077662e-08
1.49266416258639e-08
3.58239399020733e-09
8.5977455764976e-10
0.760000000206346
0.182400000049523
0.0437760000118855
0.0105062400028525
0.00252149760068461
0.000605159424164305
0.000145238261799433
3.4857182831864e-05
0.76000836572388
0.182402007773731
0.0437764818656955
0.770506355647767
0.184921525355464
0.0443811660853114
0.0106514798604747
0.00255635516651393
0.000613525239963344
0.000147246057591203
3.53390538218886e-05
0.760008481372917
0.9424020355295
0.22617648852708
3.0942823572465
0.74262776573916
0.938230663777398
0.225175359306576
0.814042086233578
0.195370100696059
0.0468888241670541
0.771253317800093
0.945100796272022
0.226824191105285
0.0544378058652685
0.773065073407664
2.46553561761784
0.591728548228281
2.42201485157479
0.581283564377949
0.899508055450708
0.97588193330817
0.994211663993961
0.998610799358551
0.239666591846052
0.0575199820430525
0.0138047956903326
0.00331315096567982
1.52079515623176
1.12499083749562
0.26999780099895
1.58479947223975
1.90035187333754
0.456084449601009
0.869460267904242
1.72867046429702
1.93488091143128
2.74437141874351
2.93864914049844
1.46527579371963
2.63166619049271
1.39159988571825
0.33398397257238
1.60015615341737
1.90403747682017
0.456968994436841
2.38967255866484
1.33352141407956
1.84004513937909
1.20161083345098
1.04838660002824
2.53161278400678
2.12758706816163
3.55062089635879
0.85214901512611
0.964515763630266
0.991483783271264
0.237956107985103
0.0571094659164248
1.53370627181994
1.12808950523679
0.270741481256829
0.824977955501639
1.71799470932039
1.17231873023689
0.281356495256855
2.34752555886165
2.0834061341268
0.500017472190431
0.880004193325703
1.73120100639817
1.93548824153556
0.464517177968535
0.111484122712448
0.0267561894509876
0.766421485468237
0.183941156512377
0.80414587756297
0.192995010615113
1.56631880254763
3.41591651261143
0.819819963026743
1.71675679112642
2.69202162987034
1.40608519116888
1.85746044588053
2.72579050701133
1.41418972168272
3.37940553320385
1.57105732796892
1.89705375871254
1.21529290209101
0.291670296501842
0.830000871160442
1.71920020907851
3.45260805017884
1.58862593204292
0.381270223690301
1.61150485368567
2.66676116488456
2.16002267957229
2.79840544309735
1.43161730634336
2.62358815352241
2.90966115684538
0.698318677642891
0.927596482634294
0.98262315583223
0.235829557399735
0.816599093775936
1.71598378250622
1.17183610780149
1.80124066587236
1.19229775980937
2.56615146235425
1.37587635096502
1.8502103242316
0.444050477815585
0.10657211467574
0.0255773075221777
1.52613855380532
1.88627325291328
0.452705580699187
0.868649339367805
0.968475841448273
0.992434201947586
0.998184208467421
1.75956421003218
1.18229541040772
0.283750898497854
0.828100215639485
0.958744051753476
0.990098572420834
0.997623657381
0.99942967777144
0.999863122665146
0.999967149439635
0.999992115865512
0.239998107807723
0.817599545873854
0.956223891009725
0.989493733842334
2.51747849612216
1.36419483906932
1.08740676137664
1.02097762273039
0.245034629455294
0.818808311069271
0.956513994656625
0.98956335871759
1.75749520609222
0.421798849462133
0.861231723870912
0.966695613729019
0.232006947294965
0.0556816673507915
1.53336360016419
1.12800726403941
1.79072174336946
1.94977321840867
1.22794557241808
1.05470693738034
0.253129664971281
0.0607511195931076
0.0145802687023458
0.763499264488563
3.22323982347726
3.05357755763454
0.73285861383229
0.17588606731975
1.56221265615674
0.374931037477618
0.0899834489946282
0.0215960277587108
0.00518304666209058
1.5212439311989
1.12509854348774
0.270023650437057
0.0648056761048936
0.775553362265174
0.946132806943642
0.987071873666474
2.51689724967995
1.36405533992319
0.327373281581565
0.0785695875795757
0.0188567010190982
0.00452560824458356
0.00108614597870005
0.000260675034888013
6.25620083731231e-05
1.50148820095495e-05
0.760003603571682
0.182400864857204
0.0437762075657289
1.53050628981577
1.12732150955579
1.03055716229339
0.247333718950413
0.0593600925480992
0.0142464222115438
0.00341914133077051
0.000820593919384923
0.000196942540652382
4.72662097565716e-05
1.13438903415772e-05
2.72253368197852e-06
6.53408083674845e-07
1.56817940081963e-07
3.76363056196711e-08
0.760000009032713
