0
0
0
0
0
0.5
0.36
0.2592
0.186624
0.13436928
0.0967458816
0.069657034752
0.33015306502144
0.237710206815437
0.171151348907115
0.123228971213122
0.0887248592734482
0.0638818986768827
0.0459949670473555
0.033116376274096
0.0238437909173491
0.0171675294604914
0.0123606212115538
0.00889964727231871
0.00640774603606947
0.00461357714597002
0.00332177554509842
0.00239167839247086
0.00172200844257902
0.00123984607865689
0.000892689176632963
0.000642736207175733
0.000462770069166528
0.2803331944498
0.201839900003856
0.145324728002776
0.104633804161999
0.0753363389966392
0.0542421640775802
0.0390543581358578
0.0281191378578176
0.0202457792576287
0.0145769610654926
0.0104954119671547
0.00755669661635138
0.00544082156377299
0.00391739152591656
0.00282052189865992
0.00203077576703514
0.0014621585522653
0.00105275415763102
0.000757982993494333
0.00054574775531592
0.000392938383827462
0.000282915636355773
0.000203699258176156
0.000146663465886833
0.000105597695438519
7.6030340715734e-05
5.47418453153285e-05
3.94141286270365e-05
2.83781726114663e-05
2.04322842802557e-05
1.47112446817841e-05
1.05920961708846e-05
7.62630924303688e-06
5.49094265498656e-06
0.280003953478712
0.201602846504672
0.145154049483364
0.104510915628022
0.0752478592521759
0.0541784586615667
0.039008490236328
0.0280861129701562
0.0202220013385124
0.014559840963729
0.0104830854938848
0.00754782155559709
0.0054344315200299
0.00391279069442153
0.0028172092999835
0.00202839069598812
0.00146044130111145
0.00105151773680024
0.000757092770496174
0.000545106794757245
0.000392476892225217
0.000282583362402156
0.000203460020929552
0.000146491215069278
0.00010547367484988
7.59410458919135e-05
0.280054677553042
0.20163936783819
0.145180344843497
0.104529848287318
0.355261490766869
0.255788273352146
0.184167556813545
0.412600640905752
0.297072461452142
0.213892172245542
0.15400236401679
0.110881702092089
0.0798348255063041
0.0574810743645389
0.041386373542468
0.029798188950577
0.0214546960444154
0.0154473811519791
0.011122114429425
0.00800792238918597
0.285765704120214
0.485751306966554
0.349740941015919
0.251813477531462
0.181305703822652
0.13054010675231
0.093988876861663
0.347671991340397
0.250323833765086
0.180233160310862
0.129767875423821
0.0934328703051509
0.0672716666197086
0.0484355999661902
0.314873631975657
0.506709015022473
0.364830490816181
0.26267795338765
0.189128126439108
0.136172251036158
0.0980440207460336
0.0705916949371442
0.0508260203547438
0.0365947346554155
0.0263482089518992
0.0189707104453674
0.0136589115206645
0.00983441629487847
0.287080779732312
0.206698161407265
0.148822676213231
0.107152326873526
0.0771496753489388
0.335547766251236
0.24159439170089
0.173947962024641
0.125242532657741
0.0901746235135737
0.344925728929773
0.248346524829437
0.458809497877194
0.33034283847158
0.517846843699538
0.372849727463667
0.26845180377384
0.193285298717165
0.139165415076359
0.100199098854978
0.0721433511755844
0.0519432128464208
0.0373991132494229
0.306927361539585
0.780987700308501
0.562311144222121
0.684864023839927
1.05310209716475
0.758233509958618
0.545928127170205
0.393068251562548
0.563009141125034
0.405366581610025
0.571863938759218
0.411742035906637
0.296454265852779
0.493447071414001
0.35528189141808
0.255802961821018
0.184178132511133
0.132608255408016
0.0954779438937713
0.0687441196035153
0.049495766114531
0.0356369516024623
0.0256586051537729
0.0184741957107165
0.0133014209117159
0.00957702305643542
0.0068954566006335
0.00496472875245612
0.00357460470176841
0.282573715385273
0.203453075077397
0.146486214055726
0.105470074120122
0.355938453366488
0.256275686423871
0.184518494225187
0.132853315842135
0.0956543874063372
0.348871158932563
0.251187234431445
0.180854808790641
0.130215462329261
0.093755132877068
0.067503695671489
0.0486026608834721
0.0349939158360999
0.0251956194019919
0.0181408459694342
0.0130614090979926
0.289404214550555
0.208371034476399
0.150027144823008
0.108019544272565
0.0777740718762471
0.0559973317508979
0.0403180788606465
0.0290290167796655
0.0209008920813591
0.0150486422985786
0.0108350224549766
0.00780121616758314
0.00561687564065986
0.0040441504612751
0.00291178833211807
0.00209648759912501
0.00150947107137001
0.00108681917138641
0.280782509803398
0.202163407058447
0.145557653082082
0.104801510219099
0.0754570873577511
0.334329102897581
0.240716954086258
0.173316206942106
0.124787668998316
0.369847121678788
0.266289927608727
0.191728747878284
0.418044698472364
0.580992182900102
0.418314371688074
0.301186347615413
0.216854170283097
0.15613500260383
0.112417201874758
0.0809403853498255
0.0582770774518744
0.0419594957653495
0.0302108369510517
0.0217518026047572
0.0156612978754252
0.291276134470306
0.48971881681862
0.352597548109407
0.253870234638773
0.182786568939916
0.13160632963674
0.0947565573384526
0.0682247212836859
0.0491217993242538
0.0353676955134628
0.0254647407696932
0.0183346133541791
0.013200921615009
0.00950466356280644
0.00684335776522064
0.00492721759095886
0.00354759666549038
0.00255426959915307
0.00183907411139021
0.00132413336020095
0.000953376019344686
0.000686430733928174
0.000494230128428285
0.000355845692468365
0.000256208898577223
0.000184470406975601
0.000132818693022432
9.56294589761513e-05
6.8853210462829e-05
4.95743115332369e-05
3.56935043039305e-05
2.569932309883e-05
1.85035126311576e-05
1.33225290944335e-05
9.59222094799209e-06
0.280006906399083
0.201604972607339
0.145155580277284
0.104512017799645
0.0752486528157442
0.0541790300273358
0.0390089016196818
0.0280864091661709
0.020222214599643
0.014559994511743
0.010483196048455
0.00754790115488757
0.00543448883151905
0.00391283195869371
0.00281723901025947
0.00202841208738682
0.00146045670291851
0.281051528826101
0.202357100754793
0.425697112543451
0.306501921031285
0.220681383142525
0.158890595862618
0.114401229021085
0.0823688848951812
0.0593055971245304
0.0427000299296619
0.0307440215493566
0.0221356955155367
0.0159377007711864
0.0114751445552542
0.288262104079783
0.207548714937444
0.14943507475496
0.107593253823571
0.077467142752971
0.0557763427821391
0.0401589668031402
0.0289144560982609
0.0208184083907479
0.0149892540413385
0.0107922629097637
0.00777042929502986
0.0055947090924215
0.00402819054654348
0.0029002971935113
0.00208821397932814
0.281503514065116
0.202682530126884
0.145931421691356
0.105070623617777
0.0756508490047991
0.0544686112834553
0.0392174001240879
0.0282365280893433
0.0203303002243271
0.0146378161615155
0.0105392276362912
0.00758824389812966
0.00546353560665335
0.00393374563679041
0.0028322968584891
0.00203925373811215
0.00146826269144075
0.281057149137837
0.202361147379243
0.145700026113055
0.104904018801399
0.0755308935370076
0.0543822433466455
0.0391552152095848
0.028191754950901
0.0202980635646487
0.0146146057665471
0.0105225161519139
0.00757621162937801
0.00545487237315217
0.00392750810866956
0.00282780583824208
0.0020360202035343
0.0014659345465447
0.00105547287351218
0.00075994046892877
0.000547157137628715
0.000393953139092675
0.000283646260146726
0.000204225307305642
0.000147042221260063
0.000105870399307245
7.62266875012164e-05
5.48832150008758e-05
3.95159148006306e-05
2.8451458656454e-05
0.280020485050233
0.201614749236168
0.145162619450041
0.104517086004029
0.0752523019229011
0.0541816573844888
0.0390107933168319
0.028087771188119
0.0202231952554457
0.0145607005839209
0.290483704420423
0.209148267182705
0.150586752371547
0.108422461707514
0.0780641724294101
0.0562062041491753
0.0404684669874062
0.0291372962309325
0.0209788532862714
0.0151047743661154
0.0108754375436031
0.287830315031394
0.207237826822604
0.149211235312275
0.107432089424838
0.0773511043858832
0.0556927951578359
0.0400988125136419
0.0288711450098221
0.0207872244070719
0.0149668015730918
0.0107760971326261
0.00775878993549079
0.00558632875355337
0.284022156702558
0.204495952825842
0.147237086034606
0.106010701944917
0.35632770540034
0.256555947888245
0.184720282479536
0.132998603385266
0.375758994437392
0.270546475994922
0.474793462716344
0.341851293155768
0.246132931072153
0.17721571037195
0.407595311467804
0.293468624256819
0.49129740946491
0.633734134814735
0.456288577066609
0.328527775487959
0.51653999835133
0.371908798812958
0.547774335145329
0.394397521304637
0.563966215339339
0.406055675044324
0.292360086031913
0.210499261942977
0.151559468598944
0.109122817391239
0.0785684285216924
0.0565692685356185
0.0407298733456454
0.0293255088088647
0.0211143663423825
0.0152023437665154
0.0109456875118911
0.0078808950085616
0.00567424440616435
0.00408545597243833
0.0029415283001556
0.282117900376112
0.203124888270801
0.146249919554976
0.105299942079583
0.3558159582973
0.256187489974056
0.18445499278132
0.132807594802551
0.0956214682578364
0.0688474571456422
0.0495701691448624
0.315690521784301
0.227297175684697
0.163653966492982
0.117830855874947
0.0848382162299617
0.0610835156855724
0.0439801312936121
0.311665694531401
0.224399300062609
0.161567496045078
0.116328597152456
0.0837565899497685
0.0603047447638333
0.04341941622996
0.0312619796855712
0.0225086253736113
0.0162062102690001
0.29166847139368
0.21000129940345
0.431200935570484
0.310464673610748
0.223534564999739
0.160944886799812
0.115880318495865
0.0834338293170225
0.0600723571082562
0.0432520971179445
0.03114150992492
0.0224218871459424
0.0161437587450785
0.291623506296457
0.209968924533449
0.151177625664083
0.10884789047814
0.0783704811442607
0.0564267464238677
0.320627257425185
0.510851625346133
0.367813170249216
0.264825482579435
0.470674347457193
0.338885530169179
0.243997581721809
0.455678258839703
0.608088346364586
0.717823609382502
0.796832998755401
0.853719759103889
0.6146782265548
0.442568323119456
0.878649192646008
0.632627418705126
0.455491741467691
0.327954053856737
0.236126918776851
0.170011381519333
0.122408194693919
0.088133900179622
0.0634564081293278
0.045688613853116
0.0328958019742435
0.0236849774214554
0.0170531837434479
0.0122782922952825
0.00884037045260337
0.00636506672587442
0.00458284804262959
0.0032996505906933
0.00237574842529918
0.00171053886621541
0.00123158798367509
0.000886743348246067
0.000638455210737168
0.000459687751730761
0.000330975181246148
0.280238302130497
0.481771577533958
0.34687553582445
0.249750385793604
0.179820277771395
0.129470599995404
0.093218831996691
0.0671175590376175
0.0483246425070846
0.0347937426051009
0.0250514946756727
0.0180370761664843
0.0129866948398687
0.00935042028470547
0.286732302604988
0.206447257875591
0.148642025670426
0.107022258482707
0.0770560261075487
0.0554803387974351
0.0399458439341532
0.0287610076325903
0.020707925495465
0.0149097063567348
0.290734988576849
0.209329191775331
0.150717018078239
0.108516253016332
0.0781317021717589
0.0562548255636664
0.0405034744058398
0.0291625015722047
0.0209970011319873
0.0151178408150309
0.0108848453868222
0.00783708867851201
0.00564270384852865
0.00406274677094063
0.00292517767507725
0.00210612792605562
0.00151641210676005
0.00109181671686723
0.000786108036144408
0.000565997786023974
0.280407518405937
0.201893413252275
0.145363257541638
0.104661545429979
0.0753563127095851
0.0542565451509013
0.0390647125086489
0.0281265930062272
0.0202511469644836
0.0145808258144282
0.0104981945863883
0.00755870010219957
0.00544226407358369
0.00391843013298026
0.00282126969574578
0.00203131418093696
0.00146254621027461
0.00105303327139772
0.00075818395540636
0.000545892447892579
0.000393042562482657
0.000282990644987513
0.000203753264391009
0.000146702350361527
0.000105625692260299
7.60504984274155e-05
5.47563588677391e-05
3.94245783847722e-05
2.8385696437036e-05
2.04377014346659e-05
1.47151450329594e-05
1.05949044237308e-05
7.62833118508617e-06
5.49239845326204e-06
3.95452688634867e-06
2.84725935817104e-06
2.05002673788315e-06
1.47601925127587e-06
1.06273386091863e-06
7.6516837986141e-07
5.50921233500215e-07
3.96663288120155e-07
2.85597567446512e-07
2.05630248561488e-07
1.48053778964272e-07
1.06598720854276e-07
7.67510790150784e-08
5.52607768908564e-08
3.97877593614166e-08
2.864718674022e-08
2.06259744529584e-08
1.485070160613e-08
1.06925051564136e-08
7.69860371261781e-09
5.54299467308482e-09
3.99095616462107e-09
2.87348843852717e-09
2.06891167573956e-09
1.48961640653249e-09
1.07252381270339e-09
7.7221714514644e-10
5.55996344505437e-10
4.00317368043915e-10
2.88228504991619e-10
2.07524523593965e-10
1.49417656987655e-10
1.07580713031112e-10
7.74581133824004e-11
5.57698416353283e-11
4.01542859774364e-11
2.89110859037542e-11
2.0815981850703e-11
1.49875069325062e-11
1.07910049914044e-11
7.76952359381119e-12
5.59405698754406e-12
4.02772103103172e-12
2.89995914234284e-12
2.08797058248684e-12
1.50333881939053e-12
1.08240394996118e-12
7.7933084397205e-13
5.61118207659876e-13
4.04005109515111e-13
2.9088367885088e-13
2.09436248772633e-13
1.50794099116296e-13
1.08571751363733e-13
7.81716609818878e-14
5.62835959069592e-14
4.05241890530107e-14
2.91774161181677e-14
2.10077396050807e-14
1.51255725156581e-14
1.08904122112738e-14
7.84109679211717e-15
5.64558969032436e-15
4.06482457703354e-15
2.92667369546415e-15
2.10720506073419e-15
1.51718764372861e-15
0.280000000000001
0.201600000000001
0.145152000000001
0.10450944
0.0752467968000003
0.0541776936960002
0.0390079394611201
0.0280857164120065
0.0202217158166447
0.294559635387984
0.212082937479349
0.152699714985131
0.109943794789294
0.0791595322482919
0.33699486321877
0.242636301517515
0.17469813709261
0.12578265870668
0.0905635142688093
0.0652057302735427
0.0469481257969507
0.0338026505738045
0.304337908413139
0.21912329405746
0.157768771721371
0.113593515639387
0.361787331260359
0.540486878507458
0.38915055252537
0.280188397818266
0.201735646429152
0.145249665428989
0.104579759108872
0.355297426558388
0.255814147122039
0.184186185927868
0.132614053868065
0.095482118785007
0.348747125525205
0.251097930378148
0.180790509872266
0.130169167108032
0.0937218003177828
0.0674796962288036
0.0485853812847386
0.0349814745250118
0.0251866616580085
0.0181343963937661
0.0130567654035116
0.00940087109052835
0.00676862718518041
0.0048734115733299
0.00350885633279753
0.00252637655961422
0.00181899112292224
0.00130967360850401
0.000942964998122888
0.000678934798648479
0.000488833055026905
0.560351959799619
0.403453411055726
0.570486455960123
0.410750248291288
0.295740178769728
0.212932928714204
0.153311708674227
0.110384430245443
0.0794767897767192
0.0572232886392378
0.321200767820251
0.231264552830581
0.166510478038018
0.119887544187373
0.0863190318149086
0.0621497029067342
0.324747786092849
0.233818405986851
0.168349252310533
0.121211461663584
0.0872722523977802
0.0628360217264017
0.0452419356430092
0.0325741936629667
0.023453419437336
0.296886461994882
0.213758252636315
0.153905941898147
0.390812278166666
0.281384840279999
0.202597085001599
0.145869901201152
0.385026328864829
0.277218956782677
0.199597648883527
0.14371030719614
0.383471421181221
0.276099423250479
0.198791584740345
0.143129941013048
0.103053557529395
0.354198561421164
0.255022964223238
0.183616534240732
0.132203904653327
0.375186811350395
0.270134504172285
0.474496843004045
0.341637726962912
0.245979163413297
0.177104997657574
0.127515598313453
0.0918112307856862
0.0661040861656941
0.3275949420393
0.515868358268296
0.371425217953173
0.267426156926285
0.192546832986925
0.138633719750586
0.0998162782204218
0.0718677203187037
0.0517447586294667
0.317256226213216
0.508424482873516
0.366065627668931
0.26356725192163
0.189768421383574
0.136633263396173
0.0983759496452447
0.350830683744576
0.252598092296095
0.181870626453188
0.130946851046296
0.0942817327533328
0.0678828475823996
0.0488756502593277
0.035190468186716
0.0253371370944355
0.298242738707994
0.214734771869755
0.154609035746224
0.111318505737281
0.0801493241308424
0.0577075133742066
0.0415494096294287
0.0299155749331887
0.0215392139518958
0.015508234045365
0.291165928512663
0.209639468529117
0.150940417340964
0.108677100485494
0.0782475123495559
0.0563382088916803
0.0405635104020098
0.029205727489447
0.301028123792402
0.216740249130529
0.156052979373981
0.112358145149266
0.0808978645074718
0.0582464624453797
0.0419374529606734
0.310194966131685
0.223340375614813
0.160805070442665
0.115779650718719
0.0833613485174777
0.060020170932584
0.0432145230714605
0.0311144566114515
0.0224024087602451
0.0161297343073765
0.0116134087013111
0.288361654264944
0.20762039107076
0.149486681570947
0.107630410731082
0.0774938957263789
0.0557956049229928
0.0401728355445548
0.0289244415920795
0.0208255979462972
0.014994430521334
0.0107959899753605
0.00777311278225954
0.00559664120322687
0.00402958166632335
0.00290129879975281
0.00208893513582202
0.00150403329779186
0.00108290397441014
0.000779690861575298
0.280561377420334
0.202004191742641
0.145443018054701
0.104718972999385
0.0753976605595571
0.0542863156028811
0.0390861472340744
0.308142026008534
0.221862258726144
0.159740826282824
0.115013394923633
0.0828096443450159
0.339622943928411
0.244528519628456
0.176060534132489
0.126763584575392
0.091269780894282
0.0657142422438831
0.0473142544155958
0.034066263179229
0.0245277094890449
0.0176599508321123
0.0127151645991209
0.00915491851136701
0.00659154132818425
0.00474590975629266
0.00341705502453072
0.00246027961766211
0.00177140132471672
0.00127540895379604
0.000918294446733149
0.000661172001647867
0.000476043841186464
0.000342751565654254
0.000246781127271063
0.000177682411635165
0.000127931336377319
9.21105621916698e-05
6.63196047780022e-05
4.77501154401616e-05
3.43800831169164e-05
2.47536598441798e-05
1.78226350878094e-05
1.28322972632228e-05
9.23925402952041e-06
6.6522629012547e-06
4.78962928890338e-06
3.44853308801043e-06
2.48294382336751e-06
1.78771955282461e-06
1.28715807803372e-06
9.26753816184277e-07
6.6726274765268e-07
4.80429178309929e-07
3.45909008383149e-07
2.49054486035867e-07
1.79319229945824e-07
1.29109845560994e-07
9.29590888039154e-08
6.69305439388191e-08
4.81899916359497e-08
3.46967939778838e-08
2.49816916640763e-08
1.7986817998135e-08
1.29505089586572e-08
9.32436645023317e-09
6.71354384416788e-09
4.83375156780087e-09
3.48030112881663e-09
2.50581681274797e-09
1.80418810517854e-09
1.29901543572855e-09
9.35291113724555e-10
6.7340960188168e-10
4.84854913354809e-10
3.49095537615463e-10
2.51348787083133e-10
1.80971126699856e-10
1.30299211223896e-10
9.38154320812053e-11
6.75471110984678e-11
4.86339199908968e-11
0.280000000035016
0.201600000025212
0.145152000018153
0.10450944001307
0.0752467968094103
0.0541776937027754
0.319007939465998
0.229685716415519
0.165373715819174
0.119069075389805
0.0857297342806595
0.0617254086820749
0.0444422942510939
0.0319984518607876
0.0230388853397671
0.0165879974446323
0.0119433581601353
0.288599217875297
0.487791436870214
0.631209834546554
0.454471080873519
0.327219178228934
0.235597808324832
0.169630421993879
0.122133903835593
0.087936410761627
0.0633142157483714
0.325586235338827
0.234422089443956
0.168783904399648
0.121524411167747
0.0874975760407776
0.62299825474936
0.448558743419539
0.602962295262068
0.994132852588689
0.995775653863856
1.27695847078198
1.75941009896302
1.82677527125338
1.87527819530243
1.63020030061775
1.17374421644478
0.845095835840242
0.608469001804974
0.438097681299581
0.315430330535699
0.227109837985703
0.163519083349706
0.117733740011788
0.0847682928084876
0.0610331708221111
0.04394388299192
0.0316395957541824
0.0227805089430113
0.0164019664389682
0.571809415836057
0.691702779401961
0.778026001169412
0.560178720841977
0.403328679006223
0.570396648884481
0.690685587196826
1.05729362278171
1.32125140840283
1.51130101405004
1.08813673011603
1.34345844568354
1.24729008089215
0.898048858242348
1.20659517793449
1.42874852811283
1.02869894024124
0.740663236973693
0.813277530621059
0.585559822047162
0.421603071873957
0.583554211749249
0.420159032459459
0.302514503370811
0.217810442426984
0.156823518547428
0.112912933354148
0.0812973120149868
0.0585340646507905
0.0421445265485692
0.0303440591149698
0.301847722562778
0.2173303602452
0.436477859376544
0.594264058751112
0.707870122300801
0.509666488056576
0.366959871400735
0.544211107408529
0.391831997334141
0.282119038080581
0.203125707418019
0.146250509340973
0.105300366725501
0.0758162640423606
0.0545877101104996
0.31930315127956
0.229898268921283
0.445526753623324
0.320779262608793
0.230961069078331
0.166291969736398
0.399730218210207
0.567805757111349
0.408820145120171
0.294350504486523
0.211932363230297
0.152591301525814
0.109865737098586
0.0791033307109818
0.336954398111907
0.242607166640573
0.174677159981213
0.125767555186473
0.0905526397342606
0.0651979006086676
0.326942488438241
0.235398591675533
0.169486986006384
0.122030629924596
0.0878620535457094
0.0632606785529108
0.0455476885580958
0.0327943357618289
0.0236119217485168
0.0170005836589321
0.0122404202344311
0.00881310256879041
0.0063454338495291
0.00456871237166095
0.00328947290759588
0.00236842049346904
0.00170526275529771
0.281227789183814
0.202484008212346
0.145788485912889
0.10496770985728
0.355576751097242
0.816015260790014
0.58753098776881
0.703022311193543
1.06617606405935
0.767646766122733
0.552705671608368
0.397948083558025
0.286522620161778
0.20629628651648
0.148533326291866
0.106943994930143
0.0769996763497031
0.0554397669717862
0.0399166322196861
0.028739975198174
0.0206927821426853
0.0148988031427334
0.010727138262768
0.00772353954919299
0.00556094847541895
0.00400388290230165
0.00288279568965718
0.00207561289655317
0.00149444128551828
0.00107599772557316
0.000774718362412678
0.000557797220937128
0.000401613999074732
0.000289162079333807
0.000208196697120341
0.000149901621926646
0.000107929167787185
7.77090008067732e-05
5.59504805808767e-05
4.02843460182312e-05
2.90047291331265e-05
2.08834049758511e-05
1.50360515826128e-05
1.08259571394812e-05
7.79468914042645e-06
5.61217618110705e-06
4.04076685039707e-06
0.280002909352132
0.201602094733535
0.145153508208145
0.104510525909865
0.0752475786551026
0.0541782566316738
0.0390083447748052
0.30808600823786
0.221821925931259
0.159711786670506
0.114992486402765
0.0827945902099906
0.0596121049511932
0.0429207155648591
0.0309029152066986
0.022250098948823
0.0160200712431525
0.0115344512950698
0.00830480493245027
0.00597945955136419
0.00430521087698222
0.0030997518314272
0.00223182131862758
0.00160691134941186
0.00115697617157654
0.000833022843535108
0.000599776447345278
0.0004318390420886
0.000310924110303792
0.00022386535941873
0.000161183058781486
0.00011605180232267
8.35572976723222e-05
6.0161254324072e-05
4.33161031133318e-05
3.11875942415989e-05
2.24550678539512e-05
0.280016167648855
0.201611640707176
0.145160381309166
0.1045154745426
0.0752511416706718
0.0541808220028837
0.0390101918420763
0.0280873381262949
0.0202228834509323
0.0145604760846713
0.0104835427809633
0.00754815080229359
0.285434668577651
0.205512961375909
0.147969332190655
0.106537919177271
0.0767073018076353
0.0552292573014974
0.319765065257078
0.230230846985096
0.165766209829269
0.119351671077074
0.0859332031754932
0.0618719062863551
0.0445477725261757
0.0320743962188465
0.0230935652775695
0.01662736699985
0.011971704239892
0.00861962705272225
0.00620613147796002
0.00446841466413121
0.00321725855817447
0.00231642616188562
0.00166782683655765
0.00120083532232151
0.000864601432071484
0.000622513031091469
0.000448209382385857
0.000322710755317817
0.000232351743828828
0.000167293255556757
0.000120451144000865
8.67248236806226e-05
6.24418730500482e-05
4.49581485960347e-05
3.2369866989145e-05
0.280023306304232
0.201616780539047
0.145164081988114
0.104518139031442
0.0752530601026383
0.0541822032738996
0.0390111863572077
0.0280880541771895
0.0202233990075765
0.0145608472854551
0.0104838100455276
0.0075483432327799
0.00543480712760153
0.0039130611318731
0.00281740401494863
0.00202853089076301
0.281460542241349
0.202651590413772
0.145909145097916
0.105054584470499
0.0756393008187594
0.0544602965895068
0.0392114135444449
0.0282322177520003
0.0203271967814402
0.014635581682637
0.0105376188114986
0.007587085544279
0.00546270159188088
0.283933145146154
0.204431864505231
0.147190942443766
0.105977478559512
0.0763037845628485
0.0549387248852509
0.0395558819173806
0.308480234980514
0.22210576918597
0.159916153813898
0.115139630746007
0.082900534137125
0.05968838457873
0.0429756368966856
0.0309424585656136
0.0222785701672418
0.0160405705204141
0.0115492107746982
0.00831543175778267
0.00598711086560352
0.00431071982323453
0.00310371827272886
0.00223467715636478
0.281608967552583
0.20275845663786
0.145986088779259
0.105109983921066
0.0756791884231678
0.0544890156646808
0.0392320912785702
0.308247105720571
0.781937916118811
0.562995299605544
0.405356615715992
0.291856763315514
0.49013686958717
0.352898546102762
0.254086953193989
0.462942606299672
0.613318676535764
0.44158944710575
0.59794440191614
0.430519969379621
0.309974377953327
0.223181552126395
0.160690717531005
0.675697316622323
0.486502067968073
0.350281488937012
0.252202672034649
0.181585923864947
0.130741865182762
0.0941341429315886
0.0677765829107438
0.0487991396957355
0.0351353805809296
0.0252974740182693
0.0182141812931539
0.0131142105310708
0.00944223158237098
0.0067984067393071
0.00489485285230111
0.0035242940536568
0.0025374917186329
0.00182699403741569
0.00131543570693929
0.000947113708996292
0.00068192187047733
0.000490983746743678
0.280353508297655
0.201854525974312
0.145335258701505
0.104641386265083
0.07534179811086
0.0542460946398192
0.0390571881406698
0.0281211754612823
0.0202472463321232
0.294578017359129
0.212096172498573
0.432709244198972
0.31155065582326
0.224316472192747
0.161507859978778
0.11628565918472
0.0837256746129985
0.0602824857213589
0.0434033897193784
0.0312504405979525
0.0225003172305258
0.0162002284059786
0.0116641644523046
0.00839819840565928
0.00604670285207468
0.284353626053494
0.204734610758516
0.147408919746131
0.106134422217214
0.356416783996394
0.256620084477404
0.184766460823731
0.133031851793086
0.0957829332910221
0.0689637119695359
0.0496538726180658
0.315750788285007
0.227340567565205
0.163685208646948
0.117853350225802
0.0848544121625777
0.061095176757056
0.0439885272650803
0.0316717396308578
0.0228036525342176
0.296418629824637
0.493421413473738
0.355263417701092
0.255789660744786
0.464168555736246
0.334201360130097
0.24062497929367
0.173249985091442
0.124739989265838
0.0898127922714037
0.0646652104354107
0.0465589515134957
0.0335224450897169
0.0241361604645962
0.297378035534509
0.214112185584847
0.15416077362109
0.110995757007185
0.0799169450451728
0.337540200432524
0.243028944311418
0.174980839904221
0.125986204731039
0.090710067406348
0.0653112485325705
0.327024098943451
0.515457351239285
0.371129292892285
0.547213090882445
0.39399342543536
0.28367526631346
0.204246191745691
0.147057258056897
0.105881225800966
0.0762344825766956
0.0548888274552208
0.039519955767759
0.0284543681527865
0.0204871450700063
0.0147507444504045
0.0106205360042912
0.0076467859230897
0.00550568586462458
0.0039640938225297
0.00285414755222138
0.0020549862375994
0.00147959009107157
0.00106530486557153
0.000767019503211499
0.000552254042312279
0.000397622910464841
0.000286288495534686
0.280206127716785
0.201748411956085
0.145258856608381
0.104586376758035
0.0753021912657849
0.0542175777113651
0.0390366559521829
0.0281063922855717
0.0202366024456116
0.0145703537608404
0.0104906547078051
0.00755327138961964
0.00543835540052614
0.00391561588837882
0.00281924343963275
0.00202985527653558
0.00146149579910562
0.00105227697535604
0.000757639422256352
0.000545500384024574
0.000392760276497693
0.000282787399078339
0.000203606927336404
0.000146596987682211
0.000105549831131192
0.280075995878414
0.201654717032458
0.14519139626337
0.104537805309626
0.075267219822931
0.0541923982725103
0.0390185267562074
0.0280933392644694
0.0202272042704179
0.0145635870747009
0.0104857826937847
0.00754976353952495
0.00543582974845797
0.00391379741888973
0.00281793414160061
0.00202891258195244
0.00146081705900576
0.00105178828248414
0.000757287563388584
0.00054524704563978
0.000392577872860642
0.000282656068459662
0.000203512369290957
0.000146528905889489
0.000105500812240432
7.5960584813111e-05
5.46916210654399e-05
3.93779671671167e-05
0.28002835213636
0.201620413538179
0.145166697747489
0.104520022378192
0.0752544161122984
0.0541831796008548
0.0390118893126155
0.0280885603050831
0.0202237634196599
0.0145611096621551
0.290483998956752
0.489148479248861
0.35218690505918
0.25357457164261
0.182573691582679
0.131453057939529
0.0946462017164608
0.0681452652358517
0.0490645909698132
0.0353265054982655
0.0254350839587512
0.0183132604503009
0.0131855475242166
0.00949359421743596
0.00683538783655389
0.0049214792423188
0.00354346505446954
0.00255129483921807
0.00183693228423701
0.00132259124465065
0.000952265696148465
0.000685631301226895
0.000493654536883364
0.000355431266556022
0.000255910511920336
0.000184255568582642
0.000132664009379502
9.55180867532416e-05
6.87730224623339e-05
4.95165761728804e-05
3.56519348444739e-05
2.56693930880212e-05
1.84819630233753e-05
1.33070133768302e-05
9.58104963131774e-06
6.89835573454877e-06
4.96681612887512e-06
0.280003576107613
0.201602574797481
0.145153853854186
0.384510774775014
0.27684775783801
0.199330385643367
0.143517877663224
0.103332871917522
0.0743996677806156
0.333567760802043
0.240168787777471
0.172921527199779
0.124503499583841
0.0896425197003655
0.0645426141842632
0.0464706822126695
0.313458891193122
0.505690401659048
0.364097089194514
0.26214990422005
0.188747931038436
0.415898510347674
0.299446927450325
0.215601787764234
0.155233287190249
0.111767966776979
0.360472936079425
0.259540513977186
0.186869170063574
0.414545802445773
0.298472977760957
0.214900543987889
0.15472839167128
0.111404442003322
0.640211198242392
1.02095206273452
1.01508548516886
0.730861549321576
0.526220315511535
0.378878627168305
0.27279261156118
0.196410680324049
0.141415689833316
0.381819296679987
0.274909893609591
0.477935123398905
0.344113288847212
0.247761567969993
0.178388328938395
0.128439596835644
0.0924765097216638
0.346583086999598
0.249539822639711
0.179668672300592
0.129361444056426
0.373140239720627
0.548660972598851
0.395035900271173
0.564425848195244
0.686386610700576
0.494198359704415
0.355822818987179
0.256192429670769
0.184458549362953
0.132810155541326
0.095623311989755
0.348848784632624
0.531171124935489
0.662443209953552
0.756959111166557
1.38501056003992
0.997207603228743
0.997989474324695
0.718552421513781
0.517357743489922
0.372497575312744
0.268198254225176
0.193102743042126
0.139033974990331
0.380104461993038
0.273675212634988
0.197046153097191
0.421873230229978
0.303748725765584
0.49869908255122
0.639063339436879
0.740125604394553
0.812890435164078
0.585281113318136
0.421402401589058
0.863409729144122
0.621655004983768
0.447591603588313
0.322265954583585
0.512031487300181
0.368662670856131
0.265437123016414
0.191114728571818
0.137602604571709
0.0990738752916305
0.0713331902099739
0.0513598969511812
0.0369791258048505
0.306624970579492
0.220769978817235
0.158954384748409
0.114447157018854
0.0824019530535751
0.0593294061985741
0.0427171724629733
0.0307563641733408
0.302144582204805
0.21754409918746
0.156631751414971
0.392774861018779
0.282797899933521
0.203614487952135
0.146602431325537
0.105553750554387
0.0759987003991585
0.0547190642873941
0.0393977262869238
0.0283663629265851
0.300423781307141
0.216305122541142
0.155739688229622
0.112132575525328
0.0807354543782361
0.05812952715233
0.321853259549678
0.231734346875768
0.166848729750553
0.120131085420398
0.0864943815026866
0.0622759546819343
0.0448386873709927
0.312283854907115
0.504844375533123
0.363487950383848
0.261711324276371
0.188432153478987
0.695671150504871
0.500883228363507
0.360635924421725
0.259657865583642
0.186953663220222
0.13460663751856
0.0969167790133632
0.349780080889622
0.811841658240528
0.58452599393318
0.420858715631889
0.58301827525496
0.419773158183571
0.302236673892171
0.217610405202363
0.156679491745702
0.392809234056905
0.282822648520972
0.2036323069351
0.146615260993272
0.105562987915156
0.076005351298912
0.0547238529352167
0.319401174113356
0.229968845361616
0.445577568660364
0.320815849435462
0.230987411593533
0.166310936347343
0.119743874170087
0.0862155894024628
0.0620752243697732
0.324694161546237
0.23377979631329
0.168321453345569
0.12119144640881
0.087257841414343
0.062825645818327
0.0452344649891954
0.0325688147922207
0.0234495466503989
0.0168836735882872
0.0121562449835668
0.00875249638816809
0.00630179739948103
0.284537294127626
0.204866851771891
0.147504133275761
0.106202975958548
0.0764661426901547
0.0550556227369114
0.0396400483705762
0.0285408348268149
0.0205494010753067
0.0147955687742208
0.010652809517439
0.00767002285255608
0.00552241645384037
0.00397613984676507
0.00286282068967085
0.00206123089656301
0.00148408624552537
0.00106854209677827
0.000769350309680351
0.000553932222969853
0.000398831200538294
0.000287158464387572
0.000206754094359052
0.000148862947938517
0.000107181322515732
7.71705522113273e-05
5.55627975921556e-05
4.0005214266352e-05
2.88037542717735e-05
0.280020738703076
0.201614931866214
0.145162750943674
0.104517180679446
0.0752523700892008
0.0541817064642246
0.0390108286542417
0.028087796631054
0.0202232135743589
0.0145607137735384
0.0104837139169477
0.00754827402020231
0.00543475729454566
0.00391302525207288
0.00281737818149247
0.00202851229067458
0.0014605288492857
0.0010515807714857
0.000757138155469705
0.000545139471938188
0.000392500419795495
0.000282600302252756
0.000203472217621985
0.000146499996687829
0.000105479997615237
7.59455982829705e-05
5.46808307637388e-05
3.93701981498919e-05
2.83465426679222e-05
2.0409510720904e-05
1.46948477190509e-05
1.05802903577166e-05
7.61780905755596e-06
5.48482252144029e-06
3.94907221543701e-06
0.280002843331995
0.201602047199037
0.145153473983306
0.104510501267981
0.075247560912946
0.0541782438573211
0.0390083355772712
0.0280860016156353
0.0202219211632574
0.0145597832375453
0.0104830439310326
0.00754779163034349
0.00543440997384731
0.00391277518117007
0.00281719813044245
0.00202838265391856
0.00146043551082136
0.00105151356779138
0.000757089768809795
0.000545104633543052
0.000392475336150998
0.000282582242028718
0.000203459214260677
0.000146490634267688
0.000105473256672735
7.59407448043692e-05
5.46773362591459e-05
3.9367682106585e-05
2.83447311167412e-05
2.04082064040537e-05
1.46939086109186e-05
1.05796141998614e-05
7.61732222390022e-06
5.48447200120816e-06
3.94881984086988e-06
2.84315028542631e-06
2.04706820550694e-06
1.473889107965e-06
1.0612001577348e-06
7.64064113569055e-07
5.5012616176972e-07
3.96090836474198e-07
2.85185402261423e-07
2.05333489628224e-07
0.280000147840113
0.201600106444881
0.145152076640314
0.104509495181026
0.075246836530339
0.054177722301844
0.319007960057328
0.229685731241276
0.165373726493719
0.119069083075477
0.0857297398143437
0.0617254126663275
0.0444422971197558
0.311998453926224
0.224638886826881
0.161739998515355
0.116452798931055
0.36384601523036
0.261969130965859
0.188617774295419
0.135804797492701
0.097779454194745
0.0704012070202164
0.0506888690545558
0.0364959857192802
0.0262771097178817
0.0189195189968748
0.0136220536777499
0.00980787864797991
0.00706167262654554
0.00508440429111279
0.283660771089601
0.484235755184513
0.348649743732849
0.531027815487652
0.382340027151109
0.275284819548799
0.758205070075135
0.545907650454097
0.67305350832695
0.484598525995404
0.628910938716691
0.452815875876017
0.326027430630733
0.234739750054127
0.169012620038972
0.40168908642806
0.569216142228203
0.409835622404306
0.2950816481311
0.492458786654392
0.354570326391162
0.255290635001637
0.183809257201179
0.412342665184849
0.576886718933091
0.415358437631826
0.579058075094914
0.416921814068338
0.580183706129204
0.417732268413027
0.300767233257379
0.216552407945313
0.155917733720625
0.11226076827885
0.0808277531607722
0.058195982275756
0.0419011072385443
0.0301687972117519
0.0217215339924614
0.0156395044745722
0.291260443221692
0.209707519119618
0.150989413766125
0.38871237791161
0.279872912096359
0.201508496709379
0.145086117630753
0.104462004694142
0.0752126433797822
0.0541531032334432
0.0389902343280791
0.0280729687162169
0.300212537475676
0.496153026982487
0.357230179427391
0.257205729187721
0.185188125015159
0.133335450010915
0.0960015240078586
0.0691210972856582
0.329767190045674
0.517432376832885
0.372551311319677
0.268236944150168
0.193130599788121
0.139054031847447
0.100118902930162
0.0720856101097165
0.0519016392789959
0.037369180280877
0.0269058098022315
0.0193721830576066
0.0139479718014768
0.0100425396970633
0.00723062858188556
0.00520605257895761
0.00374835785684948
0.00269881765693162
0.00194314871299077
0.00139906707335335
0.00100732829281441
0.000725276370826378
0.000522198986994992
0.000375983270636394
0.000270707954858204
0.280194909727498
0.201740335003799
0.985253041202735
0.989382189665969
0.712355176559498
1.07289572712284
0.772484923528444
0.556189144940479
0.400456184357145
0.568328452737144
0.689196485970744
0.496221469898936
0.357279458327234
0.257241209995608
0.185213671196838
0.133353843261723
0.0960147671484408
0.0691306323468774
0.0497740552897517
0.0358373198086212
0.0258028702622073
0.0185780665887892
0.0133762079439283
0.00963086971962834
0.0069342261981324
0.00499264286265533
0.00359470286111184
0.282588186060001
0.2034634939632
0.146493715653504
0.105475475270523
0.355942342194777
0.536278486380239
0.386120510193772
0.278006767339516
0.200164872484452
0.424118708188805
0.30536546989594
0.219863138325077
0.438301459594055
0.31557705090772
0.227215476653558
0.163595143190562
0.117788503097205
0.364807722229987
0.262661560005591
0.189116323204025
0.136163752706898
0.0980379019489668
0.0705872894032561
0.0508228483703444
0.036592450826648
0.0263465645951865
0.0189695265085343
0.0136580590861447
0.00983380254202418
0.00708033783025741
0.00509784323778534
0.00367044713120544
0.00264272193446792
0.0019027597928169
0.00136998705082817
0.000986390676596281
0.000710201287149322
0.000511344926747512
0.000368168347258209
0.00026508121002591
0.280190858471219
0.201737418099277
0.14525094103148
0.104580677542665
0.355298087830719
0.255814623238118
0.184186528731445
0.41261430068664
0.577082296494381
0.415499253475954
0.299159462502687
0.215394813001935
0.155084265361393
0.111660671060203
0.0803956831633461
0.0578848918776092
0.0416771221518786
0.0300075279493526
0.0216054201235339
0.0155559024889444
0.01120024979204
0.00806417985026877
0.00580620949219351
0.00418047083437933
0.00300993900075312
0.00216715608054224
0.00156035237799042
0.0011234537121531
0.000808886672750231
0.000582398404380167
0.00041932685115372
0.000301915332830678
0.000217379039638088
0.000156512908539424
0.000112689294148385
8.11362917868372e-05
5.84181300865228e-05
4.20610536622964e-05
3.02839586368534e-05
2.18044502185345e-05
1.56992041573448e-05
1.13034269932883e-05
8.13846743516755e-06
5.85969655332063e-06
4.21898151839086e-06
3.03766669324142e-06
2.18712001913382e-06
1.57472641377635e-06
1.13380301791897e-06
8.1633817290166e-07
5.87763484489195e-07
4.2318970883222e-07
3.04696590359199e-07
2.19381545058623e-07
1.57954712442209e-07
1.1372739295839e-07
0.280000081883723
0.20160005895628
0.145152042448522
0.104509470562936
0.0752468188053138
0.0541777095398259
0.0390079508686747
0.0280857246254458
0.0202217217303209
0.0145596396458311
0.0104829405449984
0.00754771719239883
0.00543435637852716
0.00391273659253955
0.00281717034662848
0.0020283626495725
0.0014604211076922
0.00105150319753839
0.000757082302227638
0.000545099257603899
0.000392471465474807
0.000282579455141861
0.00020345720770214
0.000146489189545541
0.000105472216472789
7.59399958604084e-05
5.4676797019494e-05
3.93672938540357e-05
2.83444515749057e-05
2.04080051339321e-05
1.46937636964311e-05
0.280010579509861
0.2016076172471
0.145157484417912
0.104513388780897
0.0752496399222457
0.0541797407440169
0.0390094133356921
0.0280867776016983
0.0202224798732228
0.0145601855087204
0.0104833335662787
0.00754800016772067
0.00543456012075888
0.00391288328694639
0.0028172759666014
0.282028438695953
0.203060475861086
0.426203542619982
0.306866550686387
0.220943916494199
0.439079619875823
0.316137326310593
0.227618874943627
0.163885589959411
0.117997624770776
0.0849582898349587
0.0611699686811703
0.324042377450443
0.513310511764319
0.369583568470309
0.266100169298623
0.471592121895008
0.619546327764406
0.446073355990372
0.321172816313068
0.231244427745409
0.166495987976694
0.11987711134322
0.0863115201671184
0.342144294520325
0.246343892054634
0.177367602279337
0.127704673641122
0.371947365021608
0.267802102815558
0.192817514027202
0.138828610099585
0.0999565992717013
0.071968751475625
0.05181750106245
0.037308600764964
0.306862192550774
0.220940778636557
0.439077360618321
0.316135699645191
0.227617703744538
0.163884746696067
0.117997017621168
0.0849578526872412
0.0611696539348137
0.0440421508330658
0.311710348599807
0.504431450991861
0.64319064471414
0.743097264194181
0.53503003021981
0.385221621758263
0.55735956766595
0.681298888719484
0.490535199878028
0.63318534391218
0.45589344761677
0.328243282284074
0.516335163244534
0.371761317536064
0.267668148625966
0.472721067010696
0.340359168247701
0.245058601138345
0.176442192819608
0.127038378830118
0.0914676327576848
0.905856695585533
0.652216820821584
0.46959611099154
0.338109199913909
0.243438623938014
0.17527580923537
0.406198582649467
0.292462979507616
0.490573345245484
0.353212808576748
0.254313222175259
0.183105519966186
0.131835974375654
0.0949219015504709
0.628343769116339
0.452407513763764
0.32573340990991
0.514528055135135
0.370460199697297
0.266731343782054
0.192046567523079
0.138273528616617
0.0995569406039642
0.0716809972348542
0.051610318009095
0.0371594289665484
0.0267547888559149
0.0192634479762587
0.0138696825429063
0.00998617143089251
0.00719004343024261
0.00517683126977468
0.283727318514238
0.484283669330251
0.908684241917781
1.2142526541808
1.71426191101018
2.07426857592733
2.05347337466768
2.03850082976073
1.74772059742772
1.81835883014796
1.86921835770653
1.6258372175487
1.73060279663507
2.08603401357725
2.06194448977562
2.04460003263845
1.47211202349968
1.33992065691977
0.964742872982234
0.694614868547209
0.50012270535399
0.640088347854873
0.460863610455508
0.331821799527966
0.238911695660136
0.172016420875298
0.123851823030214
0.0891733125817543
0.344204785058863
0.247827445242381
0.178435760574515
0.128473747613651
0.0925010982818284
0.0666007907629164
0.0479525693492998
0.0345258499314959
0.024858611950677
0.0178982006044875
0.012886704435231
0.0092784271933663
0.00668046757922373
0.00480993665704109
0.00346315439306958
0.0024934711630101
0.281795299237367
0.202892615450904
0.146082683124651
0.105179531849749
0.0757292629318192
0.0545250693109098
0.0392580499038551
0.0282657959307756
0.0203513730701585
0.0146529886105141
0.0105501517995701
0.287596109295691
0.487069198692897
0.350689823058886
0.252496672602398
0.181797604273726
0.130894275077083
0.0942438780554998
0.0678555921999598
0.0488560263839711
0.0351763389964592
0.0253269640774506
0.298235414135764
0.21472949817775
0.15460523868798
0.111315771855346
0.360147355735849
0.259306096129811
0.186700389213464
0.134424280233694
0.0967854817682598
0.349685546873147
0.251773593748666
0.181276987499039
0.410519430999308
0.295573990319502
0.492813273030042
0.35482555658163
0.255474400738774
0.183941568531917
0.13243792934298
0.375355309126946
0.270255822571401
0.754584192251409
0.543300618421014
0.39117644526313
0.281647040589454
0.202785869224407
0.146005825841573
0.105124194605932
0.0756894201162714
0.334496382483715
0.240837395388275
0.173402924679558
0.124850105769282
0.369892076153883
0.266322294830796
0.471752052278173
0.339661477640284
0.244556263901005
0.176080510008723
0.126777967206281
0.0912801363885222
0.065721698199736
0.0473196227038099
0.0340701283467431
0.0245304924096551
0.0176619545349516
0.0127166072651652
0.289155957230919
0.208192289206262
0.149898448228508
0.107926882724526
0.0777073555616587
0.0559492960043943
0.0402834931231639
0.029004115048678
0.0208829628350482
0.0150357332412347
0.010825727933689
0.00779452411225606
0.00561205736082436
0.00404068129979354
0.00290929053585135
0.00209468918581297
0.00150817621378534
0.00108588687392544
0.00078183854922632
0.00056292375544295
0.000405305103918924
0.000291819674821625
0.00021011016587157
0.000151279319427531
0.000108921109987822
7.84231991912318e-05
5.64647034176869e-05
4.06545864607346e-05
2.92713022517289e-05
2.10753376212448e-05
1.51742430872963e-05
1.09254550228533e-05
7.86632761645438e-06
5.66375588384715e-06
4.07790423636995e-06
2.93609105018636e-06
2.11398555613418e-06
1.52206960041661e-06
1.09589011229996e-06
7.89040880855971e-07
5.68109434216299e-07
4.09038792635735e-07
0.280000294507931
0.20160021204571
0.425152152672911
0.306109549924496
0.220398875945637
0.158687190680859
0.114254777290218
0.0822634396489572
0.0592296765472492
0.0426453671140194
0.030704664322094
0.0221073583119077
0.0159172979845735
0.0114604545488929
0.00825152727520291
0.00594109963814609
0.00427759173946519
0.00307986605241493
0.00221750355773875
0.0015966025615719
0.00114955384433177
0.000827678767918874
0.000595928712901589
0.000429068673289144
0.000308929444768184
0.000222429200233092
0.000160149024167826
0.000115307297400835
8.30212541286012e-05
5.97753029725929e-05
4.30382181402669e-05
3.09875170609921e-05
2.23110122839143e-05
1.60639288444183e-05
1.15660287679812e-05
8.32754071294646e-06
5.99582931332145e-06
4.31699710559144e-06
3.10823791602584e-06
2.2379312995386e-06
1.6113105356678e-06
1.16014358568081e-06
8.35303381690185e-07
6.01418434816933e-07
4.33021273068192e-07
3.11775316609098e-07
2.24478227958551e-07
1.61624324130156e-07
1.16369513373713e-07
8.37860496290731e-08
6.03259557329326e-08
4.34346881277115e-08
3.12729754519523e-08
2.25165423254056e-08
1.62119104742921e-08
1.16725755414903e-08
8.404254389873e-09
6.05106316070856e-09
4.35676547571016e-09
0.560000003136871
0.403200002258547
0.290304001626154
0.209018881170831
0.430493594442998
0.309955387998959
0.22316787935925
0.16068087313866
0.115690228659835
0.0832969646350814
0.339973814537259
0.244781146466826
0.176242425456115
0.126894546328403
0.37136407335645
0.267382132816644
0.192515135627984
0.138610897652148
0.379799846309547
0.273455889342874
0.196888240326869
0.141759533035346
0.102066863785449
0.0734881419255232
0.332911462186377
0.239696252774191
0.172581301997418
0.404258537438141
0.291066146955461
0.209567625807932
0.150888690581711
0.108639857218832
0.0782206971975591
0.0563189019822425
0.0405496094272146
0.0291957187875945
0.0210209175270681
0.015135060619489
0.0108972436460321
0.287846015425143
0.207249131106103
0.149219374396394
0.107437949565404
0.0773553236870907
0.0556958330547053
0.0401009997993878
0.0288727198555592
0.0207883582960026
0.0149676179731219
0.0107766849406478
0.0077592131572664
0.0055866334732318
0.0040223761007269
0.00289611079252337
0.00208519977061682
0.00150134383484411
0.281080967561088
0.202378296643983
0.145712373583668
0.104912908980241
0.0755372944657734
0.0543868520153569
0.039158533451057
0.028194144084761
0.0202997837410279
0.29461584429354
0.492123407891349
0.354328853681771
0.255116774650875
0.18368407774863
0.132252535979014
0.37522182590489
0.270159714651521
0.194514994549095
0.140050796075348
0.100836573174251
0.0726023326854606
0.332273679533532
0.239237049264143
0.172250675470183
0.124020486338532
0.0892947501637427
0.0642922201178948
0.0462903984848842
0.0333290869091166
0.023996942574564
0.297277798653686
0.214040015030654
0.154108810822071
0.110958343791891
0.0798900075301615
0.0575208054217163
0.0414149799036357
0.589818785530618
0.424669525582045
0.305762058419072
0.220148682061732
0.158507051084447
0.114125076780802
0.0821700552821773
0.0591624398031677
0.0425969566582807
0.310669808793962
0.223682262331653
0.16105122887879
0.115956884792729
0.0834889570507647
0.340112049076551
0.244880675335116
0.176314086241284
0.126946142093724
0.0914012223074815
0.0658088800613867
0.0473823936441984
0.0341153234238229
0.0245630328651525
0.0176853836629098
0.292733476237295
0.210768102890852
0.151753034081414
0.109262184538618
0.0786687728678049
0.0566415164648195
0.0407818918546701
0.0293629621353624
0.021141332737461
0.0152217595709719
0.0109596668910998
0.00789096016159183
0.00568149131634611
0.284090673747769
0.484545285098394
0.628872605270844
0.452788275795007
0.326007558572405
0.234725442172132
0.169002318363935
0.121681669222033
0.0876108018398638
0.063079777324702
0.0454174396737854
0.0327005565651255
0.30354440072689
0.218551968523361
0.15735741733682
0.11329734048251
0.0815740851474075
0.0587333413061334
0.042288005740416
0.0304473641330995
0.0219221021758317
0.0157839135665988
0.0113644177679511
0.00818238079292482
0.00589131417090587
0.00424174620305223
0.0030540572661976
0.00219892123166227
0.00158322328679684
0.281139920766494
0.202420742951875
0.14574293492535
0.104934913146252
0.0755531374653016
0.0543982589750172
0.0391667464620123
0.0282000574526489
0.0203040413659072
0.0146189097834532
0.0105256150440863
0.00757844283174213
0.00545647883885433
0.00392866476397512
0.00282863863006209
0.0020366198136447
0.00146636626582419
0.00105578371139341
0.280760164272203
0.202147318275986
0.14554606915871
0.104793169794271
0.0754510822518754
0.0543247792213503
0.0391138410393722
0.028161965548348
0.0202766151948105
0.0145991629402636
0.0105113973169898
0.00756820606823264
0.0054491083691275
0.283923358025772
0.204424817778556
0.14718586880056
0.105973825536403
0.0763011543862104
0.0549368311580715
0.0395545184338114
0.0284792532723442
0.0205050623560879
0.0147636448963833
0.0106298243253959
0.00765347351428508
0.00551050093028526
0.00396756066980538
0.00285664368225988
0.00205678345122711
0.00148088408488352
0.00106623654111613
0.000767690309603617
0.000552737022914604
0.000397970656498515
0.000286538872678931
0.00020630798832883
0.000148541751596758
0.000106950061149666
0.280077004044028
0.2016554429117
0.145191918896424
0.104538181605425
0.0752674907559062
0.0541925933442525
0.0390186672078618
0.0280934403896605
0.0202272770805555
0.014563639498
0.01048582043856
0.00754979071576319
0.0054358493153495
0.00391381150705164
0.00281794428507718
0.00202891988525557
0.00146082231738401
0.00105179206851649
0.000757290289331871
0.000545249008318947
0.000392579285989642
0.000282657085912542
0.00020351310185703
0.000146529433337062
0.000105501192002684
7.59608582419328e-05
5.46918179341916e-05
3.9378108912618e-05
2.83522384170849e-05
2.04136116603012e-05
1.46978003954168e-05
1.05824162847001e-05
7.61933972498409e-06
5.48592460198854e-06
3.94986571343175e-06
2.84390331367086e-06
0.280002047610386
0.201601474279478
0.145153061481224
0.104510204266481
0.0752473470718665
0.0541780898917439
0.0390082247220556
0.02808592179988
0.0202218636959136
0.0145597418610578
0.0104830141399616
0.00754777018077237
0.00543439453015611
0.0039127640617124
0.00281719012443292
0.00202837688959171
0.00146043136050603
0.281051510579564
0.482357087617286
0.347297103084446
0.250053914220801
0.180038818238977
0.129627949132063
0.0933321233750856
0.347199128830062
0.249983372757644
0.179988028385504
0.129591380437563
0.0933057939150452
0.0671801716188326
0.328369723565559
0.236426200967203
0.450226864696386
0.324163342581398
0.233397606658607
0.448046276794197
0.322593319291822
0.232267189890112
0.16723237672088
0.120407311239034
0.0866932640921043
0.0624191501463151
0.324941788105347
0.23395808743585
0.168449822953812
0.401283872526745
0.568924388219256
0.409625559517864
0.294930402852862
0.492349890054061
0.354491920838924
0.255234183004025
0.183768611762898
0.132313400469287
0.0952656483378864
0.0685912668032782
0.0493857120983603
0.315557712710819
0.22720155315179
0.163585118269289
0.397781285153888
0.286402525310799
0.206209818223775
0.988471069121118
0.711699169767205
0.512423402232388
0.368944849607319
0.26564029171727
0.191261010036434
0.417707927226233
0.300749707602888
0.216539789474079
0.155908648421337
0.112254226863363
0.360823043341621
0.259792591205967
0.467050665668296
0.896276479281173
1.20531906508245
0.86782972685936
0.624837403338739
0.449882930403892
0.323915709890802
0.233219311121378
0.447917904007392
0.322500890885322
0.232200641437432
0.167184461834951
0.120372812521165
0.366668425015239
0.264001266010972
0.4700809115279
0.618458256300088
0.445289944536063
0.320608760065966
0.230838307247495
0.166203581218197
0.119666578477101
0.0861599365035131
0.0620351542825294
0.0446653110834212
0.0321590239800632
0.0231544972656455
0.0166712380312648
0.292003291382511
0.210242369795408
0.151374506252694
0.108989644501939
0.0784725440413963
0.0565002317098054
0.0406801668310598
0.0292897201183631
0.301088598485221
0.216783790909359
0.156084329454739
0.392380717207412
0.282514116389337
0.203410163800322
0.146455317936232
0.105447828914087
0.0759224368181427
0.0546641545090628
0.0393581912465252
0.0283378976974981
0.0204032863421987
0.294690366166383
0.492177063639796
0.354367485820653
0.25514458979087
0.183704104649427
0.132266955347587
0.375232207850263
0.270167189652189
0.194520376549576
0.140054671115695
0.3808393632033
0.274204341506376
0.197427125884591
0.422147530636905
0.303946222058572
0.218841279882172
0.157565721515164
0.113447319490918
0.361682070033461
0.260411090424092
0.187495985105346
0.414997109275849
0.298797918678611
0.4951345014486
0.356496841042992
0.256677725550954
0.184807962396687
0.133061732925615
0.0958044477064426
0.0689792023486387
0.0496650256910198
0.0357588184975343
0.0257463493182247
0.0185373715091218
0.0133469074865677
0.289609773390329
0.208519036841037
0.150133706525546
0.108096268698393
0.0778293134628432
0.336037105693247
0.241946716099138
0.174201635591379
0.125425177625793
0.090306127890571
0.0650204120812111
0.046814696698472
0.0337065816228999
0.0242687387684879
0.0174734919133113
0.0125809141775841
0.00905825820786057
0.28652194590966
0.206295801054955
0.148532976759568
0.106943743266889
0.0769994951521598
0.0554396365095551
0.0399165382868796
0.0287399075665533
0.0206927334479184
0.0148987680825012
0.0107271130194009
0.287723521373969
0.487160935389257
0.350755873480265
0.252544228905791
0.18183184481217
0.410918928264762
0.295861628350629
0.213020372412453
0.153374668136966
0.110429761058615
0.0795094279622031
0.0572467881327862
0.0412176874556061
0.0296767349680364
0.0213672491769862
0.0153844194074301
0.29107678197335
0.209575283020812
0.430894203774984
0.590243826717989
0.704975555236952
0.787582399770605
0.847059327834836
0.889882716041082
0.640715555549579
0.741315199995697
0.533746943996902
0.384297799677769
0.276694415767994
0.199219979352956
0.703438385134128
0.786475637296572
0.566262458853532
0.407708970374543
0.293550458669671
0.211356330242163
0.152176557774357
0.109567121597537
0.358888327550227
0.258399595836163
0.186047709002038
0.133954350481467
0.0964471323466563
0.349441935289593
0.251598193408507
0.181150699254125
0.13042850346297
0.0939085224933383
0.0676141361952036
0.0486821780605466
0.0350511682035935
0.0252368411065873
0.298170525596743
0.214682778429655
0.154571600469352
0.111291552337933
0.360129917683312
0.259293540731985
0.466691349327029
0.616017771515461
0.443532795491132
0.319343612753615
0.229927401182603
0.165547728851474
0.119194364773061
0.365819942636604
0.263390358698355
0.189641058262816
0.136541561949227
0.0983099246034436
0.0707831457144794
0.0509638649144251
0.0366939827383861
0.026419667571638
0.0190221606515794
0.0136959556691371
0.00986108808177874
0.287099983418881
0.206711988061594
0.148832631404348
0.10715949461113
0.0771548361200139
0.05555148200641
0.0399970670446152
0.0287978882721229
0.0207344795559285
0.0149288252802685
0.0107487542017933
0.0077391030252912
0.00557215417820967
0.284011951008311
0.484488604725984
0.348831795402708
0.53115889268995
0.382434402736764
0.83535276997047
0.881453994378739
0.914646875952692
1.77854575068594
2.12055294049388
1.80679811715559
1.30089464435203
1.49664414393346
1.35758378363209
1.2574603242151
1.46537143343488
1.05506743207311
1.03964855109264
1.3085469567867
1.22215380888642
1.71995074239823
2.07836453452672
1.77642246485924
1.27902417469865
1.76089740578303
1.26784613216378
1.75284921515792
1.8220514349137
1.31187703313787
1.22455146385926
1.44167705397867
1.59800747886464
1.43056538478254
1.31000707704343
1.50320509547127
1.92230766873931
1.66406152149231
2.03812429547446
1.74744949274161
2.09816363477396
1.51067781703725
1.64768802826682
1.46633538035211
1.89576147385352
1.92494826117453
1.66596274804566
2.03949317859288
2.58843508858687
2.70367326378255
3.62664474992343
3.17118421994487
2.28325263836031
1.92394189961942
1.94523816772598
2.52057148076271
2.37481146614915
1.98986425562739
1.71270226405172
2.07314563011724
2.33266485368441
2.51951869465278
1.81405346015
2.986118491308
2.43000531374176
1.74960382589407
1.81971475464373
2.15019462334348
2.66814012880731
3.04106089274126
3.58956384277371
3.98448596679707
4.26882989609389
3.9135575251876
3.65776141813507
2.63358822105725
2.73618351916122
3.65005213379608
2.62803753633318
2.17218702615989
2.12397465883512
1.80926175436129
1.30266846314013
1.49792129346089
1.63850333129184
2.57972239853013
2.13740012694169
2.09892809139802
2.35122822580657
1.97288432258073
1.70047671225813
2.90434323282585
2.93112712763461
3.23041153189692
2.88589630296578
2.63784533813536
2.73924864345746
1.97225902328937
1.98002649676835
1.98561907767321
1.98964573592471
1.43254492986579
1.59143234950337
2.26583129164243
2.19139852998255
2.41780694158743
2.58082099794295
3.81819111851893
3.30909760533363
3.50255027584021
3.36183619860495
3.54052206299557
3.10917588535681
2.7986066374569
2.57499677896897
1.85399768085766
1.89487833021751
2.48431239775661
3.18870492638476
3.41586754699703
3.01942463383786
3.85398573636326
3.05486973018155
3.31950620573071
2.67004446812611
2.4824320170508
2.90735105227658
3.77329275763914
2.99677078550018
3.27767496556013
2.63992597520329
1.90074670214637
1.36853762554539
1.54534709039268
1.67264990508273
1.76430793165956
1.55030171079489
2.51621723177232
3.49167640687607
3.91400701295077
2.81808504932455
3.42902123551368
3.30889528956985
2.66240460849029
1.91693131811301
1.66019054904137
1.19533719530978
1.42064278062304
2.70286280204859
2.22606121747499
2.44276407658199
2.59879013513903
2.4311288973001
2.87041280605607
2.34669722036037
2.24962199865947
1.61972783903482
1.72620404410507
1.52286691175565
1.65646417646407
2.59265420705413
2.42671102907897
2.30723194093686
2.50120699747454
2.08086903818167
2.3382257074908
2.52352250939338
3.49693620676323
3.07779406886953
2.77601172958606
2.27872844530196
2.76068448061741
2.26769282604454
2.19273883475207
1.85877196102149
2.17831581193547
2.96838738459354
2.97723891690735
2.14361202017329
1.82340065452477
1.59284847125783
1.70685089930564
1.78893264750006
2.12803150620004
1.53218268446403
1.6631715328141
1.47748350362615
1.06378812261083
0.765927448279798
1.11146776276145
1.08025678918825
1.61778488821554
1.72480511951519
1.80185968605094
1.29733897395667
1.2140840612488
0.874140524099139
0.62938117735138
0.453154447692994
1.16627120233896
0.839715265684048
0.884594991292515
1.19690839373061
0.861774043486039
1.46047731130995
1.05154366414316
0.757111438183077
1.10512023549182
0.795686569554107
0.852894330078957
0.894083917656849
0.923740420712931
0.945093102913311
1.24046703409758
0.89313626455026
0.923058110476187
0.664601839542855
0.478513324470855
0.344529593619016
0.248061307405691
0.178604141332098
0.40859498175911
0.57418838686656
0.413415638543923
0.297659259751624
0.21431466702117
0.154306560255242
0.111100723383774
0.359992520836317
0.259194615002149
0.466620122801547
0.335966488417114
0.801895871660322
0.577365027595432
0.415702819868711
0.299306030305472
0.21550034181994
0.155160246110357
0.111715377199457
0.0804350715836088
0.0579132515401984
0.0416975411089428
0.0300222295984388
0.021616005310876
0.0155635238238307
0.0112057371531581
0.00806813075027383
0.00580905414019716
0.00418251898094195
0.00301141366627821
0.00216821783972031
0.00156111684459862
0.00112400412811101
0.000809282972239925
0.000582683740012746
0.000419532292809177
0.000302063250822608
0.000217485540592277
0.00015658958922644
0.000112744504243037
8.11760430549864e-05
5.84467509995902e-05
4.20816607197049e-05
3.02987957181875e-05
2.1815132917095e-05
1.57068957003084e-05
1.13089649042221e-05
0.280008142454731
0.201605862567406
0.145156221048533
0.104512479154943
0.0752489849915593
0.334179269193923
0.240609073819624
0.17323853315013
0.124731743868093
0.0898068555850271
0.0646609360212195
0.0465558739352781
0.0335202292334002
0.0241345650480481
0.0173768868345947
0.0125113585209082
0.00900817813505387
0.00648588825723879
0.284669839545212
0.204962284472553
0.427572844820238
0.587852448270571
0.423253762754811
0.304742709183464
0.219414750612094
0.437978620440708
0.59534460671731
0.708648116836463
0.790226644122253
0.568963183768022
0.969653492312976
1.25815051446534
0.905868370415047
0.652225226698834
1.02960216322316
1.30131355752068
0.936945761414886
0.954600948218718
0.687312682717477
0.774865131556584
0.55790289472074
0.681690084198933
1.33081686062323
1.51818813964873
1.37309546054708
2.3886287315939
1.71981268674761
1.23826513445828
0.89155089680996
0.921916645703171
0.663779984906283
0.477921589132524
0.344103544175417
0.8077545518063
1.14158327730054
1.94193995965639
1.3981967709526
1.56670167508587
1.68802520606183
1.21537814836452
1.15507226682245
1.11165203211216
1.64038946312076
1.74108041344695
2.6535778976818
2.1905760863309
2.41721478215825
2.02039464315394
1.73468414307083
2.368972583011
1.98566025976792
1.7096753870329
2.35096627866369
1.97269572063786
2.26034091885926
1.62744546157866
1.45176073233664
1.60526772728238
1.43579276364331
1.87377078982319
1.34911496867269
1.53136277744434
1.66258119975992
1.75705846382715
2.10508209395555
1.79565910764799
1.57287455750655
1.41246968140472
1.2969781706114
1.77382428284021
2.11715348364495
2.08435050822436
1.50073236592154
2.20052730346351
1.86437965849373
1.62235335411548
1.16809441496315
0.841027978773467
1.4455401447169
1.32078890419617
0.950968011021239
1.24469696793529
2.29618181691341
1.93325090817766
3.07194065388791
3.0517972707993
2.75729403497549
2.26525170518236
2.4709812277313
2.89910648396653
3.7673566684559
2.99249680128825
2.43459769692754
2.31291034178783
2.50529544608724
1.80381272118281
2.41874515925162
2.30149651466117
2.49707749055604
2.07789579320035
1.77608497110425
2.95878117919506
2.69032244902044
1.93703216329472
1.6746631575722
1.48575747345198
1.34974538088543
1.25181667423751
1.74130800545101
1.81374176392472
1.5858940700258
1.42184373041858
1.58372748590138
1.14028378984899
1.38100432869127
1.83432311665772
1.88071264399356
1.91411310367536
1.65816143464626
1.47387623294531
1.62119088772062
1.44725743915885
1.04202535619437
1.03025825645995
0.741785944651161
1.37408588014884
1.54934183370716
1.11552612026916
1.36317880659379
1.26148874074753
1.74827189333822
1.53875576320352
1.10790414950653
1.0776909876447
1.33593751110419
0.961875007995015
0.972550005756411
0.700236004144616
0.504169922984123
0.643002344548569
0.46296168807497
0.613332415413978
0.721599339098064
1.07955152415061
2.17727709738844
1.56763951011967
1.12870044728617
1.37266432204604
0.988318311873148
1.27158918454867
1.19554421287504
1.70079183327003
1.50457011995442
1.64329048636718
1.74316915018437
2.37508178813275
1.99005888745558
2.55284239896802
2.95804652725697
2.68979349962502
3.33665131973001
3.80238895020561
3.29772004414804
2.65435843178659
2.47113807088634
2.05921941103817
2.88263797594748
3.19549934268219
2.86075952673117
2.33974685924645
2.80461773865744
2.57932477183336
2.13711383572002
1.81872196171841
1.58947981243726
1.98442546495482
2.82878633476747
2.31672616103258
2.50804283594346
2.08579084187929
2.62176940615309
2.16767397243022
1.56072526014976
1.40372218730783
2.41067997486164
3.13568958190038
2.81769649896827
2.30874147925716
1.94229386506515
1.67845158284691
2.04848513964977
1.75490930054784
1.26353469639444
1.469744981404
1.05821638661088
0.761915798359833
1.10857937481908
1.35817714986974
0.977887547906211
0.984079034492472
0.70853690483458
0.510146571480897
0.367305531466246
0.264459982655697
0.190411187512102
0.137096055008713
0.378709159606274
0.832670594916517
0.599522828339892
0.711656436404722
0.7923926342114
0.850522696632208
0.61237634157519
1.00091096593414
0.720655895472578
0.518872244740256
0.373588016212985
0.548983371673349
0.675268027604811
0.486192979875464
0.350058945510334
0.252042440767441
0.181470557352557
0.130658801293841
0.0940743369315657
0.0677335225907273
0.0487681362653236
0.035113058111033
0.0252814018399438
0.0182026093247595
0.0131058787138268
0.289436232673955
0.208394087525248
0.150043743018178
0.108031494973088
0.0777826763806237
0.336003526994049
0.241922539435715
0.174184228393715
0.125412644443475
0.0902971039993019
0.0650139148794974
0.0468100187132381
0.0337032134735314
0.0242663137009426
0.0174717458646787
0.0125796570225687
0.00905735305624943
0.00652129420049959
0.00469533182435971
0.00338063891353899
0.00243406001774807
0.00175252321277861
0.0012618167132006
0.000908508033504432
0.000654125784123191
0.000470970564568697
0.280339098806489
0.201844151140672
0.145327788821284
0.104636007951325
0.0753379257249537
0.0542433065219667
0.039055180695816
0.0281197301009875
0.020246205672711
0.0145772680843519
0.0104956330207334
0.00755685577492804
0.00544093615794819
0.00391747403372269
0.00282058130428034
0.282030818539082
0.203062189348139
0.42620477633066
0.586867438958075
0.702544556049814
0.505832080355866
0.364199097856224
0.262223350456481
0.188800812328666
0.13593658487664
0.0978743411111806
0.07046952560005
0.050738058432036
0.0365314020710659
1.14630260949117
0.825337878833641
0.874243272760221
0.629455156387359
0.453207712598899
0.326309553071207
0.234942878211269
0.169158872312114
0.401794388064722
0.2892919594066
0.208290210772752
0.149968951756381
0.107977645264595
0.357743904590508
0.257575611305166
0.745454440139719
1.6567271969006
1.47284358176843
1.34044737887327
1.24512211278875
0.896487921207903
0.64547130326969
0.744739338354177
0.536212323615007
0.666072873002805
1.31957246856202
0.950092177364654
1.52406636770255
1.93732778474584
1.954876005017
1.68751072361224
1.49500772100081
1.35640555912059
0.976612002566822
0.703160641848112
0.50627566213064
0.364518476734061
0.262453303248524
0.748966378338937
1.09925579240403
0.791464170530905
0.849854202782252
1.45189502600322
1.60536441872232
1.71586238148007
1.51542091466565
1.65110305855927
1.46879420216267
1.61753182555712
1.44462291440113
1.60012849836881
1.43209251882555
1.03110661355439
0.742396761759163
0.814525668466597
0.86645848129595
1.18385010653308
0.852372076703821
0.893707895226751
1.76346968456326
1.82969817288555
2.43738268447759
2.03491553282387
1.74513918363318
1.81650021221589
2.14788015279544
1.54647371001272
2.79346107120916
2.29129197127059
2.20973021931483
1.59100575790668
2.26552414569281
2.19117738489882
2.41764771712715
2.30070635633155
2.49650857655872
2.35748617512228
2.53739004608804
2.38692083318339
1.71858299989204
1.23737975992227
1.17091342714403
0.843057667543703
1.16700152063147
0.840241094854656
1.72497358829535
2.08198098357265
1.77902630817231
1.56089894188406
1.40384723815653
1.0107700114727
1.00775440826034
0.725583173947447
1.08241988524216
1.33934231737436
2.08432646850954
1.50071505732687
1.64051484127534
1.18117068571825
1.13044289371714
1.65391888347634
2.03082159610296
1.46219154919413
1.61277791541978
1.72120009910224
1.79926407135361
1.5754701313746
1.13433849458971
1.09672371610459
0.789641075595307
1.40854157442862
1.01414993358861
1.0101879521838
1.84733532557233
2.45008143441208
2.3240586327767
2.23332221559922
2.16799199523144
1.56095423656664
1.68388705032798
1.21239867623614
1.15292704689002
1.39010747376082
1.00087738110779
1.56063171439761
1.12365483436628
1.36903148074372
1.26570266613548
0.911305919617544
2.05614026212463
2.04042098872973
2.30910311188541
1.94255424055749
3.0786390532014
2.496620118305
2.3575664851796
1.69744786932931
1.78216246591711
2.12315697546032
2.08867302233143
1.78384457607863
1.56436809477661
1.96634502823916
2.2557684203322
3.02415326263918
3.01739034910021
3.01252105135215
3.00901515697355
2.44649091302095
2.04147345737509
1.46986088931006
1.33829984030325
1.52357588501834
1.6569746372132
2.03302173879351
2.02377565193132
2.29711846939055
1.6539252979612
2.87082621453206
2.34699487446309
1.68983630961342
1.49668214292166
1.3576111429036
0.97748002289059
0.703785616481225
1.90672564386648
1.93284246358387
1.39164657378038
2.40198553312188
2.00942958384775
1.72678930037038
1.80328829626667
1.57836757331201
2.25642465278464
2.74462575000494
2.53613054000356
2.10601398880256
2.07633007193785
2.33495765179525
1.68116950929258
1.49044204669066
1.07311827361727
1.61264515700444
1.44110451304319
1.3175952493911
1.22866857956159
1.16464137728435
1.11854179164473
0.805350089984205
1.13985206478863
1.10069348664781
1.35249931038642
1.53379950347823
1.38433564250432
0.996721662603112
0.997639597074241
1.27830050989345
1.20037636712329
0.864270984328766
0.622275108716712
0.728038078276032
0.804187416358743
0.859014939778295
0.898490756640373
0.926913344781068
0.667377608242369
0.480511877934506
0.905968552112844
0.652297357521248
0.749654097415299
0.819750950139015
0.590220684100091
0.424958892552065
0.865970402637487
0.623498689898991
0.448919056727273
0.603221720843637
0.434319639007418
0.312710140085341
0.505151300861446
0.643708936620241
0.743470434366573
0.535298712743933
0.385415073175632
0.277498852686455
0.199799173934247
0.143855405232658
0.103575891767514
0.07457464207261
0.333693742292279
0.520259494450441
0.374586836004318
0.269702521923109
0.194185815784638
0.139813787364939
0.100665926902756
0.0724794673699846
0.612185216506389
0.7207733558846
0.518956816236912
0.373648907690577
0.269027213537215
0.193699593746795
0.139463707497692
0.100413869398338
0.352297985966804
0.253654549896099
0.182631275925191
0.131494518666138
0.094676053439619
0.0681667584765257
0.0490800661030985
0.0353376475942309
0.0254431062678463
0.0183190365128493
0.0131897062892515
0.00949658852826108
0.00683754374034798
0.00492303149305055
0.00354458267499639
0.0025520995259974
0.00183751165871813
0.281323008394277
0.20255256604388
0.145837847551593
0.105003250237147
0.0756023401707459
0.0544336849229371
0.0391922531445147
0.0282184222640506
0.0203172640301164
0.0146284301016838
0.0105324696732123
0.00758337816471289
0.285460032278593
0.205531223240587
0.147982480733223
0.10654738612792
0.0767141180121027
0.0552341649687139
0.039768598777474
0.0286333911197813
0.300616041606243
0.216443549956495
0.155839355968676
0.112204336297447
0.360787122134162
0.539766727936597
0.388632044114349
0.279815071762332
0.201466851668879
0.145056133201593
0.104440415905147
0.355197099451706
0.255741911605228
0.184134176355764
0.13257660697615
0.0954551570228282
0.0687277130564363
0.329483953400634
0.517228446448457
0.652404481442889
0.46973122663888
0.338206483179994
0.803508667889595
0.858526240880509
0.618138893433966
0.725060003272456
1.08204320235617
1.33907110569644
0.964131196101437
0.974174461193035
0.981405612058985
0.706612040682469
0.508760669291378
0.366307681889792
0.82374153096065
2.27309390229167
2.19662760965
1.581571878948
1.13873175284256
0.819886862046644
0.870318540673583
0.62662934928498
2.13117313148519
2.65444465466933
3.03120015136192
3.02246410898058
2.45617415846602
2.60844539409553
2.15808068374878
1.55381809229912
1.11874902645537
1.92549929904787
1.66635949531446
1.75977883662641
2.10704076237102
1.51706934890713
1.09228993121314
1.06644875047346
1.04784310034089
1.59444703224544
1.98800186321672
1.99136134151604
1.99378016589155
2.27552171944191
2.19837563799818
1.86283045935869
2.18123793073826
1.85049131013154
1.33235374329471
1.79929469517219
2.69549218052398
1.94075436997726
1.95734314638363
2.24928706539621
2.45948668708527
3.1708304147014
2.84299789858501
2.6069584869812
3.27701011062647
3.47944727965106
2.78520204134876
3.12534546977111
2.8102487382352
3.14337909152934
2.82323294590113
2.03272772104881
2.30356395915514
2.7785660505917
2.00056755642603
2.00040864062674
2.00029422125125
2.2802118393009
1.92175252429665
2.50366181749359
2.36263650859538
2.26109828618868
1.90799076605585
1.65375335156021
4.27070241312335
3.91490573744881
3.37873213096314
2.71268713429346
2.79313473669129
3.13105701041773
2.53436104750077
2.66473995420055
2.1986127670244
1.86300119225757
1.34136085842545
1.52577981806632
2.21856146900775
2.15736425768558
2.95330226553362
3.24637763118421
2.61739189445263
2.16452216400589
1.55845595808424
1.12208828982065
1.08790356867087
1.06329056944303
1.32556920999898
1.51440983119927
1.65037507846347
1.4682700564937
1.05715444067546
1.04115119728633
1.02962886204616
1.30133278067324
2.05695960208473
1.76101091350101
1.54792785772072
1.95450805755892
1.68724580144242
1.49481697703854
1.35626822346775
1.53651312089678
1.38628944704568
0.998128401872891
1.27865244934848
1.20062976353091
1.14445342974225
0.824006469414422
0.873284657978384
1.18876495374444
1.13591076669599
1.09785575202112
0.790456141455203
0.569128421847746
0.689772463730377
0.776636173885872
1.67917804519783
1.48900819254244
1.07208589863055
1.331901847014
1.51896932985008
2.21365791749206
1.87383370059428
2.18916026442788
2.13619539038808
2.09806068107941
2.63060369037718
2.45403465707157
2.32690495309153
3.0753715662259
2.21426752768265
1.59427261993151
1.42787628635068
1.86807092617249
1.3450110668442
2.36840796812782
2.26525373705203
2.47098269067746
1.77910753728777
1.8409574268472
1.32548934732998
1.23435233007759
1.16873367765586
1.40148824791222
1.8490715384968
1.6113315077177
2.84015868555674
2.60491425360085
1.87553826259261
2.19038754906668
1.85707903532801
2.17709690543617
1.56750977191404
1.96860703577811
1.41739706576024
2.14052588734737
1.82117863889011
1.87124862000088
1.34729900640063
0.970055284608455
0.978439804918088
1.26447665954102
1.47042319486954
1.05870470030607
1.88226738422037
1.91523251663866
1.65896741197984
2.31445653662548
1.94640870637035
2.24141426858665
1.61381827338239
1.44194915683532
1.59820339292143
1.15070644290343
0.828508638890469
1.15652622000114
1.39269887840082
1.00274319244859
1.00197509856298
0.721422070965349
0.799423891095051
0.855585201588437
1.17602134514367
1.12673536850345
1.09124946532248
1.06569961503219
0.767303722823174
0.552458680432685
0.397770249911533
0.566394579936304
0.407804097554139
0.29361895023898
0.771405644172066
0.555412063803887
0.679896685938799
0.769525613875935
0.834058441990673
0.600522078233285
0.432375896327965
0.311310645356135
0.224143664656417
0.44138343855262
0.317796075757887
0.228813174545678
0.164745485672888
0.11861674968448
0.365404059772825
0.823090923036434
0.592625464586233
0.426690334502087
0.307217040841503
0.221196269405882
0.159261313972235
0.114668146060009
0.0825610651632067
0.0594439669175088
0.322799656180606
0.232415752450037
0.447339341764026
0.322084326070099
0.231900714770471
0.166968514634739
0.120217330537012
0.0865564779866489
0.0623206641503872
0.0448708781882788
0.0323070322955607
0.0232610632528037
0.0167479655420187
0.0120585351902534
0.00868214533698248
0.286251144642627
0.206100824142692
0.148392593382738
0.106842667235571
0.356926720409611
0.81698723869492
0.588230811860343
0.423526184539447
0.304938852868402
0.219555974065249
0.158080301326979
0.113817816955425
0.0819488282079061
0.0590031563096924
0.0424822725429785
0.0305872362309445
0.0220228100862801
0.0158564232621216
0.0114166247487276
0.00821996981908386
0.00591837826974038
0.284261232354213
0.204668087295033
0.147361022852424
0.106099936453745
0.0763919542466966
0.0550022070576216
0.0396015890814875
0.028513144138671
0.300529463779843
0.216381213921487
0.155794474023471
0.392172021296899
0.282363855333767
0.203301975840312
0.146377422605025
0.105391744275618
0.0758820558784449
0.0546350802324803
0.0393372577673858
0.308322825592518
0.501992434426613
0.361434552787161
1.38023287800676
0.993767672164865
0.995512723958702
0.716769161250266
0.796073796100191
0.573173133192138
0.412684655898339
0.577132952246804
0.695535725617699
0.500785722444743
0.360565720160215
0.539607318515355
1.22851726933106
0.88453243391836
1.47686335242122
1.06334161374328
1.04560596189516
1.03283629256452
1.02364213064645
1.01702233406544
0.73225608052712
0.527224377979527
0.379601552145259
0.273313117544587
0.756785444632102
0.824885520135114
0.593917574497282
0.987620653638043
1.27108687061939
0.915182546845961
0.938931433729092
1.23603063228495
1.44994205524516
1.88395827977652
2.19644996143909
1.86144397223615
2.18023966001003
1.84977255520722
1.3318362397492
1.51892209261942
1.65362390668598
1.19060921281391
1.69723863322601
1.50201181592273
1.64144850746437
1.46184292537434
1.33252690626953
1.79941937251406
1.85558194821012
2.45601900271129
1.76833368195213
1.55320025100553
1.39830418072398
1.00677901012127
0.724880887287313
1.08191423884687
1.05897825196974
0.762464341418215
0.828974325821115
1.1568615145912
1.11294029050567
0.801317009164079
1.41694824659814
1.58020273755066
1.13774597103647
1.09917709914626
1.35140751138531
1.53301340819742
1.10376965390214
0.794714150809543
0.572194188582871
0.691979815779667
0.49822546736136
0.63872233650018
0.459880082280129
0.891113659241693
1.76160183465402
1.26835332095089
1.47321439108464
1.90071436158094
1.64851434033828
1.74693032504356
2.09778983403136
1.79040868050258
2.40909424996186
2.01454785997254
2.01047445918023
1.72754161060976
1.24382995963903
1.1755575709401
1.40640145107687
2.13260904477535
1.81547851223825
1.30714452881154
1.50114406074431
1.9208237237359
1.94299308108985
2.23895501838469
1.89204761323698
2.20227428153062
2.42563748270205
1.74645898754548
1.53745047103274
1.38696433914357
0.998614324183374
0.999002313412029
1.27928166565666
1.2010827992728
1.42477961547641
1.30584132314302
1.78020575266297
1.56174814191734
1.68445866218048
1.21281023676995
0.873223370474363
0.628720826741542
1.01267899525391
1.28912887658282
0.928172791139627
0.948284409620531
0.962764774926782
0.973190637947283
0.980697259322044
1.26610202671187
1.19159345923255
0.857947290647434
0.897722049266153
0.92635987547163
0.946979110339573
0.961824959444493
0.972513970800035
0.980210058976025
0.985751242462738
0.989740894573171
0.712613444092683
0.793081679746732
0.851018809417647
0.892733542780706
1.48276815080211
1.34759306857752
1.25026700937581
1.18019224675059
0.849738417660421
0.891811660715503
0.922104395715162
0.943915164914917
1.23961891873874
0.892525621491893
0.922618447474163
0.944285282181397
0.679885403170606
0.489517490282836
0.912452593003642
0.936965866962622
1.23461542421309
1.44892310543342
1.32322463591206
1.23272173785669
0.887559651256814
0.639042948904906
0.460110923211533
0.611279864712303
1.56012150259286
1.96328748186686
1.41356698694414
1.01776823059978
1.29279312603184
0.930811050742925
0.670183956534906
0.482532448705133
0.347423363067695
0.810144821408741
0.863304271414293
0.621579075418291
0.44753693430117
0.602226592696842
0.713603146741726
0.793794265654043
1.41153187127091
1.29630294731506
0.93333812206684
0.672003447888125
0.48384248247945
0.348366587385204
0.250823942917347
0.18059323890049
0.130027132008353
0.0936195350460139
0.34740606523313
0.250132366967854
0.180095304216855
0.689668619036135
0.776561405706018
0.839124212108333
0.604169432717999
0.43500199155696
0.313201433921011
0.225505032423128
0.162363623344652
0.116901808808149
0.0841693023418676
0.0606018976861447
0.0436333663340242
0.0314160237604974
0.0226195371075581
0.0162860667174418
0.291725968036558
