1
0.15
0.0225
0.003375
0.85050625
0.9775759375
0.146636390625
0.02199545859375
0.0032993187890625
0.000494897818359375
7.42346727539063e-05
1.11352009130859e-05
0.850001670280137
0.127500250542021
0.0191250375813031
0.00286875563719546
0.00043031334557932
6.45470018368979e-05
9.68205027553469e-06
1.4523075413302e-06
2.17846131199531e-07
3.26769196799296e-08
4.90153795198944e-09
7.35230692798416e-10
1.10284603919762e-10
1.65426905879644e-11
2.48140358819466e-12
3.72210538229198e-13
5.58315807343798e-14
8.37473711015697e-15
1.25621056652355e-15
1.88431584978532e-16
2.82647377467798e-17
0.85
0.1275
0.019125
0.00286875
0.0004303125
6.4546875e-05
9.68203125000001e-06
1.4523046875e-06
2.17845703125e-07
3.267685546875e-08
4.90152832031251e-09
7.35229248046876e-10
1.10284387207031e-10
1.65426580810547e-11
2.48139871215821e-12
3.72209806823731e-13
5.58314710235597e-14
8.37472065353395e-15
1.25620809803009e-15
1.88431214704514e-16
2.82646822056771e-17
4.23970233085157e-18
6.35955349627735e-19
9.53933024441603e-20
1.4308995366624e-20
2.14634930499361e-21
3.21952395749041e-22
4.82928593623562e-23
7.24392890435343e-24
1.08658933565301e-24
1.62988400347952e-25
2.44482600521928e-26
3.66723900782892e-27
5.50085851174339e-28
0.85
0.1275
0.019125
0.00286875
0.0004303125
6.4546875e-05
9.68203125000001e-06
1.4523046875e-06
2.17845703125e-07
3.267685546875e-08
4.90152832031251e-09
7.35229248046876e-10
1.10284387207031e-10
1.65426580810547e-11
2.48139871215821e-12
3.72209806823731e-13
5.58314710235597e-14
8.37472065353395e-15
1.25620809803009e-15
1.88431214704514e-16
2.82646822056771e-17
4.23970233085157e-18
6.35955349627735e-19
9.53933024441603e-20
1.4308995366624e-20
2.14634930499361e-21
0.85
0.1275
0.019125
0.00286875
0.8504303125
0.127564546875
0.01913468203125
0.852870202304687
0.127930530345703
0.0191895795518555
0.00287843693277832
0.000431765539916748
6.47648309875123e-05
9.71472464812684e-06
1.45720869721903e-06
2.18581304582854e-07
3.27871956874281e-08
4.91807935311422e-09
7.37711902967132e-10
1.1065678544507e-10
0.850000000016598
0.97750000000249
0.146625000000373
0.021993750000056
0.0032990625000084
0.000494859375001261
7.42289062501891e-05
0.850011134335938
0.127501670150391
0.0191252505225586
0.00286878757838379
0.000430318136757569
6.45477205136353e-05
9.6821580770453e-06
0.850001452323711
0.977500217848557
0.146625032677284
0.0219937549015925
0.00329906323523888
0.000494859485285832
7.42289227928748e-05
1.11343384189312e-05
1.67015076283968e-06
2.50522614425953e-07
3.75783921638929e-08
5.63675882458394e-09
8.45513823687591e-10
1.26827073553139e-10
0.850000000019024
0.127500000002854
0.019125000000428
0.00286875000006421
0.000430312500009631
0.850064546875001
0.12750968203125
0.0191264523046875
0.00286896784570313
0.00043034517685547
0.850064551776528
0.127509682766479
0.869126452414972
0.130368967862246
0.869555345179337
0.130433301776901
0.0195649952665351
0.00293474928998026
0.000440212393497039
6.60318590245559e-05
9.90477885368339e-06
1.48571682805251e-06
2.22857524207876e-07
0.850000033428629
1.82750000501429
0.274125000752144
0.891118750112822
1.83366781251692
0.275050171877539
0.0412575257816308
0.00618862886724462
0.850928294330087
0.127639244149513
0.869145886622427
0.130371882993364
0.0195557824490046
0.852933367367351
0.127940005105103
0.0191910007657654
0.00287865011486481
0.000431797517229722
6.47696275844582e-05
9.71544413766874e-06
1.45731662065031e-06
2.18597493097547e-07
3.2789623964632e-08
4.9184435946948e-09
7.3776653920422e-10
1.10664980880633e-10
1.6599747132095e-11
2.48996206981424e-12
3.73494310472137e-13
0.850000000000056
0.127500000000008
0.0191250000000013
0.00286875000000019
0.8504303125
0.127564546875
0.01913468203125
0.0028702023046875
0.000430530345703125
0.850064579551855
0.127509686932778
0.0191264530399168
0.00286896795598751
0.000430345193398127
6.45517790097191e-05
9.68276685145786e-06
1.45241502771868e-06
2.17862254157802e-07
3.26793381236703e-08
4.90190071855055e-09
0.850000000735285
0.127500000110293
0.0191250000165439
0.00286875000248159
0.000430312500372238
6.45468750558357e-05
9.68203125837536e-06
1.4523046887563e-06
2.17845703313446e-07
3.26768554970169e-08
4.90152832455253e-09
7.3522924868288e-10
1.10284387302432e-10
1.65426580953648e-11
2.48139871430472e-12
3.72209807145708e-13
5.58314710718562e-14
8.37472066077844e-15
0.850000000000001
0.1275
0.019125
0.00286875
0.000430312500000001
0.850064546875
0.12750968203125
0.0191264523046875
0.00286896784570313
0.850430345176855
0.127564551776528
0.0191346827664793
0.852870202414972
0.977930530362246
0.146689579554337
0.0220034369331505
0.00330051553997258
0.000495077330995887
7.42615996493831e-05
1.11392399474075e-05
1.67088599211112e-06
2.50632898816668e-07
3.75949348225002e-08
5.63924022337503e-09
8.45886033506255e-10
0.850000000126883
0.977500000019032
0.146625000002855
0.0219937500004282
0.00329906250006424
0.000494859375009635
7.42289062514453e-05
1.11343359377168e-05
1.67015039065752e-06
2.50522558598628e-07
3.75783837897942e-08
5.63675756846913e-09
8.4551363527037e-10
1.26827045290556e-10
1.90240567935833e-11
2.8536085190375e-12
4.28041277855625e-13
6.42061916783438e-14
9.63092875175157e-15
1.44463931276274e-15
2.1669589691441e-16
3.25043845371616e-17
4.87565768057423e-18
7.31348652086135e-19
1.0970229781292e-19
1.6455344671938e-20
2.46830170079071e-21
3.70245255118606e-22
5.55367882677909e-23
8.33051824016864e-24
1.2495777360253e-24
1.87436660403795e-25
2.81154990605692e-26
4.21732485908538e-27
6.32598728862807e-28
0.85
0.1275
0.019125
0.00286875
0.0004303125
6.4546875e-05
9.68203125000001e-06
1.4523046875e-06
2.17845703125e-07
3.267685546875e-08
4.90152832031251e-09
7.35229248046876e-10
1.10284387207031e-10
1.65426580810547e-11
2.48139871215821e-12
3.72209806823731e-13
5.58314710235597e-14
0.850000000000008
0.127500000000001
0.869125
0.13036875
0.0195553125
0.002933296875
0.00043999453125
6.59991796875001e-05
9.89987695312501e-06
1.48498154296875e-06
2.22747231445313e-07
3.34120847167969e-08
5.01181270751954e-09
7.51771906127931e-10
0.850000000112766
0.127500000016915
0.0191250000025372
0.00286875000038059
0.000430312500057088
6.45468750085632e-05
9.68203125128448e-06
1.45230468769267e-06
2.17845703153901e-07
3.26768554730851e-08
4.90152832096277e-09
7.35229248144416e-10
1.10284387221662e-10
1.65426580832494e-11
2.4813987124874e-12
3.72209806873111e-13
0.850000000000056
0.127500000000008
0.0191250000000013
0.00286875000000019
0.000430312500000028
6.45468750000043e-05
9.68203125000064e-06
1.4523046875001e-06
2.17845703125015e-07
3.26768554687522e-08
4.90152832031283e-09
7.35229248046924e-10
1.10284387207039e-10
1.65426580810558e-11
2.48139871215837e-12
3.72209806823756e-13
5.58314710235634e-14
0.850000000000008
0.127500000000001
0.0191250000000002
0.00286875000000003
0.000430312500000004
6.45468750000007e-05
9.6820312500001e-06
1.45230468750002e-06
2.17845703125002e-07
3.26768554687504e-08
4.90152832031255e-09
7.35229248046883e-10
1.10284387207033e-10
1.65426580810549e-11
2.48139871215823e-12
3.72209806823735e-13
5.58314710235603e-14
8.37472065353404e-15
1.25620809803011e-15
1.88431214704516e-16
2.82646822056774e-17
4.23970233085161e-18
6.35955349627742e-19
9.53933024441612e-20
1.43089953666242e-20
2.14634930499363e-21
3.21952395749044e-22
4.82928593623567e-23
7.2439289043535e-24
0.85
0.1275
0.019125
0.00286875
0.0004303125
6.4546875e-05
9.68203125000001e-06
1.4523046875e-06
2.17845703125e-07
3.267685546875e-08
0.850000004901528
0.127500000735229
0.0191250001102844
0.00286875001654266
0.000430312502481399
6.45468753722099e-05
9.68203130583148e-06
1.45230469587472e-06
2.17845704381208e-07
3.26768556571813e-08
4.90152834857719e-09
0.850000000735229
0.127500000110284
0.0191250000165427
0.0028687500024814
0.00043031250037221
6.45468750558315e-05
9.68203125837473e-06
1.45230468875621e-06
2.17845703313432e-07
3.26768554970147e-08
4.90152832455221e-09
7.35229248682832e-10
1.10284387302425e-10
0.850000000016543
0.127500000002481
0.0191250000003722
0.00286875000005583
0.850430312500008
0.127564546875001
0.0191346820312502
0.00287020230468753
0.850430530345703
0.127564579551855
0.869134686932778
0.130370203039917
0.0195555304559875
0.00293332956839813
0.85043999943526
0.127565999915289
0.869134899987293
0.980370234998094
0.147055535249714
0.0220583302874571
0.853308749543119
0.127996312431468
0.86919944686472
0.130379917029708
0.869556987554456
0.130433548133168
0.0195650322199753
0.00293475483299629
0.000440213224949444
6.60319837424166e-05
9.90479756136249e-06
1.48571963420437e-06
2.22857945130656e-07
3.34286917695984e-08
5.01430376543976e-09
7.52145564815964e-10
1.12821834722395e-10
1.69232752083592e-11
2.53849128125388e-12
3.80773692188082e-13
5.71160538282123e-14
0.850000000000009
0.127500000000001
0.0191250000000002
0.00286875000000003
0.8504303125
0.127564546875
0.01913468203125
0.0028702023046875
0.000430530345703125
6.45795518554688e-05
9.68693277832032e-06
0.850001453039917
0.127500217955988
0.0191250326933981
0.00286875490400972
0.000430313235601458
6.45469853402187e-05
9.68204780103281e-06
0.85000145230717
0.127500217846076
0.0191250326769113
0.0028687549015367
0.000430313235230505
6.45469852845758e-05
9.68204779268637e-06
1.45230716890296e-06
2.17846075335443e-07
3.26769113003165e-08
0.850000004901537
0.127500000735231
0.869125000110285
0.130368750016543
0.0195553125024814
0.00293329687537221
0.000439994531305832
6.59991796958748e-05
9.89987695438122e-06
1.48498154315718e-06
2.22747231473577e-07
3.34120847210366e-08
5.01181270815549e-09
0.850000000751772
0.127500000112766
0.0191250000169149
0.00286875000253723
0.000430312500380585
6.45468750570877e-05
0.850009682031259
0.977501452304689
0.146625217845703
0.0219937826768555
0.853299067401528
0.127994860110229
0.0191992290165344
0.85287988435248
0.977931982652872
0.996689797397931
0.99950346960969
0.999925520441453
0.149988828066218
0.0224983242099327
1.70337474863149
0.255506212294724
0.0383259318442085
0.00574888977663128
0.000862333466494692
0.000129350019974204
1.94025029961306e-05
2.91037544941959e-06
4.36556317412938e-07
6.54834476119408e-08
9.82251714179112e-09
1.47337757126867e-09
2.210066356903e-10
3.3150995353545e-11
4.97264930303176e-12
7.45897395454763e-13
1.11884609318215e-13
1.67826913977322e-14
2.51740370965983e-15
3.77610556448974e-16
5.66415834673461e-17
8.49623752010192e-18
1.27443562801529e-18
1.91165344202293e-19
2.8674801630344e-20
0.85
0.9775
0.146625
0.02199375
0.0032990625
0.000494859375
7.42289062500001e-05
1.11343359375e-05
1.670150390625e-06
2.5052255859375e-07
3.75783837890626e-08
5.63675756835939e-09
8.45513635253908e-10
1.26827045288086e-10
0.850000000019024
0.127500000002854
0.019125000000428
0.00286875000006421
0.000430312500009631
6.45468750014447e-05
9.6820312502167e-06
1.45230468753251e-06
2.17845703129876e-07
3.26768554694814e-08
0.850000004901528
0.127500000735229
0.0191250001102844
0.00286875001654266
0.000430312502481399
6.45468753722099e-05
9.68203130583148e-06
1.45230469587472e-06
2.17845704381208e-07
3.26768556571813e-08
4.90152834857719e-09
7.35229252286579e-10
1.10284387842987e-10
1.6542658176448e-11
2.4813987264672e-12
3.72209808970081e-13
5.58314713455121e-14
8.37472070182682e-15
1.25620810527402e-15
1.88431215791103e-16
0.85
0.1275
0.019125
0.00286875
0.0004303125
6.4546875e-05
9.68203125000001e-06
1.4523046875e-06
2.17845703125e-07
3.267685546875e-08
4.90152832031251e-09
7.35229248046876e-10
1.10284387207031e-10
1.65426580810547e-11
2.48139871215821e-12
3.72209806823731e-13
5.58314710235597e-14
8.37472065353395e-15
1.25620809803009e-15
1.88431214704514e-16
2.82646822056771e-17
4.23970233085157e-18
6.35955349627735e-19
9.53933024441603e-20
1.4308995366624e-20
2.14634930499361e-21
3.21952395749041e-22
4.82928593623562e-23
7.24392890435343e-24
1.08658933565301e-24
1.62988400347952e-25
2.44482600521928e-26
3.66723900782892e-27
5.50085851174339e-28
8.25128776761508e-29
1.23769316514226e-29
1.85653974771339e-30
2.78480962157009e-31
4.17721443235514e-32
6.26582164853271e-33
9.39873247279907e-34
1.40980987091986e-34
2.11471480637979e-35
3.17207220956969e-36
4.75810831435453e-37
7.1371624715318e-38
1.07057437072977e-38
1.60586155609465e-39
2.40879233414198e-40
3.61318850121297e-41
5.41978275181946e-42
8.12967412772919e-43
1.21945111915938e-43
1.82917667873907e-44
2.7437650181086e-45
4.11564752716291e-46
6.17347129074436e-47
9.26020693611654e-48
1.38903104041748e-48
2.08354656062622e-49
3.12531984093933e-50
4.687979761409e-51
7.03196964211351e-52
1.05479544631703e-52
1.58219316947554e-53
2.37328975421331e-54
3.55993463131996e-55
5.33990194697995e-56
8.00985292046992e-57
1.20147793807049e-57
1.80221690710573e-58
2.7033253606586e-59
4.0549880409879e-60
6.08248206148185e-61
9.12372309222278e-62
1.36855846383342e-62
2.05283769575013e-63
3.07925654362519e-64
4.61888481543778e-65
6.92832722315668e-66
1.0392490834735e-66
1.55887362521025e-67
2.33831043781538e-68
3.50746565672307e-69
5.26119848508461e-70
7.89179772762691e-71
1.18376965914404e-71
1.77565448871605e-72
2.66348173307408e-73
3.99522259961112e-74
5.99283389941669e-75
8.98925084912503e-76
1.34838762736876e-76
2.02258144105313e-77
3.0338721615797e-78
4.55080824236955e-79
6.82621236355433e-80
1.02393185453315e-80
1.53589778179972e-81
2.30384667269959e-82
3.45577000904938e-83
0.85
0.1275
0.019125
0.00286875
0.0004303125
6.4546875e-05
9.68203125000001e-06
1.4523046875e-06
2.17845703125e-07
0.850000032676855
0.127500004901528
0.0191250007352293
0.00286875011028439
0.000430312516542658
0.850064546877481
0.127509682031622
0.0191264523047433
0.0028689678457115
0.000430345176856725
6.45517765285088e-05
9.68276647927632e-06
1.45241497189145e-06
0.850000217862246
0.127500032679337
0.0191250049019005
0.00286875073528508
0.850430312610293
0.977564546891544
0.146634682033732
0.0219952023050597
0.00329928034575896
0.000494892051863844
7.42338077795767e-05
0.850011135071167
0.127501670260675
0.0191252505391013
0.00286878758086519
0.000430318137129779
0.850064547720569
0.127509682158085
0.0191264523237128
0.00286896784855692
0.000430345177283539
6.45517765925308e-05
9.68276648887962e-06
1.45241497333194e-06
2.17862245999792e-07
3.26793368999687e-08
4.90190053499531e-09
7.35285080249297e-10
1.10292762037395e-10
1.65439143056092e-11
2.48158714584138e-12
3.72238071876207e-13
5.5835710781431e-14
8.37535661721465e-15
1.2563034925822e-15
1.8844552388733e-16
2.82668285830995e-17
1.7
0.255
0.88825
0.1332375
0.019985625
0.00299784375
0.0004496765625
6.7451484375e-05
1.011772265625e-05
1.5176583984375e-06
0.85000022764876
0.127500034147314
0.0191250051220971
0.00286875076831457
0.000430312615247185
6.45468922870777e-05
0.850009682033843
0.127501452305076
0.0191252178457615
0.00286878267686422
0.000430317401529633
6.4547610229445e-05
9.68214153441675e-06
1.45232123016251e-06
2.17848184524377e-07
0.850000032677228
0.127500004901584
0.0191250007352376
0.852868750110286
0.127930312516543
0.0191895468774814
0.00287843203162222
0.850431764804743
0.127564764720712
0.0191347147081067
0.00287020720621601
0.850430531080932
0.12756457966214
0.019134686949321
0.00287020304239815
0.000430530456359722
0.850064579568454
0.127509686935268
0.0191264530402902
0.00286896795604353
0.850430345193407
0.127564551779011
0.869134682766852
0.130370202415028
0.0195555303622542
0.00293332955433813
0.000439999433150719
6.59999149726078e-05
9.89998724589118e-06
0.850001484998087
0.977500222749713
0.146625033412457
0.0219937550118685
0.00329906325178028
0.000494859487767043
7.42289231650564e-05
1.11343384747585e-05
1.67015077121377e-06
0.850000250522616
0.977500037578392
0.146625005636759
0.0219937508455138
0.00329906262682708
0.000494859394024061
7.42289091036092e-05
0.850011134336366
0.127501670150455
0.0191252505225682
0.00286878757838524
0.000430318136757785
6.45477205136678e-05
9.68215807705017e-06
1.45232371155753e-06
2.17848556733629e-07
0.850000032677284
0.127500004901593
0.0191250007352389
0.00286875011028583
0.000430312516542875
6.45468774814313e-05
9.68203162221469e-06
1.4523047433322e-06
2.17845711499831e-07
3.26768567249746e-08
0.850000004901528
0.127500000735229
0.0191250001102844
0.00286875001654266
0.000430312502481399
6.45468753722099e-05
9.68203130583148e-06
1.45230469587472e-06
0.850000217845704
0.127500032676856
0.0191250049015284
0.00286875073522925
0.000430312610284388
6.45468915426582e-05
9.68203373139874e-06
0.85000145230506
0.127500217845759
0.0191250326768638
0.00286875490152958
0.000430313235229437
6.45469852844155e-05
9.68204779266233e-06
1.45230716889935e-06
2.17846075334902e-07
3.26769113002354e-08
4.90153669503531e-09
0.850000000735231
0.127500000110285
0.0191250000165427
0.0028687500024814
0.000430312500372211
6.45468750558316e-05
9.68203125837474e-06
1.45230468875621e-06
2.17845703313432e-07
3.26768554970148e-08
4.90152832455222e-09
7.35229248682833e-10
1.10284387302425e-10
1.65426580953637e-11
2.48139871430456e-12
3.72209807145684e-13
5.58314710718526e-14
8.3747206607779e-15
1.25620809911668e-15
0.85
0.1275
0.019125
0.00286875
0.0004303125
6.45468750000001e-05
9.68203125000001e-06
0.850001452304687
0.127500217845703
0.0191250326768555
0.00286875490152832
0.000430313235229248
0.850064546985284
0.127509682047793
0.0191264523071689
0.00286896784607534
0.0004303451769113
6.45517765366951e-05
9.68276648050426e-06
1.45241497207564e-06
2.17862245811346e-07
3.26793368717019e-08
4.90190053075529e-09
7.35285079613293e-10
1.10292761941994e-10
1.65439142912991e-11
2.48158714369486e-12
3.7223807155423e-13
5.58357107331345e-14
8.37535660997017e-15
1.25630349149553e-15
1.88445523724329e-16
2.82668285586493e-17
4.2400242837974e-18
6.3600364256961e-19
9.54005463854416e-20
1.43100819578162e-20
2.14651229367244e-21
3.21976844050865e-22
4.82965266076298e-23
7.24447899114448e-24
1.08667184867167e-24
1.63000777300751e-25
2.44501165951126e-26
3.66751748926689e-27
5.50127623390034e-28
8.25191435085051e-29
1.23778715262758e-29
1.85668072894137e-30
2.78502109341205e-31
4.17753164011807e-32
6.26629746017711e-33
9.39944619026567e-34
1.40991692853985e-34
2.11487539280978e-35
3.17231308921466e-36
4.758469633822e-37
7.137704450733e-38
1.07065566760995e-38
1.60598350141492e-39
2.40897525212239e-40
3.61346287818358e-41
5.42019431727537e-42
8.13029147591306e-43
1.21954372138696e-43
1.82931558208044e-44
2.74397337312066e-45
4.11596005968099e-46
6.17394008952148e-47
9.26091013428223e-48
1.38913652014233e-48
2.0837047802135e-49
3.12555717032025e-50
4.68833575548038e-51
7.03250363322057e-52
1.05487554498309e-52
1.58231331747463e-53
2.37346997621194e-54
3.56020496431792e-55
5.34030744647687e-56
8.01046116971531e-57
1.2015691754573e-57
0.85
0.1275
0.019125
0.00286875
0.0004303125
6.4546875e-05
0.85000968203125
0.127501452304688
0.0191252178457031
0.00286878267685547
0.000430317401528321
6.45476102292481e-05
9.68214153438722e-06
1.45232123015808e-06
2.17848184523712e-07
3.26772276785569e-08
4.90158415178353e-09
0.850000000735238
0.977500000110286
0.996625000016543
0.149493750002481
0.0224240625003722
0.00336360937505583
0.000504541406258375
7.56812109387563e-05
1.13521816408134e-05
1.70282724612202e-06
0.850000255424087
0.127500038313613
0.019125005747042
0.00286875086205629
0.000430312629308444
1.7000645468944
0.255009682034159
0.888251452305124
1.83323771784577
1.12498565767687
1.86874784865153
2.83031217729773
2.12454682659466
2.0186820239892
1.15280230359838
0.172920345539757
0.0259380518309636
0.00389070777464453
0.00058360616619668
8.75409249295021e-05
1.31311387394253e-05
1.9696708109138e-06
2.9545062163707e-07
4.43175932455604e-08
6.64763898683407e-09
9.9714584802511e-10
1.49571877203767e-10
2.2435781580565e-11
3.36536723708475e-12
1.7000000000005
1.10500000000008
1.01575000000001
0.152362500000002
0.0228543750000003
0.85342815625
0.9780142234375
1.84670213351563
1.97700532002734
1.9965507980041
0.299482619700615
1.74492239295509
1.11173835894326
0.16676075384149
1.72501411307622
1.95875211696143
0.293812817544215
0.0440719226316323
0.856610788394745
0.128491618259212
0.0192737427388818
0.852891061410832
0.127933659211625
0.0191900488817437
0.00287850733226156
0.000431776099839234
6.47664149758851e-05
9.71496224638277e-06
1.45724433695742e-06
2.18586650543612e-07
3.27879975815419e-08
0.8500000049182
0.12750000073773
0.86912500011066
0.980368750016599
0.99705531250249
0.149558296875374
0.022433744531306
0.853365061679696
0.128004759251954
0.0192007138877932
0.00288010708316897
0.000432016062475346
6.4802409371302e-05
9.7203614056953e-06
1.45805421085429e-06
0.850000218708132
0.12750003280622
0.869125004920933
0.13036875073814
0.019555312610721
0.00293329689160815
0.850439994533741
0.977565999180061
0.146634899877009
0.0219952349815514
0.00329928524723271
0.000494892787084906
7.4233918062736e-05
1.11350877094104e-05
0.850001670263156
0.127500250539473
0.019125037580921
0.00286875563713815
0.000430313345570723
6.45470018356085e-05
0.850009682050275
0.127501452307541
0.0191252178461312
0.00286878267691968
0.000430317401537952
6.45476102306928e-05
9.68214153460393e-06
1.45232123019059e-06
2.17848184528588e-07
3.26772276792883e-08
4.90158415189324e-09
7.35237622783986e-10
1.10285643417598e-10
1.65428465126397e-11
2.48142697689595e-12
3.72214046534393e-13
5.5832106980159e-14
0.850000000000008
0.127500000000001
0.0191250000000002
0.00286875000000003
0.8504303125
1.827564546875
0.27413468203125
0.891120202304687
1.8336680303457
0.275050204551856
0.0412575306827783
0.00618862960241675
0.000928294440362513
0.000139244166054377
2.08866249081565e-05
3.13299373622348e-06
4.69949060433522e-07
7.04923590650284e-08
1.05738538597543e-08
1.58607807896314e-09
2.37911711844471e-10
3.56867567766706e-11
5.3530135165006e-12
8.02952027475089e-13
1.20442804121263e-13
1.80664206181895e-14
2.70996309272843e-15
4.06494463909264e-16
6.09741695863896e-17
9.14612543795845e-18
1.37191881569377e-18
2.05787822354065e-19
3.08681733531098e-20
4.63022600296647e-21
6.9453390044497e-22
1.04180085066746e-22
1.56270127600118e-23
2.34405191400178e-24
3.51607787100266e-25
5.274116806504e-26
7.911175209756e-27
1.1866762814634e-27
1.7800144221951e-28
2.67002163329265e-29
4.00503244993898e-30
6.00754867490846e-31
9.0113230123627e-32
0.85
0.1275
0.019125
0.00286875
0.0004303125
6.4546875e-05
9.68203125000001e-06
0.850001452304687
0.127500217845703
0.0191250326768555
0.00286875490152832
0.000430313235229248
6.45469852843873e-05
9.68204779265809e-06
1.45230716889871e-06
2.17846075334807e-07
3.26769113002211e-08
4.90153669503316e-09
7.35230504254974e-10
1.10284575638246e-10
1.65426863457369e-11
2.48140295186054e-12
3.72210442779081e-13
5.58315664168622e-14
8.37473496252932e-15
1.2562102443794e-15
1.8843153665691e-16
2.82647304985365e-17
4.23970957478047e-18
6.35956436217071e-19
9.53934654325607e-20
1.43090198148841e-20
2.14635297223262e-21
3.21952945834892e-22
4.82929418752339e-23
7.24394128128508e-24
1.08659119219276e-24
0.85
0.1275
0.019125
0.00286875
0.0004303125
6.4546875e-05
9.68203125000001e-06
1.4523046875e-06
2.17845703125e-07
3.267685546875e-08
4.90152832031251e-09
7.35229248046876e-10
0.850000000110284
0.127500000016543
0.0191250000024814
0.00286875000037221
0.000430312500055832
6.45468750083748e-05
0.850009682031251
0.127501452304688
0.0191252178457032
0.00286878267685547
0.000430317401528321
6.45476102292482e-05
9.68214153438723e-06
1.45232123015808e-06
2.17848184523713e-07
3.26772276785569e-08
4.90158415178354e-09
7.35237622767531e-10
1.1028564341513e-10
1.65428465122694e-11
2.48142697684042e-12
3.72214046526063e-13
5.58321069789094e-14
8.37481604683641e-15
1.25622240702546e-15
1.88433361053819e-16
2.82650041580729e-17
4.23975062371094e-18
6.35962593556641e-19
9.53943890334961e-20
1.43091583550244e-20
2.14637375325366e-21
3.2195606298805e-22
4.82934094482075e-23
7.24401141723112e-24
0.85
0.1275
0.019125
0.00286875
0.0004303125
6.4546875e-05
9.68203125000001e-06
1.4523046875e-06
2.17845703125e-07
3.267685546875e-08
4.90152832031251e-09
7.35229248046876e-10
1.10284387207031e-10
1.65426580810547e-11
2.48139871215821e-12
3.72209806823731e-13
0.850000000000056
0.127500000000008
0.0191250000000013
0.00286875000000019
0.000430312500000028
6.45468750000043e-05
9.68203125000064e-06
1.4523046875001e-06
2.17845703125015e-07
3.26768554687522e-08
4.90152832031283e-09
7.35229248046924e-10
1.10284387207039e-10
0.850000000016543
0.127500000002481
0.0191250000003722
0.00286875000005583
0.000430312500008375
6.45468750012562e-05
9.68203125018844e-06
0.850001452304687
0.127500217845703
0.0191250326768555
0.00286875490152832
0.000430313235229248
6.45469852843873e-05
9.68204779265809e-06
1.45230716889871e-06
2.17846075334807e-07
3.26769113002211e-08
4.90153669503316e-09
7.35230504254974e-10
1.10284575638246e-10
1.65426863457369e-11
2.48140295186054e-12
3.72210442779081e-13
0.850000000000056
0.127500000000008
0.0191250000000013
0.00286875000000019
0.000430312500000028
6.45468750000043e-05
9.68203125000064e-06
0.850001452304687
1.8275002178457
0.274125032676856
0.0411187549015283
0.00616781323522925
0.850925171985284
0.127638775797793
0.0191458163696689
0.85287187245545
0.977930780868318
0.146689617130248
0.872003442569537
0.130800516385431
0.0196200774578146
0.00294301161867219
0.000441451742800828
1.70006621776142
0.255009932664213
0.038251489899632
0.0057377234849448
0.000860658522741719
0.000129098778411258
1.93648167616887e-05
2.9047225142533e-06
4.35708377137996e-07
6.53562565706994e-08
9.80343848560491e-09
1.47051577284074e-09
2.2057736592611e-10
3.30866048889166e-11
4.96299073333749e-12
7.44448610000623e-13
1.11667291500093e-13
1.6750093725014e-14
2.5125140587521e-15
3.76877108812816e-16
5.65315663219224e-17
8.47973494828835e-18
1.27196024224325e-18
0.85
0.1275
0.019125
0.00286875
0.0004303125
6.4546875e-05
9.68203125000001e-06
1.4523046875e-06
2.17845703125e-07
0.850000032676855
0.127500004901528
0.869125000735229
0.130368750110284
0.0195553125165427
0.0029332968774814
0.00043999453162221
6.59991797433315e-05
9.89987696149973e-06
1.48498154422496e-06
2.22747231633744e-07
3.34120847450616e-08
5.01181271175924e-09
7.51771906763886e-10
1.12765786014583e-10
1.69148679021874e-11
0.850000000002537
0.127500000000381
0.0191250000000571
0.00286875000000856
0.850430312500001
0.127564546875
0.01913468203125
0.00287020230468751
0.000430530345703126
6.45795518554689e-05
9.68693277832033e-06
0.850001453039917
0.127500217955988
0.0191250326933981
0.00286875490400972
0.000430313235601458
6.45469853402187e-05
9.68204780103281e-06
1.45230717015492e-06
2.17846075523238e-07
0.850000032676911
0.977500004901537
0.146625000735231
0.0219937501102846
0.853299062516543
0.127994859377481
0.0191992289066222
0.00287988433599333
0.000431982650399
6.479739755985e-05
9.7196096339775e-06
1.45794144509663e-06
2.18691216764494e-07
3.28036825146741e-08
0.850000004920552
0.127500000738083
0.0191250001107124
0.00286875001660687
0.00043031250249103
0.850064546875374
0.127509682031306
0.0191264523046959
0.00286896784570439
0.000430345176855658
6.45517765283487e-05
0.850009682766479
0.977501452414972
0.146625217862246
0.871993782679337
0.130799067401901
0.0196198601102851
0.00294297901654276
0.000441446852481415
6.62170278722122e-05
9.93255418083183e-06
1.48988312712477e-06
2.23482469068716e-07
3.35223703603074e-08
5.02835555404612e-09
7.54253333106918e-10
1.13137999966038e-10
1.69706999949057e-11
2.54560499923585e-12
3.81840749885377e-13
5.72761124828066e-14
8.59141687242099e-15
1.28871253086315e-15
1.93306879629472e-16
2.89960319444209e-17
4.34940479166313e-18
6.5241071874947e-19
9.78616078124204e-20
0.85
0.1275
0.019125
0.00286875
0.0004303125
6.4546875e-05
9.68203125000001e-06
1.4523046875e-06
2.17845703125e-07
3.267685546875e-08
4.90152832031251e-09
7.35229248046876e-10
1.10284387207031e-10
1.65426580810547e-11
2.48139871215821e-12
3.72209806823731e-13
5.58314710235597e-14
8.37472065353395e-15
1.25620809803009e-15
1.88431214704514e-16
2.82646822056771e-17
4.23970233085157e-18
6.35955349627735e-19
9.53933024441603e-20
1.4308995366624e-20
0.85
0.1275
0.019125
0.00286875
0.0004303125
6.4546875e-05
9.68203125000001e-06
1.4523046875e-06
2.17845703125e-07
3.267685546875e-08
4.90152832031251e-09
7.35229248046876e-10
1.10284387207031e-10
1.65426580810547e-11
2.48139871215821e-12
3.72209806823731e-13
5.58314710235597e-14
8.37472065353395e-15
1.25620809803009e-15
1.88431214704514e-16
2.82646822056771e-17
4.23970233085157e-18
6.35955349627735e-19
9.53933024441603e-20
1.4308995366624e-20
2.14634930499361e-21
3.21952395749041e-22
4.82928593623562e-23
0.85
0.1275
0.019125
0.00286875
0.0004303125
6.4546875e-05
9.68203125000001e-06
1.4523046875e-06
2.17845703125e-07
3.267685546875e-08
0.850000004901528
0.977500000735229
0.146625000110284
0.0219937500165427
0.0032990625024814
0.00049485937537221
7.42289063058315e-05
1.11343359458747e-05
1.67015039188121e-06
2.50522558782181e-07
3.75783838173272e-08
5.63675757259908e-09
8.45513635889863e-10
1.26827045383479e-10
1.90240568075219e-11
2.85360852112829e-12
4.28041278169243e-13
6.42061917253865e-14
9.63092875880798e-15
1.4446393138212e-15
2.1669589707318e-16
3.25043845609769e-17
4.87565768414654e-18
7.31348652621981e-19
1.09702297893297e-19
1.64553446839946e-20
2.46830170259919e-21
3.70245255389878e-22
5.55367883084817e-23
8.33051824627226e-24
1.24957773694084e-24
1.87436660541126e-25
2.81154990811689e-26
4.21732486217534e-27
6.325987293263e-28
9.48898093989451e-29
1.42334714098418e-29
0.85
0.1275
0.019125
0.85286875
0.1279303125
0.019189546875
0.00287843203125
0.0004317648046875
6.4764720703125e-05
0.850009714708105
0.127501457206216
0.0191252185809324
0.00286878278713986
0.000430317418070979
6.45476127106468e-05
9.68214190659702e-06
0.850001452321286
0.977500217848193
0.146625032677229
0.0219937549015843
0.00329906323523765
0.850494859485286
0.127574228922793
0.0191361343384189
0.00287042015076284
0.000430563022614426
0.850064584453392
0.127509687668009
0.0191264531502013
0.85286896797253
0.12793034519588
0.0191895517793819
0.00287843276690729
0.000431764915036094
1.70006476473726
1.95500971471059
1.14325145720659
0.171487718580988
0.0257231577871482
0.00385847366807224
0.000578771050210836
8.68156575316254e-05
1.30223486297438e-05
0.850001953352294
0.127500293002844
0.869125043950427
0.130368756592564
0.0195553134888846
0.00293329702333269
0.000439994553499904
6.59991830249856e-05
0.850009899877454
0.127501484981618
0.0191252227472427
0.00286878341208641
0.850430317511813
0.977564547626772
0.146634682144016
0.871995202321602
0.98079928034824
0.147119892052236
0.0220679838078354
0.00331019757117531
0.000496529635676297
7.44794453514446e-05
1.11719168027167e-05
0.85000167578752
0.977500251368128
0.996625037705219
0.999493755655783
2.69992406334837
0.404988609502255
0.910748291425338
0.136612243713801
0.0204918365570701
0.00307377548356052
0.000461066322534078
6.91599483801117e-05
1.03739922570168e-05
0.850001556098839
0.127500233414826
0.0191250350122239
0.852868755251834
0.127930313287775
0.869189546993166
0.980378432048975
0.997056764807346
0.999558514721102
0.149933777208165
0.0224900665812248
1.70337350998718
0.255506026498078
0.0383259039747116
0.00574888559620675
0.850862332839431
0.127629349925915
0.0191444024888872
0.00287166037333308
0.000430749055999962
6.46123583999944e-05
9.69185375999916e-06
1.45377806399987e-06
2.18066709599981e-07
0.850000032710006
0.127500004906501
0.0191250007359752
0.00286875011039627
0.000430312516559441
6.45468774839162e-05
9.68203162258743e-06
1.45230474338811e-06
0.850000217845711
0.127500032676857
0.0191250049015285
0.852868750735229
0.127930312610284
0.0191895468915427
0.0028784320337314
0.00043176480505971
6.47647207589565e-05
9.71470811384348e-06
1.45720621707652e-06
2.18580932561478e-07
0.85000003278714
0.127500004918071
0.0191250007377107
0.0028687501106566
0.00043031251659849
6.45468774897735e-05
0.850009682031623
0.127501452304744
0.0191252178457115
0.00286878267685673
0.00043031740152851
6.45476102292765e-05
9.68214153439147e-06
0.85000145232123
0.977500217848185
0.146625032677228
0.0219937549015842
0.00329906323523762
1.70049485948529
0.255074228922793
0.0382611343384189
0.00573917015076284
0.000860875522614426
0.000129131328392164
1.93696992588246e-05
0.850002905454889
1.82750043581823
0.274125065372735
0.0411187598059103
0.856167813970886
0.128425172095633
0.0192637758143449
0.00288956637215174
0.000433434955822761
0.850065015243373
0.127509752286506
0.0191264628429759
0.00286896942644639
0.000430345413966958
6.45518120950437e-05
9.68277181425656e-06
0.850001452415772
0.127500217862366
0.869125032679355
0.130368754901903
0.0195553132352855
0.00293329698529282
0.000439994547793924
6.59991821690886e-05
9.89987732536329e-06
0.850001484981599
0.12750022274724
0.019125033412086
0.0028687550118129
0.000430313251771935
6.45469877657902e-05
9.68204816486853e-06
1.45230722473028e-06
2.17846083709542e-07
3.26769125564313e-08
4.9015368834647e-09
7.35230532519705e-10
1.10284579877956e-10
0.850000000016543
0.127500000002481
0.0191250000003722
0.00286875000005583
0.000430312500008375
6.45468750012562e-05
9.68203125018844e-06
1.45230468752827e-06
2.1784570312924e-07
3.2676855469386e-08
4.9015283204079e-09
7.35229248061185e-10
1.10284387209178e-10
1.65426580813767e-11
2.4813987122065e-12
3.72209806830975e-13
5.58314710246463e-14
8.37472065369694e-15
1.25620809805454e-15
1.88431214708181e-16
2.82646822062272e-17
4.23970233093408e-18
6.35955349640112e-19
9.53933024460168e-20
1.43089953669025e-20
2.14634930503538e-21
3.21952395755307e-22
4.8292859363296e-23
7.24392890449441e-24
0.85
0.1275
0.019125
0.00286875
0.0004303125
6.4546875e-05
9.68203125000001e-06
1.4523046875e-06
2.17845703125e-07
3.267685546875e-08
4.90152832031251e-09
7.35229248046876e-10
1.10284387207031e-10
1.65426580810547e-11
2.48139871215821e-12
3.72209806823731e-13
5.58314710235597e-14
8.37472065353395e-15
1.25620809803009e-15
1.88431214704514e-16
2.82646822056771e-17
4.23970233085157e-18
6.35955349627735e-19
9.53933024441603e-20
1.4308995366624e-20
2.14634930499361e-21
3.21952395749041e-22
4.82928593623562e-23
7.24392890435343e-24
1.08658933565301e-24
1.62988400347952e-25
2.44482600521928e-26
3.66723900782892e-27
5.50085851174339e-28
8.25128776761508e-29
0.85
0.1275
0.019125
0.00286875
0.0004303125
6.4546875e-05
9.68203125000001e-06
1.4523046875e-06
2.17845703125e-07
3.267685546875e-08
4.90152832031251e-09
7.35229248046876e-10
1.10284387207031e-10
1.65426580810547e-11
2.48139871215821e-12
3.72209806823731e-13
5.58314710235597e-14
8.37472065353395e-15
1.25620809803009e-15
1.88431214704514e-16
2.82646822056771e-17
4.23970233085157e-18
6.35955349627735e-19
9.53933024441603e-20
1.4308995366624e-20
2.14634930499361e-21
3.21952395749041e-22
4.82928593623562e-23
7.24392890435343e-24
1.08658933565301e-24
1.62988400347952e-25
2.44482600521928e-26
3.66723900782892e-27
5.50085851174339e-28
8.25128776761508e-29
1.23769316514226e-29
1.85653974771339e-30
2.78480962157009e-31
4.17721443235514e-32
6.26582164853271e-33
9.39873247279907e-34
1.40980987091986e-34
2.11471480637979e-35
3.17207220956969e-36
0.85
0.1275
0.019125
0.00286875
0.0004303125
6.4546875e-05
0.85000968203125
0.127501452304688
0.0191252178457031
0.00286878267685547
0.000430317401528321
6.45476102292481e-05
9.68214153438722e-06
0.85000145232123
0.127500217848185
0.0191250326772277
0.00286875490158415
0.850430313235238
0.127564546985286
0.0191346820477929
0.00287020230716893
0.000430530346075339
6.45795519113009e-05
9.68693278669514e-06
1.45303991800427e-06
2.17955987700641e-07
3.26933981550961e-08
4.90400972326442e-09
7.35601458489663e-10
1.10340218773449e-10
1.65510328160174e-11
0.850000000002483
0.977500000000372
0.146625000000056
0.871993750000008
0.130799062500001
0.0196198593750002
1.70294297890625
0.255441446835938
0.888316217025391
0.133247432553809
0.869987114883071
0.130498067232461
0.0195747100848691
0.00293620651273037
0.000440430976909555
0.850066064646536
0.97750990969698
0.146626486454547
0.0219939729681821
0.853299095945227
0.127994864391784
0.0191992296587676
0.00287988444881514
0.850431982667322
0.977564797400098
0.146634719610015
0.871995207941502
0.130799281191225
0.869619892178684
0.130442983826803
0.0195664475740204
0.00293496713610306
0.000440245070415459
6.60367605623188e-05
9.90551408434783e-06
1.48582711265217e-06
2.22874066897826e-07
3.34311100346739e-08
5.01466650520109e-09
7.52199975780164e-10
0.85000000011283
0.127500000016925
0.0191250000025387
0.852868750000381
0.127930312500057
0.0191895468750086
0.00287843203125129
0.000431764804687693
6.4764720703154e-05
9.71470810547309e-06
1.45720621582096e-06
2.18580932373145e-07
0.85000003278714
0.977500004918071
0.146625000737711
0.0219937501106566
0.00329906251659849
0.000494859377489774
7.42289066234661e-05
1.11343359935199e-05
0.850001670150399
0.97750025052256
0.146625037578384
0.0219937556367576
0.00329906334551364
0.000494859501827046
7.42289252740569e-05
1.11343387911085e-05
1.67015081866628e-06
2.50522622799942e-07
3.75783934199914e-08
5.6367590129987e-09
8.45513851949806e-10
1.26827077792471e-10
1.90240616688706e-11
2.8536092503306e-12
4.28041387549589e-13
6.42062081324384e-14
9.63093121986576e-15
1.44463968297986e-15
2.1669595244698e-16
3.2504392867047e-17
4.87565893005705e-18
7.31348839508557e-19
1.09702325926284e-19
0.85
0.1275
2.569125
1.23536875
0.1853053125
1.727795796875
0.25916936953125
0.0388754054296875
0.00583131081445313
0.850874696622168
0.977631204493325
0.146644680673999
0.0219967021010998
0.00329950531516497
0.000494925797274746
7.42388695912119e-05
1.11358304386818e-05
1.67037456580227e-06
2.5055618487034e-07
3.75834277305511e-08
5.63751415958266e-09
8.45627123937399e-10
1.2684406859061e-10
1.90266102885915e-11
2.85399154328872e-12
4.28098731493309e-13
6.42148097239963e-14
0.85000000000001
0.127500000000001
0.0191250000000002
0.00286875000000003
0.8504303125
0.977564546875
0.14663468203125
0.0219952023046875
0.00329928034570313
0.850494892051855
0.127574233807778
0.0191361350711668
0.852870420260675
0.127930563039101
0.0191895844558652
0.00287843766837978
0.000431765650256967
0.850064764847539
0.127509714727131
0.0191264572090696
0.00286896858136044
0.000430345287204067
6.455179308061e-05
9.6827689620915e-06
1.45241534431373e-06
2.17862301647059e-07
3.26793452470588e-08
4.90190178705883e-09
7.35285268058824e-10
1.10292790208824e-10
1.65439185313235e-11
2.48158777969853e-12
3.7223816695478e-13
5.5835725043217e-14
8.37535875648255e-15
1.25630381347238e-15
1.88445572020857e-16
2.82668358031286e-17
4.24002537046929e-18
6.36003805570394e-19
0.85
0.1275
0.019125
0.00286875
0.8504303125
0.127564546875
0.01913468203125
0.852870202304687
0.977930530345703
0.146689579551855
0.0220034369327783
0.00330051553991675
0.000495077330987512
7.42615996481269e-05
1.1139239947219e-05
1.67088599208286e-06
2.50632898812428e-07
3.75949348218643e-08
5.63924022327964e-09
8.45886033491946e-10
1.26882905023792e-10
1.90324357535688e-11
2.85486536303532e-12
4.28229804455298e-13
6.42344706682947e-14
9.63517060024421e-15
1.44527559003663e-15
2.16791338505495e-16
3.25187007758242e-17
4.87780511637363e-18
7.31670767456045e-19
1.09750615118407e-19
1.6462592267761e-20
2.46938884016415e-21
3.70408326024623e-22
5.55612489036934e-23
8.33418733555402e-24
1.2501281003331e-24
1.87519215049965e-25
2.81278822574948e-26
4.21918233862422e-27
6.32877350793634e-28
9.49316026190451e-29
1.42397403928568e-29
2.13596105892851e-30
3.20394158839277e-31
4.80591238258916e-32
7.20886857388374e-33
1.08133028608256e-33
1.62199542912384e-34
2.43299314368576e-35
3.64948971552865e-36
5.47423457329297e-37
8.21135185993946e-38
1.23170277899092e-38
1.84755416848638e-39
0.85
0.1275
0.019125
0.00286875
0.0004303125
6.4546875e-05
9.68203125000001e-06
1.4523046875e-06
2.17845703125e-07
3.267685546875e-08
4.90152832031251e-09
7.35229248046876e-10
1.10284387207031e-10
1.65426580810547e-11
2.48139871215821e-12
3.72209806823731e-13
5.58314710235597e-14
8.37472065353395e-15
1.25620809803009e-15
1.88431214704514e-16
2.82646822056771e-17
4.23970233085157e-18
6.35955349627735e-19
9.53933024441603e-20
1.4308995366624e-20
2.14634930499361e-21
3.21952395749041e-22
4.82928593623562e-23
7.24392890435343e-24
1.08658933565301e-24
1.62988400347952e-25
0.85
0.1275
0.019125
0.00286875
0.0004303125
6.4546875e-05
9.68203125000001e-06
1.4523046875e-06
2.17845703125e-07
3.267685546875e-08
4.90152832031251e-09
7.35229248046876e-10
1.10284387207031e-10
1.65426580810547e-11
2.48139871215821e-12
0.850000000000372
0.127500000000056
0.869125000000008
0.130368750000001
0.0195553125000002
0.852933296875
0.12793999453125
0.0191909991796875
0.00287864987695313
0.000431797481542969
6.47696222314454e-05
9.71544333471681e-06
0.8500014573165
0.977500218597475
0.146625032789621
0.0219937549184432
0.853299063237766
0.977994859485665
0.14669922892285
0.0220048843384275
0.00330073265076412
0.000495109897614618
7.42664846421927e-05
1.11399726963289e-05
0.850001670995904
0.127500250649386
0.0191250375974079
0.00286875563961118
0.850430313345942
0.127564547001891
0.0191346820502837
0.00287020230754255
0.000430530346131383
6.45795519197075e-05
9.68693278795613e-06
1.45303991819342e-06
0.850000217955988
0.127500032693398
0.86912500490401
0.130368750735601
0.0195553126103402
0.00293329689155103
0.000439994533732655
6.59991800598983e-05
9.89987700898474e-06
1.48498155134771e-06
0.850000222747233
0.977500033412085
0.996625005011813
0.999493750751772
0.149924062612766
0.0224886093919149
0.853373291408787
0.978005993711318
0.146700899056698
0.872005134858505
0.130800770228776
0.0196201155343164
0.852943017330147
0.127941452599522
0.0191912178899283
0.852878682683489
0.127931802402523
0.0191897703603785
0.00287846555405678
0.000431769833108517
6.47654749662775e-05
2.55000971482124
0.382501457223187
0.057375218583478
0.0086062827875217
0.00129094241812826
0.000193641362719238
0.850029046204408
0.127504356930661
0.869125653539599
0.13036884803094
0.019555327204641
0.00293329908069615
0.000439994862104422
6.59992293156634e-05
1.7000098998844
0.25500148498266
0.0382502227473989
0.85573753341211
0.128360630011816
0.0192540945017725
0.00288811417526587
0.000433217126289881
6.49825689434821e-05
9.74738534152232e-06
1.46210780122835e-06
2.19316170184252e-07
3.28974255276379e-08
4.93461382914568e-09
7.40192074371852e-10
1.11028811155778e-10
1.66543216733667e-11
2.498148251005e-12
0.850000000000375
0.977500000000056
1.84662500000001
1.97699375
2.8465490625
2.976982359375
2.14654735390625
2.02198210308594
1.15329731546289
1.87299459731943
1.98094918959791
1.14714237843969
1.87207135676595
2.83081070351489
2.12462160552723
2.01869324082908
0.302803986124363
0.895420597918654
0.134313089687798
0.0201469634531697
0.00302204451797546
0.850453306677696
0.127567996001654
0.0191351994002482
0.00287027991003723
0.000430541986505584
6.45812979758376e-05
9.68719469637564e-06
0.850001453079204
0.127500217961881
0.0191250326942821
0.00286875490414232
0.000430313235621347
6.45469853432021e-05
9.68204780148032e-06
1.45230717022205e-06
2.17846075533307e-07
3.26769113299961e-08
4.90153669949942e-09
7.35230504924912e-10
1.10284575738737e-10
1.65426863608105e-11
2.48140295412158e-12
3.72210443118237e-13
0.850000000000056
0.127500000000008
0.0191250000000013
0.00286875000000019
0.000430312500000028
6.45468750000043e-05
9.68203125000064e-06
1.4523046875001e-06
2.17845703125015e-07
3.26768554687522e-08
4.90152832031283e-09
0.850000000735229
0.977500000110284
0.146625000016543
0.0219937500024814
0.00329906250037221
0.000494859375055832
7.42289062583748e-05
1.11343359387562e-05
1.67015039081343e-06
2.50522558622015e-07
3.75783837933023e-08
0.850000005636758
0.127500000845514
0.0191250001268271
0.00286875001902406
0.850430312502854
0.127564546875428
0.0191346820313142
0.00287020230469713
0.00043053034570457
0.850064579551856
0.127509686932778
0.0191264530399168
0.852868967955988
0.127930345193398
0.86918955177901
0.130378432766851
0.0195567649150277
0.00293351473725416
0.000440027210588124
0.850066004081588
0.127509900612238
1.71912648509184
0.257868972763775
0.0386803459145663
0.00580205188718495
0.000870307783077742
0.000130546167461661
1.95819251192492e-05
2.93728876788738e-06
0.850000440593315
0.127500066088997
0.0191250099133496
0.00286875148700244
0.85043031272305
0.127564546908458
0.869134682036269
0.13037020230544
0.019555530345816
0.00293332955187241
0.000439999432780861
6.59999149171292e-05
9.89998723756938e-06
1.48499808563541e-06
2.22749712845311e-07
3.34124569267967e-08
5.0118685390195e-09
7.51780280852925e-10
0.850000000112767
0.127500000016915
0.0191250000025373
0.00286875000038059
0.000430312500057089
6.45468750085633e-05
9.6820312512845e-06
1.45230468769267e-06
2.17845703153901e-07
3.26768554730852e-08
4.90152832096278e-09
7.35229248144417e-10
1.10284387221663e-10
1.65426580832494e-11
2.48139871248741e-12
3.72209806873111e-13
5.58314710309667e-14
8.37472065464501e-15
1.25620809819675e-15
1.88431214729513e-16
2.82646822094269e-17
4.23970233141404e-18
6.35955349712106e-19
9.53933024568159e-20
1.43089953685224e-20
2.14634930527836e-21
3.21952395791754e-22
4.82928593687631e-23
7.24392890531446e-24
1.08658933579717e-24
1.62988400369575e-25
2.44482600554363e-26
3.66723900831545e-27
5.50085851247317e-28
8.25128776870976e-29
1.23769316530646e-29
1.8565397479597e-30
2.78480962193955e-31
4.17721443290932e-32
6.26582164936398e-33
9.39873247404597e-34
1.4098098711069e-34
0.85
0.1275
0.869125
0.13036875
0.0195553125
0.002933296875
0.00043999453125
6.59991796875e-05
9.89987695312501e-06
1.48498154296875e-06
2.22747231445313e-07
3.34120847167969e-08
5.01181270751954e-09
7.51771906127931e-10
1.1276578591919e-10
1.69148678878784e-11
2.53723018318177e-12
3.80584527477265e-13
5.70876791215898e-14
8.56315186823847e-15
1.28447278023577e-15
1.92670917035366e-16
2.89006375553048e-17
4.33509563329573e-18
6.50264344994359e-19
9.75396517491539e-20
1.46309477623731e-20
2.19464216435596e-21
3.29196324653395e-22
4.93794486980092e-23
7.40691730470138e-24
1.11103759570521e-24
1.66655639355781e-25
2.49983459033672e-26
3.74975188550508e-27
5.62462782825761e-28
8.43694174238642e-29
1.26554126135796e-29
1.89831189203695e-30
2.84746783805542e-31
4.27120175708313e-32
6.40680263562469e-33
9.61020395343704e-34
1.44153059301556e-34
2.16229588952333e-35
3.243443834285e-36
4.86516575142751e-37
7.29774862714126e-38
1.09466229407119e-38
1.64199344110678e-39
2.46299016166018e-40
3.69448524249027e-41
5.5417278637354e-42
8.3125917956031e-43
1.24688876934047e-43
1.8703331540107e-44
2.80549973101605e-45
4.20824959652407e-46
6.31237439478611e-47
1.7
0.255
0.03825
0.0057375
0.850860625
0.12762909375
0.0191443640625
0.002871654609375
0.00043074819140625
6.46122287109375e-05
0.850009691834307
0.127501453775146
0.0191252180662719
0.00286878270994079
0.850430317406491
0.127564547610974
0.0191346821416461
0.00287020232124691
0.850430530348187
0.127564579552228
0.0191346869328342
0.00287020303992513
0.00043053045598877
6.45795683983155e-05
0.85000968693526
0.127501453040289
0.0191252179560433
0.852868782693406
0.127930317404011
0.0191895476106017
0.00287843214159025
0.000431764821238537
6.47647231857806e-05
9.71470847786709e-06
1.45720627168006e-06
2.1858094075201e-07
3.27871411128014e-08
4.91807116692022e-09
7.37710675038033e-10
0.850000000110657
0.127500000016599
0.0191250000024898
0.00286875000037347
0.00043031250005602
6.4546875008403e-05
9.68203125126046e-06
1.45230468768907e-06
2.1784570315336e-07
3.26768554730041e-08
4.90152832095061e-09
7.35229248142591e-10
1.10284387221389e-10
1.65426580832083e-11
2.48139871248125e-12
3.72209806872187e-13
5.58314710308281e-14
0.850000000000008
0.127500000000001
0.0191250000000002
0.00286875000000003
0.000430312500000004
6.45468750000007e-05
9.6820312500001e-06
1.45230468750002e-06
2.17845703125002e-07
0.850000032676855
0.977500004901528
0.146625000735229
0.0219937501102844
0.00329906251654266
0.000494859377481399
0.850074228906622
0.127511134335993
0.019126670150399
0.00286900052255985
0.000430350078383978
6.45525117575967e-05
0.850009682876764
0.127501452431515
0.0191252178647272
0.00286878267970908
0.000430317401956362
6.45476102934543e-05
9.68214154401814e-06
1.45232123160272e-06
2.17848184740408e-07
0.850000032677228
0.127500004901584
0.0191250007352376
0.00286875011028564
0.000430312516542847
6.4546877481427e-05
9.68203162221405e-06
1.70000145230474
0.255000217845712
0.0382500326768567
0.00573750490152851
0.000860625735229277
0.000129093860284392
1.93640790426587e-05
2.90461185639881e-06
4.35691778459822e-07
0.850000065353767
0.127500009803065
0.0191250014704598
0.00286875022056896
0.000430312533085345
0.850064546879963
0.127509682031994
0.0191264523047992
0.00286896784571988
0.000430345176857981
6.45517765286972e-05
9.68276647930459e-06
1.45241497189569e-06
2.17862245784353e-07
3.2679336867653e-08
0.850000004901901
0.127500000735285
0.0191250001102928
0.00286875001654391
0.000430312502481587
6.45468753722381e-05
9.68203130583572e-06
1.45230469587536e-06
2.17845704381304e-07
3.26768556571956e-08
4.90152834857933e-09
7.352292522869e-10
1.10284387843035e-10
0.850000000016543
0.977500000002481
0.996625000000372
0.149493750000056
0.0224240625000084
0.00336360937500126
0.000504541406250189
7.56812109375283e-05
1.13521816406292e-05
1.70282724609439e-06
2.55424086914158e-07
3.83136130371237e-08
0.850000005747042
0.127500000862056
0.0191250001293084
0.00286875001939627
0.00043031250290944
6.4546875436416e-05
9.68203131546241e-06
1.45230469731936e-06
2.17845704597904e-07
3.26768556896856e-08
4.90152835345285e-09
7.35229253017927e-10
1.10284387952689e-10
1.65426581929034e-11
2.48139872893551e-12
3.72209809340326e-13
5.58314714010489e-14
0.850000000000008
0.127500000000001
0.0191250000000002
0.00286875000000003
0.000430312500000004
6.45468750000007e-05
9.6820312500001e-06
1.45230468750002e-06
2.17845703125002e-07
3.26768554687504e-08
4.90152832031255e-09
7.35229248046883e-10
1.10284387207033e-10
1.65426580810549e-11
2.48139871215823e-12
3.72209806823735e-13
5.58314710235603e-14
8.37472065353404e-15
0.850000000000001
0.1275
0.019125
0.00286875
0.000430312500000001
6.45468750000001e-05
9.68203125000002e-06
1.4523046875e-06
2.17845703125001e-07
3.26768554687501e-08
4.90152832031251e-09
7.35229248046877e-10
1.10284387207032e-10
0.850000000016543
0.127500000002481
0.0191250000003722
0.00286875000005583
0.000430312500008375
6.45468750012562e-05
9.68203125018844e-06
1.45230468752827e-06
2.1784570312924e-07
3.2676855469386e-08
4.9015283204079e-09
7.35229248061185e-10
1.10284387209178e-10
1.65426580813767e-11
2.4813987122065e-12
3.72209806830975e-13
5.58314710246463e-14
8.37472065369694e-15
1.25620809805454e-15
1.88431214708181e-16
2.82646822062272e-17
4.23970233093408e-18
6.35955349640112e-19
9.53933024460168e-20
1.43089953669025e-20
0.85
0.1275
0.019125
0.00286875
0.0004303125
6.4546875e-05
9.68203125000001e-06
1.4523046875e-06
2.17845703125e-07
3.267685546875e-08
4.90152832031251e-09
7.35229248046876e-10
1.10284387207031e-10
1.65426580810547e-11
2.48139871215821e-12
3.72209806823731e-13
5.58314710235597e-14
8.37472065353395e-15
1.25620809803009e-15
1.88431214704514e-16
2.82646822056771e-17
4.23970233085157e-18
6.35955349627735e-19
9.53933024441603e-20
1.4308995366624e-20
2.14634930499361e-21
3.21952395749041e-22
4.82928593623562e-23
7.24392890435343e-24
1.08658933565301e-24
1.62988400347952e-25
2.44482600521928e-26
3.66723900782892e-27
5.50085851174339e-28
8.25128776761508e-29
1.23769316514226e-29
0.85
0.1275
0.019125
0.00286875
0.0004303125
6.4546875e-05
9.68203125000001e-06
1.4523046875e-06
2.17845703125e-07
3.267685546875e-08
4.90152832031251e-09
7.35229248046876e-10
1.10284387207031e-10
1.65426580810547e-11
2.48139871215821e-12
3.72209806823731e-13
5.58314710235597e-14
0.850000000000008
0.977500000000001
0.146625
0.02199375
0.00329906250000001
0.000494859375000001
7.42289062500002e-05
0.850011134335937
0.127501670150391
0.0191252505225586
0.00286878757838379
0.000430318136757569
6.45477205136353e-05
0.850009682158077
0.127501452323712
0.869125217848557
0.130368782677284
0.0195553174015925
0.852933297610239
0.127939994641536
0.0191909991962304
0.00287864987943456
0.000431797481915184
6.47696222872776e-05
9.71544334309164e-06
0.850001457316501
0.127500218597475
0.0191250327896213
0.852868754918443
0.977930313237766
0.146689546985665
0.0220034320478498
0.853300514807177
0.127995077221077
0.0191992615831615
0.00287988923747422
0.000431983385621134
6.47975078431701e-05
9.71962617647551e-06
1.45794392647133e-06
0.850000218691589
0.127500032803738
0.0191250049205608
0.852868750738084
0.127930312610713
0.0191895468916069
2.55287843203374
0.382931764805061
0.0574397647207592
0.00861596470811388
0.00129239470621708
0.000193859205932562
0.85002907888089
0.127504361832133
0.01912565427482
0.002868848141223
0.000430327221183451
0.850064549083178
0.127509682362477
0.869126452354371
1.83036896785316
1.97455534517797
0.296183301776696
0.0444274952665044
0.00666412428997566
0.00099961864349635
0.000149942796524452
0.850022491419479
0.127503373712922
0.0191255060569383
0.00286882590854074
0.000430323886281111
0.850064548582942
0.127509682287441
0.869126452343116
0.980368967851467
0.14705534517772
0.022058301776658
0.0033087452664987
0.000496311789974806
7.44467684962209e-05
1.11670152744331e-05
1.67505229116497e-06
2.51257843674745e-07
3.76886765512118e-08
5.65330148268177e-09
8.47995222402266e-10
0.850000000127199
0.12750000001908
0.019125000002862
0.0028687500004293
0.000430312500064395
6.45468750096592e-05
9.68203125144889e-06
1.45230468771733e-06
0.850000217845703
0.127500032676855
0.0191250049015283
0.852868750735229
0.127930312610284
0.0191895468915427
0.0028784320337314
0.00043176480505971
6.47647207589565e-05
9.71470811384348e-06
1.45720621707652e-06
2.18580932561478e-07
3.27871398842218e-08
0.850000004918071
0.977500000737711
0.146625000110657
0.0219937500165985
0.00329906250248977
0.000494859375373466
0.850074228906306
0.127511134335946
0.0191266701503919
0.00286900052255878
0.850430350078384
0.127564552511758
0.0191346828767636
0.852870202431515
0.127930530364727
0.0191895795547091
0.00287843693320636
0.000431765539980954
0.850064764830997
0.12750971472465
0.0191264572086974
0.852868968581305
0.127930345287196
0.869189551793079
0.130378432768962
0.0195567649153443
0.00293351473730164
0.000440027210595247
6.6004081589287e-05
9.90061223839305e-06
1.48509183575896e-06
2.22763775363844e-07
3.34145663045766e-08
5.01218494568649e-09
7.51827741852973e-10
0.850000000112774
0.127500000016916
0.0191250000025374
0.00286875000038061
0.000430312500057092
0.850064546875009
0.127509682031251
0.0191264523046877
0.00286896784570316
0.000430345176855473
6.4551776528321e-05
9.68276647924815e-06
1.45241497188722e-06
2.17862245783084e-07
3.26793368674625e-08
4.90190053011938e-09
7.35285079517907e-10
0.850000000110293
0.127500000016544
0.0191250000024816
0.00286875000037224
0.000430312500055836
6.45468750083754e-05
9.68203125125631e-06
1.45230468768845e-06
2.17845703153267e-07
3.26768554729901e-08
4.90152832094851e-09
0.850000000735229
0.977500000110284
0.146625000016543
0.0219937500024814
0.00329906250037221
0.850494859375056
0.127574228906258
0.0191361343359388
0.00287042015039081
0.000430563022558622
6.45844533837933e-05
9.687668007569e-06
1.45315020113535e-06
2.17972530170303e-07
3.26958795255454e-08
4.90438192883181e-09
0.850000000735657
0.127500000110349
0.869125000016552
0.980368750002483
0.997055312500372
0.999558296875056
0.999933744531258
0.999990061679689
0.149998509251953
0.872499776387793
0.130874966458169
0.0196312449687253
0.0029446867453088
0.00044170301179632
1.70006625545177
1.10500993831777
0.165751490747665
0.0248627236121497
0.00372940854182246
0.000559411281273369
8.39116921910054e-05
1.25867538286508e-05
0.850001888013074
0.127500283201961
0.0191250424802942
0.00286875637204413
0.000430313455806619
0.850064547018371
0.127509682052756
0.0191264523079134
0.002868967846187
0.000430345176928051
6.45517765392076e-05
9.68276648088114e-06
1.45241497213217e-06
2.17862245819826e-07
0.850000032679337
0.127500004901901
0.0191250007352851
0.00286875011029276
0.850430312516544
0.127564546877482
0.869134682031622
0.980370202304743
0.147055530345712
0.0220583295518567
0.00330874943277851
0.000496312414916777
7.44468622375165e-05
0.850011167029336
0.1275016750544
0.0191252512581601
0.00286878768872401
0.000430318153308601
6.45477229962902e-05
9.68215844944353e-06
1.45232376741653e-06
2.1784856511248e-07
3.26772847668719e-08
4.90159271503079e-09
7.35238907254619e-10
0.850000000110286
0.127500000016543
0.0191250000024814
0.00286875000037222
0.000430312500055833
6.45468750083749e-05
9.68203125125623e-06
1.45230468768844e-06
2.17845703153265e-07
3.26768554729898e-08
4.90152832094847e-09
7.35229248142271e-10
1.10284387221341e-10
0.850000000016543
0.977500000002481
0.146625000000372
0.871993750000056
0.130799062500008
1.719619859375
1.10794297890625
1.01619144683594
3.55242871702539
3.08286430755381
1.31242964613307
0.196864446919961
1.72952966703799
1.1094294500557
1.01641441750835
1.85246216262625
0.277869324393938
0.891680398659091
1.83375205979886
1.12506280896983
2.71875942134547
2.95781391320182
1.29367208698027
0.194050813047041
2.57910762195706
0.386866143293558
2.60802992149403
2.0912044882241
0.313680673233616
0.897052100985042
1.83455781514776
1.97518367227216
1.14627755084082
1.02194163262612
1.85329124489392
2.82799368673409
1.27419905301011
2.74112985795152
1.26116947869273
2.73917542180391
0.410876313270586
1.76163144699059
1.11424471704859
2.71713670755729
2.10757050613359
1.16613557592004
2.72492033638801
3.8087380504582
3.12131070756873
5.56819660613531
2.5352294909203
0.380284423638045
0.907042663545707
1.83605639953186
3.67540845992978
2.25131126898947
1.18769669034842
1.02815450355226
2.70422317553284
2.95563347632993
2.99334502144949
0.449001753217423
5.16735026298261
1.62510253944739
0.243765380917109
1.73656480713757
2.81048472107063
3.8215727081606
3.97323590622409
4.84598538593361
4.97689780789004
4.99653467118351
3.29948020067753
3.04492203010163
0.456738304515244
2.61851074567729
5.49277661185159
0.823916491777739
0.973587473766661
1.846038121065
1.12690571815975
0.169035857723963
1.72535537865859
1.95880330679879
4.54382049601982
1.53157307440297
1.92973596116045
2.83946039417407
1.27591905912611
1.04138785886892
5.25620817883034
3.33843122682455
3.90076468402368
2.28511470260355
2.04276720539053
2.85641508080858
0.428462262121287
1.76426933931819
1.96464040089773
1.99469606013466
0.299204409020199
1.74488066135303
3.66173209920295
2.24925981488044
2.88738897223207
2.98310834583481
6.39746625187522
2.65961993778128
3.79894299066719
3.11984144860008
3.86797621729001
2.2801964325935
2.04202946488903
2.00630441973335
0.300945662960003
1.745141849444
3.6617712774166
4.79926569161249
4.11988985374187
2.31798347806128
5.44769752170919
1.66715462825638
3.65007319423846
1.39751097913577
1.90962664687037
3.68644399703055
5.65296659955458
1.69794498993319
3.65469174848998
1.3982037622735
0.209730564341025
0.0314595846511537
1.70471893769767
1.95570784065465
1.9933561760982
1.14900342641473
4.42235051396221
5.76335257709433
5.11450288656415
0.767175432984623
4.36507631494769
3.20476144724215
1.33071421708632
0.199607132562948
0.879941069884442
0.131991160482666
1.7197986740724
5.35796980111086
1.65369547016663
2.79805432052499
2.96970814807875
2.14545622221181
3.72181843333177
1.40827276499977
1.91124091474996
0.286686137212495
1.74300292058187
1.11145043808728
1.86671756571309
4.53000763485696
2.37950114522854
2.05692517178428
2.85853877576764
1.27878081636515
2.74181712245477
2.96127256836822
5.54419088525523
2.53162863278828
2.07974429491824
1.16196164423774
3.57429424663566
1.38614413699535
1.9079216205493
1.1361882430824
2.72042823646236
4.65806423546935
3.2487096353204
0.487306445298061
0.923095966794709
0.988464395019206
1.84826965925288
1.97724044888793
2.84658606733319
0.426987910099978
1.764048186515
1.11460722797725
0.167191084196587
0.0250786626294881
1.70376179939442
1.10556426990916
2.71583464048637
2.10737519607296
2.01610627941094
0.302415941911642
0.895362391286746
0.134304358693012
0.0201456538039518
0.00302184807059277
2.55045327721059
0.382567991581588
0.907385198737238
1.83610777981059
0.275416166971588
2.59131242504574
0.388696863756861
0.0583045295635291
1.70874567943453
0.256311851915179
0.888446777787277
0.983267016668091
0.997490052500214
0.999623507875032
1.84994352618125
0.277491528927188
0.891623729339078
0.133743559400862
0.0200615339101293
0.00300923008651939
0.000451384512977909
6.77076769466863e-05
0.850010156151542
0.977501523422731
0.14662522851341
0.0219937842770115
0.00329906764155172
0.000494860146232758
7.42290219349137e-05
0.85001113435329
0.127501670152994
0.869125250522949
0.130368787578442
1.71955531813677
0.257933297720515
0.0386899946580773
0.00580349919871159
0.000870524879806738
0.000130578731971011
1.95868097956516e-05
2.93802146934774e-06
4.40703220402162e-07
6.61054830603242e-08
9.91582245904864e-09
1.4873733688573e-09
2.23106005328594e-10
3.34659007992892e-11
5.01988511989338e-12
7.52982767984007e-13
1.12947415197601e-13
1.69421122796402e-14
2.54131684194602e-15
3.81197526291904e-16
5.71796289437855e-17
8.57694434156783e-18
1.28654165123518e-18
1.92981247685276e-19
2.89471871527915e-20
4.34207807291872e-21
6.51311710937808e-22
9.76967566406712e-23
1.46545134961007e-23
2.1981770244151e-24
3.29726553662265e-25
4.94589830493398e-26
7.41884745740098e-27
1.11282711861015e-27
1.66924067791522e-28
0.85
0.1275
0.019125
0.00286875
0.0004303125
0.850064546875
0.12750968203125
0.0191264523046875
0.00286896784570313
0.000430345176855469
6.45517765283204e-05
9.68276647924806e-06
1.45241497188721e-06
2.17862245783081e-07
3.26793368674622e-08
4.90190053011933e-09
7.352850795179e-10
1.10292761927685e-10
0.850000000016544
0.127500000002482
0.869125000000372
0.980368750000056
0.147055312500008
0.0220582968750013
0.00330874453125019
0.850496311679688
0.977574446751953
0.996636167012793
0.999495425051919
0.149924313757788
1.72248864706367
1.95837329705955
0.293755994558933
0.0440633991838399
1.70660950987758
1.95599142648164
0.293398713972245
0.894009807095837
0.134101471064376
0.870115220659656
0.130517283098948
0.869577592464842
2.68043663886973
2.10206549583046
1.16530982437457
4.42479647365619
0.663719471048428
0.0995579206572642
0.0149336880985896
0.852240053214788
0.127836007982218
0.0191754011973327
0.00287631017959991
1.70043144652694
1.95506471697904
3.69325970754686
0.553988956132028
1.7830983434198
1.96746475151297
0.295119712726946
0.894267956909042
0.984140193536356
2.69762102903045
2.10464315435457
4.56569647315319
1.53485447097298
2.78022817064595
1.26703422559689
1.04005513383953
3.55600827007593
1.38340124051139
1.05751018607671
3.55862652791151
1.38379397918673
2.75756909687801
0.413635364531701
0.912045304679755
1.83680679570196
1.12552101935529
2.71882815290329
0.407824222935494
1.76117363344032
1.96417604501605
1.99462640675241
2.84919396101286
1.27737909415193
1.04160686412279
1.00624102961842
1.00093615444276
2.70014042316641
2.95502106347496
2.14325315952124
0.321487973928187
3.44822319608923
1.36723347941338
1.05508502191201
0.158262753286801
0.0237394129930202
2.55356091194895
1.23303413679234
0.184955120518851
1.72774326807783
4.50916149021167
1.52637422353175
5.32895613352976
3.34934342002946
2.20240151300442
1.18036022695066
2.7270540340426
3.80905810510639
5.67135871576596
1.70070380736489
1.10510557110473
1.86576583566571
2.82986487534986
0.424479731302479
3.46367195969537
2.21955079395431
2.88293261909315
1.28243989286397
1.0423659839296
5.25635489758944
2.48845323463842
0.373267985195762
0.905990197779364
0.985898529666905
0.997884779450036
0.999682716917505
2.69995240753763
2.10499286113064
1.1657489291696
1.02486233937544
1.85372935090632
0.278059402635947
1.74170891039539
2.81125633655931
2.1216884504839
2.01825326757258
1.15273799013589
1.02291069852038
1.85343660477806
1.12801549071671
0.169202323607506
0.875380348541126
0.131307052281169
2.56969605784218
2.08545440867633
0.312818161301449
1.74692272419522
1.11203840862928
2.71680576129439
1.25752086419416
0.188628129629124
0.878294219444369
1.83174413291666
0.274761619937498
0.891214242990625
0.133682136448594
0.0200523204672891
0.853007848070093
0.127951177210514
0.869192676581577
0.980378901487237
1.84705683522309
4.52705852528346
0.67905877879252
0.101858816818878
1.71527882252283
0.257291823378425
1.73859377350676
1.11078906602601
2.7166183599039
1.25749275398559
1.88862391309784
1.98329358696468
3.6974940380447
1.40462410570671
3.61069361585601
3.9416040423784
2.29124060635676
4.59368609095351
4.93905291364303
2.44085793704645
1.21612869055697
1.88241930358355
1.13236289553753
4.41985443433063
4.06297816514959
2.30944672477244
1.19641700871587
3.57946255130738
2.23691938269611
1.18553790740442
1.02783068611066
1.0041746029166
2.70062619043749
4.65509392856562
1.54826408928484
2.78223961339273
1.26733594200891
3.59010039130134
1.3885150586952
0.20827725880428
0.881241588820642
4.3821862383231
4.90732793574846
2.43609919036227
1.21541487855434
1.03231223178315
1.00484683476747
2.70072702521512
1.25510905378227
0.18826635806734
1.7282399537101
0.259235993056515
0.0388853989584773
1.70583280984377
1.95587492147657
0.293381238221485
0.894007185733223
0.134101077859983
0.0201151616789975
0.00301727425184963
0.000452591137777444
6.78886706666167e-05
1.01833005999925e-05
0.85000152749509
1.82750022912426
0.27412503436864
0.891118755155296
0.983667813273294
0.997550171990994
0.149632525798649
1.7224448788698
0.25836673183047
0.0387550097745704
0.00581325146618557
0.850871987719928
0.977630798157989
0.146644619723698
0.0219966929585548
0.00329950394378321
0.000494925591567482
7.42388387351224e-05
1.11358258102684e-05
1.67037387154025e-06
2.50556080731038e-07
3.75834121096557e-08
5.63751181644836e-09
8.45626772467254e-10
1.26844015870088e-10
0.850000000019027
0.127500000002854
0.0191250000004281
0.00286875000006422
0.000430312500009632
0.850064546875001
0.12750968203125
0.0191264523046875
0.00286896784570313
0.00043034517685547
6.45517765283205e-05
9.68276647924807e-06
1.45241497188721e-06
2.17862245783082e-07
3.26793368674623e-08
4.90190053011934e-09
7.35285079517901e-10
1.10292761927685e-10
1.65439142891528e-11
2.48158714337292e-12
3.72238071505938e-13
5.58357107258906e-14
8.3753566088836e-15
1.25630349133254e-15
1.88445523699881e-16
2.82668285549822e-17
0.85
0.1275
0.019125
0.00286875
0.0004303125
6.4546875e-05
9.68203125000001e-06
1.4523046875e-06
2.17845703125e-07
3.267685546875e-08
4.90152832031251e-09
7.35229248046876e-10
1.10284387207031e-10
1.65426580810547e-11
2.48139871215821e-12
0.850000000000372
0.127500000000056
0.869125000000008
0.980368750000001
0.9970553125
0.149558296875
0.02243374453125
0.0033650616796875
0.000504759251953125
7.57138877929688e-05
1.13570831689453e-05
1.7035624753418e-06
2.5553437130127e-07
3.83301556951905e-08
3.40000000574952
0.510000000862429
0.926500000129364
0.138975000019405
0.0208462500029107
0.00312693750043661
0.000469040625065491
7.03560937598237e-05
0.850010553414064
0.12750158301211
0.0191252374518164
0.00286878561777247
0.00043031784266587
0.8500645476764
0.12750968215146
1.71912645232272
3.65786896784841
1.39868034517726
1.05980205177659
1.00897030776649
0.151345546164973
0.022701831924746
0.853405274788712
0.128010791218307
0.869201618682746
2.68038024280241
0.402057036420362
2.61030855546305
2.94154628331946
2.14123194249792
1.17118479137469
1.0256777187062
1.00385165780593
0.15057774867089
0.0225866623006334
0.00338799934509502
0.000508199901764253
7.62299852646379e-05
1.70001143449779
1.95500171517467
0.2932502572762
0.89398753859143
2.68409813078871
2.10261471961831
2.01539220794275
1.15230883119141
1.87284632467871
1.13092694870181
1.86963904230527
1.13044585634579
1.86956687845187
1.13043503176778
0.169565254765167
0.0254347882147751
0.853815218232216
0.978072282734832
1.84671084241022
0.277006626361534
0.89155099395423
3.53373264909313
2.23005989736397
3.7345089846046
1.41017634769069
1.0615264521536
1.85922896782304
2.82888434517346
0.424332651776018
5.1636498977664
1.62454748466496
1.94368212269974
0.291552318404962
3.44373284776074
2.21655992716411
2.88248398907462
2.13237259836119
2.86985588975418
2.13047838346313
2.86957175751947
2.13043576362792
0.319565364544188
0.0479348046816282
0.857190220702244
0.128578533105337
1.7192867799658
0.25789301699487
3.43868395254923
3.06580259288238
1.30987038893236
1.04648055833985
1.00697208375098
0.151045812562647
0.872656871884397
0.13089853078266
1.7196347796174
1.95794521694261
3.69369178254139
0.554053767381209
1.78310806510718
0.267466209766077
0.890119931464912
2.68351798971974
2.95252769845796
0.442879154768694
1.7664318732153
1.9649647809823
1.99474471714734
1.1492117075721
0.172381756135815
0.875857263420372
0.131378589513056
2.56970678842696
0.385456018264044
0.907818402739607
3.53617276041094
3.93042591406164
2.28956388710925
2.04343458306639
2.00651518745996
0.300977278118994
1.74514659171785
0.261771988757677
0.889265798313652
1.83338986974705
0.275008480462057
2.59125127206931
0.388687690810396
1.75830315362156
1.11374547304323
0.167061820956485
4.27505927314347
2.34125889097152
2.90118883364573
1.28517832504686
5.29277674875703
1.64391651231355
1.94658747684703
0.291988121527055
1.74379821822906
2.81156973273436
2.12173545991015
1.16826031898652
1.02523904784798
2.7037858571772
2.95556787857658
4.69333518178649
3.25400027726797
3.0381000415902
3.00571500623853
1.30085725093578
1.04512858764037
0.156769288146055
0.873515393221908
1.83102730898329
1.97465409634749
2.84619811445212
2.12692971716782
2.86903945757517
0.430355918636276
5.16455338779544
1.62468300816932
0.243702451225397
0.88655536768381
0.982983305152571
0.147447495772886
0.0221171243659329
4.25331756865489
2.33799763529823
0.350699645294735
4.30260494679421
1.49539074201913
1.07430861130287
1.86114629169543
1.12917194375431
3.56937579156315
3.93540636873447
2.29031095531017
1.19354664329653
1.87903199649448
2.83185479947417
0.424778219921126
0.913716732988169
0.137057509948225
2.57055862649223
1.23558379397384
1.03533756909608
1.00530063536441
1.00079509530466
1.0001192642957
0.150017889644355
1.72250268344665
1.108375402517
1.86625631037755
1.97993844655663
1.14699076698349
0.172048615047524
0.875807292257129
1.83137109383857
1.12470566407579
0.168705849611368
0.0253058774417052
0.853795881616256
0.978069382242438
0.996710407336366
0.999506561100455
0.999925984165068
0.14998889762476
0.022498334643714
1.70337475019656
0.255506212529484
0.888325931879423
0.983248889781913
0.147487333467287
0.0221231000200931
1.70331846500301
0.255497769750452
0.0383246654625678
0.855748699819385
0.128362304972908
0.0192543457459362
0.85288815186189
0.977933222779284
0.996689983416893
0.149503497512534
0.0224255246268801
0.00336382869403201
0.000504574304104802
7.56861456157203e-05
1.13529218423581e-05
1.70293827635371e-06
0.850000255440741
0.977500038316111
0.146625005747417
0.0219937508621125
0.00329906262931688
0.000494859394397532
7.42289091596298e-05
1.11343363739445e-05
1.70000167015046
1.10500025052257
0.165750037578385
0.0248625056367578
0.00372937584551367
0.000559406376827051
8.39109565240576e-05
1.25866434786086e-05
0.850001887996522
0.127500283199478
0.0191250424799217
0.00286875637198826
0.000430313455798239
6.45470183697359e-05
9.68205275546039e-06
1.45230791331906e-06
2.17846186997859e-07
3.26769280496788e-08
4.90153920745183e-09
7.35230881117774e-10
1.10284632167666e-10
1.65426948251499e-11
2.48140422377249e-12
3.72210633565873e-13
5.5831595034881e-14
0.850000000000008
0.127500000000001
0.0191250000000002
0.00286875000000003
0.000430312500000004
6.45468750000007e-05
9.6820312500001e-06
1.45230468750002e-06
2.17845703125002e-07
3.26768554687504e-08
4.90152832031255e-09
7.35229248046883e-10
0.850000000110284
0.127500000016543
0.0191250000024814
0.00286875000037221
0.000430312500055832
6.45468750083748e-05
9.68203125125621e-06
1.45230468768843e-06
0.850000217845703
0.127500032676855
0.0191250049015283
0.00286875073522925
0.850430312610284
0.977564546891543
0.146634682033731
0.0219952023050597
0.00329928034575896
0.000494892051863844
7.42338077795766e-05
0.850011135071167
0.127501670260675
0.0191252505391013
0.00286878758086519
0.000430318137129779
6.45477205694668e-05
0.850009682158085
0.977501452323713
0.996625217848557
0.149493782677284
0.0224240674015925
1.70336361011024
1.10550454151654
0.16582568122748
0.874873852184122
1.83123107782762
1.97468466167414
0.296202699251121
0.894430404887668
0.98416456073315
0.147624684109973
0.0221437026164959
0.00332155539247438
1.70049823330887
5.35507473499633
2.50326121024945
0.375489181537418
0.0563233772306126
0.0084485065845919
0.851267275987689
0.127690091398153
5.11915351370972
4.16787302705646
4.02518095405847
3.15377714310877
1.32306657146632
2.74845998571995
1.26226899785799
0.189340349678699
0.0284010524518048
3.40426015786777
1.36063902368017
1.90409585355202
2.8356143780328
0.425342156704921
0.0638013235057381
0.859570198525861
0.978935529778879
2.69684032946683
2.95452604942002
2.143178907413
2.02147683611195
2.85322152541679
2.12798322881252
1.16919748432188
2.72537962264828
1.25880694339724
0.188821041509586
2.57832315622644
4.63674847343397
0.695512271015095
1.80432684065226
2.82064902609784
2.97309735391468
4.6959646030872
2.40439469046308
2.06065920356946
4.55909888053542
4.08386483208031
1.46257972481205
3.61938695872181
2.24290804380827
3.73643620657124
2.26046543098569
0.339069814647853
2.60086047219718
3.79012907082958
0.568519360624437
1.78527790409367
1.96779168561405
2.84516875284211
1.27677531292632
3.59151629693895
2.23872744454084
2.03580911668113
1.15537136750217
1.02330570512533
9.5034958557688
3.97552437836532
2.2963286567548
1.19444929851322
2.72916739477698
3.80937510921655
1.42140626638248
2.76321093995737
1.26448164099361
1.03967224614904
0.155950836922356
1.72339262553835
3.65850889383075
2.24877633407461
4.58731645011119
4.08809746751668
1.4632146201275
1.06948219301913
0.160422328952869
0.0240633493429303
0.85360950240144
0.978041425360216
1.84670621380403
1.9770059320706
1.99655088981059
1.14948263347159
0.172422395020738
0.875863359253111
0.981379503887967
1.84720692558319
3.67708103883748
1.40156215582562
1.06023432337384
2.70903514850608
1.25635527227591
1.03845329084139
1.00576799362621
1.85086519904393
1.12762977985659
0.169144466978488
1.72537167004677
1.10880575050702
1.01632086257605
0.152448129386408
0.872867219407961
1.83093008291119
1.12463951243668
1.0186959268655
0.152804389029825
0.0229206583544738
0.853438098753171
0.978015714812976
3.54670235722195
1.38200535358329
0.207300803037494
1.73109512045562
1.95966426806834
3.69394964021025
1.40409244603154
2.76061386690473
2.11409208003571
2.01711381200536
3.7025670718008
2.25538506077012
2.03830775911552
4.55574616386733
0.683361924580099
0.102504288687015
0.865375643303052
2.67980634649546
0.401970951974319
4.31029564279615
2.34654434641942
2.90198165196291
0.435297247794437
1.76529458716917
0.264794188075375
0.889719128211306
0.983457869231696
1.84751868038475
2.82712780205771
1.27406917030866
5.2911103755463
2.49366655633194
0.374049983449792
2.60610749751747
1.24091612462762
2.73613741869414
0.410420612804121
2.61156309192062
0.391734463788093
3.45876016956821
1.36881402543523
1.90532210381528
0.285798315572293
0.0428697473358439
0.856430462100377
1.82846456931506
1.97426968539726
0.296140452809589
3.44442106792144
2.21666316018822
1.18249947402823
3.57737492110423
1.38660623816564
2.75799093572485
0.413698640358727
0.912054796053809
1.83680821940807
0.275521232911211
0.0413281849366816
1.7061992277405
1.95592988416108
0.293389482624161
0.894008422393624
0.134101263359044
0.870115189503857
0.980517278425578
1.84707759176384
1.12706163876458
1.01905924581469
1.0028588868722
0.15042883303083
0.0225643249546246
0.00338464874319369
0.850507697311479
0.127576154596722
0.0191364231895083
1.70287046347843
0.255430569521764
0.888314585428265
0.98324718781424
0.997487078172136
0.14962306172582
0.0224434592588731
0.00336651888883096
0.000504977833324644
0.850075746674999
0.12751136200125
0.0191267043001875
0.00286900564502812
0.000430350846754218
0.850064552627013
1.82750968289405
0.274126452434108
0.0411189678651162
0.00616784517976743
0.000925176776965114
0.000138776516544767
2.08164774817151e-05
3.12247162225726e-06
4.68370743338589e-07
0.850000070255612
0.127500010538342
0.869125001580751
0.130368750237113
0.0195553125355669
0.00293329688033504
0.000439994532050256
6.59991798075384e-05
9.89987697113075e-06
1.48498154566961e-06
2.22747231850442e-07
3.34120847775663e-08
5.01181271663495e-09
7.51771907495242e-10
1.12765786124286e-10
0.850000000016915
0.127500000002537
0.0191250000003806
0.00286875000005709
0.850430312500009
1.827564546875
0.27413468203125
0.0411202023046875
0.00616803034570313
0.00092520455185547
0.000138780682778321
2.08171024167481e-05
3.12256536251221e-06
4.68384804376832e-07
7.02577206565248e-08
1.05386580984787e-08
1.58079871477181e-09
2.37119807215771e-10
3.55679710823657e-11
5.33519566235486e-12
8.00279349353228e-13
0.85000000000012
0.127500000000018
0.0191250000000027
0.00286875000000041
0.000430312500000061
6.45468750000091e-05
9.68203125000137e-06
1.45230468750021e-06
0.850000217845703
0.127500032676855
0.0191250049015283
0.852868750735229
0.127930312610284
0.0191895468915427
0.0028784320337314
0.00043176480505971
6.47647207589565e-05
9.71470811384348e-06
1.45720621707652e-06
0.850000218580933
0.97750003278714
0.146625004918071
3.42199375073771
0.513299062610657
0.926994859391599
0.13904922890874
0.870857384336311
0.130628607650447
0.019594291147567
0.852939143672135
0.97794087155082
0.146691130732623
0.0220036696098935
0.853300550441484
2.67799508256622
0.401699262384933
2.61025488935774
0.391538233403661
0.908730735010549
0.986309610251582
0.997946441537737
0.999691966230661
0.149953794934599
0.0224930692401899
0.00337396038602848
0.000506094057904272
1.70007591410869
1.1050113871163
0.165751708067445
1.72486275621012
1.95872941343152
0.293809412014728
0.894071411802209
1.83411071177033
1.97511660676555
2.84626749101483
2.97694012365222
1.29654101854783
2.74448115278217
1.26167217291733
0.189250825937599
1.72838762389064
1.9592581435836
0.293888721537539
2.59408330823063
1.23911249623459
1.88586687443519
1.13288003116528
1.01993200467479
2.70298980070122
2.10544847010518
3.71581727051578
0.557372590577367
0.933605888586605
0.990040883287991
0.148506132493199
0.0222759198739798
1.7033413879811
1.10550120819716
0.165825181229575
0.874873777184436
1.83123106657767
1.12468465998665
0.168702698997998
2.5753054048497
2.08629581072745
0.312944371609118
0.896941655741368
1.83454124836121
1.97518118725418
0.296277178088127
0.0444415767132191
0.00666623650698286
0.850999935476047
0.127649990321407
0.869147498548211
0.130372124782232
1.71955581871733
3.6579333728076
0.54869000592114
1.78230350088817
2.81734552513323
1.27260182876998
1.8908902743155
2.83363354114732
1.2750450311721
3.59125675467581
1.38868851320137
1.90830327698021
1.13624549154703
0.170436823732055
0.875565523559808
1.83133482853397
3.6747002242801
1.40120503364201
0.210180755046302
1.73152711325695
2.80972906698854
2.12145936004828
2.86821890400724
1.28023283560109
2.74203492534016
2.96130523880102
0.444195785820154
0.916629367873023
0.987494405180953
0.148124160777143
0.872218624116571
1.83083279361749
1.12462491904262
1.86869373785639
1.13030406067846
2.71954560910177
1.25793184136527
1.88868977620479
0.283303466430719
0.0424955199646078
0.00637432799469117
1.7009561491992
1.95514342237988
0.293271513356982
0.893990727003547
0.984098609050532
0.99761479135758
0.999642218703637
1.84994633280555
1.12749194992083
0.169123792488125
0.875368568873219
0.981305285330983
0.997195792799647
0.999579368919947
0.999936905337992
0.999990535800699
0.999998580370105
0.999999787055516
0.149999968058327
0.872499995208749
0.980874999281312
0.997131249892197
2.69956968748383
1.25493545312257
1.03824031796839
1.00573604769526
0.150860407154289
0.872629061073143
0.980894359160971
0.997134153874146
1.84957012308112
0.277435518462168
0.891615327769325
0.983742299165399
0.14756134487481
0.0221342017312215
1.70332013025968
1.10549801953895
1.86582470293084
1.97987370543963
1.14698105581594
1.02204715837239
0.153307073755859
0.0229960610633788
0.00344940915950682
0.850517411373926
3.52757761170609
3.07913664175591
0.461870496263387
0.0692805744395081
1.71039208616593
0.256558812924889
0.0384838219387333
0.00577257329081
0.000865885993621501
1.70012988289904
1.10501948243486
0.165752922365228
0.0248629383547843
0.853729440753218
0.978059416112983
0.996708912416947
2.69950633686254
1.25492595052938
0.188238892579407
0.0282358338869111
0.00423537508303666
0.0006353062624555
9.52959393683249e-05
1.42943909052487e-05
2.14415863578731e-06
3.21623795368097e-07
0.850000048243569
0.127500007236535
0.0191250010854803
1.70286875016282
1.10543031252442
1.01581454687866
0.1523721820318
0.0228558273047699
0.00342837409571549
0.000514256114357324
7.71384171535986e-05
1.15707625730398e-05
1.73561438595597e-06
2.60342157893395e-07
3.90513236840093e-08
5.85769855260140e-09
8.78654782890209e-10
1.31798217433531e-10
0.85000000001977
