0
0.5
0.23
0.1058
0.588668
0.81078728
0.3729621488
0.171562588448
0.07891879068608
0.0363026437155968
0.0166992161091745
0.00768163941022028
0.543533554128701
0.250025434899203
0.115011700053633
0.0529053820246713
0.0243364757313488
0.0111947788364204
0.0051495982647534
0.00236881520178656
0.00108965499282182
0.000501241296698037
0.000230570996481097
0.000106062658381305
4.87888228554001e-05
2.24428585134841e-05
1.03237149162027e-05
4.74890886145323e-06
2.18449807626848e-06
1.0048691150835e-06
4.62239792938411e-07
2.12630304751669e-07
9.78099401857678e-08
0.540000044992572
0.248400020696583
0.114264009520428
0.052561444379397
0.0241782644145226
0.0111220016306804
0.00511612075011299
0.00235341554505197
0.00108257115072391
0.000497982729332998
0.000229072055493179
0.000105373145526862
4.84716469423566e-05
2.22969575934841e-05
1.02566004930027e-05
4.71803622678122e-06
2.17029666431936e-06
9.98336465586907e-07
4.59234774169977e-07
2.11247996118189e-07
9.71740782143672e-08
4.47000759786089e-08
2.05620349501601e-08
9.45853607707364e-09
4.35092659545387e-09
2.00142623390878e-09
9.2065606759804e-10
4.23501791095098e-10
1.94810823903745e-10
8.96129789957228e-11
4.12219703380325e-11
1.89621063554949e-11
8.72256892352767e-12
4.01238170482273e-12
0.540000000001846
0.248400000000849
0.114264000000391
0.0525614400001796
0.0241782624000826
0.011122000704038
0.00511612032385749
0.00235341534897444
0.00108257106052824
0.000497982687842992
0.000229072036407776
0.000105373136747577
4.84716429038855e-05
2.22969557357873e-05
1.02565996384622e-05
4.71803583369259e-06
2.17029648349859e-06
9.98336382409353e-07
4.59234735908302e-07
2.11247978517819e-07
9.71740701181968e-08
4.47000722543705e-08
2.05620332370104e-08
9.4585352890248e-09
4.35092623295141e-09
2.00142606715765e-09
0.540000000920656
0.248400000423502
0.114264000194811
0.052561440089613
0.564178262441222
0.259522000722962
0.119380120332563
0.594914855352979
0.27366083346237
0.12588398339269
0.0579066323606375
0.0266370508858933
0.0122530434075109
0.00563639996745501
0.00259274398502931
0.00119266223311348
0.000548624627232201
0.000252367328526813
0.000116088971122334
5.34009267162735e-05
0.54002456442629
0.788411299636093
0.362669197832603
0.166827831002997
0.0767408022613787
0.0353007690402342
0.0162383537585077
0.547469642728914
0.2518360356553
0.115844576401438
0.0532885051446615
0.0245127123665443
0.0112758476886104
0.00518688993676077
0.54238596937091
0.789497545910619
0.363168871118885
0.167057680714687
0.0768465331287559
0.0353494052392277
0.0162607264100448
0.00747993414862059
0.00344076970836547
0.00158275406584812
0.000728066870290133
0.000334910760333461
0.000154058949753392
7.08671168865604e-05
0.540032598873768
0.248414995481933
0.114270897921689
0.0525646130439771
0.0241797220002294
0.551122672120106
0.253516429175249
0.116617557420614
0.0536440764134826
0.024676275150202
0.551351086569093
0.253621499821783
0.65666588991802
0.302066309362289
0.678950502306653
0.31231723106106
0.143665926288088
0.0660863260925204
0.0303997100025594
0.0139838666011773
0.00643257863654156
0.00295898617280912
0.00136113363949219
0.540626121474166
1.32868801587812
0.611196487303934
0.821150384159809
1.45772917671351
0.670555421288216
0.308455493792579
0.141889527144586
0.60526918248651
0.278423823943794
0.668074959014145
0.307314481146507
0.141364661327393
0.605027744210601
0.278312762336876
0.128023870674963
0.058890980510483
0.0270898510348222
0.0124613314760182
0.00573221247896837
0.00263681774032545
0.00121293616054971
0.000557950633852866
0.000256657291572318
0.000118062354123266
5.43086828967025e-05
2.49819941324832e-05
1.14917173009423e-05
5.28618995843343e-06
0.540002431647381
0.248401118557795
0.114264514536586
0.0525616766868295
0.564178371275942
0.259522050786933
0.119380143361989
0.054914865946515
0.0252608383353969
0.551619985634283
0.25374519339177
0.116722788960214
0.0536924829216985
0.0246985421439813
0.0113613293862314
0.00522621151766645
0.00240405729812656
0.00110586635713822
0.000508698524283581
0.000234001321170447
0.540107640607738
0.24844951467956
0.114286776752597
0.0525719173061948
0.0241830819608496
0.0111242177019908
0.00511714014291578
0.00235388446574126
0.00108278685424098
0.00049808195295085
0.000229117698357391
0.0001053941412444
4.84813049724239e-05
2.2301400287315e-05
1.02586441321649e-05
4.71897630079585e-06
2.17072909836609e-06
9.98535385248402e-07
0.540000459326277
0.248400211290088
0.11426409719344
0.0525614847089825
0.024178282966132
0.551122010164421
0.253516124675634
0.116617417350791
0.053644011981364
0.564676245511427
0.259751072935257
0.119485493550218
0.5949633270331
0.813683130435226
0.374294240000204
0.172175350400094
0.0792006611840431
0.0364323041446598
0.0167588599065435
0.00770907555701002
0.00354617475622461
0.00163124038786332
0.000750370578417127
0.000345170466071879
0.000158778414393064
0.540073038070621
0.788433597512486
0.362679454855743
0.166832549233642
0.0767429726474753
0.0353017674178386
0.0162388130122058
0.00746985398561465
0.00343613283338274
0.00158062110335606
0.000727085707543788
0.000334459425470142
0.000153851335716265
7.07716144294821e-05
3.25549426375618e-05
1.49752736132784e-05
6.88862586210807e-06
3.16876789656971e-06
1.45763323242207e-06
6.70511286914151e-07
3.08435191980509e-07
1.41880188311034e-07
6.52648866230758e-08
3.00218478466148e-08
1.38100500094428e-08
6.3526230043437e-09
2.9222065819981e-09
1.34421502771913e-09
6.18338912750798e-10
2.84435899865367e-10
1.30840513938069e-10
6.01866364115117e-11
2.76858527492954e-11
1.27354922646759e-11
5.8583264417509e-12
0.540000000002695
0.24840000000124
0.11426400000057
0.0525614400002623
0.0241782624001207
0.0111220007040555
0.00511612032386553
0.00235341534897814
0.00108257106052995
0.000497982687843775
0.000229072036408136
0.000105373136747743
4.84716429039617e-05
2.22969557358224e-05
1.02565996384783e-05
4.71803583370001e-06
2.17029648350201e-06
0.540000998336382
0.248400459234736
0.654264211247979
0.30096153717407
0.138442307100072
0.0636834612660332
0.0292943921823753
0.0134754204038926
0.00619869338579061
0.00285139895746368
0.00131164352043329
0.000603356019399314
0.000277543768923685
0.000127670133704895
0.540058728261504
0.248427015000292
0.114276426900134
0.0525671563740618
0.0241808919320684
0.0111232102887515
0.00511667673282567
0.00235367129709981
0.00108268879666591
0.00049803684646632
0.000229096949374507
0.000105384596712273
4.84769144876457e-05
2.2299380664317e-05
1.02577151055858e-05
4.71854894856948e-06
0.540002170532516
0.248400998444958
0.11426445928468
0.052561651270953
0.0241783595846384
0.0111220454089337
0.00511614088810948
0.00235342480853036
0.00108257541192397
0.000497984689485024
0.000229072957163111
0.000105373560295031
4.84718377357143e-05
2.22970453584286e-05
1.02566408648771e-05
4.71805479784349e-06
2.170305207008e-06
0.540000998340395
0.248400459236582
0.114264211248828
0.0525615371744607
0.0241783071002519
0.0111220212661159
0.00511612978241331
0.00235341969991012
0.00108257306195866
0.000497983608500981
0.000229072459910451
0.000105373331558808
4.84717325170515e-05
2.22969969578437e-05
1.02566186006081e-05
4.71804455627972e-06
2.17030049588867e-06
9.9833822810879e-07
4.59235584930043e-07
2.1124836906782e-07
9.71742497711971e-08
4.47001548947507e-08
2.05620712515853e-08
9.45855277572924e-09
4.35093427683545e-09
2.00142976734431e-09
9.20657692978381e-10
4.23502538770055e-10
1.94811167834225e-10
0.540000000089613
0.248400000041222
0.114264000018962
0.0525614400087226
0.0241782624040124
0.0111220007058457
0.00511612032468902
0.00235341534935695
0.0010825710607042
0.00049798268792393
0.540229072036445
0.248505373136765
0.114312471642912
0.0525837369557394
0.0241885189996401
0.0111267187398345
0.00511829062032385
0.00235441368534897
0.00108303029526053
0.000498193935819842
0.000229169210477127
0.54010541783682
0.248448492204937
0.114286306414271
0.0525717009505647
0.0241829824372597
0.0111241719211395
0.00511711908372416
0.00235387477851311
0.00108278239811603
0.000498079903133375
0.000229116755441352
0.000105393707503022
4.84811054513901e-05
0.540022301308508
0.248410258601914
0.11426871895688
0.0525636107201649
0.564179260931276
0.259522460028387
0.119380331613058
0.0549149525420067
0.565260878169323
0.260020003957889
0.659609201820629
0.303420232837489
0.139573307105245
0.0642037212684127
0.56953371178347
0.261985507420396
0.660513333413382
0.843836133370156
0.388164621350272
0.178555725821125
0.622135633877718
0.28618239158375
0.671643900128525
0.308956194059122
0.682119849267196
0.31377513066291
0.144336560104939
0.0663948176482718
0.030541616118205
0.0140491434143743
0.00646260597061218
0.0029727987464816
0.00136748742338154
0.000629044214755507
0.000289360338787533
0.000133105755842265
6.1228647687442e-05
2.81651779362233e-05
1.29559818506627e-05
5.95975165130485e-06
2.74148575960023e-06
0.540001261083449
0.248400580098387
0.114264266845258
0.0525615627488186
0.564178318864457
0.25952202667765
0.119380132271719
0.0549148608449907
0.0252608359886957
0.0116199845548
0.00534519289520802
0.542458788731796
0.249531042816626
0.114784279695648
0.0528007686599981
0.0242883535835991
0.0111726426484556
0.00513941561828957
0.542364131184413
0.24948750034483
0.114764250158622
0.052791555072966
0.0242841153335644
0.0111706930534396
0.00513851880458222
0.00236371865010782
0.0010873105790496
0.000500162866362815
0.540230074918527
0.248505834462522
0.65431268385276
0.30098383457227
0.138452563903244
0.0636881793954923
0.0292965625219264
0.0134764187600862
0.00619915262963963
0.00285161020963423
0.00131174069643175
0.000603400720358603
0.000277564331364957
0.540127679592428
0.248458732612517
0.114291017001758
0.0525738678208085
0.0241839791975719
0.0111246304308831
0.545117329998206
0.790753971799175
0.36374682702762
0.167323540432705
0.616968828599044
0.28380566115556
0.130550604131558
0.600053277900517
0.816024507834238
0.915371273603749
0.961070785857725
0.982092561494553
0.451762578287494
0.207810786012247
1.17559296156563
0.540772762320192
0.248755470667288
0.114427516506953
0.0526366575931982
0.0242128624928711
0.0111379167467207
0.00512344170349153
0.00235678318360611
0.00108412026445881
0.000498695321651052
0.000229399847959484
0.000105523930061363
4.85410078282268e-05
2.23288636009843e-05
1.02712772564528e-05
4.72478753796828e-06
2.17340226746541e-06
9.99765043034088e-07
4.5989191979568e-07
2.11550283106013e-07
9.7313130228766e-08
4.47640399052323e-08
2.05914583564069e-08
9.47207084394716e-09
0.540000004357153
0.78840000200429
0.362664000921973
0.166825440424108
0.0767397025950896
0.0353002631937412
0.016238121069121
0.00746953569179564
0.00343598641822599
0.00158055375238396
0.00072705472609662
0.000334445174004445
0.000153844780042045
7.07685988193406e-05
0.540032553555457
0.24841497463551
0.114270888332335
0.0525646086328739
0.024179719971122
0.0111226711867161
0.00511642874588942
0.00235355722310913
0.0010826363226302
0.000498012708409892
0.540229085845869
0.2485053794891
0.114312474564986
0.0525837382998935
0.024188519617951
0.0111267190242575
0.00511829075115843
0.00235441374553288
0.00108303032294512
0.000498193948554757
0.000229169216335188
0.000105417839514187
4.84922061765258e-05
2.23064148412019e-05
1.02609508269529e-05
4.72003738039831e-06
2.17121719498322e-06
9.98759909692283e-07
4.5942955845845e-07
2.11337596890887e-07
0.540000097215295
0.248400044719036
0.114264020570756
0.0525614494625479
0.024178266752772
0.0111220027062751
0.00511612124488656
0.00235341577264782
0.001082571255418
0.000497982777492278
0.000229072077646448
0.000105373155717366
4.84716516299884e-05
2.22969597497947e-05
1.02566014849055e-05
4.71803668305655e-06
2.17029687420601e-06
9.98336562134765e-07
4.59234818581992e-07
2.11248016547716e-07
9.71740876119495e-08
4.47000803014968e-08
2.05620369386885e-08
9.45853699179671e-09
4.35092701622649e-09
2.00142642746418e-09
9.20656156633525e-10
4.23501832051421e-10
1.94810842743654e-10
8.96129876620807e-11
4.12219743245571e-11
1.89621081892963e-11
8.72256976707629e-12
4.01238209285509e-12
1.84569576271334e-12
8.49020050848137e-13
3.90549223390143e-13
1.79652642759466e-13
8.26402156693543e-14
3.8014499207903e-14
1.74866696356354e-14
8.04386803239227e-15
3.70017929490044e-15
1.7020824756542e-15
7.82957938800934e-16
3.60160651848429e-16
1.65673899850278e-16
7.62099939311277e-17
3.50565972083187e-17
1.61260347158266e-17
7.41797596928024e-18
3.41226894586891e-18
1.5696437150997e-18
7.22036108945861e-19
3.32136610115096e-19
1.52782840652944e-19
7.02801067003543e-20
3.2328849082163e-20
1.4871270577795e-20
6.84078446578569e-21
3.14676085426142e-21
1.44750999296025e-21
6.65854596761716e-22
3.06293114510389e-22
1.40894832674779e-22
6.48116230303983e-23
2.98133465939832e-23
1.37141394332323e-23
6.30850413928685e-24
2.90191190407195e-24
1.3348794758731e-24
6.14044558901625e-25
2.82460497094747e-25
1.29931828663584e-25
5.97686411852485e-26
2.74935749452143e-26
1.26470444747986e-26
5.81764045840735e-27
2.67611461086738e-27
1.231012720999e-27
5.66265851659538e-28
2.60482291763387e-28
1.19821854211158e-28
5.51180529371327e-29
2.53543043510811e-29
1.16629800014973e-29
5.36497080068875e-30
2.46788656831683e-30
1.13522782142574e-30
5.2220479785584e-31
2.40214207013686e-31
1.10498535226296e-31
5.0829326204096e-32
2.33814900538842e-32
1.07554854247867e-32
4.94752329540189e-33
2.27586071588487e-33
1.04689592930704e-33
4.81572127481238e-34
2.2152317864137e-34
1.0190066217503e-34
0.54
0.2484
0.114264
0.05256144
0.0241782624
0.011122000704
0.00511612032384
0.0023534153489664
0.00108257106052454
0.540497982687841
0.248629072036407
0.114369373136747
0.0526099116429037
0.0242005593557357
0.551132257303638
0.253520838359674
0.11661958564545
0.0536450093969069
0.0246767043225772
0.0113512839883855
0.00522159063465733
0.00240193169194237
0.541104888578294
0.248908248746015
0.114497794423167
0.0526689854346568
0.564227733299942
0.799544757317973
0.367790588366268
0.169183670648483
0.0778244884983022
0.035799264709219
0.0164676617662408
0.547575124412471
0.251884557229737
0.115866896325679
0.0532987723098123
0.0245174352625136
0.551278020220756
0.253587889301548
0.116650429078712
0.0536591973762075
0.0246832307930555
0.0113542861648055
0.00522297163581053
0.00240256695247285
0.00110518079813751
0.000508383167143254
0.000233856256885897
0.000107573878167513
4.94839839570558e-05
2.27626326202457e-05
1.0470811005313e-05
4.81657306244398e-06
2.21562360872423e-06
1.01918686001315e-06
4.68825955606047e-07
2.15659939578782e-07
9.92035722062395e-08
1.08000004563364
0.496800020991476
0.768528009656079
0.353522884441796
0.162620526843226
0.0748054423478841
0.0344105034800267
0.0158288316008123
0.00728126253637364
0.00334938076673188
0.541540715152697
0.24910872897024
0.114590015326311
0.0527114070501029
0.0242472472430473
0.0111537337318018
0.545130717516629
0.250760130057649
0.115349659826519
0.0530608435201986
0.0244079880192913
0.011227674488874
0.00516473026488205
0.00237577592184574
0.00109285692404904
0.540502714185063
0.248631248525129
0.114370374321559
0.592610372187917
0.272600771206442
0.125396354754963
0.0576823231872831
0.56653386866615
0.260605579586429
0.119878566609757
0.0551441406404884
0.565366304694625
0.260068500159527
0.119631510073383
0.055030494633756
0.0253140275315277
0.551644452664503
0.253756448225671
0.116727966183809
0.053694864444552
0.564699637644494
0.259761833316467
0.659490443325575
0.303365603929764
0.139548177807692
0.0641921617915382
0.0295283944241075
0.0135830614350895
0.00624820826014116
0.542874175799665
0.789722120867846
0.363272175599209
0.167105200775636
0.0768683923567926
0.0353594604841246
0.0162653518226973
0.00748206183844077
0.00344174844568275
0.541583204285014
0.789128273971107
0.362999006026709
0.166979542772286
0.0768105896752516
0.0353328712506157
0.0162531207752832
0.54747643555663
0.25183916035605
0.115846013763783
0.0532891663313402
0.0245130165124165
0.0112759875957116
0.00518695429402732
0.00238599897525257
0.00109755952861618
0.540504877383163
0.248632243596255
0.114370832054277
0.0526105827449676
0.0242008680626851
0.0111323993088351
0.00512090368206416
0.00235561569374952
0.00108358321912478
0.000498448280797397
0.540229286209167
0.248505471656217
0.11431251696186
0.0525837578024555
0.0241885285891295
0.0111267231509996
0.0051182926494598
0.00235441461875151
0.541083030724626
0.248898194133328
0.114493169301331
0.0526668578786122
0.0242267546241616
0.0111443071271143
0.00512638127847259
0.542358135388097
0.249484742278525
0.114762981448121
0.0527909714661358
0.0242838468744225
0.0111705695622343
0.0051384619986278
0.00236369251936879
0.00108729855890964
0.000500157337098435
0.00023007237506528
0.54010583329253
0.248448683314564
0.114286394324699
0.0525717413893617
0.0241830010391064
0.0111241804779889
0.00511712301987491
0.00235387658914246
0.00108278323100553
0.000498080286262544
0.00022911693168077
0.000105393788573154
4.8481142743651e-05
2.23013256620794e-05
1.02586098045565e-05
4.71896051009601e-06
2.17072183464416e-06
9.98532043936316e-07
4.59324740210705e-07
0.540000211289381
0.248400097193115
0.114264044708833
0.0525614605660631
0.024178271860389
0.011122005055779
0.00511612232565832
0.542353416269803
0.249482571484109
0.11476198288269
0.0527905121260375
0.0242836355779773
0.55117047236587
0.2535384172883
0.116627671952618
0.0536487290982043
0.024678415385174
0.01135207107718
0.00522195269550281
0.00240209823993129
0.00110496519036839
0.000508283987569461
0.000233810634281952
0.000107552891769698
4.94743302140611e-05
2.27581918984681e-05
1.04687682732953e-05
4.81563340571585e-06
2.21519136662929e-06
1.01898802864947e-06
4.68734493178758e-07
2.15617866862229e-07
9.91842187566251e-08
4.56247406280475e-08
2.09873806889019e-08
9.65419511689486e-09
4.44092975377163e-09
2.04282768673495e-09
9.39700735898078e-10
4.32262338513116e-10
1.98840675716033e-10
9.14667108293753e-11
4.20746869815126e-11
1.93543560114958e-11
8.90300376528807e-12
4.09538173203251e-12
1.88387559673496e-12
8.66582774498079e-13
3.98628076269116e-13
1.83368915083794e-13
8.4349700938545e-14
3.88008624317307e-14
1.78483967185961e-14
8.21026249055422e-15
3.77672074565494e-15
1.73729154300127e-15
7.99154109780585e-16
3.67610890499069e-16
1.69101009629572e-16
7.7786464429603e-17
3.57817736376174e-17
1.6459615873304e-17
7.57142330171984e-18
3.48285471879113e-18
1.60211317064392e-18
7.36972058496202e-19
3.39007146908253e-19
1.55943287577796e-19
7.17339122857863e-20
3.29975996514617e-20
1.51788958396724e-20
6.98229208624929e-21
3.21185435967467e-21
1.47745300545035e-21
6.79628382507161e-22
3.12629055953294e-22
1.43809365738515e-22
6.6152308239717e-23
3.04300617902698e-23
1.39978284235241e-23
6.43900107482109e-24
2.9619404944177e-24
0.54
0.2484
0.114264
0.05256144
0.0241782624
0.011122000704
0.54511612032384
0.250753415348966
0.115346571060525
0.0530594226878413
0.024407334436407
0.0112273738407472
0.00516459196674372
0.00237571230470211
0.00109282766016297
0.000502700723674966
0.000231242332890484
0.54010637147313
0.78844893087764
0.902686508203714
0.415235793773709
0.191008465135906
0.0878638939625167
0.0404173912227577
0.0185919999624685
0.00855231998273552
0.00393406719205834
0.541809670908347
0.24923244861784
0.114646926364206
0.0527375861275348
0.024259289618666
1.09115927322459
0.50193326568331
0.770889302214323
1.43460907901859
1.19992017634855
1.63196328112033
2.37070310931535
2.17052343028506
2.07844077793113
1.49608275784832
0.688198068610227
0.316571111560704
0.145622711317924
0.066986447206245
0.0308137657148727
0.0141743322288414
0.00652019282526706
0.00299928869962285
0.00137967280182651
0.000634649488840195
0.000291938764866489
0.000134291831838585
6.17742426457492e-05
2.84161516170446e-05
1.08001307142974
1.03680601285768
1.01693076591453
0.467788152320686
0.215182550067515
0.638983973031057
0.833932627594286
1.46360900869337
1.75326014399895
1.88649966623952
0.867789846470178
1.47918332937628
1.22042433151309
0.561395192496021
1.33824178854817
1.69559122273216
0.779971962456793
0.358787102730125
0.705042067255857
0.324319350937694
0.149186901431339
0.608625974658416
0.279967948342871
0.128785256237721
0.0592412178693516
0.0272509602199017
0.0125354417011548
0.0057663031825312
0.00265249946396435
0.0012201497534236
0.000561268886574857
0.540258183687825
0.248518764496399
0.654318631668344
0.840986570567438
0.926853822461022
0.42635275833207
0.196122268832752
0.630216243663066
0.28989947208501
0.133353757159105
0.0613427282931882
0.0282176550148666
0.0129801213068386
0.00597085580114576
0.00274659366852705
0.541263433087522
0.24898117922026
0.65453134244132
0.301084417523007
0.138498832060583
0.0637094627478683
0.569306352864019
0.801880922317449
0.368865224266027
0.169678003162372
0.0780518814546912
0.0359038654691579
0.0165157781158127
0.00759725793327382
0.543494738649306
0.250007579778681
0.115003486698193
0.0529016038811688
0.0243347377853377
0.0111939793812553
0.545149230515377
0.250768646037074
0.115353577177054
0.0530626455014448
0.0244088169306646
0.0112280557881057
0.00516490566252863
0.00237585660476317
0.00109289403819106
0.000502731257567886
0.000231256378481228
0.000106377934101365
4.89338496866278e-05
2.25095708558488e-05
1.03544025936904e-05
4.7630251930976e-06
2.1909915888249e-06
0.540001007856131
0.24840046361382
0.114264213262357
0.0525615381006843
0.564178307526315
1.3395220214621
0.616180129872568
0.823442859741381
1.45878371548104
0.671040509121276
0.308678634195787
0.141992171730062
0.0653163989958285
0.0300455435380811
0.0138209500275173
0.00635763701265796
0.00292451302582266
0.00134527599187843
0.000618826956264075
0.000284660399881475
0.000130943783945478
6.023414061492e-05
2.77077046828632e-05
1.27455441541171e-05
5.86295031089385e-06
2.69695714301117e-06
1.24060028578514e-06
5.70676131461164e-07
2.62511020472135e-07
1.20755069417182e-07
5.55473319319039e-08
2.55517726886758e-08
1.17538154367909e-08
5.40675510092379e-09
2.48710734642494e-09
1.14406937935547e-09
5.26271914503518e-10
2.42085080671618e-10
1.11359137108944e-10
5.12252030701144e-11
2.35635934122526e-11
1.08392529696362e-11
4.98605636603266e-12
2.29358592837502e-12
1.05504952705251e-12
4.85322782444155e-13
2.23248479924311e-13
0.540000000000103
0.248400000000047
0.114264000000022
0.05256144000001
0.0241782624000046
0.0111220007040021
0.00511612032384097
0.542353415348967
0.249482571060525
0.114761982687841
0.052790512036407
0.0242836355367472
0.0111704723469037
0.00513841727957571
0.00236367194860483
0.00108728909635822
0.000500152984324781
0.000230070372789399
0.000105832371483124
4.86828908822369e-05
2.2394129805829e-05
1.03012997106813e-05
4.73859786691341e-06
2.17975501878017e-06
1.00268730863888e-06
4.61236161973884e-07
2.12168634507986e-07
9.75975718736738e-08
4.48948830618899e-08
2.06516462084694e-08
9.49975725589591e-09
4.36988833771212e-09
2.01014863534757e-09
9.24668372259884e-10
4.25347451239546e-10
1.95659827570191e-10
9.0003520682288e-11
0.540000000041402
0.248400000019045
0.114264000008761
0.0525614400040299
0.0241782624018537
0.0111220007048527
0.00511612032423225
0.00235341534914683
0.00108257106060754
0.00049798268787947
0.000229072036424556
0.000105373136755296
0.540048471642907
0.248422296955737
0.114274256599639
0.052566158035834
0.0241804326964837
0.0111229990403825
0.545116579558576
0.250753626596945
0.115346668234595
0.0530594673879135
0.0244073549984402
0.0112273832992825
0.00516459631766995
0.00237571430612818
0.00109282858081896
0.000502701147176722
0.000231242527701292
0.000106371562742594
4.89309188615934e-05
2.2508222676333e-05
1.03537824311132e-05
4.76273991831206e-06
2.19086036242355e-06
1.00779576671483e-06
4.63586052688822e-07
2.13249584236858e-07
9.80948087489548e-08
4.51236120245192e-08
2.07568615312788e-08
9.54815630438826e-09
4.3921519000186e-09
2.02038987400856e-09
9.29379342043935e-10
4.2751449734021e-10
1.96656668776497e-10
0.540000000090462
0.248400000041613
0.114264000019142
0.0525614400088052
0.0241782624040504
0.0111220007058632
0.00511612032469706
0.00235341534936065
0.0010825710607059
0.000497982687924713
0.000229072036445368
0.000105373136764869
4.84716429118399e-05
2.22969557394463e-05
1.02565996401453e-05
4.71803583446685e-06
0.540002170296484
0.248400998336383
0.114264459234736
0.0525616512479785
0.0241783595740701
0.0111220454040723
0.00511614088587324
0.00235342480750169
0.00108257541145078
0.000497984689267358
0.000229072957062984
0.000105373560248973
4.84718377145275e-05
0.540022297045349
0.24841025664086
0.114268718054796
0.0525636103052061
0.0241792607403948
0.0111224599405816
0.00511633157266754
0.542353512523427
0.249482615760776
0.114762003249957
0.0527905214949803
0.0242836398876909
0.0111704743483378
0.0051384182002354
0.00236367237210828
0.00108728929116981
0.000500153073938113
0.000230070414011532
0.000105832390445305
4.86828996048401e-05
2.23941338182265e-05
1.03013015563842e-05
4.73859871593672e-06
0.540002179755409
0.248401002687488
0.114264461236245
0.0525616521686725
0.0241783599975894
0.0111220455988911
0.00511614097548991
0.542353424848725
1.32948257543041
0.61156198469799
0.281318512961076
0.129406515962095
0.599526997342564
0.275782418777579
0.126859912637686
0.598355559813336
0.815243557514134
0.375012036456502
0.712505536769991
0.327752546914196
0.15076617158053
0.0693524389270438
0.0319021219064402
1.09467497607696
0.503550488995403
0.231633224937885
0.106551283471427
0.0490135903968565
0.022546251582554
0.0103712757279748
0.00477078683486842
0.00219456194403947
0.00100949849425816
0.000464369307358753
0.000213609881385026
9.82605454371121e-05
4.51998509010715e-05
2.07919314144929e-05
9.56428845066674e-06
4.3995726873067e-06
2.02380343616108e-06
9.30949580634098e-07
4.28236807091685e-07
1.96988931262175e-07
9.06149083806005e-08
4.16828578550762e-08
0.540000019174115
0.248400008820093
0.114264004057243
0.0525614418663316
0.0241782632585125
0.0111220010989158
0.00511612050550125
0.00235341543253058
0.00108257109896407
0.540497982705524
0.248629072044541
0.654369373140489
0.301009911644625
0.138464559356527
0.0636936973040026
0.0292991007598412
0.013477586349527
0.0061996897207824
0.0028518572715599
0.00131185434491755
0.000603452998662075
0.000277588379384555
0.000127690654516895
5.87377010777717e-05
2.7019342495775e-05
0.540012428897548
0.248405717292872
0.114266629954721
0.0525626497791717
0.564178818898419
0.259522256693273
0.119380238078905
0.0549149095162965
0.0252608583774964
0.0116199948536483
0.00534519763267823
0.542458790911032
0.249531043819075
0.114784280156774
0.0528007688721162
0.0242883536811735
0.0111726426933398
0.0051394156389363
0.0023641311939107
0.00108750034919892
0.540500250160632
0.788630115073891
0.36276985293399
0.166874132349635
0.616762100880832
0.283710566405183
0.130506860546384
0.0600331558513367
0.0276152516916149
0.0127030157781428
0.0058433872579457
0.00268795813865502
0.00123646074378131
0.000568771942139403
0.540261635093384
0.248520352142957
0.11431936198576
0.0525869065134496
0.0241899769961868
0.551127389418246
0.253518599132393
0.116618555600901
0.0536445355764144
0.0246764863651506
0.0113511837279693
0.545221544514866
0.790801910476838
0.363768878819346
0.707333684256899
0.325373494758174
0.14967180758876
0.0688490314908295
0.0316705544857816
0.0145684550634595
0.00670148932919138
0.00308268509142803
0.0014180351420569
0.000652296165346172
0.000300056236059239
0.00013802586858725
6.3491899550135e-05
2.92062737930621e-05
1.34348859448086e-05
6.18004753461194e-06
2.84282186592149e-06
1.30769805832389e-06
6.01541106828987e-07
2.76708909141334e-07
1.27286098205014e-07
5.85516051743063e-08
2.69337383801809e-08
1.23895196548832e-08
0.540000005699179
0.248400002621622
0.114264001205946
0.0525614405547353
0.0241782626551782
0.011122000821382
0.00511612037783571
0.00235341537380443
0.00108257107195004
0.000497982693097017
0.000229072038824628
0.000105373137859329
4.84716434152912e-05
2.2296955971034e-05
1.02565997466756e-05
4.71803588347078e-06
2.17029650639656e-06
9.98336392942418e-07
4.59234740753512e-07
2.11247980746616e-07
9.71740711434431e-08
4.47000727259838e-08
2.05620334539526e-08
9.45853538881818e-09
4.35092627885636e-09
0.540000002001426
0.248400000920656
0.114264000423502
0.0525614401948108
0.024178262489613
0.011122000745222
0.0051161203428021
0.00235341535768897
0.00108257106453693
0.000497982689686985
0.000229072037256013
0.000105373137137766
4.84716430833724e-05
2.22969558183513e-05
1.02565996764416e-05
4.71803585116314e-06
2.17029649153504e-06
9.98336386106119e-07
4.59234737608815e-07
2.11247979300055e-07
9.71740704780252e-08
4.47000724198916e-08
2.05620333131501e-08
9.45853532404906e-09
4.35092624906257e-09
2.00142607456878e-09
9.20655994301639e-10
4.23501757378754e-10
0.540000000194811
0.248400000089613
0.114264000041222
0.0525614400189621
0.0241782624087226
0.0111220007080124
0.00511612032568569
0.00235341534981542
0.00108257106091509
0.000497982688020943
0.54022907203649
0.788505373136785
0.362712471642921
0.166847736955744
0.0767499589996421
0.0353049811398354
0.0162402913243243
0.00747053400918916
0.00343644564422701
0.00158076499634443
0.000727151898318436
0.000334489873226481
0.000153865341684181
7.07780571747233e-05
3.25579063003727e-05
1.49766368981714e-05
6.88925297315887e-06
3.16905636765308e-06
1.45776592912042e-06
6.70572327395391e-07
3.0846327060188e-07
1.41893104476865e-07
6.52708280593578e-08
3.00245809073046e-08
1.38113072173601e-08
6.35320131998565e-09
2.9224726071934e-09
1.34433739930896e-09
6.18395203682123e-10
2.84461793693777e-10
1.30852425099137e-10
6.01921155456031e-11
2.76883731509774e-11
1.27366516494496e-11
5.85885975874682e-12
2.69507548902354e-12
1.23973472495083e-12
0.54000000000057
0.248400000000262
0.114264000000121
0.592561440000056
0.272578262400026
0.125386000704012
0.0576775603238454
0.0265316777489689
0.0122045717645257
0.545614103011682
0.250982487385374
0.115451944197272
0.0531078943307451
0.0244296313921427
0.0112376304403857
0.0051693100025774
0.542377882601186
0.789493825996545
0.363167159958411
0.167056893580869
0.0768461710471997
0.575349238681712
0.264660649793587
0.12174389890505
0.0560021934963231
0.0257610090083086
0.551850064143822
0.253851029506158
0.116771473572833
0.593714877843503
0.273108843808011
0.125630068151685
0.0577898313497752
0.0265833224208966
1.09222832831361
1.58242503102426
1.26791551427116
0.583241136564734
0.268290922819778
0.123413824497098
0.0567703592686649
0.0261143652635859
0.0120126080212495
0.545525799689775
0.250941867857296
0.655433259214356
0.301499299238604
0.138689677649758
0.0637972517188886
0.0293467357906887
0.0134994984637168
0.54620976929331
0.251256493874922
0.115577987182464
0.0531658741039336
0.56445630208781
0.799649898960392
0.36783895352178
0.709205918620019
0.866234722565209
0.398467972379996
0.183295267294798
0.0843158229556071
0.0387852785595793
0.0178412281374065
0.00820696494320697
0.543775203873875
0.790136593781983
0.903462833139712
0.955592903244268
2.05957273549236
0.947403458326487
0.975805590830184
0.448870571781885
0.206480463019667
0.0949810129890468
0.0436912659749615
0.0200979823484823
0.00924507188030185
0.544252733064939
0.250356257209872
0.115163878316541
0.592975384025609
0.27276867665178
0.665473591259819
0.846117851979517
0.929214211910578
0.967438537478866
0.445021727240278
0.204709994530528
1.17416659748404
0.54011663484266
0.248453652027623
0.114288679932707
0.592572792769045
0.272583484673761
0.12538840294993
0.0576786653569678
0.0265321860642052
0.0122048055895344
0.00561421057118581
0.00258253686274547
0.00118796695686292
0.540546464800157
0.248651373808072
0.114379631951713
0.0526146306977881
0.0242027301209825
0.011133255855652
0.0051212976935999
0.00235579693905595
0.541083666591966
0.248898486632304
0.11449330385086
0.592666919771396
0.272626783094842
0.125408320223627
0.0576878273028686
0.0265364005593195
0.012206744257287
0.00561510235835201
0.00258294708484193
0.00118815565902729
0.540546551603153
0.24865141373745
0.114379650319227
0.0526146391468445
0.0242027340075484
0.0111332576434723
0.545121298515997
0.250755797317359
0.115347666765985
0.0530599267123531
0.0244075662876824
0.0112274804923339
0.0051646410264736
0.542375734872178
0.789492838041202
0.363166705498953
0.167056684529518
0.0768460748835784
1.11534919444645
0.513060629445365
0.236007889544868
0.108563629190639
0.0499392694276941
0.0229720639367393
0.0105671494109001
0.544860888729014
1.33063600881535
0.612092564055059
0.281562579465327
0.669518786554051
0.307978641814863
0.141670175234837
0.0651682806080251
0.0299774090796915
0.553789608176658
0.254743219761263
0.117181881090181
0.0539036653014832
0.0247956860386823
0.0114060155777938
0.00524676716578517
0.542413512896261
0.24951021593228
0.654774699328849
0.30119636169127
0.138550326377984
0.0637331501338728
0.0293172490615815
0.0134859345683275
0.00620352990143064
0.542853623754658
0.249712666927143
0.114867826786486
0.0528392003217834
0.0243060321480204
0.0111807747880894
0.00514315640252111
0.00236585194515971
0.00108829189477347
0.000500614271595794
0.000230282564934065
0.00010592997986967
4.87277907400482e-05
0.54002241478374
0.248410310800521
0.114268742968239
0.0525636217653902
0.0241792660120795
0.0111224623655566
0.00511633268815601
0.00235351303655177
0.00108261599681381
0.000498003358534354
0.000229081544925803
0.000105377510665869
4.84736549062999e-05
2.22978812568979e-05
1.0257025378173e-05
4.7182316739596e-06
2.17038657002142e-06
9.98377822209851e-07
4.59253798216532e-07
2.11256747179605e-07
9.71781037026181e-08
4.47019277032043e-08
2.0562886743474e-08
9.45892790199803e-09
4.35110683491909e-09
2.00150914406278e-09
9.2069420626888e-10
4.23519334883685e-10
1.94818894046495e-10
0.540000000089617
0.248400000041224
0.114264000018963
0.0525614400087229
0.0241782624040125
0.0111220007058458
0.00511612032468905
0.00235341534935696
0.0010825710607042
0.000497982687923934
0.000229072036445009
0.000105373136764704
4.8471642911764e-05
2.22969557394114e-05
1.02565996401293e-05
4.71803583445946e-06
2.17029648385135e-06
9.98336382571621e-07
4.59234735982946e-07
2.11247978552155e-07
9.71740701339913e-08
4.4700072261636e-08
2.05620332403526e-08
9.45853529056217e-09
4.3509262336586e-09
2.00142606748296e-09
9.2065599104216e-10
4.23501755879393e-10
1.94810807704521e-10
8.96129715440796e-11
4.12219669102766e-11
1.89621047787272e-11
8.72256819821453e-12
4.01238137117868e-12
1.84569543074219e-12
0.540000000000849
0.248400000000391
0.11426400000018
0.0525614400000826
0.024178262400038
0.0111220007040175
0.00511612032384804
0.0023534153489701
0.00108257106052625
0.000497982687842073
0.000229072036407354
0.000105373136747383
4.8471642903796e-05
2.22969557357462e-05
1.02565996384432e-05
4.71803583368389e-06
2.17029648349459e-06
9.9833638240751e-07
4.59234735907455e-07
2.11247978517429e-07
9.71740701180174e-08
4.4700072254288e-08
2.05620332369725e-08
9.45853528900734e-09
4.35092623294337e-09
2.00142606715395e-09
9.20655990890818e-10
4.23501755809776e-10
1.94810807672497e-10
8.96129715293486e-11
4.12219669035004e-11
1.89621047756102e-11
8.72256819678068e-12
4.01238137051911e-12
1.84569543043879e-12
8.49019898001844e-13
3.90549153080848e-13
1.7965261041719e-13
8.26402007919074e-14
3.80144923642774e-14
1.74866664875676e-14
8.0438665842811e-15
3.70017862876931e-15
1.70208216923388e-15
0.540000000000001
0.2484
0.114264
0.0525614400000001
0.0241782624
0.011122000704
0.54511612032384
0.250753415348966
0.115346571060525
0.0530594226878413
0.024407334436407
0.0112273738407472
0.00516459196674372
0.542375712304702
0.249492827660163
0.114766700723675
0.0527926823328905
0.56428463387313
0.25957093158164
0.119402628527554
0.0549252091226749
0.0252655961964305
0.011622174250358
0.00534620015516469
0.00245925207137576
0.00113125595283285
0.00052037773830311
0.00023937375961943
0.000110111929424938
5.06514875354715e-05
2.32996842663169e-05
0.540010717854763
0.788404930213191
0.362666267898068
0.706826483233111
0.325140182287231
0.149564483852126
1.14879966257198
0.52844784478311
0.783086008600231
0.360219563956106
0.705700999419809
0.324622459733112
0.149326331477232
0.0686901124795265
0.0315974517405822
0.554534827800668
0.795086020788307
0.365739569562621
0.168240201998806
0.617390492919451
0.283999626742947
0.130639828301756
0.0600943210188076
0.567643387668652
0.80111595832758
0.368513340830687
0.709516136782116
0.326377422919773
0.690133614543096
0.317461462689824
0.146032272837319
0.0671748455051668
0.0309004289323767
0.0142141973088933
0.00653853076209091
0.00300772415056182
0.00138355310925844
0.000636434430258881
0.000292759837919085
0.000134669525442779
0.540061947981704
0.248428496071584
0.114277108192928
0.592567469768747
0.272581036093624
0.125387276603067
0.0576781472374108
0.0265319477292089
0.0122046959554361
0.00561416013950061
0.00258251366417028
0.00118795628551833
0.540546459891338
0.788651371550016
0.362779630913007
0.166878630219983
0.0767641699011923
0.0353115181545485
0.0162432983510923
0.00747191724150245
0.543437081931091
0.789981057688302
0.363391286536619
0.167159991806845
0.0768935962311486
0.0353710542663283
0.016270684962511
0.00748451508275508
0.00344287693806733
0.00158372339151097
0.000728512760095048
0.000335115869643722
0.000154153300036112
7.09105180166116e-05
3.26188382876413e-05
1.5004665612315e-05
6.9021461816649e-06
3.17498724356585e-06
1.46049413204029e-06
6.71827300738535e-07
3.09040558339726e-07
1.42158656836274e-07
6.5392982144686e-08
3.00807717865556e-08
1.38371550218156e-08
0.540000006365091
0.248400002927942
1.73426400134685
1.33776144061955
0.615370262684994
1.3630703208351
0.627012347584145
0.288425679888707
0.132675812748805
0.60103087386445
0.816474201977647
0.375578132909718
0.17276594113847
0.0794723329236963
0.0365572731449003
0.0168163456466541
0.0077355189974609
0.00355833873883201
0.00163683581986273
0.000752944477136854
0.000346354459482953
0.000159323051362158
7.32886036265928e-05
3.37127576682327e-05
1.5507868527387e-05
7.13361952259803e-06
3.28146498039509e-06
0.540001509473891
0.24840069435799
0.114264319404675
0.0525615869261506
0.564178329986029
0.799522031793574
0.367780134625044
0.16917886192752
0.0778222764866593
0.575798247183863
0.264867193704577
0.121838909104105
0.596045898187889
0.274181113166429
0.126123312056557
0.0580167235460163
0.0266876928311675
0.552276338702337
0.254047115803075
0.116861673269415
0.0537563697039307
0.0247279300638081
0.0113748478293517
0.00523243000150179
0.00240691780069083
0.00110718218831778
0.000509303806626179
0.000234279751048042
0.000107768685482099
4.95735953217657e-05
2.28038538480122e-05
1.04897727700856e-05
4.82529547423938e-06
2.21963591815012e-06
1.02103252234905e-06
4.69674960280565e-07
2.1605048172906e-07
9.93832215953675e-08
4.5716281933869e-08
2.10294896895798e-08
0.540000009673565
0.24840000444984
0.114264002046926
0.0525614409415861
0.56417826283313
0.25952200090324
0.11938012041549
0.594914855391126
0.813660833479918
0.374283983400762
0.172170632364351
0.0791984908876013
0.0364313058082966
0.0167584006718164
0.00770886430903555
0.00354607758215635
0.00163119568779192
0.000750350016384284
0.000345161007536771
0.000158774063466915
7.30360691947807e-05
3.35965918295991e-05
1.54544322416156e-05
7.10903883114317e-06
3.27015786232586e-06
1.50427261666989e-06
6.91965403668152e-07
3.1830408568735e-07
1.46419879416181e-07
6.73531445314432e-08
3.09824464844639e-08
1.42519253828534e-08
6.55588567611255e-09
3.01570741101177e-09
1.38722540906542e-09
6.38123688170091e-10
2.93536896558242e-10
1.35026972416791e-10
6.2112407311724e-11
2.8571707363393e-11
1.31429853871608e-11
6.04577327809396e-12
2.78105570792322e-12
1.27928562564468e-12
5.88471387796554e-13
2.70696838386415e-13
1.24520545657751e-13
5.72794510025654e-14
2.63485474611801e-14
1.21203318321428e-14
5.5753526427857e-15
2.56466221568142e-15
1.17974461921345e-15
5.42682524838189e-16
2.49633961425567e-16
1.14831622255761e-16
0.54
0.2484
0.114264
0.05256144
0.0241782624
0.011122000704
0.00511612032384
0.0023534153489664
0.00108257106052454
0.00049798268784129
0.000229072036406993
0.000105373136747217
4.84716429037198e-05
2.22969557357111e-05
1.02565996384271e-05
4.71803583367647e-06
2.17029648349118e-06
9.9833638240594e-07
4.59234735906733e-07
2.11247978517097e-07
9.71740701178646e-08
4.47000722542177e-08
2.05620332369401e-08
9.45853528899247e-09
4.35092623293653e-09
2.00142606715081e-09
9.2065599088937e-10
4.2350175580911e-10
1.94810807672191e-10
8.96129715292077e-11
4.12219669034355e-11
0.540000000018962
0.248400000008723
0.114264000004012
0.0525614400018457
0.024178262400849
0.0111220007043905
0.00511612032401965
0.00235341534904904
0.00108257106056256
0.000497982687858776
0.000229072036415037
0.000105373136750917
4.84716429054218e-05
2.22969557364941e-05
1.02565996387873e-05
0.540004718035834
0.248402170296484
0.654264998336382
0.300961899234736
0.138442473647978
0.60368353787807
0.277694427423912
0.127739436615
0.0587601408428998
0.0270296647877339
0.0124336458023576
0.0057194770690845
0.542630959451779
0.789610241347818
0.363220711019996
0.167081527069198
0.616857502451831
0.823754451127842
0.378927047518807
0.174306441858651
0.0801809632549796
0.0368832430972906
0.0169662918247537
0.0078044942393867
0.543590067350118
0.250051430981054
0.115023658251285
0.0529108827955911
0.564339006085972
0.259595942799547
0.119414133687792
0.0549305014963841
0.0252680306883367
0.0116232941166349
0.00534671529365205
0.00245948903507994
0.541131364956137
0.248920427879823
0.654503396824719
0.301071562539371
0.13849291876811
0.0637067426333308
0.0293051016113322
0.0134803467412128
0.00620095950095788
0.00285244137044063
0.541312123030403
0.789003576593985
0.902941645233233
0.955353156807287
0.439462452131352
0.202152727980422
0.632990254870994
0.831175517240657
0.382340737930702
0.715876739448123
0.329303300146137
0.151479518067223
0.609680578310922
0.280453066023024
0.129008410370591
0.599343868770472
0.275698179634417
0.126821162631832
0.0583377348106426
0.0268353580128956
0.012344264685932
1.62567836175553
0.747812046407543
0.34399354134747
0.158237029019836
0.0727890333491246
0.0334829553405973
0.555402159456675
0.25548499335007
0.657523096941032
0.302460624592875
0.139131887312722
0.0640006681638523
0.0294403073553721
0.0135425413834711
1.0862295690364
0.499665601756742
0.229846176808102
0.645729241331727
0.297035451012594
0.136636307465793
0.0628527014342649
0.0289122426597619
0.0132996316234905
0.00611783054680561
0.00281420205153058
0.00129453294370407
0.000595485154103871
0.000273923170887781
0.000126004658608379
5.79621429598544e-05
2.6662585761533e-05
1.22647894503052e-05
0.540005641803147
0.788402595229448
1.44266519380555
1.74362598915055
2.42206795500925
2.73415125930426
2.33770957927996
2.15534640646878
1.53145934697564
1.78447129960879
1.90085679782005
1.41439412699722
1.73062129841872
2.41608579727261
2.1913994667454
2.08804375470288
0.960500127163327
0.98183005849513
0.45164182690776
0.20775524037757
0.095567410573682
0.583961008863894
0.268622064077391
0.1235661494756
0.056840428758776
0.0261465972290369
0.012027434725357
0.00553261997366422
0.542545005187886
0.249570702386427
0.114802523097757
0.052809160624968
0.0242922138874853
0.0111744183882432
0.00514023245859189
0.00236450693095227
0.00108767318823804
0.0005003296665895
0.00023015164663117
0.000105869757450338
4.87000884271555e-05
2.24020406764915e-05
1.03049387111861e-05
4.74027180714561e-06
0.540002180525031
0.248401003041514
0.114264461399097
0.0525616522435844
0.0241783600320488
0.0111220456147425
0.00511614098278153
0.00235342485207951
0.00108257543195657
0.000497984698700023
0.000229072961402011
0.540105373562245
0.788448471838633
0.362686297045771
0.166835696641055
0.0767444204548851
0.0353024334092472
0.0162391193682537
0.0074699949093967
0.00343619765832248
0.00158065092282834
0.000727099424501037
0.540334465735271
0.248553854238224
0.114334772949583
0.0525939955568083
0.564193237956132
0.259528889459821
0.119383289151517
0.054916313009698
0.0252615039844611
0.551620291832852
0.253745334243112
0.116722853751832
0.593692512725843
0.273098555853888
0.665625335692788
0.306187654418683
0.140846321032594
0.0647893076749932
0.0298030815304969
0.553709417504029
0.254706332051853
1.19716491274385
0.550695859862172
0.253320095536599
0.116527243946836
0.0536025322155444
0.0246571648191504
0.0113422958168092
0.00521745607573222
0.542400029794837
0.249504013705625
0.114771846304587
0.0527950493001102
0.564285722678051
0.259571432431903
0.659402858918676
0.303325315102591
0.139529644947192
0.0641836366757082
0.0295244728708258
0.0135812575205798
0.00624737845946673
0.0028737940913547
0.00132194528202316
0.000608094829730653
0.000279723621676101
0.000128672865971006
0.540059189518347
0.248427227178439
0.114276524502082
0.0525672012709578
0.0241809125846406
0.0111232197889347
0.00511668110290995
0.00235367330733857
0.00108268972137574
0.000498037271832842
0.000229097145043107
0.000105384686719829
4.84769558911215e-05
2.22993997099159e-05
1.02577238665613e-05
4.7185529786182e-06
2.17053437016437e-06
9.98445810275612e-07
4.59285072726781e-07
2.11271133454319e-07
9.71847213889869e-08
4.4704971838934e-08
2.05642870459096e-08
9.45957204111843e-09
4.35140313891448e-09
2.00164544390066e-09
9.20756904194303e-10
4.23548175929379e-10
1.94832160927515e-10
8.96227940266567e-11
4.12264852522621e-11
1.89641832160405e-11
8.72352427937865e-12
4.01282116851418e-12
1.84589773751652e-12
8.491129592576e-13
3.90591961258496e-13
1.79672302178908e-13
8.26492590022978e-14
3.8018659141057e-14
1.74885832048862e-14
8.04474827424765e-15
0.540000000000004
0.248400000000002
0.654264000000001
0.30096144
0.1384422624
0.0636834407040001
0.02929438272384
0.0134754160529664
0.00619869138436455
0.00285139803680769
0.00131164309693154
0.000603355824588508
0.000277543679310713
0.000127670092482928
5.8728242542147e-05
2.70149915693876e-05
1.24268961219183e-05
5.71637221608241e-06
2.62953121939791e-06
1.20958436092304e-06
5.56408806024598e-07
2.55948050771315e-07
1.17736103354805e-07
5.41586075432102e-08
2.49129594698767e-08
1.14599613561433e-08
5.27158222382591e-09
2.42492782295992e-09
1.11546679856156e-09
5.13114727338319e-10
2.36032774575627e-10
1.08575076304788e-10
4.99445351002026e-11
2.29744861460932e-11
1.05682636272029e-11
4.86140126851332e-12
2.23624458351613e-12
1.02867250841742e-12
4.73189353872012e-13
2.17667102781126e-13
1.00126867279318e-13
4.60583589484862e-14
2.11868451163036e-14
9.74594875349967e-15
4.48313642660985e-15
2.06224275624053e-15
9.48631667870644e-16
4.36370567220496e-16
2.00730460921428e-16
9.2336012023857e-17
4.24745655309742e-17
1.95383001442481e-17
8.98761806635414e-18
4.1343043105229e-18
1.90177998284054e-18
8.74818792106646e-19
4.02416644369057e-19
1.85111656409766e-19
8.51513619484925e-20
1.08
0.4968
0.228528
0.10512288
0.5883565248
0.270644001408
0.12449624064768
0.0572682706979328
0.0263434045210491
0.0121179660796826
0.545574264396654
0.250964161622461
0.115443514346332
0.0531040165993127
0.564427847635684
0.259636809912415
0.119432932559711
0.0549391489774669
0.565272008529635
0.260025123923632
0.119611557004871
0.0550213162222405
0.0253098054622306
0.0116425105126261
0.545355554835808
0.250863555224472
0.115397235403257
0.593082728285498
0.272818055011329
0.125496305305211
0.0577283004403972
0.0265550182025827
0.0122153083731881
0.0056190418516665
0.00258475925176659
0.00118898925581263
0.000546935057673811
0.000251590126529953
0.000115731458203778
0.540053236470774
0.248424488776556
0.114275264837216
0.0525666218251192
0.0241806460395548
0.0111230971781952
0.0051166247019698
0.00235364736290611
0.00108267778693681
0.000498031781990933
0.000229094619715829
0.000105383525069281
4.84764215318694e-05
2.22991539046599e-05
1.02576107961436e-05
4.71850096622604e-06
2.17051044446398e-06
0.540000998434805
0.24840045928001
0.114264211268805
0.0525615371836501
0.0241783071044791
0.0111220212680604
0.00511612978330777
0.00235341970032157
0.00108257306214792
0.540497983608588
0.788629072459951
0.362769373331577
0.166873911732525
0.0767619993969617
0.0353105197226024
0.556242839072397
0.255871705973303
0.117700984747719
0.0541424529839508
0.0249055283726174
0.011456543051404
0.545270009803646
0.250824204509677
0.115379134074451
0.0530744016742477
0.0244142247701539
0.0112305433942708
0.00516604996136457
0.0023763829822277
0.00109313617182474
0.540502842639039
0.248631307613958
0.114370401502421
0.0526103846911135
0.0242007769579122
0.0111323574006396
0.00512088440429423
1.08235560682598
0.497883579139949
0.229026446404376
0.105352165346013
0.048461996059166
0.0222925181872164
0.0102545583661195
0.00471709684841498
0.00216986455027089
0.540998137693125
0.248859143338837
0.114475205935865
0.052658594730498
0.0242229535760291
0.551142558644973
0.253525576976688
0.116621765409276
0.0536460120882671
0.0246771655606029
0.0113514961578773
0.00522168823262357
0.00240197658700684
0.00110490923002315
0.000508258245810647
0.540233798793073
0.248507547444814
0.114313471824614
0.0525841970393225
0.0241887306380884
0.0111268160935206
0.0051183354030195
0.00235443428538897
0.00108303977127893
0.000498198294788306
0.000229171215602621
0.000105418759177205
4.84926292215145e-05
0.540022306609442
0.788410261040343
0.902668720078558
0.415227611236137
0.191004701168623
0.0878621625375665
0.0404165947672806
0.0185916335929491
0.00855215145275657
0.00393398966826802
0.00180963524740329
0.000832432213805513
0.540382918818351
0.248576142656441
0.114345025621963
0.052598711786103
0.0241954074216074
0.0111298874139394
0.00511974821041212
0.00235508417678957
0.0010833387213232
0.000498335811808674
0.00022923447343199
0.000105447857778715
4.8506014578209e-05
2.23127667059762e-05
1.0263872684749e-05
4.72138143498455e-06
2.17183546009289e-06
0.540000999044312
0.248400459560383
0.114264211397776
0.0525615372429771
0.0241783071317695
0.011122021280614
0.00511612978908242
0.00235341970297791
0.00108257306336984
0.000497983609150126
0.000229072460209058
0.000105373331696167
4.84717325802367e-05
2.22969969869089e-05
1.02566186139781e-05
4.71804456242992e-06
2.17030049871776e-06
9.9833822941017e-07
0.540000459235586
0.248400211248369
0.11426409717425
0.052561484700155
0.0241782829620713
0.0111220101625528
0.00511612467477428
0.00235341735039617
0.00108257198118224
0.000497983111343829
0.000229072231218161
0.000105373226360354
4.8471684125763e-05
0.540022296974698
0.248410256608361
0.114268718039846
0.0525636102983292
0.0241792607372314
0.0111224599391265
0.00511633157199817
0.00235351252311916
0.00108261576063481
0.000498003249892013
0.000229081494950326
0.00010537748767715
4.8473644331489e-05
2.22978763924849e-05
1.02570231405431e-05
4.71823064464981e-06
2.17038609653891e-06
9.983776044079e-07
4.59253698027634e-07
2.11256701092712e-07
9.71780825026474e-08
4.47019179512178e-08
2.05628822575602e-08
9.45892583847768e-09
4.35110588569973e-09
0.540000002001509
0.248400000920694
0.114264000423519
0.0525614401948188
0.0241782624896167
0.0111220007452237
0.00511612034280289
0.00235341535768933
0.00108257106453709
0.000497982689687062
0.000229072037256048
0.000105373137137782
4.84716430833798e-05
2.22969558183547e-05
1.02565996764432e-05
4.71803585116386e-06
2.17029649153537e-06
9.98336386106272e-07
4.59234737608885e-07
2.11247979300087e-07
9.717407047804e-08
4.47000724198984e-08
2.05620333131533e-08
9.4585353240505e-09
4.35092624906323e-09
2.00142607456909e-09
9.2065599430178e-10
4.23501757378819e-10
1.94810808394257e-10
8.9612971861358e-11
4.12219670562247e-11
1.89621048458634e-11
8.72256822909714e-12
4.01238138538468e-12
1.84569543727695e-12
8.49019901147399e-13
0.540000000000391
0.24840000000018
0.114264000000083
0.052561440000038
0.0241782624000175
0.011122000704008
0.0051161203238437
0.0023534153489681
0.00108257106052533
0.00049798268784165
0.000229072036407159
0.000105373136747293
4.84716429037548e-05
2.22969557357272e-05
1.02565996384345e-05
4.71803583367988e-06
2.17029648349274e-06
0.540000998336382
0.788400459234736
0.362664211247979
0.16682553717407
0.0767397471000723
0.0353002836660332
0.0162381304863753
0.547469540023733
0.251835988410917
0.115844554669022
0.05328849514775
0.024512707767965
0.0112758455732639
0.545186888963701
0.250785968923303
0.655361545704719
0.301466311024171
0.138674503071119
0.603790271412715
0.277743524849849
0.12776202143093
0.058770529858228
0.0270344437347849
0.012435844118001
0.00572048829428048
0.542631424615369
0.24961045532307
0.114820809448612
0.592817572346362
0.812696083279326
0.37384019830849
0.171966491221905
0.619104585962077
0.284788109542555
0.131002530389575
0.0602611639792047
0.0277201354304341
0.0127512622979997
0.00586558065707986
0.00269816710225674
0.541241156867038
0.248970932158838
0.114526628793065
0.59268224924481
0.272633834652613
0.125411563940202
1.67768931941249
0.771737086929747
0.354999059987683
0.163299567594334
0.0751178010933938
0.0345541885029611
0.555894926711362
0.255711666287227
0.117627366492124
0.0541085885863771
0.0248899507497335
0.551449377344877
0.253666713578644
0.656686688246176
1.38207587659324
1.71575490323289
0.78924725548713
0.36305373752408
0.167004719261077
0.0768221708600953
0.0353381985956438
0.556255571353996
0.255877562822838
0.117703678898506
0.0541436922933126
0.0249060984549238
0.551456805289265
0.253670130433062
0.656688259999208
0.842076599599636
0.387355235815832
0.178183408475283
0.0819643678986302
0.0377036092333699
0.0173436602473501
0.00797808371378106
0.00366991850833929
0.00168816251383607
0.000776554756364593
0.000357215187927713
0.000164318986446748
0.540075586733766
0.248434769897532
0.114279994152865
0.0525687973103178
0.0241816467627462
0.0111235575108632
0.00511683645499709
0.00235374476929866
0.541082722593877
0.248898052393184
0.114493104100864
0.592666827886398
0.272626740827743
0.125408300780762
0.0576878183591504
0.0265363964452092
0.0122067423647962
0.00561510148780626
0.00258294668439088
0.0011881554748198
0.00054655151841711
0.540251413698472
0.788515650301297
0.362717199138597
0.166849911603754
0.076750959337727
0.0353054412953544
0.556240502995863
0.255870631378097
0.117700490433925
0.0541422255996053
0.564905423775818
0.259856494936876
0.119533987670963
0.594985634328643
0.273693391791176
0.125898960223941
0.0579135217030128
0.0266402199833859
0.552254501192358
0.254037070548484
0.116857052452303
0.593754244128059
0.273126952298907
0.665638398057497
0.306193663106449
0.140849085028966
0.0647905791133245
0.0298036663921293
0.0137096865403795
0.00630645580857456
0.0029009696719443
0.00133444604909438
0.000613845182583413
0.00028236878398837
0.00012988964063465
0.540059749234692
0.248427484647958
0.114276642938061
0.052567255751508
0.0241809376456937
0.551123231317019
0.253516686405829
0.116617675746681
0.0536441308434734
0.0246763001879977
0.011351098086479
0.00522150511978032
0.00240189235509895
0.00110487048334552
0.000508240422338937
0.000233790594275911
0.000107543673366919
0.540049470089749
0.248422756241284
0.114274467870991
0.0525662552206558
0.0241804774015017
0.0111230196046908
0.00511658901815775
0.00235363094835256
0.00108267023624218
0.000498028308671403
0.000229093021988845
0.540105382790115
0.788448476083453
0.362686298998388
0.166835697539259
0.076744420868059
0.575302433599307
0.264639119455681
0.121733994949613
0.0559976376768221
0.0257589133313382
0.0118491001324156
0.00545058606091116
0.00250726958801913
0.0011533440104888
0.000530538244824848
0.00024404759261943
0.540112261892605
0.248451640470598
0.654287754616475
0.840972367123579
0.926847288876846
0.966349752883349
0.984520886326341
0.992879607710117
0.456724619546654
0.750093324991461
0.345042929496072
0.158719747568193
0.0730110838813688
0.0335850985854296
1.0954491453493
1.04390660686068
0.480197039155911
0.220890638011719
0.101609693485391
0.0467404590032798
0.0215006111415087
0.009890281125094
0.544549529317543
0.25049278348607
0.115226680403592
0.0530042729856524
0.0243819655734001
0.551215704163764
0.253559223915331
0.116637243001052
0.0536531317804841
0.0246804406190227
0.0113530026847504
0.0052223812349852
0.00240229536809319
0.00110505586932287
0.540508325699889
0.248633829821949
0.114371561718096
0.0526109183903243
0.564201022459549
0.259532470331393
0.659384936352441
0.843317070722123
0.387925852532176
0.178445892164801
0.0820851103958085
0.0377591507820719
0.0173692093597531
0.547989836305486
0.252075324700524
0.115954649362241
0.0533391387066308
0.0245360038050502
0.0112865617503231
0.00519181840514862
0.00238823646636836
0.00109858877452945
0.000505350836283546
0.000232461384690431
0.000106932236957598
0.540049188829001
0.24842262686134
0.114274408356216
0.0525662278438596
0.0241804648081754
0.0111230138117607
0.00511658635340992
0.00235362972256856
0.00108266967238154
0.000498028049295507
0.000229092902675933
0.000105382735230929
4.84760582062275e-05
0.540022298986775
0.788410257533916
0.362668718465602
0.706827610494177
0.325140700827321
1.22956472238057
1.10559977229506
1.04857589525573
2.64234491181764
2.83547865943611
1.84432018334061
0.848387284336681
1.47025815079487
1.21631874936564
1.0995066247082
1.58577304736577
0.729455601788254
0.875549576822597
1.48275280533839
1.22206629045566
2.1821504936096
2.62378922706042
1.74694304444779
0.803593800445984
1.98965314820515
0.91524044817437
2.04101060616021
2.0188648788337
0.9286778442635
0.96719180836121
1.52490823184616
1.78145778664923
1.35947058185865
1.16535646765498
1.61606397512129
2.36338942855579
1.62715913713566
2.36849320308241
1.62950687341791
2.36957316177224
1.09000365441523
1.58140168103101
1.26744477327426
2.20302459570616
2.09339131402483
1.50296000445142
2.31136160204766
3.22322633694192
3.10268411499328
4.66723469289691
3.22692795873258
1.48438686101699
1.22281795606781
1.64249625979119
2.91554827950395
2.42115220857182
1.65373001594304
1.3007158073338
2.21832927137355
2.64043146483183
2.83459847382264
1.30391529795842
3.83980103706087
2.306308477048
1.06090189944208
1.56801487374336
2.34128684192194
3.23699194728409
3.64901629575068
4.37854749604531
4.71413184818084
4.86850065016319
3.85951029907507
3.39537473757453
1.56187237928428
2.33846129447077
4.31569219545655
1.98521840991001
1.45320046855861
1.74847221553696
1.344297219147
0.61837672080762
1.36445329157151
1.70764851412289
3.48551831649653
2.1433384255884
2.06593567577067
2.57033041085451
1.72235198899307
1.33228191493681
3.85284968087093
3.39231085320063
3.72046299247229
2.79141297653725
2.36404996920714
2.70746298583528
1.24543297348423
1.65289916780275
1.84033361718926
1.92655346390706
0.886214593397248
1.48765871296273
2.84432300796286
2.38838858366291
2.71865874848494
2.87058302430307
5.10046819117941
3.42621536794253
3.73605906925356
3.33858717185664
3.69575009905405
2.78004504556487
2.35882072095984
2.16505753164153
0.995926464555102
1.53812617369535
2.86753803989986
4.01906749835394
4.00877104924281
2.92403468265169
4.58505595401978
2.6491257388491
3.37859783987059
2.09415500634047
2.04331130291662
3.09992319934164
4.66596467169716
2.68634374898069
3.39571812453112
2.10203033728431
0.966933955150785
0.444789619369361
1.28460322490991
1.67091748345856
1.84862204239094
1.39036613949983
3.33956842416992
4.77620147511816
4.89705267855436
2.252644232135
3.7362163467821
3.33865951951977
2.07578337897909
0.954860354330383
0.979235762991976
0.450448450976309
1.2872062874491
3.83211489222659
2.30277285042423
2.67927551119515
2.85246673514977
2.39213469816889
3.26038196115769
2.03977570213254
2.01829682298097
0.928416538571245
1.50707160774277
1.23325293956168
1.64729635219837
3.45775632201125
2.67056790812518
2.30846123773758
2.68189216935929
1.77367039790527
2.43588838303643
2.74050865619676
4.50063398185051
3.15029163165123
2.52913415055957
1.7034017092574
2.9435647862584
1.89403980167887
1.95125830877228
1.43757882203525
2.28128625813621
3.74939167874266
3.34472017222162
1.53857127922195
1.2477427884421
1.11396168268336
1.59242237403435
1.8125142920558
2.45375657434567
1.12872802419901
1.59921489113154
1.27563884992051
0.586793870963434
0.26992518064318
1.20416558309586
1.0939161682241
2.12320143738308
2.05667266119622
2.02606942415026
0.93199193510912
0.968716290150195
0.44560949346909
0.204980366995781
0.0942909688180594
1.66337384565631
0.765151969001901
0.891969905740875
1.4903061566408
0.685540832054769
1.93534878274519
0.890260440062789
0.409519802428883
1.26837910911729
0.583454390193952
0.808389019489218
0.91185894896504
0.959455116523918
0.981349353601003
1.53142070265646
0.704453523221972
0.864048620682107
0.397462365513769
0.182832688136334
0.0841030365427136
0.0386873968096482
0.0177962025324382
0.548186253164922
0.792165676455864
0.364396211169697
0.167622257138061
0.0771062382835079
0.0354688696104137
0.0163156800207903
0.547505212809564
0.251852397892399
0.655852103030504
0.301691967394032
1.21877830500125
0.560638020300577
0.257893489338265
0.118631005095602
0.054570262343977
0.0251023206782294
0.0115470675119855
0.00531165105551334
0.00244335948553614
0.00112394536334662
0.000517014867139446
0.000237826838884145
0.000109400345886707
5.03241591078851e-05
2.31491131896272e-05
1.06485920672285e-05
4.89835235092511e-06
2.25324208142555e-06
1.03649135745575e-06
4.76786024429646e-07
2.19321571237637e-07
1.00887922769313e-07
4.6408444473884e-08
2.13478844579866e-08
9.82002685067386e-09
4.51721235130997e-09
2.07791768160259e-09
9.5584213353719e-10
4.39687381427107e-10
2.02256195456469e-10
9.30378499099759e-11
4.27974109585889e-11
1.96868090409509e-11
9.05593215883741e-12
4.16572879306521e-12
0.540000000001916
0.248400000000881
0.114264000000405
0.0525614400001865
0.0241782624000858
0.551122000704039
0.253516120323858
0.116617415348975
0.0536440110605284
0.0246762450878431
0.0113510727404078
0.00522149346058759
0.00240188699187029
0.00110486801626033
0.000508239287479753
0.000233790072240687
0.000107543433230716
4.94699792861293e-05
0.540022756190472
0.248410467847617
0.654268815209904
0.840963654996556
0.386843281298416
0.177947909397271
0.0818560383227447
0.577653777628463
0.805720737709093
0.910631539346183
0.958890508099244
0.441089633725652
1.2829012315138
1.67013456649635
0.76826190058832
0.353400474270627
1.24256421816449
1.65157954035566
0.759726588563606
0.889474230739259
0.409158146140059
0.728212747224427
0.334977863723236
0.694089817312689
1.93928131596384
1.97206940534336
1.44715192645795
3.36568988617066
1.5482173476385
0.712179979913711
0.327602790760307
0.690697283749741
0.317720750524881
0.146151545241445
0.0672297108110648
1.11092566697309
1.59102580680762
2.89187187113151
1.33026106072049
1.69192008793143
1.85828324044846
0.85481029060629
0.933212733678893
0.969277857492291
2.06586781444645
2.03029919464537
3.63393762953687
2.21161130958696
2.63734120241
1.7531769531086
1.34646139842996
2.77937224327778
1.81851123190778
1.37651516667758
2.79319697667169
1.82487060926898
2.45944048026373
1.13134262092132
1.06041760562381
1.56779209858695
1.26118436535
2.200144808061
1.01206661170806
1.54555064138571
1.79095329503743
1.90383851571722
2.49576571722992
1.68805222992576
1.31650402576585
1.14559185185229
1.06697225185205
2.11080723585194
2.59097132849189
2.27184681110627
1.04504953310888
2.64072278523009
1.75473248120584
1.34717694135469
0.619701393023156
0.285062640790652
1.7511288147637
1.3455192547913
0.618938857203999
1.36471187431384
3.32776746218437
2.07077303260481
4.19255559499821
3.54857557369918
2.71234476390162
1.78767859139475
2.44233215204158
3.28347278993913
4.750397483372
2.72518284235112
1.79358410748151
1.9050486894415
2.49632239714309
1.14830830268582
2.68822181923548
2.31658203684832
2.68562773695023
1.7753887589971
1.35667882913867
3.86407226140379
2.85747324024574
1.31443769051304
1.144641337636
1.06653501531256
1.03060610704378
1.01407880924014
2.08647625225046
2.03977907603521
1.4782983749762
1.22001725248905
1.64120793614496
0.754955650626683
1.42727959928827
2.27654861567261
2.1272123632094
2.05851768707632
1.48691813605511
1.22398234258535
1.64303187758926
1.29579466369106
0.596065545297888
0.814190150837028
0.374527469385033
1.79228263591712
1.90445001252187
0.876047005760062
1.48298162264963
1.22217154641883
2.18219891135266
1.54381149922222
0.710153289642223
0.866670513235423
1.47866843608829
0.680187480600615
0.852886241076283
0.39232767089509
0.180470728611741
0.623016535161401
0.286587606174245
0.671830298840153
0.84904193746647
1.47055929123458
3.37645727396791
1.55317034602524
0.714458359171609
1.40865084521894
0.647979388800712
1.37807051884833
1.17391243867023
2.15999972178831
1.53359987202262
1.78545594113041
1.90130973291999
3.03460247714319
1.93591713948587
3.0505218841635
3.56324006671521
2.719090430689
3.95078159811694
4.51735953513379
3.15798538616154
1.99267327763431
1.99662970771178
1.45844966554742
3.37088684615181
3.71060794922983
2.78687965664572
1.82196464205703
2.99810373534623
2.45912771825927
1.67119875039926
1.30875142518366
1.14202565558448
2.14533180156886
3.68685262872168
2.23595220921197
2.64853801623751
1.75832748746925
2.96883064423586
1.90566209634849
0.876604564320307
0.943238099587341
3.13388952581018
4.14158918187268
2.98513102366143
1.91316027088426
1.42005372460676
1.19322471331911
2.16888336812679
1.53768634933832
0.707335720695629
1.40537443151999
0.646472238499195
0.29737722970963
1.21679352566643
1.63972502180656
0.754273510031017
0.886965814614268
0.408004274722563
0.187681966372379
0.0863337045312943
0.0397135040843954
0.0182682118788219
0.00840337746425806
0.543865553633559
1.33017815467144
0.611881951148861
0.821465697528476
0.917874220863099
0.962222141597026
0.442622185134632
1.28360620516193
0.590458854374488
0.271611073012264
0.124941093585642
0.597472903049395
0.814837535402722
0.374825266285252
0.172419622491216
0.0793130263459593
0.0364839921191413
0.016782636374805
0.00772001273241029
0.00355120585690874
0.00163355469417802
0.000751435159321888
0.000345660173288069
0.000159003679712512
7.31416926677553e-05
0.540033645178627
0.248415476782168
0.114271119319797
0.0525647148871068
0.0241797688480691
0.551122693670112
0.253516439088251
0.116617561980596
0.053644078511074
0.024676276115094
0.0113510870129433
0.0052215000259539
0.00240189001193879
0.00110486940549184
0.000508239926526248
0.000233790366202074
0.000107543568452954
4.94700414883589e-05
2.27562190846451e-05
1.04678607789367e-05
4.8152159583109e-06
2.21499934082301e-06
1.01889969677859e-06
4.6869386051815e-07
2.15599175838349e-07
9.91756208856404e-08
0.540000045620786
0.248400020985561
0.114264009653358
0.0525614444405448
0.0241782644426506
0.0111220016436193
0.00511612075606487
0.00235341554778984
0.00108257115198333
0.00049798272991233
0.000229072055759672
0.000105373145649449
4.84716469987465e-05
2.22969576194234e-05
1.02566005049348e-05
0.540004718036232
0.248402170296667
0.654264998336467
0.840961899234775
0.926842473647996
0.426347537878078
0.196119867423916
0.0902151390150013
0.0414989639469006
0.0190895234155743
0.00878118077116417
0.00403934315473552
0.00185809785117834
0.000854725011542035
2.16039317350531
0.993780859812442
0.997139195513723
0.458684029936313
0.210994653770704
0.0970575407345238
0.0446464687378809
0.0205373756194252
0.549447192784936
0.25274570868107
0.116263025993292
0.0534809919569145
0.0246012563001807
0.551316577898083
0.253605625833118
1.19665858788323
2.71046295042629
1.78681295719609
1.3619339603102
1.16648962174269
0.536585226001639
0.246829203960754
0.653541433821947
0.300629059558095
0.678289367396724
1.93201310900249
0.888726030141147
2.02881397386493
2.55325442797787
2.25449703686982
1.57706863696012
1.26545157300165
1.12210772358076
0.51616955284715
0.237437994309689
0.109221477382457
0.0502418795959302
0.0231112646141279
1.0906311817225
1.58169034359235
0.727577558052481
0.874685676704141
2.0223554112839
2.0102834891906
2.00473040502767
1.46217598631273
1.75260095370386
1.34619643870377
1.69925036180374
1.32165516642972
1.68796137655767
1.31646223321653
0.605572627279603
0.278563408548617
0.668139167932364
0.847344017248888
1.46977824793449
0.676097994049865
0.851005077262938
2.55146233554095
2.25367267434884
3.19668943020047
2.01047713789221
1.46481948343042
1.75381696237799
2.42675580269388
1.11630766923918
3.75350152785002
2.26661070281101
2.12264092329307
0.97641482471481
2.60915081936881
2.28020937690965
2.66889631337844
2.30769230415408
2.68153845991088
2.313507691559
2.68421353811714
2.31473822753389
1.06477958466559
0.48979860894617
0.765307360115238
0.35204138565301
1.24193903740038
0.571291957204177
2.42279430031392
2.7344853781444
1.79786327394643
1.36701710601536
1.16882786876706
0.537660819632849
0.787323977031111
0.362169029434311
1.24659775353978
1.6534349666283
2.92058008464902
1.34346683893855
1.69799474591173
0.781077583119397
0.899295688234923
2.03367601658806
2.55549096763051
1.17552584511003
1.62074188875062
1.82554126882528
1.91974898365963
1.42308453248343
0.654618884942378
0.841124687073494
0.386917356053807
1.79798198378475
0.827071712540986
0.920452987768853
2.58340837437367
3.34836785221189
2.62024921201747
2.28531463752804
2.1312447332629
0.980372577300932
1.53097138555843
0.704246837356877
0.863953545184164
1.47741863078472
0.679612570160969
1.93262178227405
0.889006019846061
1.48894276912919
1.22491367379943
0.563460289947736
2.95919173337596
2.44122819735294
2.74296497078235
1.80176388655988
4.06881138781755
2.41165323839607
2.18936048966219
1.00710582524461
1.54326867961252
2.32990359262176
2.15175565260601
1.52980760019876
1.24371149609143
2.19210728820206
2.62836935257295
3.90904990218356
3.41816295500444
3.19235495930204
3.08848328127894
1.96070230938831
1.44192306231862
0.663284608666567
0.845110919986621
1.46875102319385
1.75562547066917
2.42758771650782
2.1966903495936
2.63047756081305
1.210019677974
3.79660905186804
2.2864401638593
1.05176247537528
1.02381073867263
1.01095293978941
0.465038352303128
0.213917642059439
2.79840211534734
2.36726497305978
1.0889418876075
3.20091326829945
2.01242010341775
1.46571324757216
1.7542280938832
1.34694492318627
2.77959466466568
3.43861354574621
2.66176223104326
1.7644106262799
1.89162888808875
2.49014928852083
1.14546867271958
1.06691558945101
0.490781171147463
1.84575933872783
1.3890492958148
1.17896267607481
1.08232283099441
1.03786850225743
1.01741951103842
0.468012975077672
1.29528596853573
1.13583154552644
1.60248251094216
1.81714195503339
1.37588529931536
0.632907237685066
0.83113732933513
1.46232317149416
1.21266865888731
0.557827583088164
0.256600688220555
0.658036316581456
0.84269670562747
0.927640484588636
0.966714622910773
0.984688726538955
0.452956814207919
0.208360134535643
1.1758456618864
0.540889004467742
0.788808942055161
0.902852113345374
0.415311972138872
0.191043507183881
1.16788001330459
0.537224806120109
0.24712341081525
0.653676768975015
0.300691313728507
0.138318004315113
0.603626281984952
0.817668089713078
0.916127321268016
0.421418567783287
0.193852541180312
0.0891721689429436
0.041019197713754
0.0188688309483269
0.00867966223623035
0.00399264462866596
0.541836616529186
0.789244843603426
0.363052628057576
0.167004208906485
0.076821936096983
0.0353380906046122
0.0162555216781216
0.00747753997193594
1.08343966838709
1.03838224745806
0.477655833830708
0.219721683562126
0.101071974438578
0.0464931082417458
0.0213868297912031
0.00983794170395341
0.544525453183819
0.250481708464557
0.115221585893696
0.0530019295111002
0.0243808875751061
0.0112152082845488
0.00515899581089244
0.00237313807301052
0.00109164351358484
0.000502156016249027
0.000230991767474552
0.000106256213038294
4.88778579976153e-05
2.2483814678903e-05
1.03425547522954e-05
4.75757518605588e-06
2.1884845855857e-06
0.540001006702909
0.248400463083338
0.114264213018336
0.0525615379884344
0.0241783074746798
0.0111220214383527
0.00511612986164225
0.00235341973635543
0.0010825730787235
0.00049798361621281
0.000229072463457892
0.000105373333190631
0.540048471733268
0.248422296997303
0.114274256618759
0.0525661580446293
0.0241804327005295
0.0111229990422436
0.00511657955943204
0.00235362659733874
0.541082668234776
0.248898027387997
0.114493092598479
0.0526668225953001
0.564226738393838
0.799544299661165
0.367790377844136
0.169183573808303
0.0778244439518192
0.0357992442178368
0.0164676523402049
0.547575120076494
0.251884555235187
0.115866895408186
0.0532987718877656
0.0245174350683722
0.0112780201314512
0.545187889260468
0.790786429059815
0.903761757367515
0.415730408389057
0.191235987858966
1.16796855441512
1.07726553503096
0.49554214611424
0.767949387212551
1.43325671811777
1.73929809033418
0.800077121553721
0.908035475914712
0.957696318920767
0.440540306703553
0.202648541083634
0.0932183288984718
1.1228804312933
3.75652499839492
2.80800149926166
1.29168068966036
0.594173117243767
0.273319633932133
0.665727031608781
0.306234434540039
3.38086783988842
3.71519920634867
3.86899163492039
3.39973615206338
2.10387862994915
2.58778416977661
1.73038071809724
0.795975130324731
0.366148559949376
2.32842833757671
1.61107703528529
1.82109543623123
2.45770390066637
1.13054379430653
0.520050145381003
0.779223066875261
0.89844261076262
2.03328360095081
2.55531045643737
2.25544280996119
2.11750369258215
2.59405169858779
2.27326378135038
1.58570133942118
2.34942261613374
1.62073440342152
0.745537825573899
1.96294739976399
3.60295580389144
1.65735966979006
1.84238544810343
2.46749730612758
2.75504876081869
3.9673224299766
2.90496831778923
2.41628542618305
3.8114912960442
3.91328599618033
2.34011155824295
3.23645131679176
2.56876760572421
3.34163309863314
2.61715122537124
1.20388956367077
2.17378919928855
3.15994303167274
1.45357379456946
1.74864394550195
1.8843762149309
2.48681305886821
1.68393400707938
2.93460964325651
2.429920435898
2.19776340051308
1.55097116423602
1.25344673554857
6.51658549835234
4.61762932924208
3.20410949145136
2.01389036606762
2.54638956839111
3.33133920145991
2.07241603267156
2.57331137502892
1.7237232325133
1.33291268695612
0.613139835999815
1.36204432455991
2.78654038929756
2.36180857907688
3.78643194637536
3.90175869533267
2.33480899985303
1.61401213993239
0.7424455843689
0.341524968809694
0.697101485652459
0.860666683400131
1.47590667436406
1.75891707020747
1.88910185229544
1.4089868520559
0.648133951945714
0.838141617895029
0.925545144231713
1.50575076634659
2.85264535251943
1.85221686215894
1.39201975659311
2.26032908803283
1.5797513804951
1.26668563502775
1.12267539211276
1.59643068037187
1.27435811297106
0.586204731966688
1.34965417670468
1.16084092128415
1.07398682379071
0.494033938943726
0.767255611914114
1.43293758148049
1.19915128748103
1.09160959224127
0.502140412430985
0.230984589718253
0.646252911270396
0.837276339184382
2.54514711602482
1.71076767337142
0.786953129750851
1.44199843968539
1.74331928225528
2.96192686983743
1.90248636012522
2.4951437256576
2.2277661138025
2.10477241234915
3.12819530968061
2.51896984245308
2.23872612752842
3.72981401866307
1.71571444858501
0.789228646349106
0.903045177320589
2.03540078156747
0.936284359521037
3.13069080537968
2.52011777047465
2.77925417441834
1.27845692023244
1.66809018330692
0.767321484321183
0.892967882787744
0.950765226082362
1.51735200399789
2.31798192183903
1.60627168404595
3.97888497466114
2.91028708834412
1.3387320606383
2.23581674789362
1.56847570403106
2.34149882385429
1.07708945897297
2.11546115112757
0.973112129518681
2.60763157957859
1.73951052660615
1.88017484223883
0.864880427429862
0.397844996617736
0.723008698444159
1.41258400128431
1.72978864059078
0.795702774671761
2.52602327634901
2.24197070712054
1.57130652527545
2.88280100162671
1.86608846074829
2.47840069194421
1.14006431829434
1.06442958641539
1.56963760975108
0.722033300485498
0.332135318223329
1.23278224638273
1.64707983333606
0.757656723334586
0.888522092733909
0.408720162657598
0.728011274822495
0.874885186418348
1.48244718575244
1.22192570544612
1.10208582450522
1.0469594792724
0.481601360465304
0.22153662581404
0.101906847874458
0.586877150022251
0.269963489010235
0.124183204944708
1.13712427427457
0.5230771661663
0.780615496436498
0.899083128360789
0.953578239045963
0.438645989961143
0.201777155382126
0.0928174914757778
0.0426960460788578
0.559640181196275
0.257434483350286
0.118419862341132
0.0544731366769206
0.0250576428713835
0.551526515720836
1.33370219723158
0.613503010726529
0.282211384934203
0.129817237069733
0.0597159290520774
0.0274693273639556
0.0126358905874196
0.00581250967021301
0.00267375444829798
0.541229927046217
0.24896576644126
0.65452425256298
0.301081156178971
0.138497331842326
0.0637087726474702
0.0293060354178363
0.0134807762922047
0.00620115709441415
0.00285253226343051
0.00131216484117803
0.000603595826941896
0.000277654080393272
0.000127720876980905
5.87516034112164e-05
0.540027025737569
0.248412431839282
0.11426971864607
0.052564070577192
0.564179472465508
1.33952255733413
0.616180376373701
0.283442973131903
0.130383767640675
0.0599765331147106
0.0275892052327669
0.0126910344070728
0.00583787582725347
0.0026854228805366
0.00123529452504683
0.000568235481521544
0.00026138832149991
0.000120238627889959
5.5309768829381e-05
2.54424936615152e-05
1.1703547084297e-05
0.540005383631659
0.248402476470563
0.114265139176459
0.0525619640211711
0.0241785034497387
0.0111221115868798
0.00511617132996471
0.00235343881178377
0.541082581853421
0.248897987652573
0.114493074320184
0.592666814187285
0.272626734526151
0.125408297882029
0.0576878170257335
0.0265363958318374
0.0122067420826452
0.0056151013580168
0.00258294662468773
0.541188155447356
0.788946551505784
0.362915413692661
2.32694109029862
1.07039290153737
1.03238073470719
0.474895137965307
0.758451763464041
0.348887811193459
0.160488393148991
0.613824660848536
0.822359343990327
0.37828529823555
0.174011237188353
0.620045169106642
1.90522077778906
0.876401557782965
2.02314471658016
0.930646569626876
0.968097422028363
0.985324814133047
0.993249414501202
0.996894730670553
0.458571576108454
0.210942925009889
0.0970337455045489
0.0446355229320925
1.10053234054876
1.04624487665243
0.481272643260118
1.30138541589965
1.67863729131384
0.772173154004367
0.895199650842009
1.49179183938732
1.76622424611817
2.43246315321436
2.7389330504786
1.79990920322016
2.44795823348127
1.66606078740139
0.766387962204637
1.43253846261413
1.7389676928025
0.79992513868915
1.98796556379701
1.45446415934662
1.74905351329945
1.34456461611775
1.15849972341416
2.15290987277052
2.07033854147444
3.11235572907824
1.43168363537599
1.19857447227296
1.09134425724556
0.502018358332957
0.23092844483316
1.18622708462325
1.0856644589267
0.49940565110628
0.769726599508889
1.43407423577409
1.19967414845608
0.551850108289797
1.87385104981331
1.94197148291412
0.893306882140496
0.950921165784628
1.51742373626093
1.77801491868003
0.817886862592813
0.376227956792694
0.173064860124639
0.619609835657334
0.285020524402374
0.671109441225092
0.308710342963542
1.22200675776323
2.72212310857109
1.2521766299427
1.65600124977364
2.38176057489588
1.6356098644521
1.83238053764797
2.46289504731807
1.67293172176631
2.9295485920125
1.88759235232575
1.94829248206985
1.43621454175213
0.660658689205979
0.84390299703475
1.46819537863599
2.83536987417255
1.84427014211937
0.848364265374912
1.47024756207246
2.29631387855333
2.13630438413453
2.60270001670188
1.73724200768287
2.41913132353412
2.73280040882569
1.25708818805982
1.11826056650752
1.05439986059346
0.485023935872991
0.763111010501576
1.43103106483072
1.19827428982213
1.63120617331818
1.29035483972636
2.21356322627413
1.5582390840861
1.79678997867961
0.826523390192618
0.380200759488604
0.174892349364758
1.16045048070779
1.61380722112558
0.742351321717768
0.881481607990173
0.94548153967548
0.974921508250721
0.988463893795332
1.53469339114585
1.24595895992709
0.573141121566462
0.803644915920573
0.909676661323463
0.958451264208793
0.980887581536045
0.991208287506581
0.995955812253027
0.998139673636392
0.999144249872741
0.459606354941461
0.751418923273072
0.885652704705613
0.947400244164582
2.05580411231571
1.48566989166523
1.223408150166
1.10276774907636
0.507273164575126
0.773345655704558
0.895739001624097
0.952039940747085
1.51793837274366
0.698251651462083
0.861195759672558
0.936150049449377
0.430629022746713
0.198089350463488
1.1711211012132
1.07871570655807
1.57620922501671
1.80505624350769
1.37032587201354
1.17034990112623
0.538360954518064
0.24764603907831
0.113917177976022
0.59240190186897
2.43250487485973
2.73895224243547
1.25991803152032
0.579562294499346
1.3465986554697
0.619435381516062
0.284940275497388
0.131072526728799
0.0602933622952474
1.10773494665581
1.04955807546167
0.48279671471237
0.22208648876769
0.642159784833138
0.835393501023243
0.924281010470692
2.04516926481652
1.4807778618156
0.681157816435175
0.313332595560181
0.144132993957683
0.0663011772205342
0.0304985415214457
0.014029329099865
0.00645349138593792
0.00296860603753144
0.541365558777264
0.249028157037542
0.114552952237269
1.13269435802914
1.06103940469341
1.02807812615897
0.472915938033125
0.217541331495237
0.100069012487809
0.0460317457443922
0.0211746030424204
0.00974031739951339
0.00448054600377616
0.00206105116173703
0.000948083534399035
0.000436118425823556
0.000200614475878836
9.22826589042645e-05
0.540042450023096
