0.0204081632653
0.0126582278481
0.0212765957447
0.109090909091
0.115942028986
0.013698630137
0.015873015873
0.0
0.00952380952381
0.0304182509506
0.00917431192661
0.0125
0.00613496932515
0.0042735042735
0.00473933649289
0.01
0.0309278350515
0.0179640718563
0.0
0.0131578947368
0.0265957446809
0.0242718446602
0.0133333333333
0.00534759358289
0.00490196078431
0.0493827160494
0.00636942675159
0.0
0.0144927536232
0.0166666666667
0.0
0.145299145299
0.0153846153846
0.0
0.0
0.0461538461538
0.010152284264
0.0114942528736
0.0136054421769
0.025974025974
0.0194174757282
0.0408163265306
0.00735294117647
0.0175438596491
0.0
0.0425531914894
0.184210526316
0.0416666666667
0.00819672131148
0.0185185185185
0.0
0.0
0.0495867768595
0.0
0.0
0.00724637681159
0.0532319391635
0.0
0.00149476831091
0.00293255131965
0.00485436893204
0.004329004329
0.0
0.00262812089356
0.00243902439024
0.0
0.0
0.0084388185654
0.00884955752212
0.00690713737529
0.00317208564631
0.00162999185004
0.0260115606936
0.0
0.0028818443804
0.00267379679144
0.0
0.0
0.0
0.0
0.0
0.0242214532872
0.00181818181818
0.00709939148073
0.00578034682081
0.00743889479277
0.00760135135135
0.00375234521576
0.00993377483444
0.0275229357798
0.00199203187251
0.0059880239521
0.011320754717
0.00976290097629
0.0
0.014440433213
0.00204498977505
0.0135501355014
0.00729166666667
0.00223964165733
0.0
0.0
0.0226244343891
0.0316301703163
0.010989010989
0.0015600624025
0.00414078674948
0.0158311345646
0.0181034482759
0.0248447204969
0.00763358778626
0.00474833808167
0.00236406619385
0.0012936610608
0.00546448087432
0.00200803212851
0.00771208226221
0.00917431192661
0.008
0.00215053763441
0.004
0.0
0.0147058823529
0.0193798449612
0.0372439478585
0.00134589502019
0.0459641255605
0.00655021834061
0.020202020202
0.0103871576959
0.0194805194805
0.0333333333333
0.0219538968167
0.025988700565
0.00548847420417
0.0218878248974
0.0100334448161
0.0211764705882
0.0221893491124
0.0275791624106
0.0148462354189
0.0160599571734
0.00395882818686
0.00741525423729
0.00852272727273
0.00589970501475
0.00443951165372
0.0332326283988
0.0262529832936
0.0293159609121
0.046439628483
0.0695443645084
0.0594512195122
0.0178571428571
0.0156862745098
0.0205278592375
0.00480307396734
0.0152380952381
0.0267558528428
0.0281030444965
0.00224719101124
0.0314285714286
0.0113314447592
0.0326086956522
0.0310880829016
0.0819672131148
0.027149321267
0.0387931034483
0.0621761658031
0.0479452054795
0.0425531914894
0.259414225941
0.078125
0.0247933884298
0.125925925926
0.105263157895
0.25641025641
0.15
0.133333333333
0.242424242424
0.0606060606061
0.0677966101695
0.333333333333
0.0921052631579
0.1
0.102040816327
0.275
0.0925925925926
0.138888888889
0.0689655172414
0.0532786885246
0.100609756098
0.018018018018
0.0625
0.0471698113208
0.0399061032864
0.0828282828283
0.0296296296296
0.0814332247557
0.0250659630607
0.0374531835206
0.0161725067385
0.0471014492754
0.0352112676056
0.0175257731959
0.0348953140578
0.0420168067227
0.01
0.0378250591017
0.0424966799469
0.0371389270977
0.0437665782493
0.0388098318241
0.0416666666667
0.0111940298507
0.0215633423181
0.0315374507227
0.0430939226519
0.0261881668283
0.0448654037886
0.0531732418525
0.037542662116
0.0119331742243
0.0475504322767
0.0521739130435
0.0265734265734
0.0493506493506
0.0474452554745
0.0134529147982
0.0425531914894
0.0221932114883
0.0272596843615
0.0111248454883
0.0507674144038
0.0466257668712
0.0413793103448
0.0474383301708
0.0673211781206
0.0328849028401
0.0370879120879
0.0459317585302
0.0456852791878
0.0714285714286
0.11320754717
0.0304347826087
0.0793201133144
0.0621118012422
0.0510752688172
0.0294117647059
0.0813953488372
0.0596026490066
0.0512333965844
0.0355828220859
0.0825082508251
0.0404896421846
0.0437756497948
0.0501474926254
0.0283687943262
0.0430555555556
0.0172413793103
0.0456490727532
0.0533910533911
0.0202702702703
0.0285714285714
0.0448717948718
0.0346475507766
0.0535491905355
0.0662983425414
0.0686274509804
0.0261282660333
0.0335365853659
0.0860927152318
0.0442225392297
0.0744985673352
0.0491367861886
0.0693779904306
0.0422794117647
0.119658119658
0.0357941834452
0.0698365527489
0.0965417867435
0.0919117647059
0.0649926144756
0.069943289225
0.0928381962865
0.061135371179
0.0446927374302
0.0392967942089
0.0775095298602
0.0666666666667
0.0459081836327
0.117788461538
0.0941828254848
0.0671296296296
0.085201793722
0.0561471442401
0.0360915492958
0.0300829875519
0.0610687022901
0.100244498778
0.055900621118
0.0551558752998
0.0635838150289
0.0795698924731
0.0385964912281
0.104529616725
0.113259668508
0.0314136125654
0.0318021201413
0.131067961165
0.0727272727273
0.0793650793651
0.207547169811
0.149253731343
0.062015503876
0.0656934306569
0.112
0.0347826086957
0.103448275862
0.116883116883
0.161764705882
0.0466321243523
0.0553505535055
0.0643939393939
0.0223880597015
0.0811965811966
0.2
0.266666666667
0.0884955752212
0.0857142857143
0.0949554896142
0.105263157895
0.0431034482759
0.123376623377
0.0625
0.041095890411
0.0759493670886
0.0830769230769
0.102209944751
0.095406360424
0.0973451327434
0.107344632768
0.0763888888889
0.102719033233
0.126288659794
0.104
0.136054421769
0.093023255814
0.0936170212766
0.08038585209
0.0608365019011
0.0251572327044
0.0753623188406
0.0644171779141
0.0402684563758
0.0752212389381
0.0622222222222
0.152173913043
0.129032258065
0.06875
0.128571428571
0.0625
0.0918367346939
0.120833333333
