0.0204081632653
0.00632911392405
0.0106382978723
0.109090909091
0.101449275362
0.027397260274
0.015873015873
0.00409836065574
0.0142857142857
0.0304182509506
0.0229357798165
0.0125
0.0122699386503
0.0042735042735
0.00947867298578
0.01
0.0103092783505
0.0119760479042
0.0
0.00657894736842
0.0159574468085
0.0485436893204
0.0266666666667
0.00534759358289
0.00980392156863
0.0246913580247
0.00636942675159
0.0
0.024154589372
0.0111111111111
0.0
0.200854700855
0.0153846153846
0.0
0.0188679245283
0.0512820512821
0.010152284264
0.0344827586207
0.0272108843537
0.025974025974
0.0194174757282
0.0340136054422
0.0147058823529
0.00877192982456
0.0117647058824
0.0425531914894
0.184210526316
0.0277777777778
0.00819672131148
0.0462962962963
0.0
0.0
0.0495867768595
0.0
0.0
0.0048309178744
0.0494296577947
0.0
0.0
0.00439882697947
0.00485436893204
0.0
0.0
0.0065703022339
0.00243902439024
0.0
0.0
0.0042194092827
0.00530973451327
0.0130468150422
0.00555114988105
0.00244498777506
0.0327552986513
0.00138696255201
0.0028818443804
0.00401069518717
0.0
0.0
0.0
0.0
0.0
0.0242214532872
0.00181818181818
0.00709939148073
0.00809248554913
0.00743889479277
0.00675675675676
0.00187617260788
0.0165562913907
0.0275229357798
0.00398406374502
0.014371257485
0.00880503144654
0.00418410041841
0.0
0.028880866426
0.00204498977505
0.0149051490515
0.00729166666667
0.00223964165733
0.0
0.00328947368421
0.0135746606335
0.0389294403893
0.017982017982
0.000780031201248
0.00931677018634
0.0131926121372
0.0241379310345
0.0217391304348
0.00763358778626
0.00474833808167
0.00827423167849
0.00388098318241
0.00546448087432
0.00200803212851
0.012853470437
0.0122324159021
0.0115555555556
0.00322580645161
0.00933333333333
0.0
0.0252100840336
0.0232558139535
0.0409683426443
0.00134589502019
0.0493273542601
0.00764192139738
0.017316017316
0.0160528800755
0.025974025974
0.0416666666667
0.0186608122942
0.0248587570621
0.01317233809
0.0246238030096
0.0150501672241
0.0305882352941
0.0221893491124
0.0316649642492
0.0116648992577
0.0256959314775
0.0055423594616
0.00741525423729
0.0142045454545
0.0132743362832
0.00443951165372
0.0468277945619
0.0214797136038
0.0325732899023
0.0433436532508
0.0599520383693
0.0731707317073
0.0189075630252
0.0245098039216
0.0293255131965
0.014409221902
0.0257142857143
0.0434782608696
0.0421545667447
0.0202247191011
0.0457142857143
0.0254957507082
0.036231884058
0.0518134715026
0.0737704918033
0.0316742081448
0.0818965517241
0.0518134715026
0.0547945205479
0.0567375886525
0.301255230126
0.09375
0.0330578512397
0.125925925926
0.105263157895
0.25641025641
0.15
0.166666666667
0.19696969697
0.181818181818
0.101694915254
0.311111111111
0.0657894736842
0.1
0.0816326530612
0.15
0.0555555555556
0.0648148148148
0.0758620689655
0.0573770491803
0.128048780488
0.0315315315315
0.0390625
0.061320754717
0.0516431924883
0.0868686868687
0.0222222222222
0.0955483170467
0.0263852242744
0.0374531835206
0.0161725067385
0.0507246376812
0.0334507042254
0.0226804123711
0.0388833499501
0.0576230492197
0.02
0.0614657210402
0.0677290836653
0.0385144429161
0.0570291777188
0.0478654592497
0.046875
0.0149253731343
0.0350404312668
0.0354796320631
0.0475138121547
0.0300678952473
0.0518444666002
0.0668953687822
0.0477815699659
0.0119331742243
0.0533141210375
0.0571428571429
0.041958041958
0.0597402597403
0.0602189781022
0.00448430493274
0.0401891252955
0.0287206266319
0.0358680057389
0.0135970333745
0.0625737898465
0.0552147239264
0.0448275862069
0.0607210626186
0.0687237026648
0.0493273542601
0.0412087912088
0.0485564304462
0.0575296108291
0.0962732919255
0.120283018868
0.0565217391304
0.104815864023
0.0621118012422
0.0537634408602
0.0420168067227
0.116279069767
0.0695364238411
0.0569259962049
0.0466257668712
0.0935093509351
0.0499058380414
0.0601915184679
0.0501474926254
0.0549645390071
0.0458333333333
0.0212201591512
0.0627674750357
0.0591630591631
0.022972972973
0.0514285714286
0.0619658119658
0.0657108721625
0.0722291407223
0.0690607734807
0.0798319327731
0.0427553444181
0.0457317073171
0.0860927152318
0.0599144079886
0.107449856734
0.0571049136786
0.0837320574163
0.0533088235294
0.128205128205
0.0514541387025
0.0698365527489
0.108069164265
0.104166666667
0.069423929099
0.0926275992439
0.116710875332
0.0851528384279
0.0513966480447
0.0506721820062
0.0838627700127
0.080303030303
0.063872255489
0.127403846154
0.109418282548
0.0798611111111
0.103139013453
0.0832526621491
0.0475352112676
0.045643153527
0.0687022900763
0.119804400978
0.0766045548654
0.0791366906475
0.0597302504817
0.0967741935484
0.0701754385965
0.1393728223
0.124309392265
0.0523560209424
0.0318021201413
0.135922330097
0.0363636363636
0.103174603175
0.150943396226
0.149253731343
0.0852713178295
0.0948905109489
0.136
0.0347826086957
0.149425287356
0.103896103896
0.161764705882
0.0466321243523
0.0627306273063
0.0643939393939
0.0373134328358
0.0982905982906
0.183333333333
0.166666666667
0.106194690265
0.0821428571429
0.0949554896142
0.105263157895
0.0603448275862
0.123376623377
0.06875
0.041095890411
0.0854430379747
0.0861538461538
0.113259668508
0.116607773852
0.0973451327434
0.141242937853
0.0902777777778
0.114803625378
0.131443298969
0.108
0.146258503401
0.122093023256
0.0851063829787
0.0868167202572
0.0608365019011
0.0345911949686
0.0869565217391
0.101226993865
0.0469798657718
0.0752212389381
0.0888888888889
0.179347826087
0.138248847926
0.06875
0.114285714286
0.0625
0.0918367346939
0.166666666667
