0.0136054421769
0.0126582278481
0.0106382978723
0.109090909091
0.115942028986
0.013698630137
0.015873015873
0.0
0.0047619047619
0.0304182509506
0.00917431192661
0.0125
0.00613496932515
0.0042735042735
0.00473933649289
0.01
0.0154639175258
0.0179640718563
0.0
0.0131578947368
0.0159574468085
0.0242718446602
0.0133333333333
0.00534759358289
0.00490196078431
0.0493827160494
0.00636942675159
0.0
0.0048309178744
0.0166666666667
0.0
0.145299145299
0.0153846153846
0.0
0.0
0.0358974358974
0.010152284264
0.0114942528736
0.0136054421769
0.025974025974
0.0194174757282
0.0340136054422
0.00735294117647
0.0175438596491
0.0
0.0425531914894
0.184210526316
0.0416666666667
0.00819672131148
0.0185185185185
0.0
0.0
0.0495867768595
0.0
0.0
0.00724637681159
0.0532319391635
0.0
0.00149476831091
0.00293255131965
0.00485436893204
0.0
0.0
0.00262812089356
0.00243902439024
0.0
0.0
0.0042194092827
0.00884955752212
0.00844205679202
0.00158604282316
0.00325998370008
0.0231213872832
0.0
0.0028818443804
0.00802139037433
0.0
0.0
0.0
0.0
0.0
0.0242214532872
0.00181818181818
0.00709939148073
0.00578034682081
0.00850159404888
0.00760135135135
0.00375234521576
0.00993377483444
0.0275229357798
0.00199203187251
0.00838323353293
0.0150943396226
0.00976290097629
0.0
0.014440433213
0.00613496932515
0.0176151761518
0.00729166666667
0.00223964165733
0.0
0.00986842105263
0.00904977375566
0.029197080292
0.010989010989
0.0
0.00621118012422
0.0158311345646
0.0155172413793
0.0248447204969
0.00610687022901
0.00474833808167
0.00236406619385
0.0
0.00546448087432
0.00200803212851
0.00514138817481
0.0152905198777
0.0115555555556
0.0010752688172
0.004
0.0
0.0147058823529
0.0193798449612
0.0391061452514
0.00134589502019
0.0459641255605
0.00327510917031
0.020202020202
0.0103871576959
0.0194805194805
0.035
0.0219538968167
0.0237288135593
0.00548847420417
0.0246238030096
0.0117056856187
0.0258823529412
0.0251479289941
0.0255362614913
0.0148462354189
0.0160599571734
0.00395882818686
0.00741525423729
0.00568181818182
0.00737463126844
0.0
0.0287009063444
0.0310262529833
0.0293159609121
0.0433436532508
0.052757793765
0.0579268292683
0.0199579831933
0.0137254901961
0.0224828934506
0.00768491834774
0.0190476190476
0.0267558528428
0.0281030444965
0.00224719101124
0.0314285714286
0.0113314447592
0.0217391304348
0.0310880829016
0.0819672131148
0.027149321267
0.0387931034483
0.0518134715026
0.0616438356164
0.0425531914894
0.259414225941
0.078125
0.0247933884298
0.125925925926
0.105263157895
0.25641025641
0.15
0.133333333333
0.19696969697
0.181818181818
0.0677966101695
0.333333333333
0.0921052631579
0.1
0.102040816327
0.275
0.148148148148
0.138888888889
0.0689655172414
0.0532786885246
0.100609756098
0.018018018018
0.046875
0.0377358490566
0.0399061032864
0.0828282828283
0.0296296296296
0.0814332247557
0.0211081794195
0.0299625468165
0.010781671159
0.0380434782609
0.0334507042254
0.0164948453608
0.0348953140578
0.0420168067227
0.01
0.0378250591017
0.0385126162019
0.0371389270977
0.0437665782493
0.0388098318241
0.0416666666667
0.0111940298507
0.0242587601078
0.0315374507227
0.0430939226519
0.0261881668283
0.0468594217348
0.0497427101201
0.0341296928328
0.0119331742243
0.0475504322767
0.0546583850932
0.0293706293706
0.0467532467532
0.043795620438
0.0134529147982
0.0378250591017
0.0169712793734
0.025824964132
0.0135970333745
0.047225501771
0.040490797546
0.0413793103448
0.0455407969639
0.070126227209
0.0358744394619
0.0384615384615
0.0406824146982
0.0490693739425
0.0714285714286
0.108490566038
0.0282608695652
0.0764872521246
0.0683229813665
0.0483870967742
0.0294117647059
0.0813953488372
0.0596026490066
0.0455407969639
0.0355828220859
0.0803080308031
0.0414312617702
0.0478796169631
0.047197640118
0.0301418439716
0.0444444444444
0.0172413793103
0.0399429386591
0.0505050505051
0.0202702702703
0.0342857142857
0.0448717948718
0.0334528076464
0.0510585305106
0.0662983425414
0.0714285714286
0.0261282660333
0.030487804878
0.0905077262693
0.0442225392297
0.0744985673352
0.0491367861886
0.0741626794258
0.0386029411765
0.119658119658
0.0380313199105
0.0698365527489
0.0864553314121
0.0894607843137
0.069423929099
0.0793950850662
0.106100795756
0.061135371179
0.0446927374302
0.0341261633919
0.0787801778907
0.0651515151515
0.0518962075848
0.115384615385
0.105263157895
0.0636574074074
0.0784753363229
0.054211035818
0.0378521126761
0.0300829875519
0.0610687022901
0.100244498778
0.055900621118
0.0551558752998
0.0674373795761
0.0838709677419
0.0385964912281
0.108013937282
0.0994475138122
0.0287958115183
0.0424028268551
0.131067961165
0.0727272727273
0.0793650793651
0.207547169811
0.149253731343
0.062015503876
0.0656934306569
0.112
0.0347826086957
0.103448275862
0.0909090909091
0.161764705882
0.0414507772021
0.0516605166052
0.0643939393939
0.0223880597015
0.0811965811966
0.2
0.3
0.0884955752212
0.0857142857143
0.0890207715134
0.105263157895
0.0431034482759
0.123376623377
0.0625
0.0376712328767
0.0759493670886
0.0861538461538
0.102209944751
0.095406360424
0.0884955752212
0.107344632768
0.0787037037037
0.102719033233
0.126288659794
0.108
0.136054421769
0.093023255814
0.0851063829787
0.08038585209
0.0608365019011
0.0188679245283
0.0811594202899
0.0889570552147
0.0268456375839
0.070796460177
0.0622222222222
0.152173913043
0.129032258065
0.06875
0.128571428571
0.0625
0.102040816327
0.129166666667
