0.047619047619
0.00632911392405
0.0425531914894
0.0545454545455
0.0579710144928
0.0
0.0238095238095
0.00409836065574
0.0333333333333
0.041825095057
0.045871559633
0.05
0.0122699386503
0.00854700854701
0.0142180094787
0.03
0.0360824742268
0.0
0.0
0.0328947368421
0.0212765957447
0.0339805825243
0.0444444444444
0.0160427807487
0.00490196078431
0.037037037037
0.00636942675159
0.0242718446602
0.0386473429952
0.00555555555556
0.0
0.217948717949
0.0153846153846
0.0
0.00943396226415
0.0461538461538
0.010152284264
0.0172413793103
0.0136054421769
0.025974025974
0.00970873786408
0.0612244897959
0.00735294117647
0.0175438596491
0.0117647058824
0.0
0.105263157895
0.0277777777778
0.0
0.0
0.00442477876106
0.0
0.0247933884298
0.0
0.0
0.00724637681159
0.0437262357414
0.0
0.0
0.0
0.00485436893204
0.0
0.0
0.00262812089356
0.0
0.0
0.0
0.0042194092827
0.0070796460177
0.0184190330008
0.0118953211737
0.00488997555012
0.0260115606936
0.00693481276006
0.00576368876081
0.0
0.0
0.0
0.0
0.0
0.0
0.0138408304498
0.00363636363636
0.00405679513185
0.00578034682081
0.00531349628055
0.00675675675676
0.00375234521576
0.0264900662252
0.0229357798165
0.00298804780876
0.0059880239521
0.00503144654088
0.00418410041841
0.0
0.0216606498195
0.0143149284254
0.0162601626016
0.009375
0.00223964165733
0.0025706940874
0.0197368421053
0.0316742081448
0.0705596107056
0.016983016983
0.00234009360374
0.00414078674948
0.0149516270888
0.0275862068966
0.0310559006211
0.00916030534351
0.0
0.016548463357
0.00388098318241
0.00546448087432
0.00200803212851
0.0102827763496
0.0321100917431
0.0257777777778
0.00752688172043
0.012
0.0
0.0210084033613
0.031007751938
0.0446927374302
0.00134589502019
0.0493273542601
0.00982532751092
0.018759018759
0.0132200188857
0.034632034632
0.0533333333333
0.0219538968167
0.0338983050847
0.01317233809
0.03146374829
0.0183946488294
0.0447058823529
0.0325443786982
0.0418794688458
0.0137857900318
0.0299785867238
0.0126682501979
0.00635593220339
0.0113636363636
0.0176991150442
0.00332963374029
0.0483383685801
0.0310262529833
0.0260586319218
0.0712074303406
0.0863309352518
0.0853658536585
0.0231092436975
0.0382352941176
0.0537634408602
0.030739673391
0.04
0.0434782608696
0.0725995316159
0.0292134831461
0.0542857142857
0.0226628895184
0.0688405797101
0.0725388601036
0.0737704918033
0.0361990950226
0.0689655172414
0.0777202072539
0.0753424657534
0.0354609929078
0.28870292887
0.078125
0.0
0.0962962962963
0.0877192982456
0.205128205128
0.175
0.1
0.0454545454545
0.151515151515
0.0169491525424
0.2
0.0657894736842
0.0666666666667
0.0204081632653
0.05
0.12962962963
0.111111111111
0.0965517241379
0.0860655737705
0.115853658537
0.0405405405405
0.015625
0.0377358490566
0.0422535211268
0.0828282828283
0.0311111111111
0.105320304017
0.0369393139842
0.0486891385768
0.0404312668464
0.0597826086957
0.0616197183099
0.0268041237113
0.0448654037886
0.0588235294118
0.0333333333333
0.0661938534279
0.0982735723772
0.050894085282
0.07824933687
0.0608020698577
0.0494791666667
0.0298507462687
0.0323450134771
0.042049934297
0.0530386740331
0.0329776915616
0.0588235294118
0.082332761578
0.0511945392491
0.0381861575179
0.0547550432277
0.0521739130435
0.0405594405594
0.0649350649351
0.0620437956204
0.0134529147982
0.0472813238771
0.0469973890339
0.0373027259684
0.017305315204
0.0767414403778
0.0699386503067
0.0551724137931
0.0891840607211
0.0729312762973
0.0627802690583
0.0673076923077
0.0551181102362
0.082910321489
0.114906832298
0.125
0.0826086956522
0.101983002833
0.083850931677
0.0591397849462
0.0420168067227
0.110465116279
0.0662251655629
0.0721062618596
0.0613496932515
0.122112211221
0.0630885122411
0.0820793433653
0.0619469026549
0.0709219858156
0.0541666666667
0.0331564986737
0.0798858773181
0.0808080808081
0.0256756756757
0.0628571428571
0.102564102564
0.078853046595
0.0983810709838
0.0883977900552
0.0840336134454
0.0427553444181
0.0518292682927
0.0971302428256
0.0912981455064
0.123209169054
0.066401062417
0.111244019139
0.0661764705882
0.122507122507
0.0917225950783
0.0950965824666
0.128242074928
0.137254901961
0.0930576070901
0.111531190926
0.135278514589
0.117903930131
0.0648044692737
0.0703205791107
0.105463786531
0.113636363636
0.0698602794411
0.139423076923
0.123268698061
0.108796296296
0.128923766816
0.110358180058
0.0669014084507
0.0809128630705
0.0839694656489
0.151589242054
0.101449275362
0.119904076739
0.0982658959538
0.122580645161
0.0842105263158
0.18118466899
0.160220994475
0.0706806282723
0.0671378091873
0.150485436893
0.0545454545455
0.103174603175
0.11320754717
0.0746268656716
0.100775193798
0.0802919708029
0.144
0.0869565217391
0.114942528736
0.103896103896
0.176470588235
0.0569948186528
0.0553505535055
0.0643939393939
0.044776119403
0.0940170940171
0.15
0.166666666667
0.070796460177
0.0892857142857
0.100890207715
0.129824561404
0.0603448275862
0.116883116883
0.075
0.041095890411
0.107594936709
0.135384615385
0.118784530387
0.141342756184
0.0619469026549
0.146892655367
0.118055555556
0.117824773414
0.164948453608
0.132
0.166666666667
0.145348837209
0.106382978723
0.11575562701
0.0760456273764
0.0440251572327
0.0840579710145
0.0950920245399
0.0469798657718
0.0840707964602
0.0977777777778
0.201086956522
0.147465437788
0.075
0.142857142857
0.0625
0.0510204081633
0.166666666667
