0.0204081632653
0.00632911392405
0.0212765957447
0.109090909091
0.0869565217391
0.013698630137
0.015873015873
0.00409836065574
0.00952380952381
0.0342205323194
0.0229357798165
0.0125
0.00613496932515
0.0042735042735
0.00947867298578
0.01
0.0103092783505
0.0059880239521
0.0
0.0197368421053
0.0159574468085
0.0194174757282
0.0222222222222
0.00534759358289
0.00980392156863
0.0493827160494
0.00636942675159
0.00485436893204
0.0193236714976
0.0111111111111
0.0
0.15811965812
0.0153846153846
0.0
0.0141509433962
0.0461538461538
0.010152284264
0.0344827586207
0.0272108843537
0.025974025974
0.0194174757282
0.0612244897959
0.0147058823529
0.00877192982456
0.0
0.0531914893617
0.184210526316
0.0277777777778
0.016393442623
0.00925925925926
0.00442477876106
0.0
0.0495867768595
0.0
0.0
0.0048309178744
0.0456273764259
0.0
0.0
0.00439882697947
0.00485436893204
0.0
0.0
0.00262812089356
0.00243902439024
0.0
0.0
0.0042194092827
0.00884955752212
0.0115118956255
0.00555114988105
0.00325998370008
0.0317919075145
0.00138696255201
0.0028818443804
0.00133689839572
0.0
0.0
0.0
0.0
0.0
0.0242214532872
0.00363636363636
0.00912778904665
0.00809248554913
0.00743889479277
0.00675675675676
0.00375234521576
0.0198675496689
0.0275229357798
0.00298804780876
0.0119760479042
0.011320754717
0.00418410041841
0.0
0.028880866426
0.00613496932515
0.0176151761518
0.00729166666667
0.00223964165733
0.0
0.00328947368421
0.0226244343891
0.036496350365
0.013986013986
0.0
0.00414078674948
0.0114335971856
0.025
0.0310559006211
0.00610687022901
0.00569800569801
0.00591016548463
0.0012936610608
0.00327868852459
0.00502008032129
0.0102827763496
0.0122324159021
0.0151111111111
0.00215053763441
0.004
0.0
0.0231092436975
0.031007751938
0.0446927374302
0.00134589502019
0.0437219730942
0.00327510917031
0.018759018759
0.0122757318225
0.025974025974
0.0433333333333
0.0208562019759
0.0271186440678
0.00987925356751
0.0273597811218
0.0183946488294
0.0282352941176
0.0221893491124
0.0326864147089
0.0180275715801
0.0214132762313
0.0055423594616
0.0116525423729
0.0142045454545
0.0132743362832
0.00110987791343
0.0422960725076
0.0214797136038
0.0228013029316
0.0433436532508
0.0767386091127
0.0701219512195
0.0220588235294
0.0186274509804
0.0283479960899
0.0134486071085
0.0238095238095
0.0234113712375
0.0374707259953
0.0157303370787
0.0457142857143
0.014164305949
0.036231884058
0.0466321243523
0.0737704918033
0.0361990950226
0.0560344827586
0.0518134715026
0.0958904109589
0.0567375886525
0.259414225941
0.078125
0.0247933884298
0.125925925926
0.0877192982456
0.25641025641
0.15
0.166666666667
0.106060606061
0.0606060606061
0.101694915254
0.333333333333
0.0921052631579
0.1
0.122448979592
0.15
0.0555555555556
0.12037037037
0.0689655172414
0.0614754098361
0.118902439024
0.018018018018
0.0625
0.0566037735849
0.0469483568075
0.0868686868687
0.0296296296296
0.0901194353963
0.0211081794195
0.0374531835206
0.0161725067385
0.0471014492754
0.0334507042254
0.0257731958763
0.0358923230309
0.0516206482593
0.0133333333333
0.0614657210402
0.058432934927
0.0385144429161
0.0583554376658
0.0439844760673
0.0598958333333
0.0111940298507
0.0323450134771
0.0354796320631
0.0441988950276
0.0310378273521
0.0468594217348
0.0634648370497
0.0409556313993
0.0119331742243
0.0533141210375
0.0546583850932
0.0335664335664
0.0558441558442
0.0602189781022
0.00448430493274
0.0378250591017
0.0313315926893
0.0301291248207
0.0123609394314
0.0649350649351
0.0601226993865
0.0551724137931
0.0531309297913
0.0673211781206
0.0493273542601
0.032967032967
0.0485564304462
0.0592216582064
0.0900621118012
0.120283018868
0.05
0.107648725212
0.0652173913043
0.0537634408602
0.0336134453782
0.116279069767
0.0794701986755
0.0569259962049
0.0453987730061
0.0891089108911
0.0480225988701
0.0560875512996
0.0530973451327
0.0390070921986
0.0458333333333
0.0172413793103
0.058487874465
0.0620490620491
0.0216216216216
0.0371428571429
0.0534188034188
0.0561529271207
0.0647571606476
0.0704419889503
0.0812324929972
0.0332541567696
0.0457317073171
0.0860927152318
0.058487874465
0.104584527221
0.0571049136786
0.0813397129187
0.0625
0.119658119658
0.0536912751678
0.074294205052
0.108069164265
0.100490196078
0.0649926144756
0.102079395085
0.0954907161804
0.0720524017467
0.0469273743017
0.0486039296794
0.0825921219822
0.080303030303
0.0578842315369
0.127403846154
0.117728531856
0.0763888888889
0.107623318386
0.0774443368829
0.044014084507
0.0414937759336
0.0687022900763
0.112469437653
0.0600414078675
0.0743405275779
0.0732177263969
0.094623655914
0.059649122807
0.1393728223
0.149171270718
0.0497382198953
0.0353356890459
0.150485436893
0.0787878787879
0.103174603175
0.207547169811
0.134328358209
0.077519379845
0.0656934306569
0.136
0.0347826086957
0.149425287356
0.116883116883
0.117647058824
0.0466321243523
0.0627306273063
0.0719696969697
0.0261194029851
0.0982905982906
0.183333333333
0.2
0.106194690265
0.0857142857143
0.0949554896142
0.108771929825
0.0603448275862
0.123376623377
0.0625
0.041095890411
0.0854430379747
0.0923076923077
0.113259668508
0.116607773852
0.0796460176991
0.141242937853
0.0856481481481
0.114803625378
0.128865979381
0.108
0.146258503401
0.0988372093023
0.0851063829787
0.0771704180064
0.0608365019011
0.0251572327044
0.0869565217391
0.0858895705521
0.0536912751678
0.0752212389381
0.0888888888889
0.179347826087
0.129032258065
0.0625
0.142857142857
0.0625
0.0918367346939
0.158333333333
