0.0136054421769
0.0126582278481
0.0212765957447
0.109090909091
0.115942028986
0.013698630137
0.0
0.00409836065574
0.0047619047619
0.0304182509506
0.00917431192661
0.0125
0.00613496932515
0.00854700854701
0.00473933649289
0.01
0.0360824742268
0.0179640718563
0.0
0.00657894736842
0.0265957446809
0.0291262135922
0.00888888888889
0.00534759358289
0.00490196078431
0.0246913580247
0.00636942675159
0.0
0.0048309178744
0.0166666666667
0.0
0.145299145299
0.0307692307692
0.0
0.0
0.025641025641
0.010152284264
0.0114942528736
0.0136054421769
0.025974025974
0.0194174757282
0.0340136054422
0.00735294117647
0.0175438596491
0.0352941176471
0.0425531914894
0.184210526316
0.0277777777778
0.00819672131148
0.00925925925926
0.0
0.0
0.0495867768595
0.0
0.0
0.00724637681159
0.0494296577947
0.0
0.00149476831091
0.00293255131965
0.00485436893204
0.0
0.0
0.00262812089356
0.00243902439024
0.0
0.0
0.0042194092827
0.00530973451327
0.00537221795856
0.00158604282316
0.00162999185004
0.0221579961464
0.00138696255201
0.0028818443804
0.00133689839572
0.0
0.0
0.0
0.0
0.0
0.0242214532872
0.00363636363636
0.00709939148073
0.00346820809249
0.00743889479277
0.00760135135135
0.0046904315197
0.00993377483444
0.019877675841
0.00298804780876
0.0131736526946
0.0125786163522
0.00976290097629
0.0
0.0072202166065
0.00613496932515
0.0162601626016
0.00729166666667
0.00223964165733
0.0
0.00657894736842
0.00904977375566
0.0316301703163
0.00699300699301
0.0015600624025
0.00414078674948
0.014072119613
0.0112068965517
0.0248447204969
0.00763358778626
0.00474833808167
0.00472813238771
0.0
0.00546448087432
0.0
0.00514138817481
0.00764525993884
0.0106666666667
0.00215053763441
0.00666666666667
0.0
0.0126050420168
0.0271317829457
0.0372439478585
0.00134589502019
0.042600896861
0.00545851528384
0.020202020202
0.0103871576959
0.0194805194805
0.0316666666667
0.0252469813392
0.0237288135593
0.00987925356751
0.0218878248974
0.0066889632107
0.0282352941176
0.0192307692308
0.0214504596527
0.0106044538706
0.0182012847966
0.00395882818686
0.00953389830508
0.0113636363636
0.00737463126844
0.0
0.0271903323263
0.0310262529833
0.0293159609121
0.0371517027864
0.0575539568345
0.0503048780488
0.0147058823529
0.0127450980392
0.019550342131
0.00480307396734
0.0180952380952
0.0200668896321
0.0257611241218
0.00898876404494
0.0342857142857
0.0113314447592
0.0326086956522
0.020725388601
0.0655737704918
0.0226244343891
0.0344827586207
0.0466321243523
0.0479452054795
0.0354609929078
0.242677824268
0.09375
0.0247933884298
0.125925925926
0.105263157895
0.205128205128
0.15
0.166666666667
0.242424242424
0.0606060606061
0.0677966101695
0.333333333333
0.0921052631579
0.1
0.102040816327
0.15
0.037037037037
0.101851851852
0.0620689655172
0.0532786885246
0.0914634146341
0.0315315315315
0.046875
0.0330188679245
0.0422535211268
0.0727272727273
0.0222222222222
0.0694896851249
0.0263852242744
0.0299625468165
0.0134770889488
0.0344202898551
0.0352112676056
0.020618556701
0.0269192422732
0.0384153661465
0.01
0.0354609929078
0.0358565737052
0.0343878954608
0.0291777188329
0.0349288486417
0.0338541666667
0.0111940298507
0.0215633423181
0.0315374507227
0.0397790055249
0.0252182347236
0.0428713858425
0.0514579759863
0.0238907849829
0.00715990453461
0.0461095100865
0.0447204968944
0.027972027972
0.0428571428571
0.0401459854015
0.00896860986547
0.0354609929078
0.0156657963446
0.0243902439024
0.0111248454883
0.0425029515939
0.039263803681
0.0310344827586
0.0455407969639
0.0617110799439
0.0269058295964
0.0370879120879
0.0406824146982
0.0490693739425
0.0652173913043
0.0966981132075
0.0304347826087
0.0764872521246
0.0652173913043
0.0430107526882
0.0210084033613
0.0697674418605
0.0629139072848
0.0455407969639
0.0368098159509
0.0726072607261
0.0386064030132
0.0355677154583
0.0412979351032
0.0354609929078
0.0319444444444
0.0145888594164
0.0285306704708
0.047619047619
0.0175675675676
0.0257142857143
0.0405982905983
0.0250896057348
0.0386052303861
0.0718232044199
0.0700280112045
0.0237529691211
0.0365853658537
0.0706401766004
0.0413694721826
0.0616045845272
0.0358565737052
0.0693779904306
0.0459558823529
0.111111111111
0.0335570469799
0.0609212481426
0.0878962536023
0.0747549019608
0.0590841949778
0.0642722117202
0.0875331564987
0.0436681222707
0.0368715083799
0.0227507755946
0.0749682337992
0.0606060606061
0.0359281437126
0.117788461538
0.0941828254848
0.0613425925926
0.0594170403587
0.0454985479187
0.0343309859155
0.0280082987552
0.0687022900763
0.0929095354523
0.0496894409938
0.0599520383693
0.0500963391137
0.0666666666667
0.0350877192982
0.0975609756098
0.0745856353591
0.0287958115183
0.0318021201413
0.131067961165
0.0666666666667
0.0952380952381
0.207547169811
0.119402985075
0.062015503876
0.0656934306569
0.112
0.0347826086957
0.126436781609
0.12987012987
0.132352941176
0.0414507772021
0.0516605166052
0.0568181818182
0.0223880597015
0.0811965811966
0.2
0.266666666667
0.0884955752212
0.0857142857143
0.0771513353116
0.0947368421053
0.0301724137931
0.123376623377
0.0625
0.0308219178082
0.0791139240506
0.0892307692308
0.0966850828729
0.0883392226148
0.0619469026549
0.0790960451977
0.0648148148148
0.0906344410876
0.113402061856
0.104
0.125850340136
0.093023255814
0.0765957446809
0.0707395498392
0.0608365019011
0.0188679245283
0.0724637681159
0.0736196319018
0.0268456375839
0.0619469026549
0.0755555555556
0.152173913043
0.129032258065
0.05625
0.121428571429
0.0625
0.102040816327
0.120833333333
