0.0136054421769
0.0126582278481
0.0106382978723
0.109090909091
0.0869565217391
0.013698630137
0.015873015873
0.0
0.0047619047619
0.0304182509506
0.0275229357798
0.0125
0.00613496932515
0.00854700854701
0.00473933649289
0.01
0.0103092783505
0.0059880239521
0.0
0.0131578947368
0.0
0.0291262135922
0.0222222222222
0.00534759358289
0.00980392156863
0.0123456790123
0.00636942675159
0.0
0.0144927536232
0.00555555555556
0.0
0.15811965812
0.0153846153846
0.0
0.00471698113208
0.0461538461538
0.010152284264
0.0229885057471
0.0136054421769
0.025974025974
0.0194174757282
0.0408163265306
0.0147058823529
0.00877192982456
0.0
0.0425531914894
0.184210526316
0.0416666666667
0.00819672131148
0.0185185185185
0.0
0.0
0.0495867768595
0.0
0.0
0.00724637681159
0.0494296577947
0.0
0.0
0.00293255131965
0.00485436893204
0.0
0.0
0.00262812089356
0.00243902439024
0.0
0.0
0.0042194092827
0.00530973451327
0.00844205679202
0.00317208564631
0.00162999185004
0.0279383429672
0.0
0.0028818443804
0.00401069518717
0.0
0.0
0.0
0.0
0.0
0.0242214532872
0.00727272727273
0.00709939148073
0.00578034682081
0.00743889479277
0.00760135135135
0.00375234521576
0.0165562913907
0.0244648318043
0.00498007968127
0.0107784431138
0.0100628930818
0.00418410041841
0.0
0.014440433213
0.00613496932515
0.0176151761518
0.00729166666667
0.00223964165733
0.0
0.00328947368421
0.0226244343891
0.0340632603406
0.00999000999001
0.0
0.00621118012422
0.0158311345646
0.0181034482759
0.0248447204969
0.00763358778626
0.00474833808167
0.00472813238771
0.00388098318241
0.00327868852459
0.00200803212851
0.0102827763496
0.0107033639144
0.008
0.0
0.00933333333333
0.0
0.0210084033613
0.0193798449612
0.0353817504655
0.00134589502019
0.0482062780269
0.00327510917031
0.020202020202
0.0160528800755
0.0194805194805
0.045
0.0175631174533
0.0237288135593
0.0109769484083
0.0246238030096
0.0100334448161
0.0305882352941
0.0251479289941
0.0275791624106
0.0137857900318
0.0139186295503
0.00395882818686
0.00847457627119
0.0113636363636
0.00737463126844
0.00221975582686
0.0392749244713
0.0214797136038
0.0325732899023
0.046439628483
0.0647482014388
0.0670731707317
0.0241596638655
0.0176470588235
0.0273704789834
0.00960614793468
0.0257142857143
0.0167224080268
0.0327868852459
0.0134831460674
0.04
0.0226628895184
0.036231884058
0.0259067357513
0.0819672131148
0.0361990950226
0.0560344827586
0.0518134715026
0.0958904109589
0.0496453900709
0.251046025105
0.09375
0.0247933884298
0.125925925926
0.0877192982456
0.25641025641
0.15
0.166666666667
0.19696969697
0.181818181818
0.101694915254
0.333333333333
0.0921052631579
0.1
0.0816326530612
0.275
0.037037037037
0.12037037037
0.0620689655172
0.0573770491803
0.0975609756098
0.0315315315315
0.0625
0.061320754717
0.0492957746479
0.0828282828283
0.0296296296296
0.0868621064061
0.0250659630607
0.0299625468165
0.0161725067385
0.0452898550725
0.0492957746479
0.0216494845361
0.0348953140578
0.0504201680672
0.0133333333333
0.0520094562648
0.0491367861886
0.0371389270977
0.0543766578249
0.0452781371281
0.0598958333333
0.0111940298507
0.0350404312668
0.0354796320631
0.0419889502762
0.0281280310378
0.0468594217348
0.065180102916
0.0409556313993
0.0119331742243
0.0533141210375
0.055900621118
0.0377622377622
0.0467532467532
0.0565693430657
0.00448430493274
0.0378250591017
0.0221932114883
0.0301291248207
0.0123609394314
0.060212514758
0.0515337423313
0.0448275862069
0.0512333965844
0.0673211781206
0.0463378176383
0.0302197802198
0.0459317585302
0.0490693739425
0.083850931677
0.122641509434
0.0391304347826
0.0934844192635
0.0527950310559
0.0349462365591
0.0378151260504
0.110465116279
0.0596026490066
0.0531309297913
0.0368098159509
0.0836083608361
0.0470809792844
0.0492476060192
0.0442477876106
0.0425531914894
0.05
0.0225464190981
0.0527817403709
0.0548340548341
0.0216216216216
0.0314285714286
0.0448717948718
0.0477897252091
0.0597758405978
0.0732044198895
0.0742296918768
0.0332541567696
0.0335365853659
0.0927152317881
0.0513552068474
0.0888252148997
0.0571049136786
0.0813397129187
0.0496323529412
0.122507122507
0.0402684563758
0.0638930163447
0.0994236311239
0.0906862745098
0.0679468242245
0.0756143667297
0.103448275862
0.0720524017467
0.0458100558659
0.0392967942089
0.0825921219822
0.0727272727273
0.0439121756487
0.125
0.108033240997
0.068287037037
0.10201793722
0.0696999031946
0.0387323943662
0.0352697095436
0.0610687022901
0.102689486553
0.0703933747412
0.0695443645084
0.0732177263969
0.0795698924731
0.059649122807
0.135888501742
0.10773480663
0.0392670157068
0.0247349823322
0.140776699029
0.0606060606061
0.103174603175
0.207547169811
0.179104477612
0.077519379845
0.0802919708029
0.112
0.0347826086957
0.149425287356
0.116883116883
0.132352941176
0.0518134715026
0.0627306273063
0.0568181818182
0.0261194029851
0.0982905982906
0.183333333333
0.266666666667
0.106194690265
0.0857142857143
0.0949554896142
0.101754385965
0.0474137931034
0.123376623377
0.06875
0.041095890411
0.0886075949367
0.0861538461538
0.102209944751
0.116607773852
0.0973451327434
0.112994350282
0.0810185185185
0.105740181269
0.131443298969
0.108
0.139455782313
0.110465116279
0.0851063829787
0.08038585209
0.0684410646388
0.0220125786164
0.0782608695652
0.0766871165644
0.0469798657718
0.070796460177
0.0888888888889
0.163043478261
0.129032258065
0.05625
0.128571428571
0.0625
0.0918367346939
0.158333333333
