0.0272108843537
0.00632911392405
0.0212765957447
0.0727272727273
0.130434782609
0.027397260274
0.015873015873
0.0
0.0238095238095
0.0380228136882
0.0275229357798
0.05
0.0122699386503
0.0128205128205
0.0189573459716
0.01
0.0103092783505
0.0059880239521
0.0
0.00657894736842
0.0
0.0242718446602
0.0311111111111
0.00534759358289
0.00980392156863
0.0246913580247
0.00636942675159
0.0145631067961
0.024154589372
0.0111111111111
0.0
0.209401709402
0.0153846153846
0.0
0.0141509433962
0.0461538461538
0.010152284264
0.0172413793103
0.0204081632653
0.0
0.0194174757282
0.0544217687075
0.0147058823529
0.00877192982456
0.0235294117647
0.0425531914894
0.105263157895
0.0277777777778
0.00819672131148
0.00925925925926
0.00442477876106
0.0
0.0413223140496
0.0
0.0
0.0048309178744
0.0532319391635
0.0
0.0
0.00146627565982
0.00485436893204
0.0
0.0
0.00262812089356
0.00243902439024
0.0
0.0
0.0042194092827
0.0106194690265
0.0153491941673
0.0071371927042
0.0040749796251
0.0308285163776
0.00416088765603
0.0028818443804
0.0
0.0
0.0
0.0
0.0
0.0
0.0242214532872
0.00545454545455
0.00608519269777
0.00578034682081
0.00743889479277
0.00675675675676
0.00375234521576
0.0264900662252
0.0351681957187
0.00398406374502
0.014371257485
0.011320754717
0.00697350069735
0.0
0.0216606498195
0.00613496932515
0.0176151761518
0.0114583333333
0.00223964165733
0.0025706940874
0.0197368421053
0.0316742081448
0.0462287104623
0.016983016983
0.00312012480499
0.00621118012422
0.014072119613
0.0241379310345
0.0310559006211
0.00610687022901
0.00379867046534
0.0106382978723
0.00388098318241
0.00327868852459
0.00401606425703
0.0179948586118
0.0244648318043
0.0168888888889
0.0010752688172
0.00933333333333
0.0
0.0252100840336
0.0232558139535
0.0428305400372
0.00134589502019
0.0504484304933
0.00873362445415
0.018759018759
0.014164305949
0.0367965367965
0.05
0.0186608122942
0.025988700565
0.00878155872667
0.0287277701778
0.0150501672241
0.0305882352941
0.0281065088757
0.0337078651685
0.016967126193
0.0224839400428
0.00712589073634
0.00529661016949
0.00852272727273
0.0117994100295
0.00332963374029
0.0438066465257
0.0190930787589
0.0358306188925
0.0402476780186
0.0647482014388
0.0640243902439
0.0199579831933
0.0333333333333
0.0381231671554
0.0240153698367
0.032380952381
0.0434782608696
0.0515222482436
0.0179775280899
0.0457142857143
0.0198300283286
0.054347826087
0.0466321243523
0.0573770491803
0.0452488687783
0.0689655172414
0.0621761658031
0.0684931506849
0.0425531914894
0.301255230126
0.078125
0.0165289256198
0.125925925926
0.0877192982456
0.230769230769
0.15
0.2
0.227272727273
0.0606060606061
0.0847457627119
0.222222222222
0.0657894736842
0.1
0.0816326530612
0.05
0.0925925925926
0.101851851852
0.0965517241379
0.0614754098361
0.121951219512
0.0405405405405
0.0234375
0.061320754717
0.0516431924883
0.0868686868687
0.0251851851852
0.103148751357
0.0263852242744
0.0374531835206
0.0269541778976
0.054347826087
0.056338028169
0.0288659793814
0.0418743768694
0.0576230492197
0.02
0.0685579196217
0.0730411686587
0.041265474553
0.0649867374005
0.0517464424321
0.0520833333333
0.0186567164179
0.0404312668464
0.0354796320631
0.0508287292818
0.0281280310378
0.0548354935194
0.073756432247
0.0580204778157
0.0119331742243
0.0547550432277
0.0521739130435
0.0433566433566
0.0623376623377
0.0602189781022
0.00448430493274
0.0401891252955
0.0352480417755
0.0373027259684
0.0197775030902
0.0684769775679
0.0588957055215
0.0448275862069
0.0683111954459
0.0687237026648
0.0612855007474
0.0521978021978
0.0538057742782
0.072758037225
0.083850931677
0.129716981132
0.0608695652174
0.101983002833
0.0807453416149
0.0564516129032
0.0378151260504
0.116279069767
0.0695364238411
0.0721062618596
0.0539877300613
0.100110011001
0.0527306967985
0.0670314637483
0.0530973451327
0.0620567375887
0.0555555555556
0.0238726790451
0.074179743224
0.0620490620491
0.0283783783784
0.0628571428571
0.0747863247863
0.0716845878136
0.0734744707347
0.0801104972376
0.0826330532213
0.0403800475059
0.0457317073171
0.0993377483444
0.0756062767475
0.113180515759
0.058432934927
0.0921052631579
0.0625
0.128205128205
0.0738255033557
0.0772659732541
0.119596541787
0.106617647059
0.0768094534712
0.100189035917
0.10875331565
0.0960698689956
0.0581005586592
0.0599793174767
0.0927573062262
0.0954545454545
0.0738522954092
0.129807692308
0.123268698061
0.0972222222222
0.124439461883
0.0919651500484
0.0572183098592
0.0601659751037
0.0687022900763
0.124694376528
0.0848861283644
0.0983213429257
0.0732177263969
0.094623655914
0.080701754386
0.15331010453
0.146408839779
0.0628272251309
0.0530035335689
0.135922330097
0.0545454545455
0.0873015873016
0.132075471698
0.149253731343
0.093023255814
0.0948905109489
0.144
0.0608695652174
0.149425287356
0.103896103896
0.132352941176
0.0518134715026
0.070110701107
0.0530303030303
0.0410447761194
0.0811965811966
0.183333333333
0.166666666667
0.0884955752212
0.0857142857143
0.0979228486647
0.105263157895
0.051724137931
0.12987012987
0.0875
0.041095890411
0.0917721518987
0.0984615384615
0.113259668508
0.120141342756
0.070796460177
0.141242937853
0.099537037037
0.114803625378
0.149484536082
0.108
0.156462585034
0.104651162791
0.0851063829787
0.096463022508
0.0722433460076
0.0377358490566
0.0811594202899
0.0981595092025
0.0469798657718
0.0840707964602
0.0711111111111
0.190217391304
0.129032258065
0.0625
0.142857142857
0.0625
0.0612244897959
0.1625
