0.0204081632653
0.0126582278481
0.0212765957447
0.109090909091
0.0869565217391
0.027397260274
0.015873015873
0.00819672131148
0.00952380952381
0.0342205323194
0.0229357798165
0.0125
0.00613496932515
0.0042735042735
0.00473933649289
0.01
0.0103092783505
0.0119760479042
0.0
0.0131578947368
0.0159574468085
0.0291262135922
0.0222222222222
0.00534759358289
0.00980392156863
0.0246913580247
0.00636942675159
0.0
0.0144927536232
0.0277777777778
0.0
0.15811965812
0.0153846153846
0.0
0.00471698113208
0.0461538461538
0.010152284264
0.0172413793103
0.0272108843537
0.025974025974
0.0194174757282
0.0612244897959
0.0147058823529
0.0175438596491
0.0
0.0531914893617
0.184210526316
0.0277777777778
0.00819672131148
0.0185185185185
0.0
0.0
0.0495867768595
0.0
0.0
0.00724637681159
0.0532319391635
0.0
0.0
0.00293255131965
0.00485436893204
0.0
0.0
0.00525624178712
0.00243902439024
0.0
0.0
0.0042194092827
0.0070796460177
0.00997697620875
0.00475812846947
0.00325998370008
0.028901734104
0.00138696255201
0.0028818443804
0.00401069518717
0.0
0.0
0.0
0.0
0.0
0.0242214532872
0.00181818181818
0.0111561866126
0.00809248554913
0.00850159404888
0.00675675675676
0.0046904315197
0.023178807947
0.019877675841
0.00298804780876
0.0119760479042
0.00754716981132
0.00418410041841
0.0
0.028880866426
0.00613496932515
0.0135501355014
0.00729166666667
0.00223964165733
0.0
0.00328947368421
0.0135746606335
0.043795620438
0.012987012987
0.0
0.00207039337474
0.0158311345646
0.0206896551724
0.0248447204969
0.00763358778626
0.00569800569801
0.00472813238771
0.0025873221216
0.00327868852459
0.0
0.0154241645244
0.0122324159021
0.00977777777778
0.0
0.00666666666667
0.0
0.0210084033613
0.0232558139535
0.0335195530726
0.00134589502019
0.0470852017937
0.00436681222707
0.018759018759
0.0188857412653
0.025974025974
0.0433333333333
0.0175631174533
0.0316384180791
0.00878155872667
0.0218878248974
0.0167224080268
0.0235294117647
0.0266272189349
0.0296220633299
0.0137857900318
0.0192719486081
0.0055423594616
0.00741525423729
0.0170454545455
0.0147492625369
0.00110987791343
0.0422960725076
0.0214797136038
0.0293159609121
0.0433436532508
0.0695443645084
0.0655487804878
0.0262605042017
0.021568627451
0.0224828934506
0.0134486071085
0.0228571428571
0.0301003344482
0.0374707259953
0.0134831460674
0.0428571428571
0.0198300283286
0.0289855072464
0.0414507772021
0.0737704918033
0.0316742081448
0.0603448275862
0.0518134715026
0.0958904109589
0.0496453900709
0.246861924686
0.09375
0.0247933884298
0.125925925926
0.0877192982456
0.25641025641
0.15
0.166666666667
0.19696969697
0.181818181818
0.101694915254
0.333333333333
0.0921052631579
0.1
0.122448979592
0.15
0.0555555555556
0.12037037037
0.0758620689655
0.0614754098361
0.115853658537
0.018018018018
0.0625
0.061320754717
0.0492957746479
0.0868686868687
0.0296296296296
0.0901194353963
0.0263852242744
0.0374531835206
0.0161725067385
0.0507246376812
0.0422535211268
0.0278350515464
0.036889332004
0.0504201680672
0.0133333333333
0.0614657210402
0.0544488711819
0.0385144429161
0.0583554376658
0.0401034928849
0.0416666666667
0.0111940298507
0.0323450134771
0.0354796320631
0.0441988950276
0.0281280310378
0.0468594217348
0.0600343053173
0.0443686006826
0.0119331742243
0.0533141210375
0.0571428571429
0.0433566433566
0.0558441558442
0.0565693430657
0.00448430493274
0.0378250591017
0.0248041775457
0.025824964132
0.0123609394314
0.0566706021251
0.0564417177914
0.0586206896552
0.0512333965844
0.0673211781206
0.0433482810164
0.0357142857143
0.0485564304462
0.0558375634518
0.0900621118012
0.120283018868
0.0478260869565
0.0991501416431
0.0621118012422
0.0430107526882
0.0294117647059
0.116279069767
0.0794701986755
0.0531309297913
0.0478527607362
0.0858085808581
0.0480225988701
0.0519835841313
0.0530973451327
0.0443262411348
0.0458333333333
0.0225464190981
0.0570613409415
0.0548340548341
0.0189189189189
0.04
0.0576923076923
0.0549581839904
0.0647571606476
0.0704419889503
0.0826330532213
0.0332541567696
0.0426829268293
0.0860927152318
0.058487874465
0.0945558739255
0.058432934927
0.0837320574163
0.0514705882353
0.128205128205
0.0447427293065
0.0683506686478
0.108069164265
0.0992647058824
0.0620384047267
0.0982986767486
0.100795755968
0.0720524017467
0.0435754189944
0.047569803516
0.0813214739517
0.080303030303
0.0518962075848
0.129807692308
0.1108033241
0.0763888888889
0.105381165919
0.0764762826718
0.044014084507
0.0404564315353
0.0687022900763
0.112469437653
0.0600414078675
0.0647482014388
0.0655105973025
0.0860215053763
0.0666666666667
0.146341463415
0.124309392265
0.0523560209424
0.0318021201413
0.150485436893
0.0787878787879
0.103174603175
0.207547169811
0.134328358209
0.0697674418605
0.0656934306569
0.136
0.0434782608696
0.149425287356
0.116883116883
0.117647058824
0.0518134715026
0.0627306273063
0.0643939393939
0.0261194029851
0.0982905982906
0.183333333333
0.2
0.106194690265
0.0857142857143
0.0949554896142
0.108771929825
0.0474137931034
0.123376623377
0.0625
0.0376712328767
0.0854430379747
0.0923076923077
0.10773480663
0.116607773852
0.0973451327434
0.141242937853
0.0810185185185
0.114803625378
0.136597938144
0.108
0.15306122449
0.0988372093023
0.0851063829787
0.08038585209
0.0608365019011
0.0220125786164
0.0811594202899
0.0858895705521
0.0469798657718
0.0796460176991
0.0888888888889
0.173913043478
0.129032258065
0.0625
0.142857142857
0.0625
0.0918367346939
0.145833333333
