0.0748299319728
0.00632911392405
0.0957446808511
0.0
0.0
0.0
0.047619047619
0.139344262295
0.157142857143
0.121673003802
0.123853211009
0.0
0.0368098159509
0.0982905982906
0.132701421801
0.15
0.128865979381
0.119760479042
0.0
0.0328947368421
0.122340425532
0.160194174757
0.115555555556
0.112299465241
0.0637254901961
0.0
0.0382165605096
0.0728155339806
0.111111111111
0.111111111111
0.0759493670886
0.235042735043
0.0
0.0
0.0754716981132
0.0564102564103
0.137055837563
0.183908045977
0.108843537415
0.038961038961
0.0388349514563
0.156462585034
0.0441176470588
0.0964912280702
0.0588235294118
0.0425531914894
0.0
0.0
0.016393442623
0.0185185185185
0.0
0.0
0.0578512396694
0.0
0.0037037037037
0.0193236714976
0.0399239543726
0.0133111480865
0.0209267563528
0.0190615835777
0.0145631067961
0.030303030303
0.048275862069
0.042049934297
0.0268292682927
0.0558598028478
0.0529411764706
0.0084388185654
0.0902654867257
0.0590943975441
0.0229976209358
0.0603096984515
0.0529865125241
0.0471567267684
0.0345821325648
0.0494652406417
0.00769888793841
0.01100513573
0.00973782771536
0.0157998683344
0.0497185741088
0.0103806228374
0.0545454545455
0.0283975659229
0.0208092485549
0.0531349628055
0.0481418918919
0.129455909944
0.0529801324503
0.128440366972
0.0727091633466
0.0706586826347
0.0540880503145
0.0264993026499
0.0040733197556
0.0469314079422
0.147239263804
0.0758807588076
0.129166666667
0.0649496080627
0.0514138817481
0.125
0.0950226244344
0.153284671533
0.11988011988
0.0787831513261
0.047619047619
0.0615655233069
0.214655172414
0.0621118012422
0.145038167939
0.0940170940171
0.0756501182033
0.0672703751617
0.0524590163934
0.066265060241
0.0539845758355
0.180428134557
0.128
0.0591397849462
0.0533333333333
0.0779702970297
0.0756302521008
0.0736434108527
0.180633147114
0.064602960969
0.0807174887892
0.0862445414847
0.106060606061
0.161473087819
0.106060606061
0.2
0.0900109769484
0.105084745763
0.140504939627
0.09439124487
0.0886287625418
0.0823529411765
0.158284023669
0.104187946885
0.0530222693531
0.103854389722
0.112430720507
0.140889830508
0.0681818181818
0.113569321534
0.0488346281909
0.0876132930514
0.0930787589499
0.0944625407166
0.179566563467
0.220623501199
0.231707317073
0.0955882352941
0.154901960784
0.1642228739
0.11623439001
0.157142857143
0.110367892977
0.234192037471
0.0494382022472
0.111428571429
0.0509915014164
0.0797101449275
0.00518134715026
0.0491803278689
0.0542986425339
0.0387931034483
0.0621761658031
0.0205479452055
0.0496453900709
0.255230125523
0.0
0.00826446280992
0.0
0.0175438596491
0.025641025641
0.05
0.0666666666667
0.0151515151515
0.030303030303
0.0
0.0
0.0
0.0
0.0
0.0
0.0555555555556
0.0740740740741
0.0965517241379
0.110655737705
0.0975609756098
0.144144144144
0.015625
0.108490566038
0.0704225352113
0.121212121212
0.0785185185185
0.129207383279
0.146437994723
0.0823970037453
0.148247978437
0.132246376812
0.161971830986
0.150515463918
0.101694915254
0.130852340936
0.0566666666667
0.16548463357
0.128818061089
0.0990371389271
0.103448275862
0.111254851229
0.0755208333333
0.123134328358
0.134770889488
0.0906701708279
0.0883977900552
0.0766246362755
0.0747756729811
0.0840480274443
0.0853242320819
0.167064439141
0.129682997118
0.126708074534
0.0993006993007
0.0961038961039
0.149635036496
0.0717488789238
0.151300236407
0.140992167102
0.0487804878049
0.0914709517923
0.106257378985
0.19509202454
0.110344827586
0.231499051233
0.194950911641
0.140508221226
0.177197802198
0.0918635170604
0.187817258883
0.198757763975
0.278301886792
0.215217391304
0.169971671388
0.108695652174
0.118279569892
0.0924369747899
0.110465116279
0.211920529801
0.14990512334
0.158282208589
0.254125412541
0.177966101695
0.21340629275
0.135693215339
0.274822695035
0.1375
0.152519893899
0.168330955777
0.193362193362
0.155405405405
0.182857142857
0.258547008547
0.217443249701
0.224159402242
0.165745856354
0.200280112045
0.133016627078
0.134146341463
0.286975717439
0.179743223966
0.196275071633
0.144754316069
0.177033492823
0.174632352941
0.173789173789
0.170022371365
0.166419019316
0.177233429395
0.234068627451
0.150664697194
0.245746691871
0.214854111406
0.281659388646
0.210055865922
0.197518097208
0.175349428208
0.171212121212
0.14371257485
0.245192307692
0.290858725762
0.226851851852
0.245515695067
0.229428848015
0.130281690141
0.202282157676
0.0839694656489
0.303178484108
0.142857142857
0.167865707434
0.16570327553
0.12688172043
0.0982456140351
0.264808362369
0.32320441989
0.175392670157
0.0918727915194
0.155339805825
0.0848484848485
0.0714285714286
0.0
0.0
0.162790697674
0.109489051095
0.144
0.130434782609
0.0574712643678
0.025974025974
0.0882352941176
0.113989637306
0.132841328413
0.0833333333333
0.100746268657
0.0811965811966
0.0
0.05
0.0619469026549
0.135714285714
0.169139465875
0.129824561404
0.120689655172
0.0649350649351
0.13125
0.0890410958904
0.132911392405
0.150769230769
0.140883977901
0.144876325088
0.0265486725664
0.220338983051
0.233796296296
0.0906344410876
0.172680412371
0.108
0.207482993197
0.18023255814
0.268085106383
0.106109324759
0.106463878327
0.141509433962
0.24347826087
0.159509202454
0.0335570469799
0.154867256637
0.106666666667
0.277173913043
0.207373271889
0.09375
0.2
0.0125
0.0
0.195833333333
