0.0204081632653
0.0
0.0
0.0
0.0
0.0
0.0
0.0901639344262
0.0333333333333
0.0456273764259
0.0321100917431
0.0
0.0
0.00854700854701
0.0236966824645
0.01
0.0721649484536
0.0059880239521
0.0
0.0
0.0106382978723
0.0533980582524
0.04
0.0588235294118
0.0
0.0
0.0
0.0339805825243
0.048309178744
0.00555555555556
0.0126582278481
0.205128205128
0.0
0.0
0.0283018867925
0.0410256410256
0.0558375634518
0.0747126436782
0.0272108843537
0.0
0.00970873786408
0.0680272108844
0.00735294117647
0.0175438596491
0.0
0.0106382978723
0.0
0.0
0.0
0.0
0.0
0.0
0.0247933884298
0.0
0.0
0.0
0.032319391635
0.0
0.0
0.0
0.00485436893204
0.0
0.0
0.00525624178712
0.00975609756098
0.0
0.0
0.0
0.00530973451327
0.0268610897928
0.00396510705789
0.00244498777506
0.0308285163776
0.0277392510402
0.0
0.0
0.000855431993157
0.0
0.0
0.0
0.0
0.0
0.0
0.0111561866126
0.00346820809249
0.0106269925611
0.00168918918919
0.0
0.0165562913907
0.0107033639144
0.00996015936255
0.0239520958084
0.0
0.00557880055788
0.0
0.0180505415162
0.0245398773006
0.0108401084011
0.021875
0.0
0.0154241645244
0.0197368421053
0.027149321267
0.0802919708029
0.018981018981
0.00312012480499
0.00310559006211
0.0211081794195
0.0448275862069
0.0124223602484
0.0213740458015
0.00664767331434
0.0260047281324
0.00517464424321
0.016393442623
0.0
0.0102827763496
0.0428134556575
0.0168888888889
0.0451612903226
0.00133333333333
0.0049504950495
0.0231092436975
0.031007751938
0.0614525139665
0.00403768506057
0.0403587443946
0.00982532751092
0.0310245310245
0.0236071765817
0.038961038961
0.08
0.0472008781559
0.0440677966102
0.0384193194292
0.0328317373461
0.0317725752508
0.0258823529412
0.0488165680473
0.0357507660878
0.0212089077413
0.03426124197
0.0182106096595
0.00741525423729
0.0113636363636
0.0132743362832
0.00665926748058
0.0619335347432
0.0453460620525
0.0390879478827
0.0928792569659
0.124700239808
0.111280487805
0.0451680672269
0.0686274509804
0.0645161290323
0.0528338136407
0.0609523809524
0.0535117056856
0.126463700234
0.0337078651685
0.06
0.014164305949
0.0434782608696
0.0155440414508
0.0327868852459
0.0226244343891
0.0387931034483
0.0362694300518
0.00684931506849
0.0567375886525
0.18410041841
0.03125
0.0
0.0962962962963
0.0175438596491
0.0512820512821
0.05
0.0333333333333
0.030303030303
0.030303030303
0.0
0.0
0.0
0.0333333333333
0.0
0.0
0.037037037037
0.037037037037
0.0551724137931
0.0737704918033
0.0792682926829
0.0945945945946
0.0078125
0.0518867924528
0.037558685446
0.0949494949495
0.0666666666667
0.0933767643865
0.0712401055409
0.0374531835206
0.0485175202156
0.0507246376812
0.0757042253521
0.0536082474227
0.0568295114656
0.0600240096038
0.03
0.0661938534279
0.111553784861
0.0591471801926
0.0862068965517
0.0737386804657
0.0416666666667
0.0410447761194
0.0512129380054
0.0578186596583
0.0574585635359
0.0523763336566
0.0658025922233
0.0720411663808
0.0546075085324
0.0715990453461
0.0806916426513
0.0534161490683
0.0643356643357
0.0766233766234
0.100364963504
0.0134529147982
0.0543735224586
0.0678851174935
0.0301291248207
0.0395550061805
0.0838252656434
0.104294478528
0.0862068965517
0.11954459203
0.0981767180926
0.0866965620329
0.10989010989
0.0734908136483
0.108291032149
0.124223602484
0.176886792453
0.115217391304
0.133144475921
0.0714285714286
0.0591397849462
0.063025210084
0.0813953488372
0.0662251655629
0.0853889943074
0.0883435582822
0.172717271727
0.0998116760829
0.121751025992
0.0766961651917
0.129432624113
0.0666666666667
0.053050397878
0.118402282454
0.126984126984
0.0527027027027
0.108571428571
0.162393162393
0.114695340502
0.14196762142
0.113259668508
0.121848739496
0.0546318289786
0.109756097561
0.14348785872
0.11697574893
0.156160458453
0.100929614874
0.117224880383
0.0827205882353
0.131054131054
0.0984340044743
0.130757800892
0.14553314121
0.18137254902
0.115214180207
0.158790170132
0.16976127321
0.174672489083
0.116201117318
0.123061013444
0.137229987294
0.154545454545
0.105788423154
0.182692307692
0.167590027701
0.15625
0.17600896861
0.150048402711
0.0836267605634
0.133817427386
0.0992366412214
0.200488997555
0.11801242236
0.112709832134
0.119460500963
0.120430107527
0.112280701754
0.212543554007
0.190607734807
0.0968586387435
0.0742049469965
0.145631067961
0.0484848484848
0.103174603175
0.0
0.0149253731343
0.131782945736
0.0948905109489
0.104
0.0347826086957
0.0689655172414
0.038961038961
0.102941176471
0.0777202072539
0.0738007380074
0.0454545454545
0.0746268656716
0.0897435897436
0.0666666666667
0.0833333333333
0.00884955752212
0.0857142857143
0.106824925816
0.164912280702
0.0775862068966
0.0584415584416
0.09375
0.0513698630137
0.123417721519
0.144615384615
0.132596685083
0.141342756184
0.0176991150442
0.141242937853
0.125
0.108761329305
0.167525773196
0.088
0.142857142857
0.116279069767
0.2
0.0996784565916
0.0912547528517
0.0817610062893
0.127536231884
0.104294478528
0.0402684563758
0.0663716814159
0.111111111111
0.20652173913
0.124423963134
0.05625
0.114285714286
0.05
0.0510204081633
0.154166666667
