0.0136054421769
0.0126582278481
0.0212765957447
0.109090909091
0.115942028986
0.013698630137
0.0
0.00409836065574
0.0047619047619
0.0228136882129
0.00917431192661
0.0125
0.00613496932515
0.00854700854701
0.00947867298578
0.01
0.0103092783505
0.0179640718563
0.0
0.0131578947368
0.0159574468085
0.0242718446602
0.00888888888889
0.00534759358289
0.00490196078431
0.0246913580247
0.00636942675159
0.0
0.0048309178744
0.0166666666667
0.0
0.145299145299
0.0307692307692
0.0
0.0
0.025641025641
0.0
0.0114942528736
0.0136054421769
0.025974025974
0.0194174757282
0.0340136054422
0.00735294117647
0.00877192982456
0.0235294117647
0.0425531914894
0.184210526316
0.0277777777778
0.00819672131148
0.00925925925926
0.0
0.0
0.0495867768595
0.0
0.0
0.00724637681159
0.0532319391635
0.0
0.00149476831091
0.00293255131965
0.00485436893204
0.0
0.0
0.0
0.00243902439024
0.0
0.0
0.0084388185654
0.00530973451327
0.00537221795856
0.00158604282316
0.00081499592502
0.0202312138728
0.0
0.0028818443804
0.00534759358289
0.0
0.0
0.0
0.0
0.0
0.0173010380623
0.0
0.00507099391481
0.00346820809249
0.00743889479277
0.00760135135135
0.00375234521576
0.00993377483444
0.019877675841
0.00298804780876
0.0107784431138
0.0150943396226
0.00976290097629
0.0
0.0072202166065
0.00204498977505
0.0108401084011
0.00520833333333
0.00223964165733
0.0
0.0131578947368
0.00904977375566
0.0267639902676
0.00699300699301
0.00312012480499
0.00207039337474
0.0114335971856
0.0112068965517
0.0155279503106
0.00610687022901
0.00474833808167
0.00472813238771
0.0
0.00327868852459
0.00200803212851
0.00514138817481
0.00917431192661
0.00711111111111
0.00215053763441
0.004
0.0
0.0063025210084
0.0193798449612
0.0391061452514
0.00134589502019
0.0414798206278
0.00436681222707
0.020202020202
0.0122757318225
0.0194805194805
0.0283333333333
0.0252469813392
0.025988700565
0.00987925356751
0.0164158686731
0.00501672240803
0.0329411764706
0.0133136094675
0.0173646578141
0.0127253446448
0.00963597430407
0.00158353127474
0.00953389830508
0.0113636363636
0.00737463126844
0.00554938956715
0.0256797583082
0.0190930787589
0.0293159609121
0.0495356037152
0.052757793765
0.0426829268293
0.0105042016807
0.0107843137255
0.010752688172
0.0028818443804
0.0133333333333
0.0167224080268
0.0257611241218
0.00674157303371
0.0371428571429
0.00849858356941
0.0289855072464
0.0259067357513
0.0655737704918
0.0226244343891
0.0344827586207
0.0569948186528
0.0479452054795
0.0354609929078
0.246861924686
0.09375
0.0247933884298
0.125925925926
0.105263157895
0.205128205128
0.15
0.166666666667
0.242424242424
0.0606060606061
0.0677966101695
0.333333333333
0.0921052631579
0.1
0.102040816327
0.15
0.037037037037
0.101851851852
0.0620689655172
0.0532786885246
0.0914634146341
0.018018018018
0.046875
0.0235849056604
0.037558685446
0.0727272727273
0.0266666666667
0.0618892508143
0.0263852242744
0.0374531835206
0.010781671159
0.0307971014493
0.0246478873239
0.0164948453608
0.0239282153539
0.0336134453782
0.01
0.0260047281324
0.0358565737052
0.0343878954608
0.0305039787798
0.0323415265201
0.0338541666667
0.0111940298507
0.0134770889488
0.0315374507227
0.0397790055249
0.0242483026188
0.0448654037886
0.0445969125214
0.0204778156997
0.00477326968974
0.0417867435159
0.0447204968944
0.0223776223776
0.0428571428571
0.036496350365
0.00896860986547
0.0354609929078
0.0130548302872
0.0200860832138
0.0123609394314
0.0401416765053
0.040490797546
0.0379310344828
0.0417457305503
0.0561009817672
0.0269058295964
0.0260989010989
0.0380577427822
0.0389170896785
0.0590062111801
0.0849056603774
0.0326086956522
0.0679886685552
0.0683229813665
0.0430107526882
0.0210084033613
0.0697674418605
0.046357615894
0.0398481973435
0.0355828220859
0.0682068206821
0.0386064030132
0.03146374829
0.0324483775811
0.0390070921986
0.025
0.0119363395225
0.0228245363766
0.038961038961
0.0175675675676
0.0257142857143
0.0405982905983
0.0191158900836
0.0336239103362
0.0690607734807
0.0686274509804
0.0166270783848
0.0365853658537
0.0596026490066
0.0356633380884
0.054441260745
0.0398406374502
0.0681818181818
0.0496323529412
0.111111111111
0.0313199105145
0.0713224368499
0.0778097982709
0.0686274509804
0.0620384047267
0.0491493383743
0.0848806366048
0.0436681222707
0.0368715083799
0.0186142709411
0.0724269377382
0.0545454545455
0.0179640718563
0.117788461538
0.0927977839335
0.0578703703704
0.0616591928251
0.0474346563408
0.0316901408451
0.0311203319502
0.0610687022901
0.0904645476773
0.0496894409938
0.0383693045564
0.0500963391137
0.0752688172043
0.0385964912281
0.0975609756098
0.0690607734807
0.0235602094241
0.017667844523
0.131067961165
0.0666666666667
0.0952380952381
0.207547169811
0.134328358209
0.062015503876
0.0656934306569
0.112
0.0347826086957
0.126436781609
0.12987012987
0.132352941176
0.0414507772021
0.0479704797048
0.0568181818182
0.0223880597015
0.0811965811966
0.2
0.266666666667
0.0884955752212
0.0857142857143
0.0623145400593
0.0947368421053
0.0431034482759
0.123376623377
0.05625
0.0308219178082
0.0791139240506
0.0676923076923
0.0966850828729
0.0883392226148
0.0619469026549
0.0790960451977
0.0648148148148
0.0906344410876
0.113402061856
0.104
0.132653061224
0.093023255814
0.063829787234
0.0675241157556
0.0532319391635
0.0188679245283
0.0666666666667
0.0674846625767
0.0335570469799
0.0619469026549
0.0622222222222
0.163043478261
0.124423963134
0.08125
0.107142857143
0.0625
0.102040816327
0.120833333333
