1.0
0
0
0
0
0
0
0.0
0.0
0.0
0.0
0.333333333333
0.0
0.0
0.2
0.0
0.111111111111
0.0
0.0
0.0
0.0
0.0
0.0
0.0
0
0.0
0.0
0
0.0
0
0.0
0.0
0.0
0.0
0.0
0.0
0.0
0.0
0.0
0.0
0.0
0.0
0.0
0.0
0.0
0.0
0.0
0.0
0.0
0
0.0
0
0.0
0
0
0
0.0
0.0
0.0
0.0
0.0
0.0
0.0
0.0
0.0
0.0
0.0
0.0
0.333333333333
0.0
0.0
0.0
0.0
0
0
0.0
0
0
0
0.0
0.0
0.0
0.0
0.0
0.0
0.0
0.0
0.0
0.0
0.0
0.0
0.0
0.0
0.0
0.0
0.0
0
0
0
0
0.0
0
0
0.0
0.0
0.0
0.2
0.0
0.5
0.0
0.0
0.333333333333
0.0
0.0
0.0
0.0
0.0
0.0
0.142857142857
0.0
0
0.0
0.0
0
0
0
0
0.0
0.0
0.0
0.0
0.0
0.0
0.0
0.0
0.0
0.0
0.0
0.0
0.0
0.0
0.0
0.0
0.0
0.0
0.0
0.0
0
0
0
0
0
0.0
0.0
0.0
0.0
0.0
0.0
0.142857142857
0.0
0.0
0.0
0.0
0.0
0.0
0.0
0.0
0.0
0.0
0.0
0.0
0
0
0
0.0
0.0
0.0
0.0
0.103448275862
0.0
0.107142857143
0.0
0.0
0.0
0.0
0.0
0.0
0.0
0.0
0.0
0.0
0.0
0.0
0.0
0.0
0
0.0
0
0
0.0
0.0
0.0
0.0
0.0
0.0
0.0666666666667
0.210526315789
0.0
0.0
0.0
0.0
0.0
0.0
0.0
0.0
0.0
0.0
0.0
0.0
0.0
0
0
0.0
0.0
0.0
0.0454545454545
0.25
0.583333333333
0.0909090909091
0.0
0.0
0.0
0.047619047619
0.0
0.0
0.0
0.0
0.0
0.0
0.0
0.0
0.0
0
0.0
0
0.0
0.0
0.0
0.0
0.0
0.0
0.1875
0.0
0.04
0.0
0.285714285714
0.08
0.0
0.0
0.0
0.0
0.0
0.0
0.0
0.0
0.0
0
0
0
0
0.0
0.0
0.0
0.0
0.0
0.0
0.0
0.0
0.0
0.0
0.0
0.0
0.0
0.0
0.0
0.0
0.0
0.0
0.0
0.0
0.0
0.0
0
0
0
0.0
0.0
0.0
0.5
0.0
0.0
0.0
0.0
0.0
0.142857142857
0.0
0.0
0.0
0.0
0.0
0.0
0.0
0.0
0.0
0
0
0.0
0
0.0
0.0
0.0
0.0
0.0
0.25
0.0
0.0
0.0
0.0
0.0
0.0
0.0
0.0
0.0
0.0
0.0
0.0
0.0
0.0
0.0
0
0
0
0.0
0.0
0.0
0.0
0.0666666666667
0.0526315789474
0.0
0.0
0.0
0.0
0.0
0.0
0.0
0.0
0.0833333333333
0.0
0.0
0.0
0.0
0.0
0
0
0
0
0.0
0.0
0.0
0.0
0.0
0.142857142857
0.0
0.0
0.0
0.0
0.0
0.0
0.0
0.0
0.0
0.0
0.0
0.0
0.0
0.0
0.5
0
0.0
0.0
0.0
0.0
0.0
0.0
0.0
0.0
0.0
0.181818181818
0.133333333333
0.0
0.0
0.0
0.0
0.0
0.0
0.0
0.0
0.0
0.0
0
0
0
0
0.0
0
0.0
0.0
0.0
0.0
0.0
0.0
0.0
0.0
0.0
0.0
0.0
0.0
0.0
0.0
0.0
0.0
0
0.0
0.0
0
0.0
0
0
0
0.0
0.0
0.0
0.0
0.0
0.0
0.0
0.0
0.0
0.0
0.0
0.0
0.0
0.0
0.0
0.142857142857
0.0
0.0
0.0
0
0.0
0
0
0.0
0.0
0.0
0.0
0.0
0.0
0.0
0.0
0.222222222222
0.0
0.0
0.0
0.0909090909091
0.0
0.0
0.0
0.0
0.0
0.0
0.0
0.0
0.0
0
0
0.0
0.0
0.0
0.0
0.105263157895
0.25
0.0
0.0
0.0
0.0
0.0526315789474
0.0
0.0
0.0
0.0
0.0
0.0
0.0
0.0
0
0.0
0
0
0
0.0
0.0
0.0
0.0
0.0
0.0
0.0
0.333333333333
0.0
0.1875
0.0
0.0
0.0
0.0
0.0
0.0
0.0
0.0
0.0
0.0
0.0
0
0.0
0
0.0
0.0
0.263157894737
0.0
0.2
0.0
0.0
0.0
0.0
0.0
0.0
0.0
0.0
0.0
0.0
0.0
0.0
0.0
0.0
0.0
0.0
0
0
0
0.0
0.0
0.0
0.0
0.0
0.0
0.0
0.25
0.0
0.25
0.0
0.0
0.0
0.0
0.0
0.0
0.0
0.0
0.0
0.0
0
0.0
0.0
0.0
0.0
0.0
0.0
0.0
0.0
0.0
0.0
0.0
0.0
0.0
0.0
0.0
0.0
0.0
0.0
0.0
0.0
0.0
0.0
0.0
0.0
0.0
0.0
0
0.0
0
0.0
0.0
0.0
0.0
0.0
0.0
0.0
0.0
0.0
0.0
0.0
0.0
0.0
0.0
0.333333333333
0.0
0.0
0
0
0.0
0
0.0
0
0
0.0
0.0
0.0
0.0
0.2
0.0
0.0
0.0
0.0
0.0
0.0
0.0
0.0
0.0
0.0
0.0
0.0
0.0
0.0
0.0
0.0
0.0
0
0.0
0.0
0.0
0.0
0.0
0.0
0.0
0.0
0.181818181818
0.0
0.0
0.0
0.0
0.166666666667
0.0
0.0
0.0
0.0
0.0
0.0
0.0
0
0
0
0.0
0.0
0.0
0.3125
0.0434782608696
0.0
0.0
0.0
0.0
0.0
0.0
0.0
0.0
0.0
0.125
0.285714285714
0.0
0.0
0
0.0
0.0
0
0
0
0.0
0.0
0.0
0.0
0.0
0.0
0.0
0.0666666666667
0.0
0.0
0.0
0.0
0.0
0.0
0.0
0.0
0.0
0.0
0
0.0
0
0.0
0.0
0.0
0.0
0.0
0.0
0.0
0.111111111111
0.0
0.0
0.0
0.0
0.0
0.0
0.0
0.0
0.0
0.0
0.0714285714286
0.0
0.0
0.0
0
0
0
0
0
0.0
0.0
0.191489361702
0.285714285714
0.5
0.692307692308
0.222222222222
0.277777777778
0.352941176471
0.142857142857
0.0
0.0
0.0
0.0
0.0
0.0
0.0
0.0
0
0.0
0.0
0.0
0
0
0.0
0.0
0.0
0.0
0.0
0.0
0.0
0.25
0.0
0.0
0.0
0.0
0.0
0.0
0.0
0.0
0.0
0
0.0
0
0
0
0
0
0.0
0
0.0
0.0
0.0
0.0
0.0
0.0
0.0
0.0
0.0
0.0
0.0
0.0
0.0
0.0
0.0
0.0
0.0
0.0
0
0.0
0.0
0.0
0.0
0.0
0.0
0.333333333333
0.333333333333
0.166666666667
0.05
0.0
0.0
0.0
0.0
0.0
0.0
0.0
0.0
0.0
0.0
0.0
0.0
0.0
0
0
0.0
0.0
0.0
0.0
0.0
0.0
0.0
0.0
0.230769230769
0.0
0.0
0.0
0.0
0.0
0.0
0.25
0.0
0.0
0.0
0.0
0.0
0.0
0.0
0
0.0
0.0
0.0
0.0
0.0
0.0
0.0
0.0
0.0952380952381
0.0
0.0
0.0
0.0
0.0
0.0
0.0
0.0
0.0
0.0
0.0
0.0
0
0
0
0
0.0
0.0
0.0
0.0
0.111111111111
0.181818181818
0.0
0.0
0.0555555555556
0.125
0.0
0.0
0.0
0.0
0.0
0.0
0.0
0.0
0.0
0.0
0
0.0
0.0
0.0
0.0
0.0
0.0
0.0
0.0
0.0
0.0833333333333
0.0769230769231
0.0
0.166666666667
0.0
0.0
0.0
0.0
0.0
0.0
0.0
0.0
0.0
0.0
0
0.0
0
0
0
0.0
0.0
0.0
0.0
0.0
0.0
0.0
0.0
0.0
0.0
0.0
0.0
0.285714285714
0.0
0.0
0.0
0.0
0.0
0.0
0
0
0
0.0
0
0
0.0
0
0.0
0.0
0.0
0.0
0.0
0.0
0.0
0.0
0.0
0.0
0.0
0.0
0.0
0.0
0.0
0.0
0.0
0
0.0
0
0.0
0.0
0.0
0.0
0.0
0.0
0.1
0.5
0.444444444444
0.0
0.0
0.0
0.0
0.0
0.25
0.0
0.0
0.0
0.0
0.0
0.0
0.0
0.0
0
0.0
0.25
0.0
0.0
0.0
0.0
0.0
0.0909090909091
0.166666666667
0.0
0.0
0.0
0.0
0.0
0.0
0.0
0.0
0.0
0.0
0.0
0.0
0.0
0
0.0
0
0.0
0.0
0.0
0.142857142857
0.0
0.0
0.0
0.0
0.0
0.0
0.0
0.0
0.333333333333
0.0
0.0
0.5
0.0
0.0
0
0
0.0
0.0
0
0
0.0
0.0
0.0
0.0
0.0
0.0
0.0
0.0
0.0
0.0
0.0
0.0
0.0
0.0
0.0
0.0
0.0
0.0
0.0
0.0
0.0
0
0
0
0.0
0.0
0.0
0.0
0.0
0.0
0.0
0.0
0.0
0.0
0.0
0.0
0.0
0.0
0.0
0.0
0.0
0
0
0
0
0
0
0
0
0.0
0
0.25
0.0
0.0
0.0
0.0
0.0
0.0
0.0
0.0
0.0
0.0
0.0
0.0
0.0
0.0
0
0
0.0
0
0
0
0.0
0
0.0
0.0
0.0
0.0
0.0
0.0
0.0
0.5
0.0
0.0
0.0
0.0
0.0
0.0
0.0
0.0
0.0
0.0
0
0
0
0
0.0
0.0
0.0
0.0
0.0
0.0
0.0
0.0
0.0
0.0
0.0
0.0
0
0.0
0.0
0.0
0.0
0.0
0.0
0.0
0
0.0
0.0
0
0.0
0.0
0.0
0.0
0.0
0.0
0.0
0.0
0.0
0.0
0.0
0.0
0.0
0.0
0.0
0.0
0
0.0
0
1.0
0
0
0
0.0
0.0
0.0
0.0
0.0
0.0
0.0
0.0
0.0
0.0
0.0
0.0
0.0
0.0
0.0
0.0
0.0
0.0
0.0
0.0
0
0
0
0.0
0
0.0
0.0
0.0
0.0
0.0
0.0
0.0
0.0
0.0
0.0
0.0
0.0
0.0
0.0
0.0
0.0
0.0
0.0
0.0
0.0
0
0
0.0
0
0
0.166666666667
0.121951219512
0.0
0.0
0.0
0.0
0.0
0.0
0.0
0.0
0.0
0.0
0.0
0.0
0.0
0.0
0.0
0.0
0.0
0
0.0
0
0.0
0
0.0
0.0
0.0
0.0
0.0
0.0
0.0
0.0
0.0
0.0
0.0
0.0
0.0
0.0
0.0
0.0
0.0
0.0
0.0
0
0
0.0
0
0
0.0
0.0
0.0
0.0
0.0
0.0
0.0
0.0
0.0
0.0
0.0
0.0
0.0
0.0
0.0
0.0
0.0
0.0
0.0
0.0
0
0.0
0.0
0.0
0.0
0.0
0.0
0.0
0.0
0.0
0.0
0.0
0.0
0.0
0.0
0.1
0.0
0.0
0.0
0.0
0.0
0.0
0
0.0
0
0
0
0.0
0.0
0.0
0.0
0.0
0.0
0.0
0.0
0.0
0.0
0.0
0.480769230769
0.0
0.0
0.0
0.0
0.0
0.0
0.0
0.0
0.0
0.0
0.0
0
0.0
0.0
0.0
0.0
0.0
0.0
0.0
0.0
0.0
0.0
0.0
0.0
0.0
0.0
0.0
0.0
0.0
0.0
0.0
0.0
0
0
0
0
0.0
0.0
0.0
0.0
0.0
0.0
0.0
0.0
0.0
0.0
0.0
0.0
0.0
0.0
0.0
0.0
0.0
0.0
0.0
0.0
0.0
0
0.0
0.0
0.0
0.0
0.0
0.0
0.0
0.0
0.0
0.0
0.0
0.0
0.0
0.0
0.0
0.0
0.0
0.0
0.0
0.0
0.0
0.0
0.0
0.0
0
0
0
0.333333333333
0.0
0.0
0.0
0.0
0.0
0.0
0.0
0.0
0.0
0.0
0.0
0.0
0.0
0.0
0.0
0.0
0
0.0
0.0
0
0
0.0
0
0
0.0
0.0
0.0
0.0
0.0
0.0
0.0
0.0
0.0
0.0
0.0
0.0
0.0
0.0
0.0
0.0
0.0
0.0
0
0
0.0
0
0.0
0.0
0.0
0.0
0.0
0.0
0.0
0.0
0.0
0.0
0.0
0.0
0.0
0.0
0.0
0.0
0.0
0.0
0.0
0.0
0.0
0.0
0
0.0
0.0
0.0
0.0
0.0
0.0
0.0
0.0
0.0
0.0
0.0
0.0
0.0
0.0
0.0
0.0
0.0357142857143
0.0
0.0
0.0
0.0
0.0
0.0
0.0
0.0
0.0
0.0
0.0
0.0
0.0
0.0
0.0
0.0
0.0
0.0
0.0
0.0
0.0
0.0
0.0
0.0
0.0
0.0
0.0
0.0
0.0
0
0.0
0.0
0.0
0.0
0.0
0.0
0.0
0.0
0.0
0.0
0.0
0.0
0.0
0.0
0.0
0.0
0.0
0.0
0.0
0.0
0.0
0.0
0.0
0.0
0.0
0.0
0.0
0.0
0.0
0.0
0.0
0.0
0.0
0.0
0.0
0.0
0.0
0.0
0.0
0.0
0.0
0.0
0.0
0.0
0.0
0.0
0
0.5
0
0
0
0.0
0.0
0.0
0.0
0.0
0.0
0.0
0.0
0.0
0.0
0.0
0.0
0.0
0.0
0.0
0.0
0.0
0.0
0.0
0.0
0
0
0
0.0
0.0
0.0
0.0769230769231
0.0
0.0
0.0
0.0
0.0
0.0
0.0
0.0
0.0
0.0
0.0
0.0
0.0
0.0
0.0
0.0
0.0
0.0
0.0
0.0
0.0
0.0
0.0
0.0
0.0
0.0
0.0
0.24
0.0
0.0
0.0
0.0
0.0
0.0
0.0
0.0
0.0
0.0
0.0
0.0
0.0
0.0
0.0
0
0.111111111111
0.0
0.0
0.0
0.0
0.0
0.0
0.0
0.0
0.0
0.0
0.0232558139535
0.029702970297
0.0
0.0
0.0
0.0
0.0
0.0
0.0
0.0
0.0
0.0
0.0
0.0
0.0
0.0
0.0
0.0
0.0353982300885
0.0
0.0
0.0
0.0
0.0
0.0
0.017094017094
0.0
0.0
0.0
0.0
0.0
0.0
0.0
0.0
0.0
0
0.0
0.0
0.030303030303
0.0
0.19387755102
0.0
0.0
0.0
0.0
0.0
0.03
0.0
0.0
0.0
0.0
0.0
0.0
0.0
0.0
0.0
0.0
0.0
0.0
0.0
0.0
0.0
0.0
0.0
0.09375
0.0
0.0
0.0
0.0
0.0
0.0
0.0
0.0
0.0
0.0
0.0
0.0
0.0
0.0
0.0
0
0
0.0
0.0
0.0
0.0
0.0
0.0
0.0
0.0
0.0
0.0
0.0
0.0
0.0
0.0
0.0
0.0
0.0
0.0
0.0
0.0
0.0
0.0
0.0
0
0
0.0
0.0
0.0
0.0
0.0
0.0
0.0
0.0
0.0
0.0
0.0
0.0
0.0
0.0
0.0
0.0
0.0
0.0
0.0
0.0
0.0
0.0
0.0
0.0
0.0
0.0
0.0
0.0
0.0
0.0
0.0
0.0
0.0
0.0
0.0
0.0
0.0
0.0
0.0
0.0
0.0
0.0
0.0
0.0
0.0
0.0
0.0
0.0
0.0
0.0
0.0
0.0
0.0
0.0
0.0
0.0
0.0
0.0
0.0
0.0
0.0
0.0
0.0
0.0
0.0
0.0
0.0
0.0
0.0
0.0
0.0
0.0
0.0
0.0
0.0
0.0
0.0
0.0
0.0
0.0
0.0
0.0
0.0
0.0
0.0
0.0
0.0
0.0
0.0
0.0
0.0
0.0
0.0
0.0
0.0
0.0
0.0
0.0
0.0
0.0
0.0
0.0
0.0
0.0
0.0
0.0
0.0
0.0
0.0
0.0
0.0
0.0
0.0
0.0
0.0
0.0
0.0
0.0
0.0
0.0
0.0
0.0
0.0
0.0
0.0
0.0
0.0
0.0
0.0
0.0
0.0
0.0
0.0
0.0
0.0
0.0
0.0
0.0
0.0
0.0
0.0
0.0
0
0
0
0.0
0.0
0.0
0.0
0.0
0.125
0.0
0.0
0.0
0.0
0.0
0.0
0.0
0.0
0.0
0.0
0.0
0.0
0.0
0.0
0.0
0.0
0
0
0
0.0
0.0
0.0
0.0
0.0
0.0
0.0
0.0
0.0
0.0
0.027027027027
0.0
0.0
0.0
0.0
0.0
0.0
0.0
0.0
0.0
0.0
0.0
0.0
0.0
0.0
0.0
0.0
0.0
0.0
0.0
0.0
0.0
0.0
0.0
0.0
0.03125
0.0
0.0
0.0
0.0
0.0
0.0
0.0
0.0
0.0
0.0
0.0
0.0
0.0
0.142857142857
0.0
0.0
0.0
0.0
0.0
0.0
0.0
0.0
0.0
0.0
0.0
0.0
0.0
0.0
0.0
0.0
0.0
0.0
0.0
0
0.0
0.25
0.0
0.025641025641
0.0
0.0
0.0
0.0
0.0
0.0
0.0
0.0
0.0
0.0
0.0
0.0
0.0
0.0
0.0
0.0
0.0
0.0
0.0
0
0.0
0.0
0.352941176471
0.0
0.0
0.0
0.0
0.0
0.0
0.0
0.0
0.0
0.0
0.0
0.0
0.0
0.0
0.0
0.0
0.0
0.0
0.0
0.0
0.0
0.0
0.0
0.0
0.0
0.0434782608696
0.0
0.0
0.0
0.0
0.0
0.0
0.0
0.0
0.0
0.0
0.0
0.0
0.0
0.0
0.0
0.0
0.0
0
0.0
0.0
0
0.0
0.0
0.0
0.222222222222
0.0
0.0
0.0
0.0
0.0
0.0952380952381
0.0
0.0625
0.047619047619
0.0
0.0
0.0
0.0
0.0
0.0
0.0
0.0
0.5
0.0
0
0.2
0.0
0.0
0.0
0.05
0.0
0.0277777777778
0.0555555555556
0.0217391304348
0.11320754717
0.0
0.0
0.0
0.0
0.0
0.056338028169
0.0
0.0
0.0
0.0
0.0
0.0
0.0
0.0
0.0
0.0
0.0
0.0
0.0
0.0
0.0
0.0
0.0
0.0
0.0
0.0
0.0
0.0
0.0697674418605
0.0
0.0
0.0
0.0
0.0
0.0
0.0
0.0
0.0
0.0
0.0
0.0
0.0
0.0
0.0
0.0
0.0
0.075
0.0
0.0
0.0
0.0
0.112676056338
0.0
0.0
0.0
0.0
0.0
0.0
0.0
0.0
0.0
0.0
0.0
0.0
0.0
0.0
0.0
0.0
0.0
0.0425531914894
0.0
0.0
0.0
0.0
0.0
0.0
0.0
0.0
0.0
0.0
0.0
0.0
0.0
0.0
0.0
0.0
0.111111111111
0.0
0.0
0.0
0.0
0.0
0.0
0.0
0.0
0.0
0.0
0.0
0.0
0.0
0.0
0.0
0.0
0.0
0.0
0.0
0.0
0.0
0.0
0.0
0.0
0.0
0.0
0.0
0.0
0.0
0.0
0.0
0.0
0.0
0.0
0.0
0.0
0.0
0.0
0.0
0.0
0.0
0.0
0.0
0.0
0.0
0
0.0
0.0
0.0
0.0
0.0
0.0
0.0
0.0
0.0625
0.235294117647
0.0
0.0
0.0
0.0
0.0
0.0
0.0
0.0
0.0
0.0
0.0
0.0
0.0
0
0.0
0.25
0.0
0.0
0.0
0.0
0.0526315789474
0.0
0.0
0.0
0.0
0.0238095238095
0.0740740740741
0.142857142857
0.0
0.0
0.0
0.0
0.0
0.0
0.0
0.0
0.0
0.0
0.333333333333
0.166666666667
0.0
0.0
0.0
0.0
0.0
0.0
0.0434782608696
0.0
0.0
0.0
0.0188679245283
0.0483870967742
0.0
0.102040816327
0.0
0.0
0.0
0.0
0.0
0.0
0.0
0.0
0.0
0.181818181818
0.0
0.0789473684211
0.0
0.0
0.0
0.0
0.0
0.0
0.0
0.0
0.0
0.0166666666667
0.0
0.0
0.05
0.0
0.0
0.0
0.0
0.0
0.0
0.0
0
0.0
0.0
0.0
0.0
0.0
0.0
0.0
0.0
0.0
0.0
0.0
0.0
0.0
0.0
0.0
0.0
0.0
0.0
0.0
0.0
0.0
0.0
0
0.0
0.0
0.0454545454545
0.0
0.0
0.0
0.0
0.0
0.0
0.0
0.0
0.0
0.0
0.0
0.0
0.0
0.0
0.0
0.0
0.0
0.0
0.0
0.0
0
0.0
0.0
0.0
0.0
0.0
0.0
0.0588235294118
0.0
0.125
0.0
0.0
0.0
0.0
0.0
0.0
0.0
0.0
0.0
0.0
0.0
0.0
0.0
0.0
0
0
0.0
0.0
0.0
0.0
0.0
0.0
0.272727272727
0.0
0.0
0.142857142857
0.0
0.0
0.0
0.0
0.0
0.0
0.0
0.0
0.0
0.0
0.0
0
0.0
0.0
0.0
0.0
0.375
0.0
0.0
0.214285714286
0.285714285714
0.0
0.380952380952
0.0
0.0
0.0454545454545
0.161290322581
0.0754716981132
0.0
0.0
0.0
0.0
0.0
0.0
0.0
0.0
0.5
0.0
0.0833333333333
0.0
0.0
0.0
0.0
0.0327868852459
0.0243902439024
0.0
0.178571428571
0.0
0.0
0.0
0.0
0.0
0.0
0.0
0.0
0.0
0.0
0.0
0.0
0.0
0.0
0.0
0.0
0.0
0.0
0.0555555555556
0.0
0.0
0.0
0.0
0.0
0.0
0.0
0.0
0.0
0.0
0.0
0.0
0.0
0.0
0.0
0.0
0.0
0.0
0.0
0.0
0.0
0.0
0.0
0.0
0.0
0.0
0.0
0.0
0.0
0.0
0.0
0.0
0.020618556701
0.0
0.0
0.0
0.0
0.0
0.0
0.0
0.0
0.0
0.0
0.0
0.0
0.0
0.0
0.0
0.0
0.0
0.0
0.0
0.0
0.0
0.0
0.0
0.0
0.152941176471
0.0151515151515
0.0535714285714
0.0416666666667
0.0
0.0
0.0
0.0
0.0
0.0
0.0
0.0
0.0
0.0
0.0
0.0
0.0
0.0
0.174193548387
0.0
0.0
0.0
0.0
0.0
0.0
0.0
0.0
0.0
0.0
0.0
0.0
0.0
0.0
0
0.25
0.0
0.0
0.142857142857
0.0
0.0
0.0
0.0
0.0
0.0
0.0
0.121212121212
0.0
0.0
0.166666666667
0.0
0.0
0.0
0.0
0.0
0.0
0.0
0
0
0
0.0
0.0
0.0
0.0
0.037037037037
0.0
0.0
0.0
0.121951219512
0.0
0.0
0.0
0.0
0.0
0.016393442623
0.0
0.0
0.0
0.0
0.0
0.0
0.0
0.0
0.0
0.0
0.0
0.0
0.0
0.0
0.0
0.0
0.0
0.0
0.0
0.0
0.0
0.0
0.0144927536232
0.0
0.0
0.0
0.0
0.0
0.0
0.0
0.0
0.0
0.0
0.0
0.297872340426
0.0
0.0
0.0
0.0
0.0
0.0
0.0243902439024
0.0
0.0
0.0
0.0
0.02
0.0
0.0
0.0
0.0
0.0
0.0
0.0
0.0
0.0
0.0
0.0
0.0
0.0333333333333
0.0
0.0
0.0
0.0
0.0
0.0
0.0227272727273
0.0
0.0
0.0
0.0
0.0166666666667
0.0
0.0
0.0
0.0
0.0
0.0
0.0
0.0
0.0
0.0
0.0
0.0
0.0
0.0
0.0
0.0
0.0
0.0
0.0
0.0
0.0
0.0
0.0
0.118644067797
0.0
0.0
0.0
0.0
0.0
0.0
0.0
0.0
0.0
0.0
0.0
0.0
0.0
0.0
0.0
0.0
0.0
0.0
0.0
0.0
0.0
0.0
0.0
0.0
0.0
0.0
0.0
0.0
0.0
0.0
0.0
0
0.0
0.0
0.0
0.0
0.0
0.0
0.0
0.0
0.0
0.0
0.0
0.0
0.0
0.0
0.0555555555556
0.0416666666667
0.0
0.0
0.0
0.0
0.0
0.0
0.0
0.0
0.0
0
0.0
0.0
0.0526315789474
0.0
0.0
0.0
0.0
0.047619047619
0.0961538461538
0.0169491525424
0.177777777778
0.0175438596491
0.0576923076923
0.0576923076923
0.0208333333333
0.0
0.0
0.0
0.0
0.0
0.0
0.0
0.0
0.0
0.0
0.0
0.0
0.0
0.0
0.0
0.0
0.0153846153846
0.0
0.0
0.0253164556962
0.0196078431373
0.0
0.156862745098
0.0
0.0
0.0
0.0
0.0
0.0
0.0
0.5
0.0
0.0
0.0
0.126315789474
0.0
0.0
0.0
0.0
0.0
0.0
0.0
0.0
0.0
0.0
0.0
0.0
0.0208333333333
0.0
0.0
0.0
0.0
0.0
0.0
0.0
0.0
0.0
0.0
0.0
0.0
0.0
0.0
0.0
0.106382978723
0.0
0.0
0.0
0.0
0.0
0.0
0.0
0.0
0.0
0.0
0.0
0.0
0.0
0.0
0.0
0.0
0.0
0.0
0.0
0.0
0.0
0.0
0.0
0.0
0.0
0.0
0.0
0.0
0.0
0.0
0.0
0.0
0.0
0.0
0.0
0.0
0.0
0.0
0.0
0.0
0.0
0.0
0.111111111111
0.0
0.0
0.0
0.0645161290323
0.0
0.0
0.0
0.0555555555556
0.0322580645161
0.0
0.0
0.0
0.0
0.0
0.0
0.0
0.0
0.0
0.0
0
0
0.0
0.166666666667
0.0
0.0
0.0
0.0
0.0
0.0
0.0
0.12
0.0
0.0
0.0
0.0
0.166666666667
0.166666666667
0.0
0.0
0.0
0.0
0
0.0
0.0
0.0
0.0
0.0
0.0
0.0
0.333333333333
0.181818181818
0.0689655172414
0.0
0.0
0.0714285714286
0.0
0.0
0.137254901961
0.0
0.0
0.0
0.0
0.0
0.0
0.0
0.0
0.0
0.0
0.0
0.0
0.0
0.0
0.0
0.0
0.0
0.0
0.0
0.0
0.0
0.0
0.0
0.0
0.0178571428571
0.0
0.0
0.0
0.0
0.0
0.0
0.0
0.0
0.0
0.333333333333
0.2
0.274193548387
0.0769230769231
0.0243902439024
0.025641025641
0.0
0.0
0.0
0.103448275862
0.0
0.0
0.0
0.0
0.04
0.0
0.0
0.0
0.0
0.0588235294118
0.0
0.0
0.0
0.0
0.0
0.0
0.0
0.0
0.0
0.0
0.0
0.0
0.0
0.0
0.0
0.0
0.0
0.0
0.0
0.0533333333333
0.0
0.0
0.0
0.0
0.0
0.0
0.0
0.0
0.0
0.0
0.264705882353
0.0
0.0235294117647
0.0
0.0
0.0
0.0
0.0
0.0
0.0
0.0
0.0408163265306
0.0
0.0
0.0
0.0
0.0
0.0
0.0
0.0
0.0
0.0
0.0
0.0
0.0909090909091
0.0
0.0224719101124
0.0
0.0
0.0
0.05
0.019801980198
0.0
0.0
0.0
0.0
0.0
0.25
0.0
0.0
0.0
0.0
0.0
0.0
0.0
0.0
0.0
0.0
0.0
0.0769230769231
0.0
0.15625
0.114285714286
0.0588235294118
0.0
0.0
0.0
0.0
0.0416666666667
0.0
0.0
0.0
0.0
0.0
0.0
0.0
0.0
0.0
0.0
0.0
0.0
0.2
0.0
0.0
0.0
0.0
0.125
0.0882352941176
0.145833333333
0.0
0.151515151515
0.0
0.170212765957
0.122807017544
0.0
0.0
0.0
0.0
0.0
0.0
0.0
0.0
0.0
0.0
0.0
0.5
0.0434782608696
0.0540540540541
0.140350877193
0.0
0.0
0.0138888888889
0.0
0.0
0.0
0.0
0.0
0.0
0.0
0.0
0.0
0.0
0.0
0.0
0.0
0.0
0.0
0.0
0.0
0.0
0.253731343284
0.0
0.0
0.0
0.0545454545455
0.0
0.0
0.103448275862
0.0
0.0
0.0
0.0454545454545
0.0545454545455
0.0
0.0
0.0
0.0
0.0
0.0
0.0
0.0
0.0
0.0
0.153846153846
0.0
0.0681818181818
0.0
0.0
0.0
0.0
0.0862068965517
0.0
0.0
0.0
0.0
0.0
0.1125
0.0266666666667
0.0
0.0
0.0
0.0
0.0
0.0
0.0
0.2
0.0
0.0
0.193548387097
0.0588235294118
0.0
0.0
0.0
0.0
0.0877192982456
0.0434782608696
0.0
0.0
0.0
0.025641025641
0.0
0.0
0.0
0.0
0.0
0.0
0.272727272727
0.0
0.0
0.0
0.0
0.0
0.0
0.0444444444444
0.015873015873
0.0
0.0222222222222
0.0
0.0
0.0
0.0952380952381
0.0263157894737
0.0
0.0
0.0
0.0
0.0
0.0
0.0
0.0
0.0
0.0
0
0.0
0
0.625
0.0
0.0
0.0
0.0
0.0
0.0
0.04
0.0540540540541
0.0
0.225806451613
0.0
0.0
0.0
0.0
0.0
0.0
0.0833333333333
0.0
0.0
0.0
0.0
0.0
0.0
0.5
0.333333333333
0.0
0.0
0.0384615384615
0.137931034483
0.0204081632653
0.0
0.107142857143
0.0
0.1
0.037037037037
0.0
0.0
0.0
0.0
0.0
0.0
0.0
0.0
0.0
0.0
0.0
0.0
0.0
0.0
0.121212121212
0.0
0.153846153846
0.0
0.0967741935484
0.0
0.0
0.0
0.0298507462687
0.216666666667
0.0
0.0277777777778
0.0
0.0
0.0
0.0
0.0
0.0
0.0
0
0.25
0.0
0.0
0.0217391304348
0.0
0.0
0.0
0.0
0.0
0.0
0.0
0.0
0.0
0.0
0.0
0.111111111111
0.0877192982456
0.0
0.0
0.0
0.0
0.0
0.0
0.0
0.0
0.0
0.0
0.0
0.0
0.0
0.0
0.0
0.137931034483
0.0
0.0196078431373
0.0
0.0847457627119
0.0
0.0
0.0
0.13698630137
0.12676056338
0.0
0.0
0.0
0.0
0.0
0.0
0.0
0.0
0.153846153846
0.0
0.0
0.0
0.0
0.0
0.0
0.0
0.0
0.0
0.0
0.0
0.0918367346939
0.0252100840336
0.0
0.0
0.0
0.0
0.0
0.0
0.0
0.0
0.0
0.0
0.0
0.16
0.0
0.0
0.0
0.0
0.0
0.0
0.0
0.0
0.0
0.0
0.0
0.0
0.0
0.0
0.0
0.0
0.0
0.0
0.0
0.0
0
0.5
0.0
0.0
0.0
0.0
0.0
0.0
0.0
0.0
0.0
0.0
0.05
0.0
0.0
0.0
0.107142857143
0.0
0.0
0.0
0.0
0.0
0.0
0.0
0.0
0.0
0.0
0.0
0.0
0.0
0.0
0.133333333333
0.0731707317073
0.0
0.0
0.0
0.0
0.0
0.0
0.0
0.0
0.0
0.0
0.0
0.0
0.0
0.0
0.0
0.0
0.0
0.15
0.0
0.0
0.0
0.0196078431373
0.0
0.0
0.0
0.0
0.0
0.0
0.0
0.0
0.0
0.0
0.0
0.0
0.0
0.0
0.0
0.0
0.0
0.0
0.0
0.0
0.338235294118
0.06
0.0
0.0
0.0
0.025
0.192307692308
0.0
0.0
0.0
0.0
0.0
0.0
0.0434782608696
0.111111111111
0.0
0.0
0.0
0.0
0.0
0
0.0
0.0
0.0
0.0
0.0
0.0
0.0
0.0
0.25
0.0
0.161290322581
0.0
0.0
0.0
0.0
0.130434782609
0.0434782608696
0.0434782608696
0.0
0.0
0.0
0.0
0.0
0.0
0
0.5
0.0
0.0909090909091
0.0
0.0
0.047619047619
0.0
0.0
0.0
0.0
0.0
0.2
0.0
0.111111111111
0.0
0.047619047619
0.0
0.0
0.0
0.0
0.0
0.0
0.0
0.5
0.0
0.0
0.0
0.0
0.4
0.0
0.0
0.0526315789474
0.0
0.129032258065
0.0
0.0
0.2
0.25
0.2
0.0
0.0
0.0
0.0
0.0
0.0
0.0
0.0
0.0
0.0
0.285714285714
0.466666666667
0.0
0.0
0.0
0.36
0.107142857143
0.0740740740741
0.162162162162
0.0
0.0
0.0
0.0
0.214285714286
0.0
0.0
0.0
0.0
0.0
0.0
0.0
0.0
0.2
0.0
0.0
0.0
0.176470588235
0.44
0.0
0.153846153846
0.361111111111
0.0555555555556
0.0
0.238095238095
0.113636363636
0.0
0.0135135135135
0.0566037735849
0.0508474576271
0.0
0.0
0.0
0.0
0.0
0.0
0.0
0.0
0.2
0.166666666667
0.0
0.0
0.0
0.142857142857
0.0
0.0
0.0
0.191176470588
0.0
0.0
0.0
0.0151515151515
0.0
0.0
0.0
0.0
0.0
0.0
0.0
0.0
0.2
0.0
0.0
0.0952380952381
0.194444444444
0.0
0.0222222222222
0.0
0.0
0.0
0.0151515151515
0.0909090909091
0.0
0.0
0.181818181818
0.0123456790123
0.194444444444
0.0
0.0
0.0
0.0
0.0
0.0
0.0
0.0
0.25
0.0
0.0740740740741
0.212121212121
0.0
0.0227272727273
0.0
0.185714285714
0.0877192982456
0.0606060606061
0.0
0.0677966101695
0.0704225352113
0.0
0.0823529411765
0.0
0.0
0.0
0.0
0.0
0.0
0.0
0.0
0.0
0.0
0.0
0.0
0.172413793103
0.211538461538
0.0363636363636
0.0
0.0
0.0
0.0
0.0
0.0
0.0
0.0352941176471
0.148514851485
0.0
0.0
0.0
0.0
0.0
0.0
0.0
0.0
0.0
0.0
0.1
0.15
0.025641025641
0.234375
0.0
0.0
0.0508474576271
0.0
0.126582278481
0.0348837209302
0.0568181818182
0.0
0.0
0.0615384615385
0.0
0.0
0.0
0.0
0.0
0.0
0.0
0.0
0
0.0
0.666666666667
0.0
0.142857142857
0.153846153846
0.05
0.0
0.0
0.0
0.0384615384615
0.0
0.0
0.0
0.133333333333
0.0555555555556
0.210526315789
0.0
0.0
0.0
0.0
0.0
0.0
0.0
0.0
0.0
0.0
0.1
0.428571428571
0.166666666667
0.210526315789
0.0
0.137931034483
0.142857142857
0.0
0.0
0.0
0.15625
0.142857142857
0.0882352941176
0.0
0.0357142857143
0.0
0.0
0.0
0.0
0.0
0.0
0.0
0.0
0.0
0.304347826087
0.0588235294118
0.0
0.0277777777778
0.0
0.0
0.0
0.0294117647059
0.178571428571
0.0
0.0
0.0
0.0
0.1
0.0
0.0
0.0
0.0
0.0
0.0
0.0
0.0
0.0
0.0
0.0
0.0714285714286
0.208333333333
0.037037037037
0.0
0.0
0.0
0.0
0.0
0.0
0.0
0.136363636364
0.0
0.153846153846
0.181818181818
0.0
0.0
0.0
0.0
0.0
0.0
0.0
0.0
0.0769230769231
0.0
0.0
0.0
0.176470588235
0.0
0.0
0.0
0.0
0.0
0.0
0.0
0.0294117647059
0.0
0.0
0.0
0.125
0.0
0.0
0.0
0.0
0
0.5
0.0
0.0
0.0
0.1
0.0
0.0
0.0
0.0
0.166666666667
0.384615384615
0.0
0.0
0.0
0.0
0.0
0.0
0.05
0.0
0.0
0.0
0.0
0.0
0.0
0.0
0.0
0.0909090909091
0.0
0.0
0.25
0.0
0.0
0.0
0.0833333333333
0.0
0.0
0.0
0.125
0.0
0.0666666666667
0.0
0.0
0.142857142857
0.0
0.0
0.0
0.0
0.0
0
0
0.0
0.0
0.0
0.0
0.0
0.0
0.0
0.0
0.0
0.0
0.0
0.222222222222
0.0
0.0
0.125
0.0
0.0
0.0
0.0
0.0
0.0
0
0
0
0.333333333333
0.111111111111
0.0
0.0
0.0
0.0
0.0
0.0
0.0
0.0
0.0
0.0
0.0526315789474
0.2
0.0
0.0
0.0
0.0
0.0
0.0
0.0
0.0
0.0
0.0
0.0
0.1
0.266666666667
0.0
0.0
0.0769230769231
0.0
0.0952380952381
0.0
0.0
0.0
0.0
0.0
0.142857142857
0.0
0.0714285714286
0.0
0.0
0.0
0.0
0
0
0.0
0.333333333333
0.0
0.166666666667
0.0
0.25
0.0
0.0
0.0555555555556
0.0666666666667
0.0
0.0
0.0
0.0
0.0
0.272727272727
0.0
0.0
0.0
0.0
0.0
0.0
0
0.0
0.0
0
0.0
0.0
0.125
0.0
0.0
0.333333333333
0.0666666666667
0.0
0.0
0.0
0.0
0.0
0.0
0.0
0.0
0.0
0.0
0.0
0.0
0.0
0
0
0.0
0.0
0.0
0.0
0.416666666667
0.0
0.0
0.0
0.0
0.0
0.0
0.0
0.0
0.0
0.0
0.0
0.0
0.0
0.0
0.0
0.0
0.0
0
0.0
0
0
0.955555555556
0.4
0.102040816327
0.0
0.0
0.0
0.0
0.0
0.0
0.0
0.0
0.0
0.166666666667
0.0
0.0
0.0
0.166666666667
0.0
0.0
0.0
0
0
0
0
0
0
0.0
0.4
0.0
0.0
0.0
0.0
0.0
0.0
0.166666666667
0.0
0.0
0.0
0.0
0.0
0
0.0
0.0
0.0
0
0
0.0
0
0
0.0
0.0
0.0
0.0
0.0
0.0
0.0
0.0
0.0
0.0
0.0
0.0
0.0
0.0
0.0
0.0
0.0
0
0
0.0
0.0
0
0
0.0
0
0.6
0.166666666667
0.0
0.0
0.0
0.0
0.0
0.0
0.0
0.0
0.0
0.0
0.0
0
0.0
0
0.0
0
0
0
0
0
0.0
0
0.0
0.75
0.0
0.0
0.0
0.0
0.0
0.0
0.0
0.0
0.0
0.0
0.0
0
0.0
0
0.0
0.0
0.0
0
0
0.0
0
0.0
0.0
0.0
0.333333333333
0.0
0.0
0.0
0.0
0
0.0
0.0
0
0.0
0.333333333333
0.0
0
0
0.0
0.0
0.0
0
0.0
0.0
0
0
0.0
0.0
0.0
0.333333333333
0.0
0
0.0
0.0
0.0
0.0
0.0
0.25
0
1.0
0.0
0.0
0
0.0
0
0
0
0
0
0
0
0.0
0.5
0.0
0.0
0
0.333333333333
0.5
0.0
0.0
0.0
0.0
0.0
0.0
0.0
0.0
0.0
0.0
0.0
0
0
0
0
0
0.0
0.0
0.0
0.0
0
0.0
0.0
0.0
0.0
0.0
0.0
0
0.285714285714
0
0
0.0
0.0
0
0
0.0
0.0
0
1.0
0
0.0
0.0
0
0.0
0.25
0.0
0
0.0
0.0
0.0
0.0
0.0
0.0
0.0
0
0.0
0
0.0
0
0.0
0.0
0
0
0.0
0.0
0.0
0.0
0.0
0.0
0.0
0.0
0.0
0.0
0.0
0.0
0.2
0.0
0.0
0
0.0
0
0.0
0
0
0.0
0
0
0
0.0
0.0
0.0
0.0
0.0
0.0
0.0
0.333333333333
0
0.2
0.5
0.0
0.0
0.0
0
0.0
0
0
0
0.0
0
0
0.0
0.0
0.0
0.0
0.0
0.0
0.0
0.0
0.0
0
0.0909090909091
0.0909090909091
0.0
0.0
0.0
0.0
0.0
0.0
0.0
0.0
0
0
0.0
0.0
0
0
0
0.0
0.5
0.0
0.0
0.0
0.0
0.0
0.0
0.0
0.0
0.0
0.0
0.0
0
0.0
0.0
0.0
0
0.0
0
0
0.0
0
0.0
0.333333333333
0.0
0.0
0.0
0.0
0.0
0.0
0.0
0.0
0.0
0.0
0.0
0.0
0.0
0.0
0.0
0
0
0
0
0
0.0
0.0
0.0
0.0
0.0
0.0
0.0
0.0
0.0
0.0
0
0.0
0.0
0.0
0.0
0.0
0
0.0
0.0
0
0
0.0
0.0
0
0
0
0.0
0.0
0.0
0.0
0.142857142857
0.0
0.0
0.0
0.333333333333
0.0
0.0
0.0
0.0
0.142857142857
0.0
0
0.0
0
0
0
0
0
0
0.666666666667
0.0
0.0
0.0
0.0
0.4
0.0
0.285714285714
0.0
0.0
0.0
0.1
0.0
0.0
0.0
0.0
0.0
0.0
0
0.0
0
0
0
0
0.4
0.454545454545
0.0
0.0
0.0
0.0
0.111111111111
0.0
0.0
0.0
0.0
0.0
0.0
0.0
0.0
0.0
0.0
0.333333333333
0.0
0
0
0.0
0
0.0
0.333333333333
0.0833333333333
0.259259259259
0.25
0.0
0.190476190476
0.0
0.0
0.0
0.0
0.0
0.0
0.0
0.0
0.0
0.0
0.0
0.0
0
0
0
0
0
0.625
0.714285714286
0.05
0.352941176471
0.0
0.0
0.0
0.0
0.0
0.0
0.166666666667
0.0
0.0
0.210526315789
0.0
0.0
0.0
0.0
0.0
0
0
0
0.0
0.0
0.0
0.0
0.0
0.0
0.292682926829
0.0
0.0
0.0
0.0
0.0
0.0
0.0
0.0
0.0
0.0
0.0
0.0
0.0
0.0
0.0
0
0
0
0.0
0.0
0.0
0.333333333333
0.0
0.0
0.0
0.0
0.0
0.0
0.0
0.0
0.0
0.0
0.0
0.0
0.0
0.0
0.0
0.0
0
0
0
0
0
0
0.0
0.285714285714
0.0
0.0
0.375
0.0
0.0
0.0
0.0
0.0
0.0
0.0
0.0
0.0
0.0
0.0
0.0
0.0
0
0.0
0.0
0
0.0
0.0
0.222222222222
0.04
0.171428571429
0.0
0.0
0.0
0.0
0.0294117647059
0.0
0.0
0.114285714286
0.0
0.0
0.0
0.0
0.0
0.0
0.0
0
0
0
0.0
0
0.166666666667
0.0
0.666666666667
0.181818181818
0.0
0.0
0.0
0.0
0.0
0.0
0.0
0.0
0.0
0.0
0.0
0.0
0.0
0.0
0.0
0.0
0
0.0
0
0.0
0.5
0.272727272727
0.432432432432
0.109375
0.0
0.0
0.0
0.0
0.0
0.0
0.0
0.0444444444444
0.0
0.0181818181818
0.0
0.0
0.0
0.0
0.0
0.0
0.0
0.0
0.0
0.0
0.0
0.68
0.597701149425
0.0
0.34
0.0
0.118644067797
0.0
0.0
0.05
0.0
0.0
0.0
0.0
0.0
0.0
0.0
0.0
0.0
0.0
0.0
0.0
0.0
0.0
0.0
0.526315789474
0.0
0.06
0.168674698795
0.0
0.0
0.037037037037
0.0540540540541
0.0
0.0
0.0
0.0
0.0
0.0
0.0
0.0
0.0
0.0
0.0
0.0
0.0
0.0
0
0.0
0.166666666667
0.0
0.0909090909091
0.2
0.0
0.0
0.0
0.260869565217
0.0
0.0
0.0
0.0
0.0
0.0
0.0
0.0
0.0
0.0
0.0
0.0
0.0
0
0.0
0.5
0.0
0.6
0.0
0.0
0.130434782609
0.0789473684211
0.0
0.0
0.0454545454545
0.05
0.0
0.0
0.0
0.0
0.0
0.0
0.0
0.0
0.0
0
0
0.0
0.0
0.0
0.0
0.533333333333
0.0
0.0
0.0
0.102040816327
0.15625
0.0
0.075
0.0
0.0
0.0
0.104166666667
0.117647058824
0.0
0.0
0.0
0.0
0.0
0.0
0.0
0.0
0.2
0.0
0.153846153846
0.0
0.185185185185
0.0
0.0
0.192307692308
0.0
0.125
0.0
0.0444444444444
0.0
0.224137931034
0.0454545454545
0.0
0.0
0.0
0.0
0.0
0.0
0.0
0
0
0.0
0.6
0.230769230769
0.0
0.075
0.0
0.105263157895
0.0
0.183908045977
0.0
0.0
0.0
0.0
0.0574712643678
0.0
0.0
0.0
0.0
0.0
0.0
0.0
0.0
0.0
0.0
0.0
0.461538461538
0.555555555556
0.261904761905
0.177777777778
0.0
0.0
0.206349206349
0.0
0.0
0.0
0.0
0.0
0.0
0.0
0.0
0.0
0.0
0.0
0.0
0.0
0
0.0
0.0
0.0
0.0
0.0588235294118
0.0
0.131578947368
0.426229508197
0.0
0.109375
0.0
0.0
0.0
0.0
0.0
0.0
0.0
0.2
0.0
0.0
0.0
0.0
0.0
0.0
0
0.0
0.0
0.0
0.0
0.166666666667
0.0909090909091
0.0
0.0
0.0625
0.12
0.0
0.0
0.0
0.0
0.0
0.0
0.1
0.0
0.0
0.0
0.0
0
0.0
0
0
0
0.0
0.0
0.181818181818
0.0
0.0
0.35
0.275862068966
0.0
0.0
0.0
0.0
0.0571428571429
0.152173913043
0.0
0.0
0.1
0.0
0.0
0.0
0.0
0.0
0.0
0.0
0.0
0.0
0.0
0.0555555555556
0.552380952381
0.0
0.0
0.144927536232
0.02
0.0
0.0
0.0
0.0243902439024
0.0
0.107142857143
0.0
0.0
0.0
0.0
0.0
0.0
0.0
0.0
0.0
0.0
0.6
0.478260869565
0.173913043478
0.0
0.0
0.0
0.106382978723
0.0
0.0
0.0
0.0
0.0
0.0
0.0
0.1
0.0
0.0
0.0
0.0
0.0
0.0
0.0
0.0
0.0
0
0.357142857143
0.192307692308
0.438356164384
0.0
0.0
0.132075471698
0.152173913043
0.0
0.0
0.0
0.0
0.0
0.0833333333333
0.0
0.0
0.0
0.0
0.0
0.0
0.0
0.0
0
0.0
0.5
0.63829787234
0.113636363636
0.0
0.0
0.0
0.0612244897959
0.0
0.0
0.0
0.0
0.04
0.0
0.0
0.025641025641
0.0
0.0
0.0
0.0
0.0
0.0
0
0.0
0.0
0.5
0.0
0.0588235294118
0.0606060606061
0.0
0.0
0.0
0.263157894737
0.0
0.0
0.0
0.0
0.0
0.0
0.0
0.142857142857
0.0
0.0
0.0
0
0
0.0
0
0.0
0.0
0.25
0.307692307692
0.285714285714
0.0588235294118
0.105263157895
0.0625
0.0454545454545
0.0
0.0
0.0
0.0
0.0
0.0
0.0
0.0
0.0
0.0
0.0
0.0
0.5
0.0
0.0
0.0
0.0
0.0
0.142857142857
0.117647058824
0.0
0.125
0.0869565217391
0.04
0.0
0.0
0.0
0.0
0.0
0.0
0.0
0.0
0.0666666666667
0.0
0.0
0.0
0.0
0.0
0.0
0.0
0.625
0.0
0.345454545455
0.147058823529
0.0
0.0
0.0
0.0
0.0
0.0
0.0
0.0
0.0
0.0
0.0430107526882
0.0
0.0
0.0
0.0
0.0
0.0
0.0
0.0
0.0
0.484848484848
0.727272727273
0.0
0.0
0.0
0.0
0.0
0.093023255814
0.0
0.0
0.0
0.0
0.0
0.0
0.0
0.0
0.0
0.0
0.0
0.0
0
0.0
0.0
0
0.0
0.540540540541
0.0
0.0
0.0
0.0
0.0
0.0
0.0
0.0
0.0
0.0
0.0
0.114583333333
0.0
0.0
0.0
0.0
0.0
0.0
0.0
0.0
0.0
0.0
0.0
0.568181818182
0.4
0.0
0.0
0.0506329113924
0.0
0.0
0.0
0.0
0.0
0.0
0.0566037735849
0.0
0.047619047619
0.0
0.0
0.0
0.0
0.0
0.0
0.0
0.4
0.0
0.222222222222
0.451612903226
0.0434782608696
0.0416666666667
0.159420289855
0.0
0.0
0.228070175439
0.0
0.0
0.0
0.0
0.0
0.0
0.0
0.0
0.0
0.0
0.0
0.0
0
0
0
0.0
0.833333333333
0.0
0.0
0.176470588235
0.0
0.0
0.157894736842
0.0
0.117647058824
0.0
0.0
0.16
0.0
0.0
0.0
0.0
0.0
0.0
0.0
0.0
0.0
0.0
0.0
0.0
0.0
0.0
0.0
0.0
0.0952380952381
0.05
0.0
0.0
0.0333333333333
0.117647058824
0.0
0.0
0.0
0.255319148936
0.0
0.0
0.0
0.0
0.0
0.0
0.0
0.0
0
0
0.333333333333
0.818181818182
0.0625
0.0512820512821
0.0
0.0
0.0
0.0
0.0
0.025641025641
0.0
0.0
0.0208333333333
0.166666666667
0.02
0.0
0.0
0.0
0.0
0.0
0.0
0.0
0.0
0.0
0.346153846154
0.142857142857
0.0
0.0
0.0243902439024
0.0
0.0
0.05
0.12
0.114285714286
0.0
0.22641509434
0.0
0.031746031746
0.0
0.0
0.0
0.0
0.0
0.0
0.0
0.0
0.0
0.0
0.0
0.166666666667
0.276595744681
0.41935483871
0.0
0.0
0.0
0.0
0.0
0.0
0.0
0.0545454545455
0.0185185185185
0.0
0.0
0.0
0.0
0.0
0.0
0.0
0.0
0.0
0.0
0.0
0.52380952381
0.651162790698
0.025
0.0
0.0
0.0
0.0
0.0
0.0
0.0
0.0
0.0
0.0
0.106060606061
0.0
0.0
0.0
0.0
0.0
0.0
0.0
0.0
0.0
0.0
0.0
0.1875
0.0645161290323
0.175438596491
0.326923076923
0.0
0.0
0.101694915254
0.051724137931
0.0
0.0
0.0
0.0
0.0
0.0
0.0
0.0
0.0
0.0
0
0.0
0
0
0.0
0.0
0.0
0.0
0.0
0.0
0.0666666666667
0.0
0.0
0.0
0.0625
0.0
0.0
0.0
0.0
0.0
0.0
0.0
0.0
0.0
0
0.0
0.0
0.0
0.0
0.0
0.833333333333
0.125
0.0588235294118
0.214285714286
0.0
0.0454545454545
0.0
0.0344827586207
0.114285714286
0.0
0.0
0.0
0.166666666667
0.0
0.0
0.0
0.0
0.0
0.0
0.0
0
0.0
0.0
0.0
0.2
0.0652173913043
0.325
0.0
0.0
0.0731707317073
0.0
0.0714285714286
0.0
0.0
0.0
0.106060606061
0.044776119403
0.0
0.0
0.0
0.0
0.0
0.0
0.0
0
0.142857142857
0.0
0.166666666667
0.533333333333
0.0
0.0333333333333
0.0
0.0
0.0
0.0
0.0204081632653
0.0
0.0
0.0
0.0
0.0882352941176
0.0
0.0
0.0
0.0
0.0
0.0
0.0
0.0
0.0
0.0
0.0
0.230769230769
0.0
0.0238095238095
0.0
0.0
0.0
0.0
0.0
0.0
0.0
0.0
0.047619047619
0.0
0.0864197530864
0.0
0.0
0.0
0.0
0.0
0.0
0.0
0.0
0.0
0.1875
0.409090909091
0.135135135135
0.0
0.0
0.0
0.0
0.0
0.0
0.0
0.0
0.127659574468
0.390243902439
0.190476190476
0.0
0.0
0.0
0.0
0.0
0
0
0.0
0
0.0
0.0
0.692307692308
0.354838709677
0.220338983051
0.105263157895
0.0
0.0882352941176
0.0609756097561
0.188235294118
0.0
0.0
0.0
0.0
0.0
0.0
0.0
0.0
0.0
0.0
0.0
0
0.0
0.0
0
0.333333333333
0.5
0.125
0.318181818182
0.0714285714286
0.0
0.0416666666667
0.0434782608696
0.0
0.0666666666667
0.0952380952381
0.0
0.0
0.0
0.0
0.0
0.0
0.0
0.0
0.0
0.0
0.0
0.0
0.0
0.285714285714
0.0
0.4
0.166666666667
0.0
0.0
0.393939393939
0.0909090909091
0.0
0.0285714285714
0.0
0.03125
0.243243243243
0.15
0.0
0.0
0.0
0.0
0.0
0.0
0.0
0.0
0.0
0
0.166666666667
0.5
0.216216216216
0.44
0.0
0.0
0.0
0.0
0.0
0.297872340426
0.0
0.0
0.0377358490566
0.181818181818
0.0
0.0
0.0
0.0
0.0
0.0
0.0
0.0
0.0
0.0
0.363636363636
0.727272727273
0.0
0.0
0.0
0.0
0.0
0.0
0.0
0.0
0.0
0.0
0.142857142857
0.320754716981
0.0
0.0232558139535
0.0
0.0
0.0
0.0
0.0
0
0.0
0.2
0.0
0.157894736842
0.142857142857
0.0
0.0
0.0
0.115384615385
0.0243902439024
0.0
0.0
0.0
0.0
0.293103448276
0.19298245614
0.0212765957447
0.114754098361
0.121951219512
0.0
0.0
0.0
0.0
0.0
0.0
0.125
0.0
0.622222222222
0.0454545454545
0.0
0.0
0.113636363636
0.0
0.0
0.0
0.0
0.0
0.0
0.0
0.0181818181818
0.0333333333333
0.0
0.0
0.0
0.0
0.0
0.0
0.0
0.0
0.0
0.142857142857
0.227272727273
0.25
0.211538461538
0.117647058824
0.0434782608696
0.0
0.148648648649
0.0
0.0
0.0
0.0
0.0
0.0714285714286
0.0588235294118
0.0
0.0
0.0
0.0
0.0
0.0
0
0.0
0.833333333333
0.4
0.0
0.142857142857
0.357142857143
0.583333333333
0.130434782609
0.212121212121
0.0
0.0
0.16
0.0
0.0
0.173913043478
0.0
0.0
0.0
0.0
0.0
0.2
0.0
0.0
0.0
0.0
0.0
0.785714285714
0.6
0.0
0.235294117647
0.0526315789474
0.0
0.0
0.653846153846
0.242424242424
0.0285714285714
0.310344827586
0.0
0.0
0.159090909091
0.0
0.0
0.0
0.0
0.0
0.0
0.0
0.0
0.0
0.0
0.625
0.222222222222
0.0
0.0
0.178571428571
0.210526315789
0.08
0.0
0.181818181818
0.0555555555556
0.0384615384615
0.0
0.0
0.0625
0.0
0.0
0.0
0.0
0.0
0.0
0
0
0.0
0.0
0.4
0.0625
0.0
0.0
0.0
0.0
0.166666666667
0.133333333333
0.0
0.0
0.0
0.0
0.153846153846
0.558823529412
0.0
0.0
0.0
0.0
0
0.0
0
0.0
0.25
0.4
0.0
0.142857142857
0.333333333333
0.0
0.157894736842
0.178571428571
0.0588235294118
0.0
0.0
0.0
0.0
0.266666666667
0.0
0.0
0.0
0.0
0.0
0.0
0.0
0.0
0.0
0.0
0.0
0.0
0.0
0.0
0.222222222222
0.125
0.0
0.151515151515
0.0
0.0
0.0
0.0
0.0
0.0
0.230769230769
0.0
0.0
0.0
0.0
0.0
0.0
0.0
0.0
0.0
0.0
0.0
0.285714285714
0.5
0.0
0.0
0.047619047619
0.0
0.0
0.08
0.05
0.0
0.0
0.0
0.0
0.0
0.0
0.0
0.0
0.0
0.0
0.0
0.0
0
0
0
0.0
1.0
0.0
0.2
0.0
0.277777777778
0.0
0.0
0.0
0.0625
0.0
0.0
0.0
0.0909090909091
0.666666666667
0.0
0.0
0.0
0.0
0
0.0
0
0.0
0
0.0
0.0
0.2
0.6
0.0
0.0
0.25
0.0
0.0555555555556
0.0
0.0
0.0
0.0
0.236842105263
0.0
0.0
0.0
0.0
0.0
0.0
0
0.0
0
0.0
0.333333333333
0.555555555556
0.441176470588
0.25
0.0
0.0740740740741
0.161290322581
0.0
0.0344827586207
0.125
0.0
0.0
0.0
0.0204081632653
0.0612244897959
0.0
0.0
0.0
0.0
0.0
0
0.0
0.0
0.166666666667
0.0
0.0
0.296296296296
0.192307692308
0.21875
0.255319148936
0.0
0.0
0.0
0.027027027027
0.0
0.0
0.177419354839
0.0
0.0975609756098
0.0
0.0
0.0
0.0
0.0
0.0
0.0
0.0
0.0
0.111111111111
0.346153846154
0.358490566038
0.05
0.0
0.0
0.216216216216
0.0588235294118
0.148936170213
0.0
0.0
0.0
0.0588235294118
0.4453125
0.0857142857143
0.0
0.0
0.0
0.0
0.0
0.0
0.0
0.5
0.0
0.222222222222
0.674418604651
0.209302325581
0.0
0.0
0.0508474576271
0.051724137931
0.0
0.0172413793103
0.0833333333333
0.0
0.05
0.0555555555556
0.105882352941
0.0886075949367
0.0
0.0
0.0
0.0
0.0
0.0
0.0
0.0
0.0
0.375
0.222222222222
0.304347826087
0.296296296296
0.170212765957
0.0701754385965
0.0
0.0864197530864
0.149253731343
0.0
0.0
0.0
0.0243902439024
0.177419354839
0.0238095238095
0.0
0.0
0.0
0.0
0.0
0.0
0.0
0.0
0
0.714285714286
0.333333333333
0.1
0.375
0.0952380952381
0.375
0.0
0.0
0.0
0.0454545454545
0.0
0.0
0.0
0.0
0.0
0.0
0.0
0.0
0.0
0.0
0.0
0
0.0
0.0
0.0
0.428571428571
0.0
0.0714285714286
0.0555555555556
0.25
0.027027027027
0.241379310345
0.0232558139535
0.208333333333
0.05
0.0952380952381
0.0444444444444
0.0
0.183673469388
0.0
0.0
0.0
0.0
0.0
0.0
0.0
0.0
0.0
0.166666666667
0.5
0.138888888889
0.129032258065
0.0
0.0222222222222
0.0434782608696
0.0
0.0
0.0
0.0
0.0232558139535
0.21875
0.02
0.0
0.0
0.0
0.0
0.0
0.0
0.0
0.0
0.0
0
0.222222222222
0.285714285714
0.0
0.0
0.0263157894737
0.214285714286
0.0
0.0
0.0
0.0851063829787
0.0
0.0
0.0
0.0196078431373
0.0166666666667
0.0
0.0
0.0
0.0
0.0
0.0
0.0
0.0
0.0
0.272727272727
0.148148148148
0.5
0.0
0.0
0.0
0.025
0.0
0.05
0.0
0.0
0.166666666667
0.0769230769231
0.22641509434
0.253968253968
0.0
0.0
0.0
0.0
0.0
0.0
0.0
0.0
0.2
0.181818181818
0.0
0.388888888889
0.119047619048
0.0714285714286
0.0
0.0
0.203703703704
0.0606060606061
0.0
0.0
0.128205128205
0.0
0.190476190476
0.125
0.0
0.0
0.0
0.0
0.0
0.0
0
0.0
0.444444444444
0.0909090909091
0.0
0.129032258065
0.129032258065
0.0
0.14
0.0344827586207
0.0333333333333
0.0175438596491
0.0
0.0
0.0
0.0
0.0181818181818
0.0
0.0
0.0
0.0
0.0
0.0
0.0
0
0.0
0
0.0
0.285714285714
0.142857142857
0.210526315789
0.1
0.0
0.230769230769
0.0416666666667
0.0
0.0
0.2
0.0
0.0
0.0
0.0
0.166666666667
0.235294117647
0.166666666667
0.0
0.0
0.0
0
0.0
1.0
0.166666666667
0.2
0.0952380952381
0.1875
0.0
0.192307692308
0.0
0.210526315789
0.259259259259
0.111111111111
0.0
0.0
0.0
0.333333333333
0.125
0.0
0.0
0.0
0.0
0.0
0.0
0.0
0.0
0.0
0.5
0.166666666667
0.317073170732
0.241379310345
0.0
0.179487179487
0.0
0.0243902439024
0.0188679245283
0.0
0.0
0.02
0.160714285714
0.0806451612903
0.0675675675676
0.159090909091
0.0
0.0
0.0
0.0
0.0
0.0
0.0
0.0
0.5
0.34375
0.209302325581
0.108695652174
0.12
0.0689655172414
0.0
0.114754098361
0.106382978723
0.0
0.0
0.0
0.264150943396
0.14
0.185714285714
0.0
0.0
0.0
0.0
0.0
0.0
0.0
0.0
0.0
0.0
0.277777777778
0.151515151515
0.0754716981132
0.119047619048
0.0
0.0769230769231
0.109090909091
0.0540540540541
0.0
0.0
0.209302325581
0.412698412698
0.030303030303
0.0
0.0
0.0
0.0
0.0
0.0
0.0
0.0
0.0
0.0
0.470588235294
0.142857142857
0.327586206897
0.225806451613
0.015625
0.311111111111
0.0
0.0
0.0
0.0
0.037037037037
0.178571428571
0.0416666666667
0.0
0.0
0.0
0.0
0.0
0.0
0.0
0.0
0.0
0.0
0.0
0.0
0.0
0.166666666667
0.0909090909091
0.161290322581
0.0
0.0
0.125
0.0
0.105263157895
0.0
0.0
0.0
0.0
0.0
0.0
0.0
0.0
0.0
0.0
0.0
0.0
0
0.0
0.0
0.583333333333
0.375
0.0
0.0
0.0526315789474
0.0869565217391
0.0
0.0
0.0
0.0
0.0
0.05
0.0
0.0
0.0
0.0
0.0
0.0
0.0
0.0
0
0.0
0.0
0.0
0.0
0.307692307692
0.0
0.111111111111
0.0
0.617647058824
0.1
0.0277777777778
0.28
0.0333333333333
0.0
0.0909090909091
0.1875
0.0
0.0
0.0
0.0
0.0
0.0
0.0
0.0
0.0
0.0
0.166666666667
0.363636363636
0.282051282051
0.268292682927
0.0
0.0
0.0416666666667
0.0
0.25
0.0
0.0
0.0
0.145833333333
0.258064516129
0.0181818181818
0.0
0.0
0.0
0.0
0.0
0.0
0.0
0.0
0.285714285714
0.0769230769231
0.0454545454545
0.54347826087
0.025641025641
0.0
0.0
0.177777777778
0.173076923077
0.0909090909091
0.0
0.0
0.0
0.482142857143
0.104166666667
0.109090909091
0.0
0.0
0.0
0.0
0.0
0.0
0.0
0.0
0.0
0.357142857143
0.264705882353
0.358490566038
0.0
0.0
0.0
0.0263157894737
0.0
0.0
0.0
0.0
0.0
0.0425531914894
0.380952380952
0.0
0.0
0.0
0.0
0.0
0.0
0.0
0.0
0.0
0.222222222222
0.0
0.470588235294
0.469387755102
0.0
0.0
0.0
0.0
0.464285714286
0.0
0.0
0.0
0.0
0.0188679245283
0.276923076923
0.0
0.0
0.0
0.0
0.0
0.0
0.0
0
0
0.2
0.125
0.5
0.24
0.161290322581
0.0
0.0243902439024
0.0588235294118
0.0461538461538
0.0
0.0
0.0
0.0
0.0
0.0
0.137931034483
0.0
0.0
0.0
0.0
0.0
0
0.0
0.2
0.166666666667
0.2
0.0625
0.688888888889
0.133333333333
0.0
0.0
0.0
0.0
0.0
0.0
0.0
0.115384615385
0.230769230769
0.0
0.0
0.0
0.0
0.0
0.0
0.0
0.0
0.0
0.0
0
0.0
0.545454545455
0.214285714286
0.142857142857
0.05
0.212121212121
0.40625
0.0
0.0
0.0
0.181818181818
0.0
0.0204081632653
0.025
0.0
0.0
0.0
0.0
0.0
0.0
0.0
0
0.0
0.0
0.0
0.666666666667
0.491803278689
0.125
0.0
0.0
0.0
0.0612244897959
0.075
0.0
0.0
0.0294117647059
0.142857142857
0.0232558139535
0.0
0.0
0.0
0.0
0.0
0.0
0.0
0.0
0.0
0.0
0.0
0.625
0.636363636364
0.0
0.025641025641
0.0
0.131578947368
0.15873015873
0.0
0.0
0.0
0.0
0.326086956522
0.150943396226
0.2
0.0
0.0
0.0
0.0
0.0
0.0
0.0
0.0
0.0
0.0
0.638888888889
0.617647058824
0.0
0.0
0.0
0.453125
0.0408163265306
0.163636363636
0.0
0.0588235294118
0.0217391304348
0.106060606061
0.0909090909091
0.0
0.0
0.0
0.0
0.0
0.0
0.0
0.0
0.0
0.0909090909091
0.0588235294118
0.647058823529
0.204545454545
0.0
0.0
0.0
0.271428571429
0.0263157894737
0.0
0.0
0.0
0.0344827586207
0.0
0.0
0.0
0.0
0.0
0.0
0.0
0.0
0.0
0.0
0.0
0.0
0.428571428571
0.272727272727
0.321428571429
0.40625
0.0
0.150943396226
0.109090909091
0.272727272727
0.0
0.0
0.0
0.0
0.0434782608696
0.0555555555556
0.0
0.0
0.0
0.0
0.0
0.0
0.0
0.0
0.0
0.0
0.5
0.4
0.558823529412
0.5
0.0
0.0
0.05
0.428571428571
0.0
0.0
0.037037037037
0.0
0.0
0.192307692308
0.03125
0.0
0.0
0.0
0.0
0.0
0.0
0.0
0.0
0.0
0.0
0.333333333333
0.666666666667
0.0
0.105263157895
0.619047619048
0.25
0.08
0.0
0.0967741935484
0.0416666666667
0.0
0.326086956522
0.0
0.162162162162
0.0
0.0
0.0
0.0
0.0
0.0
0.0
0.0
0.0
0.375
0.304347826087
0.309090909091
0.184210526316
0.0
0.106382978723
0.0285714285714
0.0
0.123076923077
0.0
0.0
0.0
0.0602409638554
0.147058823529
0.0
0.0
0.0
0.0
0.0
0.0
0.0
0.0
0.0
0.125
0.0833333333333
0.378378378378
0.295454545455
0.0
0.0
0.0714285714286
0.130434782609
0.0
0.109375
0.0
0.0
0.0
0.04
0.255102040816
0.0128205128205
0.0
0.0
0.0
0.0
0.0
0.0
0.0
0.333333333333
0.0
0.1
0.366666666667
0.618181818182
0.186046511628
0.0
0.0
0.0
0.166666666667
0.0
0.0
0.0
0.153846153846
0.122807017544
0.140625
0.0178571428571
0.0
0.0
0.0
0.0
0.0
0.0
0.0
0.0
0.0
0.333333333333
0.40625
0.173076923077
0.130434782609
0.0769230769231
0.0
0.210526315789
0.377777777778
0.0
0.0
0.0
0.05
0.117647058824
0.243243243243
0.209302325581
0.0322580645161
0.0
0.0
0.0
0.0
0.0
0.0
0.111111111111
0.0833333333333
0.0
0.047619047619
0.12
0.0540540540541
0.125
0.0416666666667
0.137254901961
0.282051282051
0.0
0.0
0.0
0.0
0.129032258065
0.172413793103
0.0
0.0
0.0
0.0
0.0
0
0.0
0.0
0.0
0
0.0
0.333333333333
0.581395348837
0.64
0.0
0.0
0.0
0.25
0.0
0.0
0.0
0.0
0.258064516129
0.166666666667
0.0
0.0
0.0
0.0
0.0
0.0
0.0
0.0
0
0.0
0.777777777778
0.538461538462
0.208333333333
0.423076923077
0.0
0.146341463415
0.410714285714
0.254237288136
0.0
0.0
0.0
0.0
0.145833333333
0.107692307692
0.0961538461538
0.0
0.0
0.0
0.0
0.0
0.0
0.0
0.0
0.0
0.181818181818
0.541666666667
0.581818181818
0.170212765957
0.0
0.0526315789474
0.0227272727273
0.0
0.0
0.0
0.0
0.0
0.283333333333
0.342857142857
0.106382978723
0.0
0.0
0.0
0.0
0.0
0.0
0.0
0.0
0.0
0.833333333333
0.24
0.392156862745
0.15
0.0
0.0
0.333333333333
0.015625
0.103448275862
0.0
0.0
0.137254901961
0.174603174603
0.209302325581
0.265060240964
0.0
0.0
0.0
0.0
0.0
0.0
0.0
0.0
0.0
0.409090909091
0.575757575758
0.396226415094
0.157894736842
0.0
0.1
0.0
0.0416666666667
0.015625
0.015625
0.0
0.0
0.220588235294
0.275510204082
0.209302325581
0.0
0.0
0.0
0.0
0.0
0.0
0.0
0.0
0.0
0.434782608696
0.0625
0.146341463415
0.283582089552
0.0
0.0
0.0704225352113
0.223684210526
0.0
0.0
0.0
0.106666666667
0.131313131313
0.0
0.0
0.0
0.0
0.0
0.0
0.0
0.0
0
0.0
0.375
0.230769230769
0.269230769231
0.46
0.0677966101695
0.0615384615385
0.0606060606061
0.13698630137
0.162162162162
0.0
0.0
0.0
0.0
0.0
0.0989010989011
0.0666666666667
0.0
0.0
0.0
0.0
0.0
0.0
0.0
0
0.0
0.666666666667
0.583333333333
0.0
0.105263157895
0.0
0.0
0.125
0.166666666667
0.0
0.0
0.0
0.0
0.0588235294118
0.0714285714286
0.0
0.0
0.0
0.0
0.0
0
0.0
0.0
0.0
0.0
0.2
0.6
0.333333333333
0.0
0.238095238095
0.0555555555556
0.0740740740741
0.483870967742
0.0
0.103448275862
0.153846153846
0.0
0.205882352941
0.277777777778
0.107142857143
0.0
0.0
0.0
0.0
0.0
0.0
0.5
0.0
0.0
0.555555555556
0.32
0.171428571429
0.117647058824
0.0
0.4
0.19512195122
0.0
0.0
0.0
0.0
0.0
0.0
0.0
0.037037037037
0.0
0.0
0.0
0.0
0.0
0.0
0.0
0.0
0.0
0.0
0.8
0.0588235294118
0.0
0.0
0.0384615384615
0.0
0.0
0.0
0.0
0.0
0.12
0.0869565217391
0.212121212121
0.15625
0.04
0.0
0.0
0.0
0.0
0.0
0.0
0.0
0.25
0.3
0.333333333333
0.533333333333
0.161290322581
0.0
0.0
0.0
0.0
0.0
0.0333333333333
0.0
0.1
0.135135135135
0.179487179487
0.0
0.0
0.222222222222
0.08
0.0
0.0
0.0
0.0
0.0
0.0
0.0
0.416666666667
0.2
0.297297297297
0.392857142857
0.0
0.0
0.119047619048
0.107142857143
0.0
0.0
0.0
0.238095238095
0.185185185185
0.0
0.125
0.0
0.0
0.0
0.0
0.0
0.0
0.0
0.0
0.0
0.0588235294118
0.388888888889
0.290322580645
0.0
0.0
0.0
0.0769230769231
0.0
0.222222222222
0.0
0.0
0.0
0.0
0.08
0.047619047619
0.0
0.0
0
0.0
0.0
0
0.0
0.0
0.0
0.666666666667
0.565217391304
0.1875
0.0
0.0
0.631578947368
0.0
0.0
0.0909090909091
0.0
0.421052631579
0.0
0.0588235294118
0.0
0.0
0.0
0.0
0.0
0.0
0
0.0
0.0
0.0
0.0
0.411764705882
0.461538461538
0.0769230769231
0.0
0.0
0.52380952381
0.24
0.192307692308
0.321428571429
0.0
0.0
0.392857142857
0.137931034483
0.0
0.222222222222
0.0
0.0
0.0
0.0
0.0
0.0
0.0
0.0
0.0
0.333333333333
0.321428571429
0.142857142857
0.0
0.0
0.0666666666667
0.0384615384615
0.0833333333333
0.0
0.0
0.0
0.0909090909091
0.0
0.0454545454545
0.0
0.0
0.0
0.0
0.0
0.0
0.0
0.2
0.0
0.25
0.136363636364
0.4
0.0555555555556
0.0
0.0
0.0
0.0
0.0
0.0
0.0
0.0
0.0
0.0
0.0
0.0
0.0
0.0
0.0
0.0
0.0
0.0
0.666666666667
0.0
0.0
0.333333333333
0.470588235294
0.272727272727
0.0
0.0
0.117647058824
0.166666666667
0.0
0.0
0.153846153846
0.454545454545
0.0
0.0
0.0833333333333
0.0
0.0
0.0
0.0
0.0
0.0
0
0.333333333333
0.0
0.0
0.0
0.2
0.0
0.0
0.0
0.0
0.176470588235
0.0
0.0
0.0
0.0
0.0
0.0
0.181818181818
0.0
0.0
0.0
0.0
0
0.0
0.0
0.0
0.0
0.0
0.5
0.384615384615
0.0
0.0
0.0
0.0
0.0
0.0
0.0
0.0
0.0
0.0
0.0
0.0
0.25
0.0
0.0
0
0.0
0.0
0.0
0.0
0.0
0.0
0.0
0.0
0.0
0
0.0
0.0
0.2
0.0
0.0
0.0
0.0
0.0
0.0
0.0
0.0
0.0
0
0.0
0.0
0
0.0
0
0.0
0
0.0
0.0
0.333333333333
0.0
0.0
0.0
0.0
0.0
0.333333333333
0.0
0.166666666667
0.0
0.0
0.0
0.0
0.0
0
0
0.0
0.0
0
0
0.0
0.666666666667
0.1
0.538461538462
0.125
0.0
0.0
0.142857142857
0.0
0.0
0.0
0.0
0.0
0.0
0.333333333333
0.0
0.0
0.0
0
0.0
0.0
0.0
0.0
0.0
0.0
0.2
0.75
0.307692307692
0.25
0.0
0.0
0.0
0.0
0.0
0.0
0.0
0.0
0.0
0.0
0.0
0.0
0.0
0
0.0
0.0
0
0.0
0.0
0.5
0.2
0.545454545455
0.454545454545
0.0
0.0
0.0
0.0
0.0
0.0
0.0
0.0
0.0
0.0
0.0
0.0
0.0
0.0
0
0
0
0
0
0.0
0.5
0.166666666667
0.0
0.0
0.0
0.0
0.0909090909091
0.0
0.0
0.125
0.0
0.0
0.0
0.0
0.0
0.285714285714
0.0
0.0
0.0
0.0
0
0.0
0
0.0
0.0
0.2
0.5
0.166666666667
0.0
0.0
0.111111111111
0.0
0.0
0.0
0.0
0.0
0.0
0.0
0.0
0.333333333333
0.0
0.0
0.0
0.0
0.0
0
0.0
0
0.0
0.0
0.0
0.0
0.0
0.0
0.0
0.0
0.0
0.333333333333
0.0
0.0
0.0
0
0.0
0.0
0.0
0.5
0.25
0
0
0
0
0
0
0.0
0.5
0.0
0.0
0.375
0.0
0.0
0.0
0.0
0.0
0.0
0.0
0.333333333333
0
0.0
0.333333333333
0.0
0.0
0.0
0
0
0
0.0
0.75
0.333333333333
0.333333333333
0.0
0.0
0.0
0.166666666667
0.111111111111
0.0
0.0
0.0
0.0
0.1875
0.0769230769231
0.0
0.0
0.0
0.0
0.0
0.0
0.0
0.0
0
0
0.0
1.0
0.285714285714
0.333333333333
0.0
0.0
0.136363636364
0.0
0.0
0.0
0.0
0.0
0.0
0.0
0.0
0.0
0.0
0.0
0.0
0
0
0.0
0
0
0.285714285714
0.5
0.0769230769231
0.0
0.0625
0.0416666666667
0.0
0.0588235294118
0.0
0.0
0.0
0.0
0.0
0.0
0.0
0.0
0.0
0.0
0.0
0.0
0
0
0
0.0
0.0
0.2
0.428571428571
0.0
0.222222222222
0.0
0.0
0.0
0.0
0.0
0.0
0.0
0.0
0.0
0.125
0.0
0.0
0.0
0.0
0.0
0.0
0.0
0.0
0.0
0.0
0.625
0.789473684211
0.0714285714286
0.0
0.0
0.0344827586207
0.0
0.0
0.0
0.0
0.0
0.0
0.0
0.0
0.0
0.0
0.0
0.0
0
0.0
0
0.0
0
0.0
0.5
0.857142857143
0.0
0.0
0.0
0.0
0.0
0.0
0.0
0.0
0.0
0.0
0.0
0.0
0.0
0.0
0.0
0
0.0
0
0
0
0
0
0.0
0.666666666667
0.25
0
0.0
0.0
0.75
0.0
0.0
0.0
0.0
0.0
0.0
0
0.0
0.0
0.0
0.0
0.0
0.0
0
0.0
0.0
0
0.0
0.25
0.0
0.4
0.0
0.125
0.4
0.0
0.0
0.0
0.0
0.428571428571
0.0
0.0
0.0
0.0
0.0
0.0
0.0
0.0
0.0
0
0.0
0.25
0.761904761905
0.230769230769
0.0
0.0
0.0
0.157894736842
0.0
0.0
0.0
0.0
0.0
0.0
0.0
0.0
0.0
0.0
0.0
0.0
0.0
0.0
0
0
0.0
0.666666666667
0.625
0.272727272727
0.1
0.25
0.1875
0.08
0.0
0.0
0.0
0.0
0.0
0.0
0.0
0.0
0.0
0.0
0.0
0.0
0.0
0.0
0.0
0
0.0
0.0
0.2
0.735294117647
0.32
0.103448275862
0.0
0.0
0.0
0.0
0.0
0.0
0.0
0.0
0.0
0.0
0.133333333333
0.0
0.0
0.0
0.0
0.0
0
0.0
0.0
0.0
0.0
0.166666666667
0.333333333333
0.0
0.0
0.0740740740741
0.2
0.0
0.0
0.0
0.0
0.0
0.0
0.0
0.0
0.0
0.0
0.0
0.0
0
0
0.0
0
0.333333333333
0.125
0.333333333333
0.0
0.0769230769231
0.0
0.0
0.0
0.0
0.0
0.0
0.0
0.0
0.0
0.294117647059
0.0
0.0
0.0
0.0
0.0
0.0
0
0
0
0.0
0.5
0.0
0.142857142857
0.0
0.0
0.0
0.0
0.0
0.0
0.0
0.0
0.0
0.263157894737
0.2
0.111111111111
0.0
0.0
0.0
0.0
0.0
0.0
0
0.0
0.5
0.285714285714
0.0909090909091
0.266666666667
0.0
0.0
0.1
0.0
0.0
0.0
0.0
0.0
0.0
0.0
0.0
0.0
0.0
0.0
0.0
0.0
0.0
0.0
0
0.0
0.25
0.5
0.56
0.5
0.0
0.0
0.0
0.0
0.0
0.0
0.0
0.0
0.0
0.05
0.05
0.0
0.0
0.0
0.0
0
0
0.0
0.5
0.0
0.2
0.454545454545
0.411764705882
0.25
0.0
0.0
0.297872340426
0.047619047619
0.0
0.0
0.0
0.0714285714286
0.285714285714
0.125
0.0
0.0
0.0
0.0
0.0
0.0
0.0
0.0
0
0.0
0.625
0.709677419355
0.516129032258
0.0
0.0
0.0
0.0
0.166666666667
0.0454545454545
0.0
0.0
0.0
0.0
0.0
0.0
0.0
0.0
0.0
0.0
0.0
0.0
0.0
0.0
0.0
0.416666666667
0.88
0.5
0.0
0.03125
0.0
0.0
0.0
0.0
0.0
0.0
0.0
0.0
0.0
0.0
0.181818181818
0.0
0
0.0
0.0
0.0
0
0
0.333333333333
0.4
0.0
0.142857142857
0.0
0.0
0.111111111111
0.0
0.0
0.166666666667
0.0
0.0
0.2
0.0
0.0
0.0
0.111111111111
0.0
0.0
0.0
0
0
0
0
0.0
0.0
0.333333333333
0.142857142857
0.333333333333
0.142857142857
0.222222222222
0.1875
0.333333333333
0.0
0.0
0.0
0.0
0.0
0.285714285714
0.388888888889
0.0
0.0
0.0
0.0
0.0
0.0
0.0
0.0
0.0
0.727272727273
0.714285714286
0.526315789474
0.0
0.0
0.0
0.107142857143
0.192307692308
0.0
0.0967741935484
0.0
0.0
0.0
0.0833333333333
0.0
0.0
0.0
0.0
0.0
0.0
0.0
0.0
0.0
0.0
0.4
0.675675675676
0.166666666667
0.0
0.0
0.0
0.0
0.0
0.0
0.0
0.0
0.0
0.0
0.176470588235
0.0
0.0
0.0
0.0
0.0
0
0
0
0.5
0.0
0.666666666667
0.860465116279
0.0
0.0
0.0
0.0625
0.222222222222
0.0333333333333
0.0
0.0
0.0
0.05
0.0
0.15
0.037037037037
0.0
0.0
0.0
0.0
0.0
0.0
0
0
0
0.75
1.0
0.578947368421
0.0
0.0
0.0
0.0
0.125
0.0833333333333
0.0
0.0
0.0
0.0
0.0833333333333
0.0
0.0
0.0
0.0
0.0
0.0
0
0
0
0.0
0.888888888889
0.933333333333
0.392857142857
0.0
0.0
0.047619047619
0.40625
0.0
0.0
0.0555555555556
0.0
0.0
0.0
0.0
0.0
0.0
0.0
0.0
0.0
0.0
0
0
0.0
0.0
0.0
0.25
0.5
0.615384615385
0.714285714286
0.0
0.0
0.0588235294118
0.0
0.0
0.0
0.0
0.0
0.0
0.285714285714
0.0
0.0
0.0
0.0
0.0
0
0.0
0.0
0.0
0.0
0.333333333333
0.125
0.0
0.0
0.428571428571
0.0
0.25
0.1
0.190476190476
0.272727272727
0.0
0.0
0.0
0.173913043478
0.473684210526
0.0
0.0
0.0
0.0
0.0
0.0
0.0
0.0
0.75
0.153846153846
0.133333333333
0.0
0.0
0.157894736842
0.529411764706
0.157894736842
0.0
0.0
0.0
0.0
0.0
0.0
0.04
0.0
0.0
0.0
0.0
0.0
0
0.0
0
0.0
0.5
0.222222222222
0.529411764706
0.4375
0.0
0.0
0.0
0.0
0.0
0.0
0.0
0.0833333333333
0.0
0.0
0.0
0.0
0.0
0.0
0.0
0.0
0.0
0.0
0.0
0.0
0.0
0.5
0.125
0.0588235294118
0.125
0.0
0.0
0.241379310345
0.0
0.0
0.0
0.0
0.0
0.05
0.0
0.0
0.0
0.0
0.0
0.0
0
0
0.0
0.666666666667
0.0
0.1
0.4
0.166666666667
0.176470588235
0.0
0.0526315789474
0.264705882353
0.116279069767
0.0
0.0
0.0
0.0
0.0952380952381
0.0
0.0
0.0
0.0
0
0.0
0.0
0.0
0.2
0.0
0.181818181818
0.222222222222
0.235294117647
0.653846153846
0.0
0.0
0.0769230769231
0.0
0.0
0.0
0.0
0.0
0.0
0.0
0.0
0.0
0.0
0.0
0.0
0.0
0
0.0
0
0.0
0.0
0.0
0.166666666667
0.25
0.0
0.0
0.0
0.0
0.0
0.0
0.0
0.0
0.0
0.5
0.0
0.0
0.0
0.0
0
0.0
0.0
0
0
0.0
0.0
0.0
0
0.428571428571
0.642857142857
0.0
0.0833333333333
0.0
0.0
0.0555555555556
0.0
0.0
0.0
0.0384615384615
0.2
0.0
0.0
0.0
0.0
0.0
0.0
0.0
0.0
0.0
0.4375
0.461538461538
0.263157894737
0.0
0.0
0.0
0.0
0.0
0.0833333333333
0.0
0.0
0.0
0.0
0.0
0.0
0.166666666667
0.0
0.0
0.0
0.0
0.0
0.0
0.0
0.2
0.0
0.0
0.733333333333
0.357142857143
0.0
0.0
0.0
0.285714285714
0.375
0.454545454545
0.0
0.0
0.0
0.0
0.5625
0.0
0.0
0.0
0.0
0.0
0.0
0.0
0.0
0.0
0.333333333333
0.285714285714
0.6
0.375
0.0
0.0
0.115384615385
0.0526315789474
0.0
0.0
0.0
0.0
0.0
0.111111111111
0.0
0.285714285714
0.0
0.0
0.0
0
0.0
0.0
0.0
0
0.0
0.444444444444
0.153846153846
0.0
0.0
0.0
0.0
0.125
0.0
0.0
0.0
0.0
0.0
0.0
0.0
0.0
0.0
0.5
0.5
0
0
0
0
0.0
0.0
0.625
0.181818181818
0.4
0.0
0.0
0.2
0.190476190476
0.0
0.0
0.0
0.0
0.0
0.0
0.0
0.0
0.0
0.0
0
0
0.0
0
0.0
0.5
0.0
0
0.0
0.166666666667
0.166666666667
0.0
0.0
0.0
0.0
0.0
0.4
0.0
0.0
0.0
0.0
0.0
0.0
0.0
0.0
0
0
0
0
0
0.5
0.0
1.0
0.0
0.0
0.0
0.0
0.0
0.0
0.0
0.0
0.0
0.0
0.0
0.0
0.125
0.0
0.0
0.0
0.0
0.0
0
0
0.5
1.0
0.416666666667
0.25
0.0
0.0
0.0
0.2
0.47619047619
0.3
0.0
0.0
0.0
0.111111111111
0.142857142857
0.0
0.0
0.0
0.0
0.0
