0.333333333333
0
0
0
0
0
0
0.0
0.166666666667
0.0
0.0
0.0
0.0
0.0
0.1
0.0
0.0
0.0
0.0
0.0
0.0
0.0
0.0
0.0
0
0.0
0.5
0
0.0
0
0.0
0.0
0.0
0.0
0.0
0.0
0.0
0.0
0.0
0.0
0.0
0.0
0.0
0.0
0.0
0.0
0.0
0.0
0.0
0
0.5
0
0.0
0
0
0
0.0
0.0
0.0
0.0
0.0
0.0
0.0
0.0
0.0
0.0
0.0
0.0
0.333333333333
0.0
0.0
0.0
0.0
0
0
0.0
0
0
0
0.0
0.0
1.0
0.2
0.0
0.0
0.0
0.0
0.0
0.0
1.0
0.0
0.0
0.0
0.5
0.666666666667
0.0
0
0
0
0
0.0
0
0
0.0
0.0
0.0
0.6
0.0
0.0
0.0
0.0
0.333333333333
0.0
0.0
0.0
0.0
0.0
0.0
0.428571428571
0.0
0
0.0
0.0
0
0
0
0
0.0
0.0
0.2
0.0
0.0
0.125
0.0
0.0
0.0
0.0
0.0
0.0
0.0
0.0
0.0
0.0
0.0
0.0
0.0
0.0
0
0
0
0
0
0.0
0.0
0.0
0.333333333333
0.0
0.0
0.0
0.0
0.0
0.0
0.0
0.0
0.0
0.0
0.0
0.0
0.0
0.0
0.0
0
0
0
0.0
0.0
0.0
0.0
0.0
0.0
0.0357142857143
0.0
0.0
0.0
0.0
0.0
0.0
0.0
0.0
0.0
0.0
0.0
0.0
0.0
0.0
0
0.0
0
0
0.0
0.0
0.0
0.0
0.0
0.0
0.0666666666667
0.0
0.0
0.0
0.0
0.0
0.0
0.0
0.0
0.0
0.0
0.0
0.0
0.0
0.0
0
0
0.0
0.0
0.0
0.136363636364
0.0833333333333
0.333333333333
0.0
0.0
0.0
0.0
0.0
0.0
0.0
0.0
0.0
0.0
0.0
0.0
0.0
0.0
0
0.0
0
0.0
0.0
0.5
0.0
0.111111111111
0.0
0.0
0.0
0.0
0.0
0.0
0.08
0.0
0.0
0.0
0.0
0.0
0.0
0.0
0.0
0.0
0
0
0
0
0.0
0.0
0.0
0.0
0.0
0.0
0.0
0.0
0.0
0.333333333333
0.0
0.0
0.0
0.0
0.0
0.0
0.0
0.0
0.0
0.0
0.0
0.0
0
0
0
0.0
0.0
0.0
0.5
0.0
0.0
0.0
0.0
0.0
0.142857142857
0.0
0.0
0.0
0.0
0.0
0.0
0.0
0.0
0.0
0
0
0.0
0
0.0
0.0
0.0
0.0
0.0
0.125
0.0
0.0
0.0
0.0
0.0
0.0
0.0
0.0
0.0
0.0
0.0
0.0
0.0
0.0
0.0
0
0
0
0.0
0.0
0.0833333333333
0.0
0.0
0.0526315789474
0.0
0.0
0.0
0.0
0.0
0.0
0.0
0.0
0.0
0.0
0.0
0.0
0.0
0.0
0
0
0
0
0.0
0.0
0.0
0.1
0.0
0.0
0.0
0.0
0.0
0.0
0.0
0.0
0.0
0.0
0.0
0.0
0.0
0.0
0.0
0.0
0.0
0
0.0
0.0
0.0
0.0
0.125
0.037037037037
0.0
0.0
0.0
0.0454545454545
0.133333333333
0.0
0.0
0.0
0.0
0.0
0.0
0.0
0.0
0.0
0.0
0
0
0
0
0.0
0
0.0
0.1
0.0
0.0
0.0
0.0
0.0
0.0
0.0
0.0
0.0
0.0
0.0
0.0
0.0
0.0
0
0.0
0.0
0
0.0
0
0
0
0.0
0.0
0.0
0.0
0.0
0.0
0.0
0.0
0.0
0.0
0.0
0.0
0.0
0.0
0.0
0.0
0.0
0.0
0.0
0
0.0
0
0
0.0
0.0
0.2
0.0
0.0
0.0
0.0
0.0
0.0
0.0
0.0
0.0
0.0
0.0
0.0
0.0
0.0
0.0
0.0
0.0
0.0
0.0
0
0
0.0
0.0
0.0
0.0
0.105263157895
0.0833333333333
0.0
0.0
0.0
0.0
0.0
0.0
0.0
0.0
0.0
0.0
0.0
0.0
0.0
0
0.0
0
0
0
0.0
0.5
0.0
0.0
0.0
0.0
0.0
0.111111111111
0.0
0.0625
0.0
0.0
0.0
0.0
0.0
0.0
0.0
0.0
0.0
0.0
0.0
0
0.0
0
0.0
0.0
0.105263157895
0.0
0.12
0.0
0.0
0.0
0.0
0.0
0.0
0.0
0.0
0.0
0.0
0.0
0.0
0.0
0.0
0.0
0.0
0
0
0
0.0
0.0
0.0
0.0
0.0
0.0
0.0
0.0
0.111111111111
0.0
0.0
0.0
0.0
0.0
0.0
0.0
0.0
0.0
0.0
0.0
0
0.0
0.0
0.0
1.0
0.0
0.166666666667
0.0
0.0
0.0
0.0
0.0
0.0
0.0
0.0
0.0
0.0
0.0
0.0
0.0
0.0
0.0
0.0
0.0
0.0
0.0
0.0
0
0.0
0
0.0
0.0
0.0
0.111111111111
0.0
0.0
0.0
0.0
0.0
0.0
0.0
0.0
0.0
0.0
0.333333333333
0.0
0.0
0
0
0.0
0
0.0
0
0
0.0
0.0
0.0
0.0
0.2
0.0
0.0
0.0
0.0
0.0
0.0
0.0
0.0
0.0
0.0
0.0
0.0
0.0
0.0
0.0
0.0
0.0
0
0.0
0.0
0.0
0.0
0.0
0.0
0.0
0.0
0.0
0.0
0.0
0.0
0.0
0.0
0.0
0.0
0.0
0.0
0.0
0.0
0.0
0
0
0
0.0
0.0
0.0
0.0625
0.0
0.0
0.0
0.0
0.0
0.0
0.0
0.0
0.25
0.0
0.0
0.0
0.0
0.0
0
0.0
0.0
0
0
0
0.0
0.2
0.0
0.0
0.111111111111
0.0
0.0
0.0
0.0
0.0
0.0
0.0
0.0
0.0
0.0
0.0
0.0
0.0
0
0.0
0
0.0
0.0
0.0
0.0
0.0
0.0
0.0
0.0
0.0
0.0
0.0
0.0
0.0
0.0
0.0
0.0
0.0
0.0
0.0
0.0
0.0
0.0
0
0
0
0
0
0.333333333333
0.0
0.0851063829787
0.714285714286
0.5
0.923076923077
0.222222222222
0.444444444444
0.0588235294118
0.142857142857
0.0
0.0
0.0
0.0
0.0
0.0
0.0
0.0
0
0.0
0.0
0.0
0
0
0.0
0.0
0.0
0.0
0.0
0.0
0.0
0.25
0.0
0.0
0.0
0.0
0.0
0.0
0.0
0.0
0.0
0
0.0
0
0
0
0
0
0.0
0
0.0
0.0
0.0
0.0
0.0
0.0
0.0
0.0
0.0
0.0
0.0
0.0
0.0
0.0
0.0
0.0
0.0
0.0
0
0.0
0.0
0.0
0.0
0.0
0.0
0.333333333333
0.0
0.0
0.0
0.0
0.0
0.0
0.0
0.0
0.0
0.0
0.0
0.0
0.0
0.0
0.0
0.0
0
0
0.0
0.0
0.666666666667
0.125
0.0
0.0
0.0
0.0
0.0
0.0
0.0
0.0
0.0
0.0
0.0
0.166666666667
0.0
0.0
0.0
0.0
0.0
0.0
0.0
0
0.0
0.0
0.0
0.0
0.0
0.0
0.0
0.0
0.0952380952381
0.0
0.0
0.0
0.0
0.0
0.0
0.0
0.0
0.0
0.0
0.0
0.0
0
0
0
0
0.0
0.333333333333
0.0
0.0
0.0
0.0
0.0
0.0
0.0
0.25
0.0
0.0
0.0
0.0
0.0
0.0
0.125
0.0
0.0
0.0
0
0.0
0.0
0.0
0.0
0.0
0.0
0.0
0.0
0.0
0.0833333333333
0.0
0.0
0.166666666667
0.0
0.0
0.0
0.0
0.166666666667
0.0
0.0
0.0
0.0
0.0
0
0.0
0
0
0
0.0
0.0
0.0
0.0
0.0
0.0
0.0
0.0
0.0
0.0
0.0
0.0
0.285714285714
0.0
0.0
0.0
0.0
0.0
0.0
0
0
0
0.0
0
0
0.0
0
0.25
0.0
0.0
0.0
0.0
0.0909090909091
0.0
0.0
0.0
0.0
0.0
0.0
0.0
0.0
0.0
0.0
0.0
0
0.0
0
0.0
0.333333333333
0.0
0.0
0.0
0.0
0.1
0.2
0.444444444444
0.0
0.0
0.0
0.0
0.0
0.25
0.0
0.0
0.0
0.0
0.0
0.0
0.0
0.0
0
0.0
0.25
0.0
0.0
0.0
0.0
0.0
0.0909090909091
0.0
0.0
0.0
0.0
0.0
0.0
0.0
0.0
0.0
0.0
0.0
0.0
0.0
0.0
0
0.0
0
0.333333333333
0.0
0.0
0.0
0.0
0.0
0.0
0.0
0.0
0.0
0.0
0.0
0.0
0.0
0.0
0.0
0.0
0.0
0
0
0.0
0.0
0
0
0.0
0.0
0.0
0.0
0.0
0.0
0.0
0.0
0.0
0.0
0.0
0.0
0.0
0.0
0.0
0.0
0.0
0.0
0.0
0.0
1.0
0
0
0
0.0
0.285714285714
0.0
0.0
0.0
0.0
0.0
0.0
0.0
0.0
0.0
0.0
0.0
0.0
0.0
1.0
0.333333333333
0
0
0
0
0
0
0
0
0.0
0
0.25
0.5
1.0
0.2
0.5
0.0
0.0
0.0
0.0
0.0
0.0
0.0
0.0
0.5
0.0
0
0
0.0
0
0
0
0.0
0
0.0
0.0
0.0
0.0
0.0
0.0
0.0
0.333333333333
0.0
0.0
0.0
0.0
0.0
0.0
0.0
0.0
0.0
0.333333333333
0
0
0
0
0.0
0.0
0.0
0.0
0.0
0.0
0.0
0.0
0.0
0.0
0.0
0.0
0
0.0
0.0
0.0
0.0
0.0
0.0
0.0
0
0.0
0.0
0
0.0
0.0
0.166666666667
0.0
0.0
0.0
0.0
0.0
0.0
0.0
0.0
0.0
1.0
0.375
0.0
0.0
0
0.0
0
0.0
0
0
0
0.0
0.0
0.0
0.0
0.0
0.0
0.0
0.0
0.0
0.0
0.0
0.0
0.0
0.0
0.0
0.0
0.0
0.0
0.0
0.0
0
0
0
0.0
0
0.0
0.0
0.0
0.0
0.0
0.0
0.0
0.0
0.0
0.0
0.0
0.0
0.0
0.0
0.0
0.0
0.0
0.0
0.0
0.0
0
0
0.0
0
0
0.333333333333
0.243902439024
0.0
0.0
0.0
0.0
0.0
0.0
0.0
0.0
0.0
0.0
0.0
0.0
0.0
0.0
0.0
0.0
0.0
0
0.0
0
0.0
0
0.0
0.0
0.0
0.0
0.0
0.0
0.0
0.0
0.0
0.0
0.0
0.0
0.0
0.0
0.0
0.0
0.0
0.0
0.0
0
0
0.0
0
0
0.0
0.0
0.0
0.0
0.0
0.0
0.0
0.0
0.0
0.0
0.0
0.0
0.0
0.0
0.0
0.0
0.0
0.0
0.0
0.0
0
0.0
0.0
0.0
0.0
0.0
0.0
0.0
0.0
0.0
0.0
0.0
0.0
0.0
0.0
0.0666666666667
0.0
0.0
0.0
0.0
0.0
0.0
0
0.0
0
0
0
0.0
0.0
0.0
0.0
0.0285714285714
0.0
0.0
0.0
0.0
0.0
0.0
0.519230769231
0.0
0.0
0.0
0.0
0.0
0.0
0.0
0.0
0.0
0.0
0.0
0
0.0
0.0
0.0
0.0
0.0
0.0
0.0
0.0
0.0
0.0
0.0
0.0
0.0
0.0
0.0
0.0
0.0
0.0
0.0
0.0
0
0
0
0
0.0
0.0
0.0
0.0
0.0
0.0
0.0
0.0
0.0
0.0
0.0
0.0
0.0
0.0
0.0
0.0
0.0
0.0
0.0
0.0
0.0
0
0.0
0.666666666667
0.0
0.0
0.0
0.0
0.0
0.0
0.0
0.0
0.0
0.0
0.0
0.0
0.0
0.0
0.0
0.0
0.0
0.0
0.0
0.0
0.0
0.0
0
0
0
0.333333333333
0.0
0.0
0.0
0.0
0.0
0.0
0.0
0.0
0.0
0.0
0.0
0.0
0.0
0.0
0.0
0.0
0
0.0
0.0
0
0
0.0
0
0
0.0
0.0
0.0
0.0
0.0
0.0
0.0
0.0
0.0
0.0
0.0
0.0
0.0
0.0
0.0
0.0
0.0
0.0
0
0
0.0
0
0.0
0.0
0.0
0.0
0.0
0.0
0.0
0.0
0.0
0.0
0.0
0.0
0.0
0.0
0.0
0.0
0.0
0.0
0.0
0.0
0.0
0.0
0
0.0
0.0
0.0
0.0
0.0
0.0
0.0
0.0
0.0
0.0
0.0
0.0
0.0
0.0
0.0
0.0
0.0357142857143
0.0
0.0
0.0
0.0
0.0
0.0
0.0
0.0
0.4
0.0
0.0
0.0
0.0
0.0
0.0
0.0
0.0
0.0
0.0
0.0
0.0
0.0
0.0
0.0
0.0
0.0
0.0
0.0
0.0
0
0.0
0.0
0.0
0.0
0.0
0.0
0.0
0.0
0.0
0.0
0.0
0.0
0.0
0.0
0.0
0.0
0.0
0.0
0.0
0.0
0.0
0.0
0.0
0.0
0.0
0.0
0.0
0.0
0.0
0.0
0.0
0.0
0.0
0.0
0.0
0.0
0.0
0.0
0.0
0.0
0.0
0.0
0.0
0.0
0.0
0.0
0
0.5
0
0
0
0.0
0.0
0.0
0.0
0.0
0.0
0.0
0.0
0.0
0.0
0.0
0.0
0.0
0.0
0.0
0.0
0.0
0.0
0.0
0.0
0
0
0
0.0
0.0
0.222222222222
0.0769230769231
0.0625
0.0357142857143
0.0
0.0
0.0
0.0
0.0
0.0
0.0
0.0
0.0
0.0
0.0
0.0
0.0
0.0
0.0
0.0
0.0
0.0
0.5
0.0
0.0
0.0
0.0
0.0
0.0
0.12
0.0
0.0
0.0
0.0
0.0
0.0
0.0
0.0
0.0
0.0
0.0
0.0
0.0
0.0
0.0
0
0.166666666667
0.0
0.0
0.0
0.0
0.0
0.0
0.0
0.0
0.0
0.0
0.0232558139535
0.0
0.0
0.0
0.0
0.0
0.0
0.0
0.0
0.0
0.0
0.0
0.0
0.2
0.0
0.0
0.0
0.0
0.0
0.0
0.0
0.0405405405405
0.0
0.0
0.0
0.0
0.0
0.0
0.0
0.0
0.0
0.0
0.0
0.0
0.0
0
0.0
0.0
0.030303030303
0.0
0.163265306122
0.0
0.0
0.0
0.0
0.0
0.17
0.0
0.0
0.0
0.0
0.0
0.0
0.0
0.0
0.0
0.0
0.0
0.0
0.0
0.0
0.0
0.0
0.0
0.0104166666667
0.0
0.0
0.0
0.0
0.0
0.0
0.0
0.0
0.0
0.0
0.0
0.0
0.0
0.0
0.0
0
0
0.0
0.0
0.0
0.0
1.0
0.0
0.0
0.0
0.0
0.0
0.0
0.0
0.0
0.0
0.0
0.0
0.0
0.0
0.0
0.0
0.0
0.0
0.0
0
0
0.0
0.0
0.0
0.0
0.0
0.0
0.0
0.0
0.0
0.0
0.0
0.0
0.0
0.0
0.0
0.0
0.0
0.0133333333333
0.0
0.0
0.0
0.0
0.0
0.0
0.0
0.0
0.0
0.0
0.0
0.0
0.0
0.0
0.0
0.0
0.0
0.0
0.0
0.0
0.0
0.0
0.0
0.0
0.0
0.0
0.0
0.0
0.0
0.0
0.0
0.0
0.0
0.0
0.0
0.0
0.0
0.0
0.0
0.0
0.0
0.0
0.0
0.0
0.0
0.0
0.0
0.0
0.0
0.0
0.0
0.0
0.0
0.0
0.0
0.0
0.0
0.0
0.0
0.0
0.0
0.0
0.0
0.0
0.0
0.0
0.0
0.0
0.0
0.0
0.0
0.0
0.0
0.0
0.0
0.0
0.0
0.0
0.0
0.0
0.0
0.0
0.0
0.0
0.0
0.0
0.0
0.0
0.0
0.0
0.0
0.0
0.0
0.0
0.0
0.0
0.0
0.0
0.0
0.0
0.0
0.0
0.0
0.0
0.0
0.0
0.0
0.0
0.0
0.0
0.0
0.0
0.0
0.0
0.0
0.0
0.0
0.0
0.0
0.0
0.0
0.0
0.0
0.0
0
0
0
0.0
0.0
0.125
0.0
0.0
0.25
0.0
0.125
0.0
0.0
0.0
0.0
0.0
0.0
0.0
0.0
0.0
0.0
0.0
0.0
0.0
0.0
0
0
0
0.0
0.0
0.0588235294118
0.0
0.0
0.0
0.037037037037
0.0
0.0
0.0
0.0
0.03125
0.0
0.0
0.0
0.0
0.0
0.0
0.0
0.0
0.0
0.0
0.0
0.25
0.125
0.0
0.0
0.0
0.0
0.0
0.0
0.0
0.0
0.0
0.0
0.09375
0.0
0.0
0.0
0.0
0.0
0.0
0.0
0.0
0.0
0.0
0.0
1.0
0.0
0.178571428571
0.0
0.0
0.0
0.0
0.0
0.0
0.0
0.0
0.0
0.0
0.0
0.0
0.0
0.0
0.0
0.0
0.0
0.0
0.0
0
0.5
0.5
0.75
0.025641025641
0.0
0.0
0.0
0.0
0.0
0.0
0.0
0.0
0.0
0.0
0.0
0.0
0.0
0.0
0.0
0.0
0.0
0.0
0.0
0
0.0
0.0
0.470588235294
0.0
0.0
0.0
0.0
0.0
0.0
0.0
0.0
0.0
0.0
0.0
0.0
0.0
0.0111111111111
0.0
0.0
0.0
0.0
0.0
0.0
0.0
0.0
0.0
0.0
0.0
0.0869565217391
0.0
0.0
0.0
0.0
0.0
0.0
0.0
0.0
0.0
0.0
0.0
0.0
0.0
0.0
0.0
0.0
0.0
0
0.0
0.0
0
0.0
0.0
0.0
0.111111111111
0.0
0.0
0.0
0.0
0.047619047619
0.0952380952381
0.0
0.0625
0.0
0.0
0.0
0.0
0.111111111111
0.0
0.0
0.0
0.0
0.5
0.0
0
0.2
0.0
0.0
0.0
0.15
0.0
0.0
0.111111111111
0.0217391304348
0.0943396226415
0.0
0.0
0.0
0.0
0.0
0.0845070422535
0.0
0.0
0.0
0.0
0.0
0.0
0.0
0.4
0.0
0.0
0.0
0.0
0.0
0.0
0.0
0.0175438596491
0.0
0.0
0.0147058823529
0.0
0.0151515151515
0.0
0.0
0.0
0.0
0.0
0.0
0.0
0.0
0.0
0.0
0.0
0.0
0.0
0.0
0.0
0.0
0.0
0.0
0.0169491525424
0.075
0.0307692307692
0.0
0.0
0.0
0.140845070423
0.0
0.0
0.0
0.0
0.0
0.0
0.0
0.0
0.25
0.0
0.5
0.0
0.0
0.0
0.0
0.0277777777778
0.0
0.063829787234
0.0
0.0
0.0588235294118
0.0
0.0
0.0
0.0
0.0
0.0
0.0
0.0
0.0
0.0
0.0
0.0
0.0
0.333333333333
0.0
0.0
0.0
0.0
0.0
0.0
0.0
0.0
0.0
0.0
0.0
0.0
0.0
0.0
0.0
0.0
0.0
0.0
0.0
0.0
0.0
0.0
0.0
0.0
0.0
0.0
0.0
0.0
0.0
0.0
0.0
0.0
0.0
0.0
0.0
0.0
0.0
0.0
0.0
0.0
0.0
0.4
0.0
0.0
0.0
0
0.0
0.0
0.0
0.142857142857
0.0
0.0
0.0
0.0
0.0
0.176470588235
0.0
0.0
0.0
0.0
0.0666666666667
0.0
0.0
0.0
0.0
0.0
0.0
0.0
0.0
0
0.0
0.25
0.0
0.0
0.0
0.0
0.0526315789474
0.0
0.0
0.0
0.0
0.0
0.148148148148
0.0
0.0
0.0
0.0
0.0
0.0
0.0
0.0
0.0
0.0
1.0
0.666666666667
0.166666666667
0.0666666666667
0.0
0.0
0.0
0.0
0.0
0.0869565217391
0.0
0.0
0.0
0.0566037735849
0.0
0.0
0.0612244897959
0.0
0.0
0.0
0.0
0.0
0.0
0.0
1.0
0.0
0.181818181818
0.0
0.0263157894737
0.04
0.0
0.0
0.0
0.0
0.0
0.0
0.0
0.0
0.0
0.0
0.0
0.0
0.0
0.0
0.0
0.0
0.0
0.0
0.0
0
0.25
0.0
0.0
0.0
0.0
0.0
0.0
0.0
0.0
0.0
0.0
0.0
0.0
0.0
0.0
0.0
0.0
0.0
0.0
0.0
0.0
0.0
0
0.0
0.0
0.0
0.0
0.0
0.0
0.0
0.0
0.0
0.0
0.0
0.0
0.0
0.0
0.0
0.0
0.0
0.0
0.0
0.0
0.0
0.0
0.0
0
0.0
0.0
0.0
0.0
0.0
0.0
0.0588235294118
0.0
0.0
0.0
0.0
0.0
0.0
0.0
0.0
0.0
0.0
0.0
0.0
0.0
0.0
0.0
0.0
0
0
0.0
0.0
0.0
0.0
0.0
0.0
0.0
0.0
0.0
0.0952380952381
0.0
0.0555555555556
0.0
0.0
0.0
0.0
0.0
0.0
0.0
0.0
0.0
0
0.0
0.333333333333
0.0
0.0
0.375
0.0
0.0
0.0
0.142857142857
0.0
0.285714285714
0.0
0.0
0.0
0.0967741935484
0.0
0.0
0.0
0.0
0.0
0.0
0.0
0.0
0.0
0.0
0.0
0.0833333333333
0.0
0.0
0.0
0.139534883721
0.0655737704918
0.0365853658537
0.0
0.0535714285714
0.0
0.0
0.0
0.0
0.0
0.0
0.0
0.0
0.0
0.0
0.0
0.0
0.0
0.0
0.0
0.0
0.0
0.0
0.0
0.0
0.0
0.0
0.0
0.0
0.0
0.0
0.0
0.0
0.0
0.0
0.0
0.0
0.0
0.0
0.0
0.0
0.0
0.0
0.0
0.0
0.0
0.0
0.0
0.0
0.0
0.0
0.0
0.0
0.0
0.0
0.0
0.0618556701031
0.0
0.0
0.0
0.0
0.0
0.0
0.0
0.0
0.0
0.5
0.0
0.0
0.0
0.0
0.0
0.0
0.0
0.0
0.0
0.0
0.0
0.0
0.0
0.0
0.141176470588
0.0
0.0
0.0
0.0
0.0
0.0
0.0
0.0
0.0
0.0
0.375
0.0
0.0869565217391
0.0
0.0
0.0
0.0
0.122580645161
0.00694444444444
0.0
0.0
0.0
0.0
0.0
0.0
0.0
0.0
0.0
0.0
0.25
0.0
0.0
0
0.25
0.333333333333
0.0
0.428571428571
0.0
0.0
0.0
0.0
0.0
0.0
0.0
0.0
0.0
0.0
0.166666666667
0.0
0.0
0.0
0.0666666666667
0.0
0.0
0.0
0
0
0
0.0
0.0
0.0
0.0
0.0
0.0
0.0
0.0
0.0975609756098
0.0
0.0
0.0
0.0
0.0
0.0
0.0
0.0
0.0
0.0
0.0
0.0
0.0
0.0
1.0
0.363636363636
0.0
0.0
0.0
0.0
0.0
0.0
0.0
0.0
0.0
0.0
0.0
0.0
0.0144927536232
0.0
0.0
0.0
0.0
0.0
0.0
0.0
0.0
0.0
0.142857142857
0.0
0.0851063829787
0.0
0.0
0.0
0.0
0.0
0.0
0.0
0.0
0.0
0.0
0.0
0.0
0.0
0.0
0.0
0.0
0.0
0.0
0.0
0.0
0.0
0.0
0.0
0.0
0.0
0.0
0.0
0.0
0.0
0.0
0.0294117647059
0.0227272727273
0.0
0.0
0.0
0.0
0.0
0.0
0.0
0.0
0.0
0.0
0.0
0.0
0.0
0.0
0.0
0.0
0.0
0.0
0.0
0.0
0.0
0.0
0.0
0.0
0.0
0.0
0.0
0.0
0.0847457627119
0.0
0.0
0.0
0.0
0.0
0.0
0.0
0.0
0.0
0.0
0.0
0.0
0.0
0.0
0.0
0.0
0.0
0.0
0.0
0.0
0.0
0.0
0.0
0.0
0.0
0.0
0.0
0.0
0.0
0.0
0.0
0
0.0
0.0
0.666666666667
0.0
0.0
0.0
0.0
0.0
0.0
0.0
0.0
0.0
0.0
0.0
0.166666666667
0.0416666666667
0.0
0.0
0.0
0.0
0.0
0.0
0.0
0.0
0.0
0
0.0
0.0909090909091
0.0
0.0
0.0
0.0
0.0
0.119047619048
0.0192307692308
0.0
0.0666666666667
0.0350877192982
0.0192307692308
0.0
0.0
0.0
0.0
0.0
0.0
0.0
0.0
0.5
0.0
0.0
0.0
0.0
0.0
0.0
0.0
0.0
0.0
0.0769230769231
0.0
0.0
0.0
0.0
0.0
0.107843137255
0.0
0.0
0.0
0.0
0.0
0.0
0.0
0.0
0.0
0.0
0.0
0.0
0.0
0.0
0.0
0.0
0.0
0.0
0.0
0.0
0.0
0.0
0.0
0.0
0.0
0.0
0.0
0.0
0.0
0.0
0.0
0.0
0.0
0.0
0.0
0.0
0.0
0.0
0.0
0.0
0.106382978723
0.0
0.0
0.0
0.0
0.0
0.0
0.0
0.0
0.0
0.0
0.0
0.0
0.0
0.0
0.0
0.0
0.0
0.0
0.0
0.0
0.0
0.0
0.0
0.0
0.0
0.0
0.0
0.0
0.0
0.0
0.0
0.0
0.0
0.0
0.0
0.0
0.0
0.0
0.0
0.4
0.111111111111
0.0
0.111111111111
0.0
0.0
0.0
0.0645161290323
0.0
0.0285714285714
0.0
0.0
0.0645161290323
0.0
0.0
0.0
0.0
0.0
0.0
0.0
0.0
0.0
0.0
0
0
0.0
0.166666666667
0.0
0.0
0.0
0.0
0.0
0.0
0.0
0.04
0.0
0.0
0.0
0.0
0.333333333333
0.0
0.0
0.0
0.0
0.0
0
0.0
0.0
0.0
0.0
0.0
0.047619047619
0.0
0.277777777778
0.136363636364
0.0
0.030303030303
0.0769230769231
0.119047619048
0.0
0.0
0.117647058824
0.0
0.0
0.0
0.0
0.0
0.0
0.0
0.0
0.0
0.0
0.0
0.0
0.0
0.0
0.0
0.0
0.0
0.0
0.0
0.0
0.0
0.0
0.0
0.0
0.0178571428571
0.0
0.0
0.0
0.0
0.0
0.0
0.0
0.0
0.0
0.333333333333
0.0666666666667
0.225806451613
0.0769230769231
0.121951219512
0.0769230769231
0.0
0.0
0.0
0.120689655172
0.0
0.0
0.0
0.0
0.08
0.0
0.0
0.0
0.0
0.0588235294118
0.0
0.0
0.0
0.0
0.0
0.0
0.0
0.0
0.0
0.0
0.0
0.0
0.0
0.0
0.0
0.0
0.04
0.0
0.0
0.0533333333333
0.0
0.0
0.0
0.0
0.0
0.0
0.0
0.0
0.0
0.0
0.117647058824
0.0657894736842
0.129411764706
0.0
0.0
0.0
0.0
0.0
0.00854700854701
0.0
0.0
0.0204081632653
0.0
0.0
0.0
0.0
0.0
0.0
0.0
0.0
0.5
0.25
0.0
0.0625
0.030303030303
0.0363636363636
0.0
0.0
0.0
0.0
0.0642857142857
0.0
0.0
0.0
0.0
0.0
0.0
0.0
0.0
0.0
0.0
0.0
0.0
0.0
0.0
0.0
0.0
0.0
0.0
0.0384615384615
0.0
0.09375
0.171428571429
0.0588235294118
0.0
0.0
0.0
0.0
0.0
0.0
0.0
0.0
0.0
0.0
0.0
0.0
0.0
0.0
0.0
0.0
0.0
0.2
0.0
0.0
0.0
0.0
0.0625
0.0588235294118
0.125
0.0
0.0606060606061
0.0
0.148936170213
0.105263157895
0.0
0.0
0.0
0.0
0.0
0.0
0.0
0.0
0.0
0.0
0.1
0.642857142857
0.0
0.0540540540541
0.0
0.0
0.0
0.0
0.0
0.0
0.0
0.047619047619
0.0
0.0
0.0
0.0
0.0
0.0
0.0
0.0
0.0
0.0
0.0
0.0
0.0
0.0
0.164179104478
0.0
0.0
0.0
0.0
0.0
0.05
0.155172413793
0.0
0.0
0.0
0.0454545454545
0.0181818181818
0.0
0.0
0.0
0.0
0.0
0.0
0.0
0.0
0.0
0.0
0.0769230769231
0.0
0.0909090909091
0.0
0.0
0.0
0.0
0.0
0.0
0.0
0.0
0.0
0.0138888888889
0.0125
0.0
0.0
0.0
0.0
0.0
0.0
0.0
0.0
0.2
0.0
0.0
0.354838709677
0.0
0.0
0.0
0.0
0.0
0.0877192982456
0.0
0.0
0.0
0.0909090909091
0.025641025641
0.0
0.0
0.0
0.0
0.0
0.0
0.0
0.0
0.0
0.0
0.0
0.0
0.0
0.0666666666667
0.0
0.0
0.0
0.0
0.0
0.0
0.0952380952381
0.0263157894737
0.0
0.0
0.0
0.0
0.0
0.0
0.0
0.0
0.0
0.0
0
0.0
0
0.625
0.0
0.0
0.0
0.0
0.0
0.0
0.04
0.0
0.0
0.161290322581
0.0
0.0
0.0
0.0
0.0
0.0
0.0833333333333
0.0
0.0
0.0
0.0
0.0
0.0
0.5
0.333333333333
0.037037037037
0.0
0.0
0.103448275862
0.0
0.0
0.0714285714286
0.0217391304348
0.0
0.037037037037
0.0
0.0
0.0
0.0
0.0
0.0
0.0
0.0
0.0
0.0
0.0
0.0
0.0
0.0
0.121212121212
0.0
0.192307692308
0.04
0.010752688172
0.0
0.0
0.0
0.0
0.2
0.0298507462687
0.0416666666667
0.0
0.0
0.0
0.0
0.0
0.0
0.0
0
0.25
0.0
0.0
0.0
0.0
0.0
0.0
0.0
0.08
0.0
0.0
0.0
0.0
0.0
0.0
0.0740740740741
0.0526315789474
0.0
0.0
0.0
0.0
0.0
0.0
0.0
0.5
0.0
0.0
0.0
0.0
0.0
0.0
0.0
0.103448275862
0.0
0.0196078431373
0.0
0.0847457627119
0.0
0.0
0.0
0.0684931506849
0.0422535211268
0.0
0.0
0.0
0.0
0.0
0.0
0.0
0.0
0.384615384615
0.0
0.0
0.0
0.0
0.0
0.0
0.0
0.0
0.0
0.0
0.0
0.030612244898
0.0
0.0
0.0
0.0
0.0
0.0
0.0
0.0
0.0
0.75
0.0
0.0
0.12
0.0192307692308
0.0
0.0
0.020202020202
0.0
0.0
0.0
0.0
0.0
0.0
0.0
0.0
0.0
0.0
0.0
0.0
0.0
0.0
0.0
0.0
0
0.5
0.0
0.0
0.0
0.0
0.0
0.0
0.0
0.0
0.0
0.0
0.05
0.0
0.0
0.0
0.0
0.0
0.0
0.0
0.0
0.0
0.0
0.0
0.0
0.0
0.285714285714
0.222222222222
0.0
0.0
0.0
0.0333333333333
0.0
0.0
0.0
0.0
0.0
0.0
0.0
0.0
0.0175438596491
0.0
0.0
0.0
0.0
0.0
0.0
0.0
0.333333333333
0.0
0.0
0.0
0.0
0.0
0.0196078431373
0.0
0.0
0.0
0.0
0.0
0.0
0.0
0.0
0.0
0.0
0.0
0.0
0.0
0.0
0.0
0.0
0.0
0.0
0.0
0.0
0.279411764706
0.06
0.0
0.0
0.030303030303
0.05
0.0769230769231
0.0
0.0
0.0
0.0
0.0
0.0
0.0434782608696
0.111111111111
0.0
0.0
0.0
0.0
0.0
0
0.0
0.0
0.125
0.0
0.0
0.0
0.0
0.0
0.25
0.0
0.0322580645161
0.0
0.0
0.0
0.0
0.0
0.0
0.0
0.0
0.0
0.0
0.0
0.0
0.0
0
0.5
0.0
0.0909090909091
0.0
0.0
0.047619047619
0.0
0.133333333333
0.0689655172414
0.0
0.0
0.0
0.0
0.111111111111
0.0
0.0
0.0
0.0
0.0
0.0
0.0
0.0
0.0
0.5
0.333333333333
0.2
0.0
0.0
0.4
0.0
0.0
0.105263157895
0.0
0.0
0.0
0.0
0.04
0.05
0.12
0.0
0.0
0.0
0.0
0.0
0.0
0.0
0.0
0.0
0.0
0.285714285714
0.466666666667
0.0
0.0
0.0
0.36
0.107142857143
0.0
0.0810810810811
0.0
0.0
0.0
0.1
0.142857142857
0.0
0.0
0.0
0.0
0.0
0.0
0.0
0.0
0.2
0.0
0.444444444444
0.0
0.176470588235
0.44
0.0357142857143
0.115384615385
0.194444444444
0.0
0.0
0.214285714286
0.0227272727273
0.0
0.0
0.0
0.0677966101695
0.0166666666667
0.0
0.0
0.0
0.0
0.0
0.0
0.0
0.0
0.166666666667
0.0
0.0714285714286
0.0
0.0634920634921
0.0
0.0
0.0192307692308
0.102941176471
0.0
0.0
0.0
0.0151515151515
0.0
0.0
0.0
0.0
0.0
0.0
0.0
0.0
0.0
0.0
0.0
0.0952380952381
0.0277777777778
0.0
0.0222222222222
0.0
0.0
0.0
0.0
0.0757575757576
0.0
0.0
0.0649350649351
0.0
0.111111111111
0.0
0.0
0.0
0.0
0.0
0.0
0.0
0.0
0.0
0.0
0.111111111111
0.0
0.0
0.0227272727273
0.0
0.1
0.0701754385965
0.0151515151515
0.0151515151515
0.0
0.0704225352113
0.0
0.0470588235294
0.0
0.0
0.0
0.0
0.0
0.0
0.0
0.0
0.0
0.0
0.0
0.0
0.0
0.0961538461538
0.0
0.0
0.0181818181818
0.0
0.0
0.0
0.0
0.0
0.0
0.0891089108911
0.0
0.0
0.0
0.0
0.0
0.0
0.0
0.0
0.0
0.0
0.3
0.1
0.025641025641
0.140625
0.0
0.0
0.0677966101695
0.0
0.0126582278481
0.0348837209302
0.0454545454545
0.0
0.0
0.0461538461538
0.0
0.0
0.0
0.0
0.0
0.0
0.0
0.0
0
0.0
0.666666666667
0.2
0.142857142857
0.153846153846
0.0
0.0
0.0
0.0
0.0
0.0
0.0
0.0
0.133333333333
0.0
0.210526315789
0.0
0.0
0.0
0.0
0.0
0.0
0.0
0.0
0.0
1.0
0.4
0.428571428571
0.0
0.105263157895
0.0
0.0
0.0
0.0344827586207
0.0
0.0
0.0
0.0285714285714
0.0294117647059
0.0
0.0714285714286
0.0
0.0
0.0
0.0
0.0
0.0
0.0
0.2
0.0
0.173913043478
0.0588235294118
0.0
0.0
0.0
0.0
0.0
0.0294117647059
0.0
0.0
0.0
0.0
0.0
0.0
0.0
0.0
0.0
0.0
0.0
0.0
0.0
0.0
0.0
0.333333333333
0.0
0.0
0.166666666667
0.0
0.0
0.0
0.037037037037
0.0
0.0
0.0
0.0
0.227272727273
0.0
0.0769230769231
0.181818181818
0.0
0.0
0.0
0.0
0.0
0.0
0.0
0.0
0.153846153846
0.0
0.0
0.0
0.176470588235
0.0
0.0
0.0
0.0
0.0
0.0
0.0
0.0
0.0
0.0
0.0
0.125
0.0
0.0
0.0
0.0
0
0.5
0.0
0.0
0.0
0.0
0.0
0.0
0.0
0.0
0.166666666667
0.115384615385
0.0
0.0
0.0
0.0
0.0
0.0
0.15
0.0666666666667
0.0
0.0
0.0
0.166666666667
0.0
0.0
0.0
0.272727272727
0.0
0.0
0.0625
0.0
0.0
0.0
0.0
0.0
0.0
0.0
0.0
0.0
0.0666666666667
0.0
0.0
0.142857142857
0.0
0.0
0.0
0.0
0.0
0
0
0.0
0.0
0.5
0.0
0.0
0.0
0.0
0.0
0.0
0.0
0.0
0.444444444444
0.0
0.0
0.25
0.0
0.0
0.0
0.0
0.0
0.0
0
0
0
0.333333333333
0.111111111111
0.0
0.0
0.0
0.0
0.0
0.0588235294118
0.0
0.0
0.0
0.0
0.0526315789474
0.15
0.0
0.0
0.0
0.0833333333333
0.0
0.0
0.0
0.0
0.0
0.0
0.5
0.2
0.466666666667
0.0
0.0
0.0
0.0
0.238095238095
0.0
0.0
0.0
0.0
0.0
0.0
0.0
0.0
0.0
0.0
0.0
0.0
0
0
0.0
0.333333333333
0.0
0.333333333333
0.0
0.1875
0.0
0.0
0.0555555555556
0.0666666666667
0.0
0.0
0.0
0.0
0.0
0.0909090909091
0.0
0.0
0.0
0.0
0.0
0.0
0
0.5
0.0
0
0.0
0.6
0.5
0.0
0.0625
0.0
0.266666666667
0.0
0.0
0.0
0.0
0.0
0.0
0.0
0.0
0.0
0.0
0.0
0.0
0.0
0
0
0.0
0.0
0.0
0.5
0.5
0.0
0.0
0.0
0.25
0.0
0.0
0.0
0.0
0.0
0.0
0.0
0.0
0.0
0.0
0.0
0.0
0.0
0
0.0
0
0
0.955555555556
0.4
0.530612244898
0.0
0.0
0.0
0.0
0.0
0.0
0.0
0.0
0.0
0.166666666667
0.0
0.0
0.0
0.0
0.0
0.0
0.5
0
0
0
0
0
0
0.0
0.4
0.0
0.0
0.0
0.0
0.166666666667
0.0
0.333333333333
0.0
0.0
0.0
0.0
0.0
0
0.0
0.0
0.0
0
0
0.0
0
0
0.0
0.0
0.0
0.0
0.0
0.0
0.0
0.0
0.0
0.0
0.0
0.4
0.5
0.0
0.0
0.0
0.0
0
0
0.0
0.0
0
0
0.0
0
0.866666666667
0.166666666667
0.0
0.0
0.0
0.0
0.0
0.0
0.0
0.0
0.0
0.0
0.0
0
0.0
0
0.0
0
0
0
0
0
0.0
0
0.0
0.75
0.0
0.0
0.0
0.0
0.0
0.0
0.0
0.0
0.0
0.0
0.0
0
0.666666666667
0
0.333333333333
0.0
0.0
0
0
0.0
0
0.0
1.0
0.0
0.666666666667
0.0
0.25
0.0
0.2
0
0.0
0.0
0
0.0
1.0
0.0
0
0
0.0
0.0
0.0
0
0.0
0.0
0
0
0.0
0.0
0.0
0.333333333333
0.0
0
0.5
0.5
0.0
1.0
0.166666666667
0.0
0
0.5
0.0
0.0
0
0.0
0
0
0
0
0
0
0
0.0
0.5
0.333333333333
0.0
0
0.333333333333
0.5
0.0
0.0
0.333333333333
0.0
0.0
0.0
0.0
0.0
0.0
0.0
0.0
0
0
0
0
0
0.0
0.0
0.5
0.0625
0
0.0
0.0
0.0
0.0
0.0
0.0
0
0.571428571429
0
0
0.0
0.0
0
0
0.0
0.0
0
1.0
0
0.0
0.5
0
0.5
0.25
0.0
0
0.0
0.0
0.0
0.0
0.0
0.0
0.5
0
0.0
0
0.0
0
0.0
0.0
0
0
0.0
0.0
0.0
0.0
0.0
0.25
0.0
0.0
0.0
0.0
0.0
0.0
0.8
0.0
0.0
0
0.0
0
0.0
0
0
0.0
0
0
0
0.0
0.0
0.0
0.333333333333
0.0
0.0
0.0
0.666666666667
0
0.6
1.0
0.0
1.0
0.0
0
0.0
0
0
0
0.0
0
0
0.0
0.0
0.333333333333
0.0
0.0
1.0
0.0
0.0
0.0
0
0.0
0.0909090909091
0.0
0.0
0.0
0.0
0.333333333333
0.0
0.0
0.0
0
0
0.0
0.0
0
0
0
0.0
0.5
0.0
0.0
0.0
0.0
0.333333333333
1.0
0.0
0.0
0.0
0.0
0.0
0
0.0
0.0
0.0
0
0.0
0
0
0.0
0
0.0
0.333333333333
0.25
0.0
0.0
0.0
0.0
0.0
0.0
0.0
0.5
0.0
0.0
0.0
0.666666666667
0.0
0.0
0
0
0
0
0
0.0
0.0
0.0
0.5
0.0
0.5
0.5
0.0
0.0
0.0
0
0.0
0.0
0.0
0.0
0.0
0
0.333333333333
0.0
0
0
0.0
0.0
0
0
0
0.0
0.0
0.0
0.0
0.0
0.0
0.0
0.0
0.333333333333
0.0
0.0
0.0
0.0
0.142857142857
0.0
0
0.0
0
0
0
0
0
0
0.666666666667
0.0
0.0
0.0
0.0
0.4
0.0
0.285714285714
0.0
0.0
0.0
0.3
0.0
0.0
0.0
0.0
0.0
0.0
0
0.0
0
0
0
0
0.4
0.454545454545
0.0
0.0
0.0
0.0
0.111111111111
0.0
0.0
0.0
0.0
0.0
0.333333333333
0.0
0.0
0.0
0.0
0.333333333333
0.0
0
0
0.0
0
0.0
0.333333333333
0.0833333333333
0.185185185185
0.05
0.0
0.190476190476
0.0
0.0
0.0
0.0
0.0
0.0
0.0
0.0
0.0
0.0
0.0
0.0
0
0
0
0
0
0.625
0.714285714286
0.25
0.382352941176
0.0
0.0571428571429
0.0
0.0
0.0
0.0454545454545
0.1
0.0
0.0
0.315789473684
0.0
0.0
0.0
0.0
0.0
0
0
0
0.0
0.0
0.0
0.2
0.0
0.0
0.146341463415
0.0
0.0
0.0
0.0
0.0
0.0
0.0
0.0
0.0
0.0
0.0
0.0
0.0
0.0
0.0
0
0
0
0.0
0.0
0.333333333333
0.0
0.0
0.0
0.0
0.0
0.0
0.0
0.0
0.0
0.0
0.0
0.0
0.0
0.0
0.0
0.166666666667
0.0
0
0
0
0
0
0
0.0
0.285714285714
0.0
0.25
0.5625
0.0
0.0
0.0
0.0
0.0
0.0
0.0
0.0
0.0
0.0
0.0
0.0
0.0
0
0.0
0.0
0
0.0
0.333333333333
0.444444444444
0.08
0.142857142857
0.0
0.0
0.0
0.0
0.176470588235
0.0
0.0
0.114285714286
0.0
0.0
0.0
0.0
0.0
0.0
0.0
0
0
0
0.0
0
0.666666666667
0.333333333333
0.62962962963
0.181818181818
0.0
0.0
0.0
0.0
0.0
0.0
0.0
0.0
0.0
0.0
0.0
0.0
0.0
0.0
0.0
0.0
0
0.0
0
0.0
0.5
0.272727272727
0.216216216216
0.0
0.0
0.0
0.0
0.0
0.0588235294118
0.0
0.0
0.0444444444444
0.0
0.0
0.0
0.0
0.0
0.0
0.0
0.0
0.0
0.0
0.0
0.0
0.166666666667
0.52
0.51724137931
0.0
0.26
0.0
0.186440677966
0.0
0.0
0.0666666666667
0.0
0.0
0.0
0.0
0.0
0.0217391304348
0.0
0.0
0.0
0.0
0.0
0.0
0.0
1.0
0.6
0.578947368421
0.0
0.0
0.0
0.0
0.0566037735849
0.0123456790123
0.0
0.0
0.0
0.0
0.0
0.0
0.0
0.0
0.0
0.0
0.0
0.0
0.0
0.0
0.0
0
0.0
0.166666666667
0.0
0.181818181818
0.133333333333
0.0
0.0
0.0
0.173913043478
0.0
0.0
0.0
0.0
0.0
0.0
0.0
0.0
0.0
0.0
0.0
0.0
0.0
0
0.0
0.5
0.0
0.3
0.0
0.0
0.0
0.0526315789474
0.0
0.0
0.0
0.0
0.0
0.0
0.0
0.0
0.0
0.0
0.0
0.0
0.0
0
0
0.0
0.0
0.25
0.166666666667
0.533333333333
0.0
0.0
0.0
0.102040816327
0.09375
0.0
0.025
0.0
0.0
0.0
0.104166666667
0.078431372549
0.0
0.0
0.0
0.0
0.0
0.0
0.0
0.0
0.6
0.4
0.153846153846
0.0
0.148148148148
0.0
0.0
0.192307692308
0.0
0.1
0.0
0.0
0.0
0.137931034483
0.0227272727273
0.0
0.0
0.0
0.0
0.0
0.0
0.0
0
0
0.0
0.6
0.0769230769231
0.0
0.025
0.0
0.105263157895
0.0
0.103448275862
0.0
0.0
0.0
0.0
0.0574712643678
0.0
0.0
0.0
0.0
0.0
0.0
0.0
0.0
0.0
0.0
0.0
0.461538461538
0.277777777778
0.285714285714
0.0444444444444
0.0
0.0344827586207
0.111111111111
0.0
0.0
0.0
0.0
0.0681818181818
0.0
0.0
0.0
0.0
0.0
0.0
0.0
0.0
0
0.0
0.5
0.0
0.428571428571
0.0588235294118
0.0
0.0789473684211
0.393442622951
0.0
0.0625
0.0210526315789
0.012987012987
0.0
0.0
0.123076923077
0.0
0.0
0.0222222222222
0.0
0.0
0.0
0.0
0.0
0.0
0
0.0
0.333333333333
0.0
0.0
0.166666666667
0.0909090909091
0.0
0.0
0.0
0.08
0.0
0.0
0.0
0.0
0.0
0.0
0.0
0.0
0.0
0.0
0.0
0
0.0
0
0
0
0.0
0.0
0.181818181818
0.0
0.0
0.35
0.275862068966
0.0
0.0
0.0
0.0
0.0
0.130434782609
0.0
0.0
0.1
0.0
0.0
0.0
0.0
0.333333333333
0.0
0.0
0.0
0.166666666667
0.0
0.0
0.342857142857
0.0
0.0
0.0289855072464
0.02
0.0
0.0
0.0
0.0243902439024
0.0
0.107142857143
0.0
0.0
0.0
0.0
0.0
0.0
0.0
0.0
0.0
0.0
0.6
0.347826086957
0.0
0.0
0.027027027027
0.0
0.0851063829787
0.0
0.0
0.0
0.0
0.0
0.0
0.0
0.1
0.0
0.0
0.0
0.0
0.0
0.0
0.0
0.0
0.0
0
0.357142857143
0.192307692308
0.246575342466
0.0
0.0
0.150943396226
0.0434782608696
0.0
0.0
0.0
0.0
0.0
0.0833333333333
0.0
0.0
0.0
0.0
0.0
0.0
0.0
0.0
0
0.0
0.5
0.446808510638
0.0681818181818
0.0
0.0
0.0
0.0408163265306
0.0
0.0
0.0
0.0
0.04
0.0
0.0425531914894
0.0
0.0
0.0
0.0
0.0
0.0
0.125
0
0.0
0.666666666667
0.875
0.222222222222
0.0588235294118
0.0606060606061
0.0
0.0
0.0
0.210526315789
0.0
0.0
0.0
0.0
0.0
0.0
0.0
0.0
0.0
0.0
0.0
0
0
0.0
0
0.0
0.2
0.0
0.0
0.0
0.0
0.0
0.0
0.0
0.0
0.0
0.0
0.0
0.0
0.0
0.0
0.0
0.0
0.0
0.0
0.0
0.5
0.0
0.0
0.0
0.0
0.285714285714
0.142857142857
0.0588235294118
0.0
0.25
0.0869565217391
0.04
0.0
0.0
0.0
0.0
0.0
0.0
0.0
0.0
0.0
0.0
0.0
0.0
0.0
0.0
0.0
0.5
0.875
0.0666666666667
0.218181818182
0.0588235294118
0.0
0.0
0.0
0.0
0.0
0.0
0.0
0.0
0.0
0.0
0.0430107526882
0.0
0.0
0.0
0.0
0.0
0.0
0.0
0.0
0.0
0.424242424242
0.568181818182
0.0
0.0
0.0
0.0
0.0
0.093023255814
0.0
0.0
0.0
0.0
0.0
0.0
0.0
0.0
0.0
0.0
0.0
0.0
0
0.0
0.0
0
0.0
0.378378378378
0.0
0.0
0.0
0.0307692307692
0.0
0.0
0.0
0.0298507462687
0.0
0.0
0.0
0.114583333333
0.0
0.0
0.0
0.0
0.0
0.0
0.0
0.0
0.0
0.0
0.0
0.431818181818
0.383333333333
0.0
0.0
0.0379746835443
0.0
0.0
0.013698630137
0.0
0.0
0.0
0.0943396226415
0.0
0.031746031746
0.0
0.0
0.0
0.0
0.0
0.0
0.333333333333
0.4
0.0
0.444444444444
0.41935483871
0.0
0.0208333333333
0.144927536232
0.0
0.0
0.122807017544
0.0
0.0
0.0
0.0
0.0
0.0
0.0
0.0
0.0
0.0
0.0
0.0
0
0
0
0.0
0.833333333333
0.0
0.181818181818
0.0588235294118
0.0
0.0
0.157894736842
0.0
0.0
0.0
0.0
0.12
0.0
0.047619047619
0.0
0.0
0.0
0.0
0.0
0.0
0.0
0.0
0.0
0.0
0.0
0.0
0.0
0.0
0.0
0.0
0.0
0.0
0.0
0.0294117647059
0.0
0.0
0.0
0.0851063829787
0.0
0.0
0.0
0.0
0.0
0.0
0.0
0.0
0
0
0.333333333333
0.818181818182
0.0
0.0
0.0
0.170731707317
0.0
0.0
0.0
0.0
0.0
0.0
0.0
0.128205128205
0.02
0.0
0.0
0.0
0.0
0.0
0.0
0.0
0.0
0.666666666667
0.384615384615
0.0
0.0
0.0
0.0731707317073
0.0
0.0
0.116666666667
0.12
0.114285714286
0.0
0.22641509434
0.0
0.0
0.0
0.0
0.0
0.0
0.0
0.0
0.0
0.0
0.0
0.0
0.0
0.333333333333
0.148936170213
0.129032258065
0.0
0.155555555556
0.0
0.0
0.0
0.0
0.0166666666667
0.0
0.0
0.0
0.0
0.0
0.0
0.0
0.0
0.0
0.0
0.0
0.0
0.0
0.47619047619
0.581395348837
0.125
0.0
0.0
0.0
0.0
0.0
0.0
0.0
0.0
0.0
0.0416666666667
0.0454545454545
0.0
0.0
0.0
0.0
0.0
0.0
0.0
0.0
0.0
0.6
0.0
0.1875
0.0322580645161
0.0701754385965
0.326923076923
0.0
0.0
0.0847457627119
0.0
0.0
0.0
0.0
0.0
0.0
0.0
0.0
0.0
0.0
0.0
0
0.0
0
0
0.0
0.0
0.0
0.0
0.0
0.0
0.0
0.0
0.0
0.0
0.0
0.0
0.0
0.0
0.0666666666667
0.0
0.0
0.0
0.0
0.0
0
0.0
0.0
0.0
0.0
0.0
0.833333333333
0.125
0.0588235294118
0.0
0.0
0.0454545454545
0.0
0.0344827586207
0.0
0.0
0.0
0.0
0.208333333333
0.0
0.0
0.0
0.0
0.0
0.0
0.0
0
0.333333333333
0.666666666667
0.0
0.0
0.0434782608696
0.15
0.0
0.0
0.0731707317073
0.0
0.0714285714286
0.0
0.0
0.0
0.0151515151515
0.0298507462687
0.0
0.0
0.0
0.0
0.0
0.0
0.0
0
0.142857142857
0.0
0.166666666667
0.333333333333
0.0
0.0
0.0
0.0
0.0
0.0
0.0204081632653
0.0
0.0
0.0
0.0
0.161764705882
0.0
0.0
0.0
0.0
0.0
0.0
0.0
0.0
0.0
0.0
0.0714285714286
0.307692307692
0.0
0.0
0.0
0.0
0.0
0.0
0.0
0.0
0.0
0.0
0.0
0.0
0.0123456790123
0.0
0.0
0.0
0.0
0.0
0.0
0.0
0.25
0.0
0.125
0.227272727273
0.0540540540541
0.0
0.0
0.0
0.0
0.0597014925373
0.0
0.0
0.0
0.0851063829787
0.292682926829
0.190476190476
0.0
0.0
0.0
0.0
0.0
0
0
0.0
0
0.0
0.0
0.846153846154
0.258064516129
0.118644067797
0.0263157894737
0.0
0.0735294117647
0.0487804878049
0.0941176470588
0.0
0.0
0.0
0.0
0.0
0.0
0.0
0.0
0.0
0.0
0.0
0
0.0
0.0
0
0.333333333333
0.5
0.125
0.227272727273
0.0714285714286
0.0
0.0
0.0434782608696
0.0
0.0
0.047619047619
0.0
0.0
0.0
0.0
0.0
0.0
0.0
0.0
0.0
0.0
0.0
0.0
0.0
0.285714285714
0.0
0.4
0.0555555555556
0.0
0.0
0.30303030303
0.0227272727273
0.0
0.0
0.0
0.0
0.243243243243
0.025
0.0
0.0
0.0
0.0
0.0
0.0
0.0
0.0
0.0
0
0.166666666667
0.5
0.135135135135
0.44
0.0192307692308
0.0
0.0
0.0
0.0
0.255319148936
0.0
0.0
0.0377358490566
0.151515151515
0.0
0.0
0.0
0.0
0.0
0.0
0.0
0.0
0.0
0.0
0.363636363636
0.409090909091
0.0
0.0
0.0
0.0
0.0
0.0833333333333
0.0
0.0
0.0
0.0
0.0612244897959
0.283018867925
0.0
0.0
0.0
0.0
0.0
0.0
0.0
0
0.5
0.6
0.5
0.105263157895
0.0357142857143
0.0
0.0
0.0
0.0
0.0
0.0
0.0
0.0
0.0238095238095
0.103448275862
0.122807017544
0.0212765957447
0.0983606557377
0.0975609756098
0.0
0.0
0.0
0.0
0.0
0.0
0.125
0.444444444444
0.488888888889
0.0454545454545
0.0
0.0
0.136363636364
0.0
0.0
0.0
0.0
0.0
0.0
0.0
0.0
0.0
0.0
0.0
0.0
0.0
0.0
0.0
0.0
0.0
0.0
0.285714285714
0.0454545454545
0.15
0.134615384615
0.0980392156863
0.0434782608696
0.0
0.121621621622
0.0
0.0
0.0
0.0
0.0
0.0714285714286
0.0
0.0
0.0
0.0
0.0
0.0
0.0
0
0.333333333333
0.833333333333
0.8
0.375
0.428571428571
0.0714285714286
0.166666666667
0.173913043478
0.0
0.0
0.0
0.12
0.0
0.0
0.0869565217391
0.0
0.0
0.0
0.0
0.0
0.2
0.0
0.0
0.0
0.0
0.0
0.785714285714
0.6
0.0
0.470588235294
0.0
0.0
0.0
0.538461538462
0.0
0.0571428571429
0.241379310345
0.0606060606061
0.0
0.113636363636
0.0
0.0
0.0
0.0
0.0
0.0
0.0
0.0
0.0
0.0
0.625
0.222222222222
0.0555555555556
0.0
0.0714285714286
0.0789473684211
0.0
0.0
0.0
0.0
0.0
0.0
0.0
0.0
0.0833333333333
0.0
0.0
0.0
0.0
0.0
0
0
0.0
0.0
0.4
0.0625
0.153846153846
0.0869565217391
0.0
0.0
0.0833333333333
0.1
0.0
0.0
0.0
0.0
0.153846153846
0.5
0.0
0.0
0.0
0.0
0
0.0
0
0.0
0.25
0.8
0.375
0.357142857143
0.0
0.0
0.0
0.0714285714286
0.0588235294118
0.0
0.0
0.0
0.0
0.0666666666667
0.0
0.0
0.0
0.0
0.0
0.0
0.0
0.0
0.0
0.0
0.0
0.666666666667
0.166666666667
0.1
0.148148148148
0.0625
0.0
0.151515151515
0.0
0.0
0.0
0.0
0.0
0.0
0.230769230769
0.0
0.0
0.0
0.0
0.0
0.0
0.0
0.0
0.0
0.0
0.0
0.285714285714
0.5
0.0
0.0
0.0
0.0
0.0
0.0
0.05
0.0
0.0
0.0
0.0
0.0
0.0
0.0
0.0
0.0
0.0
0.0
0.0
0
0
0
0.0
1.0
0.0
0.6
0.0625
0.277777777778
0.0
0.0
0.0
0.125
0.0
0.0
0.0
0.0
0.5
0.0
0.0
0.0
0.0
0
0.0
0
0.0
0
0.5
0.5
0.2
0.6
0.0
0.0
0.25
0.0
0.222222222222
0.0
0.0
0.0
0.0
0.236842105263
0.0
0.0
0.0
0.0
0.0
0.0
0
0.0
0
0.0
0.333333333333
0.555555555556
0.441176470588
0.0
0.0
0.0740740740741
0.0322580645161
0.0
0.0689655172414
0.09375
0.0
0.0
0.0
0.0204081632653
0.0204081632653
0.0
0.0
0.0
0.0
0.0
0
0.0
0.0
0.5
0.0
0.0
0.296296296296
0.115384615385
0.078125
0.255319148936
0.0
0.0
0.0
0.0
0.0
0.0
0.145161290323
0.0
0.0243902439024
0.0
0.0
0.0
0.0
0.0
0.0
0.0
0.0
0.0
0.0
0.307692307692
0.207547169811
0.0
0.0
0.0
0.243243243243
0.0392156862745
0.063829787234
0.0
0.0
0.0
0.0588235294118
0.3125
0.0285714285714
0.0
0.0
0.0
0.0
0.0
0.0
0.0
0.0
0.0
0.222222222222
0.651162790698
0.139534883721
0.0
0.0
0.0169491525424
0.0
0.0
0.0
0.0357142857143
0.0
0.0375
0.0
0.0941176470588
0.0
0.0
0.0
0.0
0.0
0.0
0.0
0.0
0.0
0.333333333333
0.375
0.222222222222
0.304347826087
0.296296296296
0.0212765957447
0.0175438596491
0.0
0.111111111111
0.149253731343
0.0
0.0
0.0
0.0
0.0645161290323
0.0
0.0
0.0
0.0
0.0
0.0
0.0
0.0
0.5
0
0.714285714286
0.333333333333
0.0
0.25
0.047619047619
0.291666666667
0.0
0.047619047619
0.0
0.0
0.0
0.0
0.0
0.0
0.0
0.0
0.0
0.0
0.0
0.0
0.0
0
0.0
0.0
0.0
0.142857142857
0.0
0.0714285714286
0.0555555555556
0.166666666667
0.0540540540541
0.275862068966
0.0
0.104166666667
0.025
0.0238095238095
0.0
0.0
0.163265306122
0.0
0.0
0.0
0.0
0.0
0.0
0.0
0.0
0.0
0.166666666667
0.3125
0.138888888889
0.0645161290323
0.0
0.0666666666667
0.0
0.0
0.0
0.0
0.0
0.0
0.15625
0.08
0.0
0.0
0.0
0.0
0.0
0.0
0.0
0.0
0.0
0
0.222222222222
0.214285714286
0.0
0.0
0.0263157894737
0.107142857143
0.0
0.0
0.0
0.0212765957447
0.0
0.0
0.0
0.0
0.0
0.0
0.0
0.0
0.0
0.0
0.0
0.0
0.0
0.0
0.272727272727
0.0
0.421052631579
0.0
0.0
0.0
0.05
0.0
0.05
0.0
0.0
0.1
0.0512820512821
0.11320754717
0.15873015873
0.0
0.0
0.0
0.0
0.0
0.0
0.0
0.0
0.6
0.272727272727
0.0
0.305555555556
0.0
0.0
0.0
0.0
0.12962962963
0.121212121212
0.0
0.0
0.0512820512821
0.0
0.206349206349
0.0714285714286
0.0
0.0
0.0
0.0
0.0
0.0
0
0.0
0.444444444444
0.363636363636
0.0
0.0967741935484
0.0322580645161
0.0
0.1
0.0
0.0
0.0
0.0
0.0
0.0
0.0
0.0363636363636
0.0
0.0
0.0
0.0
0.0
0.0
0.0
0
0.0
0
0.4
0.0
0.142857142857
0.157894736842
0.0
0.0
0.0769230769231
0.0416666666667
0.0
0.0
0.08
0.0
0.0
0.0
0.0
0.0555555555556
0.0588235294118
0.166666666667
0.0
0.0
0.0
0
0.0
1.0
0.166666666667
0.4
0.0
0.0625
0.0
0.0
0.0
0.0789473684211
0.185185185185
0.0833333333333
0.0
0.0
0.0
0.0555555555556
0.0208333333333
0.0
0.0
0.0
0.0
0.0
0.0
0.0
0.0
0.0
0.5
0.166666666667
0.268292682927
0.172413793103
0.0
0.179487179487
0.0
0.0487804878049
0.0
0.0
0.0
0.0
0.0892857142857
0.0483870967742
0.0405405405405
0.102272727273
0.0
0.0
0.0
0.0
0.0
0.0
0.0
0.0
0.5
0.28125
0.186046511628
0.0652173913043
0.04
0.0
0.0
0.0
0.0
0.0
0.0
0.0
0.22641509434
0.06
0.142857142857
0.0
0.0
0.0
0.0
0.0
0.0
0.0
0.0
0.0
0.0
0.222222222222
0.0
0.0566037735849
0.0
0.0
0.128205128205
0.109090909091
0.0540540540541
0.0
0.0
0.209302325581
0.380952380952
0.0
0.0
0.0
0.0
0.0
0.0
0.0
0.0
0.0
0.0
0.666666666667
0.588235294118
0.0714285714286
0.241379310345
0.225806451613
0.0
0.288888888889
0.0222222222222
0.0
0.0
0.0
0.0
0.142857142857
0.0208333333333
0.0
0.0
0.0
0.0
0.0
0.0
0.0
0.0
0.0
0.0
0.333333333333
0.333333333333
0.0
0.111111111111
0.0454545454545
0.129032258065
0.0
0.0
0.0625
0.0
0.105263157895
0.0
0.0
0.0588235294118
0.0
0.0
0.0
0.0
0.0
0.0
0.0
0.0
0.0
0
0.0
0.0
0.583333333333
0.208333333333
0.0
0.0
0.0526315789474
0.0
0.0
0.0416666666667
0.0
0.0
0.0
0.05
0.0
0.0
0.0
0.0
0.0
0.0
0.0
0.0
0
0.0
0.0
0.0
0.333333333333
0.230769230769
0.0
0.0
0.0
0.411764705882
0.1
0.0833333333333
0.36
0.0
0.0
0.0
0.145833333333
0.0
0.0
0.0
0.0
0.0
0.0
0.0
0.0
0.0
0.0
0.166666666667
0.181818181818
0.282051282051
0.146341463415
0.0
0.0
0.166666666667
0.0
0.025
0.0
0.0
0.0
0.0833333333333
0.161290322581
0.0
0.0
0.0
0.0
0.0
0.0
0.0
0.0
0.0
0.571428571429
0.0
0.0454545454545
0.434782608696
0.0
0.0
0.0
0.177777777778
0.115384615385
0.0681818181818
0.0
0.0
0.0
0.375
0.0416666666667
0.127272727273
0.0
0.0
0.0
0.0
0.0
0.0
0.0
0.0
0.0
0.357142857143
0.205882352941
0.320754716981
0.0
0.0
0.0
0.0
0.0
0.0
0.0
0.0
0.0
0.0
0.253968253968
0.0
0.0
0.0
0.0
0.0
0.0
0.0
0.0
0.0
0.222222222222
0.0
0.372549019608
0.428571428571
0.0
0.0
0.0
0.0
0.25
0.0
0.130434782609
0.0
0.04
0.0
0.107692307692
0.0
0.0
0.0
0.0
0.0
0.0
0.0
0
0
0.2
0.125
0.416666666667
0.28
0.0
0.0
0.0243902439024
0.0
0.138461538462
0.0
0.0
0.0
0.0
0.0
0.0
0.137931034483
0.0
0.0
0.0
0.0
0.0
0
0.0
0.6
0.333333333333
0.4
0.0625
0.622222222222
0.2
0.0
0.0
0.0
0.0
0.0
0.0
0.0
0.0384615384615
0.0769230769231
0.0
0.0
0.0
0.0
0.0
0.0
0.0
0.0
0.0
0.0
0
0.0
0.545454545455
0.214285714286
0.0714285714286
0.2
0.0606060606061
0.15625
0.0
0.0
0.0
0.030303030303
0.0
0.0612244897959
0.0
0.0
0.0
0.0
0.0
0.0
0.0
0.0
0
0.0
0.666666666667
0.0
0.466666666667
0.344262295082
0.05
0.0
0.0
0.0
0.0816326530612
0.0
0.0
0.0
0.0
0.0714285714286
0.0
0.0
0.0
0.0
0.0
0.0
0.0
0.0
0.0
0.0
0.0
0.0
0.525
0.575757575758
0.0285714285714
0.179487179487
0.0
0.131578947368
0.111111111111
0.0232558139535
0.0
0.0
0.0
0.260869565217
0.0188679245283
0.1
0.0
0.0
0.0
0.0
0.0
0.0
0.0
0.0
0.0
0.0
0.583333333333
0.455882352941
0.0
0.0
0.0
0.3125
0.0
0.0181818181818
0.0
0.0196078431373
0.0
0.0151515151515
0.0181818181818
0.0
0.0
0.0
0.0
0.0
0.0
0.0
0.0
0.0
0.0
0.0
0.490196078431
0.181818181818
0.0
0.0
0.0
0.157142857143
0.0
0.0
0.0
0.0
0.0
0.0
0.0
0.0
0.0
0.0
0.0
0.0
0.0
0.0
0.0
0.0
0.25
0.0
0.363636363636
0.214285714286
0.375
0.0
0.0943396226415
0.0909090909091
0.272727272727
0.0
0.0
0.0
0.0
0.0
0.111111111111
0.0
0.0
0.0
0.0
0.0
0.0
0.0
0.333333333333
0.0
0.333333333333
0.6
0.2
0.441176470588
0.3
0.0
0.0
0.05
0.285714285714
0.0
0.0
0.037037037037
0.0
0.0
0.0384615384615
0.0
0.0
0.0
0.0
0.0
0.0
0.0
0.0
0.0
0.25
0.0
0.0
0.333333333333
0.0
0.0526315789474
0.380952380952
0.15
0.04
0.0
0.0967741935484
0.0
0.0
0.152173913043
0.030303030303
0.0540540540541
0.0
0.0
0.0
0.0
0.0
0.0
0.0
0.0
0.0
0.1875
0.347826086957
0.236363636364
0.0789473684211
0.0
0.0851063829787
0.0
0.0
0.107692307692
0.0
0.0
0.0
0.0602409638554
0.0147058823529
0.0
0.0
0.0
0.0
0.0
0.0
0.0
0.0
0.0
0.375
0.0
0.135135135135
0.25
0.0
0.0
0.0178571428571
0.101449275362
0.0
0.0625
0.0
0.0
0.0
0.08
0.102040816327
0.0
0.0
0.0
0.0
0.0
0.0
0.0
0.0
0.0
0.0
0.1
0.366666666667
0.436363636364
0.0697674418605
0.0
0.0
0.0
0.111111111111
0.0
0.0
0.0
0.153846153846
0.122807017544
0.125
0.0
0.0
0.0
0.0
0.0
0.0
0.0
0.0
0.0
0.0
0.166666666667
0.3125
0.153846153846
0.0
0.0769230769231
0.0
0.105263157895
0.222222222222
0.0
0.0
0.0
0.0
0.0588235294118
0.216216216216
0.116279069767
0.0
0.0
0.0
0.0
0.0
0.0
0.0
0.111111111111
0.0
0.0
0.047619047619
0.12
0.0
0.125
0.0
0.0980392156863
0.205128205128
0.0
0.0
0.0
0.0
0.129032258065
0.137931034483
0.0
0.0
0.0
0.0
0.0
0
0.0
0.0
0.0
0
0.0
0.666666666667
0.395348837209
0.64
0.0
0.0
0.0344827586207
0.178571428571
0.0
0.0
0.0
0.0
0.225806451613
0.125
0.0
0.0
0.0
0.0
0.0
0.0
0.0
0.0
0
0.5
0.888888888889
0.538461538462
0.166666666667
0.307692307692
0.0333333333333
0.146341463415
0.392857142857
0.28813559322
0.0416666666667
0.0
0.0
0.0
0.166666666667
0.0307692307692
0.0576923076923
0.0
0.0
0.0
0.0
0.0
0.0
0.0
0.0
0.0
0.181818181818
0.375
0.381818181818
0.0
0.0
0.0350877192982
0.0
0.0
0.0425531914894
0.0
0.0
0.0
0.283333333333
0.185714285714
0.0425531914894
0.0
0.0
0.0
0.0
0.0
0.0
0.0
0.0
0.0
0.833333333333
0.16
0.352941176471
0.05
0.0
0.0
0.263157894737
0.015625
0.0862068965517
0.0
0.0
0.0
0.142857142857
0.162790697674
0.180722891566
0.0
0.0
0.0
0.0
0.0
0.0
0.0
0.0
0.0
0.136363636364
0.363636363636
0.358490566038
0.184210526316
0.0
0.0333333333333
0.0
0.0
0.109375
0.0625
0.0
0.0
0.147058823529
0.142857142857
0.127906976744
0.0
0.0
0.0
0.0
0.0
0.0
0.0
0.0
0.0
0.434782608696
0.125
0.146341463415
0.223880597015
0.0
0.0
0.0
0.105263157895
0.0
0.0
0.0
0.08
0.040404040404
0.0
0.0
0.0
0.0
0.0
0.0
0.0
0.0
0
0.0
0.625
0.153846153846
0.115384615385
0.36
0.0169491525424
0.0
0.0454545454545
0.109589041096
0.027027027027
0.0
0.0
0.0
0.0188679245283
0.0
0.010989010989
0.0
0.0
0.0
0.0
0.0
0.0
0.0
0.0
0
0.0
0.666666666667
0.583333333333
0.0
0.105263157895
0.0
0.0
0.125
0.111111111111
0.0
0.0
0.0
0.0
0.176470588235
0.0
0.0
0.0
0.0
0.0
0.0
0
0.0
0.0
0.0
1.0
0.4
0.6
0.266666666667
0.0
0.0952380952381
0.0555555555556
0.0740740740741
0.354838709677
0.0
0.103448275862
0.0384615384615
0.0
0.117647058824
0.194444444444
0.0714285714286
0.0
0.0
0.0
0.0
0.0
0.0
0.0
0.0
0.125
0.277777777778
0.16
0.114285714286
0.117647058824
0.0
0.3
0.146341463415
0.0
0.0
0.037037037037
0.0
0.0
0.0
0.0
0.0
0.0
0.0
0.0
0.0
0.0
0.0
0.0
0.0
0.0
0.0
0.5
0.235294117647
0.0
0.0
0.115384615385
0.0
0.0526315789474
0.0
0.0
0.0
0.2
0.0434782608696
0.181818181818
0.125
0.0
0.0
0.0
0.0
0.0
0.0
0.0
0.333333333333
0.5
0.5
0.266666666667
0.4
0.0645161290323
0.0
0.0
0.0
0.0
0.0
0.0
0.0294117647059
0.075
0.0810810810811
0.0
0.0
0.0
0.138888888889
0.0
0.0
0.0
0.0
0.0
0.0
0.0
0.0
0.333333333333
0.2
0.297297297297
0.178571428571
0.0
0.0
0.047619047619
0.0357142857143
0.0
0.0
0.0
0.238095238095
0.185185185185
0.0
0.0833333333333
0.0
0.0
0.0
0.0
0.0
0.0
0.0
0.142857142857
0.125
0.0588235294118
0.222222222222
0.225806451613
0.0625
0.0
0.0
0.230769230769
0.0
0.111111111111
0.0
0.0
0.1
0.0
0.0
0.0
0.0
0.0
0
0.166666666667
0.0
0
0.0
0.0
0.0
0.5
0.434782608696
0.1875
0.0
0.0
0.342105263158
0.0
0.0
0.0
0.0
0.263157894737
0.0
0.0
0.0
0.0
0.0
0.0
0.0
0.0
0
0.0
0.5
0.0
0.0
0.176470588235
0.461538461538
0.0769230769231
0.0
0.0
0.190476190476
0.12
0.153846153846
0.214285714286
0.0
0.0344827586207
0.321428571429
0.172413793103
0.0
0.0
0.0
0.0
0.0
0.0
0.0
0.0
0.0
0.25
0.0909090909091
0.266666666667
0.25
0.190476190476
0.0
0.0
0.0
0.0
0.0277777777778
0.0
0.0
0.0
0.0
0.0
0.0
0.0
0.0
0.0
0.0
0.0
0.0
0.0
0.0
0.0
0.0
0.136363636364
0.25
0.0
0.0
0.0
0.0
0.0
0.0
0.0
0.0
0.0
0.25
0.0
0.0
0.0
0.0
0.0
0.0
0.0
0.0
1.0
1.0
0.0
0.6
0.266666666667
0.529411764706
0.0909090909091
0.0
0.0
0.0588235294118
0.0
0.0
0.0
0.153846153846
0.454545454545
0.0
0.1
0.0
0.0
0.0
0.0
0.0
0.0
0.0
0
0.333333333333
1.0
0.333333333333
0.142857142857
0.1
0.0
0.0
0.0
0.0
0.0588235294118
0.0
0.0
0.0
0.0
0.0
0.0
0.181818181818
0.0
0.0
0.0
0.0
0
0.0
0.0
0.0
0.0
0.0
0.333333333333
0.384615384615
0.0
0.111111111111
0.0909090909091
0.1
0.0
0.0
0.0
0.0
0.0
0.0
0.0
0.0
0.25
0.0
0.0
0
0.0
0.0
0.0
0.333333333333
0.0
0.25
1.0
0.0
0.0
0
0.333333333333
1.0
0.2
0.0
0.0
0.0
0.0
0.5
0.0
0.5
0.0
0.0
0
0.0
0.0
0
0.0
0
0.0
0
0.0
0.5
0.666666666667
0.0
0.25
0.25
0.0
0.0
0.666666666667
0.4
0.166666666667
0.0
0.0
0.0
0.0
0.0
0
0
0.0
0.0
0
0
0.0
0.666666666667
0.3
0.230769230769
0.0625
0.0
0.0
0.142857142857
0.0
0.0
0.0
0.0
0.0
0.0
0.333333333333
0.0
0.0
0.0
0
0.0
0.0
0.0
0.0
0.0
0.0
0.2
0.75
0.153846153846
0.25
0.0
0.0
0.0
0.0
0.0
0.0
0.0
0.0
0.0
0.0
0.0
0.0
0.0
0
0.0
0.0
0
0.0
0.0
0.5
0.6
0.636363636364
0.454545454545
0.0
0.0
0.166666666667
0.0
0.0
0.0
0.0
0.0
0.0
0.0
0.0
0.166666666667
0.0
0.0
0
0
0
0
0
0.0
0.5
0.166666666667
0.0
0.0
0.0
0.0
0.0
0.0
0.0
0.0
0.0
0.0
0.0
0.0
0.0
0.285714285714
0.0
0.0
0.0
0.0
0
0.0
0
0.0
0.0
0.4
0.75
0.333333333333
0.0
0.0
0.222222222222
0.0
0.0
0.0
0.0
0.0
0.0
0.0
0.0
0.333333333333
0.0
0.0
0.0
0.0
0.0
0
0.0
0
0.0
0.5
0.0
0.0
0.0
0.0
0.0
0.0
0.0
0.333333333333
0.0
0.0
0.0
0
0.0
0.0
0.0
0.5
0.25
0
0
0
0
0
0
0.0
0.5
0.0
0.0
0.625
0.0
0.0
0.0
0.0
0.0
0.0
0.0
0.0
0
0.0
0.333333333333
0.0
0.0
0.0
0
0
0
0.0
0.75
0.333333333333
0.333333333333
0.0
0.0
0.0
0.0
0.0
0.0
0.0
0.0
0.0
0.0625
0.0
0.0
0.0
0.0
0.0
0.0
0.0
0.0
0.0
0
0
0.0
1.0
0.357142857143
0.133333333333
0.0
0.0
0.136363636364
0.0
0.047619047619
0.0
0.0
0.0
0.0
0.0
0.0
0.0714285714286
0.0
0.0
0.0
0
0
0.0
0
0
0.571428571429
0.7
0.0769230769231
0.0
0.0625
0.125
0.0
0.0588235294118
0.0
0.0
0.0714285714286
0.0
0.0
0.0
0.0
0.0
0.0
0.0
0.0
0.0
0
0
0
0.0
0.0
0.4
0.428571428571
0.0
0.0
0.0
0.0
0.0
0.0
0.0
0.0
0.0
0.0
0.0
0.0625
0.0
0.0
0.0
0.0
0.0
0.0
0.0
0.0
1.0
0.0
0.625
0.789473684211
0.0714285714286
0.0
0.0
0.0344827586207
0.0
0.0
0.0
0.0
0.0
0.0
0.0
0.0
0.0
0.0
0.0
0.0
0
0.0
0
0.0
0
0.0
0.5
0.857142857143
0.0
0.0
0.333333333333
0.25
0.0
0.0
0.166666666667
0.0
0.0
0.0
0.333333333333
0.0
0.0
0.0
0.0
0
0.0
0
0
0
0
0
0.0
0.666666666667
0.25
0
0.0
0.4
0.75
0.333333333333
0.0
0.0
0.0
0.0
0.0
0
0.0
0.0
0.0
0.0
0.0
0.0
0
0.0
0.0
0
0.0
0.5
0.0
0.8
0.142857142857
0.125
0.4
0.0
0.0
0.0
0.0
0.0
0.0
0.0
0.0
0.0
0.0
0.0
0.0
0.0
0.0
0
0.0
0.75
0.809523809524
0.230769230769
0.0
0.0
0.0
0.0526315789474
0.0
0.0
0.0
0.0
0.0
0.0
0.0
0.0526315789474
0.0
0.0
0.0
0.0
0.0
0.0
0
0
0.0
0.666666666667
0.625
0.545454545455
0.15
0.25
0.15625
0.0
0.0
0.0
0.0
0.0
0.0344827586207
0.0
0.0
0.0
0.0555555555556
0.0
0.0
0.0
0.0
0.0
0.0
0
0.0
0.5
0.4
0.676470588235
0.04
0.0344827586207
0.0
0.0
0.0
0.0
0.0
0.0
0.0
0.0
0.0
0.0
0.133333333333
0.0
0.0
0.0
0.0
0.0
0
0.0
0.0
0.0
0.0
0.166666666667
0.190476190476
0.0
0.0
0.0
0.1
0.0
0.0
0.0
0.0
0.0
0.0
0.0
0.0
0.166666666667
0.0
0.0
0.0
0
0
0.0
0
0.333333333333
0.75
0.666666666667
0.166666666667
0.153846153846
0.0
0.0
0.0
0.0
0.0
0.0
0.0
0.0
0.0
0.294117647059
0.0
0.0
0.0
0.0
0.0
0.0
0
0
0
0.0
0.5
0.25
0.428571428571
0.0
0.0
0.0
0.0
0.0714285714286
0.0
0.0
0.0
0.0
0.157894736842
0.1
0.0
0.0
0.0
0.0
0.0
0.0
0.0
0
0.0
0.5
0.285714285714
0.0909090909091
0.133333333333
0.0
0.0
0.15
0.05
0.0
0.0
0.0
0.0
0.0
0.0
0.0
0.0
0.0
0.0
0.0
0.0
0.333333333333
1.0
0
0.333333333333
0.25
0.5
0.4
0.4
0.0
0.0
0.0
0.0
0.0
0.0
0.0
0.0
0.0
0.0
0.0
0.0555555555556
0.0
0.0
0.0
0
0
0.0
0.5
0.0
0.2
0.454545454545
0.411764705882
0.1
0.0
0.0
0.212765957447
0.0
0.0
0.0
0.0
0.0
0.0714285714286
0.0
0.0
0.0
0.0
0.0
0.0
0.0
0.0
0.0
0
0.333333333333
0.625
0.709677419355
0.354838709677
0.0
0.0
0.0
0.0
0.0
0.0
0.0
0.0
0.0
0.0
0.0
0.0
0.0
0.0
0.0
0.0
0.0
0.0
0.0
0.0
0.0
0.333333333333
0.76
0.3
0.0
0.0625
0.0
0.0
0.0
0.0
0.0
0.0
0.0
0.0
0.0
0.0909090909091
0.0909090909091
0.0
0
0.0
0.0
0.0
0
0
0.333333333333
0.4
0.25
0.285714285714
0.0
0.0
0.111111111111
0.0
0.0
0.0
0.0
0.0
0.0
0.0
0.125
0.0
0.0
0.0
0.0
0.0
0
0
0
0
0.0
0.0
0.333333333333
0.428571428571
0.666666666667
0.285714285714
0.0
0.125
0.166666666667
0.0
0.142857142857
0.0
0.0
0.2
0.214285714286
0.333333333333
0.0
0.0
0.0
0.0
0.0
0.0
0.0
0.0
1.0
0.909090909091
0.571428571429
0.263157894737
0.0
0.0
0.0
0.0357142857143
0.0769230769231
0.0
0.0
0.0
0.0
0.0625
0.0
0.0
0.0
0.0
0.0
0.0
0.0
0.0
0.0
0.0
0.0
0.666666666667
0.567567567568
0.166666666667
0.0
0.0
0.0
0.0
0.0
0.0
0.0
0.0
0.0952380952381
0.0
0.117647058824
0.0
0.0
0.0
0.0
0.0
0
0
0
0.5
0.0
0.555555555556
0.767441860465
0.0
0.0
0.0
0.03125
0.148148148148
0.0
0.0
0.0
0.0
0.0
0.0
0.15
0.037037037037
0.0
0.0
0.0
0.0
0.0
0.0
0
0
0
0.75
1.0
0.578947368421
0.0
0.0
0.0
0.0
0.0
0.0833333333333
0.0
0.0
0.0
0.0
0.0
0.0
0.0
0.0
0.0
0.0
0.0
0
0
0
0.0
0.888888888889
0.933333333333
0.392857142857
0.0714285714286
0.0
0.0
0.25
0.0
0.0
0.0
0.0
0.0
0.0
0.0
0.0
0.0
0.0
0.0
0.0
0.0
0
0
0.0
0.0
0.0
0.25
1.0
0.461538461538
0.428571428571
0.0
0.0
0.0
0.0
0.0
0.0
0.0
0.0
0.0
0.285714285714
0.0
0.0
0.0
0.0
0.0
0
0.333333333333
0.0
0.0
0.0
0.666666666667
0.0
0.0
0.0
0.0
0.0
0.0
0.0
0.0952380952381
0.181818181818
0.0
0.0
0.0
0.173913043478
0.473684210526
0.0
0.0
0.0
0.0
0.0
0.0
0.0
0.0
0.75
0.153846153846
0.133333333333
0.0
0.0
0.105263157895
0.205882352941
0.0526315789474
0.0
0.0
0.0
0.0
0.0
0.0
0.04
0.0
0.0
0.0
0.0
0.0
0
0.0
0
0.0
0.833333333333
0.222222222222
0.235294117647
0.3125
0.0
0.0
0.0
0.0
0.0
0.0
0.0
0.0
0.0
0.0
0.0
0.0
0.0
0.0
0.0
0.0
0.0
0.0
0.0
0.0
0.0
0.1
0.125
0.0588235294118
0.0
0.0
0.0
0.137931034483
0.0434782608696
0.0
0.0
0.0
0.0
0.0
0.0
0.0
0.0
0.0
0.0
0.0
0
0
0.0
0.666666666667
0.0
0.2
0.4
0.0555555555556
0.235294117647
0.0
0.0526315789474
0.323529411765
0.0
0.0
0.0
0.0
0.0625
0.0
0.0625
0.0
0.0
0.0
0
0.0
0.0
0.0
0.4
0.0
0.0
0.111111111111
0.0588235294118
0.384615384615
0.0740740740741
0.0
0.307692307692
0.0
0.0
0.0
0.0
0.0
0.0
0.0
0.0
0.0
0.0
0.0
0.0
0.0
0
0.0
0
0.0
0.0
0.0
0.166666666667
0.25
0.0
0.0
0.0
0.0
0.0
0.0
0.0
0.0
0.0
0.5
0.0909090909091
0.0
0.0
0.0
0
0.0
0.0
0
0
0.0
0.0
0.0
0
0.571428571429
0.785714285714
0.0
0.0
0.0
0.0526315789474
0.0
0.0
0.0
0.0
0.0384615384615
0.05
0.0
0.0
0.0
0.0
0.0
0.333333333333
0.0
0.0
0.0
0.25
0.461538461538
0.263157894737
0.0
0.0
0.0
0.0526315789474
0.157894736842
0.0
0.0
0.0
0.0
0.0
0.0
0.0
0.0
0.0
0.0
0.0
0.0
0.0
0.0
1.0
0.4
0.5
0.0
0.466666666667
0.357142857143
0.125
0.0
0.0
0.0714285714286
0.5
0.181818181818
0.0
0.0
0.0
0.0
0.3125
0.0
0.0
0.0
0.0
0.0
0.0
0.0
0.0
0.0
1.0
0.714285714286
0.64
0.0625
0.0
0.0
0.0384615384615
0.0526315789474
0.0
0.0
0.0
0.0
0.0
0.0
0.0
0.285714285714
0.0
0.0
0.0
0
0.0
0.0
0.0
0
0.0
0.444444444444
0.153846153846
0.0
0.0588235294118
0.0
0.0
0.125
0.0
0.0
0.0
0.0
0.0
0.111111111111
0.0
0.0
0.0
0.5
0.5
0
0
0
0
0.0
0.0
0.625
0.181818181818
0.4
0.0
0.0
0.2
0.0
0.0
0.0
0.0
0.0
0.0
0.0
0.0
0.0
0.0
0.0
0
0
0.0
0
0.0
0.5
0.0
0
0.0
0.166666666667
0.166666666667
0.0
0.0
0.0
0.0
0.0
0.4
0.0
0.0
0.0
0.0
0.0
0.0
0.0
0.0
0
0
0
0
0
0.5
0.0
1.0
0.333333333333
0.0
0.25
0.0
0.125
0.0
0.0
0.0
0.0
0.0
0.0
0.0
0.125
0.0
0.0
0.0
0.0
0.0
0
0
0.5
1.0
0.583333333333
0.125
0.0
0.0
0.0
0.2
0.380952380952
0.2
0.0
0.0
0.0
0.222222222222
0.142857142857
0.0
0.0
0.0
0.0
0.0
