1.0
0
0
0
0
0
0
0.0
0.0
0.0
0.0
0.0
0.0
0.0
0.0
0.0
0.0
0.0
0.0
0.0
0.0
0.0
0.0
0.0
0
0.0
0.0
0
0.0
0
0.0
0.0
0.0
0.0
0.0
0.0
0.0
0.0
0.0
0.0
0.0
0.0
0.0
0.0
0.0
0.0
0.0
0.0
0.0
0
0.0
0
0.0
0
0
0
0.0
0.0
0.0
0.0
0.0
0.0
0.0
0.333333333333
0.0
0.0
0.0
0.0
0.0
0.0
0.0
0.0
0.0
0
0
0.0
0
0
0
0.0
0.0
0.0
0.0
0.0
0.0
0.0
0.0
0.0
0.0
0.0
0.0
0.0
0.0
0.0
0.0
0.0
0
0
0
0
0.0
0
0
0.0
0.0
0.0
0.0
0.0
0.0
0.0
0.0
0.0
0.0
0.0
0.0
0.0
0.0
0.0
0.0
0.0
0
0.0
0.0
0
0
0
0
0.0
0.0
0.0
0.0
0.0
0.0
0.0
0.0
0.0
0.0
0.0
0.0
0.0
0.0
0.0
0.0
0.0
0.0
0.0
0.0
0
0
0
0
0
0.0
0.0
0.0
0.0
0.0
0.0
0.0
0.0
0.0
0.0
0.0
0.0
0.0
0.0
0.0
0.0
0.0
0.0
0.0
0
0
0
0.0
0.0
0.0
0.0
0.344827586207
0.0
0.0
0.0
0.0
0.0
0.0
0.0
0.0
0.0
0.0
0.0
0.0
0.0
0.0
0.0
0.0
0
0.0
0
0
0.0
0.0
0.0
0.0
0.0
0.0
0.1
0.210526315789
0.0
0.0
0.0
0.0
0.0
0.0
0.0
0.0
0.0
0.0
0.0
0.0
0.0
0
0
0.0
0.0
0.0
0.0454545454545
0.25
0.583333333333
0.0909090909091
0.0
0.0
0.0
0.0
0.0
0.0
0.0
0.0
0.0
0.0
0.0
0.0
0.0
0
0.0
0
0.0
0.0
0.0
0.0
0.0
0.0
0.3125
0.0
0.0
0.0
0.0
0.0
0.0
0.0
0.0
0.0
0.0
0.0
0.0
0.0
0.0
0
0
0
0
0.0
0.0
0.0
0.0
0.0
0.0
0.0
0.0
0.0
0.0
0.0
0.0
0.0
0.0
0.0
0.0
0.0
0.0
0.0
0.0
0.0
0.0
0
0
0
0.0
0.0
0.0
0.0
0.0
0.0
0.0
0.0
0.0
0.0
0.0
0.0
0.0
0.0
0.0
0.0
0.0
0.0
0.0
0
0
0.0
0
0.0
0.0
0.0
0.0
0.0
0.25
0.0
0.0
0.0
0.0
0.0
0.0
0.0
0.0
0.0
0.0
0.0
0.0
0.0
0.0
0.0
0
0
0
0.0
0.0
0.0
0.0
0.0666666666667
0.105263157895
0.0
0.0
0.0
0.0
0.0
0.0
0.0
0.0
0.0
0.0
0.0
0.0
0.0
0.0
0
0
0
0
0.0
0.0
0.0
0.0
0.0
0.0
0.0
0.0952380952381
0.0
0.0
0.0
0.0
0.0
0.0
0.0
0.0
0.0
0.0
0.0
0.0
0.0
0
0.0
0.0
0.0
0.0
0.0
0.185185185185
0.0
0.0
0.0
0.181818181818
0.133333333333
0.0833333333333
0.0
0.0
0.0
0.0
0.0
0.0
0.0
0.0
0.0
0
0
0
0
0.0
0
0.0
0.0
0.05
0.0
0.0
0.0
0.0
0.0
0.0
0.0
0.0
0.0
0.0
0.0
0.0
0.0
0
0.0
0.0
0
0.0
0
0
0
0.0
0.0
0.0
0.0
0.0
0.0
0.0
0.0
0.0
0.0
0.0
0.0
0.0
0.0
0.0
0.0
0.0
0.0
0.0
0
0.0
0
0
0.0
0.0
0.0
0.0
0.0
0.0
0.0
0.0
0.0
0.0
0.0
0.0
0.0
0.0
0.0
0.0
0.0
0.0
0.0
0.0
0.0
0.0
0
0
0.0
0.0
0.0
0.0
0.0
0.166666666667
0.0
0.0
0.0
0.0
0.0
0.0
0.0
0.0
0.0
0.0
0.0
0.0
0.0
0
0.0
0
0
0
0.0
0.0
0.0
0.0
0.0
0.0
0.0
0.333333333333
0.117647058824
0.0
0.0
0.0
0.0
0.0
0.0
0.0
0.0
0.0
0.0
0.0
0.0
0
0.0
0
0.0
0.0
0.473684210526
0.0
0.0
0.0
0.0
0.0
0.0
0.0
0.0
0.0
0.0
0.0
0.0
0.0
0.0
0.0
0.0
0.0
0.0
0
0
0
0.0
0.0
0.0
0.0
0.0
0.333333333333
0.0
0.125
0.0
0.375
0.0
0.0
0.0
0.0
0.0
0.0
0.0
0.0
0.0
0.0
0
0.0
0.0
0.0
0.0
0.0
0.0
0.0
0.0
0.0
0.0
0.0
0.0
0.0
0.0
0.0
0.0
0.0
0.0
0.0
0.0
0.0
0.0
0.0
0.0
0.0
0.0
0
0.0
0
0.0
0.0
0.0
0.0
0.0
0.0
0.0
0.0
0.0
0.0
0.0
0.0
0.0
0.0
0.0
0.0
0.0
0
0
0.0
0
0.0
0
0
0.0
0.0
0.0
0.0
0.0
0.0
0.0
0.0
0.0
0.0
0.0
0.0
0.0
0.0
0.0
0.0
0.0
0.0
0.0
0.0
0.0
0.0
0
0.0
0.0
0.0
0.0
0.0
0.0
0.0
0.0
0.454545454545
0.0
0.0
0.0
0.0
0.166666666667
0.0
0.0
0.0
0.0
0.0
0.0
0.0
0
0
0
0.0
0.0
0.0
0.1875
0.0869565217391
0.0
0.0
0.1
0.0
0.0
0.0
0.0
0.0
0.0
0.125
0.0
0.0
0.0
0
0.0
0.0
0
0
0
0.0
0.0
0.0
0.0
0.0
0.0
0.0
0.0666666666667
0.0
0.0
0.0
0.0
0.0
0.0
0.0
0.0
0.0
0.0
0
0.0
0
0.0
0.0
0.0
0.0
0.0
0.0
0.0
0.0
0.0
0.111111111111
0.0
0.0
0.0
0.0
0.0
0.0
0.0
0.0
0.0
0.0
0.0
0.0
0
0
0
0
0
0.0
0.0
0.31914893617
0.142857142857
0.4
0.461538461538
0.222222222222
0.388888888889
0.352941176471
0.357142857143
0.0
0.0
0.0
0.0
0.0
0.0
0.0
0.0
0
0.0
0.0
0.0
0
0
0.0
0.0
0.0
0.0
0.0
0.0
0.0
0.0
0.0
0.0
0.0
0.0
0.0
0.0
0.0
0.0
0.0
0
0.0
0
0
0
0
0
0.0
0
0.0
0.0
0.0
0.0
0.0
0.0
0.0
0.0
0.0
0.0
0.0
0.0
0.0
0.0
0.0
0.0
0.0
0.0
0
0.0
0.0
0.0
0.0
0.0
0.0666666666667
0.0
0.0
0.0
0.2
0.0
0.0
0.0
0.0
0.0
0.0
0.0
0.0
0.0
0.0
0.0
0.0
0.0
0
0
0.0
0.0
0.0
0.0
0.0
0.0
0.0
0.0
0.0769230769231
0.0
0.0
0.0
0.0
0.0
0.0
0.25
0.0
0.0
0.0
0.0
0.0
0.0
0.0
0
0.0
0.0
0.0
0.0
0.0
0.1
0.0
0.133333333333
0.238095238095
0.0
0.0
0.0
0.0
0.0
0.0
0.0
0.0
0.0
0.0
0.0
0.0
0
0
0
0
0.0
0.0
0.0
0.0
0.222222222222
0.363636363636
0.125
0.0833333333333
0.166666666667
0.25
0.0
0.0
0.0
0.0
0.0
0.0
0.0
0.0
0.0
0.0
0
0.0
0.0
0.0
0.0
0.0
0.0
0.0
0.0
0.0
0.0
0.0
0.0
0.416666666667
0.0
0.0
0.0
0.0
0.0
0.0
0.0
0.0
0.0
0.0
0
0.0
0
0
0
0.0
0.0
0.0
0.0
0.0
0.0
0.0
0.0
0.0
0.0
0.0
0.0
0.142857142857
0.0
0.0
0.0
0.0
0.0
0.0
0
0
0
0.0
0
0
0.0
0
0.0
0.0
0.0
0.0
0.0
0.0
0.0
0.0
0.0
0.0
0.0833333333333
0.0
0.0
0.0
0.0
0.0
0.0
0
0.0
0
0.0
0.0
0.0
0.0
0.0
0.0
0.1
0.5
0.444444444444
0.0
0.0
0.0
0.0
0.0
0.0
0.0
0.0
0.0
0.0
0.0
0.0
0.0
0.0
0
0.0
0.25
0.0
0.0
0.0
0.0
0.0
0.0
0.0
0.0
0.0
0.0
0.0
0.0
0.0
0.0
0.0
0.0
0.0
0.0
0.0
0.0
0
0.0
0
0.0
0.0
0.0
0.142857142857
0.0
0.0
0.0
0.0
0.0
0.0
0.0
0.0
0.0
0.0
0.0
0.0
0.0
0.0
0
0
0.0
0.0
0
0
0.0
0.0
0.0
0.0
0.0
0.0
0.0
0.0
0.0
0.0
0.0
0.0
0.0
0.0
0.0
0.0
0.0
0.0
0.0
0.0
0.0
0
0
0
0.0
0.142857142857
0.0
0.0
0.0
0.0
0.0
0.0
0.0
0.0
0.0
0.0
0.0
0.0
0.0
0.0
0.0
0
0
0
0
0
0
0
0
0.0
0
0.0
0.0
0.0
0.0
0.0
0.0
0.0
0.0
0.0
0.0
0.0
0.0
0.0
0.0
0.0
0
0
0.0
0
0
0
0.0
0
0.0
0.0
0.0
0.0
0.0
0.0
0.0
0.0
0.0
0.0
0.0
0.0
0.0
0.0
0.0
0.0
0.0
0.0
0
0
0
0
0.0
0.0
0.0
0.0
0.0
0.0
0.0
0.0
0.0
0.0
0.0
0.0
0
0.0
0.0
0.0
0.0
0.0
0.0
0.0
0
0.0
0.0
0
0.0
0.0
0.0
0.0
0.0
0.0
0.0
0.0
0.0
0.0
0.0
0.0
0.0
0.0
0.0
0.0
0
0.0
0
0.0
0
0
0
0.0
0.0
0.0
0.0
0.0
0.0
0.0
0.0
0.0
0.0
0.0
0.0
0.0
0.0
0.0
0.0
0.0
0.0
0.0
0.0
0
0
0
0.0
0
0.0
0.0
0.0
0.0
0.0
0.0
0.0
0.0
0.0
0.0
0.0
0.0
0.0
0.0
0.0
0.0
0.0
0.0
0.0
0.0
0
0
0.0
0
0
0.166666666667
0.121951219512
0.0
0.0
0.0
0.0
0.0
0.0
0.0
0.0
0.0
0.0
0.0
0.0
0.0
0.0
0.0
0.0
0.0
0
0.0
0
0.0
0
0.0
0.0
0.0
0.0
0.0
0.0
0.0
0.0
0.0
0.0
0.0
0.0
0.0
0.0
0.0
0.0
0.0
0.0
0.0
0
0
0.0
0
0
0.0
0.0
0.0
0.0
0.0
0.0
0.0
0.0
0.0
0.0
0.0
0.0
0.0
0.0
0.0
0.0
0.0
0.0
0.0
0.0
0
0.0
0.0
0.0
0.0
0.0
0.0
0.0
0.0
0.0
0.0
0.0
0.0
0.0
0.0
0.0
0.0
0.0
0.0
0.0
0.0
0.0
0
0.0
0
0
0
0.0
0.0
0.0
0.0
0.0
0.0
0.0
0.0
0.0
0.0
0.0
0.326923076923
0.0
0.0
0.0
0.0
0.0
0.0
0.0
0.0
0.0
0.0
0.0
0
0.0
0.0
0.0
0.0
0.0
0.0
0.0
0.0
0.0
0.0
0.0
0.0
0.0
0.0
0.0
0.0
0.0
0.0
0.0
0.0
0
0
0
0
0.0
0.0
0.0
0.0
0.0
0.0
0.0
0.0
0.0
0.0
0.0
0.0
0.0
0.0
0.0
0.0
0.0
0.0
0.0
0.0
0.0
0
0.0
0.0
0.0
0.0
0.0
0.0
0.0
0.0
0.0
0.0
0.0
0.0
0.0
0.0
0.0
0.0
0.0
0.0
0.0
0.0
0.0
0.0
0.0
0.0
0
0
0
0.333333333333
0.0
0.0
0.0
0.0
0.0
0.0
0.0
0.0
0.0
0.0
0.0
0.0
0.0
0.0
0.0
0.0
0
0.0
0.0
0
0
0.0
0
0
0.0
0.0
0.0
0.0
0.0
0.0
0.0
0.0
0.0
0.0
0.0
0.0
0.0
0.0
0.0
0.0
0.0
0.0
0
0
0.0
0
0.0
0.0
0.0
0.0
0.0
0.0
0.0
0.0
0.0
0.0
0.0
0.0
0.0
0.0
0.0
0.0
0.0
0.0
0.0
0.0
0.0
0.0
0
0.0
0.0
0.0
0.0
0.0
0.0
0.0
0.0
0.0
0.0
0.0
0.0
0.0
0.0
0.0
0.0
0.0357142857143
0.0357142857143
0.0
0.0
0.0
0.0
0.0
0.0
0.0
0.0
0.0
0.127659574468
0.0
0.0
0.0
0.0
0.0
0.0
0.0
0.0
0.0
0.0
0.0
0.0
0.0
0.0
0.0
0.0
0.0
0.0
0
0.0
0.0
0.0
0.0
0.0
0.0
0.0
0.0
0.0
0.0
0.0
0.0
0.0
0.0
0.0
0.0
0.0
0.0
0.0
0.0
0.0
0.0
0.0
0.0
0.0
0.0
0.0
0.0
0.0
0.0
0.0
0.0
0.0
0.0
0.0
0.0
0.0
0.0
0.0
0.0
0.0
0.0
0.0
0.0
0.0
0.0
0
0.0
0
0
0
0.0
0.0
0.0
0.0
0.0
0.0
0.0
0.0
0.0
0.0
0.0
0.0
0.0
0.0
0.0
0.0
0.0
0.0
0.0
0.0
0
0
0
0.0
0.0
0.0
0.0
0.03125
0.0
0.0
0.0
0.0
0.0
0.0
0.0
0.0
0.0
0.0
0.0
0.0
0.0
0.0
0.0
0.0
0.0
0.0
0.0
0.0
0.304347826087
0.0
0.0
0.0
0.0
0.0
0.14
0.0
0.0
0.0
0.0
0.0
0.0
0.0
0.0
0.0
0.0
0.0
0.0
0.0
0.0
0.0
0
0.222222222222
0.0
0.0
0.0
0.0
0.0
0.0
0.0
0.0
0.0
0.0
0.0
0.00990099009901
0.0
0.0
0.0
0.0
0.0
0.0
0.0
0.0
0.0
0.0
0.0
0.0
0.025641025641
0.0
0.0
0.0
0.0
0.0
0.0
0.0
0.0
0.0
0.0
0.0
0.0
0.0
0.0
0.0
0.0
0.0
0.0
0.0
0.0
0
0.0
0.0
0.151515151515
0.0
0.234693877551
0.0
0.0
0.0
0.0
0.0
0.0
0.0
0.0
0.0
0.0
0.0
0.0
0.0
0.0
0.0
0.0
0.0
0.0
0.0
0.0
0.0
0.0
0.0
0.208333333333
0.0
0.0
0.0
0.0
0.0
0.0
0.0
0.0
0.0
0.0
0.0
0.0
0.0
0.0
0.0
0
0
0.0
0.0
0.0
0.0
0.0
0.0
0.0
0.0
0.0
0.0
0.0
0.0
0.0
0.0
0.0
0.0
0.0
0.0
0.0
0.0
0.0
0.0
0.0
0
0
0.0
0.0
0.0
0.0
0.0
0.0
0.0
0.0
0.0
0.0
0.0
0.0
0.0
0.0
0.0
0.0
0.0
0.0
0.0
0.0
0.0
0.0
0.0
0.0
0.0
0.0
0.0
0.0
0.0
0.0
0.0
0.0
0.0
0.0
0.0
0.0
0.0
0.0
0.0
0.0
0.0
0.0
0.0
0.0
0.0
0.0
0.0
0.0
0.0
0.0
0.0
0.0
0.0
0.0
0.0
0.0
0.0
0.0
0.0
0.0
0.0
0.0
0.0
0.0
0.0
0.0
0.0
0.0
0.0
0.0
0.0
0.0
0.0
0.0
0.0
0.0
0.0
0.0
0.0
0.0
0.0
0.0
0.0
0.0
0.0
0.0
0.0
0.0
0.0
0.0
0.0
0.0
0.0
0.0
0.0
0.0
0.0
0.0
0.0
0.0
0.0
0.0
0.0
0.0
0.0
0.0
0.0
0.0
0.0
0.0
0.0
0.0
0.0
0.0
0.0
0.0
0.0
0.0
0.0
0.0
0.0
0.0
0.0
0.0
0.0
0.0
0.0
0.0
0.0
0.0
0.0
0.0
0.0
0.0
0.0
0.0
0.0
0.0
0.0
0.0
0.0
0.0
0
0
0
0.0
0.0
0.0
0.0
0.0
0.0
0.0
0.0
0.0
0.0
0.0
0.0
0.0
0.0
0.0
0.0
0.0
0.0
0.0
0.0
0.0
0.0
0
0
0
0.0
0.0
0.0
0.0
0.0
0.0
0.0
0.0
0.0
0.0
0.0
0.0
0.0
0.0
0.0
0.0
0.0
0.0
0.0
0.0
0.0
0.0
0.0
0.0
0.0
0.12
0.0
0.09375
0.0
0.0
0.0
0.0
0.0
0.0
0.0
0.0
0.0
0.0
0.0
0.0
0.0
0.0
0.0
0.0
0.0
0.0
0.0
0.0
0.0
0.107142857143
0.0
0.0
0.0
0.0
0.0
0.0
0.0
0.0
0.0
0.0
0.0
0.0
0.0
0.0
0.0
0.0
0.0
0.0
0.0
0
0.0
0.0
0.0
0.0769230769231
0.0
0.047619047619
0.0
0.0
0.0
0.0
0.0
0.0
0.0
0.0
0.0
0.0
0.0
0.0
0.0
0.0
0.0
0.0
0.0
0
0.0
0.0
0.117647058824
0.0
0.0
0.0
0.0
0.0
0.0
0.0
0.0
0.0
0.0
0.0
0.0
0.0
0.0
0.0
0.0
0.0
0.0
0.0
0.0
0.0
0.0
0.0
0.0
0.0
0.0
0.0
0.0
0.0
0.0
0.0
0.0
0.0
0.0
0.0
0.0
0.0
0.0
0.0
0.0
0.0
0.0
0.0
0
0.0
0.0
0
0.0
0.0
0.0
0.222222222222
0.0
0.0
0.0
0.0
0.0
0.0952380952381
0.0
0.0
0.0
0.0
0.0
0.0
0.0
0.0
0.0
0.0
0.0
0.0
0.0
0
0.0
0.0
0.0
0.0
0.0
0.0
0.0833333333333
0.0
0.0217391304348
0.0566037735849
0.0
0.0
0.0
0.0
0.0
0.0
0.0
0.0
0.0
0.0
0.0
0.0
0.0
0.0
0.0
0.0
0.0
0.0327868852459
0.0
0.0
0.0
0.0
0.0
0.0
0.0
0.0
0.0
0.0
0.093023255814
0.0
0.0
0.0
0.0
0.0
0.0
0.0
0.0
0.0
0.0
0.0
0.0
0.0
0.0
0.0
0.0
0.0
0.0
0.0153846153846
0.0
0.0
0.0
0.281690140845
0.0
0.0
0.0
0.0
0.0
0.0
0.0
0.0
0.0
0.0
0.0
0.0
0.0
0.0
0.0
0.0
0.0
0.0
0.0
0.0
0.0
0.0
0.0
0.0
0.0
0.0
0.0
0.0
0.0
0.0
0.0
0.0
0.0
0.0
0.111111111111
0.0
0.0243902439024
0.0
0.0
0.0
0.0
0.0
0.0
0.0
0.0
0.0
0.0
0.0
0.0
0.0
0.0
0.0
0.0
0.0
0.0
0.0
0.0
0.0
0.0
0.0
0.0
0.0
0.0
0.0
0.0
0.0
0.0
0.0
0.0
0.0
0.0
0.0
0.0
0.0
0.0
0.0
0.0
0.0
0.0
0.0
0
0.0
0.0
0.0
0.0
0.0
0.0
0.0
0.0
0.0
0.294117647059
0.0
0.0
0.0
0.0
0.0
0.0
0.0
0.0
0.0
0.0
0.0
0.0
0.0
0
0.0
0.0
0.0
0.0
0.0
0.0
0.0526315789474
0.0
0.0
0.0
0.0
0.0
0.0740740740741
0.214285714286
0.0
0.0
0.0
0.0
0.0
0.0
0.0
0.0
0.0
0.0
0.333333333333
0.0
0.0
0.0
0.0
0.0
0.0
0.0
0.0
0.0
0.0
0.0
0.0377358490566
0.0483870967742
0.0
0.0408163265306
0.0188679245283
0.0
0.0
0.0
0.0
0.0
0.0
0.0
0.0
0.0
0.217391304348
0.105263157895
0.0
0.0
0.0
0.0
0.0
0.0
0.0
0.0
0.0
0.0
0.0116279069767
0.0
0.05
0.0
0.0
0.0
0.0
0.0
0.0
0.0
0
0.0
0.0
0.0
0.0
0.0
0.0
0.0
0.0
0.0
0.0
0.0
0.0
0.0
0.0
0.0
0.0
0.0
0.0
0.0
0.0
0.0
0.0
0
0.0
0.0
0.136363636364
0.0
0.025
0.0
0.0
0.0
0.0
0.0
0.0
0.0
0.0
0.0
0.0
0.0
0.0
0.0
0.0
0.0
0.0
0.0
0.0
0
0.0
0.0
0.0
0.0
0.0
0.0
0.0
0.0
0.125
0.0
0.0
0.0
0.0
0.0
0.0
0.0
0.0
0.0
0.0
0.0
0.0
0.0
0.0
0
0
0.0
0.0
0.0
0.0
0.0
0.0
0.0
0.133333333333
0.0909090909091
0.142857142857
0.0
0.0
0.0
0.0
0.0
0.0
0.0
0.0
0.0
0.0
0.0
0
0.0
0.0
0.0
0.0
0.125
0.0
0.0
0.0714285714286
0.47619047619
0.0714285714286
0.285714285714
0.0454545454545
0.0
0.0
0.129032258065
0.150943396226
0.0
0.0
0.0
0.0
0.0
0.0
0.0
0.0
0.0
0.0
0.0
0.0
0.0
0.0
0.0
0.0
0.0487804878049
0.0
0.0892857142857
0.0
0.0
0.0
0.0379746835443
0.0
0.0471698113208
0.0
0.0
0.0
0.0
0.0
0.0
0.0
0.0
0.0
0.0
0.0
0.0277777777778
0.037037037037
0.0
0.0
0.0
0.0
0.0
0.0
0.0
0.0
0.0
0.0
0.0
0.0
0.0
0.0
0.0
0.0
0.0
0.0
0.0
0.0
0.0
0.0
0.0217391304348
0.0
0.0
0.0
0.0
0.0
0.0
0.0
0.0
0.0
0.0
0.0
0.0
0.0
0.0
0.0
0.0
0.0
0.0
0.0
0.0
0.0
0.0
0.0
0.0547945205479
0.0
0.0
0.0
0.0
0.0
0.0
0.0
0.0
0.0
0.0
0.0941176470588
0.0151515151515
0.0535714285714
0.0416666666667
0.0
0.0
0.0
0.0
0.0
0.0
0.0
0.0
0.0526315789474
0.0
0.148936170213
0.0
0.0
0.0161290322581
0.193548387097
0.0
0.0
0.0
0.0
0.0
0.0
0.0
0.0
0.0
0.0
0.0
0.0
0.0
0.0
0
0.0
0.0
0.0
0.0
0.0
0.0
0.0
0.0
0.0
0.0
0.0
0.121212121212
0.0
0.0
0.0
0.0526315789474
0.0
0.0
0.0
0.0
0.0
0.0
0
0
0
0.0
0.0
0.0
0.0
0.0
0.0
0.0
0.0
0.0975609756098
0.0
0.0
0.0
0.0169491525424
0.05
0.0327868852459
0.0
0.0
0.0
0.0
0.0
0.0
0.0
0.0
0.0
0.0
0.0
0.135135135135
0.0
0.0
0.0
0.0
0.0
0.0
0.0
0.0
0.0
0.0
0.0
0.0
0.0
0.0
0.0
0.0
0.0
0.0
0.0
0.0
0.0
0.0
0.382978723404
0.0
0.0
0.0
0.0
0.0
0.0
0.0
0.0
0.0
0.0
0.0
0.0
0.0
0.0416666666667
0.0
0.0
0.0
0.0
0.0
0.0
0.0
0.0
0.0
0.1875
0.0
0.0
0.0
0.0
0.0
0.0
0.0
0.0
0.0
0.0
0.0
0.0
0.0166666666667
0.0
0.0
0.0
0.0
0.0
0.0
0.0
0.0
0.0
0.0
0.0
0.1
0.0
0.0
0.0
0.0
0.0
0.0
0.0
0.0
0.0
0.0
0.0
0.0508474576271
0.0
0.0
0.0
0.0
0.0
0.0
0.0
0.0
0.0
0.0
0.0
0.0
0.0
0.0
0.0
0.0
0.0
0.0
0.0
0.0
0.0
0.0
0.0
0.0
0.0
0.0
0.0
0.0
0.0
0.0
0.0
0
0.0
0.0
0.0
0.0
0.0
0.0
0.0
0.0
0.0
0.0
0.0
0.0
0.0
0.0
0.0555555555556
0.166666666667
0.0
0.0
0.0
0.0
0.0
0.0
0.0
0.0
0.0
0
0.0
0.0
0.0
0.0454545454545
0.0
0.0384615384615
0.0
0.0
0.115384615385
0.0
0.0888888888889
0.0526315789474
0.0576923076923
0.0576923076923
0.0208333333333
0.0
0.0
0.0
0.0
0.0
0.0
0.0
0.0
0.0
0.0
0.0
0.0
0.0
0.0
0.0
0.0
0.0
0.0
0.0
0.0
0.0392156862745
0.0
0.147058823529
0.0
0.0
0.0
0.0
0.0
0.0
0.0
0.0
0.0
0.0
0.0
0.389473684211
0.0
0.0
0.0
0.0
0.0
0.0
0.0
0.0
0.0
0.0
0.0
0.0
0.0
0.0
0.0
0.0
0.0
0.0
0.0
0.0
0.0
0.0
0.0
0.0
0.0
0.0
0.0
0.0
0.063829787234
0.0
0.0
0.0
0.0
0.0
0.0
0.0
0.0
0.0
0.0
0.0
0.0
0.0
0.0
0.0
0.0
0.0
0.0
0.0
0.0
0.0
0.0
0.0
0.0
0.0
0.0
0.0
0.0
0.0
0.0
0.0
0.0
0.0
0.0
0.0
0.0
0.0
0.0
0.0
0.0
0.0
0.0
0.0740740740741
0.0333333333333
0.0
0.0
0.0
0.0
0.0
0.0
0.0555555555556
0.0645161290323
0.0
0.0
0.0
0.0
0.0
0.0
0.0
0.0
0.0
0.0
0
0
0.0
0.166666666667
0.0
0.0
0.0
0.0
0.0
0.0
0.0
0.2
0.0
0.0
0.0
0.0
0.166666666667
0.166666666667
0.0
0.0
0.0
0.0
0
0.0
0.0
0.0
0.0
0.0
0.190476190476
0.0
0.277777777778
0.318181818182
0.103448275862
0.0
0.0512820512821
0.0714285714286
0.0
0.0
0.196078431373
0.0
0.0
0.0
0.0
0.0
0.0
0.0
0.0
0.0
0.0
0.0
0.0
0.0
0.0
0.0
0.0
0.0
0.0
0.0
0.0
0.0
0.0
0.0
0.015625
0.0
0.0
0.0
0.0
0.0
0.0
0.0
0.0
0.0
0.0
0.0
0.2
0.41935483871
0.0769230769231
0.0
0.0
0.0
0.0
0.0
0.0
0.0
0.0
0.0
0.0
0.0
0.0
0.0
0.0
0.0
0.0
0.0
0.0
0.0
0.0
0.0
0.0
0.0
0.0
0.102941176471
0.0
0.0
0.0
0.0
0.0
0.0
0.0
0.0
0.0
0.0
0.0
0.0
0.0
0.0
0.0
0.0
0.0
0.0
0.0
0.0
0.0
0.397058823529
0.0
0.0941176470588
0.0
0.0
0.0
0.0
0.0
0.0
0.0
0.0
0.0204081632653
0.0
0.0
0.0
0.0
0.0
0.0
0.0
0.0
0.0
0.0
0.0
0.0
0.212121212121
0.0
0.157303370787
0.0
0.0
0.0
0.0
0.0
0.0
0.0
0.0
0.0
0.0
0.2
0.0
0.0
0.0
0.0
0.0
0.0
0.0
0.0
0.0
0.0
0.0
0.0769230769231
0.0
0.25
0.171428571429
0.0294117647059
0.0
0.0
0.0
0.0
0.0
0.0277777777778
0.0
0.0
0.0
0.0
0.0
0.0
0.0
0.0
0.0
0.0
0.0
0.0
0.0
0.0
0.0
0.173913043478
0.21875
0.0
0.270833333333
0.04
0.151515151515
0.0697674418605
0.106382978723
0.228070175439
0.0
0.0
0.0
0.0
0.0
0.0
0.0
0.0
0.0
0.0
0.1
0.5
0.0
0.256756756757
0.105263157895
0.0
0.0
0.0694444444444
0.0
0.0
0.0
0.0
0.0
0.0
0.0
0.0
0.0
0.0
0.0
0.0
0.0
0.0
0.0
0.0
0.0
0.0714285714286
0.44776119403
0.0
0.0
0.0
0.0
0.0
0.0
0.0344827586207
0.0
0.0
0.0
0.0
0.0727272727273
0.0
0.0
0.0
0.0
0.0
0.0
0.0
0.0
0.0
0.0
0.0769230769231
0.0
0.227272727273
0.0
0.0
0.0
0.0425531914894
0.0344827586207
0.0
0.0
0.0
0.0
0.0
0.2
0.04
0.0
0.0
0.0
0.0
0.0
0.0
0.0
0.2
0.0
0.0
0.258064516129
0.0882352941176
0.0
0.0
0.0
0.0
0.0877192982456
0.0434782608696
0.0
0.0
0.0
0.0
0.046511627907
0.0
0.0
0.0
0.0
0.0
0.0
0.0
0.0
0.0
0.0
0.0
0.0
0.2
0.126984126984
0.0
0.0
0.0
0.0
0.0
0.0
0.0263157894737
0.0
0.0
0.0
0.0
0.0
0.0
0.0
0.0
0.0
0.0
0
0.0
0
0.125
0.0
0.0
0.0
0.0
0.0
0.0
0.04
0.0540540540541
0.0
0.129032258065
0.0
0.0
0.0
0.0769230769231
0.0740740740741
0.0
0.0
0.0
0.0
0.0
0.0
0.0
0.0
0.0
0.111111111111
0.0740740740741
0.0
0.0384615384615
0.137931034483
0.0612244897959
0.0
0.160714285714
0.0
0.1
0.0555555555556
0.0
0.0
0.0
0.0
0.0
0.0
0.0
0.0
0.0
0.0
0.0
0.0
0.0
0.0
0.151515151515
0.0847457627119
0.0769230769231
0.02
0.0860215053763
0.0
0.0
0.0
0.0
0.166666666667
0.0
0.0
0.0
0.0
0.0
0.0
0.0
0.0
0.0
0
0.0
0.0
0.0
0.108695652174
0.0
0.0
0.0
0.0
0.0
0.0
0.0
0.0
0.0
0.0
0.0
0.148148148148
0.0877192982456
0.0
0.0
0.0
0.0
0.0
0.0
0.0
0.0
0.0
0.0
0.0833333333333
0.0
0.0175438596491
0.0
0.0
0.0862068965517
0.0
0.0
0.0
0.0
0.0
0.0
0.0
0.164383561644
0.140845070423
0.0
0.0
0.0
0.0
0.0
0.0
0.0
0.0
0.0
0.0
0.102564102564
0.027397260274
0.0
0.0
0.0
0.0
0.0
0.0
0.0
0.0
0.122448979592
0.0252100840336
0.0
0.0
0.0
0.0
0.0
0.0
0.0
0.0
0.0
0.0
0.0
0.16
0.0
0.0
0.0
0.0
0.0
0.0
0.0
0.0
0.0
0.0
0.0
0.0
0.0
0.0
0.0
0.0
0.0
0.0
0.0
0.0
0
0.0
0.0
0.0
0.0
0.0
0.0
0.0
0.0810810810811
0.0
0.0
0.0
0.0
0.0
0.0
0.0
0.0357142857143
0.0
0.0
0.0
0.0
0.0
0.0
0.0
0.0
0.0
0.0
0.0
0.0
0.0
0.0
0.133333333333
0.0975609756098
0.0
0.0
0.0
0.0
0.0
0.0
0.0
0.0
0.0
0.0
0.0
0.0
0.0
0.0
0.0
0.0
0.0
0.15
0.0
0.0
0.0
0.0
0.075
0.0
0.0
0.0
0.0
0.0
0.0
0.0
0.0
0.0
0.0
0.0
0.0
0.0
0.0
0.0
0.0
0.0
0.0
0.0
0.411764705882
0.06
0.0
0.0
0.0
0.025
0.192307692308
0.0
0.0
0.0
0.0
0.0
0.0
0.0434782608696
0.296296296296
0.0
0.0
0.0
0.0
0.0
0
0.0
0.0
0.0
0.0
0.0
0.0
0.0
0.0
0.392857142857
0.1
0.0967741935484
0.0
0.0
0.0
0.0
0.0434782608696
0.0434782608696
0.0
0.0
0.0
0.0
0.0
0.0
0.0
0
0.0
0.0
0.0
0.0
0.0
0.142857142857
0.0
0.0666666666667
0.0689655172414
0.0
0.0
0.0666666666667
0.0
0.166666666667
0.0
0.190476190476
0.0
0.0
0.0
0.0
0.0
0.0
0.0
0.0
0.0
0.0
0.0
0.0
0.466666666667
0.0
0.0
0.0526315789474
0.08
0.193548387097
0.0
0.0
0.04
0.15
0.2
0.0
0.0
0.0
0.0
0.0
0.0
0.0
0.0
0.0
0.0
0.0
0.466666666667
0.0
0.0
0.105263157895
0.36
0.142857142857
0.111111111111
0.216216216216
0.0
0.0
0.0
0.05
0.285714285714
0.037037037037
0.227272727273
0.0
0.0
0.0
0.0
0.0
0.0
0.0
0.0
0.0
0.0
0.411764705882
0.44
0.0
0.115384615385
0.444444444444
0.0
0.0
0.261904761905
0.136363636364
0.0
0.108108108108
0.11320754717
0.0169491525424
0.0
0.0
0.0
0.0
0.0
0.0
0.0
0.0
0.0
0.333333333333
0.0769230769231
0.0
0.0
0.190476190476
0.0
0.0
0.0
0.25
0.0
0.0
0.0
0.0
0.0
0.0
0.0
0.0
0.0
0.0
0.0
0.0
0.0
0.0
0.0
0.190476190476
0.361111111111
0.0
0.0
0.0
0.0
0.0
0.0151515151515
0.0909090909091
0.0161290322581
0.0
0.181818181818
0.16049382716
0.236111111111
0.0
0.0
0.0
0.0
0.0
0.0
0.0
0.0
0.25
0.0
0.111111111111
0.272727272727
0.0888888888889
0.0681818181818
0.0833333333333
0.185714285714
0.0701754385965
0.030303030303
0.030303030303
0.0847457627119
0.0140845070423
0.0
0.105882352941
0.0
0.0
0.0
0.0
0.0
0.0
0.0
0.0
0.0
0.0
0.0
0.0588235294118
0.275862068966
0.269230769231
0.0909090909091
0.0
0.0
0.0
0.0
0.0131578947368
0.0185185185185
0.0
0.0470588235294
0.207920792079
0.0
0.0
0.0
0.0
0.0
0.0
0.0
0.0
0.0
0.0
0.0
0.3
0.230769230769
0.28125
0.0
0.0
0.0847457627119
0.0149253731343
0.20253164557
0.046511627907
0.0113636363636
0.0
0.0
0.0153846153846
0.0
0.0
0.0
0.0
0.0
0.0
0.0
0.0
0
0.0
0.0
0.0
0.142857142857
0.153846153846
0.15
0.0
0.0
0.0
0.115384615385
0.0
0.0
0.0
0.0666666666667
0.111111111111
0.157894736842
0.0
0.0
0.0
0.0
0.0
0.0
0.0
0.0
0.0
0.0
0.1
0.571428571429
0.166666666667
0.421052631579
0.0434782608696
0.206896551724
0.214285714286
0.0344827586207
0.0
0.0
0.1875
0.228571428571
0.176470588235
0.0
0.0714285714286
0.0
0.0
0.0
0.0
0.0
0.0
0.0
0.0
0.0
0.391304347826
0.117647058824
0.0
0.0
0.0
0.0
0.0
0.0294117647059
0.107142857143
0.0
0.0
0.0
0.0
0.1
0.0
0.0
0.0
0.0
0.0
0.0
0.0
0.0
0.0
0.0
0.0
0.214285714286
0.208333333333
0.037037037037
0.0
0.0
0.037037037037
0.0
0.0
0.0
0.0
0.136363636364
0.0
0.0769230769231
0.181818181818
0.0
0.0
0.0
0.0
0.0
0.0
0.0
0.0
0.0
0.0
0.0
0.0
0.117647058824
0.1
0.0555555555556
0.0
0.0
0.0
0.0
0.0
0.0
0.0
0.0
0.0
0.0
0.0
0.0
0.0
0.0
0
0.0
0.0
0.0
0.125
0.1
0.0
0.0
0.0
0.0
0.0
0.384615384615
0.0
0.0
0.0
0.0
0.0
0.0
0.0
0.0
0.0
0.0
0.0
0.0
0.0
0.0
0.0
0.0909090909091
0.0
0.0
0.0625
0.0
0.0
0.0
0.0833333333333
0.0
0.0
0.0
0.0
0.0
0.0
0.0
0.0
0.0
0.0
0.0
0.0
0.0
0.0
0
0
0.0
0.0
0.0
0.0
0.0
0.0
0.0
0.0
0.0
0.0
0.0
0.222222222222
0.0
0.0
0.0
0.0
0.0
0.0
0.0
0.0
0.0
0
0
0
0.333333333333
0.111111111111
0.0
0.0
0.0
0.0
0.0
0.0
0.0
0.0
0.0
0.0
0.0
0.15
0.0
0.0
0.0
0.0
0.0
0.0
0.0
0.0
0.0
0.0
0.0
0.0
0.266666666667
0.0
0.0
0.0769230769231
0.0
0.047619047619
0.0
0.0
0.0
0.0
0.0
0.142857142857
0.0
0.0
0.0
0.0
0.0
0.0
0
0
0.0
0.0
0.0
0.0
0.0
0.25
0.0
0.0
0.0
0.0666666666667
0.0
0.0
0.0
0.0
0.0
0.0909090909091
0.0
0.0
0.0
0.0
0.0
0.0
0
0.0
0.0
0
0.0
0.0
0.125
0.0
0.0
0.0
0.0
0.0
0.0
0.0
0.0
0.0
0.0
0.0
0.0
0.0
0.0
0.0
0.0
0.0
0
0
0.0
0.0
0.0
0.0
0.416666666667
0.222222222222
0.0
0.0
0.0
0.0
0.0714285714286
0.0
0.0
0.0
0.0
0.0
0.0
0.0
0.0
0.0
0.0
0.0
0
0.0
0
0
0.911111111111
0.2
0.0408163265306
0.0
0.0
0.0
0.0
0.0
0.0
0.0
0.0
0.0
0.0
0.0
0.0
0.0
0.0
0.0
0.0
0.0
0
0
0
0
0
0
0.0
0.4
0.0
0.0
0.0
0.0
0.0
0.0
0.0
0.0
0.0
0.0
0.0
0.0
0
0.0
0.0
0.0
0
0
0.0
0
0
0.0
0.0
0.0
0.0
0.0
0.0
0.0
0.0
0.0
0.0
0.0
0.0
0.0
0.0
0.0
0.0
0.0
0
0
0.0
0.0
0
0
0.0
0
0.6
0.166666666667
0.0
0.0
0.0
0.0
0.0
0.0
0.0
0.0
0.0
0.0
0.0
0
0.0
0
0.0
0
0
0
0
0
0.0
0
0.0
0.25
0.0
0.0
0.0
0.0
0.0
0.0
0.0
0.0
0.0
0.0
0.0
0
0.0
0
0.0
0.0
0.0
0
0
0.0
0
0.0
0.0
0.0
0.333333333333
0.0
0.0
0.0
0.0
0
0.0
0.0
0
0.0
0.333333333333
0.0
0
0
0.0
0.0
0.0
0
0.0
0.0
0
0
0.0
0.0
0.0
0.0
0.166666666667
0
0.0
0.0
0.0
0.0
0.0
0.25
0
0.0
0.0
0.0
0
0.0
0
0
0
0
0
0
0
0.0
0.5
0.0
0.0
0
0.0
0.0
0.0
0.0
0.0
0.0
0.0
0.0
0.0
0.0
0.0
0.0
0.0
0
0
0
0
0
0.0
0.0
0.0
0.0
0
0.0
0.0
0.0
0.0
0.0
0.0
0
0.285714285714
0
0
0.0
0.0
0
0
0.0
0.0
0
0.0
0
0.0
0.0
0
0.0
0.25
0.0
0
0.0
0.0
0.0
0.0
0.0
0.0
0.0
0
0.0
0
0.0
0
0.0
0.0
0
0
0.0
0.0
0.0
0.0
0.0
0.0
0.0
0.0
0.0
0.0
0.0
0.0
0.0
0.0
0.0
0
0.0
0
0.0
0
0
0.0
0
0
0
0.0
0.0
0.0
0.0
0.0
0.0
0.0
0.0
0
0.0
0.0
0.0
0.0
0.0
0
0.0
0
0
0
0.0
0
0
0.0
0.0
0.0
0.0
0.0
0.0
0.0
0.0
0.0
0
0.0
0.0909090909091
0.0
0.0
0.0
0.0
0.0
0.0
0.0
0.0
0
0
0.0
0.0
0
0
0
0.0
0.5
0.0
0.0
0.0
0.0
0.0
0.0
0.0
0.0
0.0
0.0
0.0
0
0.0
0.0
0.0
0
0.0
0
0
0.0
0
0.0
0.0
0.0
0.0
0.0
0.0
0.0
0.0
0.0
0.0
0.0
0.0
0.0
0.0
0.0
0.0
0.0
0
0
0
0
0
0.0
0.0
0.0
0.0
0.0
0.0
0.0
0.0
0.0
0.0
0
0.0
0.0
0.0
0.0
0.0
0
0.0
0.0
0
0
0.0
0.0
0
0
0
0.0
0.0
0.0
0.0
0.142857142857
0.0
0.0
0.0
0.0
0.0
0.0
0.5
0.0
0.0
0.0
0
0.0
0
0
0
0
0
0
0.666666666667
0.0
0.0
0.0
0.0
0.0
0.0
0.0
0.0
0.0
0.0
0.0
0.0
0.0
0.0
0.0
0.0
0.0
0
0.0
0
0
0
0
0.4
0.454545454545
0.0434782608696
0.0
0.0
0.0
0.0
0.0
0.0
0.0
0.0
0.0
0.0
0.0
0.0
0.0
0.0
0.0
0.0
0
0
0.0
0
0.0
0.0
0.0
0.481481481481
0.15
0.0
0.0
0.0555555555556
0.0
0.0
0.0
0.0
0.0
0.0
0.0
0.0
0.0
0.0
0.0
0
0
0
0
0
0.625
0.714285714286
0.05
0.411764705882
0.0
0.0
0.0
0.0
0.0
0.0
0.0333333333333
0.0
0.0
0.0
0.0
0.0
0.0
0.0
0.0
0
0
0
0.0
0.0
0.0
0.0
0.0
0.0
0.439024390244
0.0
0.0
0.0
0.0
0.0
0.0
0.0
0.0
0.0
0.0
0.0
0.0
0.0
0.0
0.0
0
0
0
0.0
0.0
0.0
0.333333333333
0.0
0.0
0.0
0.0
0.0
0.0
0.0
0.0
0.0
0.0
0.0
0.0
0.0
0.0
0.0
0.0
0
0
0
0
0
0
0.0
0.285714285714
0.0
0.0
0.375
0.210526315789
0.0
0.0
0.0
0.0
0.0
0.0
0.0
0.0
0.0
0.0
0.0
0.0
0
0.0
0.0
0
0.0
0.0
0.222222222222
0.04
0.314285714286
0.0
0.0
0.0
0.0
0.0
0.0
0.0
0.0
0.0
0.0
0.0
0.0
0.0
0.0
0.0
0
0
0
0.0
0
0.166666666667
0.0
0.740740740741
0.136363636364
0.0
0.0
0.0
0.0
0.0
0.0
0.0
0.047619047619
0.0
0.0
0.0
0.0
0.0
0.0
0.0
0.0
0
0.0
0
0.0
0.0
0.272727272727
0.540540540541
0.28125
0.0
0.0
0.0
0.0
0.0
0.0
0.0
0.0
0.0
0.0
0.0
0.0
0.0
0.0
0.0
0.0
0.0
0.0
0.0
0.0
0.0
0.8
0.701149425287
0.0185185185185
0.04
0.0
0.0169491525424
0.0
0.0
0.0
0.0
0.0
0.0
0.0
0.0
0.0
0.0
0.0
0.0
0.0
0.0
0.0
0.0
0.0
0.0
0.421052631579
0.0
0.24
0.313253012048
0.0
0.0
0.0123456790123
0.027027027027
0.0
0.0
0.0
0.0
0.0
0.0
0.0
0.0
0.0
0.0
0.0
0.0
0.0
0.0
0
0.0
0.166666666667
0.0
0.0
0.4
0.0
0.0
0.0
0.130434782609
0.0
0.0
0.0
0.0
0.0
0.0
0.0
0.0
0.0
0.0
0.0
0.0
0.0
0
0.0
0.0
0.0
0.3
0.294117647059
0.0
0.0869565217391
0.105263157895
0.0588235294118
0.0
0.0
0.0
0.0
0.0
0.0
0.0
0.0
0.0
0.0
0.0
0.0
0
0
0.0
0.0
0.0
0.0
0.533333333333
0.0
0.0
0.0
0.102040816327
0.125
0.0
0.05
0.0
0.0
0.0
0.0
0.0588235294118
0.0
0.0
0.0
0.0
0.0
0.0
0.0
0.0
0.0
0.0
0.307692307692
0.0
0.333333333333
0.0
0.0
0.192307692308
0.0540540540541
0.175
0.0
0.0
0.0
0.224137931034
0.0454545454545
0.0
0.0
0.0
0.0
0.0
0.0
0.0
0
0
0.0
0.0
0.153846153846
0.142857142857
0.25
0.0
0.0701754385965
0.0
0.183908045977
0.0923076923077
0.0
0.0
0.0
0.0114942528736
0.0693069306931
0.0
0.0
0.0
0.0
0.0
0.0
0.0
0.0
0.0
0.0
0.461538461538
0.555555555556
0.309523809524
0.2
0.0
0.0
0.238095238095
0.0
0.0
0.0
0.0
0.0
0.0
0.0
0.0
0.0
0.0
0.0
0.0
0.0
0
0.0
0.0
0.0
0.0
0.0588235294118
0.111111111111
0.157894736842
0.426229508197
0.0
0.03125
0.0421052631579
0.0779220779221
0.0
0.0
0.0
0.0
0.0
0.0444444444444
0.0
0.0
0.0
0.0
0.0
0.0
0
0.0
0.0
0.0
0.0
0.166666666667
0.0
0.142857142857
0.0
0.0625
0.2
0.0
0.0
0.0
0.0
0.0
0.0
0.0
0.0
0.0
0.0
0.0
0
0.0
0
0
0
0.0
0.0
0.181818181818
0.0
0.0
0.4
0.413793103448
0.0
0.0
0.0
0.0
0.0
0.130434782609
0.0
0.0
0.0
0.0
0.0
0.0
0.0
0.0
0.0
0.0
0.0
0.0
0.111111111111
0.166666666667
0.628571428571
0.0
0.0
0.0869565217391
0.04
0.0
0.0
0.0
0.0
0.0
0.0714285714286
0.0
0.0
0.0
0.0
0.0
0.0
0.0
0.0
0.0
0.0
0.6
0.565217391304
0.260869565217
0.0
0.0
0.0
0.063829787234
0.0
0.0
0.0
0.0
0.0
0.0
0.0
0.0666666666667
0.0
0.0
0.0
0.0
0.0
0.0
0.0
0.0
0.0
0
0.142857142857
0.307692307692
0.561643835616
0.0
0.0
0.0566037735849
0.195652173913
0.0
0.0
0.0
0.0
0.0
0.0416666666667
0.0
0.0
0.0
0.0
0.0
0.0
0.0
0.0
0
0.0
0.357142857143
0.765957446809
0.136363636364
0.0
0.0
0.0
0.0
0.0
0.0
0.0
0.0
0.04
0.0
0.0
0.0512820512821
0.0
0.0
0.0
0.0
0.0
0.0
0
0.0
0.0
0.125
0.0
0.0
0.181818181818
0.0
0.0
0.0
0.210526315789
0.0
0.0
0.0
0.0
0.0
0.0
0.0
0.142857142857
0.0
0.0
0.0
0
0
0.0
0
0.0
0.0
0.0
0.307692307692
0.428571428571
0.117647058824
0.0526315789474
0.0
0.0
0.0
0.0
0.0
0.0
0.0
0.0
0.0
0.0
0.0
0.0
0.0
0.0
0.0
0.0
0.0
0.0
0.0
0.0
0.428571428571
0.470588235294
0.125
0.166666666667
0.0869565217391
0.08
0.0
0.0
0.0
0.0
0.0
0.0
0.0
0.0
0.0
0.0
0.0
0.0
0.0
0.0
0.0
0.0
0.25
0.133333333333
0.527272727273
0.147058823529
0.0
0.0
0.0
0.0
0.0
0.0
0.0
0.0
0.0
0.0
0.0430107526882
0.0181818181818
0.0
0.0
0.0
0.0
0.0
0.0
0.0
0.0
0.545454545455
0.772727272727
0.0
0.0
0.0
0.0
0.0
0.0
0.0
0.0
0.0
0.0
0.0
0.0
0.0
0.0
0.0
0.0
0.0
0.0
0
0.0
0.0
0
0.0
0.675675675676
0.0384615384615
0.234042553191
0.0
0.0
0.0
0.0
0.0
0.0
0.0
0.0
0.0
0.135416666667
0.0
0.0
0.0
0.0
0.0
0.0
0.0
0.0
0.0
0.0
0.0
0.636363636364
0.6
0.0
0.0
0.0
0.0
0.0
0.0
0.0
0.0
0.0
0.0
0.0
0.015873015873
0.0
0.0
0.0
0.0
0.0
0.0
0.0
0.0
0.0
0.0
0.451612903226
0.217391304348
0.0833333333333
0.246376811594
0.0
0.0
0.0526315789474
0.0
0.0
0.0
0.0
0.0
0.0
0.0
0.0
0.0
0.0
0.0
0.0
0
0
0
0.0
0.666666666667
0.0
0.0909090909091
0.117647058824
0.0
0.0
0.0
0.0
0.176470588235
0.0
0.0
0.12
0.0
0.0
0.0
0.0
0.0
0.0
0.0
0.0
0.0
0.0
0.0
0.0
0.0
0.0
0.0
0.25
0.0952380952381
0.15
0.0
0.0689655172414
0.0333333333333
0.117647058824
0.0
0.0
0.0
0.340425531915
0.0
0.0
0.0
0.0
0.0
0.0
0.0
0.0
0
0
0.0
0.681818181818
0.28125
0.179487179487
0.0
0.0
0.0
0.0
0.0
0.0
0.0
0.0
0.0
0.230769230769
0.02
0.0
0.0
0.0
0.0
0.0
0.0
0.0
0.0
0.0
0.346153846154
0.380952380952
0.0
0.0
0.0731707317073
0.0
0.0
0.0
0.06
0.0571428571429
0.0
0.169811320755
0.0757575757576
0.031746031746
0.0
0.0
0.0
0.0
0.0
0.0
0.0
0.0
0.0
0.0
0.0
0.166666666667
0.489361702128
0.354838709677
0.0
0.0
0.0
0.0
0.0
0.0
0.0
0.127272727273
0.037037037037
0.0
0.0
0.0
0.0
0.0
0.0
0.0
0.0
0.0
0.0
0.0
0.619047619048
0.720930232558
0.025
0.0
0.0
0.0
0.0
0.0
0.0
0.0
0.0
0.0
0.0
0.121212121212
0.0
0.0
0.0
0.0
0.0
0.0
0.0
0.0
0.0
0.0
0.0
0.4375
0.225806451613
0.315789473684
0.326923076923
0.0
0.0
0.0
0.0862068965517
0.0
0.0
0.0
0.0
0.0
0.0
0.0
0.0
0.0
0.0
0
0.0
0
0
0.0
0.0
0.0
0.0
0.0769230769231
0.0
0.0666666666667
0.0
0.0
0.0
0.0625
0.0
0.0
0.0
0.0
0.0
0.0
0.0
0.0
0.0
0
0.0
0.0
0.0
0.0
0.0
0.333333333333
0.125
0.117647058824
0.428571428571
0.0
0.0909090909091
0.0
0.0344827586207
0.0857142857143
0.0
0.0
0.0
0.125
0.0
0.0
0.0
0.0
0.0
0.0
0.0
0
0.0
0.0
0.0714285714286
0.333333333333
0.217391304348
0.325
0.0
0.0
0.0
0.0
0.0535714285714
0.0888888888889
0.0
0.0
0.136363636364
0.089552238806
0.0
0.0
0.0
0.0
0.0
0.0
0.0
0
0.0
0.0
0.166666666667
0.6
0.0
0.0
0.0
0.0
0.0
0.0
0.0204081632653
0.0
0.0
0.0
0.0
0.0882352941176
0.0
0.0
0.0
0.0
0.0
0.0
0.0
0.0
0.0
0.0
0.142857142857
0.423076923077
0.0526315789474
0.047619047619
0.0
0.0
0.0
0.0
0.0
0.0
0.0
0.0
0.047619047619
0.0
0.185185185185
0.0
0.0
0.0
0.0
0.0
0.0
0.0
0.0
0.0
0.1875
0.636363636364
0.135135135135
0.0697674418605
0.0
0.0
0.0
0.0
0.0
0.0
0.0
0.0425531914894
0.40243902439
0.174603174603
0.0
0.0
0.0
0.0
0.0
0
0
0.0
0
0.0
0.0
0.538461538462
0.58064516129
0.338983050847
0.131578947368
0.0
0.0441176470588
0.109756097561
0.223529411765
0.0
0.0
0.0
0.0
0.0
0.0
0.0
0.0
0.0
0.0
0.0
0
0.0
0.0
0
0.0
0.333333333333
0.375
0.454545454545
0.0714285714286
0.0
0.0
0.130434782609
0.05
0.0
0.0952380952381
0.0
0.0
0.0
0.0
0.0666666666667
0.0769230769231
0.0
0.0
0.0
0.0
0.0
0.0
0.0
0.0
0.0
0.333333333333
0.444444444444
0.1
0.0
0.424242424242
0.295454545455
0.0277777777778
0.0857142857143
0.0
0.0
0.243243243243
0.15
0.0
0.0
0.0
0.0
0.0
0.0
0.0
0.0
0.0
0
0.0
0.428571428571
0.486486486486
0.4
0.0384615384615
0.0
0.0
0.0
0.0
0.276595744681
0.0
0.0
0.0
0.257575757576
0.016393442623
0.0
0.0
0.0
0.0
0.0
0.0
0.0
0.0
0.0
0.181818181818
0.818181818182
0.181818181818
0.0
0.0
0.0
0.0
0.0625
0.0
0.0
0.0
0.0
0.142857142857
0.415094339623
0.0204081632653
0.0697674418605
0.0
0.0
0.0
0.0
0.0
0
0.0
0.0
0.125
0.263157894737
0.142857142857
0.133333333333
0.0
0.0
0.192307692308
0.0243902439024
0.0
0.0
0.0
0.047619047619
0.310344827586
0.368421052632
0.0
0.0819672131148
0.0487804878049
0.0
0.0
0.0
0.0
0.0
0.0
0.0
0.0
0.622222222222
0.272727272727
0.0294117647059
0.0
0.0454545454545
0.0
0.0
0.0
0.0
0.0
0.0
0.0188679245283
0.127272727273
0.0333333333333
0.0
0.0
0.0
0.0
0.0
0.0
0.0
0.0
0.0
0.142857142857
0.363636363636
0.425
0.346153846154
0.0980392156863
0.0
0.0
0.162162162162
0.0
0.0
0.0
0.0
0.0
0.0
0.0294117647059
0.0
0.0
0.0
0.0
0.0
0.0
0
0.0
0.333333333333
0.0
0.125
0.285714285714
0.571428571429
0.5
0.130434782609
0.272727272727
0.0454545454545
0.0
0.16
0.0
0.0
0.173913043478
0.0
0.0
0.0
0.0
0.0
0.0
0.0
0.0
0.0
0.0
0.0
0.785714285714
0.6
0.0
0.117647058824
0.105263157895
0.0
0.12
0.653846153846
0.242424242424
0.0857142857143
0.275862068966
0.0909090909091
0.0606060606061
0.272727272727
0.0
0.0
0.0
0.0
0.0
0.0
0.0
0.0
0.0
0.0
0.5
0.333333333333
0.0
0.0
0.357142857143
0.289473684211
0.08
0.0
0.212121212121
0.0277777777778
0.0
0.0967741935484
0.115384615385
0.0
0.0
0.0
0.0
0.0
0.0
0.0
0
0
0.0
0.0
0.4
0.3125
0.0
0.0434782608696
0.0
0.0
0.166666666667
0.2
0.1
0.0
0.0
0.0
0.153846153846
0.647058823529
0.0869565217391
0.0
0.0
0.0
0
0.0
0
0.0
0.0
0.6
0.0
0.0714285714286
0.555555555556
0.0
0.210526315789
0.107142857143
0.0588235294118
0.0
0.0
0.0
0.0
0.266666666667
0.0
0.0
0.0
0.0
0.0
0.0
0.0
0.0
0.0
0.0
0.0
0.0
0.0
0.1
0.296296296296
0.375
0.0
0.0
0.0
0.0
0.0
0.0
0.0
0.0
0.153846153846
0.181818181818
0.0
0.0
0.0
0.0
0.0
0.0
0.0
0.0
0.0
0.0
0.285714285714
0.5
0.0
0.0
0.238095238095
0.0
0.0
0.12
0.05
0.0
0.0
0.0
0.0
0.0
0.0
0.0
0.0
0.0
0.0
0.0
0.0
0
0
0
0.0
0.5
0.142857142857
0.2
0.0
0.277777777778
0.0
0.0
0.0
0.0625
0.0
0.0
0.0
0.0
0.5
0.0
0.0
0.0
0.0
0
0.0
0
0.0
0
0.0
0.0
0.4
0.4
0.0
0.0
0.0625
0.0
0.0555555555556
0.0
0.0
0.0
0.0
0.289473684211
0.0
0.0
0.0
0.0
0.0
0.0
0
0.0
0
0.0
0.333333333333
0.555555555556
0.558823529412
0.25
0.0
0.0740740740741
0.0967741935484
0.0
0.0
0.09375
0.0
0.0
0.0
0.163265306122
0.0204081632653
0.0
0.0
0.0
0.0
0.0
0
0.0
0.0
0.0
0.0
0.0
0.333333333333
0.192307692308
0.375
0.148936170213
0.0
0.0
0.0
0.0
0.0
0.0333333333333
0.209677419355
0.0
0.146341463415
0.0
0.0
0.0
0.0
0.0
0.0
0.0
0.0
0.0
0.0
0.538461538462
0.471698113208
0.2
0.0
0.0
0.027027027027
0.235294117647
0.255319148936
0.0
0.0175438596491
0.0384615384615
0.0735294117647
0.5
0.142857142857
0.0
0.0
0.0
0.0
0.0
0.0
0.0
0.0
0.0
0.0
0.790697674419
0.348837209302
0.0697674418605
0.0
0.0169491525424
0.0689655172414
0.0121951219512
0.0
0.0595238095238
0.0
0.1
0.133333333333
0.141176470588
0.0886075949367
0.0
0.0
0.0
0.0
0.0
0.0
0.0
0.0
0.0
0.125
0.222222222222
0.391304347826
0.481481481481
0.297872340426
0.122807017544
0.0
0.148148148148
0.164179104478
0.0
0.0
0.0
0.0
0.225806451613
0.0238095238095
0.0
0.0
0.0
0.0
0.0
0.0
0.0
0.0
0
0.428571428571
0.333333333333
0.3
0.375
0.238095238095
0.333333333333
0.0
0.0
0.0
0.0909090909091
0.0
0.0
0.0
0.0
0.0
0.0
0.0
0.0
0.0
0.0
0.0
0
0.0
0.0
0.0
0.428571428571
0.0
0.214285714286
0.222222222222
0.291666666667
0.0540540540541
0.275862068966
0.0697674418605
0.291666666667
0.05
0.047619047619
0.222222222222
0.0178571428571
0.183673469388
0.0
0.0
0.0
0.0
0.0
0.0
0.0
0.0
0.0
0.166666666667
0.5
0.138888888889
0.225806451613
0.03125
0.0444444444444
0.0434782608696
0.0
0.0
0.0
0.0
0.0
0.15625
0.1
0.0
0.0
0.0
0.0
0.0
0.0
0.0
0.0
0.0
0
0.0
0.428571428571
0.047619047619
0.0
0.105263157895
0.267857142857
0.0
0.0
0.0
0.063829787234
0.0188679245283
0.0
0.0
0.0588235294118
0.0666666666667
0.0
0.0
0.0
0.0
0.0
0.0
0.0
0.0
0.0
0.272727272727
0.259259259259
0.552631578947
0.0833333333333
0.0
0.0
0.05
0.0
0.1
0.0
0.0
0.0666666666667
0.025641025641
0.22641509434
0.333333333333
0.0
0.0
0.0
0.0
0.0
0.0
0.0
0.0
0.0
0.181818181818
0.0666666666667
0.611111111111
0.261904761905
0.0
0.0
0.0
0.259259259259
0.0606060606061
0.0
0.0
0.0769230769231
0.0
0.365079365079
0.125
0.0
0.0
0.0
0.0
0.0
0.0
0
0.0
0.222222222222
0.0
0.0
0.193548387097
0.290322580645
0.0
0.12
0.0344827586207
0.15
0.0175438596491
0.0
0.0
0.0
0.0
0.0
0.0
0.0
0.0
0.0
0.0
0.0
0.0
0
0.0
0
0.0
0.285714285714
0.285714285714
0.263157894737
0.25
0.0
0.192307692308
0.0833333333333
0.0
0.0416666666667
0.2
0.0
0.0
0.0526315789474
0.0
0.0
0.0588235294118
0.166666666667
0.0
0.0
0.0
0
0.0
0.333333333333
0.166666666667
0.0
0.190476190476
0.25
0.0
0.307692307692
0.08
0.236842105263
0.259259259259
0.194444444444
0.0967741935484
0.0
0.0
0.361111111111
0.229166666667
0.117647058824
0.0
0.0
0.0
0.0
0.0
0.0
0.0
0.0
0.166666666667
0.222222222222
0.487804878049
0.172413793103
0.0204081632653
0.230769230769
0.0
0.0
0.0188679245283
0.0
0.0
0.0
0.214285714286
0.112903225806
0.135135135135
0.215909090909
0.0
0.0
0.0
0.0
0.0
0.0
0.0
0.0
0.2
0.4375
0.348837209302
0.173913043478
0.14
0.120689655172
0.0188679245283
0.131147540984
0.106382978723
0.0
0.0
0.1
0.320754716981
0.16
0.214285714286
0.0
0.0
0.0
0.0
0.0
0.0
0.0
0.0
0.0
0.0
0.388888888889
0.272727272727
0.339622641509
0.142857142857
0.0
0.0
0.109090909091
0.0540540540541
0.0
0.0
0.046511627907
0.444444444444
0.0909090909091
0.0
0.0
0.0
0.0
0.0
0.0
0.0
0.0
0.0
0.0
0.352941176471
0.142857142857
0.379310344828
0.258064516129
0.0625
0.333333333333
0.0
0.0
0.0
0.0
0.0
0.214285714286
0.208333333333
0.0
0.0
0.0
0.0
0.0
0.0
0.0
0.0
0.0
0.0
0.0
0.0
0.0
0.166666666667
0.227272727273
0.387096774194
0.0833333333333
0.0
0.09375
0.0
0.105263157895
0.0
0.0
0.0
0.0
0.0
0.0
0.0
0.0
0.0
0.0
0.0
0.0
0
0.0
0.0
0.5
0.75
0.0
0.0
0.105263157895
0.173913043478
0.0
0.125
0.0
0.0
0.0
0.05
0.0
0.0
0.0
0.0
0.0
0.0
0.0
0.0
0
0.0
0.0
0.0
0.0
0.461538461538
0.0833333333333
0.166666666667
0.0
0.558823529412
0.1
0.0555555555556
0.28
0.0666666666667
0.0333333333333
0.0606060606061
0.291666666667
0.0
0.0
0.0
0.0
0.0
0.0
0.0
0.0
0.0
0.0
0.0
0.409090909091
0.358974358974
0.317073170732
0.0
0.0
0.0
0.0
0.125
0.0263157894737
0.0
0.0
0.145833333333
0.387096774194
0.0545454545455
0.0
0.0
0.0
0.0
0.0
0.0
0.0
0.0
0.0
0.153846153846
0.318181818182
0.565217391304
0.153846153846
0.0
0.0
0.177777777778
0.25
0.113636363636
0.0
0.0
0.0
0.446428571429
0.145833333333
0.0727272727273
0.0
0.0
0.0
0.0
0.0
0.0
0.0
0.0
0.0
0.214285714286
0.382352941176
0.471698113208
0.0208333333333
0.0
0.0
0.0
0.0
0.0
0.0
0.0
0.0
0.0851063829787
0.412698412698
0.0
0.0
0.0
0.0
0.0
0.0
0.0
0.0
0.0
0.0
0.0
0.549019607843
0.571428571429
0.0
0.0
0.0
0.0
0.357142857143
0.0
0.0
0.0
0.0
0.0188679245283
0.292307692308
0.0
0.0
0.0
0.0
0.0
0.0
0.0
0
0
0.0
0.0
0.625
0.28
0.225806451613
0.0
0.0
0.0588235294118
0.0769230769231
0.0
0.0
0.0
0.0
0.0
0.0
0.206896551724
0.0
0.0
0.0
0.0
0.0
0
0.0
0.0
0.333333333333
0.4
0.0
0.777777777778
0.133333333333
0.0
0.0
0.0
0.0
0.111111111111
0.0
0.0
0.153846153846
0.307692307692
0.0
0.0
0.0
0.0
0.0
0.0
0.0
0.0
0.0
0.0
0
0.0
0.545454545455
0.5
0.142857142857
0.15
0.212121212121
0.375
0.0
0.0
0.0
0.121212121212
0.0
0.0204081632653
0.025
0.0
0.0
0.0
0.0
0.0
0.0
0.0
0
0.0
0.0
0.0
0.733333333333
0.655737704918
0.175
0.0
0.0
0.0
0.0
0.125
0.0
0.0
0.0294117647059
0.238095238095
0.093023255814
0.0
0.0
0.0
0.0
0.0
0.0
0.0
0.0
0.0
0.0
0.0
0.625
0.636363636364
0.0
0.0
0.0
0.0789473684211
0.222222222222
0.0
0.0
0.0
0.0
0.369565217391
0.264150943396
0.2
0.0
0.0
0.0
0.0
0.0
0.0
0.0
0.0
0.0
0.0
0.694444444444
0.735294117647
0.0
0.0
0.0
0.40625
0.0612244897959
0.290909090909
0.0
0.0
0.0
0.166666666667
0.145454545455
0.127272727273
0.0
0.0
0.0
0.0
0.0
0.0
0.0
0.0
0.0909090909091
0.176470588235
0.647058823529
0.318181818182
0.0
0.0
0.0
0.342857142857
0.0263157894737
0.0
0.0
0.0
0.0
0.0
0.0
0.0
0.0
0.0
0.0
0.0
0.0
0.0
0.0
0.0
0.0
0.428571428571
0.272727272727
0.392857142857
0.5625
0.030303030303
0.320754716981
0.163636363636
0.290909090909
0.0
0.0
0.0
0.0
0.0
0.111111111111
0.0
0.0
0.0
0.0
0.0
0.0
0.0
0.0
0.0
0.0
0.4
0.5
0.588235294118
0.55
0.0
0.0
0.05
0.428571428571
0.0555555555556
0.0
0.037037037037
0.0
0.0
0.192307692308
0.0625
0.0
0.0
0.0
0.0
0.0
0.0
0.0
0.0
0.0
0.0
0.333333333333
0.666666666667
0.0
0.210526315789
0.666666666667
0.475
0.08
0.0
0.0322580645161
0.0416666666667
0.0833333333333
0.391304347826
0.030303030303
0.135135135135
0.0
0.0
0.0
0.0
0.0
0.0
0.0
0.0
0.0
0.1875
0.434782608696
0.527272727273
0.342105263158
0.02
0.0851063829787
0.0285714285714
0.0357142857143
0.246153846154
0.0
0.0
0.0
0.10843373494
0.176470588235
0.0
0.0
0.0
0.0
0.0
0.0
0.0
0.0
0.0
0.0
0.166666666667
0.459459459459
0.431818181818
0.0322580645161
0.0
0.0178571428571
0.260869565217
0.0434782608696
0.09375
0.0
0.0
0.0
0.04
0.34693877551
0.115384615385
0.0
0.0
0.0
0.0
0.0
0.0
0.0
0.0
0.0
0.1
0.533333333333
0.636363636364
0.255813953488
0.0
0.0
0.0333333333333
0.305555555556
0.0212765957447
0.0
0.0
0.153846153846
0.19298245614
0.15625
0.0
0.0
0.0
0.0
0.0
0.0
0.0
0.0
0.0
0.0
0.416666666667
0.46875
0.365384615385
0.152173913043
0.0769230769231
0.0
0.0789473684211
0.377777777778
0.0
0.0
0.0
0.05
0.205882352941
0.243243243243
0.232558139535
0.0
0.0
0.0
0.0
0.0
0.0
0.0
0.0
0.0833333333333
0.0
0.238095238095
0.2
0.216216216216
0.208333333333
0.0833333333333
0.156862745098
0.282051282051
0.0
0.0
0.0
0.0
0.0
0.137931034483
0.0384615384615
0.0
0.0
0.0
0.0
0
0.0
0.0
0.0
0
0.0
0.333333333333
0.720930232558
0.68
0.0
0.0
0.0344827586207
0.321428571429
0.0333333333333
0.0357142857143
0.0
0.0
0.193548387097
0.166666666667
0.0
0.0
0.0
0.0
0.0
0.0
0.0
0.0
0
0.0
0.222222222222
0.692307692308
0.5
0.423076923077
0.0
0.121951219512
0.553571428571
0.254237288136
0.0
0.0
0.0392156862745
0.0222222222222
0.1875
0.230769230769
0.192307692308
0.0
0.0
0.0
0.0
0.0
0.0
0.0
0.0
0.0
0.0909090909091
0.666666666667
0.636363636364
0.276595744681
0.0625
0.0526315789474
0.0227272727273
0.0
0.0425531914894
0.0
0.0
0.0
0.283333333333
0.442857142857
0.106382978723
0.0
0.0
0.0
0.0
0.0
0.0
0.0
0.0
0.0
0.833333333333
0.52
0.450980392157
0.275
0.0
0.0
0.263157894737
0.0625
0.137931034483
0.0
0.0
0.0980392156863
0.190476190476
0.232558139535
0.33734939759
0.0
0.0
0.0
0.0
0.0
0.0
0.0
0.0
0.0
0.409090909091
0.727272727273
0.509433962264
0.210526315789
0.0
0.05
0.0
0.125
0.0
0.0
0.051724137931
0.0
0.279411764706
0.336734693878
0.232558139535
0.0
0.0
0.0
0.0
0.0
0.0
0.0
0.0
0.0
0.347826086957
0.0
0.219512195122
0.313432835821
0.0
0.0
0.169014084507
0.236842105263
0.0
0.0
0.0
0.0666666666667
0.232323232323
0.0
0.0
0.0
0.0
0.0
0.0
0.0
0.0
0
0.0
0.0
0.307692307692
0.346153846154
0.62
0.220338983051
0.138461538462
0.030303030303
0.191780821918
0.175675675676
0.0
0.0
0.0
0.0
0.0
0.241758241758
0.106666666667
0.0
0.0
0.0
0.0
0.0
0.0
0.0
0
0.0
0.666666666667
0.583333333333
0.307692307692
0.263157894737
0.0
0.0
0.0625
0.166666666667
0.0
0.0
0.0
0.0
0.0588235294118
0.0714285714286
0.0
0.0909090909091
0.0
0.0
0.0
0
0.0
0.0
0.0
0.0
0.2
0.4
0.733333333333
0.0
0.333333333333
0.111111111111
0.111111111111
0.451612903226
0.12
0.0689655172414
0.115384615385
0.0
0.294117647059
0.277777777778
0.142857142857
0.107142857143
0.0
0.0
0.0
0.0
0.0
0.0
0.0
0.0
0.444444444444
0.52
0.257142857143
0.0
0.0
0.35
0.243902439024
0.0
0.0
0.0
0.0
0.0
0.0
0.0
0.0
0.0
0.0
0.0
0.0
0.0
0.0
0.0
0.0
0.0
0.0
0.8
0.352941176471
0.047619047619
0.0
0.115384615385
0.0
0.0
0.0416666666667
0.0
0.0
0.04
0.0434782608696
0.30303030303
0.125
0.08
0.0
0.0
0.0
0.0
0.0
0.0
0.0
0.25
0.3
0.333333333333
0.6
0.225806451613
0.0555555555556
0.0
0.0
0.0
0.0
0.1
0.0
0.125
0.108108108108
0.230769230769
0.0
0.0
0.222222222222
0.04
0.0
0.0
0.0
0.0
0.0
0.0
0.0
0.416666666667
0.3
0.297297297297
0.357142857143
0.0
0.0
0.166666666667
0.107142857143
0.0
0.0
0.0
0.047619047619
0.148148148148
0.0
0.208333333333
0.0
0.0
0.0
0.0
0.0
0.0
0.0
0.0
0.0
0.235294117647
0.333333333333
0.387096774194
0.0
0.0
0.0
0.0
0.0
0.277777777778
0.0
0.0
0.0
0.0
0.16
0.0952380952381
0.0
0.0
0
0.0
0.0
0
0.0
0.0
0.25
0.75
0.565217391304
0.25
0.0
0.0
0.552631578947
0.0
0.142857142857
0.0
0.0
0.368421052632
0.0
0.0588235294118
0.0
0.0
0.0
0.0
0.0
0.0
0
0.0
0.0
0.0
0.0
0.529411764706
0.692307692308
0.230769230769
0.0
0.0
0.47619047619
0.24
0.230769230769
0.25
0.0
0.0
0.428571428571
0.103448275862
0.0526315789474
0.166666666667
0.0
0.0
0.0
0.0
0.0
0.0
0.0
0.0
0.0
0.533333333333
0.464285714286
0.238095238095
0.0
0.0
0.0333333333333
0.115384615385
0.138888888889
0.0
0.0
0.0
0.0
0.0
0.0454545454545
0.0
0.0
0.0
0.0
0.0
0.0
0.0
0.0
0.111111111111
0.5
0.136363636364
0.5
0.0555555555556
0.0
0.0
0.0
0.0
0.0
0.0
0.0
0.0
0.0
0.0
0.0
0.0
0.0
0.0
0.0
0.0
0.0
0.0
0.0
0.0
0.0
0.533333333333
0.529411764706
0.454545454545
0.0
0.0
0.0
0.166666666667
0.0
0.0
0.153846153846
0.454545454545
0.0
0.0
0.0
0.0
0.0
0.0
0.0
0.0
0.0
0
0.0
0.0
0.0
0.0
0.2
0.272727272727
0.0
0.0
0.0
0.176470588235
0.0
0.0
0.0
0.0
0.0
0.0
0.0
0.0
0.0
0.0
0.0
0
0.0
0.0
0.0
0.0
0.0
0.5
0.538461538462
0.0
0.0
0.0
0.0
0.0
0.0
0.0
0.0
0.0
0.0
0.0
0.0
0.0
0.0
0.0
0
0.0
0.0
0.0
0.0
0.0
0.0
0.0
0.0
0.0
0
0.0
0.0
0.2
0.0
0.0
0.0
0.0
0.0
0.0
0.0
0.0
0.0
0
0.0
0.0
0
0.0
0
0.0
0
0.0
0.0
0.333333333333
0.0
0.0
0.0
0.0
0.0
0.333333333333
0.0
0.0
0.0
0.0
0.0
0.0
0.0
0
0
0.0
0.0
0
0
0.0
0.0
0.1
0.769230769231
0.1875
0.0
0.0
0.0
0.0
0.0
0.0
0.0
0.0
0.0
0.0
0.0
0.0
0.0
0
0.0
0.0
0.0
0.0
0.0
0.0
0.0
0.625
0.538461538462
0.375
0.0
0.0
0.0
0.0
0.0
0.0
0.0
0.0
0.0
0.0
0.0
0.0
0.0
0
0.0
0.0
0
0.0
0.0
0.0
0.0
0.545454545455
0.545454545455
0.0909090909091
0.0
0.0
0.0
0.0
0.0
0.0
0.0
0.0
0.0
0.0
0.0
0.0
0.0
0
0
0
0
0
0.0
0.5
0.166666666667
0.0
0.0
0.0
0.0
0.0909090909091
0.0
0.0
0.125
0.0
0.0
0.0
0.0
0.0
0.0
0.0
0.0
0.0
0.0
0
0.0
0
0.0
0.0
0.0
0.75
0.0
0.0
0.0
0.0
0.0
0.0
0.0
0.0
0.0
0.0
0.0
0.0
0.0
0.0
0.0
0.0
0.0
0.0
0
0.0
0
0.0
0.0
0.0
0.0
0.0
0.0
0.0
0.0
0.0
0.0
0.0
0.0
0.0
0
0.0
0.0
0.0
0.25
0.25
0
0
0
0
0
0
0.0
0.5
0.0
0.0
0.375
0.0
0.0
0.0
0.0
0.0
0.0
0.0
0.0
0
0.0
0.0
0.0
0.0
0.0
0
0
0
0.0
0.75
0.333333333333
0.333333333333
0.0
0.0
0.0
0.0
0.444444444444
0.0
0.0
0.0
0.0
0.1875
0.0
0.0
0.0
0.0
0.0
0.0
0.0
0.0
0.0
0
0
0.0
0.4
0.428571428571
0.466666666667
0.0
0.0
0.136363636364
0.0
0.0952380952381
0.0
0.0
0.0
0.0
0.0
0.0
0.0
0.0
0.0
0.0
0
0
0.0
0
0
0.285714285714
0.5
0.0769230769231
0.142857142857
0.0625
0.0
0.0
0.0
0.0
0.0
0.0
0.0
0.0
0.0
0.0
0.0
0.0
0.0
0.0
0.0
0
0
0
0.0
0.0
0.2
0.428571428571
0.133333333333
0.444444444444
0.0
0.0
0.0
0.0
0.0
0.0
0.0
0.0
0.0
0.15625
0.0
0.0
0.0
0.0
0.0
0.0
0.0
0.0
0.0
0.0
0.375
0.736842105263
0.285714285714
0.0
0.0
0.0
0.0
0.0
0.0
0.0
0.0
0.0
0.0
0.0
0.0
0.0
0.0
0.0
0
0.0
0
0.0
0
0.0
0.0
0.571428571429
0.0
0.0
0.0
0.0
0.0
0.0
0.0
0.0
0.0
0.0
0.0
0.0
0.0
0.0
0.0
0
0.0
0
0
0
0
0
0.0
0.666666666667
0.25
0
0.0
0.0
0.25
0.166666666667
0.0
0.0
0.0
0.0
0.0
0
0.0
0.0
0.0
0.0
0.0
0.0
0
0.0
0.0
0
0.0
0.0
0.0
0.0
0.0
0.0
0.4
0.0
0.0
0.0
0.0
0.0
0.0
0.0
0.0
0.0
0.0
0.0
0.0
0.0
0.0
0
0.0
0.25
0.761904761905
0.384615384615
0.0
0.0
0.0
0.0526315789474
0.0
0.0
0.0
0.0
0.0
0.0
0.0
0.0
0.0
0.0
0.0
0.0
0.0
0.0
0
0
0.0
0.0
0.5625
0.545454545455
0.15
0.35
0.3125
0.0
0.0
0.0
0.0
0.0
0.0
0.0
0.0
0.0
0.0
0.0
0.0
0.0
0.0
0.0
0.0
0
0.0
0.0
0.2
0.794117647059
0.48
0.137931034483
0.0
0.0
0.0
0.0
0.0
0.0
0.0
0.0
0.0
0.0
0.133333333333
0.0
0.0
0.0
0.0
0.0
0
0.0
0.0
0.0
0.0
0.166666666667
0.571428571429
0.0
0.0
0.037037037037
0.133333333333
0.0
0.0
0.0
0.0
0.0
0.0
0.0
0.0
0.0
0.0
0.0
0.0
0
0
0.0
0
0.333333333333
0.125
0.0
0.333333333333
0.0769230769231
0.0
0.0
0.0
0.0
0.0
0.0
0.0
0.0
0.0
0.294117647059
0.0
0.0
0.0
0.0
0.0
0.0
0
0
0
0.0
0.0
0.0
0.285714285714
0.25
0.0
0.0
0.0
0.142857142857
0.0
0.0
0.0
0.0
0.157894736842
0.6
0.0
0.0
0.0
0.0
0.0
0.0
0.0
0
0.0
0.0
0.0
0.272727272727
0.466666666667
0.0
0.0
0.1
0.05
0.0
0.0
0.0
0.0
0.0
0.0
0.0
0.0
0.0
0.0
0.0
0.0
0.0
0.0
0
0.0
0.25
0.7
0.68
0.6
0.0
0.0
0.0
0.0
0.0
0.0
0.0
0.0
0.0
0.05
0.1
0.0
0.0
0.0
0.0
0
0
0.0
0.0
0.0
0.2
0.727272727273
0.470588235294
0.15
0.0
0.0
0.36170212766
0.0952380952381
0.0
0.0
0.0
0.0
0.178571428571
0.0625
0.0
0.0
0.0
0.0
0.0
0.0
0.0
0.0
0
0.0
0.375
0.741935483871
0.612903225806
0.0555555555556
0.0
0.0
0.0
0.0
0.0454545454545
0.0
0.0
0.0
0.0
0.0
0.0
0.0
0.0
0.0
0.0
0.0
0.0
0.0
0.0
0.0
0.416666666667
0.88
0.65
0.0
0.0
0.0
0.0
0.0
0.0
0.0
0.0
0.0
0.0
0.0
0.0
0.0
0.0
0
0.0
0.0
0.0
0
0
0.0
0.0
0.0
0.142857142857
0.0
0.0
0.0
0.0
0.0
0.166666666667
0.0
0.0
0.0
0.0
0.0
0.0
0.0
0.0
0.0
0.0
0
0
0
0
0.0
0.0
0.333333333333
0.428571428571
0.0
0.142857142857
0.222222222222
0.25
0.416666666667
0.0
0.0
0.0
0.0
0.0
0.214285714286
0.388888888889
0.0
0.0
0.0
0.0
0.0
0.0
0.0
0.0
0.0
0.454545454545
0.857142857143
0.578947368421
0.0434782608696
0.0
0.0
0.142857142857
0.230769230769
0.0769230769231
0.0322580645161
0.0
0.0
0.0
0.0
0.0
0.0
0.0
0.0
0.0
0.0
0.0
0.0
0.0
0.0
0.4
0.72972972973
0.166666666667
0.0
0.0
0.0
0.0
0.0
0.0
0.0
0.0
0.0
0.0
0.0
0.0
0.0
0.0
0.0
0.0
0
0
0
0.0
0.0
0.611111111111
0.906976744186
0.0625
0.0
0.0
0.0
0.259259259259
0.1
0.0
0.0
0.0
0.0
0.0
0.0
0.111111111111
0.0588235294118
0.0
0.0
0.0
0.0
0.0
0
0
0
0.5
0.888888888889
0.473684210526
0.0
0.0
0.0
0.0
0.0
0.0
0.0
0.0
0.0
0.0
0.0
0.0
0.0
0.0
0.0
0.0
0.0
0
0
0
0.0
0.888888888889
0.933333333333
0.392857142857
0.0714285714286
0.0
0.0
0.375
0.0
0.0
0.0
0.0
0.0
0.0
0.0
0.0
0.0
0.0
0.0
0.0
0.0
0
0
0.0
0.0
0.0
0.0
0.5
0.461538461538
0.571428571429
0.0
0.0
0.0588235294118
0.0
0.0
0.0
0.0
0.0
0.0
0.285714285714
0.1
0.0
0.0
0.0
0.0
0
0.0
0.0
0.0
0.0
0.333333333333
0.375
0.0833333333333
0.384615384615
0.285714285714
0.0769230769231
0.25
0.2
0.52380952381
0.454545454545
0.0
0.0
0.0
0.173913043478
0.473684210526
0.0555555555556
0.0
0.0
0.0
0.0
0.0
0.0
0.0
0.416666666667
0.0769230769231
0.0666666666667
0.0
0.0
0.0
0.558823529412
0.368421052632
0.0
0.0
0.0
0.0
0.0
0.0
0.0
0.0
0.0
0.0
0.0
0.0
0
0.0
0
0.0
0.5
0.333333333333
0.588235294118
0.5
0.0
0.0
0.0
0.0
0.0
0.0
0.0
0.0
0.0526315789474
0.0
0.0
0.0
0.0
0.0
0.0
0.0
0.0
0.0
0.0
0.0
0.0
0.3
0.1875
0.352941176471
0.333333333333
0.0588235294118
0.0
0.172413793103
0.0
0.0
0.0
0.0
0.0
0.0
0.0
0.0
0.0
0.0
0.0
0.0
0
0
0.0
0.333333333333
0.0
0.2
0.733333333333
0.222222222222
0.117647058824
0.0
0.105263157895
0.470588235294
0.093023255814
0.0
0.0
0.0
0.0
0.0
0.0
0.0
0.0
0.0
0
0.0
0.0
0.0
0.0
0.0
0.0909090909091
0.444444444444
0.294117647059
0.653846153846
0.0740740740741
0.0
0.0512820512821
0.0
0.0
0.0
0.0
0.0
0.0
0.0
0.0
0.0
0.0
0.0
0.0
0.0
0
0.0
0
0.0
0.0
0.0
0.166666666667
0.25
0.0
0.0
0.0
0.0
0.0
0.0
0.0
0.0
0.0
0.5
0.0
0.0
0.0
0.0
0
0.0
0.0
0
0
0.0
0.0
0.0
0
0.428571428571
0.642857142857
0.0
0.0833333333333
0.0
0.0
0.0
0.0
0.0
0.0
0.0384615384615
0.05
0.0
0.0
0.0
0.0
0.0
0.0
0.0
0.0
0.0
0.25
0.538461538462
0.526315789474
0.0
0.0
0.0
0.0
0.0526315789474
0.25
0.0
0.0
0.0
0.0
0.0
0.0
0.0
0.0
0.0
0.0
0.0
0.0
0.0
0.0
0.0
0.0
0.0
0.733333333333
0.5
0.25
0.0
0.0
0.214285714286
0.5
0.545454545455
0.0
0.0
0.0
0.0
0.3125
0.0
0.0
0.0
0.0
0.0
0.0
0.0
0.0
0.0
0.333333333333
0.285714285714
0.64
0.5
0.0
0.0
0.0
0.0
0.0
0.0
0.0
0.0
0.0
0.0
0.0
0.0
0.0
0.0
0.0
0
0.0
0.0
0.0
0
0.0
0.444444444444
0.153846153846
0.0
0.176470588235
0.0
0.0
0.0
0.0
0.0
0.0
0.0
0.0
0.0
0.0
0.0
0.0
0.0
0.0
0
0
0
0
0.0
0.0
0.625
0.181818181818
0.466666666667
0.0
0.0
0.0
0.0952380952381
0.0
0.0
0.0
0.0
0.0
0.0
0.0
0.0
0.0
0.0
0
0
0.0
0
0.0
0.0
0.0
0
0.0
0.166666666667
0.166666666667
0.0
0.0
0.0
0.0
0.0
0.4
0.0
0.0
0.0
0.0
0.0
0.0
0.0
0.0
0
0
0
0
0
0.5
0.0
1.0
0.0
0.0
0.0
0.0
0.0
0.0
0.0
0.0
0.0
0.0
0.0
0.0
0.125
0.0
0.0
0.0
0.0
0.0
0
0
0.0
0.833333333333
0.5
0.291666666667
0.181818181818
0.0
0.0
0.1
0.380952380952
0.35
0.0
0.0
0.0
0.0
0.0952380952381
0.0
0.0
0.0
0.0
0.0
