0.333333333333
0
0
0
0
0
0
0.0
0.166666666667
0.0
0.0
0.0
0.0
0.0
0.2
0.0
0.0
0.0
0.0
0.0
0.0
0.0
0.0
0.0
0
0.0
0.5
0
0.0
0
0.0
0.0
0.0
0.0
0.0
0.0
0.0
0.0
0.0
0.0
0.0
0.0
0.0
0.0
0.0
0.0
0.0
0.0
0.0
0
0.5
0
0.0
0
0
0
0.0
0.0
0.0
0.0
0.0
0.0
0.0
0.0
0.0
0.0
0.0
0.0
0.333333333333
0.0
0.0
0.0
0.0
0
0
0.0
0
0
0
0.0
0.0
0.0
0.4
0.0
0.0
0.0
0.0
0.0
0.0
0.0
0.0
0.0
0.0
0.5
0.333333333333
0.0
0
0
0
0
0.0
0
0
0.0
0.0
0.0
0.6
0.0
0.0
0.0
1.0
1.0
0.0
0.0
0.0
0.0
0.0
0.0
0.285714285714
0.0
0
0.0
0.0
0
0
0
0
0.0
0.0
0.2
0.0
0.0
0.125
0.0
0.0
0.0
0.0
0.0
0.0
0.0
0.0
0.0
0.0
0.0
0.0
0.0
0.0
0
0
0
0
0
0.0
0.0
0.0
0.333333333333
0.0
0.0
0.0
0.0
0.0
0.0
0.0
0.0
0.0
0.0
0.0
0.0
0.0
0.0
0.0
0
0
0
0.0
0.0
0.0
0.0
0.0
0.0
0.0
0.0
0.0
0.0
0.0
0.0
0.0
0.0
0.0
0.0
0.0
0.0
0.0
0.0
0.0
0
0.0
0
0
0.0
0.0
0.0
0.0
0.0
0.0
0.0666666666667
0.157894736842
0.0
0.0
0.0
0.0
0.0
0.0
0.0
0.0
0.0
0.0
0.0
0.0
0.0
0
0
0.0
0.0
0.0
0.136363636364
0.0833333333333
0.333333333333
0.0
0.0
0.0
0.0769230769231
0.0
0.0
0.0
0.0
0.0
0.0
0.0
0.0
0.25
0.0
0
0.0
0
0.0
0.0
0.5
0.0
0.0
0.0
0.0
0.0
0.0
0.0
0.0
0.08
0.0
0.0
0.0
0.0
0.0
0.0
0.0
0.0
0.0
0
0
0
0
0.0
0.0
0.0
0.0
0.0
0.0
0.0
0.0
0.0
0.333333333333
0.0
0.0
0.0
0.0
0.0
0.0
0.0
0.0
0.0
0.0
0.0
0.0
0
0
0
0.0
0.0
0.0
0.5
0.0
0.0
0.0
0.0
0.0
0.142857142857
0.0
0.0
0.0
0.0
0.0
0.0
0.0
0.0
0.0
0
0
0.0
0
0.0
0.0
0.0
0.0
0.0
0.25
0.0
0.05
0.0
0.0
0.0
0.0
0.0
0.0
0.0
0.0
0.0
0.0
0.0
0.0
0.0
0
0
0
0.0
0.0
0.0833333333333
0.0
0.133333333333
0.0526315789474
0.0
0.0
0.0
0.0
0.0
0.0
0.0
0.0
0.0
0.0
0.0
0.0
0.0
0.0
0
0
0
0
0.0
0.0
0.0
0.1
0.0
0.0
0.0
0.0
0.0
0.0
0.0
0.0
0.0
0.0
0.0
0.0
0.0
0.0
0.0
0.0
0.0
0
0.0
0.0
0.0
0.0
0.0
0.037037037037
0.0
0.0
0.0
0.0
0.0666666666667
0.0
0.0
0.0
0.0
0.0
0.0
0.0
0.0
0.0
0.0
0
0
0
0
0.0
0
0.0
0.1
0.0
0.0
0.0
0.0
0.0
0.0
0.0
0.0
0.0
0.0
0.0
0.0
0.0
0.0
0
0.0
0.0
0
0.0
0
0
0
0.0
0.0
0.0
0.0
0.0
0.0
0.0
0.0
0.0
0.0
0.0
0.0
0.0
0.0
0.0
0.0
0.0
0.0
0.0
0
0.0
0
0
0.0
0.0
0.2
0.5
0.0
0.0
0.0
0.0
0.222222222222
0.0
0.0
0.0
0.0
0.0
0.0
0.0
0.0
0.0
0.0
0.0
0.0
0.0
0
0
0.0
0.0
0.0
0.0
0.0
0.0
0.0
0.0
0.0
0.0
0.0
0.0
0.0
0.0
0.0
0.0
0.0
0.0
0.0
0
0.0
0
0
0
0.0
0.0
0.0
0.0769230769231
0.0
0.0
0.0
0.0
0.0
0.125
0.0
0.0
0.0
0.0
0.0
0.0
0.0
0.0
0.0
0.0
0.0
0
0.0
0
0.0
0.0
0.105263157895
0.0
0.2
0.0
0.0
0.0
0.0
0.0
0.0
0.0
0.0
0.0
0.0
0.0
0.0
0.0
0.0
0.0
0.0
0
0
0
0.0
0.0
0.0
0.0
0.0
0.0
0.0
0.0
0.111111111111
0.0
0.0
0.0
0.0
0.0
0.0
0.0
0.0
0.0
0.0
0.0
0
0.0
0.0
0.0
1.0
0.0
0.166666666667
0.0
0.0
0.0
0.0
0.0
0.0
0.0
0.0
0.0
0.0
0.0
0.0
0.0
0.0
0.0
0.0
0.0
0.0
0.0
0.0
0
0.0
0
0.0
0.0
0.0
0.111111111111
0.0
0.0
0.0
0.0
0.0
0.0
0.0
0.0
0.0
0.0
0.333333333333
0.0
0.0
0
0
0.0
0
0.0
0
0
0.0
0.0
0.0
0.0
0.2
0.0
0.0
0.0
0.0
0.0
0.0
0.0
0.0
0.0
0.0
0.0
0.0
0.0
0.0
0.0
0.0
0.0
0
0.0
0.0
0.0
0.0
0.0
0.0
0.0909090909091
0.0
0.0909090909091
0.0
0.0
0.0
0.0
0.0555555555556
0.0
0.0
0.0
0.0
0.0
0.0
0.0
0
0
0
0.0
0.0
0.0
0.1875
0.0
0.0
0.0
0.0
0.0
0.0
0.0
0.153846153846
0.0
0.0
0.0
0.0
0.0
0.0
0
0.0
0.0
0
0
0
0.0
0.0
0.0
0.0
0.0
0.0
0.0
0.0
0.0
0.0
0.0
0.0
0.0
0.0
0.0
0.0
0.0
0.0
0
0.0
0
0.0
0.0
0.0
0.0
0.0
0.0
0.0
0.0
0.0
0.0
0.0
0.0
0.0
0.0
0.0
0.0
0.0
0.0
0.0
0.0
0.0
0.0
0
0
0
0
0
0.0
0.0
0.127659574468
0.714285714286
0.5
0.923076923077
0.222222222222
0.5
0.0588235294118
0.142857142857
0.0
0.0
0.0
0.0
0.0
0.0
0.0
0.0
0
0.0
0.0
0.0
0
0
0.0
0.0
0.0
0.0
0.0
0.0
0.0
0.25
0.0
0.0
0.0
0.0
0.0
0.0
0.0
0.0
0.0
0
0.0
0
0
0
0
0
0.0
0
0.0
0.0
0.0
0.0
0.0
0.0
0.0
0.0
0.0
0.0
0.0
0.0
0.0
0.0
0.0
0.0
0.0
0.0
0
0.0
0.0
0.0
0.0
0.0
0.0
0.0
0.111111111111
0.0
0.0
0.0
0.0
0.0
0.0
0.0
0.0
0.111111111111
0.0
0.0666666666667
0.0
0.0
0.0
0.0
0
0
0.0
0.0
0.0
0.25
0.0
0.0
0.0
0.0
0.0
0.0
0.0
0.0
0.0
0.0
0.0
0.166666666667
0.0
0.0
0.0
0.0
0.0
0.0
0.0
0
0.0
0.0
0.0
0.0
0.0
0.0
0.0
0.0
0.0952380952381
0.0
0.0
0.0
0.0
0.0
0.0
0.0
0.0
0.0
0.0
0.0
0.0
0
0
0
0
0.0
0.333333333333
0.0
0.0
0.0
0.0
0.0
0.0
0.0
0.0625
0.0
0.0
0.0
0.0
0.0
0.0
0.125
0.0
0.0
0.0
0
0.0
0.0
0.0
0.0
0.0
0.0
0.0
0.0
0.0
0.0833333333333
0.0
0.0
0.166666666667
0.0
0.0
0.0
0.0
0.0
0.0
0.0
0.0
0.0
0.0
0
0.0
0
0
0
0.0
0.0
0.0
0.0
0.0
0.0
0.0
0.0
0.0
0.0
0.0
0.0
0.0
0.0
0.0
0.0
0.0
0.0
0.0
0
0
0
0.0
0
0
0.0
0
0.25
0.0
0.0
0.0
0.0
0.0909090909091
0.0
0.0
0.0
0.0
0.0
0.0
0.0
0.0
0.0
0.0
0.0
0
0.0
0
0.0
0.0
0.0
0.0
0.0
0.0
0.1
0.2
0.444444444444
0.0
0.0
0.0
0.0
0.0
0.25
0.0
0.0
0.0
0.0
0.0
0.0
0.0
0.0
0
0.0
0.25
0.0
0.0
0.0
0.0
0.0
0.0909090909091
0.0
0.0
0.0
0.0
0.0
0.0
0.0
0.0
0.0
0.0
0.0
0.0
0.0
0.0
0
0.0
0
0.0
0.0
0.0
0.0
0.0
0.0
0.0
0.0
0.0
0.0
0.0
0.0
0.333333333333
0.0
0.0
0.0
0.0
0.0
0
0
0.0
0.0
0
0
0.0
0.0
0.0
0.0
0.0
0.166666666667
0.0
0.0
0.0
0.0
0.0
0.0
0.0
0.0
0.0
0.0
0.0
0.0
0.0
0.0
0.0
0
0
0
0.0
0.285714285714
0.0
0.0
0.0
0.0
0.0
0.0
0.0
0.0
0.0
0.0
0.0
0.0
0.0
1.0
0.333333333333
0
0
0
0
0
0
0
0
0.0
0
0.25
0.0
0.5
0.0
0.0
0.0
0.0
0.0
0.0
0.0
0.0
0.0
0.0
0.5
0.0
0
0
0.0
0
0
0
0.0
0
0.0
0.0
0.0
0.0
0.0
0.0
0.0
0.333333333333
0.0
0.0
0.0
0.0
0.0
0.0
0.0
0.0
0.0
0.333333333333
0
0
0
0
0.0
0.0
0.0
0.0
0.0
0.0
0.0
0.0
0.0
0.0
0.0
0.0
0
0.0
0.0
0.0
0.0
0.0
0.0
0.0
0
0.0
0.0
0
0.0
0.0
0.166666666667
0.0
0.0
0.0
0.0
0.0
0.0
0.0
0.0
0.0
0.0
0.0
0.0
0.0
0
0.0
0
1.0
0
0
0
0.0
0.0
0.0
0.0
0.0
0.0
0.0
0.0
0.0
0.0
0.0
0.0
0.0
0.0
0.0
0.0
0.0
0.0
0.0
0.0
0
0
0
0.0
0
0.0
0.0
0.0
0.0
0.0
0.0
0.0
0.0
0.0
0.0
0.0
0.0
0.0
0.0
0.0
0.0
0.0
0.0
0.0
0.0
0
0
0.0
0
0
0.166666666667
0.219512195122
0.0
0.0
0.0
0.0
0.0
0.0
0.0
0.0
0.0
0.0
0.0
0.0
0.0
0.0
0.0
0.0
0.0
0
0.0
0
0.0
0
0.0
0.0
0.0
0.0
0.0
0.0
0.0
0.0
0.0
0.0
0.0
0.0
0.0
0.0
0.0
0.0
0.0
0.0
0.0
0
0
0.0
0
0
0.0
0.0
0.0
0.0
0.0
0.0
0.0
0.0
0.0
0.0
0.0
0.0
0.0
0.0
0.0
0.0
0.0
0.0
0.0
0.0
0
0.0
0.0
0.0
0.0
0.0
0.0
0.0
0.0
0.0
0.0
0.0
0.0
0.0
0.0
0.0666666666667
0.0
0.0
0.0
0.0
0.0
0.0
0
0.0
0
0
0
0.0
0.0
0.0
0.0
0.0285714285714
0.0
0.0
0.0
0.0
0.0
0.0
0.480769230769
0.0
0.0
0.0
0.0
0.0
0.0
0.0
0.0
0.0
0.0
0.0
0
0.0
0.0
0.0
0.0
0.0
0.0
0.0
0.0
0.0
0.0
0.0
0.0
0.0
0.0
0.0
0.0
0.0
0.0
0.0
0.0
0
0
0
0
0.0
0.0
0.0
0.0
0.0
0.0
0.0
0.0
0.0
0.0
0.0
0.0
0.0
0.0
0.0
0.0
0.0
0.0
0.0
0.0
0.0
0
0.0
0.333333333333
0.0
0.0
0.0
0.0
0.0
0.0
0.0
0.0
0.0
0.0
0.0
0.0
0.0
0.0
0.0
0.0
0.0
0.0
0.0
0.0
0.0
0.0
0
0
0
0.333333333333
0.0
0.0
0.0
0.0
0.0
0.0
0.0
0.0
0.0
0.0
0.0
0.0
0.0
0.0
0.0
0.0
0
0.0
0.0
0
0
0.0
0
0
0.0
0.0
0.0
0.0
0.0
0.0
0.0
0.0
0.0
0.0
0.0
0.0
0.0
0.0
0.0
0.0
0.0
0.0
0
0
0.0
0
0.0
0.0
0.0
0.0
0.0
0.0
0.0
0.0
0.0
0.0
0.0
0.0
0.0
0.0
0.0
0.0
0.0
0.0
0.0
0.0
0.0
0.0
0
0.0
0.0
0.0
0.0
0.0
0.0
0.0
0.0
0.0
0.0
0.0
0.0
0.0
0.0
0.0
0.0
0.0357142857143
0.0
0.0
0.0
0.0
0.0
0.0
0.0
0.0
0.4
0.0
0.0
0.0
0.0
0.0
0.0
0.0
0.0
0.0
0.0
0.0
0.0
0.0
0.0
0.0
0.0
0.0
0.0
0.0
0.0
0
0.0
0.0
0.0
0.0
0.0
0.0
0.0
0.0
0.0
0.0
0.0
0.0
0.0
0.0
0.0
0.0
0.0
0.0
0.0
0.0
0.0
0.0
0.0
0.0
0.0
0.0
0.0
0.0
0.0
0.0
0.0
0.0
0.0
0.0
0.0
0.0
0.0
0.0
0.0
0.0
0.0
0.0
0.0
0.0
0.0
0.0
0
0.5
0
0
0
0.0
0.0
0.0
0.0
0.0
0.0
0.0
0.0
0.0
0.0
0.0
0.0
0.0
0.0
0.0
0.0
0.0
0.0
0.0
0.0
0
0
0
0.0
0.0
0.222222222222
0.0
0.03125
0.107142857143
0.0
0.0
0.0
0.0
0.0
0.0
0.0
0.0
0.0
0.0
0.0
0.0
0.0
0.0
0.0
0.0
0.0
0.0
0.166666666667
0.0144927536232
0.0
0.0
0.0
0.0
0.0
0.18
0.0
0.0
0.0
0.0
0.0
0.0
0.0
0.0
0.0
0.0
0.0
0.0
0.0
0.0
0.0
0
0.277777777778
0.0
0.0
0.0
0.0
0.0
0.0
0.0
0.0
0.0
0.0
0.046511627907
0.0
0.0
0.0
0.0
0.0
0.0
0.0
0.0
0.0
0.0
0.0
0.0
0.0
0.0
0.0
0.0
0.0
0.0176991150442
0.0
0.0
0.0405405405405
0.0
0.0
0.0
0.0
0.0
0.0
0.0
0.0
0.0
0.0
0.0
0.0
0.0
0
0.0
0.0
0.0
0.0
0.173469387755
0.0
0.0
0.0
0.0
0.0
0.15
0.0
0.0
0.0
0.0
0.0
0.0
0.0
0.0
0.0
0.0
0.0
0.0
0.0
0.0
0.0
0.0
0.0
0.03125
0.0
0.0
0.0
0.0
0.0
0.0
0.0
0.0
0.0
0.0
0.0
0.0
0.0
0.0
0.0
0
0
0.0
0.0
0.0
0.0
1.0
0.0
0.0
0.0
0.0
0.0
0.0
0.0
0.0
0.0
0.0
0.0
0.0
0.0
0.0
0.0
0.0
0.0
0.0
0
0
0.0
0.0
0.0
0.0
0.0
0.0
0.0
0.0
0.0
0.0
0.0
0.0
0.0
0.0
0.0
0.0
0.0
0.0
0.0
0.0
0.0
0.0
0.0
0.0
0.0
0.0
0.0
0.0
0.0
0.0
0.0
0.0
0.0
0.0
0.0
0.0
0.0
0.0
0.0
0.0
0.0
0.0
0.0
0.0
0.0
0.0
0.0
0.0
0.0
0.0
0.0
0.0
0.0
0.0
0.0
0.0
0.0
0.0
0.0
0.0
0.0
0.0
0.0
0.0
0.0
0.0
0.0
0.0
0.0
0.0
0.0
0.0
0.0
0.0
0.0
0.0
0.0
0.0
0.0
0.0
0.0
0.0
0.0
0.0
0.0
0.0
0.0
0.0
0.0
0.0
0.0
0.0
0.0
0.0
0.0
0.0
0.0
0.0
0.0
0.0
0.0
0.0
0.0
0.0
0.0
0.0
0.0
0.0
0.0
0.0
0.0
0.0
0.0
0.0
0.0
0.0
0.0
0.0
0.0
0.0
0.0
0.0
0.0
0.0
0.0
0.0
0.0
0.0
0.0
0.0
0.0
0.0
0.0
0.0
0.0
0.0
0.0
0.0
0.0
0.0
0.0
0.0
0
0
0
0.0
0.0
0.125
0.0
0.0
0.25
0.0
0.125
0.0
0.0
0.0
0.0
0.0
0.0
0.0
0.0
0.0
0.0
0.0
0.0
0.0
0.0
0
0
0
0.0
0.0
0.0588235294118
0.0
0.0
0.0
0.0
0.0
0.0
0.0
0.0
0.0
0.0
0.0
0.0
0.0
0.0
0.0
0.0
0.0
0.0
0.0
0.0
0.25
0.0
0.0
0.0
0.0
0.0
0.0
0.0
0.0
0.0
0.0
0.0
0.09375
0.0
0.0
0.0
0.0
0.0
0.0
0.0
0.0
0.0
0.0
0.0
0.0
0.0
0.178571428571
0.0
0.0
0.0
0.0
0.0
0.0
0.0
0.0
0.0
0.0
0.0
0.0
0.0
0.0
0.0
0.0
0.0
0.0
0.0
0
0.5
0.5
0.75
0.025641025641
0.0
0.0
0.0
0.0
0.0
0.0
0.0
0.0
0.0
0.0
0.0
0.0
0.0
0.0
0.0
0.0
0.0
0.0
0.0
0
0.0
0.0
0.470588235294
0.0
0.0
0.0
0.0
0.0
0.0
0.0
0.0
0.0
0.0
0.0
0.0
0.0
0.0
0.0
0.0
0.0
0.0
0.0
0.0
0.0
0.0
0.0
0.0
0.0
0.0869565217391
0.0
0.0
0.0
0.0
0.0
0.0
0.0
0.0
0.0
0.0
0.0
0.0
0.0
0.0
0.0
0.0
0.0
0
0.0
0.0
0
0.0
0.0
0.111111111111
0.166666666667
0.0
0.0
0.0
0.0
0.0
0.0952380952381
0.0
0.0625
0.047619047619
0.0
0.0
0.0
0.0
0.0
0.0
0.0
0.0
0.5
0.0
0
0.2
0.0
0.0
0.0
0.15
0.0
0.0
0.111111111111
0.0217391304348
0.132075471698
0.0
0.0
0.0
0.0
0.0
0.0845070422535
0.0
0.0
0.0
0.0
0.0
0.0
0.0
0.4
0.0
0.0
0.0
0.0
0.0
0.0
0.0
0.0175438596491
0.0
0.0
0.0147058823529
0.0
0.0151515151515
0.0
0.0
0.0
0.0
0.0
0.0
0.0
0.0
0.0
0.0
0.0
0.0
0.0
0.0
0.0
0.0
0.0
0.0
0.0
0.025
0.0461538461538
0.0
0.0
0.0
0.112676056338
0.0
0.0
0.0
0.0
0.0
0.0
0.0
0.0
0.25
0.0
0.5
0.0
0.0
0.0
0.0
0.0
0.0
0.0425531914894
0.0
0.0
0.0588235294118
0.0
0.0
0.0
0.0
0.0
0.0322580645161
0.0
0.0
0.0
0.0
0.0
0.0
0.0
0.555555555556
0.0
0.0
0.0
0.0
0.0
0.0
0.0
0.0
0.0
0.0
0.0
0.0
0.0
0.0
0.0
0.0
0.0
0.0
0.0
0.0
0.0
0.0
0.0
0.0
0.0
0.0
0.0
0.0
0.0
0.0
0.0
0.0
0.0
0.0
0.0
0.0
0.0
0.0
0.0
0.0
0.0
0.0
0.0
0.0
0.0
0
0.0
0.0
0.0
0.142857142857
0.0
0.0
0.0
0.0
0.0
0.176470588235
0.0
0.0
0.0
0.0
0.0666666666667
0.0
0.0
0.0
0.0
0.0
0.0
0.0
0.0
0
0.0
0.25
0.0
0.0
0.0
0.0
0.0
0.0
0.0
0.0
0.0
0.0
0.0740740740741
0.0
0.0
0.0
0.0
0.0
0.0
0.0
0.0
0.0
0.0
1.0
0.666666666667
0.166666666667
0.0666666666667
0.0
0.0
0.0
0.0
0.0
0.0869565217391
0.0
0.0
0.0
0.0188679245283
0.0483870967742
0.0
0.0816326530612
0.0
0.0
0.0
0.0
0.0
0.0
0.0
0.0
0.0
0.181818181818
0.0
0.131578947368
0.04
0.0
0.0
0.0
0.0
0.0
0.0
0.0
0.0
0.0
0.0
0.0
0.025
0.0
0.0
0.0
0.0
0.0
0.0
0.0
0
0.25
0.0
0.0
0.0
0.0
0.0
0.0
0.0
0.0
0.0
0.0
0.0
0.0
0.0
0.0
0.0
0.0
0.0
0.0
0.0
0.0
0.0
0
0.0
0.0
0.0454545454545
0.0
0.0
0.0
0.0
0.0
0.0
0.0
0.0
0.0
0.0
0.0
0.0
0.0
0.0
0.0
0.0
0.0
0.0
0.0
0.0
0
0.0
0.0
0.0
0.0
0.0
0.0
0.0588235294118
0.0
0.09375
0.0
0.0
0.0
0.0
0.0
0.0
0.0
0.0
0.0
0.0
0.0
0.0
0.0
0.0
0
0
0.0
0.0
0.0
0.0
0.0
0.0
0.272727272727
0.0
0.0
0.142857142857
0.0
0.0555555555556
0.0
0.0
0.0
0.0
0.0
0.0769230769231
0.0
0.0
0.0
0
0.0
0.0
0.0
0.0
0.25
0.0
0.0
0.0
0.142857142857
0.0
0.190476190476
0.0
0.0
0.0454545454545
0.161290322581
0.0566037735849
0.0
0.0
0.0
0.0
0.0
0.0
0.0
0.0
0.0
0.0
0.0833333333333
0.0526315789474
0.0
0.0
0.046511627907
0.0819672131148
0.0731707317073
0.0
0.0892857142857
0.0
0.0
0.0
0.0
0.0
0.0
0.0
0.0
0.0
0.0
0.0
0.0
0.0
0.0
0.0
0.0
0.0
0.0
0.0555555555556
0.0
0.0
0.0
0.0
0.0
0.0
0.0
0.0
0.0
0.0
0.0
0.0
0.0
0.0
0.0
0.0
0.0
0.0
0.0
0.0
0.0
0.0
0.0
0.0
0.0
0.0
0.0
0.0
0.0
0.0
0.0
0.0
0.0412371134021
0.0
0.0
0.0
0.0
0.0
0.0
0.0
0.0
0.0
0.0
0.0
0.0
0.0
0.0
0.0
0.0
0.0
0.0
0.0
0.0
0.0
0.0
0.0
0.0
0.188235294118
0.0
0.0
0.0
0.0
0.0
0.0
0.0
0.0
0.0
0.0
0.125
0.0
0.0652173913043
0.0
0.0
0.0
0.0
0.148387096774
0.0347222222222
0.0
0.0
0.0
0.0
0.0
0.0
0.0
0.0
0.0
0.0
0.0
0.0
0.0
0
0.25
0.0
0.0
0.428571428571
0.0
0.0
0.0
0.0
0.0
0.0
0.0
0.0606060606061
0.0
0.0
0.25
0.0
0.0
0.0
0.0
0.0
0.0
0.0
0
0
0
0.0
0.0
0.0
0.0
0.0
0.0
0.0
0.0
0.0975609756098
0.0
0.0
0.0
0.0
0.0
0.0
0.0
0.0
0.0
0.0
0.0
0.0
0.0
0.0
0.0
0.0909090909091
0.0
0.0
0.0
0.0
0.0
0.0
0.0
0.0
0.0
0.0
0.0
0.0
0.0
0.0
0.0
0.0
0.0
0.0
0.0
0.0
0.0
0.0
0.142857142857
0.0
0.212765957447
0.0
0.0
0.0
0.0
0.0
0.0
0.0
0.0
0.0
0.0
0.0
0.02
0.0
0.0
0.0
0.0
0.0
0.0
0.0
0.0
0.0
0.0
0.0
0.0
0.0333333333333
0.0
0.0
0.0
0.0
0.0
0.0
0.0227272727273
0.0
0.0
0.0
0.0
0.0166666666667
0.0
0.0
0.0
0.0
0.0
0.0
0.0
0.0
0.0
0.0
0.0
0.0
0.0
0.0
0.0
0.0
0.0
0.0
0.0
0.0
0.0
0.0
0.0
0.0847457627119
0.0
0.0
0.0
0.0
0.0
0.0
0.0
0.0
0.0
0.0
0.0
0.0
0.0
0.0
0.0
0.0
0.0
0.0
0.0
0.0
0.0
0.0392156862745
0.0
0.0392156862745
0.0
0.0
0.0
0.0
0.0
0.0
0.0
0
0.0
0.0
0.666666666667
0.0
0.0
0.0
0.0
0.0
0.0
0.0
0.0384615384615
0.0
0.0
0.0
0.166666666667
0.0416666666667
0.0
0.0
0.0
0.0
0.0
0.0
0.0
0.0
0.0
0
0.0
0.0
0.0526315789474
0.0
0.0
0.0
0.0
0.0952380952381
0.0384615384615
0.0
0.0666666666667
0.0350877192982
0.0384615384615
0.0
0.0
0.0
0.0
0.0
0.0
0.0
0.0
0.5
0.0
0.0
0.0384615384615
0.0
0.0
0.0
0.0
0.0
0.0
0.0461538461538
0.0
0.0
0.0
0.0196078431373
0.0
0.0980392156863
0.0
0.0
0.0
0.0
0.0
0.0
0.0
0.0
0.0
0.0
0.0
0.0
0.0
0.0
0.0
0.0
0.0
0.0
0.0
0.0
0.0
0.0208333333333
0.0
0.0
0.0833333333333
0.0
0.0
0.0
0.0
0.0
0.0
0.0
0.0
0.0
0.0
0.0
0.0
0.0
0.0
0.0
0.148936170213
0.0
0.0
0.0
0.0
0.0
0.0
0.0
0.0
0.0
0.0
0.0
0.0
0.0
0.0
0.0
0.0
0.0
0.0
0.0
0.0
0.0
0.0
0.0
0.0
0.0
0.0
0.0
0.0
0.0
0.0
0.0
0.0
0.0
0.0
0.0
0.0
0.0
0.0
0.0
0.4
0.111111111111
0.0
0.185185185185
0.0
0.0
0.0
0.0645161290323
0.0
0.0285714285714
0.0
0.0
0.0645161290323
0.0
0.0
0.0
0.0
0.0
0.0
0.0
0.0
0.0
0.0
0
0
0.0
0.166666666667
0.111111111111
0.0
0.0
0.0
0.0
0.0
0.0
0.04
0.0
0.0
0.0
0.0
0.333333333333
0.0
0.0
0.0
0.0
0.0
0
0.0
0.0
0.0
0.0
0.0
0.047619047619
0.0
0.277777777778
0.227272727273
0.0
0.0
0.025641025641
0.119047619048
0.0
0.0
0.117647058824
0.0
0.0377358490566
0.0
0.0
0.0
0.0
0.0
0.0
0.0
0.0
0.0
0.0
0.0
0.0
0.0
0.0
0.0
0.0
0.0
0.0
0.0
0.0
0.0
0.0
0.0178571428571
0.0
0.0
0.0
0.0
0.0
0.0
0.0
0.0
0.0
0.333333333333
0.2
0.225806451613
0.0769230769231
0.121951219512
0.0512820512821
0.0
0.0
0.0
0.120689655172
0.0
0.0
0.0
0.0
0.08
0.0
0.0
0.0
0.0
0.0588235294118
0.0
0.0
0.0
0.0
0.0
0.111111111111
0.0
0.0
0.0
0.0
0.0
0.0
0.0
0.0
0.0
0.0344827586207
0.04
0.0
0.0126582278481
0.0266666666667
0.0
0.0
0.0
0.0
0.0
0.0
0.0
0.0
0.0
0.0
0.147058823529
0.0657894736842
0.0823529411765
0.0
0.0
0.0
0.0
0.0
0.00854700854701
0.0
0.0
0.0204081632653
0.0
0.0
0.0
0.0
0.0
0.0
0.0
0.0
0.5
0.25
0.0
0.0625
0.030303030303
0.0363636363636
0.0
0.0
0.0
0.0
0.05
0.039603960396
0.0
0.0
0.0
0.0
0.0
0.1
0.0
0.0
0.0
0.0
0.0
0.0
0.0
0.0
0.0
0.0
0.0
0.0384615384615
0.0
0.15625
0.171428571429
0.147058823529
0.0
0.0
0.0
0.0
0.0
0.0
0.0
0.0
0.0
0.0
0.0
0.0
0.0
0.0
0.0
0.0
0.0
0.2
0.0
0.0
0.1
0.0
0.03125
0.0588235294118
0.145833333333
0.0
0.0909090909091
0.0
0.170212765957
0.105263157895
0.0
0.0
0.0
0.0
0.0
0.0
0.0
0.0
0.0
0.0
0.1
0.642857142857
0.0
0.027027027027
0.0701754385965
0.0
0.0
0.0
0.0
0.0
0.0
0.015873015873
0.0
0.0
0.0
0.0
0.0
0.0
0.0
0.0
0.0
0.0
0.0
0.0
0.0
0.0
0.149253731343
0.0
0.0
0.0
0.0
0.0
0.0166666666667
0.155172413793
0.0
0.0
0.0
0.0
0.0
0.0
0.0
0.0
0.0
0.0
0.0
0.0
0.0
0.0
0.0
0.0769230769231
0.0
0.0909090909091
0.0
0.0
0.0
0.0
0.0
0.0
0.0
0.0
0.0
0.0138888888889
0.025
0.0
0.0
0.0
0.0
0.0
0.0
0.0
0.0
0.2
0.0
0.0
0.290322580645
0.0294117647059
0.0
0.0
0.0
0.0
0.0877192982456
0.0
0.0
0.0
0.0
0.0769230769231
0.0
0.0
0.0
0.0
0.0
0.0
0.272727272727
0.0
0.0
0.0
0.0
0.0
0.0
0.0666666666667
0.0
0.0
0.0
0.0
0.0
0.0
0.0952380952381
0.0263157894737
0.0
0.0
0.0
0.0
0.0
0.0
0.0
0.0
0.0
0.0
0
0.0
0
0.625
0.0
0.0
0.0
0.0
0.0
0.030303030303
0.08
0.0
0.0
0.0967741935484
0.0
0.0
0.0
0.0769230769231
0.0740740740741
0.0
0.0833333333333
0.0
0.0
0.0
0.0
0.0
0.0
0.5
0.333333333333
0.037037037037
0.0
0.0
0.103448275862
0.0408163265306
0.0
0.0714285714286
0.0
0.02
0.0740740740741
0.046511627907
0.0
0.0
0.0
0.0
0.0
0.0
0.0
0.0
0.0
0.0
0.0
0.0
0.0
0.0606060606061
0.0
0.153846153846
0.02
0.0752688172043
0.0
0.0
0.0
0.0
0.2
0.0298507462687
0.0694444444444
0.0
0.0
0.0
0.0
0.0
0.0
0.0
0
0.25
0.0
0.0
0.0217391304348
0.0
0.0
0.0
0.0
0.04
0.0
0.0
0.0
0.0
0.0
0.0
0.0740740740741
0.0877192982456
0.0
0.0
0.0
0.0
0.0
0.0
0.0
0.5
0.0
0.0
0.0
0.0
0.0
0.0
0.0
0.051724137931
0.0
0.0196078431373
0.0
0.0847457627119
0.0
0.0
0.0
0.0958904109589
0.0985915492958
0.0
0.0
0.0
0.0
0.0
0.0
0.0
0.0
0.153846153846
0.0
0.0
0.0
0.0
0.0
0.0
0.0
0.0
0.0
0.0
0.0
0.0714285714286
0.0
0.0
0.0
0.0
0.0
0.0
0.0
0.0
0.0
0.0
0.0
0.0
0.16
0.0
0.0
0.0138888888889
0.0
0.0
0.0
0.0
0.0
0.0
0.0
0.0
0.0
0.0
0.0
0.0
0.0
0.0
0.0
0.0
0.0
0
0.5
0.0
0.0
0.0
0.0
0.0
0.0
0.0
0.0
0.0
0.0
0.05
0.0
0.0
0.0
0.0
0.0
0.0
0.0
0.0
0.0
0.0
0.0
0.0
0.0
0.285714285714
0.222222222222
0.0
0.0
0.0
0.0
0.0
0.0
0.0
0.0
0.0
0.0
0.0
0.0
0.0175438596491
0.0
0.0
0.0
0.0
0.0
0.0
0.0
0.333333333333
0.0
0.0
0.0
0.0
0.0
0.0196078431373
0.0
0.0
0.0
0.0338983050847
0.0
0.0
0.0
0.0
0.0
0.0
0.0
0.0
0.0
0.0
0.0
0.0
0.0
0.0
0.0
0.0
0.308823529412
0.06
0.0
0.0
0.0
0.025
0.0
0.0
0.0
0.0
0.0
0.0
0.0
0.0434782608696
0.111111111111
0.0
0.0
0.0
0.0
0.0
0
0.0
0.0
0.125
0.0
0.0
0.0
0.0
0.0
0.25
0.0
0.0
0.0
0.0
0.0
0.0
0.0
0.0
0.0
0.0
0.0
0.0
0.0
0.0
0.0
0
0.5
0.0
0.0909090909091
0.0
0.0
0.047619047619
0.0
0.133333333333
0.172413793103
0.0
0.0
0.0666666666667
0.0
0.111111111111
0.0
0.0
0.0
0.0
0.0
0.0
0.0
0.0
0.0
0.0
0.0
0.0
0.0
0.0
0.4
0.0
0.0
0.105263157895
0.0
0.0
0.0
0.0
0.16
0.05
0.12
0.0
0.130434782609
0.0
0.0
0.0
0.0
0.0
0.0
0.0
0.0
0.285714285714
0.466666666667
0.0
0.0
0.0
0.36
0.107142857143
0.0
0.0810810810811
0.0
0.0
0.0
0.0
0.107142857143
0.0
0.0
0.0
0.0
0.0
0.0
0.0
0.0
0.2
0.0
0.222222222222
0.0
0.176470588235
0.44
0.0
0.153846153846
0.194444444444
0.0277777777778
0.0
0.214285714286
0.0227272727273
0.0
0.0
0.0
0.0677966101695
0.0
0.0
0.0
0.0
0.0
0.0
0.0
0.0
0.0
0.166666666667
0.0
0.0238095238095
0.0
0.0793650793651
0.0
0.0
0.0
0.0882352941176
0.0
0.0
0.0
0.0151515151515
0.0
0.0
0.0
0.0
0.0
0.0
0.0
0.0
0.0
0.0
0.0
0.0
0.111111111111
0.0
0.0
0.0
0.0
0.0
0.0
0.0757575757576
0.0
0.0
0.12987012987
0.0
0.152777777778
0.0
0.0
0.0
0.0
0.0
0.0
0.0
0.0
0.25
0.0
0.037037037037
0.121212121212
0.0
0.0
0.0
0.185714285714
0.0877192982456
0.0606060606061
0.0
0.0338983050847
0.0845070422535
0.0
0.0705882352941
0.0
0.0
0.0
0.0
0.0
0.0
0.0
0.0
0.0
0.0
0.0
0.0
0.0
0.134615384615
0.0181818181818
0.0
0.0363636363636
0.0
0.0
0.0
0.0
0.0
0.0117647058824
0.128712871287
0.0
0.0
0.0
0.0
0.0
0.0
0.0
0.0
0.0
0.0
0.3
0.2
0.0
0.09375
0.0
0.0
0.0677966101695
0.0
0.0379746835443
0.0348837209302
0.0909090909091
0.0
0.0
0.0461538461538
0.0
0.0
0.0
0.0
0.0
0.0
0.0
0.0
0
0.0
0.666666666667
0.2
0.142857142857
0.153846153846
0.0
0.0
0.0
0.0
0.0
0.0
0.0
0.0
0.133333333333
0.0555555555556
0.157894736842
0.0
0.0
0.0
0.0
0.0
0.0
0.0
0.0
0.0
0.0
0.3
0.428571428571
0.0
0.263157894737
0.0
0.0344827586207
0.0714285714286
0.0344827586207
0.0
0.0
0.0
0.0285714285714
0.0882352941176
0.030303030303
0.107142857143
0.0
0.0
0.0
0.0
0.0
0.0
0.0
0.0
0.0
0.217391304348
0.0
0.0
0.0
0.0
0.0
0.0
0.0882352941176
0.0
0.0
0.0
0.0
0.0
0.0
0.0
0.0
0.0
0.0
0.0
0.0
0.0
0.0
0.0
0.333333333333
0.0
0.0
0.166666666667
0.0
0.0
0.0
0.037037037037
0.0
0.0
0.0
0.0
0.136363636364
0.0
0.0769230769231
0.181818181818
0.0
0.0
0.0
0.0
0.0
0.0
0.0
0.0
0.153846153846
0.0
0.0
0.0
0.176470588235
0.0
0.0
0.0
0.0
0.0
0.0
0.0
0.0
0.0
0.0
0.0
0.0
0.0909090909091
0.0
0.0
0.0
0
0.5
0.0
0.333333333333
0.25
0.0
0.0
0.0
0.0
0.0
0.0
0.269230769231
0.0
0.0
0.0
0.0
0.0
0.0
0.05
0.133333333333
0.0
0.0
0.0
0.166666666667
0.0
0.0
0.0
0.272727272727
0.0
0.0
0.1875
0.0
0.0
0.0
0.0
0.0
0.0
0.0
0.0
0.0
0.0666666666667
0.0
0.0
0.142857142857
0.0
0.0
0.0
0.0
0.0
0
0
0.0
0.0
0.0
0.0
0.0
0.0
0.0
0.0
0.0
0.2
0.0
0.444444444444
0.0
0.0
0.25
0.0
0.0
0.0
0.0
0.0
0.0
0
0
0
0.333333333333
0.111111111111
0.0
0.0
0.0
0.0
0.0
0.0588235294118
0.0
0.0
0.0
0.0
0.0526315789474
0.15
0.0
0.117647058824
0.0
0.0833333333333
0.0
0.0
0.0
0.0
0.0
0.0
0.5
0.0
0.4
0.0
0.0
0.153846153846
0.0
0.142857142857
0.0
0.0
0.0833333333333
0.0
0.0
0.142857142857
0.0
0.0
0.0
0.0
0.0
0.0
0
0
0.0
0.333333333333
0.0
0.333333333333
0.0
0.3125
0.0
0.0
0.0555555555556
0.0666666666667
0.0
0.0
0.0
0.0
0.0
0.0909090909091
0.0
0.0
0.0
0.0
0.0
0.0
0
0.5
0.0
0
0.0
0.4
0.25
0.0
0.0625
0.0
0.266666666667
0.0
0.0
0.0
0.0
0.0
0.0
0.0
0.0
0.0
0.0
0.0
0.0
0.0
0
0
0.0
0.0
0.0
0.0
0.416666666667
0.0
0.0
0.0
0.25
0.0
0.0
0.0
0.0
0.0
0.0
0.0
0.0
0.0
0.0
0.0
0.0
0.0
0
0.0
0
0
0.955555555556
0.4
0.530612244898
0.0
0.0
0.0
0.0
0.0
0.0
0.0
0.0
0.0
0.166666666667
0.0
0.0
0.0
0.0
0.0
0.0
0.0
0
0
0
0
0
0
0.0
0.4
0.0
0.0
0.0
0.0
0.166666666667
0.0
0.333333333333
0.0
0.0
0.0
0.0
0.0
0
0.0
0.0
0.0
0
0
0.0
0
0
0.0
0.0
0.0
0.0
0.0
0.0
0.0
0.0
0.0
0.0
0.0
0.0
0.5
0.0
0.0
0.0
0.0
0
0
0.0
0.0
0
0
0.0
0
0.866666666667
0.166666666667
0.0
0.0
0.0
0.0
0.0
0.0
0.0
0.0
0.0
0.0
0.0
0
0.0
0
0.0
0
0
0
0
0
0.0
0
0.0
0.75
0.0
0.0
0.0
0.0
0.0
0.0
0.0
0.333333333333
0.0
0.0
0.0
0
0.666666666667
0
0.0
0.0
0.0
0
0
0.0
0
0.0
1.0
0.0
0.666666666667
0.0
0.25
0.0
0.2
0
0.0
0.0
0
0.0
1.0
0.0
0
0
0.0
0.0
0.0
0
0.0
0.0
0
0
0.0
0.0
0.0
0.333333333333
0.0
0
0.0
0.5
0.0
1.0
0.166666666667
0.0
0
0.5
0.0
0.0
0
0.0
0
0
0
0
0
0
0
0.0
0.5
0.333333333333
0.0
0
0.333333333333
0.5
0.0
0.0
0.333333333333
0.333333333333
0.0
0.0
0.0
0.0
0.0
0.0
0.0
0
0
0
0
0
0.0
0.0
0.5
0.0625
0
0.5
0.333333333333
0.0
0.0
0.0
0.0
0
0.571428571429
0
0
0.0
0.0
0
0
0.0
0.0
0
0.0
0
0.0
0.0
0
0.25
0.0
0.0
0
0.0
0.0
0.0
0.0
0.0
0.0
0.5
0
0.0
0
0.0
0
0.0
0.0
0
0
0.0
0.0
0.0
0.0
0.0
0.25
0.0
0.0
0.0
0.0
0.0
0.0
0.8
0.0
0.0
0
0.0
0
0.0
0
0
0.0
0
0
0
0.0
0.0
0.0
0.333333333333
0.0
0.0
0.0
0.333333333333
0
0.6
1.0
0.0
0.0
0.0
0
0.0
0
0
0
0.0
0
0
0.0
0.0
0.0
0.0
0.0
0.5
0.2
0.0
0.0
0
0.0
0.0909090909091
0.0
0.0
0.0
0.0
0.333333333333
0.0
0.0
0.0
0
0
0.0
0.0
0
0
0
0.0
0.5
0.0
0.0
0.0
0.0
0.333333333333
1.0
0.0
0.0
0.0
0.0
0.0
0
0.0
0.0
0.0
0
0.0
0
0
0.0
0
0.0
0.333333333333
0.25
0.0
0.0
0.0
0.0
0.0
0.0
0.0
0.0
0.0
0.0
0.0
0.666666666667
0.0
0.0
0
0
0
0
0
0.0
0.0
0.0
0.5
0.0
0.0
0.0
0.0
0.0
0.0
0
0.0
0.0
0.0
0.0
0.0
0
0.333333333333
0.0
0
0
0.0
0.0
0
0
0
0.0
0.0
0.0
0.0
0.0
0.0
0.0
0.0
0.333333333333
0.0
0.25
0.0
0.0
0.142857142857
0.0
0
0.0
0
0
0
0
0
0
0.666666666667
0.0
0.0
0.0
0.0
0.4
0.0
0.285714285714
0.0
0.0
0.0
0.1
0.0
0.0
0.0
0.0
0.0
0.0
0
0.0
0
0
0
0
0.4
0.454545454545
0.0434782608696
0.0
0.0
0.0
0.111111111111
0.0
0.0
0.0
0.0
0.0
0.333333333333
0.0
0.0
0.0
0.0
0.333333333333
0.0
0
0
0.0
0
0.0
0.333333333333
0.0833333333333
0.185185185185
0.15
0.0
0.142857142857
0.0
0.0
0.0
0.0
0.0
0.0
0.0
0.0
0.0
0.0
0.0
0.0
0
0
0
0
0
0.625
0.714285714286
0.25
0.382352941176
0.0
0.0
0.0
0.0
0.0
0.0454545454545
0.166666666667
0.0
0.0
0.315789473684
0.0
0.0
0.0
0.0
0.0
0
0
0
0.0
0.0
0.0
0.2
0.0
0.0
0.19512195122
0.0
0.0
0.0
0.0
0.0
0.0
0.0
0.0
0.0
0.0
0.0
0.0
0.0
0.0
0.0
0
0
0
0.0
0.0
0.333333333333
0.0
0.0
0.0
0.0
0.0
0.0
0.0
0.0
0.0
0.0
0.0
0.0
0.0
0.0
0.0
0.166666666667
0.0
0
0
0
0
0
0
0.0
0.285714285714
0.0
0.25
0.25
0.0
0.0
0.0
0.0
0.0
0.0
0.0
0.0
0.0
0.0
0.166666666667
0.0
0.0
0
0.0
0.0
0
0.0
0.333333333333
0.444444444444
0.0
0.142857142857
0.0
0.0
0.0
0.0
0.176470588235
0.0
0.0
0.114285714286
0.0
0.0
0.0
0.0
0.0
0.0
0.0
0
0
0
0.0
0
0.666666666667
0.333333333333
0.62962962963
0.181818181818
0.0
0.0
0.0
0.0
0.0
0.0
0.0
0.0
0.0
0.0
0.0
0.0
0.0
0.0
0.0
0.0
0
0.0
0
0.0
0.5
0.272727272727
0.243243243243
0.015625
0.0
0.0
0.0
0.0
0.0196078431373
0.0
0.0
0.111111111111
0.0
0.0
0.0
0.0
0.0
0.0
0.0
0.0
0.0
0.0
0.0
0.0
0.166666666667
0.52
0.586206896552
0.0
0.36
0.0
0.118644067797
0.0
0.0
0.0666666666667
0.0
0.0
0.0
0.0
0.0
0.0217391304348
0.0
0.0
0.0
0.0
0.0
0.0
0.0
0.0
0.0
0.526315789474
0.0
0.02
0.0722891566265
0.0
0.0188679245283
0.037037037037
0.0
0.0
0.0
0.0
0.0
0.0
0.0
0.0
0.0
0.0
0.0
0.0
0.0
0.0
0.0
0
0.0
0.166666666667
0.0
0.181818181818
0.133333333333
0.0
0.0
0.0
0.173913043478
0.0
0.0
0.0
0.0
0.0
0.0
0.0
0.0
0.0
0.0
0.0
0.0
0.0
0
0.0
0.5
0.0
0.3
0.0588235294118
0.0
0.0434782608696
0.0789473684211
0.0
0.0
0.0
0.0
0.0
0.0
0.0
0.0416666666667
0.0
0.0
0.0
0.0
0.0
0
0
0.0
0.0
0.25
0.166666666667
0.533333333333
0.0
0.0
0.0
0.102040816327
0.15625
0.0
0.075
0.0
0.0
0.0
0.0625
0.117647058824
0.0
0.0
0.0
0.0
0.0
0.0
0.0
0.0
0.2
0.4
0.153846153846
0.0
0.222222222222
0.0
0.0
0.192307692308
0.0
0.05
0.0232558139535
0.0444444444444
0.0
0.155172413793
0.0227272727273
0.0
0.0
0.0
0.0
0.0
0.0
0.0
0
0
0.0
0.6
0.153846153846
0.0
0.025
0.0
0.105263157895
0.0
0.137931034483
0.0
0.0
0.0
0.0
0.0574712643678
0.0
0.0
0.0
0.0
0.0
0.0
0.0
0.0
0.0
0.0
0.0
0.461538461538
0.333333333333
0.309523809524
0.0666666666667
0.0
0.0172413793103
0.174603174603
0.0
0.0315789473684
0.0
0.0
0.0909090909091
0.0
0.0
0.0
0.0
0.0
0.0
0.0
0.0
0
0.0
0.5
0.0
0.142857142857
0.0588235294118
0.0
0.0263157894737
0.426229508197
0.0
0.09375
0.0
0.0
0.0
0.0
0.123076923077
0.0
0.0
0.0666666666667
0.0
0.0
0.0
0.0
0.0
0.0
0
0.0
0.333333333333
0.0
0.0
0.166666666667
0.0909090909091
0.0
0.0
0.0625
0.0
0.0
0.0
0.0
0.0
0.0
0.0
0.15
0.0
0.0
0.0
0.0
0
0.0
0
0
0
0.0
0.0
0.363636363636
0.125
0.0
0.3
0.310344827586
0.0
0.0
0.0
0.0
0.0
0.130434782609
0.0
0.0
0.166666666667
0.0
0.0
0.0
0.0
0.0
0.0
0.0
0.0
0.0
0.0
0.0555555555556
0.390476190476
0.0
0.0
0.0579710144928
0.06
0.0
0.0
0.0
0.0731707317073
0.0
0.107142857143
0.0
0.0
0.0
0.0
0.0
0.0
0.0
0.0
0.0
0.0
0.733333333333
0.347826086957
0.0
0.0540540540541
0.027027027027
0.0
0.106382978723
0.0
0.0
0.0
0.0
0.0
0.0
0.0
0.1
0.0
0.0
0.0
0.0
0.0
0.0
0.0
0.0
0.0
0
0.357142857143
0.192307692308
0.301369863014
0.0
0.0
0.11320754717
0.152173913043
0.0
0.0
0.0
0.0
0.0
0.125
0.0
0.0
0.0
0.0
0.0
0.0
0.0
0.0
0
0.0
0.5
0.489361702128
0.0681818181818
0.0
0.0
0.0
0.0408163265306
0.0392156862745
0.0
0.0
0.0
0.04
0.0
0.0
0.0
0.0
0.0
0.0
0.0
0.0
0.0
0
0.0
0.0
0.5
0.222222222222
0.0588235294118
0.0606060606061
0.0
0.0
0.0
0.263157894737
0.0
0.0
0.0
0.0
0.0
0.0
0.0
0.0
0.0
0.0
0.0
0
0
0.0
0
0.0
0.2
0.0
0.0
0.0
0.117647058824
0.0526315789474
0.0
0.0
0.0
0.0
0.0
0.0
0.05
0.0
0.0
0.0
0.0
0.0
0.0
0.0
0.5
0.0
0.0
0.0
0.0
0.285714285714
0.142857142857
0.0588235294118
0.0625
0.166666666667
0.0869565217391
0.12
0.0
0.0
0.0
0.0
0.0
0.0
0.0
0.0
0.0666666666667
0.0
0.0
0.0
0.0
0.0
0.0
0.5
0.625
0.0
0.254545454545
0.147058823529
0.0
0.0
0.0
0.0
0.0
0.0
0.0
0.025
0.0
0.0
0.0430107526882
0.0
0.0
0.0
0.0
0.0
0.0
0.0
0.0
0.0
0.484848484848
0.590909090909
0.0
0.0
0.0
0.0
0.0
0.046511627907
0.0
0.0
0.0
0.0
0.0
0.0
0.0
0.0
0.0
0.0
0.0
0.0
0
0.0
0.0
0
0.3
0.459459459459
0.0
0.0
0.0
0.0
0.0
0.0
0.0
0.0298507462687
0.0
0.0
0.0
0.114583333333
0.0
0.0
0.0
0.0
0.0
0.0
0.0
0.0
0.0
0.0
0.0
0.477272727273
0.383333333333
0.0
0.0
0.0632911392405
0.0
0.0
0.0
0.0
0.0
0.0
0.0566037735849
0.0
0.047619047619
0.0
0.0
0.0
0.0
0.0
0.0
0.0
0.4
0.0
0.444444444444
0.41935483871
0.0
0.0625
0.144927536232
0.0
0.0
0.175438596491
0.0
0.0
0.0
0.0
0.0384615384615
0.0
0.0
0.0
0.0
0.0
0.0
0.0
0
0
0
0.0
0.833333333333
0.0
0.0
0.176470588235
0.0
0.0
0.0526315789474
0.0
0.0
0.0
0.0
0.12
0.0
0.047619047619
0.0
0.0
0.0
0.0
0.0
0.0
0.0
0.0
0.0
0.0
0.0
0.0
0.0
0.0
0.0
0.0
0.0
0.0344827586207
0.0
0.0294117647059
0.0
0.0
0.0
0.0851063829787
0.0
0.0
0.0
0.0
0.0
0.0
0.0
0.0
0
0
0.333333333333
0.818181818182
0.0
0.0
0.0
0.146341463415
0.0
0.0
0.0
0.0
0.0
0.0
0.0
0.153846153846
0.02
0.0
0.0
0.0
0.0
0.0
0.0
0.0
0.0
0.0
0.423076923077
0.0
0.0322580645161
0.0
0.0731707317073
0.0
0.0
0.116666666667
0.12
0.114285714286
0.0
0.264150943396
0.0
0.0
0.0
0.0
0.0
0.0
0.0
0.0
0.0
0.0
0.0
0.0
0.0
0.333333333333
0.191489361702
0.290322580645
0.0
0.133333333333
0.0
0.0
0.0
0.0
0.0
0.0
0.037037037037
0.0
0.0
0.0
0.0
0.0
0.0
0.0
0.0
0.0
0.0
0.0
0.47619047619
0.627906976744
0.1
0.0
0.0
0.0
0.0
0.0
0.0
0.0
0.0
0.0
0.0416666666667
0.0454545454545
0.0
0.0
0.0
0.0
0.0
0.0
0.0
0.0
0.0
0.2
0.0
0.1875
0.0322580645161
0.105263157895
0.326923076923
0.0
0.0
0.0847457627119
0.0
0.0
0.0
0.0
0.0
0.0
0.0
0.0
0.0
0.0
0.0
0
0.0
0
0
0.0
0.0
0.0
0.0
0.0
0.0
0.0
0.0
0.0
0.0
0.0
0.0
0.0
0.0
0.0666666666667
0.0
0.0
0.0
0.0
0.0
0
0.0
0.0
0.0
0.0
0.0
0.333333333333
0.125
0.0588235294118
0.142857142857
0.0
0.0454545454545
0.0
0.0344827586207
0.0
0.0
0.0
0.0
0.166666666667
0.0
0.0
0.0
0.0
0.0
0.0
0.0
0
0.333333333333
0.666666666667
0.0
0.0666666666667
0.0652173913043
0.2
0.0
0.0
0.0731707317073
0.0
0.0714285714286
0.0
0.0
0.0
0.0151515151515
0.0298507462687
0.0
0.0
0.0
0.0
0.0
0.0
0.0
0
0.142857142857
0.0
0.277777777778
0.4
0.0
0.0666666666667
0.0
0.0
0.0
0.0
0.0204081632653
0.0
0.0
0.0
0.0
0.161764705882
0.0
0.0
0.0
0.0
0.0
0.0
0.0
0.0
0.0
0.0
0.0714285714286
0.307692307692
0.0
0.0
0.0
0.0
0.0
0.0
0.0
0.0
0.0
0.0
0.0952380952381
0.0
0.037037037037
0.0
0.0
0.0
0.0
0.0
0.0
0.0
0.25
0.0
0.125
0.227272727273
0.108108108108
0.0
0.0
0.0
0.0
0.0298507462687
0.015873015873
0.0
0.0
0.127659574468
0.30487804878
0.190476190476
0.0
0.0
0.0
0.0
0.0
0
0
0.0
0
0.0
0.0
0.692307692308
0.258064516129
0.118644067797
0.0263157894737
0.0
0.102941176471
0.0365853658537
0.152941176471
0.0
0.0
0.0
0.0
0.0
0.0
0.0
0.0
0.0
0.0
0.0
0
0.0
0.0
0
0.333333333333
0.5
0.125
0.227272727273
0.0714285714286
0.0
0.0
0.0434782608696
0.0
0.0
0.047619047619
0.0
0.0
0.0
0.0
0.0
0.0
0.0
0.0
0.0
0.0
0.0
0.0
0.0
0.285714285714
0.0
0.4
0.0555555555556
0.0
0.0
0.363636363636
0.0454545454545
0.0
0.0
0.0810810810811
0.0625
0.243243243243
0.075
0.0
0.0
0.0
0.0
0.0
0.0
0.0
0.0
0.0
0
0.166666666667
0.5
0.216216216216
0.44
0.0
0.0
0.0
0.0
0.0
0.255319148936
0.0
0.0
0.0377358490566
0.151515151515
0.0
0.0
0.0
0.0
0.0
0.0
0.0
0.0
0.0
0.0
0.363636363636
0.5
0.0
0.0
0.0
0.0
0.0
0.0833333333333
0.0
0.0
0.0
0.0
0.0612244897959
0.358490566038
0.0
0.0
0.0
0.0
0.0
0.0
0.0
0
0.0
0.2
0.25
0.105263157895
0.142857142857
0.0
0.0
0.0
0.0192307692308
0.0243902439024
0.0
0.0
0.0
0.0
0.155172413793
0.105263157895
0.0
0.0983606557377
0.146341463415
0.0
0.0
0.0
0.0
0.0
0.0
0.125
0.222222222222
0.511111111111
0.113636363636
0.0
0.0
0.181818181818
0.0
0.0
0.0
0.027027027027
0.0
0.0666666666667
0.0
0.0
0.0
0.0
0.0
0.0
0.0
0.0
0.0
0.0
0.0
0.0
0.285714285714
0.0454545454545
0.15
0.0961538461538
0.196078431373
0.0434782608696
0.0
0.175675675676
0.0
0.0
0.0
0.0
0.0
0.0714285714286
0.0
0.0
0.0
0.166666666667
0.0
0.0
0.0
0
0.0
0.833333333333
0.8
0.125
0.428571428571
0.0714285714286
0.333333333333
0.0434782608696
0.030303030303
0.0
0.0
0.2
0.0
0.0555555555556
0.130434782609
0.0
0.0
0.0
0.0
0.0
0.2
0.0
0.0
0.0
0.0
0.0
0.785714285714
0.6
0.0
0.470588235294
0.0
0.0
0.0
0.461538461538
0.0
0.0857142857143
0.241379310345
0.0606060606061
0.0
0.113636363636
0.0
0.0
0.0
0.0
0.0
0.0
0.0
0.0
0.0
0.0
0.625
0.222222222222
0.0
0.0
0.0
0.131578947368
0.12
0.0
0.151515151515
0.0277777777778
0.0
0.0
0.0384615384615
0.0
0.0
0.0
0.0
0.0
0.0
0.0
0
0
0.0
0.0
0.4
0.0625
0.153846153846
0.0869565217391
0.0
0.0
0.166666666667
0.0666666666667
0.0
0.0
0.0
0.0
0.153846153846
0.5
0.0
0.0
0.0
0.0
0
0.0
0
0.0
0.25
0.8
0.375
0.214285714286
0.222222222222
0.0
0.0
0.214285714286
0.0588235294118
0.0
0.0
0.0
0.0
0.2
0.047619047619
0.0
0.0
0.0
0.0
0.0
0.0
0.0
0.0
0.0
0.0
0.666666666667
0.0
0.1
0.148148148148
0.0625
0.0
0.151515151515
0.0
0.0
0.0
0.0
0.0
0.0
0.307692307692
0.0
0.0
0.0
0.0
0.0
0.0
0.0
0.0
0.0
0.0
0.0
0.285714285714
0.5
0.0
0.0
0.047619047619
0.0
0.0
0.04
0.0
0.0
0.0
0.0
0.0
0.0
0.0
0.0
0.0
0.0
0.0
0.0
0.0
0
0
0
0.0
1.0
0.0
0.6
0.0625
0.222222222222
0.0
0.0
0.0
0.1875
0.0
0.0
0.0
0.0909090909091
0.666666666667
0.0
0.0
0.0
0.0
0
0.0
0
0.0
0
0.5
0.5
0.2
0.6
0.0
0.0
0.25
0.0
0.0555555555556
0.0
0.0
0.0
0.0
0.236842105263
0.0
0.0
0.0
0.0
0.0
0.0
0
0.0
0
0.0
0.333333333333
0.555555555556
0.441176470588
0.1875
0.0
0.0740740740741
0.161290322581
0.0
0.0344827586207
0.125
0.0
0.0
0.0
0.0204081632653
0.0204081632653
0.0
0.0
0.0
0.0
0.0
0
0.0
0.0
0.5
0.0
0.0
0.222222222222
0.192307692308
0.140625
0.255319148936
0.0
0.0
0.0
0.027027027027
0.0
0.0
0.112903225806
0.0
0.0487804878049
0.0
0.0
0.0
0.0
0.0
0.0
0.0
0.0
0.0
0.0
0.307692307692
0.283018867925
0.0
0.0
0.0
0.243243243243
0.0392156862745
0.148936170213
0.0
0.0
0.0
0.0588235294118
0.3515625
0.0428571428571
0.0
0.0
0.0
0.0
0.0
0.0
0.0
0.0
0.0
0.222222222222
0.651162790698
0.186046511628
0.0
0.0
0.0169491525424
0.0
0.0
0.0
0.0595238095238
0.0
0.025
0.0
0.117647058824
0.0
0.0
0.0
0.0
0.0
0.0
0.0
0.0
0.0
0.333333333333
0.375
0.222222222222
0.304347826087
0.259259259259
0.063829787234
0.0
0.0
0.111111111111
0.149253731343
0.0
0.0
0.0
0.0
0.145161290323
0.0
0.0
0.0
0.0
0.0
0.0
0.0
0.0
0.5
0
0.714285714286
0.333333333333
0.1
0.375
0.0952380952381
0.291666666667
0.0
0.047619047619
0.0
0.0
0.0
0.0
0.0
0.0
0.0
0.0
0.0
0.0
0.0
0.0
0.0
0
0.0
0.0
0.0
0.142857142857
0.0
0.0714285714286
0.0555555555556
0.166666666667
0.0540540540541
0.275862068966
0.0
0.166666666667
0.025
0.0238095238095
0.0
0.0
0.142857142857
0.0
0.0
0.0
0.0
0.0
0.0
0.0
0.0
0.0
0.277777777778
0.375
0.111111111111
0.0967741935484
0.03125
0.0444444444444
0.0
0.0
0.0
0.0
0.0
0.0
0.1875
0.08
0.0
0.0
0.0
0.0
0.0
0.0
0.0
0.0
0.0
0
0.222222222222
0.214285714286
0.0
0.0
0.0263157894737
0.178571428571
0.025641025641
0.0
0.0392156862745
0.0
0.0
0.0
0.0
0.0196078431373
0.0
0.0
0.0
0.0
0.0
0.0
0.0
0.0
0.0
0.0
0.272727272727
0.037037037037
0.394736842105
0.0
0.0
0.0277777777778
0.05
0.0
0.05
0.0
0.0
0.1
0.0
0.22641509434
0.142857142857
0.0
0.0
0.0
0.0
0.0
0.0
0.0
0.0
0.2
0.181818181818
0.0
0.361111111111
0.0
0.0
0.0
0.0
0.0925925925926
0.121212121212
0.0
0.0
0.0769230769231
0.0
0.206349206349
0.0714285714286
0.0
0.0
0.0
0.0
0.0
0.0
0
0.0
0.444444444444
0.363636363636
0.0
0.0967741935484
0.0322580645161
0.0
0.14
0.0
0.0
0.0175438596491
0.0
0.0
0.0
0.0
0.0363636363636
0.0
0.0
0.0
0.0
0.0
0.0
0.0
0
0.0
0
0.4
0.0
0.142857142857
0.210526315789
0.0
0.0
0.115384615385
0.0
0.0
0.0416666666667
0.12
0.0
0.0
0.0
0.0
0.166666666667
0.117647058824
0.166666666667
0.0
0.0
0.0
0
0.0
1.0
0.166666666667
0.4
0.0
0.1875
0.0
0.0769230769231
0.0
0.131578947368
0.222222222222
0.0555555555556
0.0322580645161
0.0
0.0
0.111111111111
0.0416666666667
0.0
0.0
0.0
0.0
0.0
0.0
0.0
0.0
0.0
0.5
0.166666666667
0.268292682927
0.241379310345
0.0204081632653
0.179487179487
0.0
0.0487804878049
0.0
0.0
0.0
0.0
0.0892857142857
0.0645161290323
0.0540540540541
0.147727272727
0.0
0.0
0.0
0.0
0.0
0.0
0.0
0.0
0.5
0.28125
0.186046511628
0.0217391304348
0.1
0.0344827586207
0.0
0.0
0.106382978723
0.0
0.0
0.0
0.245283018868
0.08
0.142857142857
0.0
0.0
0.0
0.0
0.0
0.0
0.0
0.0
0.0
0.0
0.222222222222
0.0606060606061
0.0377358490566
0.0
0.0
0.179487179487
0.127272727273
0.0810810810811
0.0
0.0
0.209302325581
0.380952380952
0.0
0.0
0.0208333333333
0.0384615384615
0.0
0.0
0.0
0.0
0.0
0.0
0.0
0.588235294118
0.0714285714286
0.258620689655
0.225806451613
0.0
0.288888888889
0.0444444444444
0.0
0.0
0.0
0.0
0.142857142857
0.0625
0.0
0.0
0.0
0.0
0.0
0.0
0.0
0.0
0.0
0.5
0.0
0.0
0.0
0.111111111111
0.0454545454545
0.193548387097
0.0
0.0
0.09375
0.0
0.0789473684211
0.0
0.0
0.0
0.0
0.0
0.0
0.0
0.0
0.0
0.0
0.0
0.0
0
0.0
0.0
0.75
0.208333333333
0.0
0.0
0.0
0.0
0.0
0.0
0.0
0.0
0.0
0.05
0.0
0.0
0.0
0.0
0.0
0.0
0.0
0.0
0
0.0
0.0
0.0
0.333333333333
0.230769230769
0.0
0.0
0.0
0.470588235294
0.1
0.0555555555556
0.28
0.0
0.0
0.0
0.1875
0.0
0.0
0.0
0.0
0.0
0.0
0.0
0.0
0.0
0.0
0.166666666667
0.272727272727
0.25641025641
0.219512195122
0.0
0.0
0.166666666667
0.0
0.1
0.0
0.0
0.0
0.104166666667
0.209677419355
0.0181818181818
0.0
0.0
0.0
0.0
0.0
0.0
0.0
0.0
0.571428571429
0.0
0.0
0.478260869565
0.0
0.0
0.0
0.177777777778
0.153846153846
0.0909090909091
0.0
0.0
0.0
0.446428571429
0.0416666666667
0.145454545455
0.0
0.0
0.0
0.0
0.0
0.0
0.0
0.0
0.0
0.357142857143
0.205882352941
0.320754716981
0.0
0.0
0.0
0.0
0.0
0.0
0.0
0.0
0.0
0.0
0.253968253968
0.0
0.0
0.0
0.0
0.0
0.0
0.0
0.0
0.0
0.222222222222
0.0
0.392156862745
0.387755102041
0.0
0.0
0.0
0.0
0.357142857143
0.0
0.0869565217391
0.0
0.04
0.0
0.153846153846
0.0
0.0
0.0
0.0
0.0
0.0
0.0
0
0
0.2
0.125
0.416666666667
0.2
0.129032258065
0.0
0.0
0.0
0.138461538462
0.0
0.0
0.0
0.0
0.0
0.0
0.137931034483
0.0
0.0
0.0
0.0
0.0
0
0.0
0.6
0.333333333333
0.4
0.125
0.6
0.2
0.0
0.0
0.0
0.0
0.0
0.0
0.0
0.115384615385
0.115384615385
0.0
0.0
0.0
0.0
0.0
0.0
0.0
0.0
0.0
0.0
0
0.0
0.545454545455
0.214285714286
0.0
0.25
0.0909090909091
0.28125
0.0
0.0
0.0
0.121212121212
0.0
0.0612244897959
0.0
0.0
0.0
0.0
0.0
0.0
0.0
0.0
0
0.0
0.666666666667
0.0
0.533333333333
0.360655737705
0.05
0.0
0.0
0.0
0.0408163265306
0.075
0.0
0.0
0.0
0.0714285714286
0.0
0.0
0.0
0.0
0.0
0.0
0.0
0.0
0.0
0.0
0.0
0.0
0.575
0.545454545455
0.0
0.179487179487
0.0277777777778
0.131578947368
0.15873015873
0.0232558139535
0.0
0.0
0.0
0.260869565217
0.0943396226415
0.125
0.0
0.0
0.0
0.0
0.0
0.0
0.0
0.0
0.0
0.0
0.583333333333
0.5
0.025
0.0
0.0
0.34375
0.0204081632653
0.0727272727273
0.0
0.0196078431373
0.0
0.030303030303
0.0181818181818
0.0
0.0
0.0
0.0
0.0
0.0
0.0
0.0
0.0
0.0
0.0
0.56862745098
0.227272727273
0.0
0.0
0.0
0.157142857143
0.0
0.0
0.0
0.0
0.0
0.0
0.027027027027
0.0
0.0
0.0
0.0
0.0
0.0
0.0
0.0
0.0
0.25
0.0
0.363636363636
0.285714285714
0.34375
0.0
0.169811320755
0.109090909091
0.254545454545
0.0
0.0
0.0
0.0
0.0
0.0555555555556
0.0
0.0
0.0
0.0
0.0
0.0
0.0
0.0
0.0
0.0
0.5
0.2
0.5
0.3
0.0
0.0
0.05
0.285714285714
0.0
0.0
0.0
0.0
0.0
0.0
0.0
0.0
0.0
0.0
0.0
0.0
0.0
0.0
0.0
0.25
0.0
0.333333333333
0.444444444444
0.0
0.0526315789474
0.52380952381
0.15
0.08
0.0
0.129032258065
0.0
0.0
0.239130434783
0.030303030303
0.0810810810811
0.0
0.0
0.0
0.0
0.0
0.0
0.0
0.0
0.0
0.1875
0.347826086957
0.272727272727
0.131578947368
0.0
0.0851063829787
0.0
0.0
0.107692307692
0.0
0.0
0.0
0.0602409638554
0.0735294117647
0.0
0.0
0.0
0.0
0.0
0.0
0.0
0.0
0.0
0.375
0.0
0.243243243243
0.25
0.0
0.0
0.0535714285714
0.130434782609
0.0
0.0625
0.0
0.0
0.0
0.0533333333333
0.15306122449
0.0
0.0
0.0
0.0
0.0
0.0
0.0
0.166666666667
0.0
0.125
0.1
0.366666666667
0.472727272727
0.0697674418605
0.0
0.0
0.0
0.166666666667
0.0
0.0
0.0
0.153846153846
0.122807017544
0.140625
0.0178571428571
0.0
0.0
0.0
0.0
0.0
0.0
0.0
0.0
0.0
0.25
0.375
0.153846153846
0.0
0.0769230769231
0.0
0.0526315789474
0.311111111111
0.0
0.0
0.0
0.0
0.0882352941176
0.189189189189
0.162790697674
0.0
0.0
0.0
0.0
0.0
0.0
0.0
0.111111111111
0.0
0.0
0.047619047619
0.16
0.0
0.125
0.0
0.0980392156863
0.205128205128
0.0
0.0
0.0
0.0
0.129032258065
0.137931034483
0.0
0.0
0.0
0.0
0.0
0
0.0
0.0
0.0
0
0.0
0.666666666667
0.46511627907
0.68
0.0
0.0
0.0
0.178571428571
0.0
0.0
0.0
0.0
0.161290322581
0.125
0.0
0.0
0.0
0.0
0.0
0.0
0.0
0.0
0
0.0
0.777777777778
0.538461538462
0.166666666667
0.384615384615
0.0333333333333
0.19512195122
0.392857142857
0.254237288136
0.0416666666667
0.0
0.0
0.0
0.125
0.0461538461538
0.0192307692308
0.0
0.0
0.0
0.0
0.0
0.0
0.0
0.0
0.0
0.181818181818
0.458333333333
0.418181818182
0.127659574468
0.0
0.0526315789474
0.0
0.0
0.0
0.0
0.0
0.0
0.283333333333
0.257142857143
0.0851063829787
0.0
0.0
0.0
0.0
0.0
0.0
0.0
0.0
0.0
0.833333333333
0.16
0.372549019608
0.1
0.0
0.0185185185185
0.280701754386
0.0
0.103448275862
0.0
0.0
0.0588235294118
0.190476190476
0.186046511628
0.21686746988
0.0
0.0
0.0
0.0
0.0
0.0
0.0
0.0
0.0
0.136363636364
0.424242424242
0.358490566038
0.184210526316
0.0
0.0666666666667
0.0
0.0
0.078125
0.015625
0.0
0.0
0.161764705882
0.173469387755
0.127906976744
0.0
0.0
0.0
0.0
0.0
0.0
0.0
0.0
0.0
0.434782608696
0.125
0.146341463415
0.223880597015
0.0
0.0
0.056338028169
0.118421052632
0.0
0.0
0.0
0.08
0.0707070707071
0.0
0.0
0.0
0.0
0.0
0.0
0.0
0.0
0
0.0
0.625
0.153846153846
0.230769230769
0.38
0.0169491525424
0.0
0.0454545454545
0.164383561644
0.0945945945946
0.013698630137
0.0
0.0
0.0
0.0169491525424
0.043956043956
0.0
0.0
0.0
0.0
0.0
0.0
0.0
0.0
0
0.0
0.666666666667
0.583333333333
0.0
0.105263157895
0.0
0.0
0.25
0.0555555555556
0.0
0.0
0.0
0.0
0.176470588235
0.0714285714286
0.0
0.0
0.0
0.0
0.0
0
0.0
0.0
0.0
1.0
0.4
0.6
0.4
0.0
0.190476190476
0.111111111111
0.0740740740741
0.322580645161
0.0
0.103448275862
0.0384615384615
0.0
0.117647058824
0.25
0.107142857143
0.0
0.0
0.0
0.0
0.0
0.0
0.0
0.0
0.0
0.388888888889
0.28
0.171428571429
0.117647058824
0.0
0.3
0.146341463415
0.0
0.0
0.0
0.0
0.0
0.0
0.0
0.0
0.0
0.0
0.0
0.0
0.0
0.0
0.0
0.0
0.0
0.0
0.6
0.235294117647
0.0
0.0
0.192307692308
0.0357142857143
0.0263157894737
0.0
0.0
0.0
0.2
0.0434782608696
0.181818181818
0.15625
0.04
0.0
0.0
0.0
0.0
0.0
0.0
0.0
0.25
0.4
0.2
0.433333333333
0.0967741935484
0.0
0.0
0.0
0.0
0.0
0.0
0.0
0.075
0.135135135135
0.0769230769231
0.0
0.0
0.0833333333333
0.0
0.0
0.0
0.0
0.0
0.0
0.0
0.0
0.333333333333
0.15
0.27027027027
0.321428571429
0.0
0.0
0.0714285714286
0.0357142857143
0.0
0.0
0.0
0.190476190476
0.222222222222
0.0
0.0833333333333
0.0
0.0
0.0
0.0
0.0
0.0
0.0
0.142857142857
0.0
0.0
0.277777777778
0.354838709677
0.0
0.0
0.0
0.0769230769231
0.0
0.111111111111
0.0
0.0
0.1
0.0
0.0
0.0
0.0
0.0
0
0.166666666667
0.0
0
0.0
0.0
0.0
0.333333333333
0.478260869565
0.1875
0.0
0.0
0.447368421053
0.0
0.0
0.0
0.0
0.368421052632
0.0
0.0
0.0
0.0
0.0
0.0
0.0
0.0
0
0.0
0.5
0.0
0.0
0.176470588235
0.461538461538
0.307692307692
0.0625
0.0
0.285714285714
0.16
0.153846153846
0.214285714286
0.0
0.103448275862
0.392857142857
0.0689655172414
0.0
0.111111111111
0.0
0.0
0.0
0.0
0.0
0.0
0.0
0.25
0.0909090909091
0.266666666667
0.25
0.190476190476
0.0
0.0
0.0
0.0384615384615
0.0
0.0
0.0
0.0
0.0909090909091
0.0
0.0
0.0
0.0
0.0
0.0
0.0
0.0
0.0
0.2
0.0
0.25
0.136363636364
0.25
0.0
0.0
0.0
0.0
0.0
0.0
0.0
0.0
0.0
0.0
0.0
0.0
0.0
0.0
0.0
0.0
0.0
0.0
0.5
0.666666666667
0.0
0.2
0.266666666667
0.470588235294
0.0909090909091
0.0
0.0555555555556
0.0588235294118
0.0833333333333
0.0
0.0
0.153846153846
0.454545454545
0.0
0.1
0.0
0.0
0.0
0.0
0.0
0.0
0.0
0
0.333333333333
0.0
0.0
0.142857142857
0.3
0.0
0.0
0.0
0.0
0.0588235294118
0.0714285714286
0.0
0.0
0.0
0.0
0.0
0.181818181818
0.0
0.0
0.0
0.0
0
0.0
0.0
0.0
0.0
0.0
0.333333333333
0.384615384615
0.0
0.111111111111
0.0
0.0
0.0
0.0
0.0
0.0
0.0
0.0
0.0
0.0
0.25
0.0
0.0
0
0.0
0.0
0.0
0.0
0.0
0.0
0.0
0.0
0.0
0
0.333333333333
1.0
0.2
0.0
0.0
0.0
0.0
0.5
0.0
0.5
0.0
0.0
0
0.0
0.0
0
0.0
0
0.0
0
0.0
0.5
0.666666666667
0.0
0.25
0.25
0.0
0.0
0.0
0.2
0.333333333333
0.0
0.0
0.285714285714
0.0
0.0
0
0
0.0
0.0
0
0
0.0
0.666666666667
0.3
0.384615384615
0.0625
0.0
0.0
0.0
0.0
0.0
0.0
0.0
0.0
0.0
0.333333333333
0.0
0.0
0.0
0
0.0
0.0
0.0
0.0
0.0
0.0
0.2
0.75
0.307692307692
0.25
0.0
0.0
0.0
0.0
0.0
0.0
0.0
0.0
0.0
0.0
0.0
0.0
0.0
0
0.0
0.0
0
0.0
0.0
0.5
0.2
0.545454545455
0.454545454545
0.0
0.0
0.0
0.2
0.0
0.0
0.0
0.0
0.0
0.0
0.0
0.5
0.0
0.0
0
0
0
0
0
0.0
0.5
0.166666666667
0.0
0.0
0.0
0.2
0.0909090909091
0.0
0.0
0.125
0.0
0.0
0.0
0.0
0.0
0.285714285714
0.0
0.0
0.0
0.0
0
0.0
0
0.0
0.0
0.4
0.75
0.333333333333
0.0
0.0
0.222222222222
0.0
0.0
0.0
0.0
0.0
0.0
0.0
0.0
0.333333333333
0.0
0.0
0.0
0.0
0.0
0
0.0
0
0.0
0.0
0.25
0.0
0.0
0.0
0.0
0.0
0.0
0.333333333333
0.0
0.0
0.0
0
0.0
0.0
0.0
0.5
0.25
0
0
0
0
0
0
0.0
0.5
0.0
0.0
0.625
0.0
0.0
0.0
0.0
0.0
0.0
0.0
0.333333333333
0
0.0
0.333333333333
0.0
0.0
0.0
0
0
0
0.0
0.75
0.333333333333
0.333333333333
0.0
0.0
0.0
0.0
0.111111111111
0.0
0.0909090909091
0.0
0.0
0.0625
0.0
0.0
0.0
0.0
0.0
0.0
0.0
0.0
0.0
0
0
0.0
1.0
0.357142857143
0.266666666667
0.0
0.0
0.136363636364
0.0
0.0952380952381
0.0
0.0
0.0
0.0
0.0
0.0
0.0
0.0
0.0
0.0
0
0
0.0
0
0
0.571428571429
0.7
0.0769230769231
0.0
0.0625
0.0
0.047619047619
0.0
0.0
0.0
0.0
0.0
0.0
0.0
0.0
0.0
0.0
0.0
0.0
0.0
0
0
0
0.0
0.0
0.4
0.428571428571
0.0
0.0
0.0
0.0
0.0
0.0
0.0
0.0
0.0
0.0
0.0
0.0625
0.0
0.0
0.0
0.0
0.0
0.0
0.0
0.0
1.0
0.0
0.375
0.736842105263
0.0
0.0
0.0
0.0344827586207
0.0
0.0
0.0
0.0
0.0
0.0
0.0
0.0
0.0
0.0
0.0
0.0
0
0.0
0
0.0
0
0.0
0.5
0.857142857143
0.0
0.0
0.0
0.25
0.0
0.0
0.166666666667
0.0
0.0
0.0
0.333333333333
0.0
0.0
0.0
0.0
0
0.0
0
0
0
0
0
0.0
0.666666666667
0.25
0
0.0
0.4
0.75
0.333333333333
0.0
0.0
0.0
0.0
0.0
0
0.0
0.0
0.0
0.0
0.0
0.0
0
0.0
0.0
0
0.0
0.25
0.0
0.8
0.142857142857
0.125
0.2
0.0
0.0
0.2
0.0
0.0
0.0
0.0
0.0
0.0
0.0
0.0
0.0
0.0
0.0
0
0.0
0.25
0.761904761905
0.230769230769
0.0
0.0
0.0
0.157894736842
0.0
0.0
0.0
0.0
0.0
0.0
0.0
0.0526315789474
0.0
0.0
0.0
0.0
0.0
0.0
0
0
0.0
0.666666666667
0.625
0.545454545455
0.15
0.25
0.15625
0.04
0.0
0.0
0.0
0.0
0.0344827586207
0.0
0.0
0.0
0.0
0.0
0.0
0.0
0.0
0.0
0.0
0
0.0
0.5
0.4
0.676470588235
0.16
0.0344827586207
0.0
0.0
0.0
0.0
0.0
0.0
0.0
0.0
0.0
0.0
0.133333333333
0.0
0.0
0.0
0.0
0.0
0
0.0
0.0
0.0
0.0
0.166666666667
0.285714285714
0.0
0.0
0.037037037037
0.1
0.0
0.0
0.0
0.0
0.0
0.0
0.0
0.0
0.0
0.0
0.0
0.0
0
0
0.0
0
0.333333333333
0.75
0.666666666667
0.166666666667
0.153846153846
0.0
0.0
0.1
0.0
0.0
0.0
0.0
0.0
0.0
0.294117647059
0.0
0.0
0.0
0.0
0.0
0.0
0
0
0
0.0
0.5
0.25
0.428571428571
0.0
0.0
0.0
0.0
0.0
0.0
0.0
0.0
0.0
0.263157894737
0.1
0.111111111111
0.0
0.0
0.0
0.0
0.0
0.0
0
0.0
0.5
0.285714285714
0.0909090909091
0.133333333333
0.0
0.0
0.15
0.05
0.0
0.0
0.0
0.0
0.0
0.0
0.0
0.0
0.0
0.0
0.0
0.0
0.0
0.0
0
0.666666666667
0.25
0.5
0.48
0.4
0.0
0.0
0.0
0.0
0.0
0.0
0.0
0.0
0.0
0.0
0.0
0.111111111111
0.0
0.0
0.0
0
0
0.0
0.5
0.0
0.2
0.454545454545
0.411764705882
0.2
0.0
0.0
0.255319148936
0.0
0.0
0.0
0.0
0.0
0.0714285714286
0.0
0.0
0.0
0.0
0.0
0.0
0.0
0.0
0.0
0
0.333333333333
0.625
0.709677419355
0.354838709677
0.0
0.0
0.0
0.0
0.0416666666667
0.0454545454545
0.0
0.0
0.0
0.0
0.0
0.0
0.0
0.0
0.0
0.0
0.0
0.0
0.0
0.0
0.0
0.333333333333
0.76
0.4
0.0
0.03125
0.0
0.0
0.047619047619
0.0
0.0
0.0
0.0
0.0
0.0
0.0909090909091
0.0909090909091
0.0
0
0.0
0.0
0.0
0
0
0.333333333333
0.4
0.25
0.285714285714
0.0
0.222222222222
0.111111111111
0.0
0.0
0.0
0.0
0.0
0.0
0.0
0.125
0.0
0.0
0.0
0.0
0.0
0
0
0
0
0.0
0.0
0.333333333333
0.428571428571
0.0
0.142857142857
0.0
0.1875
0.25
0.0
0.0714285714286
0.0
0.0
0.2
0.285714285714
0.388888888889
0.0
0.0
0.0
0.0
0.0
0.0
0.0
0.0
1.0
0.909090909091
0.642857142857
0.263157894737
0.0
0.05
0.0
0.107142857143
0.0769230769231
0.0
0.0645161290323
0.0357142857143
0.0
0.0
0.0833333333333
0.0
0.0
0.0
0.0
0.0
0.0
0.0
0.0
0.0
0.0
0.666666666667
0.567567567568
0.166666666667
0.0
0.0
0.0
0.0
0.0
0.0
0.0
0.0
0.0952380952381
0.0
0.117647058824
0.0
0.0
0.0
0.0
0.0
0
0
0
0.5
0.0
0.555555555556
0.767441860465
0.0
0.0
0.0
0.0625
0.259259259259
0.0333333333333
0.0
0.0
0.0
0.0
0.0
0.15
0.037037037037
0.0
0.0
0.0
0.0
0.0
0.0
0
0
0
0.75
1.0
0.578947368421
0.0
0.0
0.0
0.0
0.125
0.0833333333333
0.0588235294118
0.0
0.0
0.0
0.0833333333333
0.0
0.117647058824
0.0
0.0
0.0
0.0
0
0
0
0.0
0.888888888889
0.933333333333
0.392857142857
0.0714285714286
0.0
0.047619047619
0.34375
0.0
0.0
0.0
0.0
0.0
0.0
0.0
0.0
0.0
0.0
0.0
0.0
0.0
0
0
0.0
0.0
0.0
0.25
1.0
0.461538461538
0.357142857143
0.0
0.0
0.0588235294118
0.0769230769231
0.0
0.0
0.0
0.0
0.0
0.285714285714
0.0
0.0
0.0
0.0
0.0
0
0.0
0.0
0.0
0.0
0.333333333333
0.125
0.0
0.0
0.142857142857
0.0
0.0833333333333
0.0
0.047619047619
0.181818181818
0.0
0.0
0.0
0.173913043478
0.473684210526
0.0
0.0
0.0
0.0
0.0
0.0
0.0
0.0
0.75
0.153846153846
0.133333333333
0.0
0.0
0.0
0.382352941176
0.157894736842
0.0
0.0
0.0
0.0
0.0
0.0
0.04
0.0
0.0
0.0
0.0
0.0
0
0.0
0
0.0
0.833333333333
0.222222222222
0.352941176471
0.375
0.0
0.0
0.0
0.0
0.0
0.0
0.0
0.0
0.0
0.0
0.0
0.0
0.0
0.0
0.0
0.0
0.0
0.0
0.0
0.0
0.0
0.1
0.125
0.0588235294118
0.0833333333333
0.0
0.0
0.137931034483
0.0
0.0
0.0
0.0
0.0
0.05
0.0666666666667
0.0
0.0
0.0
0.0
0.0
0
0
0.0
0.666666666667
0.0
0.2
0.4
0.0555555555556
0.117647058824
0.0
0.0789473684211
0.264705882353
0.0
0.0
0.0
0.0
0.125
0.0
0.0625
0.0
0.0
0.0
0
0.0
0.0
0.0
0.4
0.0
0.0
0.111111111111
0.235294117647
0.461538461538
0.0
0.0
0.333333333333
0.0344827586207
0.0
0.0
0.0
0.0
0.0
0.0
0.0
0.0
0.0
0.0
0.0
0.0
0
0.0
0
0.0
0.0
0.0
0.166666666667
0.25
0.0
0.0
0.0
0.0
0.0
0.0
0.166666666667
0.166666666667
0.0
0.5
0.0909090909091
0.0
0.0
0.0
0
0.0
0.0
0
0
0.0
0.0
0.0
0
0.571428571429
0.785714285714
0.0
0.0
0.0
0.0
0.0
0.0
0.0
0.0909090909091
0.115384615385
0.1
0.0
0.0
0.0
0.0
0.0
0.333333333333
0.0
0.0
0.0
0.25
0.461538461538
0.263157894737
0.0
0.0
0.0
0.0
0.0
0.0
0.0
0.0
0.0
0.0
0.0
0.0
0.0
0.0
0.0
0.0
0.0
0.0
0.0
1.0
0.4
0.5
0.0
0.466666666667
0.357142857143
0.125
0.0
0.0
0.0714285714286
0.5
0.363636363636
0.0
0.0
0.0
0.0
0.375
0.0
0.0
0.0
0.0
0.0
0.0
0.0
0.0
0.0
1.0
0.428571428571
0.6
0.1875
0.0
0.0
0.0384615384615
0.0526315789474
0.0
0.0
0.0
0.0
0.0
0.0
0.0
0.285714285714
0.0
0.0
0.0
0
0.0
0.0
0.0
0
0.0
0.222222222222
0.0769230769231
0.0
0.0
0.0
0.0
0.25
0.0
0.0
0.0
0.0
0.0
0.111111111111
0.0
0.0
0.0
0.5
0.5
0
0
0
0
0.0
0.0
0.625
0.181818181818
0.4
0.0
0.0
0.2
0.0952380952381
0.0
0.0
0.0
0.0
0.0
0.0
0.142857142857
0.2
0.0
0.0
0
0
0.0
0
0.0
0.5
0.0
0
0.0
0.166666666667
0.166666666667
0.0
0.0
0.0
0.0
0.0
0.4
0.0
0.0
0.0
0.0
0.0
0.0
0.0
0.0
0
0
0
0
0
0.5
0.0
1.0
0.333333333333
0.0
0.0
0.0
0.0
0.0
0.0
0.0
0.0
0.0
0.0
0.0
0.125
0.0
0.0
0.0
0.0
0.0
0
0
0.5
1.0
0.583333333333
0.208333333333
0.0
0.0
0.0
0.2
0.333333333333
0.2
0.0
0.0
0.0
0.111111111111
0.047619047619
0.0
0.0
0.0
0.0
0.0
