0.0318559556787
0.0148725212465
0.010101010101
0.0134281200632
0.038180341186
0.0298076923077
0.0287443267776
0.0101918465228
0.00925373134328
0.00414579374676
0.00691138074029
0.00267304445695
0.00847739361702
0.00921234454169
0.0105288346494
0.00958174904943
0.00596700596701
0.00888494002665
0.023450048185
0.0228626320845
0.0103075644223
0.0420235546039
0.0214891611687
0.0389238694906
0.111645813282
0.157407407407
0.13184079602
0.0645161290323
0.051993067591
0.0414432989691
0.0398712233779
0.0418019480519
0.044
0.0455512984249
0.0573811931244
0.0656167979003
0.0548638132296
0.0431432973806
0.0651544401544
0.0741515574152
0.080971659919
0.0791132804556
0.0685460513613
0.0835480309165
0.0923226433431
0.0885286783042
0.0779527559055
0.0793103448276
0.0996015936255
0.113579000505
0.0669546436285
0.124218051832
