0.0318559556787
0.0134560906516
0.00589225589226
0.0126382306477
0.0357432981316
0.0230769230769
0.0272314674735
0.0101918465228
0.00925373134328
0.00293660390396
0.00583627706957
0.00225098480585
0.00831117021277
0.00898203592814
0.00933237616655
0.0104942965779
0.00614250614251
0.00910706352732
0.0200770960488
0.0217098943324
0.00864505403159
0.0390792291221
0.0190386427898
0.0366342301088
0.105871029836
0.157407407407
0.139303482587
0.0557184750733
0.0485268630849
0.0336082474227
0.0381376919267
0.0413961038961
0.0383529411765
0.041932737335
0.0525783619818
0.0603674540682
0.0496108949416
0.0360994937266
0.058638996139
0.0671780567178
0.0771479982006
0.0724018710596
0.0598571152732
0.0702981229297
0.0874635568513
0.0860349127182
0.0748031496063
0.0787356321839
0.0941235059761
0.106511862696
0.0707343412527
0.117068811439
