0.0277008310249
0.0184135977337
0.0126262626263
0.019747235387
0.0454914703493
0.0336538461538
0.0287443267776
0.0101918465228
0.00805970149254
0.00552772499568
0.00721855321763
0.00182892515476
0.00880984042553
0.0128972823584
0.0122038765255
0.0101901140684
0.00947700947701
0.011328298534
0.0237712817218
0.0249759846302
0.012136325852
0.0409528907923
0.0295947219604
0.0463651974814
0.121270452358
0.126543209877
0.114427860697
0.0639296187683
0.0529834117356
0.0465979381443
0.0453194650817
0.0458603896104
0.0461176470588
0.0493827160494
0.0629423660263
0.0734908136483
0.061673151751
0.049526744442
0.0704633204633
0.0799628079963
0.087044534413
0.0844010575554
0.0741455879513
0.0931174089069
0.0806608357629
0.0922693266833
0.0771653543307
0.0827586206897
0.107569721116
0.117617364967
0.0728941684665
0.132260947274
