0.0304709141274
0.0106232294618
0.00925925925926
0.00947867298578
0.0324939073924
0.0153846153846
0.0272314674735
0.0107913669065
0.00805970149254
0.00259112109173
0.00414682844417
0.00140686550366
0.00698138297872
0.00783049286043
0.00693945920077
0.00730038022814
0.003861003861
0.00844069302532
0.0202377128172
0.0178674351585
0.00631753948462
0.0310492505353
0.0107445805844
0.0286204922725
0.102021174206
0.145061728395
0.136815920398
0.0486803519062
0.0381282495667
0.0255670103093
0.0302129767211
0.0346996753247
0.0312941176471
0.0334184759472
0.0379170879676
0.0511811023622
0.0406614785992
0.0228923618754
0.046332046332
0.0550906555091
0.0580296896086
0.0604026845638
0.0457617300637
0.0592565329407
0.0709426627794
0.0872817955112
0.0716535433071
0.0672413793103
0.0766932270916
0.092882382635
0.0507559395248
0.118856121537
