0.0373961218837
0.109773371105
0.110269360269
0.0900473933649
0.107229894395
0.111538461538
0.0423600605144
0.0149880095923
0.0259701492537
0.0514769390223
0.0383965596683
0.0233539673607
0.0724734042553
0.0608014739751
0.106245513281
0.103422053232
0.0900315900316
0.0795202132386
0.115644073241
0.112776176753
0.0942643391521
0.13891862955
0.144580584354
0.0612478534631
0.0808469682387
0.0246913580247
0.0273631840796
0.0938416422287
0.122059915821
0.130515463918
0.103268945022
0.0949675324675
0.121647058824
0.138356747552
0.173154701719
0.141294838145
0.195525291829
0.186880915694
0.192808880309
0.171548117155
0.21232568601
0.207850315233
0.195790693184
0.185130658815
0.0991253644315
0.10349127182
0.0897637795276
0.124712643678
0.16235059761
0.157496214033
0.147408207343
0.167113494191
