0.0318559556787
0.0106232294618
0.013468013468
0.0134281200632
0.0316815597076
0.0173076923077
0.0211800302572
0.0107913669065
0.0089552238806
0.00362756952842
0.00506834587621
0.00225098480585
0.00864361702128
0.00898203592814
0.0076573342905
0.00821292775665
0.00544050544051
0.00799644602399
0.0216832637327
0.0195965417867
0.00731504571904
0.0326552462527
0.0143261074458
0.0297653119634
0.104908565929
0.148148148148
0.1592039801
0.0574780058651
0.0445654865066
0.0263917525773
0.031451213472
0.0357142857143
0.0341176470588
0.0372498935717
0.0472699696663
0.0551181102362
0.043579766537
0.0283953334801
0.0521235521236
0.0599721059972
0.0656770130454
0.0634533251983
0.0488511295617
0.0607287449393
0.0845481049563
0.0872817955112
0.0740157480315
0.0724137931034
0.0856573705179
0.102473498233
0.0610151187905
0.11617515639
