0.0207756232687
0.0304532577904
0.016835016835
0.0276461295419
0.0503655564582
0.0326923076923
0.018154311649
0.00599520383693
0.00716417910448
0.00483675937122
0.00675779450161
0.000844119302195
0.00714760638298
0.00944265315523
0.0160325436707
0.0106463878327
0.0121095121095
0.014660151044
0.0224863475747
0.0293948126801
0.0146300914381
0.0570128479657
0.0456173421301
0.0400686891815
0.0818094321463
0.0524691358025
0.0572139303483
0.0568914956012
0.0628868531815
0.059381443299
0.0552253590887
0.0541801948052
0.0512941176471
0.0600255427842
0.0821536905966
0.0748031496063
0.0842412451362
0.0746202949593
0.0914575289575
0.0997210599721
0.11853351327
0.11307707952
0.108515157366
0.118513065881
0.0826044703596
0.0785536159601
0.0677165354331
0.0793103448276
0.125
0.134275618375
0.079373650108
0.131367292225
