0.016620498615
0.0304532577904
0.0176767676768
0.0284360189573
0.051177904143
0.0336538461538
0.0136157337368
0.00599520383693
0.00716417910448
0.00518224218345
0.00629703578559
0.000844119302195
0.00764627659574
0.00921234454169
0.0177075855468
0.0114068441065
0.012636012636
0.013993780542
0.0240925152586
0.028818443804
0.0136325852037
0.0604925053533
0.0458058435438
0.039496279336
0.0837343599615
0.0524691358025
0.0522388059701
0.0563049853372
0.0636296112899
0.059381443299
0.0549777117385
0.0551948051948
0.0524705882353
0.0621541081311
0.0856926188069
0.0752405949256
0.0842412451362
0.076601364737
0.0938706563707
0.0994886099489
0.122357174989
0.117958104535
0.108515157366
0.118145012882
0.0816326530612
0.0760598503741
0.0685039370079
0.082183908046
0.125
0.134780413932
0.0804535637149
0.131367292225
