0.0277008310249
0.021954674221
0.0159932659933
0.0221169036335
0.0479285134037
0.0307692307692
0.0136157337368
0.0083932853717
0.00746268656716
0.00587320780791
0.00814007064967
0.00182892515476
0.0101396276596
0.0122063565177
0.015314668581
0.011102661597
0.012285012285
0.0142159040426
0.0258592997109
0.0272814601345
0.0131338320865
0.0452355460385
0.036192271442
0.0429307384087
0.113570741097
0.12037037037
0.0970149253731
0.0651026392962
0.0594206486754
0.0525773195876
0.0495294700347
0.0503246753247
0.0489411764706
0.0568326947637
0.0710313447927
0.0734908136483
0.0692607003891
0.0559101915034
0.0808397683398
0.0941422594142
0.098065677013
0.0953833638397
0.0899787603785
0.104158998896
0.0855199222546
0.0960099750623
0.0755905511811
0.0873563218391
0.10906374502
0.129227662797
0.0739740820734
0.133154602324
