0.0304709141274
0.0162889518414
0.0151515151515
0.019747235387
0.0454914703493
0.0288461538462
0.0272314674735
0.0113908872902
0.00925373134328
0.00431853515288
0.00721855321763
0.00182892515476
0.00897606382979
0.00967296176877
0.0117252931323
0.00973384030418
0.00772200772201
0.011994669036
0.0228075811115
0.0234390009606
0.0111388196176
0.0422912205567
0.0280867106503
0.0452203777905
0.12030798845
0.135802469136
0.111940298507
0.0651026392962
0.053726169844
0.0457731958763
0.0438335809807
0.0466720779221
0.0475294117647
0.0493827160494
0.0583923154702
0.0678040244969
0.0581712062257
0.0497468633062
0.0707046332046
0.0790330079033
0.0854700854701
0.082774049217
0.0754972002317
0.0909090909091
0.0855199222546
0.0897755610973
0.0803149606299
0.0810344827586
0.103087649402
0.117617364967
0.0696544276458
0.125111706881
