0.00692520775623
0.0325779036827
0.016835016835
0.0276461295419
0.0536149471974
0.0461538461538
0.00605143721634
0.00359712230216
0.00537313432836
0.00794610468129
0.00829365688834
0.00126617895329
0.00581781914894
0.0112851220636
0.0196219191194
0.013536121673
0.01404001404
0.0204353620613
0.0335689045936
0.035734870317
0.0151288445553
0.0698608137045
0.0620169651272
0.0309101316543
0.0721847930703
0.0277777777778
0.0199004975124
0.0563049853372
0.0666006437237
0.0641237113402
0.0616641901932
0.0618912337662
0.0637647058824
0.0759897828863
0.104651162791
0.0844269466317
0.106614785992
0.0944309927361
0.1138996139
0.116457461646
0.145074224022
0.140736221273
0.132264916007
0.133603238866
0.0855199222546
0.073566084788
0.0653543307087
0.0925287356322
0.126494023904
0.135790005048
0.0928725701944
0.126899016979
