0.0332409972299
0.0106232294618
0.0159932659933
0.0118483412322
0.0333062550772
0.0240384615385
0.0272314674735
0.0101918465228
0.00985074626866
0.0034548281223
0.00552910459223
0.00211029825549
0.00797872340426
0.00829111008752
0.00909308446997
0.00958174904943
0.004914004914
0.00844069302532
0.0216832637327
0.019404418828
0.00864505403159
0.0380085653105
0.0148916116871
0.0314825414997
0.107795957652
0.148148148148
0.151741293532
0.0557184750733
0.0487744491211
0.0325773195876
0.0349182763744
0.0387581168831
0.0383529411765
0.0412941677309
0.0495449949444
0.0581802274716
0.0472762645914
0.0345586616773
0.0559845559846
0.0639237563924
0.0733243364822
0.0693512304251
0.0556091909635
0.0688259109312
0.0845481049563
0.0810473815461
0.0748031496063
0.0787356321839
0.0886454183267
0.107016658253
0.0583153347732
0.114387846291
