0.0346260387812
0.0205382436261
0.0109427609428
0.0157977883096
0.0479285134037
0.0288461538462
0.0242057488654
0.0083932853717
0.00835820895522
0.00535498358957
0.00829365688834
0.00253235790658
0.0093085106383
0.0112851220636
0.0138789184015
0.011102661597
0.0100035100035
0.0111061750333
0.0250562158689
0.0245917387128
0.0116375727348
0.0438972162741
0.0331762488219
0.0463651974814
0.123195380173
0.154320987654
0.126865671642
0.0651026392962
0.0552116860609
0.0496907216495
0.0448241703814
0.0456574675325
0.0470588235294
0.0530012771392
0.0657229524772
0.075678040245
0.0649805447471
0.0552498349109
0.0723938223938
0.0855416085542
0.0919928025191
0.0876550742323
0.0822552616335
0.0975340449025
0.0816326530612
0.0947630922693
0.0763779527559
0.082183908046
0.106573705179
0.119131751641
0.0701943844492
0.125111706881
