0.0304709141274
0.0262039660057
0.0210437710438
0.0236966824645
0.051177904143
0.0269230769231
0.0151285930408
0.00599520383693
0.00716417910448
0.00535498358957
0.00844724312702
0.00140686550366
0.00797872340426
0.00852141870106
0.016989710457
0.0109505703422
0.013689013689
0.0131052865393
0.0258592997109
0.0303554274736
0.0136325852037
0.0508565310493
0.0424128180961
0.0532341156268
0.113570741097
0.0987654320988
0.0945273631841
0.0645161290323
0.0614013369646
0.0550515463918
0.0529965329371
0.0523538961039
0.0503529411765
0.0589612601107
0.0783619817998
0.0752405949256
0.075486381323
0.0642747083425
0.0834942084942
0.0960018596002
0.109311740891
0.102094773236
0.0996331338096
0.117408906883
0.0932944606414
0.0997506234414
0.0732283464567
0.0873563218391
0.122011952191
0.136799596164
0.0766738660907
0.134941912422
