0.0207756232687
0.0269121813031
0.0218855218855
0.0284360189573
0.051177904143
0.0336538461538
0.0196671709531
0.00539568345324
0.00776119402985
0.00535498358957
0.00767931193365
0.000703432751829
0.00764627659574
0.00921234454169
0.0172290021536
0.0106463878327
0.014742014742
0.0142159040426
0.0253774494057
0.0305475504323
0.0141313383209
0.0532655246253
0.0433553251649
0.044647967945
0.0923965351299
0.0617283950617
0.0646766169154
0.0598240469208
0.0628868531815
0.0581443298969
0.0539871223378
0.0549918831169
0.0515294117647
0.0593869731801
0.0813953488372
0.0734908136483
0.0805447470817
0.0706581554039
0.0892857142857
0.0990237099024
0.11853351327
0.108399430547
0.103301795713
0.114096429886
0.0884353741497
0.0947630922693
0.0708661417323
0.0867816091954
0.123505976096
0.136799596164
0.0777537796976
0.135835567471
