0.0249307479224
0.0247875354108
0.016835016835
0.0181674565561
0.0479285134037
0.0288461538462
0.0166414523449
0.0089928057554
0.00805970149254
0.00535498358957
0.00860082936569
0.00182892515476
0.00847739361702
0.00921234454169
0.0160325436707
0.0109505703422
0.0121095121095
0.011328298534
0.0253774494057
0.0286263208453
0.0146300914381
0.0527301927195
0.0395852968897
0.0520892959359
0.115495668912
0.117283950617
0.106965174129
0.0627565982405
0.058677890567
0.0534020618557
0.0495294700347
0.0511363636364
0.0484705882353
0.0568326947637
0.0743174924166
0.076990376203
0.0739299610895
0.0607528065155
0.0815637065637
0.0960018596002
0.102789023842
0.0994508846858
0.0926819849392
0.104158998896
0.0835762876579
0.0972568578554
0.0740157480315
0.0879310344828
0.114541832669
0.128218071681
0.0772138228942
0.134941912422
