0.0332409972299
0.028328611898
0.0210437710438
0.0236966824645
0.0487408610885
0.0259615384615
0.0166414523449
0.00599520383693
0.00746268656716
0.00621869062014
0.00829365688834
0.00168823860439
0.00880984042553
0.00990327038231
0.0157932519742
0.0118631178707
0.0131625131625
0.011328298534
0.0261805332477
0.0293948126801
0.0124688279302
0.0484475374732
0.039396795476
0.0532341156268
0.114533205005
0.104938271605
0.092039800995
0.0651026392962
0.0609061648923
0.0542268041237
0.0515106488361
0.0501217532468
0.0496470588235
0.0583226905066
0.0763397371082
0.0752405949256
0.0756809338521
0.0655954215276
0.0847007722008
0.0932124593212
0.107737291948
0.100874516982
0.100405483684
0.107103422893
0.0874635568513
0.100997506234
0.0748031496063
0.0867816091954
0.121015936255
0.134780413932
0.0777537796976
0.13672922252
