0.0304709141274
0.0148725212465
0.00925925925926
0.0134281200632
0.0471161657189
0.0278846153846
0.0242057488654
0.0113908872902
0.00865671641791
0.00535498358957
0.00721855321763
0.00239167135622
0.00914228723404
0.0108245048365
0.0122038765255
0.00958174904943
0.00772200772201
0.0117725455353
0.0245743655638
0.0236311239193
0.0108063175395
0.0436295503212
0.026013195099
0.0452203777905
0.12030798845
0.135802469136
0.121890547264
0.0645161290323
0.0517454815548
0.0441237113402
0.0406141654284
0.044237012987
0.0451764705882
0.0495955725841
0.0591506572295
0.0686789151356
0.0568093385214
0.0475456746643
0.0682915057915
0.0771734077173
0.0838956365272
0.0805369127517
0.0751110252945
0.0861244019139
0.0855199222546
0.0897755610973
0.0795275590551
0.0804597701149
0.0996015936255
0.114083796063
0.0701943844492
0.129579982127
