0.0304709141274
0.0113314447592
0.00925925925926
0.0142180094787
0.0349309504468
0.0278846153846
0.0287443267776
0.0101918465228
0.00925373134328
0.00328208671619
0.00598986330825
0.00225098480585
0.0093085106383
0.00967296176877
0.0098109595597
0.00912547528517
0.00579150579151
0.00910706352732
0.0220044972695
0.0219020172911
0.00914380714879
0.0404175588865
0.0201696512724
0.0400686891815
0.110683349374
0.16049382716
0.139303482587
0.0609970674487
0.0482792770488
0.039381443299
0.0423476968796
0.0428165584416
0.0414117647059
0.0457641549596
0.0546006066734
0.0612423447069
0.0529182879377
0.0409421087387
0.0627413127413
0.0736866573687
0.0766981556455
0.0758592637787
0.0648773894574
0.085020242915
0.0903790087464
0.0872817955112
0.0795275590551
0.0816091954023
0.0941235059761
0.108531044927
0.0631749460043
0.120643431635
