0
0
0
0
0
0
0
0
0
0
0
0
0
0
0
0
0
0
0
0
0
0
0
0
0
0
0
0
0
0
0
0
0
0
0
0
0
0
0
0
0
0
0
0
0
0
0
0.104166666666667
0.0833333333333333
0.0833333333333333
0.0833333333333333
0.0833333333333333
0.0625
0.0416666666666667
0.0416666666666667
0.0416666666666667
0.0416666666666667
0.0416666666666667
0.0416666666666667
0.0416666666666667
0.0208333333333333
0.0208333333333333
0.0208333333333333
0.0208333333333333
0.0208333333333333
0.0208333333333333
0.0208333333333333
0.0416666666666667
0.0416666666666667
0.0416666666666667
0.0416666666666667
0.0416666666666667
0.0416666666666667
0.0416666666666667
0.0416666666666667
0.0416666666666667
0.0416666666666667
0.0416666666666667
0.0416666666666667
0.0416666666666667
0.0416666666666667
0.0208333333333333
0.0208333333333333
0.0208333333333333
0.0208333333333333
0.0208333333333333
0.0208333333333333
0.0208333333333333
0.0208333333333333
0.0208333333333333
0.0208333333333333
0.0208333333333333
0.0208333333333333
0.0416666666666667
0.0416666666666667
0.0416666666666667
0.0416666666666667
0.0625
0.0625
0.0625
0.0833333333333333
0.0833333333333333
0.0833333333333333
0.0833333333333333
0.0833333333333333
0.0833333333333333
0.0833333333333333
0.0833333333333333
0.0833333333333333
0.0833333333333333
0.0833333333333333
0.0833333333333333
0.0833333333333333
0.104166666666667
0.125
0.104166666666667
0.104166666666667
0.104166666666667
0.104166666666667
0.104166666666667
0.125
0.125
0.125
0.125
0.125
0.125
0.125
0.145833333333333
0.166666666666667
0.166666666666667
0.166666666666667
0.166666666666667
0.166666666666667
0.166666666666667
0.166666666666667
0.166666666666667
0.166666666666667
0.166666666666667
0.166666666666667
0.166666666666667
0.166666666666667
0.166666666666667
0.166666666666667
0.166666666666667
0.166666666666667
0.145833333333333
0.166666666666667
0.166666666666667
0.145833333333333
0.145833333333333
0.145833333333333
0.166666666666667
0.166666666666667
0.1875
0.1875
0.208333333333333
0.208333333333333
0.208333333333333
0.208333333333333
0.208333333333333
0.208333333333333
0.1875
0.166666666666667
0.166666666666667
0.1875
0.229166666666667
0.229166666666667
0.25
0.270833333333333
0.270833333333333
0.270833333333333
0.270833333333333
0.291666666666667
0.291666666666667
0.3125
0.291666666666667
0.270833333333333
0.291666666666667
0.291666666666667
0.291666666666667
0.291666666666667
0.291666666666667
0.291666666666667
0.291666666666667
0.291666666666667
0.291666666666667
0.291666666666667
0.291666666666667
0.291666666666667
0.270833333333333
0.270833333333333
0.270833333333333
0.270833333333333
0.291666666666667
0.270833333333333
0.270833333333333
0.270833333333333
0.291666666666667
0.291666666666667
0.270833333333333
0.270833333333333
0.25
0.270833333333333
0.25
0.25
0.25
0.25
0.25
0.25
0.25
0.25
0.25
0.229166666666667
0.208333333333333
0.208333333333333
0.1875
0.145833333333333
0.145833333333333
0.145833333333333
0.145833333333333
0.125
0.125
0.104166666666667
0.104166666666667
0.104166666666667
0.0833333333333333
0.0833333333333333
0.0833333333333333
0.0833333333333333
0.0833333333333333
0.0833333333333333
0.104166666666667
0.104166666666667
0.104166666666667
0.104166666666667
0.104166666666667
0.125
0.125
0.125
0.125
0.145833333333333
0.125
0.125
0.145833333333333
0.166666666666667
0.145833333333333
0.145833333333333
0.145833333333333
0.145833333333333
0.145833333333333
0.125
0.125
0.125
0.125
0.125
0.125
0.145833333333333
0.166666666666667
0.166666666666667
0.166666666666667
0.166666666666667
0.145833333333333
0.145833333333333
0.145833333333333
0.145833333333333
0.145833333333333
0.145833333333333
0.145833333333333
0.145833333333333
0.145833333333333
0.145833333333333
0.145833333333333
0.145833333333333
0.145833333333333
0.145833333333333
0.145833333333333
0.145833333333333
0.145833333333333
0.145833333333333
0.125
0.125
0.125
0.125
0.125
0.104166666666667
0.104166666666667
0.104166666666667
0.104166666666667
0.0833333333333333
0.0833333333333333
0.0833333333333333
0.0833333333333333
0.0625
0.0625
0.0625
0.0625
0.0625
0.0625
0.0625
0.0625
0.0625
0.0625
0.0625
0.0625
0.0416666666666667
0.0208333333333333
0.0208333333333333
0.0208333333333333
0.0416666666666667
0.0416666666666667
0.0625
0.0625
0.0625
0.0625
0.0625
0.0625
0.0625
0.0625
0.0625
0.0625
0.0625
0.0625
0.0833333333333333
0.0833333333333333
0.0833333333333333
0.0833333333333333
0.0833333333333333
0.0833333333333333
0.0833333333333333
0.0833333333333333
0.0833333333333333
0.0833333333333333
0.0833333333333333
0.0833333333333333
0.0833333333333333
0.0833333333333333
0.0833333333333333
0.0833333333333333
0.104166666666667
0.0833333333333333
0.0833333333333333
0.0833333333333333
0.0833333333333333
0.0833333333333333
0.0833333333333333
0.0833333333333333
0.0833333333333333
0.0833333333333333
0.0833333333333333
0.0833333333333333
0.0833333333333333
0.0833333333333333
0.0833333333333333
0.0833333333333333
0.0833333333333333
0.104166666666667
0.0833333333333333
0.0833333333333333
0.0625
0.0625
0.0625
0.0625
0.0625
0.0625
0.0625
0.0625
0.0625
0.0625
0.0625
0.0625
0.0416666666666667
0.0416666666666667
0.0416666666666667
0.0416666666666667
0.0416666666666667
0.0416666666666667
0.0416666666666667
0.0416666666666667
0.0416666666666667
0.0416666666666667
0.0416666666666667
0.0416666666666667
0.0416666666666667
0.0416666666666667
0.0625
0.0625
0.0416666666666667
0.0416666666666667
0.0416666666666667
0.0416666666666667
0.0416666666666667
0.0416666666666667
0.0416666666666667
0.0416666666666667
0.0625
0.0625
0.0625
0.0625
0.0625
0.0625
0.0625
0.0625
0.0625
0.0416666666666667
0.0416666666666667
0.0625
0.0625
0.0625
0.0625
0.0625
0.0625
0.0625
0.0625
0.0625
0.0625
0.0625
0.0625
0.0625
0.0833333333333333
0.0833333333333333
0.0833333333333333
0.0833333333333333
0.104166666666667
0.104166666666667
0.104166666666667
0.104166666666667
0.125
0.125
0.145833333333333
0.145833333333333
0.145833333333333
0.145833333333333
0.145833333333333
0.145833333333333
0.166666666666667
0.1875
0.1875
0.1875
0.208333333333333
0.208333333333333
0.229166666666667
0.229166666666667
0.229166666666667
0.229166666666667
0.229166666666667
0.229166666666667
0.229166666666667
0.229166666666667
0.229166666666667
0.229166666666667
0.229166666666667
0.229166666666667
0.229166666666667
0.208333333333333
0.208333333333333
0.208333333333333
0.208333333333333
0.208333333333333
0.208333333333333
0.229166666666667
0.229166666666667
0.229166666666667
0.229166666666667
0.25
0.25
0.25
0.229166666666667
0.229166666666667
0.229166666666667
0.229166666666667
0.229166666666667
0.229166666666667
0.229166666666667
0.229166666666667
0.208333333333333
0.208333333333333
0.1875
0.208333333333333
0.208333333333333
0.208333333333333
0.1875
0.1875
0.166666666666667
0.145833333333333
0.145833333333333
0.145833333333333
0.125
0.145833333333333
0.125
0.145833333333333
0.125
0.125
0.125
0.125
0.125
0.125
0.125
0.125
0.125
0.125
0.145833333333333
0.145833333333333
0.145833333333333
0.145833333333333
0.145833333333333
0.145833333333333
0.166666666666667
0.166666666666667
0.166666666666667
0.166666666666667
0.1875
0.166666666666667
0.166666666666667
0.1875
0.208333333333333
0.229166666666667
0.25
0.270833333333333
0.25
0.25
0.291666666666667
0.291666666666667
0.291666666666667
0.291666666666667
0.291666666666667
0.270833333333333
0.270833333333333
0.270833333333333
0.270833333333333
0.270833333333333
0.270833333333333
0.270833333333333
0.270833333333333
0.270833333333333
0.270833333333333
0.25
0.25
0.229166666666667
0.229166666666667
0.229166666666667
0.229166666666667
0.229166666666667
0.229166666666667
0.229166666666667
0.229166666666667
0.25
0.270833333333333
0.270833333333333
0.25
0.25
0.25
0.25
0.25
0.25
0.229166666666667
0.208333333333333
0.208333333333333
0.208333333333333
0.1875
0.208333333333333
0.208333333333333
0.1875
0.166666666666667
0.145833333333333
0.125
0.104166666666667
0.104166666666667
0.104166666666667
0.0625
0.0833333333333333
0.0833333333333333
0.0833333333333333
0.0833333333333333
0.0833333333333333
0.0833333333333333
0.0833333333333333
0.0833333333333333
0.0833333333333333
0.0833333333333333
0.0833333333333333
0.0833333333333333
0.0833333333333333
0.0833333333333333
0.0833333333333333
0.0833333333333333
0.0833333333333333
0.0833333333333333
0.0833333333333333
0.0833333333333333
0.104166666666667
0.104166666666667
0.104166666666667
0.104166666666667
0.0833333333333333
0.0625
0.0625
0.0625
0.0625
0.0625
0.0625
0.0625
0.0625
0.0625
0.0625
0.0625
0.0625
0.0625
0.0416666666666667
0.0416666666666667
0.0416666666666667
0.0416666666666667
0.0416666666666667
0.0416666666666667
0.0416666666666667
0.0416666666666667
0.0416666666666667
0.0416666666666667
0.0208333333333333
0.0208333333333333
0.0208333333333333
0.0208333333333333
0.0208333333333333
0.0208333333333333
0.0208333333333333
0.0208333333333333
0.0208333333333333
0.0208333333333333
0.0208333333333333
0.0208333333333333
0.0208333333333333
0.0208333333333333
0.0208333333333333
0.0208333333333333
0.0208333333333333
0.0208333333333333
0.0208333333333333
0.0208333333333333
0
0
0
0
0
0
0
0
0
0
0
0
0
0
0
0
0
0
0
0
0
0
0
0
0
0
0
0
0
0
0
0
0
0
0
0
0
0
0
0
0
0
0
0
0
0
0
0
0
0
0
0
0
0.0208333333333333
0.0208333333333333
0.0208333333333333
0.0208333333333333
0.0208333333333333
0.0208333333333333
0.0208333333333333
0.0208333333333333
0.0208333333333333
0.0416666666666667
0.0416666666666667
0.0416666666666667
0.0416666666666667
0.0416666666666667
0.0625
0.0625
0.0625
0.0625
0.0625
0.0625
0.0625
0.0625
0.0833333333333333
0.0833333333333333
0.0833333333333333
0.0833333333333333
0.104166666666667
0.125
0.125
0.125
0.125
0.125
0.125
0.145833333333333
0.145833333333333
0.145833333333333
0.145833333333333
0.145833333333333
0.166666666666667
0.166666666666667
0.166666666666667
0.166666666666667
0.166666666666667
0.166666666666667
0.166666666666667
0.166666666666667
0.166666666666667
0.166666666666667
0.145833333333333
0.145833333333333
0.145833333333333
0.145833333333333
0.145833333333333
0.145833333333333
0.145833333333333
0.145833333333333
0.145833333333333
0.125
0.125
0.166666666666667
0.166666666666667
0.1875
0.166666666666667
0.166666666666667
0.166666666666667
0.166666666666667
0.166666666666667
0.166666666666667
0.166666666666667
0.1875
0.166666666666667
0.166666666666667
0.166666666666667
0.166666666666667
0.145833333333333
0.145833333333333
0.145833333333333
0.145833333333333
0.145833333333333
0.145833333333333
0.145833333333333
0.125
0.125
0.125
0.145833333333333
0.145833333333333
0.125
0.145833333333333
0.145833333333333
0.145833333333333
0.145833333333333
0.166666666666667
0.166666666666667
0.166666666666667
0.166666666666667
0.1875
0.1875
0.1875
0.1875
0.1875
0.208333333333333
0.208333333333333
0.208333333333333
0.208333333333333
0.229166666666667
0.229166666666667
0.25
0.208333333333333
0.208333333333333
0.1875
0.1875
0.1875
0.1875
0.208333333333333
0.229166666666667
0.229166666666667
0.229166666666667
0.208333333333333
0.208333333333333
0.208333333333333
0.208333333333333
0.208333333333333
0.229166666666667
0.229166666666667
0.229166666666667
0.229166666666667
0.229166666666667
0.229166666666667
0.229166666666667
0.25
0.25
0.25
0.229166666666667
0.229166666666667
0.229166666666667
0.208333333333333
0.208333333333333
0.208333333333333
0.229166666666667
0.208333333333333
0.208333333333333
0.208333333333333
0.208333333333333
0.1875
0.1875
0.1875
0.1875
0.1875
0.1875
0.1875
0.1875
0.1875
0.166666666666667
0.166666666666667
0.145833333333333
0.145833333333333
0.166666666666667
0.166666666666667
0.166666666666667
0.166666666666667
0.166666666666667
0.145833333333333
0.125
0.145833333333333
0.145833333333333
0.145833333333333
0.145833333333333
0.145833333333333
0.145833333333333
0.145833333333333
0.125
0.104166666666667
0.104166666666667
0.104166666666667
0.125
0.125
0.125
0.104166666666667
0.104166666666667
0.104166666666667
0.104166666666667
0.104166666666667
0.104166666666667
0.104166666666667
0.104166666666667
0.104166666666667
0.0833333333333333
0.0833333333333333
0.0833333333333333
0.0833333333333333
0.0833333333333333
0.0833333333333333
0.0833333333333333
0.104166666666667
0.104166666666667
0.104166666666667
0.0833333333333333
0.0833333333333333
0.0833333333333333
0.0833333333333333
0.104166666666667
0.104166666666667
0.104166666666667
0.104166666666667
0.0833333333333333
0.104166666666667
0.104166666666667
0.104166666666667
0.104166666666667
0.104166666666667
0.104166666666667
0.0833333333333333
0.0833333333333333
0.0833333333333333
0.0833333333333333
0.0833333333333333
0.0833333333333333
0.0833333333333333
0.0833333333333333
0.0833333333333333
0.0833333333333333
0.0833333333333333
0.0625
0.0625
0.0625
0.0625
0.0625
0.0625
0.0625
0.0625
0.0625
0.0625
0.0625
0.0625
0.0625
0.0625
0.0625
0.0625
0.0625
0.0625
0.0625
0.0416666666666667
0.0416666666666667
0.0416666666666667
0.0416666666666667
0.0416666666666667
0.0416666666666667
0.0416666666666667
0.0208333333333333
0.0208333333333333
0.0208333333333333
0.0208333333333333
0.0208333333333333
0
0
0
0
0
0
0
0
0
0
0
0
0
0
0
0
0
0
0
0
0
0
0.0208333333333333
0.0208333333333333
0.0208333333333333
0.0208333333333333
0.0208333333333333
0.0208333333333333
0.0416666666666667
0.0416666666666667
0.0416666666666667
0.0416666666666667
0.0416666666666667
0.0416666666666667
0.0416666666666667
0.0416666666666667
0.0416666666666667
0.0416666666666667
0.0416666666666667
0.0625
0.0833333333333333
0.104166666666667
0.104166666666667
0.104166666666667
0.104166666666667
0.104166666666667
0.104166666666667
0.104166666666667
0.104166666666667
0.125
0.125
0.125
0.125
0.125
0.166666666666667
0.166666666666667
0.1875
0.229166666666667
0.25
0.291666666666667
0.354166666666667
0.395833333333333
0.4375
0.458333333333333
0.458333333333333
0.458333333333333
0.458333333333333
0.458333333333333
0.458333333333333
0.458333333333333
0.4375
0.4375
0.4375
0.4375
0.4375
0.4375
0.416666666666667
0.416666666666667
0.458333333333333
0.479166666666667
0.5
0.5
0.5
0.520833333333333
0.541666666666667
0.583333333333333
0.625
0.645833333333333
0.625
0.645833333333333
0.666666666666667
0.666666666666667
0.708333333333333
0.75
0.75
0.75
0.770833333333333
0.75
0.75
0.770833333333333
0.770833333333333
0.770833333333333
0.729166666666667
0.729166666666667
0.708333333333333
0.666666666666667
0.645833333333333
0.604166666666667
0.541666666666667
0.520833333333333
0.479166666666667
0.479166666666667
0.5
0.520833333333333
0.520833333333333
0.520833333333333
0.541666666666667
0.541666666666667
0.541666666666667
0.541666666666667
0.541666666666667
0.541666666666667
0.541666666666667
0.541666666666667
0.5625
0.5625
0.541666666666667
0.520833333333333
0.5
0.5
0.520833333333333
0.520833333333333
0.5
0.458333333333333
0.416666666666667
0.375
0.375
0.333333333333333
0.333333333333333
0.333333333333333
0.291666666666667
0.25
0.25
0.25
0.25
0.25
0.25
0.229166666666667
0.229166666666667
0.229166666666667
0.229166666666667
0.229166666666667
0.229166666666667
0.229166666666667
0.229166666666667
0.229166666666667
0.229166666666667
0.208333333333333
0.208333333333333
0.1875
0.166666666666667
0.166666666666667
0.166666666666667
0.166666666666667
0.145833333333333
0.166666666666667
0.208333333333333
0.208333333333333
0.229166666666667
0.270833333333333
0.270833333333333
0.270833333333333
0.25
0.25
0.229166666666667
0.229166666666667
0.229166666666667
0.229166666666667
0.208333333333333
0.1875
0.1875
0.1875
0.1875
0.1875
0.1875
0.1875
0.166666666666667
0.166666666666667
0.166666666666667
0.166666666666667
0.166666666666667
0.166666666666667
0.145833333333333
0.145833333333333
0.145833333333333
0.145833333333333
0.145833333333333
0.145833333333333
0.145833333333333
0.145833333333333
0.145833333333333
0.145833333333333
0.145833333333333
0.145833333333333
0.145833333333333
0.145833333333333
0.145833333333333
0.145833333333333
0.166666666666667
0.145833333333333
0.145833333333333
0.145833333333333
0.145833333333333
0.125
0.0833333333333333
0.104166666666667
0.0833333333333333
0.0416666666666667
0.0416666666666667
0.0416666666666667
0.0416666666666667
0.0416666666666667
0.0416666666666667
0.0416666666666667
0.0416666666666667
0.0416666666666667
0.0416666666666667
0.0416666666666667
0.0416666666666667
0.0416666666666667
0.0416666666666667
0.0416666666666667
0.0416666666666667
0.0416666666666667
0.0416666666666667
0.0416666666666667
0.0416666666666667
0.0416666666666667
0.0416666666666667
0.0416666666666667
0.0416666666666667
0.0416666666666667
0.0416666666666667
0.0416666666666667
0.0416666666666667
0.0625
0.0625
0.0625
0.0625
0.0625
0.0625
0.0625
0.0625
0.0625
0.0625
0.0625
0.0416666666666667
0.0625
0.0625
0.0625
0.0625
0.0625
0.0625
0.0625
0.0625
0.0625
0.0625
0.0625
0.0625
0.0625
0.0625
0.0625
0.0625
0.0625
0.0625
0.0625
0.0625
0.0625
0.0625
0.0625
0.0625
0.0625
0.0625
0.0625
0.0625
0.0625
0.0625
0.0625
0.0625
0.0625
0.0625
0.0625
0.0833333333333333
0.0625
0.0625
0.0625
0.0625
0.0625
0.0625
0.0625
0.0625
0.0625
0.0625
0.0625
0.0625
0.0416666666666667
0.0416666666666667
0.0416666666666667
0.0625
0.0625
0.0625
0.0416666666666667
0.0416666666666667
0.0416666666666667
0.0416666666666667
0.0416666666666667
0.0416666666666667
0.0416666666666667
0.0416666666666667
0.0416666666666667
0.0416666666666667
0.0625
0.0625
0.0625
0.0625
0.0625
0.0625
0.0625
0.0833333333333333
0.0833333333333333
0.0833333333333333
0.0833333333333333
0.0833333333333333
0.0833333333333333
0.0833333333333333
0.0833333333333333
0.0833333333333333
0.0833333333333333
0.0833333333333333
0.0833333333333333
0.0625
0.0625
0.0625
0.0625
0.0833333333333333
0.0833333333333333
0.0833333333333333
0.0833333333333333
0.0833333333333333
0.0833333333333333
0.0833333333333333
0.104166666666667
0.145833333333333
0.145833333333333
0.145833333333333
0.145833333333333
0.145833333333333
0.145833333333333
0.145833333333333
0.166666666666667
0.1875
0.1875
0.208333333333333
0.208333333333333
0.208333333333333
0.208333333333333
0.208333333333333
0.25
0.25
0.229166666666667
0.229166666666667
0.229166666666667
0.229166666666667
0.229166666666667
0.229166666666667
0.229166666666667
0.208333333333333
0.208333333333333
0.208333333333333
0.208333333333333
0.208333333333333
0.208333333333333
0.208333333333333
0.208333333333333
0.208333333333333
0.208333333333333
0.208333333333333
0.208333333333333
0.208333333333333
0.208333333333333
0.229166666666667
0.229166666666667
0.208333333333333
0.208333333333333
0.208333333333333
0.208333333333333
0.208333333333333
0.208333333333333
0.208333333333333
0.208333333333333
0.166666666666667
0.1875
0.1875
0.1875
0.166666666666667
0.166666666666667
0.166666666666667
0.145833333333333
0.125
0.125
0.104166666666667
0.104166666666667
0.104166666666667
0.104166666666667
0.104166666666667
0.0833333333333333
0.0833333333333333
0.0833333333333333
0.0833333333333333
0.104166666666667
0.104166666666667
0.104166666666667
0.104166666666667
0.104166666666667
0.104166666666667
0.104166666666667
0.125
0.125
0.125
0.125
0.125
0.125
0.125
0.125
0.125
0.145833333333333
0.166666666666667
0.166666666666667
0.145833333333333
0.166666666666667
0.166666666666667
0.166666666666667
0.166666666666667
0.166666666666667
0.166666666666667
0.166666666666667
0.166666666666667
0.145833333333333
0.145833333333333
0.145833333333333
0.145833333333333
0.145833333333333
0.145833333333333
0.145833333333333
0.166666666666667
0.166666666666667
0.166666666666667
0.166666666666667
0.166666666666667
0.166666666666667
0.1875
0.208333333333333
0.208333333333333
0.208333333333333
0.208333333333333
0.208333333333333
0.208333333333333
0.1875
0.1875
0.1875
0.1875
0.1875
0.1875
0.1875
0.166666666666667
0.166666666666667
0.166666666666667
0.166666666666667
0.166666666666667
0.166666666666667
0.166666666666667
0.166666666666667
0.166666666666667
0.145833333333333
0.125
0.125
0.125
0.125
0.125
0.125
0.125
0.125
0.125
0.125
0.125
0.125
0.125
0.104166666666667
0.104166666666667
0.104166666666667
0.104166666666667
0.104166666666667
0.0833333333333333
0.0833333333333333
0.0833333333333333
0.0833333333333333
0.0833333333333333
0.0833333333333333
0.0625
0.0416666666666667
0.0416666666666667
0.0208333333333333
0.0416666666666667
0.0416666666666667
0.0416666666666667
0.0416666666666667
0.0416666666666667
0.0416666666666667
0.0416666666666667
0.0416666666666667
0.0416666666666667
0.0416666666666667
0.0416666666666667
0.0416666666666667
0.0416666666666667
0.0416666666666667
0.0416666666666667
0.0416666666666667
0.0416666666666667
0.0416666666666667
0.0416666666666667
0.0416666666666667
0.0416666666666667
0.0416666666666667
0.0416666666666667
0.0208333333333333
0.0208333333333333
0.0208333333333333
0.0208333333333333
0.0208333333333333
0.0416666666666667
0.0416666666666667
0.0416666666666667
0.0416666666666667
0.0416666666666667
0.0416666666666667
0.0416666666666667
0.0416666666666667
0.0416666666666667
0.0416666666666667
0.0625
0.0833333333333333
0.0833333333333333
0.0833333333333333
0.0833333333333333
0.0833333333333333
0.0833333333333333
0.0833333333333333
0.0833333333333333
0.0833333333333333
0.0625
0.0625
0.0625
0.0625
0.0625
0.0625
0.0625
0.0625
0.0625
0.0625
0.0625
0.0625
0.0625
0.0625
0.0625
0.0625
0.0625
0.0625
0.0625
0.0625
0.0625
0.0625
0.0625
0.0625
0.0625
0.0625
0.0625
0.0833333333333333
0.0625
0.0625
0.0833333333333333
0.0833333333333333
0.0833333333333333
0.0833333333333333
0.0833333333333333
0.0833333333333333
0.104166666666667
0.104166666666667
0.0833333333333333
0.0625
0.0625
0.0625
0.0625
0.0833333333333333
0.104166666666667
0.104166666666667
0.104166666666667
0.104166666666667
0.125
0.125
0.125
0.125
0.125
0.145833333333333
0.145833333333333
0.145833333333333
0.166666666666667
0.166666666666667
0.166666666666667
0.166666666666667
0.166666666666667
0.208333333333333
0.25
0.270833333333333
0.270833333333333
0.270833333333333
0.270833333333333
0.270833333333333
0.270833333333333
0.270833333333333
0.291666666666667
0.291666666666667
0.3125
0.3125
0.3125
0.291666666666667
0.291666666666667
0.291666666666667
0.291666666666667
0.291666666666667
0.291666666666667
0.291666666666667
0.3125
0.333333333333333
0.3125
0.333333333333333
0.354166666666667
0.354166666666667
0.354166666666667
0.354166666666667
0.354166666666667
0.333333333333333
0.3125
0.333333333333333
0.354166666666667
0.375
0.375
0.4375
0.4375
0.458333333333333
0.458333333333333
0.4375
0.4375
0.4375
0.416666666666667
0.416666666666667
0.4375
0.4375
0.4375
0.416666666666667
0.375
0.375
0.395833333333333
0.416666666666667
0.4375
0.4375
0.4375
0.479166666666667
0.458333333333333
0.458333333333333
0.4375
0.458333333333333
0.458333333333333
0.458333333333333
0.458333333333333
0.458333333333333
0.4375
0.4375
0.4375
0.4375
0.4375
0.416666666666667
0.416666666666667
0.395833333333333
0.375
0.375
0.375
0.375
0.395833333333333
0.395833333333333
0.395833333333333
0.395833333333333
0.375
0.354166666666667
0.333333333333333
0.270833333333333
0.270833333333333
0.25
0.25
0.25
0.270833333333333
0.270833333333333
0.270833333333333
0.270833333333333
0.25
0.25
0.270833333333333
0.25
0.25
0.229166666666667
0.208333333333333
0.1875
0.166666666666667
0.1875
0.208333333333333
0.166666666666667
0.166666666666667
0.166666666666667
0.208333333333333
0.1875
0.1875
0.1875
0.1875
0.1875
0.1875
0.208333333333333
0.25
0.25
0.229166666666667
0.25
0.25
0.25
0.25
0.25
0.270833333333333
0.270833333333333
0.25
0.25
0.25
0.229166666666667
0.229166666666667
0.25
0.25
0.270833333333333
0.270833333333333
0.270833333333333
0.270833333333333
0.270833333333333
0.25
0.25
0.270833333333333
0.270833333333333
0.270833333333333
0.270833333333333
0.25
0.25
0.25
0.25
0.25
0.25
0.25
0.229166666666667
0.208333333333333
0.229166666666667
0.229166666666667
0.229166666666667
0.1875
0.1875
0.1875
0.1875
0.1875
0.1875
0.1875
0.166666666666667
0.125
0.125
0.125
0.104166666666667
0.104166666666667
0.104166666666667
0.104166666666667
0.104166666666667
0.0833333333333333
0.0833333333333333
0.0833333333333333
0.0833333333333333
0.0833333333333333
0.0833333333333333
0.0833333333333333
0.0625
0.0625
0.0416666666666667
0.0625
0.0625
0.0625
0.0625
0.0625
0.0625
0.0416666666666667
0.0416666666666667
0.0416666666666667
0.0416666666666667
0.0416666666666667
0.0416666666666667
0.0416666666666667
0.0416666666666667
0.0416666666666667
0.0416666666666667
0.0416666666666667
0.0416666666666667
0.0416666666666667
0.0208333333333333
0.0208333333333333
0.0208333333333333
0.0208333333333333
0.0208333333333333
0.0208333333333333
0.0208333333333333
0.0208333333333333
0.0208333333333333
0.0208333333333333
0.0208333333333333
0.0208333333333333
0.0208333333333333
0.0208333333333333
0.0208333333333333
0.0208333333333333
0.0416666666666667
0.0416666666666667
0.0416666666666667
0.0416666666666667
0.0416666666666667
0.0416666666666667
0.0416666666666667
0.0416666666666667
0.0416666666666667
0.0416666666666667
0.0416666666666667
0.0416666666666667
0.0416666666666667
0.0208333333333333
0.0208333333333333
0.0208333333333333
0.0208333333333333
0.0208333333333333
0.0208333333333333
0.0208333333333333
0.0208333333333333
0.0208333333333333
0.0208333333333333
0.0208333333333333
0.0208333333333333
0.0208333333333333
0.0208333333333333
0.0208333333333333
0.0208333333333333
0.0208333333333333
0.0208333333333333
0.0208333333333333
0.0208333333333333
0.0208333333333333
0.0208333333333333
0.0208333333333333
0.0208333333333333
0.0208333333333333
0.0208333333333333
0.0208333333333333
0.0208333333333333
0.0208333333333333
0.0208333333333333
0.0208333333333333
0.0416666666666667
0.0416666666666667
0.0416666666666667
0.0416666666666667
0.0208333333333333
0.0208333333333333
0.0416666666666667
0.0416666666666667
0.0416666666666667
0.0416666666666667
0.0416666666666667
0.0416666666666667
0.0416666666666667
0.0625
0.0625
0.0625
0.0625
0.0833333333333333
0.0833333333333333
0.0833333333333333
0.0833333333333333
0.0833333333333333
0.0833333333333333
0.0833333333333333
0.0833333333333333
0.0833333333333333
0.0833333333333333
0.0833333333333333
0.0833333333333333
0.0833333333333333
0.0833333333333333
0.104166666666667
0.125
0.125
0.145833333333333
0.145833333333333
0.145833333333333
0.1875
0.1875
0.208333333333333
0.208333333333333
0.229166666666667
0.229166666666667
0.229166666666667
0.229166666666667
0.229166666666667
0.25
0.270833333333333
0.25
0.25
0.270833333333333
0.270833333333333
0.270833333333333
0.270833333333333
0.270833333333333
0.291666666666667
0.291666666666667
0.3125
0.3125
0.333333333333333
0.333333333333333
0.3125
0.3125
0.3125
0.3125
0.291666666666667
0.291666666666667
0.291666666666667
0.291666666666667
0.291666666666667
0.291666666666667
0.3125
0.3125
0.3125
0.333333333333333
0.333333333333333
0.333333333333333
0.333333333333333
0.333333333333333
0.3125
0.291666666666667
0.291666666666667
0.270833333333333
0.291666666666667
0.3125
0.270833333333333
0.270833333333333
0.25
0.25
0.229166666666667
0.229166666666667
0.25
0.270833333333333
0.270833333333333
0.25
0.229166666666667
0.229166666666667
0.229166666666667
0.208333333333333
0.208333333333333
0.208333333333333
0.208333333333333
0.1875
0.166666666666667
0.166666666666667
0.145833333333333
0.145833333333333
0.125
0.125
0.125
0.125
0.125
0.125
0.125
0.125
0.125
0.145833333333333
0.145833333333333
0.208333333333333
0.208333333333333
0.208333333333333
0.25
0.229166666666667
0.229166666666667
0.229166666666667
0.25
0.270833333333333
0.270833333333333
0.270833333333333
0.270833333333333
0.270833333333333
0.25
0.229166666666667
0.229166666666667
0.229166666666667
0.229166666666667
0.229166666666667
0.229166666666667
0.229166666666667
0.208333333333333
0.1875
0.1875
0.1875
0.208333333333333
0.208333333333333
0.208333333333333
0.208333333333333
0.229166666666667
0.25
0.25
0.25
0.25
0.270833333333333
0.270833333333333
0.270833333333333
0.291666666666667
0.291666666666667
0.291666666666667
0.291666666666667
0.291666666666667
0.3125
0.3125
0.3125
0.3125
0.291666666666667
0.291666666666667
0.229166666666667
0.208333333333333
0.208333333333333
0.166666666666667
0.166666666666667
0.166666666666667
0.166666666666667
0.145833333333333
0.125
0.125
0.125
0.125
0.125
0.125
0.125
0.125
0.125
0.145833333333333
0.145833333333333
0.145833333333333
0.145833333333333
0.166666666666667
0.166666666666667
0.166666666666667
0.1875
0.1875
0.1875
0.1875
0.1875
0.166666666666667
0.145833333333333
0.145833333333333
0.145833333333333
0.145833333333333
0.125
0.125
0.125
0.104166666666667
0.104166666666667
0.104166666666667
0.104166666666667
0.104166666666667
0.0833333333333333
0.0833333333333333
0.0833333333333333
0.0833333333333333
0.0833333333333333
0.0833333333333333
0.0833333333333333
0.0833333333333333
0.0833333333333333
0.0833333333333333
0.0833333333333333
0.0833333333333333
0.0833333333333333
0.0833333333333333
0.0833333333333333
0.0833333333333333
0.0833333333333333
0.0833333333333333
0.0833333333333333
0.0833333333333333
0.0833333333333333
0.0833333333333333
0.0833333333333333
0.0625
0.0625
0.0625
0.0625
0.0416666666666667
0.0416666666666667
0.0416666666666667
0.0208333333333333
0.0208333333333333
0.0208333333333333
0.0208333333333333
0.0208333333333333
0.0208333333333333
0.0208333333333333
0.0208333333333333
0.0208333333333333
0.0208333333333333
0.0208333333333333
0.0208333333333333
0.0208333333333333
0.0208333333333333
0.0208333333333333
0.0208333333333333
0.0208333333333333
0.0208333333333333
0.0208333333333333
0.0208333333333333
0.0208333333333333
0.0208333333333333
0.0208333333333333
0.0208333333333333
0.0208333333333333
0.0208333333333333
0.0208333333333333
0.0208333333333333
0.0208333333333333
0.0208333333333333
0.0208333333333333
0.0208333333333333
0.0416666666666667
0.0416666666666667
0.0416666666666667
0.0416666666666667
0.0416666666666667
0.0416666666666667
0.0416666666666667
0.0416666666666667
0.0416666666666667
0.0416666666666667
0.0416666666666667
0.0416666666666667
0.0416666666666667
0.0416666666666667
0.0416666666666667
0.0625
0.0625
0.0625
0.0625
0.0625
0.0833333333333333
0.0833333333333333
0.0833333333333333
0.0833333333333333
0.0833333333333333
0.0833333333333333
0.0833333333333333
0.104166666666667
0.125
0.125
0.125
0.145833333333333
0.166666666666667
0.166666666666667
0.166666666666667
0.166666666666667
0.166666666666667
0.166666666666667
0.166666666666667
0.1875
0.1875
0.1875
0.1875
0.208333333333333
0.208333333333333
0.208333333333333
0.208333333333333
0.208333333333333
0.1875
0.1875
0.1875
0.208333333333333
0.208333333333333
0.229166666666667
0.229166666666667
0.229166666666667
0.229166666666667
0.229166666666667
0.229166666666667
0.229166666666667
0.229166666666667
0.25
0.270833333333333
0.270833333333333
0.291666666666667
0.270833333333333
0.270833333333333
0.291666666666667
0.291666666666667
0.291666666666667
0.3125
0.3125
0.3125
0.333333333333333
0.333333333333333
0.3125
0.3125
0.3125
0.3125
0.291666666666667
0.270833333333333
0.270833333333333
0.333333333333333
0.333333333333333
0.333333333333333
0.333333333333333
0.333333333333333
0.3125
0.333333333333333
0.333333333333333
0.354166666666667
0.333333333333333
0.333333333333333
0.333333333333333
0.333333333333333
0.333333333333333
0.375
0.375
0.375
0.375
0.375
0.354166666666667
0.354166666666667
0.354166666666667
0.354166666666667
0.354166666666667
0.354166666666667
0.354166666666667
0.354166666666667
0.333333333333333
0.3125
0.291666666666667
0.270833333333333
0.270833333333333
0.291666666666667
0.291666666666667
0.3125
0.354166666666667
0.395833333333333
0.458333333333333
0.5
0.520833333333333
0.541666666666667
0.583333333333333
0.604166666666667
0.625
0.666666666666667
0.729166666666667
0.770833333333333
0.8125
0.75
0.770833333333333
0.770833333333333
0.770833333333333
0.770833333333333
0.791666666666667
0.770833333333333
0.770833333333333
0.75
0.75
0.75
0.75
0.770833333333333
0.770833333333333
0.729166666666667
0.729166666666667
0.729166666666667
0.708333333333333
0.708333333333333
0.708333333333333
0.708333333333333
0.708333333333333
0.708333333333333
0.708333333333333
0.708333333333333
0.708333333333333
0.708333333333333
0.708333333333333
0.729166666666667
0.729166666666667
0.729166666666667
0.729166666666667
0.708333333333333
0.6875
0.645833333333333
0.604166666666667
0.541666666666667
0.479166666666667
0.4375
0.416666666666667
0.416666666666667
0.375
0.333333333333333
0.3125
0.270833333333333
0.208333333333333
0.166666666666667
0.125
0.125
0.104166666666667
0.125
0.125
0.125
0.104166666666667
0.125
0.125
0.125
0.125
0.125
0.145833333333333
0.125
0.125
0.145833333333333
0.145833333333333
0.166666666666667
0.166666666666667
0.166666666666667
0.166666666666667
0.166666666666667
0.1875
0.1875
0.229166666666667
0.229166666666667
0.229166666666667
0.229166666666667
0.229166666666667
0.208333333333333
0.208333333333333
0.208333333333333
0.229166666666667
0.229166666666667
0.229166666666667
0.229166666666667
0.25
0.25
0.270833333333333
0.270833333333333
0.25
0.229166666666667
0.229166666666667
0.229166666666667
0.229166666666667
0.229166666666667
0.229166666666667
0.229166666666667
0.229166666666667
0.229166666666667
0.25
0.229166666666667
0.229166666666667
0.229166666666667
0.229166666666667
0.208333333333333
0.208333333333333
0.208333333333333
0.208333333333333
0.208333333333333
0.1875
0.1875
0.1875
0.166666666666667
0.166666666666667
0.145833333333333
0.145833333333333
0.145833333333333
0.145833333333333
0.145833333333333
0.125
0.125
0.0833333333333333
0.0833333333333333
0.0833333333333333
0.0833333333333333
0.0833333333333333
0.0833333333333333
0.0833333333333333
0.0833333333333333
0.0625
0.0625
0.0625
0.0625
0.0416666666666667
0.0416666666666667
0.0208333333333333
0.0208333333333333
0.0208333333333333
0.0208333333333333
0.0208333333333333
0.0208333333333333
0.0416666666666667
0.0416666666666667
0.0625
0.0625
0.0625
0.0625
0.0416666666666667
0.0416666666666667
0.0416666666666667
0.0416666666666667
0.0416666666666667
0.0416666666666667
0.0416666666666667
0.0416666666666667
0.0416666666666667
0.0416666666666667
0.0416666666666667
0.0416666666666667
0.0416666666666667
0.0416666666666667
0.0416666666666667
0.0416666666666667
0.0416666666666667
0.0416666666666667
0.0416666666666667
0.0416666666666667
0.0416666666666667
0.0416666666666667
0.0416666666666667
0.0416666666666667
0.0416666666666667
0.0416666666666667
0.0416666666666667
0.0416666666666667
0.0416666666666667
0.0416666666666667
0.0416666666666667
0.0416666666666667
0.0416666666666667
0.0416666666666667
0.0416666666666667
0.0416666666666667
0.0416666666666667
0.0416666666666667
0.0416666666666667
0.0416666666666667
0.0416666666666667
0.0416666666666667
0.0208333333333333
0.0208333333333333
0
0
0
0
0
0
0
0
0
0.0416666666666667
0.0416666666666667
0.0416666666666667
0.0416666666666667
0.0625
0.0625
0.0625
0.0625
0.0625
0.0625
0.0833333333333333
0.0833333333333333
0.0833333333333333
0.0833333333333333
0.104166666666667
0.104166666666667
0.104166666666667
0.104166666666667
0.125
0.125
0.125
0.125
0.125
0.125
0.145833333333333
0.145833333333333
0.145833333333333
0.166666666666667
0.166666666666667
0.166666666666667
0.166666666666667
0.166666666666667
0.166666666666667
0.166666666666667
0.166666666666667
0.166666666666667
0.166666666666667
0.166666666666667
0.166666666666667
0.1875
0.1875
0.1875
0.1875
0.1875
0.1875
0.1875
0.1875
0.1875
0.145833333333333
0.145833333333333
0.145833333333333
0.145833333333333
0.125
0.125
0.125
0.125
0.145833333333333
0.145833333333333
0.125
0.125
0.125
0.125
0.104166666666667
0.104166666666667
0.104166666666667
0.125
0.125
0.125
0.125
0.125
0.125
0.145833333333333
0.125
0.125
0.125
0.104166666666667
0.104166666666667
0.125
0.125
0.125
0.125
0.125
0.125
0.125
0.125
0.125
0.145833333333333
0.125
0.125
0.125
0.125
0.125
0.125
0.166666666666667
0.166666666666667
0.166666666666667
0.166666666666667
0.166666666666667
0.166666666666667
0.166666666666667
0.166666666666667
0.166666666666667
0.1875
0.1875
0.166666666666667
0.166666666666667
0.166666666666667
0.1875
0.1875
0.1875
0.1875
0.1875
0.1875
0.166666666666667
0.145833333333333
0.145833333333333
0.145833333333333
0.166666666666667
0.166666666666667
0.145833333333333
0.145833333333333
0.145833333333333
0.145833333333333
0.145833333333333
0.145833333333333
0.125
0.125
0.125
0.125
0.125
0.145833333333333
0.166666666666667
0.1875
0.1875
0.166666666666667
0.166666666666667
0.166666666666667
0.166666666666667
0.166666666666667
0.166666666666667
0.166666666666667
0.125
0.145833333333333
0.145833333333333
0.145833333333333
0.145833333333333
0.145833333333333
0.145833333333333
0.145833333333333
0.145833333333333
0.125
0.125
0.125
0.125
0.125
0.104166666666667
0.104166666666667
0.104166666666667
0.104166666666667
0.125
0.125
0.125
0.125
0.125
0.125
0.104166666666667
0.104166666666667
0.104166666666667
0.104166666666667
0.104166666666667
0.104166666666667
0.104166666666667
0.104166666666667
0.104166666666667
0.104166666666667
0.104166666666667
0.104166666666667
0.125
0.104166666666667
0.0833333333333333
0.0625
0.0625
0.0625
0.0625
0.0625
0.0625
0.0625
0.0625
0.0625
0.0625
0.0625
0.0625
0.0625
0.0625
0.0625
0.0625
0.0625
0.0625
0.0625
0.0625
0.0625
0.0625
0.0625
0.0625
0.0625
0.0625
0.0625
0.0416666666666667
0.0416666666666667
0.0416666666666667
0.0416666666666667
0.0416666666666667
0.0416666666666667
0.0416666666666667
0.0416666666666667
0.0625
0.0625
0.0625
0.0625
0.0625
0.0625
0.0625
0.0625
0.0625
0.0625
0.0416666666666667
0.0416666666666667
0.0416666666666667
0.0416666666666667
0.0416666666666667
0.0416666666666667
0.0416666666666667
0.0416666666666667
0.0416666666666667
0.0416666666666667
0.0416666666666667
0.0416666666666667
0.0416666666666667
0.0208333333333333
0.0208333333333333
0.0208333333333333
0.0208333333333333
0.0208333333333333
0.0208333333333333
0.0208333333333333
0.0208333333333333
0.0208333333333333
0.0208333333333333
0.0208333333333333
0.0208333333333333
0.0208333333333333
0.0416666666666667
0.0416666666666667
0.0416666666666667
0.0416666666666667
0.0416666666666667
0.0416666666666667
0.0416666666666667
0.0416666666666667
0.0416666666666667
0.0416666666666667
0.0416666666666667
0.0416666666666667
0.0208333333333333
0.0208333333333333
0.0208333333333333
0.0208333333333333
0.0208333333333333
0.0416666666666667
0.0625
0.0625
0.0625
0.0625
0.0625
0.0625
0.0833333333333333
0.0833333333333333
0.0833333333333333
0.0833333333333333
0.0833333333333333
0.0833333333333333
0.104166666666667
0.104166666666667
0.125
0.125
0.125
0.145833333333333
0.145833333333333
0.145833333333333
0.145833333333333
0.145833333333333
0.145833333333333
0.145833333333333
0.166666666666667
0.166666666666667
0.166666666666667
0.1875
0.208333333333333
0.208333333333333
0.1875
0.208333333333333
0.208333333333333
0.208333333333333
0.208333333333333
0.208333333333333
0.208333333333333
0.208333333333333
0.208333333333333
0.229166666666667
0.229166666666667
0.229166666666667
0.25
0.25
0.25
0.3125
0.3125
0.291666666666667
0.270833333333333
0.270833333333333
0.270833333333333
0.291666666666667
0.291666666666667
0.291666666666667
0.270833333333333
0.270833333333333
0.291666666666667
0.291666666666667
0.3125
0.354166666666667
0.375
0.375
0.354166666666667
0.354166666666667
0.354166666666667
0.333333333333333
0.354166666666667
0.354166666666667
0.354166666666667
0.354166666666667
0.354166666666667
0.375
0.354166666666667
0.375
0.395833333333333
0.375
0.354166666666667
0.354166666666667
0.354166666666667
0.333333333333333
0.333333333333333
0.333333333333333
0.333333333333333
0.333333333333333
0.333333333333333
0.333333333333333
0.354166666666667
0.333333333333333
0.333333333333333
0.333333333333333
0.3125
0.3125
0.3125
0.25
0.270833333333333
0.270833333333333
0.270833333333333
0.291666666666667
0.291666666666667
0.270833333333333
0.270833333333333
0.270833333333333
0.270833333333333
0.270833333333333
0.25
0.25
0.229166666666667
0.208333333333333
0.1875
0.1875
0.1875
0.1875
0.1875
0.208333333333333
0.1875
0.1875
0.1875
0.208333333333333
0.208333333333333
0.1875
0.208333333333333
0.1875
0.166666666666667
0.166666666666667
0.166666666666667
0.1875
0.1875
0.1875
0.208333333333333
0.208333333333333
0.229166666666667
0.229166666666667
0.229166666666667
0.229166666666667
0.208333333333333
0.208333333333333
0.208333333333333
0.208333333333333
0.208333333333333
0.208333333333333
0.208333333333333
0.208333333333333
0.208333333333333
0.208333333333333
0.208333333333333
0.1875
0.1875
0.208333333333333
0.208333333333333
0.208333333333333
0.208333333333333
0.208333333333333
0.208333333333333
0.208333333333333
0.208333333333333
0.1875
0.166666666666667
0.166666666666667
0.166666666666667
0.1875
0.1875
0.166666666666667
0.166666666666667
0.166666666666667
0.166666666666667
0.145833333333333
0.145833333333333
0.145833333333333
0.125
0.125
0.145833333333333
0.166666666666667
0.166666666666667
0.145833333333333
0.145833333333333
0.166666666666667
0.145833333333333
0.145833333333333
0.125
0.125
0.125
0.125
0.125
0.125
0.125
0.125
0.145833333333333
0.145833333333333
0.166666666666667
0.1875
0.1875
0.208333333333333
0.229166666666667
0.25
0.25
0.25
0.25
0.25
0.25
0.25
0.291666666666667
0.3125
0.3125
0.3125
0.3125
0.3125
0.3125
0.291666666666667
0.3125
0.3125
0.3125
0.3125
0.3125
0.333333333333333
0.333333333333333
0.333333333333333
0.333333333333333
0.333333333333333
0.3125
0.291666666666667
0.291666666666667
0.291666666666667
0.3125
0.291666666666667
0.291666666666667
0.291666666666667
0.3125
0.3125
0.333333333333333
0.354166666666667
0.354166666666667
0.354166666666667
0.354166666666667
0.354166666666667
0.333333333333333
0.354166666666667
0.333333333333333
0.3125
0.291666666666667
0.270833333333333
0.25
0.229166666666667
0.229166666666667
0.208333333333333
0.208333333333333
0.208333333333333
0.208333333333333
0.229166666666667
0.1875
0.166666666666667
0.166666666666667
0.166666666666667
0.166666666666667
0.166666666666667
0.166666666666667
0.166666666666667
0.145833333333333
0.145833333333333
0.145833333333333
0.145833333333333
0.166666666666667
0.166666666666667
0.166666666666667
0.1875
0.1875
0.229166666666667
0.25
0.270833333333333
0.354166666666667
0.416666666666667
0.416666666666667
0.416666666666667
0.458333333333333
0.479166666666667
0.479166666666667
0.520833333333333
0.5
0.5
0.541666666666667
0.5625
0.625
0.6875
0.708333333333333
0.6875
0.75
0.75
0.8125
0.854166666666667
0.854166666666667
0.875
0.916666666666667
0.958333333333333
0.979166666666667
1
1.04166666666667
1.08333333333333
1.10416666666667
1.16666666666667
1.1875
1.25
1.25
1.29166666666667
1.3125
1.375
1.41666666666667
1.4375
1.5
1.58333333333333
1.625
1.72916666666667
1.77083333333333
1.75
1.77083333333333
1.77083333333333
1.83333333333333
1.85416666666667
1.79166666666667
1.75
1.79166666666667
1.85416666666667
1.875
1.85416666666667
1.95833333333333
1.9375
1.9375
1.95833333333333
1.97916666666667
2.04166666666667
2.0625
2.10416666666667
2.1875
2.29166666666667
2.29166666666667
2.35416666666667
2.29166666666667
2.3125
2.4375
2.41666666666667
2.39583333333333
2.39583333333333
2.39583333333333
2.375
2.375
2.35416666666667
2.4375
2.39583333333333
2.41666666666667
2.41666666666667
2.4375
2.41666666666667
2.52083333333333
2.52083333333333
2.5625
2.58333333333333
2.5625
2.54166666666667
2.47916666666667
2.39583333333333
2.39583333333333
2.4375
2.41666666666667
2.41666666666667
2.41666666666667
2.41666666666667
2.45833333333333
2.5
2.58333333333333
2.5625
2.58333333333333
2.64583333333333
2.60416666666667
2.625
2.66666666666667
2.66666666666667
2.60416666666667
2.5625
2.5625
2.5625
2.54166666666667
2.47916666666667
2.54166666666667
2.5
2.58333333333333
2.54166666666667
2.45833333333333
2.54166666666667
2.64583333333333
2.625
2.6875
2.70833333333333
2.66666666666667
2.625
2.5625
2.58333333333333
2.58333333333333
2.54166666666667
2.625
2.72916666666667
2.70833333333333
2.64583333333333
2.66666666666667
2.6875
2.66666666666667
2.60416666666667
2.625
2.58333333333333
2.58333333333333
2.66666666666667
2.6875
2.70833333333333
2.6875
2.6875
2.70833333333333
2.66666666666667
2.5625
2.52083333333333
2.47916666666667
2.4375
2.39583333333333
2.45833333333333
2.45833333333333
2.45833333333333
2.52083333333333
2.5
2.47916666666667
2.4375
2.47916666666667
2.47916666666667
2.39583333333333
2.39583333333333
2.39583333333333
2.39583333333333
2.39583333333333
2.33333333333333
2.27083333333333
2.35416666666667
2.33333333333333
2.3125
2.33333333333333
2.35416666666667
2.35416666666667
2.35416666666667
2.375
2.35416666666667
2.29166666666667
2.1875
2.08333333333333
2.08333333333333
2.02083333333333
1.97916666666667
2.02083333333333
2.0625
2.08333333333333
2.08333333333333
2.0625
1.9375
1.91666666666667
1.85416666666667
1.85416666666667
1.8125
1.75
1.77083333333333
1.72916666666667
1.79166666666667
1.75
1.72916666666667
1.72916666666667
1.625
1.60416666666667
1.58333333333333
1.54166666666667
1.54166666666667
1.52083333333333
1.45833333333333
1.35416666666667
1.3125
1.27083333333333
1.25
1.16666666666667
1.14583333333333
1.125
1.125
1.0625
0.958333333333333
0.895833333333333
0.895833333333333
0.875
0.875
0.833333333333333
0.8125
0.75
0.791666666666667
0.75
0.729166666666667
0.729166666666667
0.729166666666667
0.6875
0.666666666666667
0.604166666666667
0.5625
0.520833333333333
0.520833333333333
0.5
0.5
0.5
0.5
0.4375
0.4375
0.416666666666667
0.375
0.375
0.3125
0.3125
0.3125
0.270833333333333
0.270833333333333
0.25
0.229166666666667
0.208333333333333
0.1875
0.145833333333333
0.145833333333333
0.125
0.125
0.125
0.125
0.145833333333333
0.145833333333333
0.125
0.104166666666667
0.104166666666667
0.125
0.125
0.125
0.125
0.104166666666667
0.104166666666667
0.0833333333333333
0.0833333333333333
0.0416666666666667
0.0416666666666667
0.0416666666666667
0.0416666666666667
0.0416666666666667
0.0625
0.0625
0.0833333333333333
0.104166666666667
0.104166666666667
0.104166666666667
0.104166666666667
0.125
0.145833333333333
0.166666666666667
0.1875
0.1875
0.229166666666667
0.270833333333333
0.270833333333333
0.270833333333333
0.3125
0.354166666666667
0.354166666666667
0.375
0.375
0.395833333333333
0.395833333333333
0.416666666666667
0.479166666666667
0.520833333333333
0.541666666666667
0.645833333333333
0.645833333333333
0.645833333333333
0.625
0.645833333333333
0.645833333333333
0.645833333333333
0.645833333333333
0.666666666666667
0.708333333333333
0.791666666666667
0.791666666666667
0.833333333333333
0.875
0.875
0.895833333333333
0.916666666666667
0.979166666666667
1.02083333333333
1.125
1.14583333333333
1.1875
1.20833333333333
1.20833333333333
1.27083333333333
1.29166666666667
1.3125
1.39583333333333
1.39583333333333
1.4375
1.41666666666667
1.41666666666667
1.45833333333333
1.4375
1.45833333333333
1.45833333333333
1.5
1.5
1.5
1.5625
1.5625
1.58333333333333
1.58333333333333
1.60416666666667
1.64583333333333
1.64583333333333
1.64583333333333
1.625
1.60416666666667
1.625
1.64583333333333
1.64583333333333
1.625
1.6875
1.70833333333333
1.70833333333333
1.70833333333333
1.77083333333333
1.70833333333333
1.83333333333333
1.85416666666667
1.85416666666667
1.875
1.91666666666667
1.97916666666667
2.04166666666667
2.02083333333333
1.9375
1.95833333333333
1.95833333333333
1.9375
2
1.95833333333333
2
2
1.9375
2.04166666666667
2.02083333333333
2.02083333333333
2.02083333333333
2
2
1.95833333333333
2.02083333333333
2.02083333333333
2
1.97916666666667
1.95833333333333
1.9375
1.95833333333333
2
2.02083333333333
2
1.95833333333333
1.9375
1.97916666666667
1.91666666666667
1.89583333333333
1.89583333333333
1.89583333333333
1.95833333333333
1.9375
1.91666666666667
1.95833333333333
1.9375
1.89583333333333
1.89583333333333
1.77083333333333
1.72916666666667
1.72916666666667
1.70833333333333
1.66666666666667
1.58333333333333
1.45833333333333
1.45833333333333
1.4375
1.41666666666667
1.375
1.41666666666667
1.4375
1.39583333333333
1.33333333333333
1.35416666666667
1.33333333333333
1.25
1.22916666666667
1.29166666666667
1.29166666666667
1.3125
1.33333333333333
1.39583333333333
1.35416666666667
1.39583333333333
1.45833333333333
1.47916666666667
1.54166666666667
1.64583333333333
1.64583333333333
1.60416666666667
1.60416666666667
1.58333333333333
1.66666666666667
1.72916666666667
1.72916666666667
1.72916666666667
1.8125
1.83333333333333
1.85416666666667
1.8125
1.79166666666667
1.85416666666667
1.91666666666667
1.91666666666667
1.91666666666667
1.91666666666667
2
2
1.95833333333333
1.97916666666667
2.0625
2.16666666666667
2.20833333333333
2.20833333333333
2.22916666666667
2.22916666666667
2.27083333333333
2.25
2.14583333333333
2.1875
2.1875
2.14583333333333
2.1875
2.1875
2.16666666666667
2.125
2.10416666666667
2.0625
2.02083333333333
1.9375
1.91666666666667
1.83333333333333
1.77083333333333
1.77083333333333
1.66666666666667
1.58333333333333
1.5625
1.5625
1.52083333333333
1.54166666666667
1.4375
1.35416666666667
1.3125
1.3125
1.25
1.20833333333333
1.1875
1.16666666666667
1.14583333333333
1.08333333333333
0.979166666666667
0.958333333333333
0.895833333333333
0.875
0.791666666666667
0.770833333333333
0.770833333333333
0.770833333333333
0.666666666666667
0.5625
0.520833333333333
0.5
0.5
0.479166666666667
0.416666666666667
0.395833333333333
0.395833333333333
0.354166666666667
0.354166666666667
0.354166666666667
0.3125
0.270833333333333
0.270833333333333
0.25
0.25
0.25
0.25
0.25
0.25
0.25
0.229166666666667
0.1875
0.1875
0.1875
0.166666666666667
0.145833333333333
0.145833333333333
0.104166666666667
0.104166666666667
0.104166666666667
0.104166666666667
0.0833333333333333
0.0625
0.0625
0.0625
0.0625
0.0625
0.0625
0.0833333333333333
0.0833333333333333
0.104166666666667
0.125
0.145833333333333
0.145833333333333
0.145833333333333
0.125
0.125
0.125
0.125
0.125
0.104166666666667
0.104166666666667
0.1875
0.1875
0.208333333333333
0.208333333333333
0.208333333333333
0.208333333333333
0.208333333333333
0.208333333333333
0.229166666666667
0.229166666666667
0.229166666666667
0.229166666666667
0.229166666666667
0.25
0.25
0.291666666666667
0.375
0.395833333333333
0.416666666666667
0.416666666666667
0.416666666666667
0.416666666666667
0.4375
0.4375
0.458333333333333
0.520833333333333
0.520833333333333
0.583333333333333
0.645833333333333
0.6875
0.708333333333333
0.729166666666667
0.75
0.75
0.729166666666667
0.729166666666667
0.708333333333333
0.6875
0.708333333333333
0.75
0.75
0.770833333333333
0.833333333333333
0.875
0.916666666666667
0.9375
0.979166666666667
1
0.958333333333333
0.979166666666667
1
1.02083333333333
1.02083333333333
1.02083333333333
1.04166666666667
1.0625
1.08333333333333
1.08333333333333
1.10416666666667
1.1875
1.22916666666667
1.29166666666667
1.3125
1.29166666666667
1.25
1.29166666666667
1.27083333333333
1.375
1.39583333333333
1.4375
1.41666666666667
1.5
1.52083333333333
1.52083333333333
1.5625
1.5625
1.54166666666667
1.5625
1.58333333333333
1.5625
1.54166666666667
1.5625
1.5625
1.60416666666667
1.60416666666667
1.6875
1.70833333333333
1.6875
1.70833333333333
1.70833333333333
1.64583333333333
1.625
1.58333333333333
1.60416666666667
1.60416666666667
1.66666666666667
1.625
1.64583333333333
1.60416666666667
1.60416666666667
1.66666666666667
1.72916666666667
1.70833333333333
1.72916666666667
1.72916666666667
1.77083333333333
1.77083333333333
1.6875
1.66666666666667
1.58333333333333
1.625
1.60416666666667
1.58333333333333
1.60416666666667
1.6875
1.60416666666667
1.625
1.625
1.625
1.58333333333333
1.54166666666667
1.5
1.5
1.4375
1.45833333333333
1.39583333333333
1.39583333333333
1.41666666666667
1.41666666666667
1.5
1.54166666666667
1.5625
1.58333333333333
1.625
1.58333333333333
1.60416666666667
1.58333333333333
1.60416666666667
1.66666666666667
1.6875
1.70833333333333
1.6875
1.70833333333333
1.6875
1.79166666666667
1.8125
1.875
1.91666666666667
1.875
1.83333333333333
1.83333333333333
1.8125
1.8125
1.8125
1.85416666666667
1.89583333333333
1.9375
1.9375
2
2.02083333333333
2
1.9375
1.875
1.83333333333333
1.79166666666667
1.85416666666667
1.89583333333333
1.85416666666667
1.95833333333333
1.95833333333333
1.9375
1.97916666666667
1.9375
2.02083333333333
2.0625
2.08333333333333
2.10416666666667
2.04166666666667
2.0625
2
2
1.875
1.91666666666667
1.89583333333333
1.91666666666667
1.89583333333333
1.85416666666667
1.83333333333333
1.8125
1.83333333333333
1.79166666666667
1.77083333333333
1.70833333333333
1.66666666666667
1.60416666666667
1.5625
1.58333333333333
1.58333333333333
1.58333333333333
1.5625
1.54166666666667
1.52083333333333
1.47916666666667
1.45833333333333
1.41666666666667
1.41666666666667
1.29166666666667
1.3125
1.3125
1.3125
1.3125
1.3125
1.3125
1.25
1.20833333333333
1.20833333333333
1.125
1.10416666666667
1.08333333333333
1.0625
1.0625
1
0.916666666666667
0.875
0.854166666666667
0.8125
0.75
0.75
0.729166666666667
0.75
0.708333333333333
0.6875
0.666666666666667
0.645833333333333
0.625
0.604166666666667
0.604166666666667
0.604166666666667
0.604166666666667
0.5625
0.520833333333333
0.5
0.5
0.479166666666667
0.4375
0.4375
0.4375
0.4375
0.416666666666667
0.395833333333333
0.375
0.354166666666667
0.333333333333333
0.333333333333333
0.333333333333333
0.291666666666667
0.291666666666667
0.270833333333333
0.25
0.25
0.25
0.208333333333333
0.229166666666667
0.229166666666667
0.208333333333333
0.208333333333333
0.208333333333333
0.1875
0.166666666666667
0.145833333333333
0.145833333333333
0.145833333333333
0.145833333333333
0.145833333333333
0.166666666666667
0.166666666666667
0.166666666666667
0.145833333333333
0.125
0.125
0.125
0.125
0.145833333333333
0.145833333333333
0.145833333333333
0.104166666666667
0.104166666666667
0.125
0.125
0.125
0.125
0.125
0.125
0.125
0.125
0.125
0.125
0.125
0.125
0.145833333333333
0.166666666666667
0.1875
0.1875
0.1875
0.229166666666667
0.25
0.25
0.270833333333333
0.3125
0.354166666666667
0.333333333333333
0.354166666666667
0.375
0.375
0.375
0.375
0.416666666666667
0.541666666666667
0.583333333333333
0.583333333333333
0.583333333333333
0.583333333333333
0.583333333333333
0.583333333333333
0.708333333333333
0.791666666666667
0.875
0.9375
0.958333333333333
1.02083333333333
1.02083333333333
1.02083333333333
1.02083333333333
1.10416666666667
1.10416666666667
1.125
1.1875
1.1875
1.1875
1.20833333333333
1.22916666666667
1.27083333333333
1.33333333333333
1.375
1.41666666666667
1.47916666666667
1.52083333333333
1.52083333333333
1.5625
1.5625
1.5625
1.625
1.6875
1.66666666666667
1.70833333333333
1.75
1.77083333333333
1.83333333333333
1.875
1.89583333333333
1.97916666666667
2.0625
2.08333333333333
2.16666666666667
2.16666666666667
2.125
2.125
2.125
2.1875
2.27083333333333
2.25
2.29166666666667
2.20833333333333
2.1875
2.125
2.14583333333333
2.16666666666667
2.14583333333333
2.14583333333333
2.16666666666667
2.39583333333333
2.375
2.39583333333333
2.375
2.375
2.45833333333333
2.47916666666667
2.52083333333333
2.52083333333333
2.47916666666667
2.41666666666667
2.41666666666667
2.45833333333333
2.4375
2.5
2.5625
2.52083333333333
2.52083333333333
2.52083333333333
2.45833333333333
2.375
2.39583333333333
2.39583333333333
2.375
2.35416666666667
2.27083333333333
2.22916666666667
2.20833333333333
2.125
2.08333333333333
2.14583333333333
2.08333333333333
2.0625
2.04166666666667
2.02083333333333
2.04166666666667
2
1.95833333333333
1.97916666666667
1.9375
1.9375
1.89583333333333
1.89583333333333
1.8125
1.79166666666667
1.79166666666667
1.79166666666667
1.79166666666667
1.5625
1.5
1.47916666666667
1.47916666666667
1.5
1.4375
1.41666666666667
1.39583333333333
1.41666666666667
1.47916666666667
1.5
1.52083333333333
1.47916666666667
1.47916666666667
1.45833333333333
1.41666666666667
1.4375
1.52083333333333
1.52083333333333
1.52083333333333
1.52083333333333
1.5625
1.52083333333333
1.58333333333333
1.58333333333333
1.625
1.625
1.64583333333333
1.625
1.60416666666667
1.54166666666667
1.5625
1.60416666666667
1.5625
1.66666666666667
1.6875
1.66666666666667
1.6875
1.6875
1.75
1.70833333333333
1.75
1.72916666666667
1.8125
1.8125
1.8125
1.79166666666667
1.77083333333333
1.79166666666667
1.83333333333333
1.85416666666667
1.83333333333333
1.83333333333333
1.85416666666667
1.875
1.91666666666667
1.89583333333333
1.875
1.85416666666667
1.8125
1.8125
1.77083333333333
1.6875
1.6875
1.6875
1.58333333333333
1.60416666666667
1.60416666666667
1.60416666666667
1.5625
1.60416666666667
1.52083333333333
1.5
1.45833333333333
1.45833333333333
1.41666666666667
1.41666666666667
1.41666666666667
1.39583333333333
1.35416666666667
1.33333333333333
1.3125
1.20833333333333
1.1875
1.20833333333333
1.14583333333333
1.125
1.0625
1.0625
1.02083333333333
1.02083333333333
0.9375
0.916666666666667
0.875
0.895833333333333
0.9375
0.916666666666667
0.875
0.833333333333333
0.833333333333333
0.75
0.708333333333333
0.6875
0.604166666666667
0.604166666666667
0.541666666666667
0.5625
0.541666666666667
0.5
0.5
0.5
0.458333333333333
0.416666666666667
0.416666666666667
0.395833333333333
0.395833333333333
0.375
0.354166666666667
0.3125
0.3125
0.291666666666667
0.270833333333333
0.270833333333333
0.291666666666667
0.333333333333333
0.3125
0.3125
0.3125
0.270833333333333
0.270833333333333
0.25
0.229166666666667
0.208333333333333
0.208333333333333
0.208333333333333
0.208333333333333
0.208333333333333
0.1875
0.1875
0.1875
0.208333333333333
0.208333333333333
0.1875
0.145833333333333
0.145833333333333
0.145833333333333
0.145833333333333
0.145833333333333
0.166666666666667
0.166666666666667
0.166666666666667
0.1875
0.166666666666667
0.166666666666667
0.145833333333333
0.145833333333333
0.145833333333333
0.145833333333333
0.145833333333333
0.166666666666667
0.1875
0.1875
0.270833333333333
0.270833333333333
0.291666666666667
0.291666666666667
0.3125
0.291666666666667
0.291666666666667
0.3125
0.333333333333333
0.3125
0.270833333333333
0.291666666666667
0.354166666666667
0.354166666666667
0.416666666666667
0.416666666666667
0.4375
0.458333333333333
0.479166666666667
0.5
0.5
0.5
0.5
0.5
0.541666666666667
0.5625
0.541666666666667
0.583333333333333
0.625
0.625
0.645833333333333
0.6875
0.729166666666667
0.791666666666667
0.833333333333333
0.854166666666667
0.916666666666667
0.916666666666667
0.916666666666667
0.958333333333333
1
1
1.0625
1.08333333333333
1.125
1.125
1.125
1.1875
1.14583333333333
1.22916666666667
1.20833333333333
1.22916666666667
1.22916666666667
1.22916666666667
1.22916666666667
1.25
1.25
1.25
1.27083333333333
1.29166666666667
1.25
1.25
1.25
1.29166666666667
1.27083333333333
1.27083333333333
1.29166666666667
1.3125
1.3125
1.3125
1.3125
1.33333333333333
1.29166666666667
1.29166666666667
1.29166666666667
1.29166666666667
1.33333333333333
1.33333333333333
1.35416666666667
1.375
1.35416666666667
1.33333333333333
1.33333333333333
1.33333333333333
1.35416666666667
1.35416666666667
1.39583333333333
1.375
1.33333333333333
1.35416666666667
1.33333333333333
1.39583333333333
1.375
1.35416666666667
1.375
1.375
1.375
1.35416666666667
1.375
1.41666666666667
1.45833333333333
1.45833333333333
1.47916666666667
1.45833333333333
1.4375
1.45833333333333
1.47916666666667
1.45833333333333
1.47916666666667
1.5
1.5
1.47916666666667
1.52083333333333
1.5
1.45833333333333
1.41666666666667
1.45833333333333
1.5
1.5
1.5
1.52083333333333
1.52083333333333
1.54166666666667
1.54166666666667
1.47916666666667
1.47916666666667
1.45833333333333
1.41666666666667
1.41666666666667
1.39583333333333
1.35416666666667
1.35416666666667
1.29166666666667
1.29166666666667
1.25
1.25
1.27083333333333
1.27083333333333
1.29166666666667
1.22916666666667
1.22916666666667
1.25
1.20833333333333
1.16666666666667
1.14583333333333
1.10416666666667
1.125
1.0625
1.02083333333333
1.04166666666667
1.02083333333333
1
1.04166666666667
1.04166666666667
1.04166666666667
1.0625
1.04166666666667
1.04166666666667
0.979166666666667
0.958333333333333
0.916666666666667
0.9375
1.02083333333333
1.08333333333333
1.04166666666667
1
1.04166666666667
1.02083333333333
1
0.979166666666667
0.958333333333333
0.958333333333333
0.958333333333333
0.958333333333333
0.9375
0.9375
0.9375
0.9375
0.979166666666667
0.979166666666667
0.958333333333333
0.9375
0.9375
0.916666666666667
0.895833333333333
0.875
0.8125
0.791666666666667
0.791666666666667
0.770833333333333
0.770833333333333
0.791666666666667
0.791666666666667
0.791666666666667
0.75
0.75
0.729166666666667
0.708333333333333
0.708333333333333
0.708333333333333
0.666666666666667
0.645833333333333
0.604166666666667
0.5625
0.541666666666667
0.520833333333333
0.541666666666667
