0
0
0
0
0
0
0
0
0
0
0
0
0
0
0
0
0
0
0
0
0
0
0
0
0
0
0
0
0
0
0
0
0
0
0
0
0
0
0
0
0
0
0
0.113636363636364
0.0909090909090909
0.0909090909090909
0.0909090909090909
0.0909090909090909
0.0681818181818182
0.0454545454545455
0.0454545454545455
0.0454545454545455
0.0454545454545455
0.0454545454545455
0.0454545454545455
0.0454545454545455
0.0227272727272727
0.0227272727272727
0.0227272727272727
0.0227272727272727
0.0227272727272727
0.0227272727272727
0.0227272727272727
0.0227272727272727
0.0227272727272727
0.0227272727272727
0.0227272727272727
0.0454545454545455
0.0454545454545455
0.0454545454545455
0.0454545454545455
0.0454545454545455
0.0454545454545455
0.0454545454545455
0.0454545454545455
0.0454545454545455
0.0454545454545455
0.0227272727272727
0.0227272727272727
0.0227272727272727
0.0227272727272727
0.0227272727272727
0.0227272727272727
0.0227272727272727
0.0227272727272727
0.0227272727272727
0.0227272727272727
0.0227272727272727
0.0227272727272727
0.0227272727272727
0.0227272727272727
0.0227272727272727
0.0227272727272727
0.0454545454545455
0.0454545454545455
0.0454545454545455
0.0454545454545455
0.0681818181818182
0.0681818181818182
0.0681818181818182
0.0909090909090909
0.0909090909090909
0.0909090909090909
0.0909090909090909
0.0909090909090909
0.0909090909090909
0.0909090909090909
0.0909090909090909
0.0909090909090909
0.0909090909090909
0.0909090909090909
0.0681818181818182
0.0681818181818182
0.0909090909090909
0.113636363636364
0.113636363636364
0.113636363636364
0.113636363636364
0.113636363636364
0.113636363636364
0.136363636363636
0.136363636363636
0.136363636363636
0.136363636363636
0.136363636363636
0.136363636363636
0.136363636363636
0.159090909090909
0.181818181818182
0.181818181818182
0.181818181818182
0.181818181818182
0.181818181818182
0.181818181818182
0.181818181818182
0.181818181818182
0.181818181818182
0.159090909090909
0.159090909090909
0.159090909090909
0.159090909090909
0.159090909090909
0.159090909090909
0.159090909090909
0.136363636363636
0.136363636363636
0.159090909090909
0.159090909090909
0.159090909090909
0.159090909090909
0.159090909090909
0.181818181818182
0.181818181818182
0.204545454545455
0.204545454545455
0.227272727272727
0.227272727272727
0.204545454545455
0.181818181818182
0.181818181818182
0.181818181818182
0.181818181818182
0.181818181818182
0.181818181818182
0.181818181818182
0.227272727272727
0.227272727272727
0.25
0.295454545454545
0.295454545454545
0.295454545454545
0.272727272727273
0.272727272727273
0.272727272727273
0.295454545454545
0.295454545454545
0.295454545454545
0.318181818181818
0.318181818181818
0.318181818181818
0.318181818181818
0.318181818181818
0.318181818181818
0.318181818181818
0.318181818181818
0.295454545454545
0.295454545454545
0.295454545454545
0.295454545454545
0.295454545454545
0.272727272727273
0.272727272727273
0.272727272727273
0.295454545454545
0.295454545454545
0.272727272727273
0.272727272727273
0.272727272727273
0.272727272727273
0.25
0.25
0.25
0.272727272727273
0.272727272727273
0.272727272727273
0.272727272727273
0.272727272727273
0.272727272727273
0.25
0.204545454545455
0.204545454545455
0.181818181818182
0.136363636363636
0.159090909090909
0.159090909090909
0.159090909090909
0.136363636363636
0.136363636363636
0.113636363636364
0.113636363636364
0.113636363636364
0.0909090909090909
0.0909090909090909
0.0909090909090909
0.0909090909090909
0.0909090909090909
0.0909090909090909
0.0909090909090909
0.0909090909090909
0.0909090909090909
0.0909090909090909
0.113636363636364
0.113636363636364
0.113636363636364
0.113636363636364
0.113636363636364
0.136363636363636
0.113636363636364
0.113636363636364
0.113636363636364
0.136363636363636
0.113636363636364
0.113636363636364
0.136363636363636
0.159090909090909
0.159090909090909
0.136363636363636
0.136363636363636
0.136363636363636
0.136363636363636
0.136363636363636
0.136363636363636
0.136363636363636
0.136363636363636
0.136363636363636
0.136363636363636
0.159090909090909
0.159090909090909
0.159090909090909
0.159090909090909
0.159090909090909
0.159090909090909
0.159090909090909
0.159090909090909
0.159090909090909
0.159090909090909
0.159090909090909
0.159090909090909
0.159090909090909
0.159090909090909
0.159090909090909
0.159090909090909
0.159090909090909
0.159090909090909
0.159090909090909
0.136363636363636
0.136363636363636
0.136363636363636
0.136363636363636
0.136363636363636
0.113636363636364
0.113636363636364
0.113636363636364
0.113636363636364
0.0909090909090909
0.0909090909090909
0.0909090909090909
0.0681818181818182
0.0454545454545455
0.0454545454545455
0.0454545454545455
0.0681818181818182
0.0681818181818182
0.0681818181818182
0.0681818181818182
0.0681818181818182
0.0681818181818182
0.0681818181818182
0.0681818181818182
0.0681818181818182
0.0454545454545455
0.0227272727272727
0.0227272727272727
0.0227272727272727
0.0227272727272727
0.0227272727272727
0.0227272727272727
0.0227272727272727
0.0454545454545455
0.0454545454545455
0.0681818181818182
0.0681818181818182
0.0681818181818182
0.0681818181818182
0.0681818181818182
0.0681818181818182
0.0681818181818182
0.0681818181818182
0.0681818181818182
0.0681818181818182
0.0681818181818182
0.0681818181818182
0.0909090909090909
0.0909090909090909
0.0909090909090909
0.0909090909090909
0.0909090909090909
0.0909090909090909
0.0909090909090909
0.0909090909090909
0.0909090909090909
0.0909090909090909
0.0909090909090909
0.0909090909090909
0.0909090909090909
0.0681818181818182
0.0681818181818182
0.0681818181818182
0.0909090909090909
0.0909090909090909
0.0909090909090909
0.0909090909090909
0.0909090909090909
0.0909090909090909
0.0909090909090909
0.0909090909090909
0.0909090909090909
0.0909090909090909
0.0909090909090909
0.0909090909090909
0.0909090909090909
0.0909090909090909
0.0681818181818182
0.0681818181818182
0.0454545454545455
0.0681818181818182
0.0681818181818182
0.0681818181818182
0.0681818181818182
0.0681818181818182
0.0681818181818182
0.0681818181818182
0.0681818181818182
0.0681818181818182
0.0681818181818182
0.0681818181818182
0.0454545454545455
0.0454545454545455
0.0454545454545455
0.0454545454545455
0.0454545454545455
0.0454545454545455
0.0454545454545455
0.0454545454545455
0.0454545454545455
0.0454545454545455
0.0454545454545455
0.0454545454545455
0.0454545454545455
0.0454545454545455
0.0454545454545455
0.0454545454545455
0.0227272727272727
0.0227272727272727
0.0454545454545455
0.0454545454545455
0.0454545454545455
0.0454545454545455
0.0454545454545455
0.0454545454545455
0.0454545454545455
0.0454545454545455
0.0454545454545455
0.0454545454545455
0.0681818181818182
0.0681818181818182
0.0681818181818182
0.0681818181818182
0.0681818181818182
0.0454545454545455
0.0454545454545455
0.0454545454545455
0.0454545454545455
0.0454545454545455
0.0454545454545455
0.0681818181818182
0.0681818181818182
0.0681818181818182
0.0681818181818182
0.0681818181818182
0.0681818181818182
0.0681818181818182
0.0681818181818182
0.0681818181818182
0.0681818181818182
0.0681818181818182
0.0681818181818182
0.0681818181818182
0.0909090909090909
0.0909090909090909
0.0909090909090909
0.0909090909090909
0.113636363636364
0.113636363636364
0.113636363636364
0.113636363636364
0.136363636363636
0.136363636363636
0.136363636363636
0.136363636363636
0.136363636363636
0.136363636363636
0.159090909090909
0.159090909090909
0.181818181818182
0.204545454545455
0.204545454545455
0.204545454545455
0.204545454545455
0.204545454545455
0.227272727272727
0.227272727272727
0.25
0.25
0.25
0.25
0.25
0.25
0.25
0.227272727272727
0.227272727272727
0.227272727272727
0.227272727272727
0.227272727272727
0.227272727272727
0.227272727272727
0.227272727272727
0.227272727272727
0.227272727272727
0.25
0.25
0.25
0.227272727272727
0.25
0.25
0.25
0.227272727272727
0.227272727272727
0.227272727272727
0.227272727272727
0.227272727272727
0.227272727272727
0.204545454545455
0.204545454545455
0.204545454545455
0.204545454545455
0.181818181818182
0.204545454545455
0.181818181818182
0.159090909090909
0.159090909090909
0.159090909090909
0.136363636363636
0.136363636363636
0.113636363636364
0.113636363636364
0.0909090909090909
0.113636363636364
0.113636363636364
0.136363636363636
0.136363636363636
0.136363636363636
0.136363636363636
0.136363636363636
0.136363636363636
0.136363636363636
0.136363636363636
0.136363636363636
0.136363636363636
0.136363636363636
0.159090909090909
0.159090909090909
0.159090909090909
0.136363636363636
0.136363636363636
0.136363636363636
0.159090909090909
0.159090909090909
0.159090909090909
0.159090909090909
0.181818181818182
0.181818181818182
0.181818181818182
0.204545454545455
0.204545454545455
0.227272727272727
0.25
0.272727272727273
0.272727272727273
0.272727272727273
0.318181818181818
0.295454545454545
0.295454545454545
0.295454545454545
0.295454545454545
0.295454545454545
0.295454545454545
0.295454545454545
0.295454545454545
0.295454545454545
0.295454545454545
0.272727272727273
0.272727272727273
0.25
0.25
0.25
0.25
0.25
0.25
0.25
0.25
0.25
0.25
0.25
0.227272727272727
0.25
0.272727272727273
0.272727272727273
0.272727272727273
0.272727272727273
0.25
0.227272727272727
0.227272727272727
0.227272727272727
0.204545454545455
0.204545454545455
0.204545454545455
0.181818181818182
0.159090909090909
0.159090909090909
0.136363636363636
0.113636363636364
0.113636363636364
0.113636363636364
0.0681818181818182
0.0681818181818182
0.0681818181818182
0.0681818181818182
0.0681818181818182
0.0909090909090909
0.0909090909090909
0.0909090909090909
0.0909090909090909
0.0909090909090909
0.0909090909090909
0.0909090909090909
0.0909090909090909
0.0909090909090909
0.0909090909090909
0.0909090909090909
0.0909090909090909
0.0909090909090909
0.0909090909090909
0.0909090909090909
0.0909090909090909
0.0909090909090909
0.0909090909090909
0.0909090909090909
0.0909090909090909
0.0909090909090909
0.0681818181818182
0.0681818181818182
0.0681818181818182
0.0681818181818182
0.0681818181818182
0.0681818181818182
0.0681818181818182
0.0681818181818182
0.0681818181818182
0.0681818181818182
0.0681818181818182
0.0681818181818182
0.0681818181818182
0.0454545454545455
0.0454545454545455
0.0454545454545455
0.0454545454545455
0.0454545454545455
0.0454545454545455
0.0454545454545455
0.0454545454545455
0.0454545454545455
0.0454545454545455
0.0227272727272727
0.0227272727272727
0.0227272727272727
0.0227272727272727
0.0227272727272727
0.0227272727272727
0.0227272727272727
0.0227272727272727
0.0227272727272727
0.0227272727272727
0.0227272727272727
0.0227272727272727
0.0227272727272727
0.0227272727272727
0.0227272727272727
0.0227272727272727
0.0227272727272727
0.0227272727272727
0.0227272727272727
0.0227272727272727
0
0
0
0
0
0
0
0
0
0
0
0
0
0
0
0
0
0
0
0
0
0
0
0
0
0
0
0
0
0
0
0
0
0
0
0
0
0
0
0
0
0
0
0
0
0
0
0
0
0
0
0
0
0
0
0
0
0.0227272727272727
0.0227272727272727
0.0227272727272727
0.0227272727272727
0.0227272727272727
0.0227272727272727
0.0227272727272727
0.0227272727272727
0.0227272727272727
0.0454545454545455
0.0454545454545455
0.0454545454545455
0.0454545454545455
0.0454545454545455
0.0681818181818182
0.0681818181818182
0.0681818181818182
0.0681818181818182
0.0681818181818182
0.0681818181818182
0.0681818181818182
0.0681818181818182
0.0909090909090909
0.0909090909090909
0.0909090909090909
0.0909090909090909
0.113636363636364
0.136363636363636
0.136363636363636
0.136363636363636
0.136363636363636
0.136363636363636
0.136363636363636
0.159090909090909
0.159090909090909
0.159090909090909
0.159090909090909
0.159090909090909
0.181818181818182
0.181818181818182
0.181818181818182
0.181818181818182
0.181818181818182
0.181818181818182
0.159090909090909
0.159090909090909
0.159090909090909
0.159090909090909
0.159090909090909
0.159090909090909
0.159090909090909
0.159090909090909
0.159090909090909
0.136363636363636
0.136363636363636
0.136363636363636
0.136363636363636
0.136363636363636
0.113636363636364
0.159090909090909
0.159090909090909
0.181818181818182
0.181818181818182
0.181818181818182
0.181818181818182
0.181818181818182
0.159090909090909
0.159090909090909
0.159090909090909
0.181818181818182
0.159090909090909
0.136363636363636
0.136363636363636
0.136363636363636
0.136363636363636
0.159090909090909
0.159090909090909
0.136363636363636
0.136363636363636
0.136363636363636
0.136363636363636
0.136363636363636
0.113636363636364
0.113636363636364
0.136363636363636
0.136363636363636
0.136363636363636
0.159090909090909
0.159090909090909
0.159090909090909
0.159090909090909
0.181818181818182
0.181818181818182
0.181818181818182
0.181818181818182
0.204545454545455
0.204545454545455
0.204545454545455
0.204545454545455
0.204545454545455
0.227272727272727
0.227272727272727
0.227272727272727
0.181818181818182
0.204545454545455
0.181818181818182
0.204545454545455
0.204545454545455
0.204545454545455
0.204545454545455
0.204545454545455
0.204545454545455
0.204545454545455
0.204545454545455
0.227272727272727
0.227272727272727
0.227272727272727
0.227272727272727
0.227272727272727
0.204545454545455
0.204545454545455
0.204545454545455
0.227272727272727
0.25
0.25
0.25
0.25
0.25
0.227272727272727
0.25
0.25
0.227272727272727
0.227272727272727
0.227272727272727
0.227272727272727
0.204545454545455
0.204545454545455
0.204545454545455
0.227272727272727
0.204545454545455
0.204545454545455
0.204545454545455
0.204545454545455
0.204545454545455
0.181818181818182
0.181818181818182
0.181818181818182
0.181818181818182
0.181818181818182
0.181818181818182
0.159090909090909
0.159090909090909
0.159090909090909
0.159090909090909
0.159090909090909
0.159090909090909
0.181818181818182
0.159090909090909
0.136363636363636
0.136363636363636
0.136363636363636
0.136363636363636
0.136363636363636
0.159090909090909
0.159090909090909
0.159090909090909
0.136363636363636
0.113636363636364
0.113636363636364
0.113636363636364
0.113636363636364
0.113636363636364
0.113636363636364
0.0909090909090909
0.113636363636364
0.113636363636364
0.113636363636364
0.113636363636364
0.113636363636364
0.113636363636364
0.113636363636364
0.113636363636364
0.0909090909090909
0.0909090909090909
0.0909090909090909
0.0909090909090909
0.0909090909090909
0.0909090909090909
0.0909090909090909
0.0909090909090909
0.0909090909090909
0.0909090909090909
0.0681818181818182
0.0909090909090909
0.0909090909090909
0.0909090909090909
0.0909090909090909
0.0909090909090909
0.0909090909090909
0.0909090909090909
0.0909090909090909
0.0909090909090909
0.0909090909090909
0.0909090909090909
0.0909090909090909
0.113636363636364
0.113636363636364
0.0909090909090909
0.0909090909090909
0.0909090909090909
0.0909090909090909
0.0909090909090909
0.0909090909090909
0.0909090909090909
0.0909090909090909
0.0909090909090909
0.0909090909090909
0.0909090909090909
0.0681818181818182
0.0681818181818182
0.0681818181818182
0.0681818181818182
0.0681818181818182
0.0681818181818182
0.0681818181818182
0.0681818181818182
0.0681818181818182
0.0681818181818182
0.0681818181818182
0.0681818181818182
0.0681818181818182
0.0681818181818182
0.0681818181818182
0.0681818181818182
0.0681818181818182
0.0681818181818182
0.0681818181818182
0.0454545454545455
0.0454545454545455
0.0454545454545455
0.0454545454545455
0.0454545454545455
0.0454545454545455
0.0454545454545455
0.0227272727272727
0.0227272727272727
0.0227272727272727
0.0227272727272727
0.0227272727272727
0
0
0
0
0
0
0
0
0
0
0
0
0
0
0
0
0
0
0
0
0
0
0
0
0
0
0.0227272727272727
0.0227272727272727
0.0227272727272727
0.0227272727272727
0.0227272727272727
0.0227272727272727
0.0454545454545455
0.0454545454545455
0.0454545454545455
0.0454545454545455
0.0454545454545455
0.0454545454545455
0.0454545454545455
0.0454545454545455
0.0454545454545455
0.0454545454545455
0.0454545454545455
0.0681818181818182
0.0909090909090909
0.113636363636364
0.113636363636364
0.113636363636364
0.113636363636364
0.113636363636364
0.113636363636364
0.113636363636364
0.113636363636364
0.136363636363636
0.136363636363636
0.136363636363636
0.136363636363636
0.136363636363636
0.181818181818182
0.181818181818182
0.204545454545455
0.25
0.272727272727273
0.318181818181818
0.386363636363636
0.431818181818182
0.477272727272727
0.5
0.5
0.5
0.477272727272727
0.477272727272727
0.477272727272727
0.477272727272727
0.477272727272727
0.477272727272727
0.454545454545455
0.454545454545455
0.454545454545455
0.454545454545455
0.454545454545455
0.454545454545455
0.5
0.522727272727273
0.545454545454545
0.545454545454545
0.545454545454545
0.545454545454545
0.545454545454545
0.568181818181818
0.613636363636364
0.659090909090909
0.659090909090909
0.704545454545455
0.727272727272727
0.727272727272727
0.772727272727273
0.795454545454545
0.795454545454545
0.795454545454545
0.818181818181818
0.818181818181818
0.772727272727273
0.795454545454545
0.772727272727273
0.727272727272727
0.704545454545455
0.659090909090909
0.590909090909091
0.545454545454545
0.5
0.477272727272727
0.477272727272727
0.5
0.5
0.522727272727273
0.545454545454545
0.568181818181818
0.568181818181818
0.568181818181818
0.590909090909091
0.590909090909091
0.590909090909091
0.590909090909091
0.590909090909091
0.590909090909091
0.545454545454545
0.522727272727273
0.522727272727273
0.522727272727273
0.545454545454545
0.522727272727273
0.5
0.454545454545455
0.431818181818182
0.409090909090909
0.409090909090909
0.363636363636364
0.340909090909091
0.340909090909091
0.295454545454545
0.25
0.272727272727273
0.272727272727273
0.25
0.25
0.25
0.227272727272727
0.25
0.25
0.25
0.25
0.25
0.25
0.25
0.25
0.25
0.227272727272727
0.227272727272727
0.204545454545455
0.181818181818182
0.159090909090909
0.159090909090909
0.159090909090909
0.136363636363636
0.159090909090909
0.159090909090909
0.159090909090909
0.159090909090909
0.181818181818182
0.227272727272727
0.227272727272727
0.227272727272727
0.272727272727273
0.25
0.25
0.25
0.25
0.227272727272727
0.204545454545455
0.204545454545455
0.204545454545455
0.204545454545455
0.204545454545455
0.204545454545455
0.204545454545455
0.181818181818182
0.181818181818182
0.181818181818182
0.181818181818182
0.181818181818182
0.181818181818182
0.159090909090909
0.159090909090909
0.159090909090909
0.159090909090909
0.159090909090909
0.159090909090909
0.159090909090909
0.159090909090909
0.159090909090909
0.159090909090909
0.159090909090909
0.159090909090909
0.159090909090909
0.159090909090909
0.159090909090909
0.159090909090909
0.159090909090909
0.136363636363636
0.136363636363636
0.136363636363636
0.159090909090909
0.136363636363636
0.0909090909090909
0.0909090909090909
0.0681818181818182
0.0227272727272727
0.0227272727272727
0.0454545454545455
0.0454545454545455
0.0454545454545455
0.0454545454545455
0.0454545454545455
0.0454545454545455
0.0454545454545455
0.0454545454545455
0.0454545454545455
0.0454545454545455
0.0454545454545455
0.0454545454545455
0.0454545454545455
0.0454545454545455
0.0454545454545455
0.0454545454545455
0.0454545454545455
0.0454545454545455
0.0454545454545455
0.0454545454545455
0.0454545454545455
0.0454545454545455
0.0454545454545455
0.0454545454545455
0.0454545454545455
0.0454545454545455
0.0454545454545455
0.0454545454545455
0.0454545454545455
0.0454545454545455
0.0681818181818182
0.0681818181818182
0.0681818181818182
0.0681818181818182
0.0681818181818182
0.0681818181818182
0.0681818181818182
0.0454545454545455
0.0454545454545455
0.0454545454545455
0.0454545454545455
0.0454545454545455
0.0681818181818182
0.0681818181818182
0.0454545454545455
0.0454545454545455
0.0454545454545455
0.0454545454545455
0.0681818181818182
0.0681818181818182
0.0681818181818182
0.0681818181818182
0.0681818181818182
0.0681818181818182
0.0681818181818182
0.0681818181818182
0.0681818181818182
0.0681818181818182
0.0681818181818182
0.0681818181818182
0.0681818181818182
0.0681818181818182
0.0681818181818182
0.0681818181818182
0.0681818181818182
0.0681818181818182
0.0681818181818182
0.0681818181818182
0.0681818181818182
0.0681818181818182
0.0681818181818182
0.0681818181818182
0.0681818181818182
0.0681818181818182
0.0454545454545455
0.0454545454545455
0.0454545454545455
0.0681818181818182
0.0681818181818182
0.0681818181818182
0.0681818181818182
0.0681818181818182
0.0681818181818182
0.0681818181818182
0.0681818181818182
0.0681818181818182
0.0454545454545455
0.0454545454545455
0.0454545454545455
0.0454545454545455
0.0454545454545455
0.0454545454545455
0.0227272727272727
0.0454545454545455
0.0454545454545455
0.0454545454545455
0.0454545454545455
0.0454545454545455
0.0454545454545455
0.0454545454545455
0.0454545454545455
0.0454545454545455
0.0454545454545455
0.0454545454545455
0.0454545454545455
0.0454545454545455
0.0681818181818182
0.0681818181818182
0.0681818181818182
0.0681818181818182
0.0681818181818182
0.0681818181818182
0.0681818181818182
0.0909090909090909
0.0909090909090909
0.0909090909090909
0.0909090909090909
0.0909090909090909
0.0909090909090909
0.0909090909090909
0.0909090909090909
0.0681818181818182
0.0681818181818182
0.0681818181818182
0.0681818181818182
0.0681818181818182
0.0681818181818182
0.0681818181818182
0.0681818181818182
0.0909090909090909
0.0909090909090909
0.0909090909090909
0.0909090909090909
0.0909090909090909
0.0909090909090909
0.0909090909090909
0.113636363636364
0.136363636363636
0.136363636363636
0.136363636363636
0.136363636363636
0.159090909090909
0.159090909090909
0.159090909090909
0.181818181818182
0.204545454545455
0.204545454545455
0.227272727272727
0.227272727272727
0.227272727272727
0.204545454545455
0.204545454545455
0.25
0.25
0.25
0.25
0.25
0.227272727272727
0.227272727272727
0.227272727272727
0.227272727272727
0.227272727272727
0.227272727272727
0.227272727272727
0.227272727272727
0.227272727272727
0.227272727272727
0.227272727272727
0.227272727272727
0.227272727272727
0.227272727272727
0.227272727272727
0.227272727272727
0.204545454545455
0.204545454545455
0.227272727272727
0.227272727272727
0.227272727272727
0.227272727272727
0.227272727272727
0.204545454545455
0.159090909090909
0.159090909090909
0.159090909090909
0.181818181818182
0.159090909090909
0.181818181818182
0.181818181818182
0.159090909090909
0.136363636363636
0.136363636363636
0.113636363636364
0.113636363636364
0.113636363636364
0.113636363636364
0.113636363636364
0.0681818181818182
0.0681818181818182
0.0681818181818182
0.0681818181818182
0.0909090909090909
0.0909090909090909
0.0909090909090909
0.0909090909090909
0.113636363636364
0.113636363636364
0.113636363636364
0.113636363636364
0.113636363636364
0.113636363636364
0.113636363636364
0.136363636363636
0.136363636363636
0.136363636363636
0.136363636363636
0.136363636363636
0.136363636363636
0.136363636363636
0.136363636363636
0.113636363636364
0.136363636363636
0.159090909090909
0.159090909090909
0.159090909090909
0.181818181818182
0.181818181818182
0.181818181818182
0.181818181818182
0.159090909090909
0.159090909090909
0.136363636363636
0.136363636363636
0.136363636363636
0.136363636363636
0.159090909090909
0.159090909090909
0.159090909090909
0.159090909090909
0.159090909090909
0.181818181818182
0.181818181818182
0.181818181818182
0.181818181818182
0.181818181818182
0.159090909090909
0.181818181818182
0.204545454545455
0.204545454545455
0.204545454545455
0.204545454545455
0.204545454545455
0.204545454545455
0.204545454545455
0.204545454545455
0.204545454545455
0.181818181818182
0.181818181818182
0.181818181818182
0.181818181818182
0.181818181818182
0.181818181818182
0.181818181818182
0.181818181818182
0.181818181818182
0.159090909090909
0.136363636363636
0.136363636363636
0.136363636363636
0.113636363636364
0.113636363636364
0.113636363636364
0.113636363636364
0.136363636363636
0.136363636363636
0.136363636363636
0.136363636363636
0.136363636363636
0.136363636363636
0.113636363636364
0.113636363636364
0.113636363636364
0.113636363636364
0.113636363636364
0.0909090909090909
0.0909090909090909
0.0909090909090909
0.0909090909090909
0.0909090909090909
0.0909090909090909
0.0681818181818182
0.0454545454545455
0.0454545454545455
0.0227272727272727
0.0227272727272727
0.0227272727272727
0.0227272727272727
0.0227272727272727
0.0454545454545455
0.0454545454545455
0.0454545454545455
0.0454545454545455
0.0454545454545455
0.0454545454545455
0.0454545454545455
0.0454545454545455
0.0454545454545455
0.0454545454545455
0.0454545454545455
0.0454545454545455
0.0454545454545455
0.0454545454545455
0.0454545454545455
0.0454545454545455
0.0454545454545455
0.0454545454545455
0.0454545454545455
0.0227272727272727
0.0227272727272727
0.0227272727272727
0.0227272727272727
0.0227272727272727
0.0227272727272727
0.0227272727272727
0.0227272727272727
0.0227272727272727
0.0454545454545455
0.0454545454545455
0.0454545454545455
0.0454545454545455
0.0454545454545455
0.0454545454545455
0.0454545454545455
0.0454545454545455
0.0454545454545455
0.0454545454545455
0.0681818181818182
0.0909090909090909
0.0909090909090909
0.0909090909090909
0.0909090909090909
0.0909090909090909
0.0681818181818182
0.0681818181818182
0.0681818181818182
0.0681818181818182
0.0681818181818182
0.0681818181818182
0.0681818181818182
0.0681818181818182
0.0681818181818182
0.0681818181818182
0.0681818181818182
0.0681818181818182
0.0681818181818182
0.0681818181818182
0.0681818181818182
0.0681818181818182
0.0681818181818182
0.0681818181818182
0.0681818181818182
0.0681818181818182
0.0681818181818182
0.0681818181818182
0.0681818181818182
0.0681818181818182
0.0681818181818182
0.0681818181818182
0.0681818181818182
0.0681818181818182
0.0454545454545455
0.0454545454545455
0.0454545454545455
0.0681818181818182
0.0681818181818182
0.0681818181818182
0.0909090909090909
0.0909090909090909
0.0909090909090909
0.0909090909090909
0.0681818181818182
0.0454545454545455
0.0681818181818182
0.0681818181818182
0.0681818181818182
0.0681818181818182
0.0681818181818182
0.0681818181818182
0.0681818181818182
0.0909090909090909
0.113636363636364
0.113636363636364
0.113636363636364
0.113636363636364
0.136363636363636
0.136363636363636
0.136363636363636
0.136363636363636
0.136363636363636
0.159090909090909
0.159090909090909
0.159090909090909
0.181818181818182
0.181818181818182
0.181818181818182
0.181818181818182
0.181818181818182
0.227272727272727
0.272727272727273
0.295454545454545
0.295454545454545
0.295454545454545
0.295454545454545
0.295454545454545
0.295454545454545
0.295454545454545
0.318181818181818
0.295454545454545
0.318181818181818
0.318181818181818
0.295454545454545
0.295454545454545
0.295454545454545
0.295454545454545
0.318181818181818
0.318181818181818
0.295454545454545
0.295454545454545
0.318181818181818
0.340909090909091
0.340909090909091
0.363636363636364
0.386363636363636
0.363636363636364
0.340909090909091
0.340909090909091
0.340909090909091
0.340909090909091
0.318181818181818
0.340909090909091
0.363636363636364
0.386363636363636
0.409090909090909
0.454545454545455
0.454545454545455
0.477272727272727
0.454545454545455
0.454545454545455
0.454545454545455
0.454545454545455
0.454545454545455
0.409090909090909
0.386363636363636
0.363636363636364
0.363636363636364
0.386363636363636
0.386363636363636
0.409090909090909
0.431818181818182
0.454545454545455
0.454545454545455
0.454545454545455
0.431818181818182
0.477272727272727
0.477272727272727
0.477272727272727
0.477272727272727
0.5
0.477272727272727
0.477272727272727
0.477272727272727
0.477272727272727
0.454545454545455
0.431818181818182
0.431818181818182
0.409090909090909
0.409090909090909
0.409090909090909
0.409090909090909
0.409090909090909
0.409090909090909
0.409090909090909
0.409090909090909
0.386363636363636
0.386363636363636
0.363636363636364
0.340909090909091
0.295454545454545
0.295454545454545
0.272727272727273
0.272727272727273
0.272727272727273
0.272727272727273
0.272727272727273
0.272727272727273
0.272727272727273
0.272727272727273
0.272727272727273
0.272727272727273
0.25
0.25
0.227272727272727
0.227272727272727
0.204545454545455
0.181818181818182
0.181818181818182
0.181818181818182
0.136363636363636
0.136363636363636
0.159090909090909
0.181818181818182
0.159090909090909
0.159090909090909
0.159090909090909
0.204545454545455
0.204545454545455
0.204545454545455
0.204545454545455
0.204545454545455
0.204545454545455
0.181818181818182
0.204545454545455
0.25
0.25
0.25
0.272727272727273
0.272727272727273
0.272727272727273
0.25
0.25
0.272727272727273
0.25
0.25
0.25
0.25
0.25
0.25
0.272727272727273
0.272727272727273
0.295454545454545
0.272727272727273
0.272727272727273
0.272727272727273
0.272727272727273
0.272727272727273
0.272727272727273
0.272727272727273
0.272727272727273
0.272727272727273
0.272727272727273
0.272727272727273
0.272727272727273
0.272727272727273
0.25
0.227272727272727
0.227272727272727
0.227272727272727
0.227272727272727
0.181818181818182
0.204545454545455
0.204545454545455
0.204545454545455
0.204545454545455
0.204545454545455
0.204545454545455
0.181818181818182
0.136363636363636
0.136363636363636
0.136363636363636
0.113636363636364
0.113636363636364
0.113636363636364
0.113636363636364
0.113636363636364
0.0909090909090909
0.0909090909090909
0.0909090909090909
0.0909090909090909
0.0909090909090909
0.0909090909090909
0.0909090909090909
0.0681818181818182
0.0681818181818182
0.0454545454545455
0.0454545454545455
0.0454545454545455
0.0454545454545455
0.0454545454545455
0.0681818181818182
0.0681818181818182
0.0454545454545455
0.0454545454545455
0.0454545454545455
0.0454545454545455
0.0454545454545455
0.0454545454545455
0.0454545454545455
0.0454545454545455
0.0454545454545455
0.0454545454545455
0.0454545454545455
0.0454545454545455
0.0454545454545455
0.0227272727272727
0.0227272727272727
0.0227272727272727
0.0227272727272727
0.0227272727272727
0.0227272727272727
0.0227272727272727
0.0227272727272727
0.0227272727272727
0.0227272727272727
0.0227272727272727
0.0227272727272727
0.0227272727272727
0.0227272727272727
0.0227272727272727
0.0227272727272727
0.0227272727272727
0.0227272727272727
0.0227272727272727
0.0227272727272727
0.0454545454545455
0.0454545454545455
0.0454545454545455
0.0454545454545455
0.0454545454545455
0.0454545454545455
0.0454545454545455
0.0454545454545455
0.0454545454545455
0.0227272727272727
0.0227272727272727
0.0227272727272727
0.0227272727272727
0.0227272727272727
0.0227272727272727
0.0227272727272727
0.0227272727272727
0.0227272727272727
0.0227272727272727
0.0227272727272727
0.0227272727272727
0.0227272727272727
0.0227272727272727
0.0227272727272727
0.0227272727272727
0.0227272727272727
0.0227272727272727
0.0227272727272727
0.0227272727272727
0.0227272727272727
0.0227272727272727
0.0227272727272727
0.0227272727272727
0.0227272727272727
0.0227272727272727
0.0227272727272727
0.0227272727272727
0.0227272727272727
0.0227272727272727
0.0227272727272727
0.0227272727272727
0.0227272727272727
0.0227272727272727
0.0227272727272727
0.0227272727272727
0.0227272727272727
0.0227272727272727
0.0227272727272727
0.0227272727272727
0.0227272727272727
0.0454545454545455
0.0454545454545455
0.0454545454545455
0.0454545454545455
0.0454545454545455
0.0454545454545455
0.0454545454545455
0.0681818181818182
0.0681818181818182
0.0681818181818182
0.0681818181818182
0.0909090909090909
0.0909090909090909
0.0909090909090909
0.0909090909090909
0.0909090909090909
0.0909090909090909
0.0909090909090909
0.0909090909090909
0.0909090909090909
0.0909090909090909
0.0909090909090909
0.0909090909090909
0.0909090909090909
0.0909090909090909
0.113636363636364
0.136363636363636
0.136363636363636
0.159090909090909
0.159090909090909
0.159090909090909
0.204545454545455
0.204545454545455
0.227272727272727
0.227272727272727
0.25
0.25
0.25
0.227272727272727
0.227272727272727
0.25
0.272727272727273
0.272727272727273
0.272727272727273
0.272727272727273
0.272727272727273
0.272727272727273
0.272727272727273
0.295454545454545
0.318181818181818
0.318181818181818
0.318181818181818
0.318181818181818
0.340909090909091
0.340909090909091
0.318181818181818
0.318181818181818
0.318181818181818
0.318181818181818
0.318181818181818
0.318181818181818
0.318181818181818
0.318181818181818
0.318181818181818
0.318181818181818
0.340909090909091
0.340909090909091
0.340909090909091
0.363636363636364
0.340909090909091
0.318181818181818
0.318181818181818
0.295454545454545
0.295454545454545
0.295454545454545
0.25
0.25
0.25
0.272727272727273
0.25
0.25
0.25
0.25
0.25
0.227272727272727
0.227272727272727
0.25
0.25
0.227272727272727
0.227272727272727
0.227272727272727
0.227272727272727
0.204545454545455
0.181818181818182
0.181818181818182
0.159090909090909
0.159090909090909
0.136363636363636
0.136363636363636
0.136363636363636
0.136363636363636
0.136363636363636
0.136363636363636
0.136363636363636
0.136363636363636
0.136363636363636
0.136363636363636
0.136363636363636
0.136363636363636
0.113636363636364
0.136363636363636
0.136363636363636
0.181818181818182
0.204545454545455
0.204545454545455
0.25
0.25
0.25
0.25
0.272727272727273
0.295454545454545
0.272727272727273
0.25
0.25
0.25
0.25
0.25
0.25
0.25
0.227272727272727
0.204545454545455
0.204545454545455
0.204545454545455
0.204545454545455
0.204545454545455
0.204545454545455
0.204545454545455
0.227272727272727
0.227272727272727
0.227272727272727
0.227272727272727
0.25
0.272727272727273
0.272727272727273
0.272727272727273
0.272727272727273
0.295454545454545
0.295454545454545
0.295454545454545
0.318181818181818
0.318181818181818
0.318181818181818
0.318181818181818
0.318181818181818
0.318181818181818
0.318181818181818
0.25
0.227272727272727
0.227272727272727
0.181818181818182
0.181818181818182
0.181818181818182
0.181818181818182
0.159090909090909
0.136363636363636
0.136363636363636
0.136363636363636
0.136363636363636
0.136363636363636
0.136363636363636
0.136363636363636
0.136363636363636
0.136363636363636
0.136363636363636
0.136363636363636
0.136363636363636
0.136363636363636
0.159090909090909
0.159090909090909
0.159090909090909
0.159090909090909
0.159090909090909
0.159090909090909
0.159090909090909
0.181818181818182
0.181818181818182
0.159090909090909
0.159090909090909
0.159090909090909
0.159090909090909
0.136363636363636
0.136363636363636
0.136363636363636
0.113636363636364
0.113636363636364
0.113636363636364
0.113636363636364
0.113636363636364
0.0909090909090909
0.0909090909090909
0.0909090909090909
0.0909090909090909
0.0909090909090909
0.0909090909090909
0.0909090909090909
0.0909090909090909
0.0909090909090909
0.0909090909090909
0.0909090909090909
0.0909090909090909
0.0909090909090909
0.0909090909090909
0.0909090909090909
0.0909090909090909
0.0909090909090909
0.0909090909090909
0.0909090909090909
0.0909090909090909
0.0909090909090909
0.0909090909090909
0.0909090909090909
0.0681818181818182
0.0681818181818182
0.0681818181818182
0.0681818181818182
0.0454545454545455
0.0454545454545455
0.0454545454545455
0.0227272727272727
0
0
0
0
0.0227272727272727
0.0227272727272727
0.0227272727272727
0.0227272727272727
0.0227272727272727
0.0227272727272727
0.0227272727272727
0.0227272727272727
0.0227272727272727
0.0227272727272727
0.0227272727272727
0.0227272727272727
0.0227272727272727
0.0227272727272727
0.0227272727272727
0.0227272727272727
0.0227272727272727
0.0227272727272727
0.0227272727272727
0.0227272727272727
0.0227272727272727
0.0227272727272727
0.0227272727272727
0.0227272727272727
0.0227272727272727
0.0227272727272727
0.0227272727272727
0.0227272727272727
0.0227272727272727
0.0227272727272727
0.0227272727272727
0.0454545454545455
0.0454545454545455
0.0454545454545455
0.0454545454545455
0.0454545454545455
0.0454545454545455
0.0454545454545455
0.0454545454545455
0.0454545454545455
0.0454545454545455
0.0454545454545455
0.0454545454545455
0.0454545454545455
0.0227272727272727
0.0227272727272727
0.0454545454545455
0.0454545454545455
0.0681818181818182
0.0681818181818182
0.0681818181818182
0.0909090909090909
0.0909090909090909
0.0909090909090909
0.0909090909090909
0.0909090909090909
0.0909090909090909
0.0909090909090909
0.113636363636364
0.136363636363636
0.136363636363636
0.136363636363636
0.159090909090909
0.181818181818182
0.181818181818182
0.181818181818182
0.181818181818182
0.181818181818182
0.181818181818182
0.181818181818182
0.204545454545455
0.204545454545455
0.204545454545455
0.204545454545455
0.227272727272727
0.204545454545455
0.204545454545455
0.204545454545455
0.204545454545455
0.204545454545455
0.204545454545455
0.204545454545455
0.227272727272727
0.227272727272727
0.25
0.25
0.25
0.25
0.25
0.25
0.227272727272727
0.227272727272727
0.227272727272727
0.25
0.272727272727273
0.272727272727273
0.272727272727273
0.272727272727273
0.295454545454545
0.318181818181818
0.318181818181818
0.340909090909091
0.318181818181818
0.295454545454545
0.318181818181818
0.318181818181818
0.295454545454545
0.295454545454545
0.295454545454545
0.295454545454545
0.295454545454545
0.295454545454545
0.295454545454545
0.363636363636364
0.340909090909091
0.340909090909091
0.340909090909091
0.340909090909091
0.318181818181818
0.340909090909091
0.340909090909091
0.363636363636364
0.363636363636364
0.363636363636364
0.363636363636364
0.363636363636364
0.340909090909091
0.386363636363636
0.363636363636364
0.363636363636364
0.386363636363636
0.386363636363636
0.386363636363636
0.386363636363636
0.386363636363636
0.386363636363636
0.363636363636364
0.340909090909091
0.318181818181818
0.295454545454545
0.295454545454545
0.295454545454545
0.272727272727273
0.25
0.25
0.25
0.272727272727273
0.318181818181818
0.340909090909091
0.409090909090909
0.477272727272727
0.5
0.545454545454545
0.568181818181818
0.613636363636364
0.659090909090909
0.681818181818182
0.659090909090909
0.727272727272727
0.772727272727273
0.818181818181818
0.818181818181818
0.840909090909091
0.818181818181818
0.818181818181818
0.795454545454545
0.818181818181818
0.818181818181818
0.818181818181818
0.818181818181818
0.818181818181818
0.772727272727273
0.772727272727273
0.795454545454545
0.772727272727273
0.772727272727273
0.772727272727273
0.772727272727273
0.772727272727273
0.772727272727273
0.772727272727273
0.772727272727273
0.772727272727273
0.772727272727273
0.772727272727273
0.772727272727273
0.772727272727273
0.772727272727273
0.772727272727273
0.772727272727273
0.75
0.704545454545455
0.659090909090909
0.590909090909091
0.522727272727273
0.477272727272727
0.431818181818182
0.409090909090909
0.363636363636364
0.318181818181818
0.318181818181818
0.295454545454545
0.227272727272727
0.181818181818182
0.136363636363636
0.136363636363636
0.113636363636364
0.113636363636364
0.113636363636364
0.113636363636364
0.0909090909090909
0.113636363636364
0.113636363636364
0.113636363636364
0.113636363636364
0.136363636363636
0.136363636363636
0.113636363636364
0.113636363636364
0.113636363636364
0.136363636363636
0.136363636363636
0.136363636363636
0.159090909090909
0.159090909090909
0.181818181818182
0.181818181818182
0.181818181818182
0.181818181818182
0.181818181818182
0.204545454545455
0.204545454545455
0.25
0.227272727272727
0.227272727272727
0.227272727272727
0.227272727272727
0.227272727272727
0.227272727272727
0.227272727272727
0.25
0.25
0.25
0.25
0.25
0.227272727272727
0.25
0.25
0.25
0.25
0.25
0.25
0.25
0.25
0.25
0.227272727272727
0.227272727272727
0.227272727272727
0.25
0.227272727272727
0.227272727272727
0.227272727272727
0.227272727272727
0.227272727272727
0.204545454545455
0.204545454545455
0.204545454545455
0.181818181818182
0.181818181818182
0.159090909090909
0.159090909090909
0.159090909090909
0.159090909090909
0.159090909090909
0.136363636363636
0.136363636363636
0.0909090909090909
0.0909090909090909
0.0909090909090909
0.0909090909090909
0.0909090909090909
0.0909090909090909
0.0909090909090909
0.0909090909090909
0.0681818181818182
0.0681818181818182
0.0681818181818182
0.0681818181818182
0.0454545454545455
0.0454545454545455
0.0227272727272727
0.0227272727272727
0.0227272727272727
0.0227272727272727
0.0227272727272727
0.0227272727272727
0.0227272727272727
0.0227272727272727
0.0227272727272727
0.0227272727272727
0.0454545454545455
0.0454545454545455
0.0454545454545455
0.0454545454545455
0.0454545454545455
0.0454545454545455
0.0454545454545455
0.0454545454545455
0.0454545454545455
0.0454545454545455
0.0454545454545455
0.0454545454545455
0.0454545454545455
0.0454545454545455
0.0454545454545455
0.0454545454545455
0.0454545454545455
0.0454545454545455
0.0454545454545455
0.0454545454545455
0.0454545454545455
0.0454545454545455
0.0454545454545455
0.0454545454545455
0.0454545454545455
0.0454545454545455
0.0454545454545455
0.0454545454545455
0.0454545454545455
0.0454545454545455
0.0454545454545455
0.0454545454545455
0.0454545454545455
0.0454545454545455
0.0454545454545455
0.0454545454545455
0.0454545454545455
0.0454545454545455
0.0454545454545455
0.0454545454545455
0.0454545454545455
0.0454545454545455
0.0454545454545455
0.0454545454545455
0.0227272727272727
0.0227272727272727
0
0
0
0
0
0
0
0
0
0
0
0
0
0.0454545454545455
0.0454545454545455
0.0454545454545455
0.0454545454545455
0.0681818181818182
0.0681818181818182
0.0681818181818182
0.0681818181818182
0.0681818181818182
0.0681818181818182
0.0909090909090909
0.0909090909090909
0.0909090909090909
0.0909090909090909
0.113636363636364
0.113636363636364
0.113636363636364
0.113636363636364
0.136363636363636
0.136363636363636
0.136363636363636
0.136363636363636
0.136363636363636
0.136363636363636
0.159090909090909
0.159090909090909
0.159090909090909
0.181818181818182
0.181818181818182
0.181818181818182
0.181818181818182
0.181818181818182
0.181818181818182
0.181818181818182
0.181818181818182
0.181818181818182
0.181818181818182
0.181818181818182
0.181818181818182
0.204545454545455
0.204545454545455
0.204545454545455
0.204545454545455
0.204545454545455
0.159090909090909
0.159090909090909
0.159090909090909
0.159090909090909
0.136363636363636
0.136363636363636
0.136363636363636
0.136363636363636
0.136363636363636
0.136363636363636
0.113636363636364
0.113636363636364
0.136363636363636
0.136363636363636
0.113636363636364
0.113636363636364
0.113636363636364
0.113636363636364
0.0909090909090909
0.0909090909090909
0.0909090909090909
0.113636363636364
0.136363636363636
0.136363636363636
0.113636363636364
0.113636363636364
0.113636363636364
0.113636363636364
0.113636363636364
0.113636363636364
0.113636363636364
0.113636363636364
0.113636363636364
0.136363636363636
0.136363636363636
0.136363636363636
0.136363636363636
0.136363636363636
0.136363636363636
0.113636363636364
0.113636363636364
0.113636363636364
0.136363636363636
0.136363636363636
0.136363636363636
0.136363636363636
0.136363636363636
0.136363636363636
0.136363636363636
0.181818181818182
0.181818181818182
0.181818181818182
0.181818181818182
0.181818181818182
0.181818181818182
0.181818181818182
0.159090909090909
0.159090909090909
0.181818181818182
0.181818181818182
0.181818181818182
0.181818181818182
0.181818181818182
0.204545454545455
0.204545454545455
0.181818181818182
0.159090909090909
0.159090909090909
0.159090909090909
0.159090909090909
0.159090909090909
0.136363636363636
0.136363636363636
0.159090909090909
0.159090909090909
0.159090909090909
0.159090909090909
0.136363636363636
0.136363636363636
0.136363636363636
0.136363636363636
0.136363636363636
0.136363636363636
0.136363636363636
0.136363636363636
0.136363636363636
0.136363636363636
0.159090909090909
0.181818181818182
0.181818181818182
0.181818181818182
0.181818181818182
0.181818181818182
0.136363636363636
0.136363636363636
0.136363636363636
0.136363636363636
0.136363636363636
0.159090909090909
0.159090909090909
0.159090909090909
0.159090909090909
0.136363636363636
0.136363636363636
0.136363636363636
0.136363636363636
0.136363636363636
0.113636363636364
0.113636363636364
0.113636363636364
0.113636363636364
0.113636363636364
0.113636363636364
0.113636363636364
0.113636363636364
0.136363636363636
0.136363636363636
0.113636363636364
0.113636363636364
0.113636363636364
0.113636363636364
0.113636363636364
0.113636363636364
0.113636363636364
0.113636363636364
0.113636363636364
0.113636363636364
0.113636363636364
0.113636363636364
0.113636363636364
0.0909090909090909
0.0681818181818182
0.0454545454545455
0.0681818181818182
0.0681818181818182
0.0681818181818182
0.0681818181818182
0.0681818181818182
0.0681818181818182
0.0681818181818182
0.0681818181818182
0.0681818181818182
0.0454545454545455
0.0454545454545455
0.0454545454545455
0.0454545454545455
0.0681818181818182
0.0681818181818182
0.0681818181818182
0.0681818181818182
0.0681818181818182
0.0681818181818182
0.0681818181818182
0.0681818181818182
0.0681818181818182
0.0681818181818182
0.0681818181818182
0.0681818181818182
0.0681818181818182
0.0454545454545455
0.0454545454545455
0.0454545454545455
0.0454545454545455
0.0454545454545455
0.0454545454545455
0.0454545454545455
0.0454545454545455
0.0454545454545455
0.0454545454545455
0.0454545454545455
0.0454545454545455
0.0681818181818182
0.0681818181818182
0.0681818181818182
0.0681818181818182
0.0681818181818182
0.0681818181818182
0.0454545454545455
0.0454545454545455
0.0454545454545455
0.0454545454545455
0.0454545454545455
0.0454545454545455
0.0454545454545455
0.0454545454545455
0.0454545454545455
0.0454545454545455
0.0454545454545455
0.0454545454545455
0.0454545454545455
0.0227272727272727
0.0227272727272727
0.0227272727272727
0.0227272727272727
0.0227272727272727
0.0227272727272727
0.0227272727272727
0.0227272727272727
0.0227272727272727
0.0227272727272727
0.0227272727272727
0.0227272727272727
0.0227272727272727
0.0227272727272727
0.0227272727272727
0.0227272727272727
0.0227272727272727
0.0454545454545455
0.0454545454545455
0.0454545454545455
0.0454545454545455
0.0454545454545455
0.0454545454545455
0.0454545454545455
0.0454545454545455
0.0227272727272727
0.0227272727272727
0.0227272727272727
0.0227272727272727
0.0227272727272727
0.0227272727272727
0.0227272727272727
0.0227272727272727
0.0227272727272727
0.0454545454545455
0.0681818181818182
0.0681818181818182
0.0681818181818182
0.0681818181818182
0.0681818181818182
0.0681818181818182
0.0909090909090909
0.0909090909090909
0.0909090909090909
0.0909090909090909
0.0909090909090909
0.0909090909090909
0.113636363636364
0.113636363636364
0.136363636363636
0.136363636363636
0.136363636363636
0.159090909090909
0.159090909090909
0.159090909090909
0.159090909090909
0.159090909090909
0.159090909090909
0.159090909090909
0.181818181818182
0.181818181818182
0.159090909090909
0.181818181818182
0.204545454545455
0.204545454545455
0.204545454545455
0.227272727272727
0.227272727272727
0.227272727272727
0.227272727272727
0.227272727272727
0.227272727272727
0.227272727272727
0.227272727272727
0.25
0.25
0.25
0.272727272727273
0.25
0.227272727272727
0.295454545454545
0.295454545454545
0.295454545454545
0.295454545454545
0.295454545454545
0.272727272727273
0.295454545454545
0.295454545454545
0.295454545454545
0.295454545454545
0.295454545454545
0.295454545454545
0.295454545454545
0.295454545454545
0.340909090909091
0.386363636363636
0.363636363636364
0.363636363636364
0.363636363636364
0.363636363636364
0.363636363636364
0.386363636363636
0.386363636363636
0.363636363636364
0.363636363636364
0.363636363636364
0.363636363636364
0.340909090909091
0.363636363636364
0.386363636363636
0.363636363636364
0.363636363636364
0.363636363636364
0.363636363636364
0.363636363636364
0.363636363636364
0.363636363636364
0.363636363636364
0.340909090909091
0.340909090909091
0.340909090909091
0.340909090909091
0.340909090909091
0.340909090909091
0.272727272727273
0.272727272727273
0.272727272727273
0.272727272727273
0.272727272727273
0.295454545454545
0.272727272727273
0.272727272727273
0.295454545454545
0.295454545454545
0.295454545454545
0.272727272727273
0.272727272727273
0.25
0.204545454545455
0.159090909090909
0.159090909090909
0.159090909090909
0.181818181818182
0.204545454545455
0.204545454545455
0.181818181818182
0.181818181818182
0.181818181818182
0.204545454545455
0.204545454545455
0.181818181818182
0.181818181818182
0.181818181818182
0.159090909090909
0.159090909090909
0.181818181818182
0.181818181818182
0.181818181818182
0.181818181818182
0.181818181818182
0.204545454545455
0.204545454545455
0.204545454545455
0.227272727272727
0.227272727272727
0.227272727272727
0.227272727272727
0.227272727272727
0.227272727272727
0.227272727272727
0.227272727272727
0.227272727272727
0.227272727272727
0.204545454545455
0.204545454545455
0.204545454545455
0.181818181818182
0.204545454545455
0.204545454545455
0.204545454545455
0.204545454545455
0.204545454545455
0.227272727272727
0.227272727272727
0.227272727272727
0.227272727272727
0.204545454545455
0.181818181818182
0.181818181818182
0.181818181818182
0.181818181818182
0.181818181818182
0.159090909090909
0.159090909090909
0.181818181818182
0.181818181818182
0.159090909090909
0.159090909090909
0.159090909090909
0.136363636363636
0.136363636363636
0.136363636363636
0.136363636363636
0.136363636363636
0.113636363636364
0.136363636363636
0.159090909090909
0.136363636363636
0.136363636363636
0.113636363636364
0.136363636363636
0.136363636363636
0.136363636363636
0.136363636363636
0.136363636363636
0.136363636363636
0.136363636363636
0.136363636363636
0.136363636363636
0.136363636363636
0.136363636363636
0.136363636363636
0.136363636363636
0.159090909090909
0.181818181818182
0.204545454545455
0.204545454545455
0.227272727272727
0.25
0.25
0.272727272727273
0.272727272727273
0.272727272727273
0.272727272727273
0.272727272727273
0.318181818181818
0.340909090909091
0.340909090909091
0.318181818181818
0.318181818181818
0.318181818181818
0.318181818181818
0.318181818181818
0.340909090909091
0.340909090909091
0.340909090909091
0.340909090909091
0.340909090909091
0.363636363636364
0.340909090909091
0.318181818181818
0.318181818181818
0.318181818181818
0.318181818181818
0.295454545454545
0.295454545454545
0.295454545454545
0.318181818181818
0.318181818181818
0.318181818181818
0.318181818181818
0.340909090909091
0.340909090909091
0.363636363636364
0.386363636363636
0.363636363636364
0.363636363636364
0.340909090909091
0.318181818181818
0.295454545454545
0.295454545454545
0.272727272727273
0.25
0.25
0.227272727272727
0.227272727272727
0.227272727272727
0.227272727272727
0.227272727272727
0.181818181818182
0.159090909090909
0.159090909090909
0.181818181818182
0.181818181818182
0.181818181818182
0.181818181818182
0.181818181818182
0.159090909090909
0.159090909090909
0.159090909090909
0.159090909090909
0.159090909090909
0.136363636363636
0.136363636363636
0.136363636363636
0.159090909090909
0.181818181818182
0.181818181818182
0.204545454545455
0.204545454545455
0.25
0.25
0.272727272727273
0.363636363636364
0.431818181818182
0.431818181818182
0.431818181818182
0.454545454545455
0.454545454545455
0.477272727272727
0.522727272727273
0.522727272727273
0.545454545454545
0.590909090909091
0.590909090909091
0.659090909090909
0.727272727272727
0.75
0.75
0.818181818181818
0.818181818181818
0.886363636363636
0.931818181818182
0.931818181818182
0.954545454545455
1
1.02272727272727
1.04545454545455
1.06818181818182
1.11363636363636
1.18181818181818
1.20454545454545
1.27272727272727
1.29545454545455
1.36363636363636
1.36363636363636
1.40909090909091
1.43181818181818
1.5
1.52272727272727
1.52272727272727
1.59090909090909
1.65909090909091
1.72727272727273
1.81818181818182
1.84090909090909
1.81818181818182
1.75
1.72727272727273
1.79545454545455
1.84090909090909
1.81818181818182
1.81818181818182
1.86363636363636
1.88636363636364
1.95454545454545
1.93181818181818
2.02272727272727
2.02272727272727
1.95454545454545
1.93181818181818
1.97727272727273
2.06818181818182
2.09090909090909
2.20454545454545
2.25
2.31818181818182
2.38636363636364
2.43181818181818
2.38636363636364
2.40909090909091
2.52272727272727
2.5
2.47727272727273
2.45454545454545
2.45454545454545
2.38636363636364
2.40909090909091
2.38636363636364
2.5
2.47727272727273
2.5
2.5
2.47727272727273
2.47727272727273
2.54545454545455
2.52272727272727
2.54545454545455
2.45454545454545
2.45454545454545
2.52272727272727
2.5
2.5
2.45454545454545
2.45454545454545
2.43181818181818
2.45454545454545
2.47727272727273
2.45454545454545
2.45454545454545
2.52272727272727
2.54545454545455
2.56818181818182
2.65909090909091
2.68181818181818
2.70454545454545
2.65909090909091
2.61363636363636
2.54545454545455
2.43181818181818
2.36363636363636
2.38636363636364
2.43181818181818
2.52272727272727
2.5
2.5
2.52272727272727
2.59090909090909
2.56818181818182
2.59090909090909
2.68181818181818
2.77272727272727
2.75
2.72727272727273
2.72727272727273
2.68181818181818
2.61363636363636
2.63636363636364
2.65909090909091
2.56818181818182
2.52272727272727
2.54545454545455
2.63636363636364
2.70454545454545
2.63636363636364
2.75
2.77272727272727
2.75
2.70454545454545
2.72727272727273
2.68181818181818
2.63636363636364
2.72727272727273
2.68181818181818
2.68181818181818
2.59090909090909
2.59090909090909
2.59090909090909
2.54545454545455
2.5
2.45454545454545
2.45454545454545
2.43181818181818
2.47727272727273
2.54545454545455
2.5
2.43181818181818
2.40909090909091
2.38636363636364
2.31818181818182
2.36363636363636
2.40909090909091
2.43181818181818
2.43181818181818
2.36363636363636
2.31818181818182
2.31818181818182
2.27272727272727
2.27272727272727
2.34090909090909
2.45454545454545
2.47727272727273
2.43181818181818
2.40909090909091
2.40909090909091
2.34090909090909
2.25
2.20454545454545
2.20454545454545
2.13636363636364
2.09090909090909
2.06818181818182
2.06818181818182
2.09090909090909
2.11363636363636
2.13636363636364
2.04545454545455
2.06818181818182
2
1.95454545454545
1.90909090909091
1.81818181818182
1.79545454545455
1.81818181818182
1.81818181818182
1.79545454545455
1.81818181818182
1.77272727272727
1.72727272727273
1.68181818181818
1.63636363636364
1.61363636363636
1.59090909090909
1.54545454545455
1.5
1.38636363636364
1.36363636363636
1.36363636363636
1.34090909090909
1.27272727272727
1.25
1.20454545454545
1.18181818181818
1.11363636363636
1
0.954545454545455
0.977272727272727
0.954545454545455
0.931818181818182
0.886363636363636
0.840909090909091
0.772727272727273
0.795454545454545
0.75
0.75
0.75
0.795454545454545
0.75
0.727272727272727
0.659090909090909
0.613636363636364
0.568181818181818
0.568181818181818
0.545454545454545
0.545454545454545
0.545454545454545
0.545454545454545
0.477272727272727
0.477272727272727
0.454545454545455
0.409090909090909
0.409090909090909
0.340909090909091
0.340909090909091
0.340909090909091
0.295454545454545
0.295454545454545
0.272727272727273
0.25
0.227272727272727
0.204545454545455
0.159090909090909
0.159090909090909
0.136363636363636
0.136363636363636
0.136363636363636
0.136363636363636
0.136363636363636
0.136363636363636
0.113636363636364
0.0909090909090909
0.113636363636364
0.113636363636364
0.113636363636364
0.113636363636364
0.113636363636364
0.113636363636364
0.113636363636364
0.0909090909090909
0.0909090909090909
0.0454545454545455
0.0454545454545455
0.0454545454545455
0.0454545454545455
0.0454545454545455
0.0454545454545455
0.0454545454545455
0.0454545454545455
0.0454545454545455
0.0681818181818182
0.0681818181818182
0.0909090909090909
0.113636363636364
0.113636363636364
0.113636363636364
0.113636363636364
0.136363636363636
0.159090909090909
0.181818181818182
0.204545454545455
0.204545454545455
0.25
0.295454545454545
0.295454545454545
0.295454545454545
0.340909090909091
0.386363636363636
0.386363636363636
0.409090909090909
0.409090909090909
0.431818181818182
0.431818181818182
0.454545454545455
0.522727272727273
0.568181818181818
0.568181818181818
0.681818181818182
0.681818181818182
0.681818181818182
0.681818181818182
0.681818181818182
0.681818181818182
0.681818181818182
0.681818181818182
0.727272727272727
0.772727272727273
0.863636363636364
0.863636363636364
0.909090909090909
0.954545454545455
0.954545454545455
0.977272727272727
1
1.04545454545455
1.09090909090909
1.18181818181818
1.18181818181818
1.25
1.27272727272727
1.29545454545455
1.36363636363636
1.36363636363636
1.36363636363636
1.43181818181818
1.45454545454545
1.47727272727273
1.43181818181818
1.45454545454545
1.5
1.47727272727273
1.5
1.5
1.52272727272727
1.56818181818182
1.59090909090909
1.65909090909091
1.65909090909091
1.61363636363636
1.59090909090909
1.59090909090909
1.54545454545455
1.61363636363636
1.65909090909091
1.65909090909091
1.72727272727273
1.75
1.77272727272727
1.77272727272727
1.72727272727273
1.75
1.68181818181818
1.68181818181818
1.68181818181818
1.75
1.77272727272727
1.88636363636364
1.93181818181818
1.90909090909091
1.88636363636364
1.84090909090909
1.90909090909091
1.97727272727273
1.97727272727273
1.97727272727273
1.93181818181818
1.97727272727273
1.95454545454545
1.95454545454545
1.97727272727273
1.97727272727273
2
2
2.09090909090909
2.11363636363636
2.04545454545455
2.06818181818182
2.04545454545455
2.02272727272727
2
2
2.02272727272727
2.02272727272727
2.02272727272727
2.04545454545455
1.97727272727273
1.95454545454545
1.97727272727273
2.02272727272727
1.97727272727273
1.97727272727273
1.97727272727273
2.02272727272727
2.04545454545455
1.97727272727273
1.97727272727273
1.97727272727273
2
1.93181818181818
1.90909090909091
1.81818181818182
1.77272727272727
1.79545454545455
1.79545454545455
1.72727272727273
1.65909090909091
1.56818181818182
1.54545454545455
1.54545454545455
1.5
1.43181818181818
1.45454545454545
1.36363636363636
1.34090909090909
1.29545454545455
1.31818181818182
1.40909090909091
1.27272727272727
1.22727272727273
1.27272727272727
1.25
1.27272727272727
1.27272727272727
1.31818181818182
1.27272727272727
1.27272727272727
1.29545454545455
1.36363636363636
1.34090909090909
1.43181818181818
1.47727272727273
1.45454545454545
1.52272727272727
1.59090909090909
1.61363636363636
1.61363636363636
1.61363636363636
1.61363636363636
1.72727272727273
1.79545454545455
1.84090909090909
1.79545454545455
1.84090909090909
1.88636363636364
1.86363636363636
1.86363636363636
1.81818181818182
1.86363636363636
1.97727272727273
1.97727272727273
2
2.02272727272727
2.09090909090909
2.11363636363636
2.11363636363636
2.11363636363636
2.22727272727273
2.31818181818182
2.34090909090909
2.31818181818182
2.22727272727273
2.25
2.31818181818182
2.29545454545455
2.29545454545455
2.29545454545455
2.27272727272727
2.20454545454545
2.22727272727273
2.22727272727273
2.18181818181818
2.11363636363636
2.09090909090909
2
1.90909090909091
1.86363636363636
1.75
1.63636363636364
1.61363636363636
1.63636363636364
1.59090909090909
1.59090909090909
1.5
1.43181818181818
1.38636363636364
1.40909090909091
1.31818181818182
1.27272727272727
1.25
1.25
1.25
1.18181818181818
1.06818181818182
1.04545454545455
0.977272727272727
0.954545454545455
0.863636363636364
0.840909090909091
0.840909090909091
0.818181818181818
0.704545454545455
0.590909090909091
0.545454545454545
0.545454545454545
0.522727272727273
0.5
0.431818181818182
0.409090909090909
0.431818181818182
0.386363636363636
0.386363636363636
0.386363636363636
0.340909090909091
0.295454545454545
0.295454545454545
0.272727272727273
0.272727272727273
0.272727272727273
0.272727272727273
0.272727272727273
0.272727272727273
0.272727272727273
0.25
0.204545454545455
0.204545454545455
0.181818181818182
0.159090909090909
0.136363636363636
0.136363636363636
0.113636363636364
0.113636363636364
0.113636363636364
0.113636363636364
0.0909090909090909
0.0681818181818182
0.0681818181818182
0.0681818181818182
0.0681818181818182
0.0681818181818182
0.0681818181818182
0.0681818181818182
0.0681818181818182
0.0681818181818182
0.0681818181818182
0.0909090909090909
0.0909090909090909
0.113636363636364
0.113636363636364
0.136363636363636
0.136363636363636
0.136363636363636
0.136363636363636
0.113636363636364
0.113636363636364
0.113636363636364
0.113636363636364
0.113636363636364
0.113636363636364
0.204545454545455
0.204545454545455
0.227272727272727
0.227272727272727
0.227272727272727
0.227272727272727
0.227272727272727
0.227272727272727
0.25
0.25
0.25
0.25
0.25
0.272727272727273
0.272727272727273
0.295454545454545
0.386363636363636
0.409090909090909
0.431818181818182
0.454545454545455
0.454545454545455
0.454545454545455
0.477272727272727
0.477272727272727
0.5
0.568181818181818
0.568181818181818
0.636363636363636
0.704545454545455
0.75
0.75
0.772727272727273
0.772727272727273
0.75
0.727272727272727
0.727272727272727
0.727272727272727
0.727272727272727
0.772727272727273
0.818181818181818
0.818181818181818
0.840909090909091
0.909090909090909
0.954545454545455
0.909090909090909
0.931818181818182
0.954545454545455
0.977272727272727
1.02272727272727
1.04545454545455
1.09090909090909
1.11363636363636
1.09090909090909
1.09090909090909
1.11363636363636
1.13636363636364
1.18181818181818
1.15909090909091
1.18181818181818
1.22727272727273
1.18181818181818
1.25
1.25
1.25
1.29545454545455
1.36363636363636
1.34090909090909
1.47727272727273
1.47727272727273
1.45454545454545
1.45454545454545
1.47727272727273
1.45454545454545
1.47727272727273
1.5
1.54545454545455
1.56818181818182
1.63636363636364
1.68181818181818
1.68181818181818
1.68181818181818
1.70454545454545
1.65909090909091
1.65909090909091
1.65909090909091
1.72727272727273
1.72727272727273
1.70454545454545
1.68181818181818
1.68181818181818
1.63636363636364
1.63636363636364
1.59090909090909
1.61363636363636
1.61363636363636
1.68181818181818
1.68181818181818
1.72727272727273
1.70454545454545
1.70454545454545
1.72727272727273
1.79545454545455
1.77272727272727
1.72727272727273
1.72727272727273
1.68181818181818
1.68181818181818
1.65909090909091
1.63636363636364
1.56818181818182
1.63636363636364
1.5
1.5
1.54545454545455
1.63636363636364
1.59090909090909
1.59090909090909
1.56818181818182
1.52272727272727
1.5
1.45454545454545
1.40909090909091
1.40909090909091
1.40909090909091
1.47727272727273
1.45454545454545
1.5
1.47727272727273
1.47727272727273
1.5
1.47727272727273
1.52272727272727
1.52272727272727
1.63636363636364
1.65909090909091
1.68181818181818
1.68181818181818
1.68181818181818
1.70454545454545
1.65909090909091
1.68181818181818
1.65909090909091
1.72727272727273
1.77272727272727
1.81818181818182
1.81818181818182
1.88636363636364
1.90909090909091
1.88636363636364
1.86363636363636
1.84090909090909
1.86363636363636
1.88636363636364
1.93181818181818
1.93181818181818
1.97727272727273
2.02272727272727
1.93181818181818
1.97727272727273
1.95454545454545
1.90909090909091
1.88636363636364
1.90909090909091
1.86363636363636
1.86363636363636
1.95454545454545
1.95454545454545
1.95454545454545
2
2.02272727272727
2
2.02272727272727
2.04545454545455
2.02272727272727
2.06818181818182
2.04545454545455
2.04545454545455
1.95454545454545
2
1.95454545454545
1.97727272727273
1.93181818181818
1.93181818181818
1.90909090909091
1.90909090909091
1.90909090909091
1.86363636363636
1.81818181818182
1.70454545454545
1.68181818181818
1.63636363636364
1.61363636363636
1.63636363636364
1.63636363636364
1.63636363636364
1.63636363636364
1.63636363636364
1.61363636363636
1.54545454545455
1.5
1.45454545454545
1.47727272727273
1.36363636363636
1.36363636363636
1.38636363636364
1.36363636363636
1.34090909090909
1.38636363636364
1.38636363636364
1.29545454545455
1.27272727272727
1.27272727272727
1.15909090909091
1.18181818181818
1.15909090909091
1.11363636363636
1.11363636363636
1.02272727272727
0.931818181818182
0.909090909090909
0.909090909090909
0.886363636363636
0.818181818181818
0.818181818181818
0.795454545454545
0.795454545454545
0.727272727272727
0.704545454545455
0.681818181818182
0.681818181818182
0.681818181818182
0.659090909090909
0.659090909090909
0.613636363636364
0.590909090909091
0.545454545454545
0.5
0.522727272727273
0.545454545454545
0.522727272727273
0.477272727272727
0.454545454545455
0.454545454545455
0.454545454545455
0.431818181818182
0.431818181818182
0.409090909090909
0.386363636363636
0.363636363636364
0.363636363636364
0.363636363636364
0.318181818181818
0.318181818181818
0.295454545454545
0.272727272727273
0.272727272727273
0.272727272727273
0.227272727272727
0.227272727272727
0.227272727272727
0.204545454545455
0.204545454545455
0.227272727272727
0.204545454545455
0.181818181818182
0.159090909090909
0.159090909090909
0.159090909090909
0.159090909090909
0.159090909090909
0.159090909090909
0.159090909090909
0.159090909090909
0.136363636363636
0.136363636363636
0.136363636363636
0.136363636363636
0.136363636363636
0.136363636363636
0.136363636363636
0.136363636363636
0.0909090909090909
0.0909090909090909
0.0909090909090909
0.0909090909090909
0.0909090909090909
0.113636363636364
0.136363636363636
0.136363636363636
0.113636363636364
0.113636363636364
0.113636363636364
0.113636363636364
0.136363636363636
0.136363636363636
0.136363636363636
0.136363636363636
0.136363636363636
0.136363636363636
0.159090909090909
0.181818181818182
0.204545454545455
0.204545454545455
0.204545454545455
0.25
0.272727272727273
0.25
0.272727272727273
0.318181818181818
0.363636363636364
0.363636363636364
0.386363636363636
0.409090909090909
0.409090909090909
0.409090909090909
0.409090909090909
0.454545454545455
0.590909090909091
0.613636363636364
0.613636363636364
0.613636363636364
0.613636363636364
0.636363636363636
0.636363636363636
0.772727272727273
0.863636363636364
0.931818181818182
1
1.02272727272727
1.09090909090909
1.09090909090909
1.06818181818182
1.06818181818182
1.15909090909091
1.18181818181818
1.22727272727273
1.29545454545455
1.27272727272727
1.27272727272727
1.29545454545455
1.31818181818182
1.38636363636364
1.45454545454545
1.47727272727273
1.5
1.54545454545455
1.59090909090909
1.61363636363636
1.63636363636364
1.63636363636364
1.63636363636364
1.68181818181818
1.75
1.70454545454545
1.75
1.79545454545455
1.84090909090909
1.95454545454545
2
2.04545454545455
2.11363636363636
2.06818181818182
2.04545454545455
2.13636363636364
2.18181818181818
2.27272727272727
2.29545454545455
2.29545454545455
2.22727272727273
2.22727272727273
2.13636363636364
2.11363636363636
2.13636363636364
2.13636363636364
2.13636363636364
2.22727272727273
2.27272727272727
2.22727272727273
2.22727272727273
2.20454545454545
2.38636363636364
2.45454545454545
2.5
2.5
2.54545454545455
2.56818181818182
2.52272727272727
2.54545454545455
2.52272727272727
2.47727272727273
2.43181818181818
2.45454545454545
2.47727272727273
2.5
2.61363636363636
2.63636363636364
2.54545454545455
2.56818181818182
2.52272727272727
2.45454545454545
2.40909090909091
2.31818181818182
2.31818181818182
2.31818181818182
2.25
2.18181818181818
2.15909090909091
2.09090909090909
2.06818181818182
2.02272727272727
2.06818181818182
2.09090909090909
2.04545454545455
2.02272727272727
2.04545454545455
2.02272727272727
2
1.97727272727273
1.97727272727273
1.88636363636364
1.88636363636364
1.86363636363636
1.86363636363636
1.84090909090909
1.61363636363636
1.59090909090909
1.56818181818182
1.56818181818182
1.5
1.40909090909091
1.40909090909091
1.36363636363636
1.43181818181818
1.43181818181818
1.43181818181818
1.43181818181818
1.38636363636364
1.43181818181818
1.34090909090909
1.31818181818182
1.34090909090909
1.36363636363636
1.45454545454545
1.5
1.52272727272727
1.61363636363636
1.56818181818182
1.52272727272727
1.5
1.54545454545455
1.54545454545455
1.63636363636364
1.65909090909091
1.68181818181818
1.59090909090909
1.61363636363636
1.59090909090909
1.54545454545455
1.54545454545455
1.56818181818182
1.61363636363636
1.59090909090909
1.70454545454545
1.75
1.70454545454545
1.75
1.75
1.81818181818182
1.79545454545455
1.81818181818182
1.79545454545455
1.86363636363636
1.88636363636364
1.93181818181818
1.90909090909091
1.88636363636364
1.81818181818182
1.84090909090909
1.88636363636364
1.84090909090909
1.88636363636364
1.84090909090909
1.84090909090909
1.86363636363636
1.84090909090909
1.86363636363636
1.77272727272727
1.75
1.75
1.63636363636364
1.63636363636364
1.68181818181818
1.70454545454545
1.63636363636364
1.65909090909091
1.54545454545455
1.52272727272727
1.47727272727273
1.52272727272727
1.5
1.52272727272727
1.52272727272727
1.5
1.45454545454545
1.38636363636364
1.38636363636364
1.25
1.20454545454545
1.25
1.18181818181818
1.18181818181818
1.13636363636364
1.15909090909091
1.09090909090909
1.09090909090909
1
0.977272727272727
0.954545454545455
0.954545454545455
0.954545454545455
0.931818181818182
0.886363636363636
0.863636363636364
0.909090909090909
0.818181818181818
0.772727272727273
0.75
0.659090909090909
0.636363636363636
0.568181818181818
0.568181818181818
0.545454545454545
0.522727272727273
0.522727272727273
0.545454545454545
0.5
0.454545454545455
0.454545454545455
0.431818181818182
0.431818181818182
0.409090909090909
0.386363636363636
0.340909090909091
0.318181818181818
0.295454545454545
0.272727272727273
0.272727272727273
0.295454545454545
0.295454545454545
0.272727272727273
0.272727272727273
0.295454545454545
0.295454545454545
0.295454545454545
0.272727272727273
0.25
0.227272727272727
0.227272727272727
0.227272727272727
0.227272727272727
0.227272727272727
0.204545454545455
0.204545454545455
0.204545454545455
0.204545454545455
0.204545454545455
0.181818181818182
0.136363636363636
0.159090909090909
0.159090909090909
0.159090909090909
0.159090909090909
0.159090909090909
0.159090909090909
0.159090909090909
0.159090909090909
0.159090909090909
0.159090909090909
0.136363636363636
0.159090909090909
0.159090909090909
0.159090909090909
0.159090909090909
0.159090909090909
0.159090909090909
0.159090909090909
0.159090909090909
0.181818181818182
0.204545454545455
0.204545454545455
0.295454545454545
0.272727272727273
0.295454545454545
0.295454545454545
0.318181818181818
0.295454545454545
0.25
0.272727272727273
0.295454545454545
0.295454545454545
0.295454545454545
0.318181818181818
0.386363636363636
0.386363636363636
0.454545454545455
0.454545454545455
0.477272727272727
0.5
0.522727272727273
0.545454545454545
0.545454545454545
0.545454545454545
0.522727272727273
0.522727272727273
0.568181818181818
0.590909090909091
0.590909090909091
0.636363636363636
0.681818181818182
0.681818181818182
0.681818181818182
0.727272727272727
0.772727272727273
0.818181818181818
0.886363636363636
0.909090909090909
0.977272727272727
1
1
1.04545454545455
1.09090909090909
1.06818181818182
1.11363636363636
1.13636363636364
1.09090909090909
1.11363636363636
1.11363636363636
1.18181818181818
1.20454545454545
1.29545454545455
1.29545454545455
1.29545454545455
1.29545454545455
1.29545454545455
1.29545454545455
1.31818181818182
1.27272727272727
1.27272727272727
1.22727272727273
1.27272727272727
1.27272727272727
1.25
1.29545454545455
1.31818181818182
1.31818181818182
1.34090909090909
1.38636363636364
1.43181818181818
1.38636363636364
1.36363636363636
1.36363636363636
1.34090909090909
1.29545454545455
1.31818181818182
1.29545454545455
1.29545454545455
1.34090909090909
1.27272727272727
1.25
1.29545454545455
1.25
1.27272727272727
1.34090909090909
1.31818181818182
1.36363636363636
1.38636363636364
1.36363636363636
1.36363636363636
1.31818181818182
1.31818181818182
1.34090909090909
1.36363636363636
1.34090909090909
1.25
1.29545454545455
1.34090909090909
1.36363636363636
1.43181818181818
1.45454545454545
1.47727272727273
1.52272727272727
1.52272727272727
1.52272727272727
1.5
1.47727272727273
1.5
1.47727272727273
1.45454545454545
1.5
1.5
1.52272727272727
1.5
1.54545454545455
1.54545454545455
1.54545454545455
1.52272727272727
1.56818181818182
1.59090909090909
1.59090909090909
1.56818181818182
1.5
1.52272727272727
1.5
1.47727272727273
1.47727272727273
1.43181818181818
1.38636363636364
1.38636363636364
1.31818181818182
1.31818181818182
1.29545454545455
1.29545454545455
1.31818181818182
1.31818181818182
1.27272727272727
1.20454545454545
1.20454545454545
1.22727272727273
1.25
1.20454545454545
1.18181818181818
1.13636363636364
1.11363636363636
1.06818181818182
1.02272727272727
1.04545454545455
1.06818181818182
1.04545454545455
1.06818181818182
1.06818181818182
1.02272727272727
1
1
1
0.977272727272727
1
0.977272727272727
1
1
1
0.954545454545455
0.931818181818182
1.02272727272727
1.06818181818182
1.04545454545455
1.02272727272727
1.04545454545455
1
0.977272727272727
0.977272727272727
0.954545454545455
0.977272727272727
0.977272727272727
0.954545454545455
0.931818181818182
0.931818181818182
0.931818181818182
0.931818181818182
1
1
0.977272727272727
0.954545454545455
0.886363636363636
0.863636363636364
0.840909090909091
0.818181818181818
0.818181818181818
0.795454545454545
0.795454545454545
0.772727272727273
0.727272727272727
0.772727272727273
0.772727272727273
0.772727272727273
0.772727272727273
0.772727272727273
0.727272727272727
0.704545454545455
0.659090909090909
0.613636363636364
0.590909090909091
0.568181818181818
0.568181818181818
0.568181818181818
0.568181818181818
0.545454545454545
0.477272727272727
