0
0
0
0
0
0
0
0
0
0
0
0
0
0
0
0
0
0
0
0
0
0
0
0
0
0
0
0
0
0
0
0
0
0.147058823529412
0.117647058823529
0.117647058823529
0.117647058823529
0.117647058823529
0.0882352941176471
0.0588235294117647
0.0588235294117647
0.0588235294117647
0.0588235294117647
0.0588235294117647
0.0588235294117647
0.0588235294117647
0.0294117647058824
0.0294117647058824
0.0294117647058824
0.0294117647058824
0.0294117647058824
0.0294117647058824
0.0294117647058824
0.0294117647058824
0.0294117647058824
0.0294117647058824
0.0294117647058824
0.0294117647058824
0.0294117647058824
0.0294117647058824
0.0294117647058824
0.0294117647058824
0.0294117647058824
0.0294117647058824
0.0294117647058824
0.0294117647058824
0.0294117647058824
0.0294117647058824
0.0294117647058824
0.0294117647058824
0.0294117647058824
0.0294117647058824
0.0294117647058824
0.0294117647058824
0.0294117647058824
0.0294117647058824
0.0294117647058824
0.0294117647058824
0.0294117647058824
0.0294117647058824
0.0294117647058824
0.0294117647058824
0.0294117647058824
0.0294117647058824
0.0294117647058824
0.0294117647058824
0.0294117647058824
0.0294117647058824
0.0294117647058824
0.0294117647058824
0.0294117647058824
0.0294117647058824
0.0294117647058824
0.0588235294117647
0.0588235294117647
0.0588235294117647
0.0588235294117647
0.0882352941176471
0.0882352941176471
0.0882352941176471
0.117647058823529
0.0882352941176471
0.0882352941176471
0.0882352941176471
0.0882352941176471
0.0882352941176471
0.0882352941176471
0.0882352941176471
0.0882352941176471
0.0882352941176471
0.0882352941176471
0.0882352941176471
0.0882352941176471
0.117647058823529
0.147058823529412
0.147058823529412
0.147058823529412
0.147058823529412
0.147058823529412
0.147058823529412
0.176470588235294
0.176470588235294
0.176470588235294
0.176470588235294
0.176470588235294
0.176470588235294
0.176470588235294
0.176470588235294
0.205882352941176
0.205882352941176
0.205882352941176
0.176470588235294
0.176470588235294
0.176470588235294
0.147058823529412
0.147058823529412
0.147058823529412
0.147058823529412
0.147058823529412
0.147058823529412
0.147058823529412
0.176470588235294
0.176470588235294
0.176470588235294
0.176470588235294
0.176470588235294
0.205882352941176
0.176470588235294
0.147058823529412
0.147058823529412
0.147058823529412
0.176470588235294
0.176470588235294
0.205882352941176
0.176470588235294
0.205882352941176
0.205882352941176
0.205882352941176
0.205882352941176
0.205882352941176
0.205882352941176
0.176470588235294
0.147058823529412
0.147058823529412
0.176470588235294
0.235294117647059
0.235294117647059
0.264705882352941
0.323529411764706
0.323529411764706
0.323529411764706
0.323529411764706
0.352941176470588
0.352941176470588
0.382352941176471
0.352941176470588
0.352941176470588
0.382352941176471
0.382352941176471
0.382352941176471
0.352941176470588
0.352941176470588
0.352941176470588
0.352941176470588
0.352941176470588
0.323529411764706
0.323529411764706
0.294117647058824
0.294117647058824
0.264705882352941
0.264705882352941
0.264705882352941
0.264705882352941
0.294117647058824
0.294117647058824
0.294117647058824
0.294117647058824
0.323529411764706
0.294117647058824
0.235294117647059
0.235294117647059
0.205882352941176
0.176470588235294
0.176470588235294
0.176470588235294
0.176470588235294
0.147058823529412
0.147058823529412
0.117647058823529
0.117647058823529
0.117647058823529
0.0882352941176471
0.0882352941176471
0.117647058823529
0.117647058823529
0.117647058823529
0.117647058823529
0.117647058823529
0.117647058823529
0.117647058823529
0.117647058823529
0.117647058823529
0.117647058823529
0.117647058823529
0.117647058823529
0.117647058823529
0.117647058823529
0.0882352941176471
0.0882352941176471
0.0882352941176471
0.0882352941176471
0.0882352941176471
0.0882352941176471
0.0882352941176471
0.0882352941176471
0.0882352941176471
0.0882352941176471
0.0882352941176471
0.0882352941176471
0.0882352941176471
0.117647058823529
0.117647058823529
0.117647058823529
0.147058823529412
0.176470588235294
0.176470588235294
0.176470588235294
0.147058823529412
0.147058823529412
0.147058823529412
0.147058823529412
0.147058823529412
0.147058823529412
0.147058823529412
0.147058823529412
0.147058823529412
0.176470588235294
0.205882352941176
0.205882352941176
0.205882352941176
0.205882352941176
0.205882352941176
0.205882352941176
0.205882352941176
0.205882352941176
0.176470588235294
0.176470588235294
0.176470588235294
0.176470588235294
0.176470588235294
0.147058823529412
0.147058823529412
0.147058823529412
0.147058823529412
0.117647058823529
0.117647058823529
0.117647058823529
0.0882352941176471
0.0588235294117647
0.0588235294117647
0.0588235294117647
0.0588235294117647
0.0588235294117647
0.0588235294117647
0.0588235294117647
0.0588235294117647
0.0588235294117647
0.0588235294117647
0.0588235294117647
0.0588235294117647
0.0294117647058824
0.0294117647058824
0.0294117647058824
0.0294117647058824
0.0294117647058824
0.0294117647058824
0.0294117647058824
0.0294117647058824
0.0294117647058824
0.0294117647058824
0.0294117647058824
0.0294117647058824
0.0294117647058824
0.0294117647058824
0.0294117647058824
0.0294117647058824
0.0294117647058824
0.0294117647058824
0.0588235294117647
0.0588235294117647
0.0882352941176471
0.0882352941176471
0.0882352941176471
0.0882352941176471
0.0882352941176471
0.0882352941176471
0.0882352941176471
0.0882352941176471
0.0882352941176471
0.0882352941176471
0.0882352941176471
0.0882352941176471
0.117647058823529
0.117647058823529
0.117647058823529
0.0882352941176471
0.0882352941176471
0.0882352941176471
0.0882352941176471
0.0882352941176471
0.0882352941176471
0.0882352941176471
0.0882352941176471
0.0882352941176471
0.0882352941176471
0.0882352941176471
0.0882352941176471
0.0882352941176471
0.117647058823529
0.117647058823529
0.117647058823529
0.117647058823529
0.0882352941176471
0.0882352941176471
0.0588235294117647
0.0588235294117647
0.0588235294117647
0.0588235294117647
0.0588235294117647
0.0588235294117647
0.0588235294117647
0.0588235294117647
0.0588235294117647
0.0588235294117647
0.0588235294117647
0.0882352941176471
0.0588235294117647
0.0588235294117647
0.0588235294117647
0.0588235294117647
0.0588235294117647
0.0588235294117647
0.0588235294117647
0.0588235294117647
0.0588235294117647
0.0588235294117647
0.0588235294117647
0.0588235294117647
0.0588235294117647
0.0588235294117647
0.0588235294117647
0.0588235294117647
0.0294117647058824
0.0294117647058824
0.0294117647058824
0.0294117647058824
0.0294117647058824
0.0294117647058824
0.0294117647058824
0.0294117647058824
0.0294117647058824
0.0294117647058824
0.0294117647058824
0.0294117647058824
0.0588235294117647
0.0588235294117647
0.0588235294117647
0.0588235294117647
0.0588235294117647
0.0294117647058824
0.0294117647058824
0.0294117647058824
0.0294117647058824
0.0294117647058824
0.0588235294117647
0.0588235294117647
0.0588235294117647
0.0588235294117647
0.0588235294117647
0.0588235294117647
0.0588235294117647
0.0588235294117647
0.0588235294117647
0.0588235294117647
0.0588235294117647
0.0882352941176471
0.0882352941176471
0.0882352941176471
0.0882352941176471
0.0882352941176471
0.0882352941176471
0.0882352941176471
0.0882352941176471
0.0882352941176471
0.0882352941176471
0.0882352941176471
0.0882352941176471
0.0882352941176471
0.0882352941176471
0.0882352941176471
0.0882352941176471
0.0882352941176471
0.117647058823529
0.117647058823529
0.117647058823529
0.117647058823529
0.147058823529412
0.147058823529412
0.147058823529412
0.147058823529412
0.147058823529412
0.147058823529412
0.176470588235294
0.176470588235294
0.205882352941176
0.235294117647059
0.235294117647059
0.235294117647059
0.264705882352941
0.235294117647059
0.264705882352941
0.264705882352941
0.294117647058824
0.294117647058824
0.294117647058824
0.294117647058824
0.294117647058824
0.294117647058824
0.294117647058824
0.294117647058824
0.294117647058824
0.294117647058824
0.264705882352941
0.264705882352941
0.264705882352941
0.264705882352941
0.235294117647059
0.235294117647059
0.235294117647059
0.264705882352941
0.235294117647059
0.235294117647059
0.205882352941176
0.235294117647059
0.235294117647059
0.235294117647059
0.205882352941176
0.205882352941176
0.176470588235294
0.147058823529412
0.176470588235294
0.176470588235294
0.147058823529412
0.147058823529412
0.117647058823529
0.117647058823529
0.0882352941176471
0.117647058823529
0.117647058823529
0.117647058823529
0.117647058823529
0.117647058823529
0.117647058823529
0.117647058823529
0.117647058823529
0.117647058823529
0.117647058823529
0.147058823529412
0.147058823529412
0.176470588235294
0.176470588235294
0.176470588235294
0.176470588235294
0.147058823529412
0.147058823529412
0.147058823529412
0.147058823529412
0.117647058823529
0.117647058823529
0.117647058823529
0.147058823529412
0.147058823529412
0.147058823529412
0.147058823529412
0.117647058823529
0.117647058823529
0.147058823529412
0.176470588235294
0.176470588235294
0.176470588235294
0.205882352941176
0.176470588235294
0.176470588235294
0.205882352941176
0.235294117647059
0.264705882352941
0.294117647058824
0.323529411764706
0.323529411764706
0.323529411764706
0.382352941176471
0.352941176470588
0.352941176470588
0.323529411764706
0.323529411764706
0.323529411764706
0.323529411764706
0.323529411764706
0.323529411764706
0.323529411764706
0.323529411764706
0.323529411764706
0.323529411764706
0.323529411764706
0.294117647058824
0.294117647058824
0.294117647058824
0.294117647058824
0.294117647058824
0.294117647058824
0.264705882352941
0.235294117647059
0.235294117647059
0.235294117647059
0.205882352941176
0.235294117647059
0.264705882352941
0.235294117647059
0.205882352941176
0.176470588235294
0.147058823529412
0.117647058823529
0.117647058823529
0.117647058823529
0.0588235294117647
0.0588235294117647
0.0588235294117647
0.0588235294117647
0.0588235294117647
0.0882352941176471
0.0882352941176471
0.0882352941176471
0.0882352941176471
0.0882352941176471
0.0882352941176471
0.0882352941176471
0.0882352941176471
0.0882352941176471
0.0882352941176471
0.117647058823529
0.117647058823529
0.117647058823529
0.117647058823529
0.117647058823529
0.117647058823529
0.117647058823529
0.117647058823529
0.117647058823529
0.117647058823529
0.0882352941176471
0.0588235294117647
0.0588235294117647
0.0588235294117647
0.0588235294117647
0.0588235294117647
0.0588235294117647
0.0588235294117647
0.0588235294117647
0.0588235294117647
0.0882352941176471
0.0882352941176471
0.0882352941176471
0.0882352941176471
0.0588235294117647
0.0588235294117647
0.0588235294117647
0.0588235294117647
0.0588235294117647
0.0588235294117647
0.0588235294117647
0.0588235294117647
0.0588235294117647
0.0588235294117647
0.0294117647058824
0.0294117647058824
0.0294117647058824
0.0294117647058824
0.0294117647058824
0.0294117647058824
0.0294117647058824
0.0294117647058824
0.0294117647058824
0.0294117647058824
0.0294117647058824
0.0294117647058824
0.0294117647058824
0.0294117647058824
0.0294117647058824
0.0294117647058824
0.0294117647058824
0.0294117647058824
0.0294117647058824
0.0294117647058824
0
0
0
0
0
0
0
0
0
0
0
0
0
0
0
0
0
0
0
0
0
0
0
0
0
0
0
0
0
0
0
0
0
0
0
0
0
0
0
0
0
0
0
0
0
0
0
0
0
0
0
0
0
0
0
0
0
0
0
0
0
0
0
0
0
0
0
0.0294117647058824
0.0294117647058824
0.0294117647058824
0.0294117647058824
0.0294117647058824
0.0294117647058824
0.0294117647058824
0.0294117647058824
0.0294117647058824
0.0588235294117647
0.0588235294117647
0.0588235294117647
0.0588235294117647
0.0588235294117647
0.0882352941176471
0.0882352941176471
0.0882352941176471
0.0882352941176471
0.0882352941176471
0.0882352941176471
0.0882352941176471
0.0882352941176471
0.117647058823529
0.117647058823529
0.117647058823529
0.117647058823529
0.147058823529412
0.176470588235294
0.176470588235294
0.176470588235294
0.176470588235294
0.176470588235294
0.176470588235294
0.205882352941176
0.176470588235294
0.176470588235294
0.176470588235294
0.176470588235294
0.205882352941176
0.205882352941176
0.205882352941176
0.205882352941176
0.205882352941176
0.176470588235294
0.176470588235294
0.176470588235294
0.176470588235294
0.176470588235294
0.147058823529412
0.147058823529412
0.147058823529412
0.147058823529412
0.147058823529412
0.147058823529412
0.147058823529412
0.147058823529412
0.117647058823529
0.117647058823529
0.117647058823529
0.176470588235294
0.147058823529412
0.147058823529412
0.147058823529412
0.147058823529412
0.147058823529412
0.147058823529412
0.147058823529412
0.117647058823529
0.117647058823529
0.147058823529412
0.147058823529412
0.147058823529412
0.117647058823529
0.117647058823529
0.117647058823529
0.147058823529412
0.147058823529412
0.147058823529412
0.147058823529412
0.147058823529412
0.147058823529412
0.147058823529412
0.147058823529412
0.147058823529412
0.176470588235294
0.176470588235294
0.176470588235294
0.205882352941176
0.205882352941176
0.205882352941176
0.205882352941176
0.235294117647059
0.235294117647059
0.176470588235294
0.176470588235294
0.176470588235294
0.176470588235294
0.176470588235294
0.176470588235294
0.176470588235294
0.205882352941176
0.205882352941176
0.205882352941176
0.176470588235294
0.205882352941176
0.205882352941176
0.235294117647059
0.235294117647059
0.235294117647059
0.205882352941176
0.205882352941176
0.205882352941176
0.205882352941176
0.235294117647059
0.264705882352941
0.264705882352941
0.264705882352941
0.264705882352941
0.235294117647059
0.235294117647059
0.235294117647059
0.205882352941176
0.235294117647059
0.264705882352941
0.264705882352941
0.235294117647059
0.235294117647059
0.235294117647059
0.235294117647059
0.235294117647059
0.235294117647059
0.235294117647059
0.235294117647059
0.235294117647059
0.205882352941176
0.205882352941176
0.205882352941176
0.205882352941176
0.205882352941176
0.205882352941176
0.176470588235294
0.176470588235294
0.176470588235294
0.176470588235294
0.176470588235294
0.176470588235294
0.176470588235294
0.147058823529412
0.147058823529412
0.147058823529412
0.147058823529412
0.147058823529412
0.147058823529412
0.147058823529412
0.147058823529412
0.147058823529412
0.147058823529412
0.117647058823529
0.117647058823529
0.117647058823529
0.117647058823529
0.117647058823529
0.117647058823529
0.117647058823529
0.117647058823529
0.117647058823529
0.117647058823529
0.117647058823529
0.117647058823529
0.117647058823529
0.117647058823529
0.117647058823529
0.0882352941176471
0.0882352941176471
0.117647058823529
0.117647058823529
0.117647058823529
0.117647058823529
0.117647058823529
0.117647058823529
0.117647058823529
0.117647058823529
0.0882352941176471
0.0882352941176471
0.0882352941176471
0.0882352941176471
0.0882352941176471
0.0882352941176471
0.0882352941176471
0.0882352941176471
0.0588235294117647
0.0588235294117647
0.0588235294117647
0.0882352941176471
0.0882352941176471
0.0882352941176471
0.0882352941176471
0.0588235294117647
0.0588235294117647
0.0588235294117647
0.0882352941176471
0.0882352941176471
0.0882352941176471
0.0882352941176471
0.0882352941176471
0.117647058823529
0.117647058823529
0.117647058823529
0.0882352941176471
0.0882352941176471
0.0882352941176471
0.0882352941176471
0.0882352941176471
0.0882352941176471
0.0882352941176471
0.0882352941176471
0.0882352941176471
0.0882352941176471
0.0882352941176471
0.0882352941176471
0.0882352941176471
0.0882352941176471
0.0882352941176471
0.0882352941176471
0.0882352941176471
0.0882352941176471
0.0882352941176471
0.0588235294117647
0.0588235294117647
0.0588235294117647
0.0588235294117647
0.0588235294117647
0.0588235294117647
0.0588235294117647
0.0294117647058824
0.0294117647058824
0.0294117647058824
0.0294117647058824
0.0294117647058824
0
0
0
0
0
0
0
0
0
0
0
0
0
0
0
0
0
0
0
0
0
0
0
0
0
0
0
0
0
0
0
0
0
0
0
0
0.0294117647058824
0.0294117647058824
0.0294117647058824
0.0294117647058824
0.0294117647058824
0.0294117647058824
0.0588235294117647
0.0588235294117647
0.0588235294117647
0.0588235294117647
0.0588235294117647
0.0588235294117647
0.0588235294117647
0.0588235294117647
0.0588235294117647
0.0588235294117647
0.0588235294117647
0.0882352941176471
0.117647058823529
0.147058823529412
0.147058823529412
0.147058823529412
0.147058823529412
0.147058823529412
0.147058823529412
0.147058823529412
0.147058823529412
0.176470588235294
0.176470588235294
0.176470588235294
0.176470588235294
0.176470588235294
0.235294117647059
0.235294117647059
0.235294117647059
0.294117647058824
0.323529411764706
0.382352941176471
0.470588235294118
0.529411764705882
0.558823529411765
0.588235294117647
0.588235294117647
0.588235294117647
0.588235294117647
0.588235294117647
0.588235294117647
0.588235294117647
0.588235294117647
0.588235294117647
0.588235294117647
0.558823529411765
0.529411764705882
0.5
0.5
0.5
0.558823529411765
0.588235294117647
0.617647058823529
0.617647058823529
0.617647058823529
0.617647058823529
0.647058823529412
0.705882352941177
0.764705882352941
0.823529411764706
0.764705882352941
0.823529411764706
0.823529411764706
0.764705882352941
0.794117647058823
0.794117647058823
0.705882352941177
0.647058823529412
0.617647058823529
0.588235294117647
0.588235294117647
0.617647058823529
0.617647058823529
0.617647058823529
0.617647058823529
0.617647058823529
0.617647058823529
0.617647058823529
0.617647058823529
0.617647058823529
0.617647058823529
0.647058823529412
0.647058823529412
0.676470588235294
0.647058823529412
0.647058823529412
0.617647058823529
0.617647058823529
0.647058823529412
0.617647058823529
0.588235294117647
0.529411764705882
0.470588235294118
0.411764705882353
0.411764705882353
0.352941176470588
0.352941176470588
0.352941176470588
0.323529411764706
0.264705882352941
0.264705882352941
0.264705882352941
0.264705882352941
0.294117647058824
0.294117647058824
0.264705882352941
0.264705882352941
0.264705882352941
0.264705882352941
0.264705882352941
0.294117647058824
0.294117647058824
0.294117647058824
0.294117647058824
0.294117647058824
0.264705882352941
0.294117647058824
0.264705882352941
0.235294117647059
0.205882352941176
0.205882352941176
0.205882352941176
0.176470588235294
0.176470588235294
0.176470588235294
0.176470588235294
0.176470588235294
0.176470588235294
0.176470588235294
0.176470588235294
0.147058823529412
0.147058823529412
0.117647058823529
0.147058823529412
0.147058823529412
0.147058823529412
0.117647058823529
0.117647058823529
0.176470588235294
0.176470588235294
0.205882352941176
0.264705882352941
0.264705882352941
0.264705882352941
0.235294117647059
0.235294117647059
0.235294117647059
0.235294117647059
0.235294117647059
0.235294117647059
0.205882352941176
0.205882352941176
0.205882352941176
0.205882352941176
0.205882352941176
0.205882352941176
0.205882352941176
0.205882352941176
0.205882352941176
0.205882352941176
0.205882352941176
0.205882352941176
0.205882352941176
0.205882352941176
0.205882352941176
0.205882352941176
0.205882352941176
0.176470588235294
0.176470588235294
0.176470588235294
0.176470588235294
0.147058823529412
0.0882352941176471
0.0882352941176471
0.0588235294117647
0
0
0
0
0
0.0294117647058824
0.0294117647058824
0.0294117647058824
0.0294117647058824
0.0294117647058824
0.0294117647058824
0.0294117647058824
0.0588235294117647
0.0588235294117647
0.0588235294117647
0.0588235294117647
0.0588235294117647
0.0588235294117647
0.0588235294117647
0.0588235294117647
0.0588235294117647
0.0588235294117647
0.0588235294117647
0.0588235294117647
0.0588235294117647
0.0588235294117647
0.0588235294117647
0.0588235294117647
0.0588235294117647
0.0588235294117647
0.0588235294117647
0.0588235294117647
0.0588235294117647
0.0588235294117647
0.0588235294117647
0.0588235294117647
0.0588235294117647
0.0588235294117647
0.0588235294117647
0.0294117647058824
0.0294117647058824
0.0294117647058824
0.0588235294117647
0.0588235294117647
0.0588235294117647
0.0588235294117647
0.0294117647058824
0.0294117647058824
0.0294117647058824
0.0294117647058824
0.0294117647058824
0.0294117647058824
0.0294117647058824
0.0294117647058824
0.0588235294117647
0.0588235294117647
0.0588235294117647
0.0588235294117647
0.0588235294117647
0.0588235294117647
0.0882352941176471
0.0882352941176471
0.0882352941176471
0.0882352941176471
0.0882352941176471
0.0882352941176471
0.0882352941176471
0.0882352941176471
0.0882352941176471
0.0882352941176471
0.0882352941176471
0.0882352941176471
0.0882352941176471
0.0882352941176471
0.0882352941176471
0.0882352941176471
0.0588235294117647
0.0588235294117647
0.0588235294117647
0.0588235294117647
0.0588235294117647
0.0588235294117647
0.0588235294117647
0.0588235294117647
0.0588235294117647
0.0588235294117647
0.0588235294117647
0.0588235294117647
0.0294117647058824
0.0588235294117647
0.0588235294117647
0.0588235294117647
0.0588235294117647
0.0588235294117647
0.0294117647058824
0.0294117647058824
0.0294117647058824
0.0294117647058824
0.0294117647058824
0.0294117647058824
0.0294117647058824
0.0294117647058824
0.0294117647058824
0.0294117647058824
0.0294117647058824
0.0588235294117647
0.0588235294117647
0.0588235294117647
0.0588235294117647
0.0588235294117647
0.0588235294117647
0.0588235294117647
0.0588235294117647
0.0588235294117647
0.0588235294117647
0.0588235294117647
0.0588235294117647
0.0588235294117647
0.0882352941176471
0.0882352941176471
0.0882352941176471
0.0882352941176471
0.0882352941176471
0.0588235294117647
0.0588235294117647
0.0882352941176471
0.0882352941176471
0.0882352941176471
0.0882352941176471
0.0882352941176471
0.0882352941176471
0.0882352941176471
0.0882352941176471
0.0882352941176471
0.0882352941176471
0.0882352941176471
0.0882352941176471
0.0882352941176471
0.0882352941176471
0.0588235294117647
0.0588235294117647
0.0882352941176471
0.0882352941176471
0.0882352941176471
0.0882352941176471
0.0882352941176471
0.0882352941176471
0.0882352941176471
0.117647058823529
0.176470588235294
0.176470588235294
0.176470588235294
0.147058823529412
0.176470588235294
0.176470588235294
0.176470588235294
0.205882352941176
0.235294117647059
0.235294117647059
0.235294117647059
0.235294117647059
0.235294117647059
0.235294117647059
0.235294117647059
0.294117647058824
0.294117647058824
0.294117647058824
0.294117647058824
0.294117647058824
0.294117647058824
0.294117647058824
0.294117647058824
0.294117647058824
0.294117647058824
0.294117647058824
0.264705882352941
0.264705882352941
0.264705882352941
0.264705882352941
0.264705882352941
0.264705882352941
0.264705882352941
0.235294117647059
0.176470588235294
0.176470588235294
0.176470588235294
0.176470588235294
0.176470588235294
0.176470588235294
0.176470588235294
0.147058823529412
0.117647058823529
0.117647058823529
0.0882352941176471
0.0882352941176471
0.0882352941176471
0.117647058823529
0.117647058823529
0.0882352941176471
0.0882352941176471
0.0882352941176471
0.0882352941176471
0.0882352941176471
0.0882352941176471
0.0882352941176471
0.0882352941176471
0.0882352941176471
0.0882352941176471
0.0882352941176471
0.0882352941176471
0.0882352941176471
0.0882352941176471
0.117647058823529
0.117647058823529
0.117647058823529
0.117647058823529
0.147058823529412
0.147058823529412
0.147058823529412
0.147058823529412
0.147058823529412
0.117647058823529
0.117647058823529
0.147058823529412
0.147058823529412
0.147058823529412
0.147058823529412
0.147058823529412
0.147058823529412
0.147058823529412
0.117647058823529
0.117647058823529
0.117647058823529
0.147058823529412
0.147058823529412
0.147058823529412
0.176470588235294
0.176470588235294
0.176470588235294
0.176470588235294
0.176470588235294
0.176470588235294
0.176470588235294
0.176470588235294
0.176470588235294
0.176470588235294
0.176470588235294
0.176470588235294
0.176470588235294
0.176470588235294
0.147058823529412
0.176470588235294
0.176470588235294
0.176470588235294
0.176470588235294
0.176470588235294
0.176470588235294
0.176470588235294
0.205882352941176
0.205882352941176
0.235294117647059
0.235294117647059
0.235294117647059
0.235294117647059
0.235294117647059
0.235294117647059
0.205882352941176
0.176470588235294
0.176470588235294
0.176470588235294
0.147058823529412
0.147058823529412
0.147058823529412
0.147058823529412
0.147058823529412
0.147058823529412
0.147058823529412
0.147058823529412
0.147058823529412
0.147058823529412
0.117647058823529
0.117647058823529
0.117647058823529
0.117647058823529
0.147058823529412
0.117647058823529
0.117647058823529
0.117647058823529
0.117647058823529
0.117647058823529
0.117647058823529
0.0882352941176471
0.0588235294117647
0.0588235294117647
0.0294117647058824
0.0294117647058824
0.0294117647058824
0.0294117647058824
0.0294117647058824
0.0294117647058824
0.0294117647058824
0.0294117647058824
0.0294117647058824
0.0294117647058824
0.0294117647058824
0.0294117647058824
0.0294117647058824
0.0294117647058824
0.0294117647058824
0.0588235294117647
0.0588235294117647
0.0588235294117647
0.0588235294117647
0.0588235294117647
0.0588235294117647
0.0588235294117647
0.0588235294117647
0.0588235294117647
0.0294117647058824
0.0294117647058824
0.0294117647058824
0.0294117647058824
0.0294117647058824
0.0294117647058824
0.0294117647058824
0.0294117647058824
0.0294117647058824
0.0294117647058824
0.0294117647058824
0.0294117647058824
0.0294117647058824
0.0294117647058824
0.0294117647058824
0.0294117647058824
0.0294117647058824
0.0294117647058824
0.0294117647058824
0.0588235294117647
0.0588235294117647
0.0588235294117647
0.0588235294117647
0.0588235294117647
0.0588235294117647
0.0294117647058824
0.0294117647058824
0.0294117647058824
0.0294117647058824
0.0588235294117647
0.0882352941176471
0.0882352941176471
0.0882352941176471
0.0882352941176471
0.0882352941176471
0.0882352941176471
0.0882352941176471
0.0882352941176471
0.0882352941176471
0.0882352941176471
0.0882352941176471
0.0882352941176471
0.0882352941176471
0.0882352941176471
0.0882352941176471
0.0882352941176471
0.0882352941176471
0.0882352941176471
0.0882352941176471
0.0882352941176471
0.0882352941176471
0.0882352941176471
0.0882352941176471
0.0588235294117647
0.0588235294117647
0.0588235294117647
0.0588235294117647
0.0588235294117647
0.0588235294117647
0.0588235294117647
0.0588235294117647
0.0588235294117647
0.0588235294117647
0.0294117647058824
0
0
0.0294117647058824
0.0294117647058824
0.0294117647058824
0.0588235294117647
0.0588235294117647
0.0588235294117647
0.0588235294117647
0.0588235294117647
0.0588235294117647
0.0882352941176471
0.0882352941176471
0.0882352941176471
0.0882352941176471
0.0882352941176471
0.0882352941176471
0.0882352941176471
0.117647058823529
0.147058823529412
0.147058823529412
0.147058823529412
0.147058823529412
0.176470588235294
0.176470588235294
0.176470588235294
0.176470588235294
0.176470588235294
0.205882352941176
0.205882352941176
0.205882352941176
0.235294117647059
0.235294117647059
0.235294117647059
0.235294117647059
0.235294117647059
0.264705882352941
0.323529411764706
0.352941176470588
0.323529411764706
0.323529411764706
0.323529411764706
0.323529411764706
0.323529411764706
0.323529411764706
0.323529411764706
0.323529411764706
0.352941176470588
0.352941176470588
0.352941176470588
0.352941176470588
0.352941176470588
0.323529411764706
0.323529411764706
0.323529411764706
0.323529411764706
0.323529411764706
0.323529411764706
0.352941176470588
0.352941176470588
0.382352941176471
0.411764705882353
0.382352941176471
0.382352941176471
0.382352941176471
0.352941176470588
0.352941176470588
0.352941176470588
0.382352941176471
0.411764705882353
0.382352941176471
0.352941176470588
0.411764705882353
0.411764705882353
0.441176470588235
0.441176470588235
0.441176470588235
0.441176470588235
0.441176470588235
0.411764705882353
0.411764705882353
0.411764705882353
0.411764705882353
0.411764705882353
0.441176470588235
0.441176470588235
0.470588235294118
0.470588235294118
0.5
0.529411764705882
0.529411764705882
0.5
0.529411764705882
0.529411764705882
0.5
0.470588235294118
0.5
0.5
0.5
0.5
0.5
0.5
0.470588235294118
0.441176470588235
0.411764705882353
0.411764705882353
0.323529411764706
0.323529411764706
0.294117647058824
0.294117647058824
0.294117647058824
0.294117647058824
0.294117647058824
0.323529411764706
0.323529411764706
0.294117647058824
0.323529411764706
0.323529411764706
0.294117647058824
0.294117647058824
0.264705882352941
0.235294117647059
0.205882352941176
0.176470588235294
0.176470588235294
0.205882352941176
0.147058823529412
0.147058823529412
0.147058823529412
0.147058823529412
0.117647058823529
0.147058823529412
0.147058823529412
0.147058823529412
0.147058823529412
0.147058823529412
0.147058823529412
0.147058823529412
0.176470588235294
0.176470588235294
0.176470588235294
0.176470588235294
0.176470588235294
0.235294117647059
0.235294117647059
0.235294117647059
0.235294117647059
0.205882352941176
0.205882352941176
0.205882352941176
0.205882352941176
0.264705882352941
0.264705882352941
0.264705882352941
0.294117647058824
0.294117647058824
0.294117647058824
0.294117647058824
0.294117647058824
0.294117647058824
0.294117647058824
0.294117647058824
0.294117647058824
0.294117647058824
0.294117647058824
0.264705882352941
0.294117647058824
0.294117647058824
0.323529411764706
0.323529411764706
0.323529411764706
0.323529411764706
0.294117647058824
0.264705882352941
0.264705882352941
0.294117647058824
0.294117647058824
0.235294117647059
0.235294117647059
0.235294117647059
0.235294117647059
0.235294117647059
0.235294117647059
0.235294117647059
0.205882352941176
0.147058823529412
0.147058823529412
0.147058823529412
0.147058823529412
0.147058823529412
0.147058823529412
0.147058823529412
0.147058823529412
0.117647058823529
0.117647058823529
0.117647058823529
0.117647058823529
0.117647058823529
0.117647058823529
0.117647058823529
0.0882352941176471
0.0882352941176471
0.0588235294117647
0.0588235294117647
0.0588235294117647
0.0588235294117647
0.0588235294117647
0.0588235294117647
0.0588235294117647
0.0294117647058824
0.0294117647058824
0.0294117647058824
0.0294117647058824
0.0294117647058824
0.0294117647058824
0.0294117647058824
0.0294117647058824
0.0588235294117647
0.0588235294117647
0.0588235294117647
0.0588235294117647
0.0588235294117647
0.0294117647058824
0.0294117647058824
0.0294117647058824
0.0294117647058824
0.0294117647058824
0.0294117647058824
0.0294117647058824
0.0294117647058824
0.0294117647058824
0.0294117647058824
0.0294117647058824
0.0294117647058824
0.0294117647058824
0.0294117647058824
0.0294117647058824
0.0294117647058824
0.0294117647058824
0.0294117647058824
0.0294117647058824
0.0294117647058824
0.0294117647058824
0.0294117647058824
0.0294117647058824
0.0294117647058824
0.0294117647058824
0.0294117647058824
0.0294117647058824
0.0294117647058824
0.0294117647058824
0
0.0294117647058824
0.0294117647058824
0.0294117647058824
0.0294117647058824
0.0294117647058824
0.0294117647058824
0.0294117647058824
0.0294117647058824
0.0294117647058824
0.0294117647058824
0.0294117647058824
0.0294117647058824
0.0294117647058824
0.0294117647058824
0.0294117647058824
0.0294117647058824
0.0294117647058824
0.0294117647058824
0.0294117647058824
0.0294117647058824
0.0294117647058824
0.0294117647058824
0.0294117647058824
0.0294117647058824
0.0294117647058824
0.0294117647058824
0.0294117647058824
0.0294117647058824
0.0294117647058824
0.0294117647058824
0.0294117647058824
0.0294117647058824
0.0294117647058824
0.0294117647058824
0
0
0
0
0
0
0
0
0
0
0.0294117647058824
0.0294117647058824
0.0294117647058824
0.0294117647058824
0.0294117647058824
0.0294117647058824
0.0588235294117647
0.0588235294117647
0.0588235294117647
0.0588235294117647
0.0588235294117647
0.0588235294117647
0.0588235294117647
0.0882352941176471
0.0882352941176471
0.0882352941176471
0.0882352941176471
0.117647058823529
0.117647058823529
0.117647058823529
0.117647058823529
0.117647058823529
0.117647058823529
0.117647058823529
0.117647058823529
0.117647058823529
0.117647058823529
0.117647058823529
0.117647058823529
0.117647058823529
0.117647058823529
0.147058823529412
0.176470588235294
0.176470588235294
0.176470588235294
0.176470588235294
0.176470588235294
0.235294117647059
0.235294117647059
0.264705882352941
0.235294117647059
0.264705882352941
0.264705882352941
0.264705882352941
0.264705882352941
0.264705882352941
0.294117647058824
0.294117647058824
0.294117647058824
0.294117647058824
0.323529411764706
0.294117647058824
0.294117647058824
0.294117647058824
0.323529411764706
0.352941176470588
0.352941176470588
0.382352941176471
0.382352941176471
0.411764705882353
0.411764705882353
0.411764705882353
0.411764705882353
0.411764705882353
0.411764705882353
0.382352941176471
0.352941176470588
0.352941176470588
0.323529411764706
0.323529411764706
0.323529411764706
0.294117647058824
0.294117647058824
0.264705882352941
0.294117647058824
0.264705882352941
0.264705882352941
0.264705882352941
0.264705882352941
0.264705882352941
0.235294117647059
0.205882352941176
0.205882352941176
0.235294117647059
0.235294117647059
0.235294117647059
0.235294117647059
0.235294117647059
0.205882352941176
0.176470588235294
0.176470588235294
0.176470588235294
0.205882352941176
0.176470588235294
0.176470588235294
0.176470588235294
0.176470588235294
0.176470588235294
0.176470588235294
0.176470588235294
0.176470588235294
0.176470588235294
0.176470588235294
0.176470588235294
0.176470588235294
0.147058823529412
0.147058823529412
0.147058823529412
0.117647058823529
0.117647058823529
0.117647058823529
0.117647058823529
0.117647058823529
0.117647058823529
0.117647058823529
0.117647058823529
0.147058823529412
0.117647058823529
0.176470588235294
0.205882352941176
0.205882352941176
0.264705882352941
0.264705882352941
0.264705882352941
0.264705882352941
0.264705882352941
0.264705882352941
0.264705882352941
0.264705882352941
0.264705882352941
0.264705882352941
0.264705882352941
0.264705882352941
0.264705882352941
0.264705882352941
0.264705882352941
0.264705882352941
0.264705882352941
0.264705882352941
0.264705882352941
0.264705882352941
0.264705882352941
0.264705882352941
0.294117647058824
0.294117647058824
0.294117647058824
0.294117647058824
0.323529411764706
0.352941176470588
0.352941176470588
0.323529411764706
0.323529411764706
0.264705882352941
0.235294117647059
0.235294117647059
0.205882352941176
0.205882352941176
0.205882352941176
0.205882352941176
0.176470588235294
0.176470588235294
0.176470588235294
0.176470588235294
0.176470588235294
0.176470588235294
0.176470588235294
0.176470588235294
0.176470588235294
0.176470588235294
0.176470588235294
0.176470588235294
0.176470588235294
0.176470588235294
0.176470588235294
0.176470588235294
0.176470588235294
0.176470588235294
0.147058823529412
0.147058823529412
0.147058823529412
0.147058823529412
0.117647058823529
0.0882352941176471
0.117647058823529
0.117647058823529
0.117647058823529
0.0882352941176471
0.117647058823529
0.117647058823529
0.0882352941176471
0.117647058823529
0.147058823529412
0.147058823529412
0.147058823529412
0.117647058823529
0.117647058823529
0.117647058823529
0.117647058823529
0.117647058823529
0.117647058823529
0.117647058823529
0.117647058823529
0.117647058823529
0.117647058823529
0.117647058823529
0.117647058823529
0.117647058823529
0.117647058823529
0.117647058823529
0.117647058823529
0.117647058823529
0.117647058823529
0.117647058823529
0.117647058823529
0.117647058823529
0.117647058823529
0.117647058823529
0.0882352941176471
0.0882352941176471
0.0882352941176471
0.0882352941176471
0.0588235294117647
0.0588235294117647
0.0588235294117647
0.0294117647058824
0
0
0
0
0
0
0
0
0
0
0
0
0
0
0.0294117647058824
0.0294117647058824
0.0294117647058824
0.0294117647058824
0.0294117647058824
0.0294117647058824
0.0294117647058824
0.0294117647058824
0.0294117647058824
0.0294117647058824
0.0294117647058824
0.0294117647058824
0.0294117647058824
0.0294117647058824
0.0294117647058824
0.0294117647058824
0.0294117647058824
0.0294117647058824
0.0294117647058824
0.0294117647058824
0.0294117647058824
0.0294117647058824
0.0294117647058824
0.0294117647058824
0.0294117647058824
0.0294117647058824
0.0294117647058824
0.0294117647058824
0.0294117647058824
0.0294117647058824
0.0294117647058824
0.0588235294117647
0.0588235294117647
0.0588235294117647
0.0294117647058824
0.0294117647058824
0.0294117647058824
0.0294117647058824
0.0294117647058824
0.0294117647058824
0.0294117647058824
0.0294117647058824
0.0294117647058824
0.0294117647058824
0.0294117647058824
0.0294117647058824
0.0588235294117647
0.0588235294117647
0.0882352941176471
0.0882352941176471
0.0882352941176471
0.117647058823529
0.117647058823529
0.117647058823529
0.117647058823529
0.117647058823529
0.117647058823529
0.117647058823529
0.147058823529412
0.176470588235294
0.176470588235294
0.176470588235294
0.205882352941176
0.235294117647059
0.235294117647059
0.205882352941176
0.205882352941176
0.205882352941176
0.205882352941176
0.205882352941176
0.235294117647059
0.235294117647059
0.235294117647059
0.235294117647059
0.264705882352941
0.264705882352941
0.264705882352941
0.264705882352941
0.264705882352941
0.264705882352941
0.235294117647059
0.235294117647059
0.235294117647059
0.235294117647059
0.264705882352941
0.235294117647059
0.235294117647059
0.235294117647059
0.235294117647059
0.235294117647059
0.235294117647059
0.235294117647059
0.235294117647059
0.235294117647059
0.264705882352941
0.294117647058824
0.264705882352941
0.235294117647059
0.264705882352941
0.294117647058824
0.294117647058824
0.323529411764706
0.323529411764706
0.323529411764706
0.323529411764706
0.323529411764706
0.323529411764706
0.352941176470588
0.323529411764706
0.323529411764706
0.323529411764706
0.323529411764706
0.323529411764706
0.411764705882353
0.411764705882353
0.411764705882353
0.382352941176471
0.382352941176471
0.352941176470588
0.382352941176471
0.382352941176471
0.411764705882353
0.411764705882353
0.411764705882353
0.411764705882353
0.411764705882353
0.382352941176471
0.411764705882353
0.382352941176471
0.352941176470588
0.382352941176471
0.382352941176471
0.352941176470588
0.323529411764706
0.323529411764706
0.294117647058824
0.294117647058824
0.294117647058824
0.264705882352941
0.264705882352941
0.264705882352941
0.235294117647059
0.235294117647059
0.235294117647059
0.235294117647059
0.264705882352941
0.294117647058824
0.264705882352941
0.323529411764706
0.411764705882353
0.5
0.558823529411765
0.617647058823529
0.617647058823529
0.676470588235294
0.705882352941177
0.735294117647059
0.794117647058823
0.882352941176471
0.941176470588235
1
0.941176470588235
0.970588235294118
0.970588235294118
0.941176470588235
0.941176470588235
0.970588235294118
0.970588235294118
0.970588235294118
0.970588235294118
0.970588235294118
0.970588235294118
0.970588235294118
1
1
1
1
1
1
0.970588235294118
0.941176470588235
0.882352941176471
0.823529411764706
0.735294117647059
0.647058823529412
0.588235294117647
0.529411764705882
0.5
0.441176470588235
0.411764705882353
0.382352941176471
0.323529411764706
0.235294117647059
0.176470588235294
0.117647058823529
0.117647058823529
0.0882352941176471
0.0882352941176471
0.0882352941176471
0.0882352941176471
0.0882352941176471
0.117647058823529
0.117647058823529
0.117647058823529
0.117647058823529
0.117647058823529
0.117647058823529
0.0882352941176471
0.0882352941176471
0.0882352941176471
0.0882352941176471
0.117647058823529
0.117647058823529
0.117647058823529
0.117647058823529
0.147058823529412
0.147058823529412
0.147058823529412
0.147058823529412
0.147058823529412
0.176470588235294
0.176470588235294
0.176470588235294
0.176470588235294
0.176470588235294
0.205882352941176
0.205882352941176
0.205882352941176
0.205882352941176
0.205882352941176
0.235294117647059
0.235294117647059
0.294117647058824
0.294117647058824
0.264705882352941
0.235294117647059
0.235294117647059
0.235294117647059
0.235294117647059
0.235294117647059
0.264705882352941
0.264705882352941
0.264705882352941
0.264705882352941
0.294117647058824
0.264705882352941
0.294117647058824
0.294117647058824
0.294117647058824
0.264705882352941
0.264705882352941
0.264705882352941
0.264705882352941
0.264705882352941
0.235294117647059
0.235294117647059
0.235294117647059
0.205882352941176
0.235294117647059
0.205882352941176
0.205882352941176
0.205882352941176
0.205882352941176
0.205882352941176
0.176470588235294
0.176470588235294
0.117647058823529
0.117647058823529
0.117647058823529
0.117647058823529
0.117647058823529
0.117647058823529
0.117647058823529
0.117647058823529
0.0882352941176471
0.0882352941176471
0.0882352941176471
0.0882352941176471
0.0588235294117647
0.0588235294117647
0.0294117647058824
0.0294117647058824
0.0294117647058824
0.0294117647058824
0.0294117647058824
0.0294117647058824
0.0294117647058824
0.0294117647058824
0.0294117647058824
0.0294117647058824
0.0294117647058824
0.0294117647058824
0
0
0
0
0
0
0
0
0.0294117647058824
0.0294117647058824
0.0588235294117647
0.0588235294117647
0.0588235294117647
0.0588235294117647
0.0588235294117647
0.0588235294117647
0.0588235294117647
0.0588235294117647
0.0588235294117647
0.0588235294117647
0.0588235294117647
0.0588235294117647
0.0588235294117647
0.0588235294117647
0.0588235294117647
0.0588235294117647
0.0588235294117647
0.0588235294117647
0.0588235294117647
0.0588235294117647
0.0588235294117647
0.0588235294117647
0.0588235294117647
0.0588235294117647
0.0588235294117647
0.0588235294117647
0.0588235294117647
0.0588235294117647
0.0588235294117647
0.0588235294117647
0.0588235294117647
0.0588235294117647
0.0294117647058824
0.0294117647058824
0
0
0
0
0
0
0
0
0
0
0
0
0
0
0
0
0
0
0
0
0
0
0
0.0588235294117647
0.0588235294117647
0.0588235294117647
0.0588235294117647
0.0882352941176471
0.0882352941176471
0.0882352941176471
0.0882352941176471
0.0882352941176471
0.0882352941176471
0.117647058823529
0.117647058823529
0.117647058823529
0.117647058823529
0.147058823529412
0.147058823529412
0.147058823529412
0.147058823529412
0.176470588235294
0.176470588235294
0.176470588235294
0.176470588235294
0.176470588235294
0.176470588235294
0.205882352941176
0.205882352941176
0.205882352941176
0.235294117647059
0.235294117647059
0.235294117647059
0.235294117647059
0.235294117647059
0.235294117647059
0.235294117647059
0.176470588235294
0.176470588235294
0.176470588235294
0.176470588235294
0.147058823529412
0.176470588235294
0.176470588235294
0.176470588235294
0.176470588235294
0.176470588235294
0.147058823529412
0.147058823529412
0.147058823529412
0.147058823529412
0.117647058823529
0.117647058823529
0.117647058823529
0.117647058823529
0.0882352941176471
0.0882352941176471
0.0882352941176471
0.0882352941176471
0.117647058823529
0.117647058823529
0.0882352941176471
0.0882352941176471
0.0882352941176471
0.0588235294117647
0.0588235294117647
0.0588235294117647
0.0588235294117647
0.0882352941176471
0.117647058823529
0.117647058823529
0.117647058823529
0.117647058823529
0.117647058823529
0.147058823529412
0.147058823529412
0.117647058823529
0.117647058823529
0.117647058823529
0.117647058823529
0.147058823529412
0.147058823529412
0.147058823529412
0.147058823529412
0.147058823529412
0.147058823529412
0.147058823529412
0.147058823529412
0.147058823529412
0.176470588235294
0.176470588235294
0.176470588235294
0.176470588235294
0.147058823529412
0.147058823529412
0.147058823529412
0.205882352941176
0.205882352941176
0.205882352941176
0.205882352941176
0.205882352941176
0.205882352941176
0.176470588235294
0.147058823529412
0.147058823529412
0.176470588235294
0.176470588235294
0.176470588235294
0.147058823529412
0.147058823529412
0.176470588235294
0.176470588235294
0.176470588235294
0.176470588235294
0.147058823529412
0.147058823529412
0.147058823529412
0.147058823529412
0.147058823529412
0.147058823529412
0.176470588235294
0.176470588235294
0.176470588235294
0.147058823529412
0.147058823529412
0.147058823529412
0.147058823529412
0.147058823529412
0.147058823529412
0.147058823529412
0.0882352941176471
0.0882352941176471
0.0882352941176471
0.117647058823529
0.147058823529412
0.176470588235294
0.176470588235294
0.176470588235294
0.176470588235294
0.147058823529412
0.147058823529412
0.147058823529412
0.147058823529412
0.147058823529412
0.117647058823529
0.147058823529412
0.147058823529412
0.147058823529412
0.147058823529412
0.147058823529412
0.147058823529412
0.147058823529412
0.147058823529412
0.147058823529412
0.117647058823529
0.117647058823529
0.117647058823529
0.117647058823529
0.117647058823529
0.117647058823529
0.117647058823529
0.117647058823529
0.147058823529412
0.147058823529412
0.147058823529412
0.147058823529412
0.147058823529412
0.117647058823529
0.0882352941176471
0.0588235294117647
0.0588235294117647
0.0588235294117647
0.0588235294117647
0.0588235294117647
0.0588235294117647
0.0588235294117647
0.0588235294117647
0.0588235294117647
0.0588235294117647
0.0294117647058824
0.0588235294117647
0.0588235294117647
0.0588235294117647
0.0588235294117647
0.0588235294117647
0.0588235294117647
0.0588235294117647
0.0588235294117647
0.0588235294117647
0.0588235294117647
0.0588235294117647
0.0588235294117647
0.0588235294117647
0.0882352941176471
0.0882352941176471
0.0882352941176471
0.0588235294117647
0.0588235294117647
0.0588235294117647
0.0588235294117647
0.0588235294117647
0.0588235294117647
0.0588235294117647
0.0588235294117647
0.0588235294117647
0.0588235294117647
0.0588235294117647
0.0588235294117647
0.0588235294117647
0.0588235294117647
0.0588235294117647
0.0588235294117647
0.0588235294117647
0.0588235294117647
0.0294117647058824
0.0294117647058824
0.0294117647058824
0.0294117647058824
0.0588235294117647
0.0588235294117647
0.0588235294117647
0.0588235294117647
0.0588235294117647
0.0588235294117647
0.0588235294117647
0.0588235294117647
0.0588235294117647
0.0294117647058824
0.0294117647058824
0.0294117647058824
0.0294117647058824
0.0294117647058824
0.0294117647058824
0.0294117647058824
0.0294117647058824
0.0294117647058824
0.0294117647058824
0.0294117647058824
0.0294117647058824
0.0294117647058824
0.0294117647058824
0.0294117647058824
0.0294117647058824
0.0294117647058824
0.0294117647058824
0.0294117647058824
0.0294117647058824
0.0294117647058824
0.0294117647058824
0.0294117647058824
0.0294117647058824
0.0294117647058824
0
0
0.0294117647058824
0.0294117647058824
0.0294117647058824
0.0294117647058824
0.0294117647058824
0.0294117647058824
0.0294117647058824
0.0294117647058824
0.0294117647058824
0.0294117647058824
0.0294117647058824
0.0294117647058824
0.0294117647058824
0.0294117647058824
0.0294117647058824
0.0294117647058824
0.0294117647058824
0.0588235294117647
0.0882352941176471
0.0882352941176471
0.0882352941176471
0.0882352941176471
0.0882352941176471
0.0882352941176471
0.117647058823529
0.117647058823529
0.117647058823529
0.117647058823529
0.117647058823529
0.117647058823529
0.147058823529412
0.147058823529412
0.176470588235294
0.176470588235294
0.147058823529412
0.176470588235294
0.176470588235294
0.176470588235294
0.176470588235294
0.176470588235294
0.176470588235294
0.176470588235294
0.205882352941176
0.205882352941176
0.205882352941176
0.235294117647059
0.264705882352941
0.264705882352941
0.264705882352941
0.294117647058824
0.294117647058824
0.264705882352941
0.235294117647059
0.235294117647059
0.235294117647059
0.235294117647059
0.235294117647059
0.264705882352941
0.235294117647059
0.235294117647059
0.264705882352941
0.264705882352941
0.264705882352941
0.352941176470588
0.323529411764706
0.323529411764706
0.294117647058824
0.294117647058824
0.294117647058824
0.294117647058824
0.294117647058824
0.294117647058824
0.294117647058824
0.294117647058824
0.323529411764706
0.323529411764706
0.323529411764706
0.382352941176471
0.441176470588235
0.411764705882353
0.382352941176471
0.382352941176471
0.382352941176471
0.352941176470588
0.382352941176471
0.382352941176471
0.382352941176471
0.382352941176471
0.382352941176471
0.411764705882353
0.411764705882353
0.411764705882353
0.441176470588235
0.441176470588235
0.411764705882353
0.411764705882353
0.411764705882353
0.323529411764706
0.323529411764706
0.323529411764706
0.323529411764706
0.323529411764706
0.323529411764706
0.294117647058824
0.323529411764706
0.323529411764706
0.323529411764706
0.323529411764706
0.294117647058824
0.294117647058824
0.264705882352941
0.205882352941176
0.176470588235294
0.176470588235294
0.176470588235294
0.205882352941176
0.205882352941176
0.205882352941176
0.176470588235294
0.176470588235294
0.176470588235294
0.176470588235294
0.176470588235294
0.147058823529412
0.147058823529412
0.147058823529412
0.147058823529412
0.147058823529412
0.147058823529412
0.147058823529412
0.147058823529412
0.176470588235294
0.176470588235294
0.176470588235294
0.176470588235294
0.205882352941176
0.205882352941176
0.205882352941176
0.205882352941176
0.205882352941176
0.205882352941176
0.205882352941176
0.205882352941176
0.235294117647059
0.235294117647059
0.235294117647059
0.235294117647059
0.235294117647059
0.264705882352941
0.235294117647059
0.235294117647059
0.235294117647059
0.235294117647059
0.235294117647059
0.235294117647059
0.235294117647059
0.235294117647059
0.235294117647059
0.235294117647059
0.205882352941176
0.205882352941176
0.205882352941176
0.205882352941176
0.205882352941176
0.205882352941176
0.205882352941176
0.205882352941176
0.205882352941176
0.205882352941176
0.176470588235294
0.176470588235294
0.176470588235294
0.147058823529412
0.147058823529412
0.147058823529412
0.147058823529412
0.147058823529412
0.147058823529412
0.147058823529412
0.147058823529412
0.117647058823529
0.117647058823529
0.0882352941176471
0.0882352941176471
0.0882352941176471
0.0882352941176471
0.0882352941176471
0.0882352941176471
0.117647058823529
0.147058823529412
0.147058823529412
0.147058823529412
0.147058823529412
0.176470588235294
0.147058823529412
0.147058823529412
0.147058823529412
0.147058823529412
0.147058823529412
0.117647058823529
0.117647058823529
0.117647058823529
0.117647058823529
0.117647058823529
0.147058823529412
0.147058823529412
0.176470588235294
0.205882352941176
0.235294117647059
0.264705882352941
0.294117647058824
0.294117647058824
0.294117647058824
0.323529411764706
0.323529411764706
0.323529411764706
0.323529411764706
0.323529411764706
0.382352941176471
0.411764705882353
0.411764705882353
0.411764705882353
0.382352941176471
0.352941176470588
0.352941176470588
0.352941176470588
0.382352941176471
0.352941176470588
0.352941176470588
0.352941176470588
0.352941176470588
0.382352941176471
0.382352941176471
0.382352941176471
0.382352941176471
0.382352941176471
0.382352941176471
0.382352941176471
0.352941176470588
0.352941176470588
0.352941176470588
0.323529411764706
0.294117647058824
0.264705882352941
0.264705882352941
0.235294117647059
0.264705882352941
0.264705882352941
0.264705882352941
0.264705882352941
0.264705882352941
0.264705882352941
0.205882352941176
0.205882352941176
0.205882352941176
0.205882352941176
0.205882352941176
0.205882352941176
0.205882352941176
0.205882352941176
0.176470588235294
0.176470588235294
0.176470588235294
0.176470588235294
0.176470588235294
0.176470588235294
0.176470588235294
0.176470588235294
0.176470588235294
0.176470588235294
0.176470588235294
0.176470588235294
0.176470588235294
0.176470588235294
0.147058823529412
0.147058823529412
0.147058823529412
0.147058823529412
0.147058823529412
0.176470588235294
0.147058823529412
0.147058823529412
0.147058823529412
0.205882352941176
0.235294117647059
0.264705882352941
0.382352941176471
0.441176470588235
0.470588235294118
0.470588235294118
0.529411764705882
0.558823529411765
0.588235294117647
0.647058823529412
0.647058823529412
0.676470588235294
0.735294117647059
0.764705882352941
0.852941176470588
0.911764705882353
0.941176470588235
0.941176470588235
1.02941176470588
1.02941176470588
1.11764705882353
1.17647058823529
1.17647058823529
1.20588235294118
1.26470588235294
1.32352941176471
1.35294117647059
1.38235294117647
1.41176470588235
1.47058823529412
1.5
1.55882352941176
1.58823529411765
1.61764705882353
1.58823529411765
1.61764705882353
1.52941176470588
1.52941176470588
1.55882352941176
1.58823529411765
1.61764705882353
1.70588235294118
1.76470588235294
1.88235294117647
1.94117647058824
1.91176470588235
1.88235294117647
1.91176470588235
1.94117647058824
1.91176470588235
1.91176470588235
1.94117647058824
1.94117647058824
2.02941176470588
2.02941176470588
1.97058823529412
2.14705882352941
2.14705882352941
2.08823529411765
2.08823529411765
2.14705882352941
2.23529411764706
2.29411764705882
2.35294117647059
2.47058823529412
2.52941176470588
2.58823529411765
2.58823529411765
2.58823529411765
2.61764705882353
2.76470588235294
2.67647058823529
2.64705882352941
2.67647058823529
2.61764705882353
2.5
2.47058823529412
2.35294117647059
2.44117647058824
2.47058823529412
2.5
2.52941176470588
2.44117647058824
2.41176470588235
2.55882352941176
2.61764705882353
2.64705882352941
2.61764705882353
2.58823529411765
2.67647058823529
2.5
2.52941176470588
2.58823529411765
2.58823529411765
2.5
2.44117647058824
2.44117647058824
2.35294117647059
2.29411764705882
2.23529411764706
2.35294117647059
2.32352941176471
2.44117647058824
2.44117647058824
2.38235294117647
2.44117647058824
2.47058823529412
2.47058823529412
2.44117647058824
2.5
2.55882352941176
2.64705882352941
2.61764705882353
2.64705882352941
2.76470588235294
2.70588235294118
2.79411764705882
2.79411764705882
2.67647058823529
2.70588235294118
2.76470588235294
2.73529411764706
2.79411764705882
2.73529411764706
2.73529411764706
2.67647058823529
2.67647058823529
2.67647058823529
2.73529411764706
2.70588235294118
2.73529411764706
2.85294117647059
2.91176470588235
2.82352941176471
2.76470588235294
2.79411764705882
2.70588235294118
2.61764705882353
2.52941176470588
2.47058823529412
2.47058823529412
2.58823529411765
2.61764705882353
2.64705882352941
2.61764705882353
2.52941176470588
2.52941176470588
2.5
2.38235294117647
2.35294117647059
2.29411764705882
2.29411764705882
2.29411764705882
2.32352941176471
2.20588235294118
2.23529411764706
2.20588235294118
2.20588235294118
2.29411764705882
2.38235294117647
2.5
2.5
2.5
2.5
2.47058823529412
2.32352941176471
2.23529411764706
2.26470588235294
2.20588235294118
2.26470588235294
2.32352941176471
2.32352941176471
2.32352941176471
2.35294117647059
2.35294117647059
2.23529411764706
2.29411764705882
2.20588235294118
2.17647058823529
2.14705882352941
2.02941176470588
2
2
2.02941176470588
2.05882352941176
2.08823529411765
2.08823529411765
1.94117647058824
1.91176470588235
1.85294117647059
1.76470588235294
1.73529411764706
1.73529411764706
1.64705882352941
1.5
1.5
1.44117647058824
1.5
1.38235294117647
1.35294117647059
1.35294117647059
1.32352941176471
1.26470588235294
1.14705882352941
1.08823529411765
1.11764705882353
1.14705882352941
1.11764705882353
1.08823529411765
1.02941176470588
0.941176470588235
0.941176470588235
0.882352941176471
0.852941176470588
0.882352941176471
0.911764705882353
0.852941176470588
0.823529411764706
0.735294117647059
0.676470588235294
0.617647058823529
0.647058823529412
0.617647058823529
0.647058823529412
0.647058823529412
0.705882352941177
0.617647058823529
0.617647058823529
0.588235294117647
0.529411764705882
0.529411764705882
0.441176470588235
0.441176470588235
0.441176470588235
0.382352941176471
0.382352941176471
0.352941176470588
0.323529411764706
0.294117647058824
0.264705882352941
0.205882352941176
0.205882352941176
0.176470588235294
0.176470588235294
0.176470588235294
0.176470588235294
0.176470588235294
0.176470588235294
0.147058823529412
0.117647058823529
0.117647058823529
0.117647058823529
0.117647058823529
0.117647058823529
0.117647058823529
0.0882352941176471
0.0882352941176471
0.0588235294117647
0.0588235294117647
0
0.0294117647058824
0.0294117647058824
0.0294117647058824
0.0294117647058824
0.0294117647058824
0.0588235294117647
0.0588235294117647
0.0588235294117647
0.0588235294117647
0.0588235294117647
0.0588235294117647
0.0588235294117647
0.0588235294117647
0.0588235294117647
0.0588235294117647
0.0588235294117647
0.0588235294117647
0.0588235294117647
0.0882352941176471
0.0882352941176471
0.117647058823529
0.147058823529412
0.147058823529412
0.147058823529412
0.147058823529412
0.176470588235294
0.205882352941176
0.235294117647059
0.264705882352941
0.264705882352941
0.323529411764706
0.382352941176471
0.382352941176471
0.382352941176471
0.411764705882353
0.470588235294118
0.470588235294118
0.5
0.5
0.5
0.5
0.529411764705882
0.617647058823529
0.676470588235294
0.705882352941177
0.852941176470588
0.852941176470588
0.852941176470588
0.852941176470588
0.882352941176471
0.882352941176471
0.882352941176471
0.852941176470588
0.911764705882353
0.941176470588235
1.02941176470588
1.02941176470588
1.08823529411765
1.14705882352941
1.11764705882353
1.11764705882353
1.11764705882353
1.17647058823529
1.23529411764706
1.32352941176471
1.29411764705882
1.38235294117647
1.41176470588235
1.38235294117647
1.44117647058824
1.47058823529412
1.47058823529412
1.58823529411765
1.58823529411765
1.67647058823529
1.64705882352941
1.58823529411765
1.58823529411765
1.58823529411765
1.52941176470588
1.52941176470588
1.58823529411765
1.64705882352941
1.67647058823529
1.76470588235294
1.79411764705882
1.82352941176471
1.79411764705882
1.76470588235294
1.73529411764706
1.82352941176471
1.82352941176471
1.76470588235294
1.88235294117647
1.88235294117647
1.88235294117647
1.79411764705882
1.73529411764706
1.67647058823529
1.67647058823529
1.58823529411765
1.61764705882353
1.73529411764706
1.64705882352941
1.79411764705882
1.85294117647059
1.79411764705882
1.79411764705882
1.79411764705882
1.91176470588235
2.05882352941176
2.02941176470588
2.02941176470588
2
2.08823529411765
2.02941176470588
2.08823529411765
2.08823529411765
2.08823529411765
2.08823529411765
2.08823529411765
2.23529411764706
2.26470588235294
2.17647058823529
2.11764705882353
2.08823529411765
2.11764705882353
2.02941176470588
2.08823529411765
2.11764705882353
2.14705882352941
2.17647058823529
2.14705882352941
2.11764705882353
2.17647058823529
2.20588235294118
2.11764705882353
2.14705882352941
2
1.94117647058824
1.94117647058824
1.94117647058824
1.85294117647059
1.76470588235294
1.58823529411765
1.64705882352941
1.67647058823529
1.61764705882353
1.58823529411765
1.61764705882353
1.58823529411765
1.55882352941176
1.47058823529412
1.47058823529412
1.5
1.32352941176471
1.29411764705882
1.29411764705882
1.26470588235294
1.26470588235294
1.23529411764706
1.23529411764706
1.17647058823529
1.17647058823529
1.29411764705882
1.26470588235294
1.20588235294118
1.26470588235294
1.20588235294118
1.17647058823529
1.14705882352941
1.17647058823529
1.17647058823529
1.20588235294118
1.20588235294118
1.29411764705882
1.32352941176471
1.41176470588235
1.52941176470588
1.5
1.58823529411765
1.73529411764706
1.73529411764706
1.73529411764706
1.70588235294118
1.70588235294118
1.85294117647059
1.94117647058824
1.94117647058824
1.97058823529412
2.05882352941176
2.11764705882353
2.14705882352941
2.14705882352941
2.17647058823529
2.23529411764706
2.35294117647059
2.32352941176471
2.26470588235294
2.29411764705882
2.41176470588235
2.38235294117647
2.38235294117647
2.35294117647059
2.47058823529412
2.52941176470588
2.55882352941176
2.52941176470588
2.5
2.41176470588235
2.47058823529412
2.38235294117647
2.26470588235294
2.26470588235294
2.11764705882353
1.97058823529412
1.97058823529412
2
1.94117647058824
1.94117647058824
1.79411764705882
1.67647058823529
1.61764705882353
1.58823529411765
1.47058823529412
1.41176470588235
1.41176470588235
1.44117647058824
1.41176470588235
1.35294117647059
1.23529411764706
1.23529411764706
1.14705882352941
1.17647058823529
1.05882352941176
1.02941176470588
1.02941176470588
1.02941176470588
0.911764705882353
0.764705882352941
0.705882352941177
0.676470588235294
0.647058823529412
0.617647058823529
0.529411764705882
0.5
0.5
0.441176470588235
0.441176470588235
0.441176470588235
0.382352941176471
0.352941176470588
0.352941176470588
0.323529411764706
0.323529411764706
0.323529411764706
0.352941176470588
0.352941176470588
0.352941176470588
0.352941176470588
0.323529411764706
0.264705882352941
0.264705882352941
0.235294117647059
0.205882352941176
0.176470588235294
0.176470588235294
0.117647058823529
0.117647058823529
0.117647058823529
0.117647058823529
0.0882352941176471
0.0588235294117647
0.0588235294117647
0.0588235294117647
0.0588235294117647
0.0588235294117647
0.0882352941176471
0.0882352941176471
0.0882352941176471
0.0882352941176471
0.0882352941176471
0.0882352941176471
0.0882352941176471
0.0882352941176471
0.0588235294117647
0.0588235294117647
0.0588235294117647
0.0588235294117647
0.0588235294117647
0.0294117647058824
0.0294117647058824
0.0588235294117647
0.0588235294117647
0.0882352941176471
0.117647058823529
0.147058823529412
0.147058823529412
0.147058823529412
0.147058823529412
0.147058823529412
0.147058823529412
0.147058823529412
0.147058823529412
0.147058823529412
0.147058823529412
0.264705882352941
0.264705882352941
0.294117647058824
0.294117647058824
0.294117647058824
0.264705882352941
0.264705882352941
0.264705882352941
0.294117647058824
0.294117647058824
0.294117647058824
0.294117647058824
0.294117647058824
0.323529411764706
0.323529411764706
0.382352941176471
0.5
0.529411764705882
0.558823529411765
0.588235294117647
0.558823529411765
0.558823529411765
0.558823529411765
0.529411764705882
0.529411764705882
0.617647058823529
0.617647058823529
0.705882352941177
0.794117647058823
0.852941176470588
0.882352941176471
0.911764705882353
0.941176470588235
0.941176470588235
0.823529411764706
0.823529411764706
0.794117647058823
0.794117647058823
0.852941176470588
0.911764705882353
0.911764705882353
0.941176470588235
1
1.05882352941176
1.11764705882353
1.14705882352941
1.20588235294118
1.20588235294118
1.26470588235294
1.23529411764706
1.17647058823529
1.17647058823529
1.14705882352941
1.11764705882353
1.14705882352941
1.17647058823529
1.20588235294118
1.20588235294118
1.20588235294118
1.23529411764706
1.29411764705882
1.32352941176471
1.26470588235294
1.23529411764706
1.26470588235294
1.32352941176471
1.29411764705882
1.47058823529412
1.5
1.55882352941176
1.55882352941176
1.67647058823529
1.67647058823529
1.70588235294118
1.76470588235294
1.82352941176471
1.79411764705882
1.82352941176471
1.82352941176471
1.79411764705882
1.73529411764706
1.73529411764706
1.67647058823529
1.70588235294118
1.64705882352941
1.73529411764706
1.82352941176471
1.85294117647059
1.85294117647059
1.85294117647059
1.79411764705882
1.82352941176471
1.79411764705882
1.73529411764706
1.73529411764706
1.73529411764706
1.70588235294118
1.73529411764706
1.67647058823529
1.61764705882353
1.70588235294118
1.61764705882353
1.58823529411765
1.58823529411765
1.64705882352941
1.58823529411765
1.55882352941176
1.47058823529412
1.44117647058824
1.35294117647059
1.38235294117647
1.29411764705882
1.26470588235294
1.38235294117647
1.5
1.52941176470588
1.58823529411765
1.58823529411765
1.58823529411765
1.52941176470588
1.44117647058824
1.44117647058824
1.47058823529412
1.44117647058824
1.52941176470588
1.5
1.55882352941176
1.52941176470588
1.47058823529412
1.5
1.55882352941176
1.58823529411765
1.61764705882353
1.76470588235294
1.70588235294118
1.67647058823529
1.67647058823529
1.67647058823529
1.70588235294118
1.70588235294118
1.70588235294118
1.73529411764706
1.79411764705882
1.88235294117647
1.94117647058824
2.02941176470588
2.08823529411765
2.05882352941176
1.97058823529412
1.94117647058824
1.88235294117647
1.85294117647059
1.91176470588235
1.91176470588235
2
2.02941176470588
2.05882352941176
2.05882352941176
2.14705882352941
2.17647058823529
2.11764705882353
2.11764705882353
2.14705882352941
2
1.94117647058824
2
2.02941176470588
1.85294117647059
1.97058823529412
1.94117647058824
1.97058823529412
1.97058823529412
1.91176470588235
1.97058823529412
2.05882352941176
2.08823529411765
2.02941176470588
2
1.94117647058824
1.85294117647059
1.79411764705882
1.70588235294118
1.76470588235294
1.76470588235294
1.79411764705882
1.79411764705882
1.76470588235294
1.73529411764706
1.64705882352941
1.64705882352941
1.58823529411765
1.64705882352941
1.52941176470588
1.52941176470588
1.52941176470588
1.52941176470588
1.55882352941176
1.58823529411765
1.58823529411765
1.44117647058824
1.41176470588235
1.44117647058824
1.32352941176471
1.32352941176471
1.32352941176471
1.26470588235294
1.23529411764706
1.17647058823529
1.05882352941176
1.02941176470588
1.02941176470588
0.970588235294118
0.882352941176471
0.941176470588235
0.911764705882353
0.911764705882353
0.852941176470588
0.823529411764706
0.794117647058823
0.794117647058823
0.794117647058823
0.794117647058823
0.794117647058823
0.735294117647059
0.705882352941177
0.647058823529412
0.588235294117647
0.558823529411765
0.558823529411765
0.558823529411765
0.529411764705882
0.5
0.5
0.5
0.470588235294118
0.441176470588235
0.411764705882353
0.441176470588235
0.441176470588235
0.441176470588235
0.441176470588235
0.382352941176471
0.382352941176471
0.352941176470588
0.323529411764706
0.352941176470588
0.352941176470588
0.294117647058824
0.294117647058824
0.294117647058824
0.264705882352941
0.264705882352941
0.264705882352941
0.235294117647059
0.205882352941176
0.176470588235294
0.176470588235294
0.176470588235294
0.176470588235294
0.176470588235294
0.176470588235294
0.176470588235294
0.205882352941176
0.176470588235294
0.147058823529412
0.147058823529412
0.147058823529412
0.147058823529412
0.147058823529412
0.147058823529412
0.147058823529412
0.0882352941176471
0.0588235294117647
0.0588235294117647
0.0882352941176471
0.0882352941176471
0.0882352941176471
0.0882352941176471
0.0882352941176471
0.0588235294117647
0.0588235294117647
0.0588235294117647
0.0882352941176471
0.0882352941176471
0.0882352941176471
0.0882352941176471
0.117647058823529
0.147058823529412
0.147058823529412
0.147058823529412
0.147058823529412
0.147058823529412
0.147058823529412
0.176470588235294
0.176470588235294
0.176470588235294
0.147058823529412
0.147058823529412
0.147058823529412
0.176470588235294
0.205882352941176
0.235294117647059
0.235294117647059
0.235294117647059
0.294117647058824
0.323529411764706
0.323529411764706
0.352941176470588
0.382352941176471
0.441176470588235
0.441176470588235
0.470588235294118
0.5
0.5
0.5
0.5
0.529411764705882
0.705882352941177
0.764705882352941
0.764705882352941
0.735294117647059
0.705882352941177
0.735294117647059
0.735294117647059
0.911764705882353
1.02941176470588
1.14705882352941
1.20588235294118
1.23529411764706
1.32352941176471
1.35294117647059
1.35294117647059
1.35294117647059
1.44117647058824
1.44117647058824
1.47058823529412
1.55882352941176
1.55882352941176
1.5
1.5
1.52941176470588
1.58823529411765
1.61764705882353
1.61764705882353
1.67647058823529
1.73529411764706
1.76470588235294
1.79411764705882
1.88235294117647
1.91176470588235
1.85294117647059
1.76470588235294
1.85294117647059
1.85294117647059
1.91176470588235
2
2.05882352941176
2.20588235294118
2.08823529411765
2.02941176470588
2.05882352941176
2.08823529411765
2.08823529411765
2.11764705882353
2.14705882352941
2.26470588235294
2.32352941176471
2.20588235294118
2.26470588235294
2.32352941176471
2.23529411764706
2.29411764705882
2.35294117647059
2.41176470588235
2.41176470588235
2.44117647058824
2.41176470588235
2.41176470588235
2.38235294117647
2.32352941176471
2.58823529411765
2.64705882352941
2.61764705882353
2.61764705882353
2.70588235294118
2.73529411764706
2.61764705882353
2.70588235294118
2.67647058823529
2.61764705882353
2.52941176470588
2.44117647058824
2.5
2.5
2.5
2.5
2.5
2.41176470588235
2.35294117647059
2.23529411764706
2.20588235294118
2.23529411764706
2.20588235294118
2.14705882352941
2.20588235294118
2.17647058823529
2.11764705882353
2.05882352941176
2.05882352941176
2
2.05882352941176
2.02941176470588
2.02941176470588
2.08823529411765
1.79411764705882
1.73529411764706
1.70588235294118
1.73529411764706
1.67647058823529
1.55882352941176
1.58823529411765
1.52941176470588
1.52941176470588
1.5
1.52941176470588
1.52941176470588
1.44117647058824
1.41176470588235
1.26470588235294
1.14705882352941
1.14705882352941
1.14705882352941
1.26470588235294
1.29411764705882
1.26470588235294
1.29411764705882
1.29411764705882
1.35294117647059
1.32352941176471
1.38235294117647
1.44117647058824
1.47058823529412
1.55882352941176
1.55882352941176
1.5
1.61764705882353
1.58823529411765
1.5
1.5
1.55882352941176
1.52941176470588
1.61764705882353
1.64705882352941
1.73529411764706
1.67647058823529
1.70588235294118
1.67647058823529
1.70588235294118
1.70588235294118
1.70588235294118
1.76470588235294
1.76470588235294
1.94117647058824
2
1.97058823529412
2.02941176470588
1.94117647058824
2
2
2.02941176470588
1.97058823529412
1.97058823529412
1.97058823529412
1.94117647058824
1.88235294117647
1.82352941176471
1.73529411764706
1.73529411764706
1.73529411764706
1.58823529411765
1.70588235294118
1.76470588235294
1.76470588235294
1.79411764705882
1.82352941176471
1.76470588235294
1.70588235294118
1.64705882352941
1.70588235294118
1.64705882352941
1.64705882352941
1.67647058823529
1.70588235294118
1.64705882352941
1.58823529411765
1.55882352941176
1.41176470588235
1.38235294117647
1.44117647058824
1.38235294117647
1.38235294117647
1.32352941176471
1.32352941176471
1.23529411764706
1.23529411764706
1.14705882352941
1.11764705882353
1.05882352941176
1.11764705882353
1.11764705882353
1.11764705882353
1.08823529411765
1.05882352941176
1.05882352941176
0.941176470588235
0.882352941176471
0.852941176470588
0.764705882352941
0.735294117647059
0.647058823529412
0.647058823529412
0.617647058823529
0.588235294117647
0.647058823529412
0.647058823529412
0.588235294117647
0.529411764705882
0.529411764705882
0.5
0.5
0.470588235294118
0.441176470588235
0.411764705882353
0.382352941176471
0.382352941176471
0.352941176470588
0.352941176470588
0.352941176470588
0.352941176470588
0.323529411764706
0.323529411764706
0.323529411764706
0.264705882352941
0.264705882352941
0.235294117647059
0.205882352941176
0.176470588235294
0.205882352941176
0.205882352941176
0.205882352941176
0.205882352941176
0.205882352941176
0.264705882352941
0.264705882352941
0.264705882352941
0.264705882352941
0.235294117647059
0.176470588235294
0.176470588235294
0.176470588235294
0.176470588235294
0.176470588235294
0.176470588235294
0.176470588235294
0.176470588235294
0.176470588235294
0.147058823529412
0.147058823529412
0.147058823529412
0.147058823529412
0.147058823529412
0.147058823529412
0.147058823529412
0.147058823529412
0.147058823529412
0.147058823529412
0.176470588235294
0.176470588235294
0.176470588235294
0.205882352941176
0.205882352941176
0.176470588235294
0.176470588235294
0.176470588235294
0.176470588235294
0.147058823529412
0.0882352941176471
0.117647058823529
0.147058823529412
0.147058823529412
0.264705882352941
0.264705882352941
0.294117647058824
0.294117647058824
0.323529411764706
0.323529411764706
0.323529411764706
0.352941176470588
0.382352941176471
0.382352941176471
0.382352941176471
0.411764705882353
0.470588235294118
0.470588235294118
0.558823529411765
0.558823529411765
0.588235294117647
0.617647058823529
0.647058823529412
0.676470588235294
0.647058823529412
0.647058823529412
0.647058823529412
0.617647058823529
0.676470588235294
0.705882352941177
0.705882352941177
0.764705882352941
0.823529411764706
0.823529411764706
0.852941176470588
0.882352941176471
0.911764705882353
1
0.970588235294118
1
1.05882352941176
1.08823529411765
1.05882352941176
1.11764705882353
1.17647058823529
1.14705882352941
1.20588235294118
1.23529411764706
1.29411764705882
1.29411764705882
1.23529411764706
1.32352941176471
1.29411764705882
1.41176470588235
1.38235294117647
1.38235294117647
1.38235294117647
1.35294117647059
1.35294117647059
1.41176470588235
1.44117647058824
1.44117647058824
1.41176470588235
1.44117647058824
1.47058823529412
1.41176470588235
1.44117647058824
1.5
1.47058823529412
1.44117647058824
1.44117647058824
1.41176470588235
1.32352941176471
1.29411764705882
1.20588235294118
1.20588235294118
1.20588235294118
1.17647058823529
1.11764705882353
1.17647058823529
1.20588235294118
1.17647058823529
1.17647058823529
1.23529411764706
1.23529411764706
1.20588235294118
1.23529411764706
1.14705882352941
1.26470588235294
1.26470588235294
1.29411764705882
1.32352941176471
1.32352941176471
1.29411764705882
1.32352941176471
1.44117647058824
1.44117647058824
1.38235294117647
1.41176470588235
1.5
1.47058823529412
1.5
1.52941176470588
1.58823529411765
1.61764705882353
1.55882352941176
1.58823529411765
1.61764705882353
1.61764705882353
1.61764705882353
1.67647058823529
1.67647058823529
1.73529411764706
1.70588235294118
1.67647058823529
1.70588235294118
1.70588235294118
1.61764705882353
1.58823529411765
1.52941176470588
1.5
1.52941176470588
1.41176470588235
1.41176470588235
1.38235294117647
1.38235294117647
1.41176470588235
1.44117647058824
1.41176470588235
1.29411764705882
1.29411764705882
1.32352941176471
1.29411764705882
1.23529411764706
1.20588235294118
1.14705882352941
1.14705882352941
1.08823529411765
1
1.02941176470588
1.02941176470588
1.02941176470588
1.11764705882353
1.11764705882353
1.08823529411765
1.08823529411765
1.02941176470588
1.02941176470588
0.970588235294118
0.970588235294118
0.970588235294118
0.970588235294118
1
1.02941176470588
0.970588235294118
0.911764705882353
0.970588235294118
0.970588235294118
1
1.02941176470588
1.02941176470588
1
0.970588235294118
0.970588235294118
0.941176470588235
0.941176470588235
1.02941176470588
1.08823529411765
1.05882352941176
1.02941176470588
1.05882352941176
1.02941176470588
1.02941176470588
1
0.970588235294118
1
0.941176470588235
0.911764705882353
0.882352941176471
0.882352941176471
0.911764705882353
0.911764705882353
0.970588235294118
0.970588235294118
0.911764705882353
0.911764705882353
0.882352941176471
0.852941176470588
0.852941176470588
0.852941176470588
0.794117647058823
0.764705882352941
0.735294117647059
0.676470588235294
0.647058823529412
0.676470588235294
0.705882352941177
0.735294117647059
0.735294117647059
0.705882352941177
0.588235294117647
0.5
0.5
0.5
0.441176470588235
0.441176470588235
0.441176470588235
0.441176470588235
0.441176470588235
0.382352941176471
0.382352941176471
