0
0
0
0
0
0
0
0
0
0
0
0
0
0
0
0
0
0
0
0
0
0
0
0
0
0
0
0
0
0
0
0
0
2
1.97058823529412
1.88235294117647
1.82352941176471
1.73529411764706
1.73529411764706
1.70588235294118
1.64705882352941
1.5
1.38235294117647
1.26470588235294
1.17647058823529
1
0.852941176470588
0.852941176470588
0.852941176470588
0.764705882352941
0.764705882352941
0.794117647058823
0.764705882352941
0.705882352941177
0.647058823529412
0.588235294117647
0.588235294117647
0.588235294117647
0.558823529411765
0.558823529411765
0.558823529411765
0.529411764705882
0.529411764705882
0.5
0.5
0.470588235294118
0.470588235294118
0.411764705882353
0.352941176470588
0.323529411764706
0.264705882352941
0.264705882352941
0.235294117647059
0.235294117647059
0.235294117647059
0.205882352941176
0.205882352941176
0.176470588235294
0.205882352941176
0.205882352941176
0.205882352941176
0.176470588235294
0.176470588235294
0.235294117647059
0.264705882352941
0.235294117647059
0.235294117647059
0.235294117647059
0.264705882352941
0.264705882352941
0.323529411764706
0.382352941176471
0.470588235294118
0.441176470588235
0.441176470588235
0.470588235294118
0.558823529411765
0.558823529411765
0.588235294117647
0.676470588235294
0.676470588235294
0.705882352941177
0.764705882352941
0.764705882352941
0.794117647058823
0.852941176470588
0.852941176470588
0.882352941176471
1
1
1.02941176470588
1.08823529411765
1.14705882352941
1.23529411764706
1.32352941176471
1.38235294117647
1.5
1.58823529411765
1.67647058823529
1.79411764705882
1.85294117647059
2.05882352941176
2.23529411764706
2.41176470588235
2.47058823529412
2.5
2.52941176470588
2.55882352941176
2.67647058823529
2.67647058823529
2.82352941176471
2.91176470588235
3
3.05882352941176
3.23529411764706
3.38235294117647
3.5
3.73529411764706
3.91176470588235
3.97058823529412
4.14705882352941
4.14705882352941
4.17647058823529
4.44117647058824
4.47058823529412
4.41176470588235
4.41176470588235
4.52941176470588
4.52941176470588
4.64705882352941
4.58823529411765
4.58823529411765
4.64705882352941
4.70588235294118
4.79411764705882
4.76470588235294
4.70588235294118
4.58823529411765
4.67647058823529
4.91176470588235
5
5.17647058823529
5.17647058823529
5.44117647058824
5.35294117647059
5.55882352941176
5.58823529411765
5.79411764705882
5.61764705882353
5.76470588235294
5.67647058823529
5.64705882352941
5.58823529411765
5.64705882352941
5.67647058823529
5.88235294117647
5.91176470588235
5.85294117647059
6.02941176470588
6.5
6.88235294117647
6.94117647058824
7.11764705882353
7.14705882352941
7.29411764705882
7.38235294117647
7.41176470588235
7.41176470588235
7.44117647058824
7.47058823529412
7.47058823529412
7.73529411764706
7.61764705882353
7.52941176470588
7.70588235294118
7.82352941176471
7.97058823529412
7.94117647058824
8.05882352941176
8.02941176470588
8.26470588235294
8
8.17647058823529
8.32352941176471
8.58823529411765
8.52941176470588
8.52941176470588
8.55882352941176
8.52941176470588
8.5
8.41176470588235
8.32352941176471
8.20588235294118
7.94117647058824
7.61764705882353
7.70588235294118
7.61764705882353
7.64705882352941
7.64705882352941
7.58823529411765
7.55882352941176
7.55882352941176
7.58823529411765
7.47058823529412
7.47058823529412
7.23529411764706
7.52941176470588
7.64705882352941
7.47058823529412
7.26470588235294
7.14705882352941
7.11764705882353
6.94117647058824
6.88235294117647
6.82352941176471
7
6.94117647058824
6.76470588235294
6.61764705882353
6.94117647058824
7.08823529411765
7.05882352941176
7.11764705882353
7.02941176470588
7.29411764705882
7.35294117647059
7.44117647058824
7.41176470588235
7.52941176470588
7.47058823529412
7.35294117647059
7.35294117647059
7.29411764705882
7.35294117647059
7.41176470588235
7.41176470588235
7.38235294117647
7.38235294117647
7.29411764705882
7.44117647058824
7.14705882352941
6.97058823529412
7.05882352941176
7.08823529411765
7.08823529411765
7
7.02941176470588
6.85294117647059
6.70588235294118
6.58823529411765
6.5
6.32352941176471
6.17647058823529
5.79411764705882
5.55882352941176
5.47058823529412
5.38235294117647
5.38235294117647
5.23529411764706
5.14705882352941
5.08823529411765
4.97058823529412
4.79411764705882
4.5
4.5
4.29411764705882
4.20588235294118
3.97058823529412
3.79411764705882
3.67647058823529
3.67647058823529
3.67647058823529
3.67647058823529
3.52941176470588
3.5
3.38235294117647
3.14705882352941
3.02941176470588
3
2.88235294117647
2.76470588235294
2.79411764705882
2.64705882352941
2.5
2.47058823529412
2.35294117647059
2.35294117647059
2.32352941176471
2.29411764705882
2.20588235294118
2.05882352941176
1.94117647058824
1.76470588235294
1.67647058823529
1.52941176470588
1.47058823529412
1.41176470588235
1.41176470588235
1.38235294117647
1.38235294117647
1.35294117647059
1.35294117647059
1.32352941176471
1.26470588235294
1.08823529411765
1
0.941176470588235
0.911764705882353
0.852941176470588
0.823529411764706
0.764705882352941
0.764705882352941
0.676470588235294
0.647058823529412
0.647058823529412
0.588235294117647
0.558823529411765
0.588235294117647
0.558823529411765
0.558823529411765
0.529411764705882
0.470588235294118
0.441176470588235
0.441176470588235
0.441176470588235
0.441176470588235
0.411764705882353
0.411764705882353
0.441176470588235
0.441176470588235
0.411764705882353
0.411764705882353
0.352941176470588
0.323529411764706
0.294117647058824
0.323529411764706
0.294117647058824
0.294117647058824
0.294117647058824
0.294117647058824
0.294117647058824
0.264705882352941
0.235294117647059
0.205882352941176
0.235294117647059
0.205882352941176
0.176470588235294
0.176470588235294
0.176470588235294
0.176470588235294
0.176470588235294
0.147058823529412
0.147058823529412
0.176470588235294
0.147058823529412
0.147058823529412
0.147058823529412
0.147058823529412
0.147058823529412
0.147058823529412
0.176470588235294
0.235294117647059
0.235294117647059
0.235294117647059
0.323529411764706
0.411764705882353
0.441176470588235
0.5
0.529411764705882
0.588235294117647
0.617647058823529
0.647058823529412
1
1.11764705882353
1.29411764705882
1.32352941176471
1.38235294117647
1.47058823529412
1.44117647058824
1.55882352941176
1.91176470588235
2.05882352941176
2.20588235294118
2.61764705882353
2.67647058823529
2.67647058823529
2.70588235294118
2.79411764705882
2.82352941176471
2.91176470588235
3.35294117647059
3.85294117647059
4.17647058823529
4.94117647058824
5.11764705882353
5.20588235294118
5.32352941176471
5.76470588235294
5.88235294117647
5.97058823529412
6.11764705882353
6.23529411764706
6.41176470588235
6.35294117647059
6.70588235294118
6.85294117647059
6.67647058823529
6.67647058823529
6.58823529411765
6.73529411764706
6.76470588235294
6.79411764705882
7
7
6.82352941176471
6.79411764705882
6.79411764705882
6.47058823529412
7
8.11764705882353
8.44117647058824
8.44117647058824
8.5
8.61764705882353
8.32352941176471
7.88235294117647
7.73529411764706
7.05882352941176
6.97058823529412
6.91176470588235
6.91176470588235
6.55882352941176
6.82352941176471
7.14705882352941
7.20588235294118
7.08823529411765
7
7.08823529411765
6.82352941176471
6.79411764705882
6.79411764705882
6.85294117647059
7.44117647058824
7.52941176470588
7.61764705882353
7.64705882352941
7.55882352941176
7.47058823529412
7.47058823529412
7.41176470588235
7.41176470588235
7.52941176470588
7.02941176470588
6.58823529411765
6.41176470588235
6.38235294117647
6.55882352941176
6.5
6.38235294117647
6.44117647058824
6.35294117647059
6.35294117647059
6.35294117647059
6.29411764705882
6.32352941176471
6.41176470588235
6.08823529411765
6.35294117647059
6.29411764705882
6.38235294117647
6.44117647058824
7.05882352941176
7.14705882352941
7.20588235294118
7.14705882352941
7.23529411764706
7.08823529411765
6.88235294117647
6.88235294117647
7.26470588235294
7.23529411764706
7.26470588235294
7.29411764705882
7.52941176470588
7.47058823529412
7.47058823529412
7.38235294117647
6.85294117647059
6.79411764705882
6.79411764705882
6.61764705882353
6.52941176470588
6.64705882352941
6.58823529411765
6.70588235294118
6.76470588235294
6.94117647058824
7.88235294117647
8.11764705882353
8.17647058823529
8.38235294117647
7.73529411764706
7.76470588235294
7.76470588235294
7.64705882352941
7.11764705882353
7.11764705882353
7.14705882352941
7.11764705882353
7.08823529411765
6.73529411764706
6.79411764705882
6.82352941176471
6.5
6.52941176470588
6.73529411764706
6.73529411764706
6.67647058823529
6.76470588235294
6.85294117647059
6.97058823529412
7
7
6.94117647058824
6.97058823529412
7.05882352941176
7
6.97058823529412
6.85294117647059
6.79411764705882
6.61764705882353
5.85294117647059
5.73529411764706
5.58823529411765
5.29411764705882
5.20588235294118
5.08823529411765
5.08823529411765
5.08823529411765
4.97058823529412
4.82352941176471
4.73529411764706
4.64705882352941
4.52941176470588
4.47058823529412
4.44117647058824
4.32352941176471
4.23529411764706
4.17647058823529
4
3.91176470588235
3.70588235294118
3.55882352941176
3.41176470588235
3.29411764705882
3.11764705882353
3.05882352941176
3.05882352941176
3.05882352941176
2.91176470588235
2.91176470588235
2.91176470588235
2.85294117647059
2.85294117647059
2.85294117647059
2.70588235294118
2.41176470588235
2.41176470588235
2.52941176470588
2.52941176470588
2.47058823529412
2.35294117647059
2.29411764705882
2.23529411764706
2.26470588235294
2.20588235294118
2.26470588235294
2.26470588235294
2.17647058823529
2.11764705882353
2.05882352941176
1.94117647058824
1.88235294117647
1.82352941176471
1.76470588235294
1.73529411764706
1.73529411764706
1.58823529411765
1.61764705882353
1.61764705882353
1.58823529411765
1.55882352941176
1.47058823529412
1.47058823529412
1.38235294117647
1.38235294117647
1.38235294117647
1.32352941176471
1.20588235294118
1.14705882352941
1.17647058823529
1.08823529411765
0.911764705882353
0.882352941176471
0.852941176470588
0.823529411764706
0.852941176470588
0.823529411764706
0.735294117647059
0.647058823529412
0.588235294117647
0.470588235294118
0.441176470588235
0.382352941176471
0.352941176470588
0.352941176470588
0.352941176470588
0.352941176470588
0.294117647058824
0.294117647058824
0.264705882352941
0.264705882352941
0.235294117647059
0.235294117647059
0.205882352941176
0.205882352941176
0.176470588235294
0.205882352941176
0.205882352941176
0.176470588235294
0.147058823529412
0.117647058823529
0.117647058823529
0.117647058823529
0.0882352941176471
0.0882352941176471
0.0882352941176471
0.0882352941176471
0.0882352941176471
0.0882352941176471
0.0882352941176471
0.147058823529412
0.147058823529412
0.147058823529412
0.176470588235294
0.176470588235294
0.176470588235294
0.176470588235294
0.235294117647059
0.235294117647059
0.235294117647059
0.558823529411765
0.588235294117647
0.617647058823529
0.647058823529412
1.08823529411765
1.29411764705882
1.41176470588235
1.44117647058824
1.44117647058824
1.52941176470588
1.61764705882353
1.73529411764706
1.82352941176471
2.05882352941176
2.14705882352941
2.26470588235294
2.44117647058824
2.52941176470588
2.61764705882353
2.79411764705882
2.82352941176471
2.97058823529412
3.08823529411765
3.23529411764706
3.35294117647059
3.44117647058824
3.58823529411765
3.64705882352941
4.41176470588235
5.14705882352941
5.44117647058824
5.67647058823529
5.67647058823529
5.85294117647059
5.55882352941176
5.79411764705882
6.17647058823529
6.5
6.08823529411765
6.5
6.55882352941176
6.64705882352941
6.82352941176471
7.17647058823529
7.11764705882353
7.29411764705882
7.41176470588235
7.26470588235294
7.38235294117647
7.32352941176471
7.32352941176471
7.26470588235294
7.20588235294118
7.11764705882353
7.29411764705882
7.41176470588235
8.05882352941176
8.17647058823529
8.08823529411765
8.11764705882353
8.70588235294118
8.88235294117647
8.20588235294118
7.73529411764706
7.76470588235294
7.73529411764706
8.05882352941176
8.08823529411765
8.11764705882353
8.02941176470588
7.85294117647059
7.67647058823529
7.82352941176471
7.38235294117647
7.29411764705882
7.26470588235294
7.17647058823529
6.79411764705882
6.91176470588235
6.76470588235294
7.26470588235294
8.17647058823529
8.14705882352941
8.20588235294118
8.23529411764706
8.44117647058824
8.47058823529412
8.64705882352941
8.52941176470588
8.44117647058824
7.70588235294118
7.58823529411765
7.52941176470588
7.55882352941176
6.91176470588235
6.76470588235294
6.85294117647059
6.61764705882353
6.41176470588235
6.29411764705882
6.20588235294118
6.20588235294118
6.26470588235294
6.26470588235294
6.11764705882353
6
5.88235294117647
5.82352941176471
5.85294117647059
5.85294117647059
5.85294117647059
6.02941176470588
6.02941176470588
5.97058823529412
5.41176470588235
4.61764705882353
4.5
4.41176470588235
4.26470588235294
4.17647058823529
4.38235294117647
4.29411764705882
4.44117647058824
4.32352941176471
4.44117647058824
4.38235294117647
4.47058823529412
4.41176470588235
4.41176470588235
4.44117647058824
4.41176470588235
5
5.47058823529412
5.61764705882353
5.85294117647059
5.76470588235294
5.76470588235294
5.82352941176471
5.82352941176471
5.97058823529412
6.20588235294118
6.26470588235294
6.38235294117647
6.55882352941176
6.91176470588235
6.85294117647059
6.88235294117647
7.05882352941176
7.11764705882353
7.32352941176471
7.41176470588235
7.55882352941176
7.64705882352941
7.73529411764706
7.52941176470588
7.58823529411765
7.58823529411765
7.58823529411765
7.61764705882353
7.79411764705882
7.73529411764706
7.73529411764706
7.67647058823529
7.82352941176471
7.94117647058824
7.5
7.05882352941176
6.94117647058824
6.67647058823529
6.67647058823529
6.52941176470588
6.47058823529412
6.55882352941176
6.52941176470588
6.32352941176471
6.23529411764706
6
5.85294117647059
5.58823529411765
5.5
5.47058823529412
5.29411764705882
5.17647058823529
4.79411764705882
4.76470588235294
4.76470588235294
4.70588235294118
4.5
4.44117647058824
4.47058823529412
4.35294117647059
4.38235294117647
4.29411764705882
4.05882352941176
4.02941176470588
4.02941176470588
4.02941176470588
3.76470588235294
3.52941176470588
3.44117647058824
3.32352941176471
3.26470588235294
3.08823529411765
3.02941176470588
3.08823529411765
2.91176470588235
2.76470588235294
2.58823529411765
2.5
2.44117647058824
2.44117647058824
2.35294117647059
2.17647058823529
2.08823529411765
1.91176470588235
1.85294117647059
1.82352941176471
1.79411764705882
1.73529411764706
1.58823529411765
1.52941176470588
1.52941176470588
1.55882352941176
1.29411764705882
1.17647058823529
1.17647058823529
1.17647058823529
1.14705882352941
1.11764705882353
1.02941176470588
1
0.970588235294118
0.941176470588235
0.852941176470588
0.823529411764706
0.735294117647059
0.705882352941177
0.676470588235294
0.617647058823529
0.617647058823529
0.588235294117647
0.588235294117647
0.588235294117647
0.558823529411765
0.558823529411765
0.529411764705882
0.558823529411765
0.588235294117647
0.588235294117647
0.558823529411765
0.5
0.5
0.470588235294118
0.470588235294118
0.441176470588235
0.411764705882353
0.382352941176471
0.382352941176471
0.382352941176471
0.294117647058824
0.205882352941176
0.176470588235294
0.176470588235294
0.176470588235294
0.176470588235294
0.176470588235294
0.176470588235294
0.205882352941176
0.205882352941176
0.176470588235294
0.176470588235294
0.176470588235294
0.235294117647059
0.235294117647059
0.235294117647059
0.235294117647059
0.235294117647059
0.235294117647059
0.235294117647059
0.264705882352941
0.323529411764706
0.323529411764706
0.411764705882353
0.411764705882353
0.441176470588235
0.470588235294118
0.441176470588235
0.411764705882353
0.5
0.558823529411765
0.588235294117647
0.647058823529412
0.676470588235294
0.735294117647059
0.735294117647059
0.764705882352941
0.764705882352941
0.911764705882353
1.02941176470588
1.11764705882353
1.14705882352941
1.14705882352941
1.17647058823529
1.23529411764706
1.32352941176471
1.35294117647059
1.44117647058824
1.5
1.55882352941176
1.79411764705882
1.94117647058824
2.14705882352941
2.17647058823529
2.32352941176471
2.44117647058824
2.70588235294118
2.91176470588235
3.02941176470588
3.26470588235294
3.38235294117647
3.47058823529412
3.61764705882353
3.67647058823529
3.73529411764706
3.85294117647059
4.02941176470588
4.11764705882353
4.23529411764706
4.26470588235294
4.38235294117647
4.47058823529412
4.52941176470588
4.67647058823529
4.70588235294118
4.70588235294118
4.79411764705882
4.91176470588235
4.88235294117647
4.94117647058824
4.97058823529412
5
5.14705882352941
5.26470588235294
5.29411764705882
5.26470588235294
5.38235294117647
5.58823529411765
5.5
5.58823529411765
5.35294117647059
5.26470588235294
5.38235294117647
5.5
5.5
5.52941176470588
5.44117647058824
5.32352941176471
5.41176470588235
5.47058823529412
5.38235294117647
5.44117647058824
5.32352941176471
5.55882352941176
5.58823529411765
5.64705882352941
5.70588235294118
5.70588235294118
5.94117647058824
6.02941176470588
6.29411764705882
6.41176470588235
6.64705882352941
6.70588235294118
7
7.05882352941176
7
7.08823529411765
7
7.11764705882353
6.97058823529412
6.91176470588235
7.17647058823529
7.14705882352941
7.26470588235294
7.35294117647059
7.17647058823529
6.94117647058824
7.17647058823529
7.23529411764706
7.41176470588235
7.70588235294118
7.79411764705882
7.70588235294118
8
8.02941176470588
8.02941176470588
8.05882352941176
8.05882352941176
7.94117647058824
7.91176470588235
7.73529411764706
7.55882352941176
7.58823529411765
7.41176470588235
7.32352941176471
7.38235294117647
7.29411764705882
7.23529411764706
7.17647058823529
7.26470588235294
7.14705882352941
7.11764705882353
7.11764705882353
7.14705882352941
7.20588235294118
7
6.79411764705882
7
6.82352941176471
6.94117647058824
7.02941176470588
6.82352941176471
6.88235294117647
6.85294117647059
6.61764705882353
6.47058823529412
6.55882352941176
6.29411764705882
6.32352941176471
6.64705882352941
6.82352941176471
6.88235294117647
7.17647058823529
7.32352941176471
7.44117647058824
7.64705882352941
7.79411764705882
7.97058823529412
8.02941176470588
7.91176470588235
8.05882352941176
8.02941176470588
8.17647058823529
8.26470588235294
8.32352941176471
8.44117647058824
8.5
8.64705882352941
8.61764705882353
8.67647058823529
8.79411764705882
8.61764705882353
8.64705882352941
8.82352941176471
8.73529411764706
8.67647058823529
8.70588235294118
8.58823529411765
8.64705882352941
8.67647058823529
8.70588235294118
8.76470588235294
8.70588235294118
8.58823529411765
8.29411764705882
8.32352941176471
8.05882352941176
7.85294117647059
7.88235294117647
7.58823529411765
7.32352941176471
7.11764705882353
7
6.94117647058824
6.79411764705882
6.61764705882353
6.35294117647059
6.11764705882353
6.02941176470588
5.85294117647059
5.70588235294118
5.41176470588235
5.20588235294118
5.08823529411765
4.97058823529412
4.88235294117647
4.79411764705882
4.44117647058824
4.29411764705882
4.29411764705882
4.08823529411765
4.05882352941176
3.97058823529412
3.82352941176471
3.67647058823529
3.44117647058824
3.32352941176471
3.05882352941176
2.88235294117647
2.67647058823529
2.61764705882353
2.44117647058824
2.29411764705882
2.23529411764706
2.26470588235294
2.14705882352941
2.05882352941176
1.94117647058824
1.94117647058824
1.82352941176471
1.76470588235294
1.67647058823529
1.55882352941176
1.47058823529412
1.35294117647059
1.29411764705882
1.29411764705882
1.20588235294118
1.14705882352941
1.02941176470588
0.970588235294118
0.970588235294118
0.970588235294118
0.852941176470588
0.794117647058823
0.764705882352941
0.735294117647059
0.705882352941177
0.676470588235294
0.676470588235294
0.617647058823529
0.647058823529412
0.647058823529412
0.588235294117647
0.588235294117647
0.588235294117647
0.5
0.529411764705882
0.529411764705882
0.470588235294118
0.441176470588235
0.411764705882353
0.294117647058824
0.294117647058824
0.294117647058824
0.294117647058824
0.294117647058824
0.294117647058824
0.264705882352941
0.323529411764706
0.352941176470588
0.352941176470588
0.382352941176471
0.382352941176471
0.382352941176471
0.382352941176471
0.411764705882353
0.441176470588235
0.441176470588235
0.411764705882353
0.411764705882353
0.470588235294118
0.411764705882353
0.411764705882353
0.441176470588235
0.411764705882353
0.441176470588235
0.441176470588235
0.441176470588235
0.441176470588235
0.441176470588235
0.441176470588235
0.441176470588235
0.441176470588235
0.441176470588235
0.529411764705882
0.647058823529412
0.705882352941177
0.764705882352941
0.764705882352941
0.882352941176471
0.970588235294118
1.05882352941176
1.05882352941176
1.11764705882353
1.20588235294118
1.23529411764706
1.38235294117647
1.73529411764706
1.88235294117647
1.88235294117647
2.02941176470588
2.05882352941176
2.17647058823529
2.23529411764706
2.23529411764706
2.32352941176471
2.44117647058824
2.47058823529412
2.5
2.58823529411765
2.64705882352941
2.70588235294118
2.79411764705882
3.05882352941176
3.08823529411765
3.35294117647059
3.52941176470588
3.67647058823529
3.70588235294118
3.67647058823529
3.73529411764706
3.73529411764706
3.91176470588235
3.82352941176471
3.82352941176471
3.88235294117647
3.88235294117647
3.85294117647059
3.88235294117647
4.02941176470588
4.05882352941176
3.82352941176471
3.82352941176471
3.94117647058824
3.94117647058824
4.05882352941176
4.05882352941176
4.17647058823529
4.41176470588235
4.52941176470588
4.55882352941176
4.64705882352941
4.79411764705882
4.88235294117647
4.94117647058824
5
5.20588235294118
5.14705882352941
5.17647058823529
5.08823529411765
5.17647058823529
5.29411764705882
5.41176470588235
5.5
5.52941176470588
5.55882352941176
5.5
5.58823529411765
5.70588235294118
5.73529411764706
5.82352941176471
5.91176470588235
5.97058823529412
5.82352941176471
5.76470588235294
5.94117647058824
5.97058823529412
5.88235294117647
6.02941176470588
6.14705882352941
6.17647058823529
6.11764705882353
6.14705882352941
6.08823529411765
6.23529411764706
6.35294117647059
6.44117647058824
6.52941176470588
6.55882352941176
6.52941176470588
6.44117647058824
6.41176470588235
6.55882352941176
6.73529411764706
6.76470588235294
6.76470588235294
6.76470588235294
6.73529411764706
6.88235294117647
7.02941176470588
7.02941176470588
7.14705882352941
7.20588235294118
7.20588235294118
7.20588235294118
7.29411764705882
7.32352941176471
7.5
7.5
7.29411764705882
7.23529411764706
7.47058823529412
7.41176470588235
7.17647058823529
7.26470588235294
7.26470588235294
7.17647058823529
7.14705882352941
7.05882352941176
7.02941176470588
7
6.79411764705882
6.94117647058824
7.17647058823529
7.05882352941176
7.02941176470588
7.02941176470588
6.79411764705882
6.67647058823529
6.73529411764706
6.73529411764706
6.79411764705882
6.82352941176471
6.79411764705882
6.94117647058824
6.85294117647059
6.76470588235294
6.94117647058824
7.17647058823529
7.23529411764706
7.26470588235294
7.20588235294118
7.35294117647059
7.61764705882353
7.94117647058824
7.97058823529412
7.79411764705882
7.88235294117647
8
8.11764705882353
8
8.26470588235294
8.32352941176471
8.32352941176471
8.41176470588235
8.73529411764706
8.73529411764706
8.64705882352941
8.82352941176471
9.11764705882353
9.05882352941176
9.14705882352941
9.23529411764706
9.26470588235294
9.41176470588235
9.41176470588235
9.29411764705882
9.35294117647059
9.35294117647059
9.32352941176471
9.35294117647059
9.26470588235294
9.02941176470588
8.91176470588235
8.94117647058824
8.88235294117647
8.94117647058824
8.70588235294118
8.35294117647059
8.05882352941176
8.05882352941176
8.02941176470588
7.73529411764706
7.67647058823529
7.64705882352941
7.38235294117647
7.14705882352941
6.97058823529412
6.70588235294118
6.35294117647059
6.11764705882353
6.08823529411765
5.85294117647059
5.41176470588235
5.26470588235294
5.08823529411765
4.85294117647059
4.55882352941176
4.20588235294118
4.08823529411765
3.91176470588235
3.70588235294118
3.44117647058824
3.35294117647059
3.20588235294118
2.94117647058824
2.79411764705882
2.61764705882353
2.35294117647059
2.26470588235294
2
1.94117647058824
1.85294117647059
1.82352941176471
1.76470588235294
1.70588235294118
1.67647058823529
1.47058823529412
1.41176470588235
1.29411764705882
1.26470588235294
1.20588235294118
1.17647058823529
1.11764705882353
1.05882352941176
0.852941176470588
0.823529411764706
0.852941176470588
0.794117647058823
0.735294117647059
0.705882352941177
0.647058823529412
0.647058823529412
0.558823529411765
0.558823529411765
0.5
0.5
0.470588235294118
0.411764705882353
0.411764705882353
0.441176470588235
0.441176470588235
0.441176470588235
0.411764705882353
0.352941176470588
0.294117647058824
0.294117647058824
0.294117647058824
0.264705882352941
0.235294117647059
0.205882352941176
0.205882352941176
0.176470588235294
0.176470588235294
0.205882352941176
0.205882352941176
0.176470588235294
0.176470588235294
0.176470588235294
0.176470588235294
0.176470588235294
0.147058823529412
0.147058823529412
0.117647058823529
0.117647058823529
0.117647058823529
0.0882352941176471
0.0882352941176471
0.0882352941176471
0.0882352941176471
0.0882352941176471
0.0882352941176471
0.0882352941176471
0.0882352941176471
0.0588235294117647
0.0588235294117647
0.0882352941176471
0.0882352941176471
0.0882352941176471
0.0882352941176471
0.0882352941176471
0.0882352941176471
0.0882352941176471
0.235294117647059
0.264705882352941
0.411764705882353
0.588235294117647
0.911764705882353
1.79411764705882
1.94117647058824
1.97058823529412
1.97058823529412
2
2.08823529411765
2.08823529411765
2.23529411764706
2.29411764705882
2.5
2.61764705882353
2.70588235294118
2.76470588235294
2.82352941176471
2.88235294117647
2.97058823529412
3.08823529411765
3.35294117647059
3.44117647058824
3.47058823529412
3.52941176470588
3.58823529411765
3.67647058823529
3.70588235294118
3.82352941176471
4
4.17647058823529
4.26470588235294
4.35294117647059
4.23529411764706
4.41176470588235
4.85294117647059
4.82352941176471
4.70588235294118
4.64705882352941
4.64705882352941
4.73529411764706
4.91176470588235
5.02941176470588
5.05882352941176
5.32352941176471
5.29411764705882
5.35294117647059
5.35294117647059
5.35294117647059
5.38235294117647
5.35294117647059
5.41176470588235
5.58823529411765
5.64705882352941
6.17647058823529
6.23529411764706
6.29411764705882
6.41176470588235
6.52941176470588
6.64705882352941
6.55882352941176
6.58823529411765
6.64705882352941
6.5
6.44117647058824
6.5
6.47058823529412
6.67647058823529
6.55882352941176
6.08823529411765
6.08823529411765
6
5.23529411764706
5.17647058823529
5.26470588235294
5.11764705882353
5.05882352941176
5.02941176470588
5.20588235294118
5.58823529411765
6.32352941176471
6.23529411764706
6.26470588235294
6.44117647058824
6.44117647058824
6.44117647058824
6.35294117647059
6.38235294117647
5.91176470588235
5.94117647058824
6.05882352941176
6.35294117647059
6.61764705882353
6.70588235294118
6.88235294117647
7.05882352941176
7.05882352941176
7.17647058823529
7.14705882352941
7.14705882352941
7.29411764705882
7.29411764705882
7.35294117647059
7.47058823529412
7.55882352941176
7.61764705882353
7.67647058823529
8.47058823529412
8.38235294117647
8.64705882352941
8.82352941176471
9.08823529411765
9.08823529411765
9.41176470588235
8.85294117647059
9
9.11764705882353
8.94117647058824
9.05882352941176
9.08823529411765
9.05882352941176
9
9
8.70588235294118
8.5
8.20588235294118
7.91176470588235
7.70588235294118
7.64705882352941
7.64705882352941
7.85294117647059
7.91176470588235
7.94117647058824
8.02941176470588
8.52941176470588
8.47058823529412
8.55882352941176
8.61764705882353
8.58823529411765
8.44117647058824
8.41176470588235
7.79411764705882
7.70588235294118
7.58823529411765
7.64705882352941
7.41176470588235
7.11764705882353
6.58823529411765
6.5
6.41176470588235
6.32352941176471
6.38235294117647
6.47058823529412
6.44117647058824
6.5
6.58823529411765
6.61764705882353
6.64705882352941
6.70588235294118
6.82352941176471
6.91176470588235
7.17647058823529
7.17647058823529
7.14705882352941
6.85294117647059
6.85294117647059
7.02941176470588
7.02941176470588
6.55882352941176
6.47058823529412
6.38235294117647
6.29411764705882
6.32352941176471
6.58823529411765
6.70588235294118
6.76470588235294
6.88235294117647
6.91176470588235
6.88235294117647
6.91176470588235
6.82352941176471
6.58823529411765
6.52941176470588
6.44117647058824
6.44117647058824
6.41176470588235
6.29411764705882
6.32352941176471
6.23529411764706
6.11764705882353
6
6
6.08823529411765
5.97058823529412
5.82352941176471
5.58823529411765
5.52941176470588
5.32352941176471
5.38235294117647
5.23529411764706
5.05882352941176
4.88235294117647
4.73529411764706
4.85294117647059
4.70588235294118
4.55882352941176
4.35294117647059
4.14705882352941
3.97058823529412
3.73529411764706
3.64705882352941
3.47058823529412
3.23529411764706
3.23529411764706
3.17647058823529
3.14705882352941
3.05882352941176
2.97058823529412
2.79411764705882
2.67647058823529
2.55882352941176
2.47058823529412
2.35294117647059
2.26470588235294
2.17647058823529
2.08823529411765
1.88235294117647
1.76470588235294
1.70588235294118
1.64705882352941
1.58823529411765
1.58823529411765
1.44117647058824
1.38235294117647
1.32352941176471
1.26470588235294
1.17647058823529
0.970588235294118
0.970588235294118
0.941176470588235
0.941176470588235
0.852941176470588
0.794117647058823
0.705882352941177
0.647058823529412
0.617647058823529
0.558823529411765
0.411764705882353
0.411764705882353
0.382352941176471
0.323529411764706
0.323529411764706
0.352941176470588
0.323529411764706
0.323529411764706
0.264705882352941
0.264705882352941
0.264705882352941
0.264705882352941
0.294117647058824
0.323529411764706
0.294117647058824
0.294117647058824
0.294117647058824
0.264705882352941
0.264705882352941
0.294117647058824
0.294117647058824
0.264705882352941
0.294117647058824
0.352941176470588
0.352941176470588
0.352941176470588
0.323529411764706
0.294117647058824
0.323529411764706
0.352941176470588
0.382352941176471
0.441176470588235
0.441176470588235
0.441176470588235
0.5
0.529411764705882
0.529411764705882
0.558823529411765
0.617647058823529
0.705882352941177
0.735294117647059
0.735294117647059
0.764705882352941
0.823529411764706
0.882352941176471
0.911764705882353
0.911764705882353
0.941176470588235
1
1.02941176470588
1.14705882352941
1.29411764705882
1.32352941176471
1.38235294117647
1.52941176470588
1.61764705882353
1.58823529411765
1.55882352941176
1.64705882352941
1.73529411764706
1.79411764705882
2
2.02941176470588
2.11764705882353
2.23529411764706
2.35294117647059
2.44117647058824
2.64705882352941
2.70588235294118
2.79411764705882
2.97058823529412
3.08823529411765
3.26470588235294
3.35294117647059
3.58823529411765
3.76470588235294
4.26470588235294
4.41176470588235
4.5
4.70588235294118
4.79411764705882
4.76470588235294
4.79411764705882
5.02941176470588
5.05882352941176
5.14705882352941
5.20588235294118
5.23529411764706
5.20588235294118
5.20588235294118
5.47058823529412
5.55882352941176
5.76470588235294
5.82352941176471
5.94117647058824
5.94117647058824
6.05882352941176
6.17647058823529
6.17647058823529
6.20588235294118
6.26470588235294
6.23529411764706
6.20588235294118
6.17647058823529
6.14705882352941
6.23529411764706
6.14705882352941
6.14705882352941
6.02941176470588
5.94117647058824
5.64705882352941
5.55882352941176
5.58823529411765
5.52941176470588
5.64705882352941
5.82352941176471
5.94117647058824
5.91176470588235
5.94117647058824
5.82352941176471
5.91176470588235
6
6.02941176470588
6.14705882352941
6
6
5.91176470588235
5.82352941176471
5.82352941176471
5.73529411764706
5.76470588235294
5.76470588235294
5.79411764705882
5.67647058823529
5.61764705882353
5.55882352941176
5.70588235294118
5.82352941176471
6
5.97058823529412
6.08823529411765
6.02941176470588
6.26470588235294
6.38235294117647
6.44117647058824
6.55882352941176
6.52941176470588
6.5
6.61764705882353
6.5
6.58823529411765
6.58823529411765
6.5
6.52941176470588
6.55882352941176
6.47058823529412
6.5
6.44117647058824
6.5
6.52941176470588
6.58823529411765
6.79411764705882
6.79411764705882
6.85294117647059
6.94117647058824
6.88235294117647
6.97058823529412
7.11764705882353
7.17647058823529
7.14705882352941
7.20588235294118
7.08823529411765
7.05882352941176
7.05882352941176
7.14705882352941
7.26470588235294
7
6.94117647058824
6.88235294117647
6.88235294117647
6.97058823529412
6.94117647058824
6.91176470588235
6.97058823529412
7.20588235294118
7.44117647058824
7.52941176470588
7.55882352941176
7.52941176470588
7.64705882352941
7.61764705882353
7.85294117647059
7.91176470588235
8.08823529411765
7.97058823529412
8.02941176470588
8.20588235294118
8.20588235294118
8.23529411764706
8.32352941176471
8.44117647058824
8.58823529411765
8.70588235294118
8.85294117647059
8.73529411764706
8.88235294117647
8.88235294117647
8.88235294117647
8.88235294117647
8.70588235294118
8.82352941176471
8.91176470588235
8.97058823529412
9.02941176470588
9.08823529411765
9.11764705882353
8.91176470588235
8.97058823529412
8.76470588235294
8.5
8.52941176470588
8.5
8.5
8.38235294117647
8.5
8.14705882352941
8.14705882352941
8.02941176470588
8.08823529411765
7.97058823529412
7.79411764705882
7.73529411764706
7.58823529411765
7.41176470588235
7.26470588235294
6.97058823529412
6.88235294117647
6.67647058823529
6.61764705882353
6.47058823529412
6.23529411764706
6.05882352941176
5.76470588235294
5.70588235294118
5.55882352941176
5.38235294117647
5.11764705882353
4.88235294117647
4.64705882352941
4.55882352941176
4.44117647058824
4.26470588235294
3.97058823529412
3.76470588235294
3.55882352941176
3.41176470588235
3.26470588235294
3.14705882352941
2.91176470588235
2.88235294117647
2.67647058823529
2.47058823529412
2.29411764705882
2.08823529411765
1.97058823529412
1.88235294117647
1.70588235294118
1.64705882352941
1.41176470588235
1.32352941176471
1.17647058823529
1.14705882352941
1.05882352941176
0.970588235294118
0.941176470588235
0.941176470588235
0.911764705882353
0.882352941176471
0.794117647058823
0.735294117647059
0.735294117647059
0.705882352941177
0.647058823529412
0.588235294117647
0.588235294117647
0.558823529411765
0.529411764705882
0.5
0.470588235294118
0.470588235294118
0.441176470588235
0.441176470588235
0.411764705882353
0.382352941176471
0.352941176470588
0.352941176470588
0.323529411764706
0.323529411764706
0.264705882352941
0.235294117647059
0.235294117647059
0.205882352941176
0.205882352941176
0.235294117647059
0.264705882352941
0.294117647058824
0.264705882352941
0.264705882352941
0.264705882352941
0.235294117647059
0.205882352941176
0.235294117647059
0.235294117647059
0.294117647058824
0.264705882352941
0.235294117647059
0.264705882352941
0.294117647058824
0.294117647058824
0.441176470588235
0.470588235294118
0.5
0.529411764705882
0.558823529411765
0.558823529411765
0.647058823529412
0.676470588235294
0.676470588235294
0.764705882352941
0.823529411764706
0.911764705882353
1
1.14705882352941
1.17647058823529
1.29411764705882
1.35294117647059
1.44117647058824
1.44117647058824
1.44117647058824
1.47058823529412
1.58823529411765
1.64705882352941
1.85294117647059
2.05882352941176
2.20588235294118
2.26470588235294
2.47058823529412
2.55882352941176
2.64705882352941
2.85294117647059
2.85294117647059
2.94117647058824
3.14705882352941
3.29411764705882
3.41176470588235
3.58823529411765
3.79411764705882
3.82352941176471
3.94117647058824
3.97058823529412
4.20588235294118
4.38235294117647
4.35294117647059
4.38235294117647
4.32352941176471
4.38235294117647
4.38235294117647
4.61764705882353
4.67647058823529
4.64705882352941
4.64705882352941
4.70588235294118
4.79411764705882
5.02941176470588
5.05882352941176
5.17647058823529
5.08823529411765
5.05882352941176
5
5.05882352941176
5.05882352941176
5.11764705882353
5.26470588235294
5.20588235294118
5.32352941176471
5.35294117647059
5.20588235294118
5.02941176470588
5.11764705882353
5.17647058823529
5.08823529411765
5.26470588235294
5.41176470588235
5.52941176470588
5.61764705882353
5.73529411764706
5.85294117647059
6.02941176470588
6.35294117647059
6.38235294117647
6.41176470588235
6.29411764705882
6.29411764705882
6.52941176470588
6.67647058823529
6.70588235294118
6.70588235294118
6.73529411764706
7
7.02941176470588
7.08823529411765
7.14705882352941
7.44117647058824
7.47058823529412
7.55882352941176
7.55882352941176
7.55882352941176
7.5
7.64705882352941
7.70588235294118
7.82352941176471
7.88235294117647
7.91176470588235
7.82352941176471
7.94117647058824
7.97058823529412
8
7.97058823529412
7.82352941176471
7.76470588235294
7.79411764705882
7.76470588235294
7.70588235294118
7.79411764705882
7.67647058823529
7.70588235294118
7.61764705882353
7.44117647058824
7.38235294117647
7.58823529411765
7.55882352941176
7.55882352941176
7.41176470588235
7.35294117647059
7.41176470588235
7.76470588235294
7.64705882352941
7.67647058823529
7.58823529411765
7.55882352941176
7.52941176470588
7.55882352941176
7.44117647058824
7.32352941176471
7.20588235294118
7.29411764705882
7.17647058823529
7.02941176470588
6.85294117647059
6.61764705882353
6.73529411764706
6.76470588235294
6.73529411764706
6.82352941176471
6.67647058823529
6.58823529411765
6.55882352941176
6.5
6.58823529411765
6.52941176470588
6.76470588235294
6.88235294117647
7.02941176470588
6.88235294117647
6.91176470588235
6.97058823529412
6.94117647058824
7.02941176470588
7.02941176470588
6.61764705882353
6.70588235294118
6.64705882352941
6.76470588235294
6.79411764705882
6.88235294117647
7.11764705882353
7.14705882352941
7.23529411764706
7.35294117647059
7.47058823529412
7.76470588235294
8
8.32352941176471
8.52941176470588
8.35294117647059
8.29411764705882
8.41176470588235
8.44117647058824
8.67647058823529
8.70588235294118
8.58823529411765
8.64705882352941
8.61764705882353
8.73529411764706
8.70588235294118
8.73529411764706
8.55882352941176
8.58823529411765
8.70588235294118
8.47058823529412
8.26470588235294
8.20588235294118
8.20588235294118
8.23529411764706
8.02941176470588
8.14705882352941
7.88235294117647
7.85294117647059
7.88235294117647
7.61764705882353
7.47058823529412
7.35294117647059
7.35294117647059
7.05882352941176
6.64705882352941
6.47058823529412
6.08823529411765
5.85294117647059
5.61764705882353
5.5
5.26470588235294
4.94117647058824
4.70588235294118
4.64705882352941
4.52941176470588
4.26470588235294
4.17647058823529
4.02941176470588
3.73529411764706
3.58823529411765
3.44117647058824
3.23529411764706
3.05882352941176
2.94117647058824
2.91176470588235
2.73529411764706
2.47058823529412
2.29411764705882
2.14705882352941
1.88235294117647
1.82352941176471
1.64705882352941
1.32352941176471
1.23529411764706
1.17647058823529
1.11764705882353
0.970588235294118
0.882352941176471
0.852941176470588
0.794117647058823
0.764705882352941
0.764705882352941
0.764705882352941
0.735294117647059
0.676470588235294
0.676470588235294
0.617647058823529
0.5
0.470588235294118
0.470588235294118
0.441176470588235
0.352941176470588
0.352941176470588
0.264705882352941
0.264705882352941
0.323529411764706
0.235294117647059
0.235294117647059
0.235294117647059
0.235294117647059
0.235294117647059
0.205882352941176
0.205882352941176
0.235294117647059
0.235294117647059
0.235294117647059
0.235294117647059
0.235294117647059
0.235294117647059
0.264705882352941
0.235294117647059
0.235294117647059
0.235294117647059
0.205882352941176
0.264705882352941
0.264705882352941
0.264705882352941
0.235294117647059
0.264705882352941
0.235294117647059
0.235294117647059
0.264705882352941
0.264705882352941
0.294117647058824
0.294117647058824
0.294117647058824
0.294117647058824
0.294117647058824
0.323529411764706
0.264705882352941
0.264705882352941
0.235294117647059
0.264705882352941
0.323529411764706
0.352941176470588
0.382352941176471
0.382352941176471
0.382352941176471
0.411764705882353
0.470588235294118
0.529411764705882
0.529411764705882
0.705882352941177
0.970588235294118
1.20588235294118
1.5
1.85294117647059
2.05882352941176
2.26470588235294
2.44117647058824
2.64705882352941
2.76470588235294
3
3.02941176470588
3.05882352941176
3.14705882352941
3.29411764705882
3.55882352941176
3.76470588235294
4.02941176470588
4.41176470588235
5.20588235294118
5.35294117647059
5.64705882352941
5.88235294117647
6
6.11764705882353
6.23529411764706
6.26470588235294
6.44117647058824
6.5
6.52941176470588
6.67647058823529
6.73529411764706
6.79411764705882
6.82352941176471
6.73529411764706
6.58823529411765
6.47058823529412
6.20588235294118
6
5.85294117647059
5.67647058823529
5.61764705882353
5.52941176470588
5.52941176470588
5.44117647058824
5.5
5.61764705882353
5.64705882352941
5.67647058823529
5.61764705882353
5.55882352941176
5.58823529411765
5.35294117647059
4.76470588235294
4.79411764705882
4.67647058823529
4.58823529411765
4.64705882352941
4.73529411764706
4.70588235294118
4.73529411764706
4.67647058823529
5
5.23529411764706
5.20588235294118
5.17647058823529
5.23529411764706
5.41176470588235
5.41176470588235
5.44117647058824
5.5
5.73529411764706
5.73529411764706
5.82352941176471
6.05882352941176
6.14705882352941
6.23529411764706
6.35294117647059
6.44117647058824
6.47058823529412
6.38235294117647
6.76470588235294
6.73529411764706
6.85294117647059
6.79411764705882
6.61764705882353
6.61764705882353
6.64705882352941
6.67647058823529
6.58823529411765
6.82352941176471
7.02941176470588
7.17647058823529
7.23529411764706
7.41176470588235
7.67647058823529
7.67647058823529
7.55882352941176
7.55882352941176
7.85294117647059
7.94117647058824
7.94117647058824
8.08823529411765
8.05882352941176
7.97058823529412
8
8.05882352941176
8.05882352941176
7.91176470588235
7.94117647058824
7.76470588235294
7.64705882352941
7.5
7.52941176470588
7.64705882352941
7.35294117647059
7.26470588235294
7.02941176470588
7
7.14705882352941
7.05882352941176
6.97058823529412
6.91176470588235
7.14705882352941
6.97058823529412
6.73529411764706
6.44117647058824
6.38235294117647
6.5
6.23529411764706
5.97058823529412
5.94117647058824
5.91176470588235
5.82352941176471
5.82352941176471
5.85294117647059
6.11764705882353
6.23529411764706
6.41176470588235
6.44117647058824
6.52941176470588
6.61764705882353
6.73529411764706
6.73529411764706
7
7.29411764705882
7.44117647058824
7.61764705882353
7.73529411764706
7.82352941176471
8.11764705882353
8.26470588235294
8.5
8.5
8.64705882352941
8.85294117647059
8.97058823529412
8.91176470588235
9.14705882352941
9.38235294117647
9.67647058823529
9.67647058823529
9.55882352941176
9.73529411764706
9.94117647058824
10.1470588235294
10.1470588235294
10.0588235294118
9.91176470588235
9.88235294117647
9.55882352941176
9.5
9.44117647058824
9.20588235294118
9.17647058823529
9.14705882352941
9.02941176470588
9.08823529411765
8.91176470588235
8.73529411764706
8.70588235294118
8.47058823529412
8.41176470588235
8.23529411764706
7.91176470588235
7.79411764705882
7.55882352941176
7.44117647058824
7.38235294117647
7.26470588235294
7.08823529411765
6.91176470588235
6.64705882352941
6.32352941176471
6.05882352941176
5.97058823529412
5.79411764705882
5.55882352941176
5.23529411764706
4.91176470588235
4.85294117647059
4.76470588235294
4.73529411764706
4.67647058823529
4.55882352941176
4.41176470588235
4.20588235294118
4.11764705882353
3.88235294117647
3.67647058823529
3.55882352941176
3.29411764705882
3.17647058823529
3.02941176470588
2.79411764705882
2.73529411764706
2.55882352941176
2.41176470588235
2.38235294117647
2.26470588235294
2.23529411764706
2.08823529411765
1.94117647058824
1.70588235294118
1.58823529411765
1.5
1.32352941176471
1.26470588235294
1.14705882352941
1.08823529411765
1
0.941176470588235
0.941176470588235
0.911764705882353
0.852941176470588
0.735294117647059
0.647058823529412
0.529411764705882
0.470588235294118
0.411764705882353
0.411764705882353
0.411764705882353
0.382352941176471
0.382352941176471
0.323529411764706
0.323529411764706
0.323529411764706
0.235294117647059
0.235294117647059
0.264705882352941
0.205882352941176
0.235294117647059
0.235294117647059
0.205882352941176
0.176470588235294
0.176470588235294
0.176470588235294
0.205882352941176
0.205882352941176
0.205882352941176
0.235294117647059
0.264705882352941
0.264705882352941
0.264705882352941
0.294117647058824
0.294117647058824
0.294117647058824
0.294117647058824
0.294117647058824
0.294117647058824
0.323529411764706
0.294117647058824
0.294117647058824
0.323529411764706
0.352941176470588
0.411764705882353
0.441176470588235
0.470588235294118
0.529411764705882
0.588235294117647
0.705882352941177
0.705882352941177
0.882352941176471
0.911764705882353
0.941176470588235
1.05882352941176
1.23529411764706
1.32352941176471
1.41176470588235
1.47058823529412
1.55882352941176
1.64705882352941
1.67647058823529
1.94117647058824
1.97058823529412
1.97058823529412
2.02941176470588
2.11764705882353
2.17647058823529
2.32352941176471
2.44117647058824
2.58823529411765
2.67647058823529
2.76470588235294
2.85294117647059
2.94117647058824
3.08823529411765
3.44117647058824
3.61764705882353
3.82352941176471
4.02941176470588
4.32352941176471
4.5
4.73529411764706
4.85294117647059
4.97058823529412
5
5.05882352941176
5.17647058823529
5.14705882352941
5.11764705882353
5.17647058823529
5.29411764705882
5.41176470588235
5.5
5.58823529411765
5.70588235294118
5.5
5.52941176470588
5.67647058823529
5.70588235294118
5.76470588235294
5.85294117647059
5.85294117647059
5.97058823529412
6.02941176470588
6.17647058823529
6.20588235294118
6.64705882352941
6.79411764705882
6.79411764705882
6.61764705882353
6.67647058823529
6.73529411764706
6.67647058823529
6.47058823529412
6.47058823529412
6.47058823529412
6.5
6.67647058823529
6.76470588235294
6.85294117647059
6.82352941176471
6.97058823529412
7.14705882352941
7.20588235294118
7.11764705882353
7.14705882352941
7.08823529411765
7.05882352941176
7.29411764705882
7.47058823529412
7.70588235294118
7.64705882352941
7.70588235294118
7.76470588235294
7.97058823529412
8.05882352941176
8
7.88235294117647
7.91176470588235
8.08823529411765
7.67647058823529
7.73529411764706
7.94117647058824
7.97058823529412
7.79411764705882
7.79411764705882
7.76470588235294
8.02941176470588
7.91176470588235
8.02941176470588
8
8
7.88235294117647
7.94117647058824
8.02941176470588
8.02941176470588
7.94117647058824
7.97058823529412
7.94117647058824
7.76470588235294
7.88235294117647
7.97058823529412
7.82352941176471
7.94117647058824
7.76470588235294
7.91176470588235
8.14705882352941
8.08823529411765
7.88235294117647
7.88235294117647
8.02941176470588
8.02941176470588
8.02941176470588
7.82352941176471
8
7.94117647058824
7.82352941176471
7.73529411764706
7.91176470588235
7.79411764705882
7.85294117647059
7.79411764705882
7.82352941176471
7.52941176470588
7.61764705882353
7.55882352941176
7.70588235294118
7.67647058823529
7.67647058823529
7.64705882352941
7.67647058823529
7.61764705882353
7.76470588235294
7.94117647058824
7.91176470588235
7.97058823529412
8.11764705882353
8.11764705882353
8.20588235294118
8.23529411764706
8.20588235294118
8.11764705882353
8.20588235294118
8.23529411764706
8.17647058823529
8.55882352941176
8.5
8.88235294117647
8.88235294117647
9.17647058823529
9.08823529411765
9.23529411764706
9.29411764705882
9.11764705882353
9.20588235294118
9.05882352941176
9.32352941176471
9.38235294117647
9.41176470588235
9.5
9.41176470588235
9.52941176470588
9.52941176470588
9.70588235294118
9.64705882352941
9.58823529411765
9.55882352941176
9.58823529411765
9.70588235294118
9.70588235294118
9.55882352941176
9.38235294117647
9.26470588235294
9.08823529411765
8.94117647058824
9.08823529411765
9.08823529411765
8.97058823529412
8.79411764705882
8.52941176470588
8.55882352941176
8.23529411764706
8.02941176470588
