0
0
0
0
0
0
0
0
0
0
0
0
0
0
0
0
0
0
0
0
0
2.68181818181818
2.59090909090909
2.40909090909091
2.27272727272727
2.18181818181818
2.13636363636364
2.13636363636364
2.04545454545455
1.81818181818182
1.63636363636364
1.45454545454545
1.36363636363636
1.18181818181818
1
1
1.09090909090909
0.954545454545455
1
1
0.954545454545455
0.909090909090909
0.818181818181818
0.772727272727273
0.727272727272727
0.727272727272727
0.727272727272727
0.727272727272727
0.727272727272727
0.681818181818182
0.681818181818182
0.681818181818182
0.681818181818182
0.636363636363636
0.590909090909091
0.5
0.454545454545455
0.409090909090909
0.318181818181818
0.363636363636364
0.318181818181818
0.318181818181818
0.318181818181818
0.272727272727273
0.272727272727273
0.227272727272727
0.272727272727273
0.272727272727273
0.227272727272727
0.181818181818182
0.181818181818182
0.181818181818182
0.181818181818182
0.136363636363636
0.136363636363636
0.136363636363636
0.136363636363636
0.136363636363636
0.136363636363636
0.136363636363636
0.181818181818182
0.136363636363636
0.136363636363636
0.227272727272727
0.272727272727273
0.272727272727273
0.272727272727273
0.272727272727273
0.272727272727273
0.272727272727273
0.409090909090909
0.5
0.636363636363636
0.636363636363636
0.636363636363636
0.681818181818182
0.818181818181818
0.818181818181818
0.863636363636364
1
1
1.04545454545455
1.09090909090909
1.09090909090909
1.13636363636364
1.13636363636364
1.09090909090909
1.13636363636364
1.31818181818182
1.31818181818182
1.31818181818182
1.40909090909091
1.40909090909091
1.45454545454545
1.5
1.59090909090909
1.77272727272727
1.95454545454545
2
2.18181818181818
2.22727272727273
2.40909090909091
2.68181818181818
2.90909090909091
3.04545454545455
3.18181818181818
3.31818181818182
3.27272727272727
3.45454545454545
3.45454545454545
3.63636363636364
3.77272727272727
3.90909090909091
4.04545454545455
4.22727272727273
4.36363636363636
4.45454545454545
4.72727272727273
4.86363636363636
4.81818181818182
4.90909090909091
4.77272727272727
4.90909090909091
5
4.77272727272727
4.5
4.40909090909091
4.59090909090909
4.59090909090909
4.81818181818182
4.72727272727273
4.90909090909091
4.81818181818182
4.95454545454545
5
5.04545454545455
4.95454545454545
4.77272727272727
4.86363636363636
5
5
5.13636363636364
5.04545454545455
5.45454545454545
5.45454545454545
5.5
5.63636363636364
6.18181818181818
6.09090909090909
6.27272727272727
6.22727272727273
6.27272727272727
6.40909090909091
6.45454545454545
6.5
6.59090909090909
6.63636363636364
6.68181818181818
6.81818181818182
7.45454545454545
7.81818181818182
7.72727272727273
7.86363636363636
7.86363636363636
8
7.90909090909091
8
7.81818181818182
7.86363636363636
7.63636363636364
7.81818181818182
7.81818181818182
7.86363636363636
7.90909090909091
8.27272727272727
8.5
8.59090909090909
8.63636363636364
8.77272727272727
8.86363636363636
9.09090909090909
8.5
8.09090909090909
8.40909090909091
8.5
8.40909090909091
8.31818181818182
8.27272727272727
8.22727272727273
8.27272727272727
8.13636363636364
8
7.95454545454545
7.77272727272727
7.81818181818182
8
7.72727272727273
7.59090909090909
7.5
7.36363636363636
7.22727272727273
7.09090909090909
6.81818181818182
6.81818181818182
6.72727272727273
6.13636363636364
6.22727272727273
6.54545454545455
6.63636363636364
6.5
6.45454545454545
6.5
6.5
6.63636363636364
6.95454545454545
7.04545454545455
7.04545454545455
6.95454545454545
6.95454545454545
7.31818181818182
7.45454545454545
7.45454545454545
7.54545454545455
7.45454545454545
7.68181818181818
7.81818181818182
7.90909090909091
8.04545454545454
7.81818181818182
7.72727272727273
7.54545454545455
7.72727272727273
7.72727272727273
7.72727272727273
7.95454545454545
7.90909090909091
7.68181818181818
7.40909090909091
7.27272727272727
7.18181818181818
7.04545454545455
6.59090909090909
6.59090909090909
6.54545454545455
6.40909090909091
6.45454545454545
6.09090909090909
5.86363636363636
5.81818181818182
5.77272727272727
5.45454545454545
5.18181818181818
5.13636363636364
4.90909090909091
4.77272727272727
4.54545454545455
4.40909090909091
4.31818181818182
4.36363636363636
4.36363636363636
4.5
4.22727272727273
4.18181818181818
3.90909090909091
3.59090909090909
3.40909090909091
3.27272727272727
3.04545454545455
2.95454545454545
3
3
2.90909090909091
2.90909090909091
2.86363636363636
2.90909090909091
2.86363636363636
2.86363636363636
2.77272727272727
2.72727272727273
2.59090909090909
2.27272727272727
2.22727272727273
2.04545454545455
1.95454545454545
1.86363636363636
1.86363636363636
1.81818181818182
1.86363636363636
1.81818181818182
1.81818181818182
1.72727272727273
1.63636363636364
1.40909090909091
1.27272727272727
1.18181818181818
1.04545454545455
0.954545454545455
0.863636363636364
0.863636363636364
0.863636363636364
0.727272727272727
0.681818181818182
0.727272727272727
0.636363636363636
0.590909090909091
0.590909090909091
0.545454545454545
0.636363636363636
0.590909090909091
0.545454545454545
0.5
0.545454545454545
0.590909090909091
0.590909090909091
0.545454545454545
0.545454545454545
0.545454545454545
0.590909090909091
0.545454545454545
0.545454545454545
0.5
0.454545454545455
0.409090909090909
0.409090909090909
0.363636363636364
0.363636363636364
0.363636363636364
0.363636363636364
0.409090909090909
0.318181818181818
0.272727272727273
0.227272727272727
0.227272727272727
0.181818181818182
0.136363636363636
0.181818181818182
0.181818181818182
0.181818181818182
0.181818181818182
0.136363636363636
0.136363636363636
0.181818181818182
0.136363636363636
0.136363636363636
0.181818181818182
0.181818181818182
0.181818181818182
0.181818181818182
0.181818181818182
0.181818181818182
0.136363636363636
0.136363636363636
0.136363636363636
0.181818181818182
0.181818181818182
0.181818181818182
0.181818181818182
0.136363636363636
0.136363636363636
0.136363636363636
0.181818181818182
0.272727272727273
0.318181818181818
0.272727272727273
0.409090909090909
0.545454545454545
0.545454545454545
0.636363636363636
0.681818181818182
0.818181818181818
0.863636363636364
0.909090909090909
1.45454545454545
1.63636363636364
1.90909090909091
1.95454545454545
2.04545454545455
2.18181818181818
2.18181818181818
2.36363636363636
2.90909090909091
3.13636363636364
3.31818181818182
3.86363636363636
3.90909090909091
3.90909090909091
3.81818181818182
3.86363636363636
3.86363636363636
3.90909090909091
4.54545454545455
5.18181818181818
5.63636363636364
6.77272727272727
6.54545454545455
6.59090909090909
6.54545454545455
7.13636363636364
7.36363636363636
7.5
7.77272727272727
7.86363636363636
7.63636363636364
7.45454545454545
7.81818181818182
7.45454545454545
7.63636363636364
7.81818181818182
7.90909090909091
8.04545454545454
8.13636363636364
8.18181818181818
7.81818181818182
7.22727272727273
7
6
5.90909090909091
5.81818181818182
6.5
7.54545454545455
7.77272727272727
7.68181818181818
7.54545454545455
7.59090909090909
7.5
7.54545454545455
7.22727272727273
7.09090909090909
7
6.95454545454545
7.04545454545455
6.86363636363636
7.45454545454545
8.04545454545454
8.09090909090909
8
7.90909090909091
7.90909090909091
7.86363636363636
7.95454545454545
7.31818181818182
5.86363636363636
6.36363636363636
6.63636363636364
6.77272727272727
6.68181818181818
6.63636363636364
6.59090909090909
6.59090909090909
6.54545454545455
6.59090909090909
6.77272727272727
6.68181818181818
7.59090909090909
7.13636363636364
6.5
6.54545454545455
6.68181818181818
6.54545454545455
6.54545454545455
6.5
6.40909090909091
6.31818181818182
6.09090909090909
5.31818181818182
5.13636363636364
5.09090909090909
6.04545454545455
6.13636363636364
6.31818181818182
6.31818181818182
7.36363636363636
7.45454545454545
7.45454545454545
7.5
6.86363636363636
7.40909090909091
7.40909090909091
7.27272727272727
7.86363636363636
7.95454545454545
7.86363636363636
8.04545454545454
8.36363636363636
8.31818181818182
8.59090909090909
8.31818181818182
8.27272727272727
8.22727272727273
7.18181818181818
7.04545454545455
6.90909090909091
6.86363636363636
5.81818181818182
5.81818181818182
5.72727272727273
6
7.09090909090909
6.90909090909091
7.13636363636364
7.40909090909091
6.77272727272727
6.95454545454545
7.09090909090909
6.86363636363636
6.72727272727273
6.90909090909091
6.95454545454545
7.09090909090909
7.22727272727273
7.31818181818182
7.40909090909091
7.59090909090909
7.81818181818182
7.77272727272727
8.09090909090909
8.09090909090909
8.22727272727273
8.04545454545454
7
6.54545454545455
6.45454545454545
6.09090909090909
5.95454545454545
5.81818181818182
5.81818181818182
5.86363636363636
5.59090909090909
5.40909090909091
5.18181818181818
5.22727272727273
5.18181818181818
5.36363636363636
5.27272727272727
5.04545454545455
4.77272727272727
4.72727272727273
4.54545454545455
4.31818181818182
4.09090909090909
3.90909090909091
3.68181818181818
3.5
3.40909090909091
3.40909090909091
3.54545454545455
3.5
3.45454545454545
3.40909090909091
3.5
3.54545454545455
3.45454545454545
3.31818181818182
3.22727272727273
2.77272727272727
2.63636363636364
2.63636363636364
2.63636363636364
2.68181818181818
2.45454545454545
2.5
2.40909090909091
2.36363636363636
2.27272727272727
2.45454545454545
2.36363636363636
2.18181818181818
2.13636363636364
2.27272727272727
2.13636363636364
2.09090909090909
2
1.81818181818182
1.81818181818182
1.90909090909091
1.81818181818182
1.90909090909091
2.09090909090909
2.04545454545455
2.09090909090909
1.95454545454545
1.95454545454545
1.81818181818182
1.81818181818182
1.86363636363636
1.72727272727273
1.59090909090909
1.5
1.54545454545455
1.40909090909091
1.18181818181818
1.13636363636364
1.13636363636364
1.09090909090909
1.09090909090909
1.09090909090909
1
0.909090909090909
0.818181818181818
0.636363636363636
0.636363636363636
0.545454545454545
0.5
0.5
0.5
0.454545454545455
0.409090909090909
0.409090909090909
0.363636363636364
0.363636363636364
0.318181818181818
0.318181818181818
0.272727272727273
0.272727272727273
0.227272727272727
0.227272727272727
0.227272727272727
0.227272727272727
0.181818181818182
0.136363636363636
0.136363636363636
0.136363636363636
0.0909090909090909
0.0909090909090909
0.0909090909090909
0.0909090909090909
0.0909090909090909
0.136363636363636
0.0909090909090909
0.0909090909090909
0.0909090909090909
0.0909090909090909
0.0909090909090909
0.0909090909090909
0.0909090909090909
0.0909090909090909
0.0909090909090909
0.0909090909090909
0.0909090909090909
0.0454545454545455
0.0909090909090909
0.181818181818182
0.181818181818182
0.181818181818182
0.227272727272727
0.227272727272727
0.227272727272727
0.227272727272727
0.318181818181818
0.272727272727273
0.272727272727273
0.818181818181818
0.863636363636364
0.909090909090909
0.954545454545455
1.63636363636364
1.95454545454545
2.13636363636364
2.18181818181818
2.18181818181818
2.31818181818182
2.5
2.63636363636364
2.68181818181818
3.04545454545455
3.18181818181818
3.31818181818182
3.59090909090909
3.72727272727273
3.86363636363636
4.04545454545455
4.09090909090909
4.31818181818182
3.95454545454545
4.18181818181818
4.40909090909091
4.5
4.04545454545455
3.86363636363636
4.86363636363636
5.95454545454545
6.40909090909091
6.72727272727273
6.54545454545455
6.63636363636364
6.59090909090909
6.63636363636364
7.13636363636364
7.5
7.27272727272727
8.09090909090909
8.22727272727273
8.13636363636364
8.36363636363636
8.81818181818182
8.72727272727273
8.90909090909091
8.95454545454546
8.95454545454546
9.04545454545454
9
8.09090909090909
7
6.59090909090909
6.27272727272727
6.59090909090909
6.72727272727273
7.81818181818182
7.86363636363636
7.36363636363636
7
8.09090909090909
7.54545454545455
7.40909090909091
7.63636363636364
7.86363636363636
7.59090909090909
8
7.86363636363636
7.68181818181818
7.81818181818182
7.86363636363636
8.04545454545454
8.04545454545454
8.27272727272727
8.36363636363636
8.36363636363636
8.18181818181818
7.86363636363636
6.95454545454545
6.72727272727273
7.68181818181818
9.04545454545454
8.18181818181818
7.95454545454545
8.13636363636364
8.09090909090909
7.68181818181818
7.68181818181818
7.31818181818182
7.27272727272727
7.18181818181818
7.18181818181818
6.86363636363636
6.81818181818182
6.68181818181818
6.59090909090909
6.72727272727273
6.63636363636364
6.68181818181818
6.81818181818182
6.90909090909091
7
6.13636363636364
4.86363636363636
4.72727272727273
4.63636363636364
4.40909090909091
4.22727272727273
4.31818181818182
4.04545454545455
4.04545454545455
4.13636363636364
4.36363636363636
4.22727272727273
4.40909090909091
4.5
4.45454545454545
4.31818181818182
4.13636363636364
4.31818181818182
4.54545454545455
4.59090909090909
4.59090909090909
4.36363636363636
4.36363636363636
4.27272727272727
4.31818181818182
4.36363636363636
4.40909090909091
4.45454545454545
4.5
5.31818181818182
6.09090909090909
6.18181818181818
6.63636363636364
6.68181818181818
6.68181818181818
6.72727272727273
6.77272727272727
7.04545454545455
7.40909090909091
7.45454545454545
7.40909090909091
7.54545454545455
7.86363636363636
8.04545454545454
8.13636363636364
8.36363636363636
8.5
9
9.09090909090909
9.13636363636364
9.13636363636364
8.54545454545454
7.72727272727273
7.63636363636364
7.27272727272727
7.18181818181818
7.22727272727273
7.31818181818182
7.27272727272727
7.09090909090909
6.68181818181818
6.86363636363636
6.90909090909091
6.77272727272727
6.31818181818182
6.31818181818182
6.31818181818182
6.09090909090909
5.77272727272727
5.40909090909091
5.45454545454545
5.45454545454545
5.36363636363636
5.13636363636364
5.04545454545455
4.86363636363636
4.77272727272727
4.81818181818182
4.81818181818182
4.5
4.54545454545455
4.45454545454545
4.59090909090909
4.40909090909091
4.13636363636364
3.90909090909091
3.68181818181818
3.81818181818182
3.68181818181818
3.63636363636364
3.77272727272727
3.59090909090909
3.36363636363636
3.22727272727273
3.13636363636364
3.04545454545455
3.09090909090909
3.04545454545455
2.81818181818182
2.86363636363636
2.63636363636364
2.59090909090909
2.54545454545455
2.5
2.36363636363636
2.09090909090909
1.95454545454545
1.95454545454545
1.95454545454545
1.59090909090909
1.40909090909091
1.27272727272727
1.13636363636364
1.09090909090909
1.13636363636364
1
1.04545454545455
1.04545454545455
1.04545454545455
0.954545454545455
0.954545454545455
0.772727272727273
0.727272727272727
0.772727272727273
0.818181818181818
0.863636363636364
0.818181818181818
0.818181818181818
0.818181818181818
0.772727272727273
0.772727272727273
0.727272727272727
0.727272727272727
0.772727272727273
0.772727272727273
0.772727272727273
0.681818181818182
0.681818181818182
0.590909090909091
0.545454545454545
0.5
0.454545454545455
0.409090909090909
0.409090909090909
0.454545454545455
0.363636363636364
0.227272727272727
0.181818181818182
0.181818181818182
0.181818181818182
0.227272727272727
0.272727272727273
0.272727272727273
0.272727272727273
0.272727272727273
0.227272727272727
0.227272727272727
0.181818181818182
0.181818181818182
0.181818181818182
0.181818181818182
0.181818181818182
0.181818181818182
0.181818181818182
0.181818181818182
0.227272727272727
0.181818181818182
0.136363636363636
0.136363636363636
0.181818181818182
0.272727272727273
0.272727272727273
0.227272727272727
0.181818181818182
0.181818181818182
0.181818181818182
0.181818181818182
0.227272727272727
0.363636363636364
0.409090909090909
0.545454545454545
0.545454545454545
0.590909090909091
0.636363636363636
0.636363636363636
0.636363636363636
0.772727272727273
0.818181818181818
0.863636363636364
0.954545454545455
1
1.04545454545455
0.954545454545455
1
1
1.22727272727273
1.40909090909091
1.54545454545455
1.59090909090909
1.59090909090909
1.5
1.54545454545455
1.54545454545455
1.63636363636364
1.81818181818182
1.86363636363636
1.95454545454545
2.31818181818182
2.40909090909091
2.63636363636364
2.63636363636364
2.81818181818182
3.09090909090909
3.45454545454545
3.90909090909091
4.04545454545455
4.45454545454545
4.45454545454545
4.40909090909091
4.5
4.68181818181818
4.81818181818182
5
5.27272727272727
5.31818181818182
5.5
5.31818181818182
5.45454545454545
5.5
5.45454545454545
5.63636363636364
5.5
5.5
5.40909090909091
5.31818181818182
4.90909090909091
4.68181818181818
4.63636363636364
4.5
4.59090909090909
4.72727272727273
4.90909090909091
4.86363636363636
5.18181818181818
5.31818181818182
5.09090909090909
5.36363636363636
5.18181818181818
5.45454545454545
5.59090909090909
6.04545454545455
5.95454545454545
5.72727272727273
5.63636363636364
5.63636363636364
5.77272727272727
5.86363636363636
6.04545454545455
6.09090909090909
6.04545454545455
6.18181818181818
6.13636363636364
6.09090909090909
6.09090909090909
6.31818181818182
6.36363636363636
6.18181818181818
6.63636363636364
6.59090909090909
6.90909090909091
6.90909090909091
7.13636363636364
6.90909090909091
6.90909090909091
7.13636363636364
7.31818181818182
7.63636363636364
7.59090909090909
7.54545454545455
7.86363636363636
8
8.18181818181818
8.22727272727273
8.04545454545454
8.04545454545454
8.22727272727273
8.09090909090909
7.90909090909091
8.22727272727273
8.09090909090909
7.86363636363636
8.13636363636364
8.13636363636364
7.63636363636364
7.72727272727273
7.77272727272727
7.40909090909091
7.5
7.27272727272727
7.27272727272727
7.22727272727273
7
6.86363636363636
7.09090909090909
6.81818181818182
7.22727272727273
7.27272727272727
7.04545454545455
7
6.86363636363636
6.72727272727273
6.59090909090909
6.77272727272727
6.31818181818182
6.09090909090909
6.59090909090909
6.31818181818182
6.31818181818182
6.63636363636364
6.54545454545455
6.77272727272727
6.81818181818182
6.72727272727273
6.63636363636364
6.68181818181818
6.45454545454545
6.63636363636364
6.72727272727273
7.18181818181818
7.18181818181818
7.45454545454545
7.81818181818182
7.77272727272727
8.04545454545454
8.13636363636364
8.5
8.77272727272727
8.5
8.72727272727273
8.90909090909091
9.04545454545454
9.27272727272727
9.22727272727273
9.31818181818182
9.63636363636364
9.95454545454546
9.95454545454546
10
9.90909090909091
9.63636363636364
9.13636363636364
9.31818181818182
9.04545454545454
8.63636363636364
8.72727272727273
8.27272727272727
8.04545454545454
7.72727272727273
7.72727272727273
7.77272727272727
7.63636363636364
7.59090909090909
7.36363636363636
7.27272727272727
7.04545454545455
6.90909090909091
6.81818181818182
6.40909090909091
6.13636363636364
6.09090909090909
6
5.90909090909091
5.86363636363636
5.5
5.36363636363636
5.31818181818182
5.09090909090909
5.09090909090909
5.09090909090909
4.90909090909091
4.54545454545455
4.31818181818182
4.13636363636364
3.90909090909091
3.72727272727273
3.31818181818182
3.22727272727273
3.13636363636364
2.86363636363636
2.81818181818182
2.86363636363636
2.63636363636364
2.59090909090909
2.36363636363636
2.27272727272727
2.09090909090909
2
1.95454545454545
1.77272727272727
1.63636363636364
1.54545454545455
1.5
1.59090909090909
1.54545454545455
1.5
1.36363636363636
1.45454545454545
1.45454545454545
1.45454545454545
1.27272727272727
1.18181818181818
1.09090909090909
1.04545454545455
1
0.863636363636364
0.863636363636364
0.772727272727273
0.772727272727273
0.772727272727273
0.681818181818182
0.681818181818182
0.681818181818182
0.545454545454545
0.545454545454545
0.5
0.409090909090909
0.454545454545455
0.409090909090909
0.227272727272727
0.272727272727273
0.272727272727273
0.272727272727273
0.272727272727273
0.272727272727273
0.227272727272727
0.318181818181818
0.409090909090909
0.409090909090909
0.409090909090909
0.409090909090909
0.409090909090909
0.409090909090909
0.409090909090909
0.409090909090909
0.409090909090909
0.363636363636364
0.318181818181818
0.409090909090909
0.363636363636364
0.363636363636364
0.409090909090909
0.363636363636364
0.363636363636364
0.363636363636364
0.409090909090909
0.454545454545455
0.454545454545455
0.363636363636364
0.318181818181818
0.409090909090909
0.409090909090909
0.409090909090909
0.454545454545455
0.454545454545455
0.5
0.5
0.5
0.5
0.5
0.5
0.545454545454545
0.545454545454545
0.5
0.636363636363636
0.818181818181818
0.909090909090909
0.954545454545455
0.909090909090909
1.09090909090909
1.22727272727273
1.31818181818182
1.31818181818182
1.45454545454545
1.59090909090909
1.63636363636364
1.86363636363636
2.36363636363636
2.59090909090909
2.63636363636364
2.90909090909091
2.95454545454545
3.04545454545455
3.09090909090909
3.18181818181818
3.31818181818182
3.36363636363636
3.27272727272727
3.22727272727273
3.31818181818182
3.40909090909091
3.31818181818182
3.31818181818182
3.59090909090909
3.63636363636364
4
4.13636363636364
4.27272727272727
4.22727272727273
3.81818181818182
3.77272727272727
3.81818181818182
3.81818181818182
3.81818181818182
3.77272727272727
3.86363636363636
3.86363636363636
3.81818181818182
3.81818181818182
4.04545454545455
4.27272727272727
4.27272727272727
4.40909090909091
4.54545454545455
4.68181818181818
4.5
4.54545454545455
4.36363636363636
4.54545454545455
4.63636363636364
4.68181818181818
4.77272727272727
4.86363636363636
5.09090909090909
5
5.13636363636364
5.45454545454545
5.54545454545455
5.63636363636364
5.90909090909091
6.13636363636364
6.22727272727273
6.31818181818182
6.40909090909091
6.40909090909091
6.31818181818182
6.22727272727273
6.18181818181818
6.31818181818182
6.27272727272727
6.04545454545455
5.95454545454545
6
5.86363636363636
5.77272727272727
5.90909090909091
6
5.90909090909091
5.95454545454545
6.04545454545455
6.09090909090909
5.95454545454545
6.04545454545455
5.86363636363636
5.95454545454545
6.09090909090909
6.27272727272727
6.59090909090909
6.63636363636364
6.59090909090909
6.59090909090909
6.59090909090909
6.77272727272727
7.18181818181818
7.36363636363636
7.68181818181818
7.86363636363636
7.63636363636364
7.81818181818182
8.09090909090909
7.77272727272727
7.72727272727273
7.90909090909091
7.95454545454545
7.68181818181818
7.81818181818182
7.68181818181818
7.63636363636364
7.40909090909091
7.09090909090909
7.04545454545455
7.36363636363636
7.45454545454545
7.22727272727273
7.18181818181818
6.77272727272727
6.68181818181818
6.45454545454545
6.40909090909091
6.54545454545455
6.45454545454545
6.22727272727273
6.5
6.63636363636364
6.36363636363636
6.31818181818182
6.5
6.40909090909091
6.36363636363636
6.5
6.68181818181818
6.86363636363636
7.18181818181818
7.04545454545455
7.04545454545455
7.22727272727273
7.13636363636364
7.45454545454545
7.68181818181818
7.95454545454545
8
7.90909090909091
7.95454545454545
8.36363636363636
8.59090909090909
8.59090909090909
8.59090909090909
8.54545454545454
8.68181818181818
8.81818181818182
8.72727272727273
8.81818181818182
8.86363636363636
8.90909090909091
8.90909090909091
9.22727272727273
9.27272727272727
9.40909090909091
9.54545454545454
9.68181818181818
9.40909090909091
9.36363636363636
9.40909090909091
9.68181818181818
9.86363636363636
9.63636363636364
9.27272727272727
9.18181818181818
9.45454545454546
9.45454545454546
9.22727272727273
9.22727272727273
9.27272727272727
8.95454545454546
8.95454545454546
8.77272727272727
8.77272727272727
8.31818181818182
8
7.68181818181818
7.40909090909091
6.86363636363636
6.63636363636364
6.54545454545455
6.27272727272727
5.90909090909091
5.36363636363636
5.13636363636364
4.90909090909091
4.59090909090909
4.27272727272727
4.40909090909091
4.13636363636364
3.72727272727273
3.59090909090909
3.45454545454545
3.09090909090909
3
2.54545454545455
2.5
2.40909090909091
2.45454545454545
2.31818181818182
2.22727272727273
2.22727272727273
1.90909090909091
1.77272727272727
1.59090909090909
1.54545454545455
1.5
1.5
1.5
1.40909090909091
1.09090909090909
1.09090909090909
1.13636363636364
1.09090909090909
0.954545454545455
0.954545454545455
0.863636363636364
0.818181818181818
0.681818181818182
0.681818181818182
0.590909090909091
0.590909090909091
0.545454545454545
0.454545454545455
0.5
0.5
0.545454545454545
0.545454545454545
0.5
0.454545454545455
0.363636363636364
0.409090909090909
0.409090909090909
0.363636363636364
0.318181818181818
0.272727272727273
0.272727272727273
0.272727272727273
0.272727272727273
0.272727272727273
0.272727272727273
0.227272727272727
0.227272727272727
0.227272727272727
0.227272727272727
0.227272727272727
0.181818181818182
0.181818181818182
0.136363636363636
0.136363636363636
0.136363636363636
0.136363636363636
0.136363636363636
0.0909090909090909
0.0909090909090909
0.0909090909090909
0.0909090909090909
0.0909090909090909
0.0909090909090909
0.0454545454545455
0.0454545454545455
0.0454545454545455
0.0454545454545455
0.0454545454545455
0.0454545454545455
0.0909090909090909
0.0909090909090909
0.0909090909090909
0.0909090909090909
0.0909090909090909
0.0909090909090909
0.0909090909090909
0.0909090909090909
0.0909090909090909
0.0909090909090909
0.0909090909090909
0.0909090909090909
0.0909090909090909
0.0909090909090909
0.0909090909090909
0.318181818181818
0.363636363636364
0.590909090909091
0.863636363636364
1.36363636363636
2.77272727272727
3
3
3
3.04545454545455
3.18181818181818
3.18181818181818
3.40909090909091
3.5
3.81818181818182
3.95454545454545
4.09090909090909
4.18181818181818
4.27272727272727
4.40909090909091
4.54545454545455
4.72727272727273
4.90909090909091
5
4.81818181818182
4.63636363636364
4.22727272727273
3
2.81818181818182
2.95454545454545
3.22727272727273
3.45454545454545
3.45454545454545
3.59090909090909
3.40909090909091
3.63636363636364
4.22727272727273
4.27272727272727
4.45454545454545
5.68181818181818
5.81818181818182
5.86363636363636
6
6.04545454545455
5.81818181818182
6.09090909090909
6.22727272727273
6.31818181818182
6.54545454545455
6.54545454545455
6.68181818181818
6.54545454545455
6.45454545454545
6.59090909090909
6.68181818181818
7.54545454545455
8
7.90909090909091
7.22727272727273
7.27272727272727
7.22727272727273
5.95454545454545
5.81818181818182
5.90909090909091
5.68181818181818
5.63636363636364
5.68181818181818
5.36363636363636
5.54545454545455
5.5
5.36363636363636
5.40909090909091
5.40909090909091
5.5
5.45454545454545
5.36363636363636
5.18181818181818
4.31818181818182
3.95454545454545
4.40909090909091
4.95454545454545
6
5.90909090909091
6.09090909090909
6.45454545454545
6.22727272727273
6.36363636363636
6.45454545454545
6.5
6.68181818181818
6.86363636363636
7.13636363636364
7.63636363636364
8.09090909090909
8.31818181818182
8.5
8.72727272727273
8.68181818181818
8.86363636363636
8.86363636363636
8.95454545454546
8.59090909090909
8.18181818181818
7.09090909090909
7.27272727272727
7.40909090909091
7.22727272727273
7.40909090909091
8.59090909090909
8.5
8.68181818181818
8.81818181818182
8.81818181818182
9.09090909090909
9.68181818181818
9.45454545454546
9.45454545454546
9.54545454545454
9.36363636363636
9.31818181818182
9.31818181818182
9.40909090909091
9.36363636363636
9.31818181818182
9.04545454545454
8.90909090909091
8.77272727272727
8.63636363636364
8.45454545454546
8.45454545454546
7.45454545454545
7.86363636363636
7.72727272727273
7.5
7.31818181818182
7.72727272727273
6.72727272727273
6.63636363636364
6.68181818181818
6.59090909090909
6.45454545454545
6.40909090909091
6.59090909090909
6.40909090909091
6.5
6.72727272727273
6.81818181818182
6.95454545454545
7.18181818181818
7.27272727272727
7.45454545454545
7.5
7.40909090909091
7.18181818181818
7.04545454545455
7.18181818181818
7.13636363636364
6.36363636363636
6.22727272727273
6.04545454545455
6
6.04545454545455
6.5
6.54545454545455
6.45454545454545
6.54545454545455
6.59090909090909
6.54545454545455
6.72727272727273
6.86363636363636
6.54545454545455
6.45454545454545
6.5
6.59090909090909
6.77272727272727
6.77272727272727
7.09090909090909
7
7
7.13636363636364
7.22727272727273
7.13636363636364
6.81818181818182
6.68181818181818
6.31818181818182
6.36363636363636
6.27272727272727
6.31818181818182
6.22727272727273
5.95454545454545
5.72727272727273
5.5
5.5
5.59090909090909
5.5
5.27272727272727
4.95454545454545
4.72727272727273
4.22727272727273
4.22727272727273
4
3.72727272727273
3.59090909090909
3.63636363636364
3.86363636363636
3.63636363636364
3.59090909090909
3.36363636363636
3.27272727272727
3.18181818181818
3.09090909090909
3
2.90909090909091
2.86363636363636
2.95454545454545
2.63636363636364
2.45454545454545
2.40909090909091
2.27272727272727
2.13636363636364
2.18181818181818
1.95454545454545
1.95454545454545
1.77272727272727
1.68181818181818
1.54545454545455
1.22727272727273
1.22727272727273
1.18181818181818
1.18181818181818
1.09090909090909
1.04545454545455
0.909090909090909
0.818181818181818
0.772727272727273
0.772727272727273
0.545454545454545
0.545454545454545
0.5
0.409090909090909
0.454545454545455
0.5
0.454545454545455
0.454545454545455
0.363636363636364
0.363636363636364
0.363636363636364
0.363636363636364
0.363636363636364
0.363636363636364
0.318181818181818
0.272727272727273
0.227272727272727
0.227272727272727
0.227272727272727
0.227272727272727
0.227272727272727
0.136363636363636
0.136363636363636
0.136363636363636
0.181818181818182
0.227272727272727
0.181818181818182
0.181818181818182
0.227272727272727
0.227272727272727
0.227272727272727
0.272727272727273
0.272727272727273
0.318181818181818
0.363636363636364
0.454545454545455
0.454545454545455
0.454545454545455
0.454545454545455
0.409090909090909
0.454545454545455
0.5
0.545454545454545
0.636363636363636
0.636363636363636
0.636363636363636
0.681818181818182
0.681818181818182
0.681818181818182
0.681818181818182
0.727272727272727
0.909090909090909
0.954545454545455
0.909090909090909
0.954545454545455
1
1.04545454545455
1
1.04545454545455
1.13636363636364
1.22727272727273
1.31818181818182
1.5
1.68181818181818
1.68181818181818
1.72727272727273
1.95454545454545
2.13636363636364
2.04545454545455
2.04545454545455
2.18181818181818
2.27272727272727
2.27272727272727
2.40909090909091
2.45454545454545
2.63636363636364
2.81818181818182
3
3.04545454545455
3.31818181818182
3.45454545454545
3.54545454545455
3.72727272727273
3.86363636363636
4
4.09090909090909
4.45454545454545
4.59090909090909
5.18181818181818
5.31818181818182
5.54545454545455
5.86363636363636
5.90909090909091
5.81818181818182
5.86363636363636
6
6.18181818181818
6.36363636363636
6.27272727272727
6.18181818181818
6.22727272727273
6.09090909090909
6.31818181818182
6.31818181818182
6.5
6.5
6.40909090909091
6.40909090909091
6.27272727272727
6.36363636363636
5.77272727272727
5.77272727272727
5.77272727272727
5.68181818181818
5.63636363636364
5.72727272727273
5.81818181818182
5.72727272727273
5.68181818181818
5.63636363636364
5.72727272727273
5.68181818181818
5.86363636363636
5.86363636363636
5.72727272727273
5.81818181818182
5.72727272727273
5.81818181818182
5.86363636363636
5.95454545454545
6
5.81818181818182
5.86363636363636
5.86363636363636
5.86363636363636
5.95454545454545
6
6.04545454545455
6.13636363636364
5.86363636363636
5.90909090909091
5.77272727272727
5.86363636363636
6.09090909090909
6
5.95454545454545
5.81818181818182
5.72727272727273
5.72727272727273
5.72727272727273
5.90909090909091
5.81818181818182
5.90909090909091
5.95454545454545
6.27272727272727
6.27272727272727
6.5
6.5
6.54545454545455
6.59090909090909
6.81818181818182
6.86363636363636
7.04545454545455
7.27272727272727
7.13636363636364
7
7.04545454545455
7.09090909090909
7.22727272727273
7.31818181818182
7.22727272727273
7.13636363636364
7.04545454545455
7.13636363636364
7
7.04545454545455
6.90909090909091
6.86363636363636
6.81818181818182
6.81818181818182
6.81818181818182
6.72727272727273
6.63636363636364
6.63636363636364
6.63636363636364
6.54545454545455
6.90909090909091
7.09090909090909
6.95454545454545
7
7.09090909090909
7.18181818181818
7.27272727272727
7.22727272727273
7.31818181818182
7.13636363636364
7.68181818181818
8.18181818181818
8.04545454545454
8.04545454545454
7.90909090909091
7.90909090909091
7.90909090909091
8.40909090909091
8.31818181818182
8.68181818181818
8.45454545454546
8.63636363636364
8.63636363636364
8.5
8.81818181818182
9
9.22727272727273
9.45454545454546
9.5
9.68181818181818
9.45454545454546
9.59090909090909
9.22727272727273
8.77272727272727
9
8.86363636363636
8.95454545454546
8.95454545454546
9.18181818181818
9
9.09090909090909
8.81818181818182
8.77272727272727
8.59090909090909
8.54545454545454
8.63636363636364
8.5
8.31818181818182
8
7.59090909090909
7.59090909090909
7.31818181818182
7.40909090909091
7.36363636363636
7.22727272727273
7.22727272727273
6.95454545454545
7
6.90909090909091
6.68181818181818
6.59090909090909
6.27272727272727
6.09090909090909
5.90909090909091
5.90909090909091
5.72727272727273
5.31818181818182
5
4.72727272727273
4.54545454545455
4.40909090909091
4.31818181818182
3.95454545454545
3.95454545454545
3.68181818181818
3.45454545454545
3.13636363636364
2.86363636363636
2.63636363636364
2.5
2.27272727272727
2.13636363636364
1.81818181818182
1.68181818181818
1.45454545454545
1.45454545454545
1.31818181818182
1.18181818181818
1.13636363636364
1.09090909090909
1.09090909090909
1.09090909090909
0.954545454545455
0.909090909090909
0.863636363636364
0.772727272727273
0.727272727272727
0.636363636363636
0.681818181818182
0.636363636363636
0.636363636363636
0.636363636363636
0.636363636363636
0.636363636363636
0.590909090909091
0.590909090909091
0.590909090909091
0.590909090909091
0.545454545454545
0.545454545454545
0.5
0.5
0.409090909090909
0.363636363636364
0.363636363636364
0.318181818181818
0.318181818181818
0.318181818181818
0.272727272727273
0.272727272727273
0.227272727272727
0.227272727272727
0.181818181818182
0.136363636363636
0.0909090909090909
0.0909090909090909
0.0909090909090909
0.0909090909090909
0.0454545454545455
0.0454545454545455
0.136363636363636
0.181818181818182
0.181818181818182
0.181818181818182
0.227272727272727
0.227272727272727
0.227272727272727
0.272727272727273
0.272727272727273
0.363636363636364
0.363636363636364
0.363636363636364
0.409090909090909
0.454545454545455
0.454545454545455
0.681818181818182
0.727272727272727
0.772727272727273
0.818181818181818
0.863636363636364
0.863636363636364
0.954545454545455
0.909090909090909
0.863636363636364
1
1.09090909090909
1.18181818181818
1.31818181818182
1.54545454545455
1.54545454545455
1.72727272727273
1.72727272727273
1.86363636363636
1.90909090909091
1.95454545454545
2
2.18181818181818
2.04545454545455
2.36363636363636
2.63636363636364
2.81818181818182
2.90909090909091
3.22727272727273
3.31818181818182
3.40909090909091
3.72727272727273
3.63636363636364
3.72727272727273
3.90909090909091
4.22727272727273
4.22727272727273
4.5
4.68181818181818
4.68181818181818
4.72727272727273
4.86363636363636
5.18181818181818
5.36363636363636
5.27272727272727
5.31818181818182
5
4.90909090909091
4.90909090909091
5.18181818181818
5.13636363636364
4.95454545454545
4.95454545454545
4.77272727272727
4.95454545454545
5.22727272727273
5.13636363636364
4.95454545454545
4.95454545454545
4.90909090909091
4.68181818181818
4.81818181818182
4.95454545454545
5.09090909090909
5.04545454545455
5
5.13636363636364
5.22727272727273
5.27272727272727
5.22727272727273
5.36363636363636
5.36363636363636
5.31818181818182
5.63636363636364
5.90909090909091
6.13636363636364
6.45454545454545
6.45454545454545
6.5
6.63636363636364
6.95454545454545
6.95454545454545
7.09090909090909
7.09090909090909
7.04545454545455
7.13636363636364
7.13636363636364
7.09090909090909
7.09090909090909
7.36363636363636
7.90909090909091
8.04545454545454
8
7.95454545454545
8.31818181818182
8.22727272727273
8.27272727272727
8.22727272727273
8.04545454545454
7.72727272727273
7.90909090909091
7.81818181818182
7.54545454545455
7.54545454545455
7.68181818181818
7.72727272727273
7.86363636363636
7.86363636363636
7.95454545454545
8.09090909090909
8.18181818181818
8.04545454545454
7.72727272727273
7.77272727272727
7.90909090909091
7.95454545454545
7.45454545454545
7.45454545454545
7.13636363636364
6.95454545454545
6.86363636363636
7.22727272727273
6.95454545454545
7.13636363636364
7.27272727272727
7.22727272727273
7.22727272727273
7.86363636363636
7.86363636363636
7.77272727272727
7.63636363636364
7.59090909090909
7.59090909090909
7.40909090909091
7.36363636363636
7.13636363636364
6.77272727272727
6.77272727272727
6.90909090909091
6.68181818181818
6.68181818181818
6.59090909090909
6.95454545454545
6.81818181818182
6.90909090909091
6.90909090909091
6.59090909090909
6.59090909090909
6.59090909090909
6
5.81818181818182
5.68181818181818
5.86363636363636
5.90909090909091
6.09090909090909
6.18181818181818
6.13636363636364
6.59090909090909
6.86363636363636
6.81818181818182
7
7.22727272727273
7.63636363636364
7.81818181818182
7.68181818181818
7.63636363636364
7.81818181818182
7.86363636363636
8.09090909090909
8.13636363636364
8
8.27272727272727
8.72727272727273
8.95454545454546
9.09090909090909
9.13636363636364
9
9
9.22727272727273
9.18181818181818
9.27272727272727
9.18181818181818
9
9.13636363636364
8.77272727272727
8.90909090909091
8.86363636363636
8.90909090909091
8.68181818181818
8.45454545454546
8.54545454545454
8.5
8.27272727272727
7.95454545454545
7.68181818181818
7.59090909090909
7.18181818181818
7.22727272727273
6.95454545454545
6.95454545454545
7
6.59090909090909
6.22727272727273
6.04545454545455
6.09090909090909
5.81818181818182
5.68181818181818
5.45454545454545
5.04545454545455
4.68181818181818
4.45454545454545
4.22727272727273
3.90909090909091
3.72727272727273
3.77272727272727
3.68181818181818
3.31818181818182
3
2.81818181818182
2.54545454545455
2.45454545454545
2.31818181818182
1.81818181818182
1.68181818181818
1.72727272727273
1.68181818181818
1.40909090909091
1.27272727272727
1.22727272727273
1.13636363636364
1.09090909090909
1.09090909090909
1.09090909090909
1
0.909090909090909
0.863636363636364
0.772727272727273
0.590909090909091
0.590909090909091
0.590909090909091
0.545454545454545
0.454545454545455
0.454545454545455
0.318181818181818
0.318181818181818
0.363636363636364
0.227272727272727
0.227272727272727
0.227272727272727
0.227272727272727
0.227272727272727
0.181818181818182
0.181818181818182
0.181818181818182
0.181818181818182
0.181818181818182
0.181818181818182
0.272727272727273
0.272727272727273
0.318181818181818
0.272727272727273
0.272727272727273
0.272727272727273
0.227272727272727
0.227272727272727
0.272727272727273
0.272727272727273
0.227272727272727
0.227272727272727
0.181818181818182
0.181818181818182
0.227272727272727
0.227272727272727
0.227272727272727
0.227272727272727
0.227272727272727
0.318181818181818
0.318181818181818
0.318181818181818
0.227272727272727
0.272727272727273
0.227272727272727
0.227272727272727
0.272727272727273
0.272727272727273
0.318181818181818
0.318181818181818
0.272727272727273
0.272727272727273
0.272727272727273
0.318181818181818
0.318181818181818
0.318181818181818
0.272727272727273
0.318181818181818
0.409090909090909
0.454545454545455
0.5
0.409090909090909
0.454545454545455
0.5
0.590909090909091
0.636363636363636
0.636363636363636
0.909090909090909
1.31818181818182
1.68181818181818
2.09090909090909
2.63636363636364
2.95454545454545
3.36363636363636
3.63636363636364
3.90909090909091
4.09090909090909
4.5
4.54545454545455
4.54545454545455
4.63636363636364
4.81818181818182
5.22727272727273
5.54545454545455
5.90909090909091
6.45454545454545
7.59090909090909
7.77272727272727
8.22727272727273
8.31818181818182
8.04545454545454
7.90909090909091
7.72727272727273
7.27272727272727
7.27272727272727
6.95454545454545
6.77272727272727
6.72727272727273
6.72727272727273
6.5
6.5
6.59090909090909
6.63636363636364
6.59090909090909
6.18181818181818
6.09090909090909
5.77272727272727
5.31818181818182
4.27272727272727
4.18181818181818
3.90909090909091
3.81818181818182
3.77272727272727
3.77272727272727
3.72727272727273
3.90909090909091
3.95454545454545
4.09090909090909
4.45454545454545
4.40909090909091
4.54545454545455
4.68181818181818
4.90909090909091
5
5.04545454545455
5.22727272727273
5.40909090909091
5.31818181818182
5.45454545454545
5.90909090909091
6.18181818181818
6.22727272727273
6.18181818181818
6.18181818181818
6.36363636363636
6.27272727272727
6.31818181818182
6.31818181818182
6.36363636363636
6.36363636363636
6.13636363636364
6.40909090909091
6.40909090909091
6.40909090909091
6.5
6.68181818181818
6.59090909090909
6.31818181818182
6.90909090909091
7
7.31818181818182
6.86363636363636
6.59090909090909
6.59090909090909
6.81818181818182
6.90909090909091
6.72727272727273
7.18181818181818
7.5
7.81818181818182
7.72727272727273
7.90909090909091
8.31818181818182
8.40909090909091
8.36363636363636
8.27272727272727
8.5
8.5
8.63636363636364
8.90909090909091
8.31818181818182
8.22727272727273
8.13636363636364
8.31818181818182
8.36363636363636
8.40909090909091
8.40909090909091
8.09090909090909
8.13636363636364
7.72727272727273
7.36363636363636
7.04545454545455
7.09090909090909
6.77272727272727
6.31818181818182
5.81818181818182
5.95454545454545
5.81818181818182
5.45454545454545
5.31818181818182
5.5
5.45454545454545
5.45454545454545
5.45454545454545
5.22727272727273
5.5
5.5
5.40909090909091
5.27272727272727
5.40909090909091
5.68181818181818
5.90909090909091
6.04545454545455
6.54545454545455
6.59090909090909
6.90909090909091
7.22727272727273
7.59090909090909
7.54545454545455
7.90909090909091
8.04545454545454
8.22727272727273
8.36363636363636
8.45454545454546
8.72727272727273
9.04545454545454
9.31818181818182
9.27272727272727
9.45454545454546
9.72727272727273
9.90909090909091
10.0454545454545
10.1363636363636
10.1818181818182
10.2272727272727
10.1363636363636
10.3181818181818
10.5
10.2272727272727
10.1818181818182
10.3181818181818
10.3636363636364
10.5454545454545
10.2727272727273
9.95454545454546
9.72727272727273
9.54545454545454
9.36363636363636
9.18181818181818
8.95454545454546
8.68181818181818
8.63636363636364
8.54545454545454
8.5
8.40909090909091
8.13636363636364
8.09090909090909
7.77272727272727
7.31818181818182
7.09090909090909
7.09090909090909
6.72727272727273
6.45454545454545
6.04545454545455
5.72727272727273
5.77272727272727
5.81818181818182
5.81818181818182
5.63636363636364
5.63636363636364
5.40909090909091
5.27272727272727
5.22727272727273
4.95454545454545
4.77272727272727
4.5
4.09090909090909
4
3.81818181818182
3.59090909090909
3.68181818181818
3.40909090909091
3.27272727272727
3.22727272727273
3
2.95454545454545
2.72727272727273
2.59090909090909
2.27272727272727
2.09090909090909
2.09090909090909
1.81818181818182
1.77272727272727
1.68181818181818
1.59090909090909
1.45454545454545
1.36363636363636
1.40909090909091
1.36363636363636
1.27272727272727
1.09090909090909
0.954545454545455
0.727272727272727
0.636363636363636
0.545454545454545
0.545454545454545
0.545454545454545
0.5
0.545454545454545
0.454545454545455
0.409090909090909
0.409090909090909
0.272727272727273
0.272727272727273
0.272727272727273
0.181818181818182
0.181818181818182
0.181818181818182
0.136363636363636
0.0909090909090909
0.0909090909090909
0.0909090909090909
0.136363636363636
0.136363636363636
0.136363636363636
0.136363636363636
0.227272727272727
0.227272727272727
0.272727272727273
0.272727272727273
0.227272727272727
0.227272727272727
0.227272727272727
0.227272727272727
0.272727272727273
0.272727272727273
0.227272727272727
0.272727272727273
0.318181818181818
0.318181818181818
0.318181818181818
0.363636363636364
0.409090909090909
0.409090909090909
0.363636363636364
0.363636363636364
0.363636363636364
0.409090909090909
0.318181818181818
0.318181818181818
0.318181818181818
0.363636363636364
0.454545454545455
0.5
0.545454545454545
0.636363636363636
0.727272727272727
0.909090909090909
0.909090909090909
1.13636363636364
1.22727272727273
1.27272727272727
1.5
1.72727272727273
1.81818181818182
1.95454545454545
2.04545454545455
2.18181818181818
2.36363636363636
2.36363636363636
2.77272727272727
2.86363636363636
2.86363636363636
2.90909090909091
2.95454545454545
3.04545454545455
3.27272727272727
3.36363636363636
3.45454545454545
3.40909090909091
3.54545454545455
3.45454545454545
3.45454545454545
3.63636363636364
4
4.04545454545455
4.31818181818182
4.54545454545455
4.95454545454545
5.18181818181818
5.5
5.81818181818182
5.59090909090909
5.81818181818182
6
6.13636363636364
6.18181818181818
6.27272727272727
6.22727272727273
6.36363636363636
6.40909090909091
6.54545454545455
6.72727272727273
6.77272727272727
6.72727272727273
6.63636363636364
6.31818181818182
6.13636363636364
5.95454545454545
5.86363636363636
5.63636363636364
5.63636363636364
5.45454545454545
5.45454545454545
5.45454545454545
6
6.13636363636364
6.13636363636364
6.27272727272727
6.45454545454545
6.72727272727273
6.68181818181818
6.59090909090909
6.68181818181818
6.86363636363636
7.04545454545455
7.40909090909091
7.72727272727273
7.81818181818182
7.86363636363636
8.04545454545454
8.27272727272727
8.31818181818182
8.13636363636364
8.13636363636364
7.95454545454545
8.04545454545454
7.77272727272727
7.77272727272727
8.04545454545454
7.90909090909091
7.72727272727273
7.54545454545455
7.86363636363636
8.09090909090909
8
7.63636363636364
7.63636363636364
7.63636363636364
7.40909090909091
7.5
7.86363636363636
7.81818181818182
7.45454545454545
7.63636363636364
7.68181818181818
7.95454545454545
7.95454545454545
8.36363636363636
8.13636363636364
8.22727272727273
8
8.27272727272727
8.36363636363636
8.45454545454546
8.22727272727273
8.18181818181818
8.04545454545454
7.95454545454545
7.90909090909091
7.86363636363636
8
8.09090909090909
7.77272727272727
7.81818181818182
8.27272727272727
8
8.04545454545454
7.86363636363636
8.18181818181818
7.63636363636364
7.68181818181818
7.36363636363636
7.59090909090909
7.5
7.54545454545455
7.36363636363636
7.40909090909091
7.36363636363636
7.54545454545455
8
7.86363636363636
7.68181818181818
7.81818181818182
7.63636363636364
7.90909090909091
7.90909090909091
7.63636363636364
7.77272727272727
7.90909090909091
7.77272727272727
7.63636363636364
7.81818181818182
7.72727272727273
8.09090909090909
8.18181818181818
8.36363636363636
8.36363636363636
8.59090909090909
8.72727272727273
8.5
8.59090909090909
8.54545454545454
8.72727272727273
9.22727272727273
9.04545454545454
9.40909090909091
9.40909090909091
9.81818181818182
9.72727272727273
9.81818181818182
9.90909090909091
9.68181818181818
9.77272727272727
9.72727272727273
10.0454545454545
9.86363636363636
9.81818181818182
9.77272727272727
9.77272727272727
9.90909090909091
9.68181818181818
10.2272727272727
10.1363636363636
9.86363636363636
9.77272727272727
9.40909090909091
9.59090909090909
9.36363636363636
9.22727272727273
8.68181818181818
8.63636363636364
8.36363636363636
8.18181818181818
8.45454545454546
8.40909090909091
8.40909090909091
7.90909090909091
7.90909090909091
7.72727272727273
7.45454545454545
7.27272727272727
