0
0
0
0
0
0
0
0
0
0
0
0
0
0
0
0
0
0
0
0
0
0
0
0
0
0
0
0
0
0
0
0
0
0
0
0
0
0
0
0
0
0
0
0
0
0
0
1.625
1.5625
1.47916666666667
1.39583333333333
1.35416666666667
1.33333333333333
1.3125
1.27083333333333
1.14583333333333
1.08333333333333
0.979166666666667
0.916666666666667
0.8125
0.6875
0.666666666666667
0.666666666666667
0.604166666666667
0.604166666666667
0.604166666666667
0.604166666666667
0.5625
0.520833333333333
0.479166666666667
0.458333333333333
0.458333333333333
0.4375
0.416666666666667
0.416666666666667
0.395833333333333
0.395833333333333
0.375
0.395833333333333
0.375
0.375
0.333333333333333
0.291666666666667
0.3125
0.291666666666667
0.291666666666667
0.270833333333333
0.270833333333333
0.291666666666667
0.270833333333333
0.333333333333333
0.354166666666667
0.416666666666667
0.416666666666667
0.395833333333333
0.395833333333333
0.458333333333333
0.458333333333333
0.479166666666667
0.520833333333333
0.541666666666667
0.5625
0.604166666666667
0.604166666666667
0.604166666666667
0.645833333333333
0.645833333333333
0.645833333333333
0.729166666666667
0.729166666666667
0.75
0.791666666666667
0.854166666666667
0.916666666666667
0.979166666666667
1.02083333333333
1.10416666666667
1.20833333333333
1.29166666666667
1.375
1.41666666666667
1.5625
1.70833333333333
1.83333333333333
1.9375
2
2.0625
2.08333333333333
2.14583333333333
2.16666666666667
2.33333333333333
2.35416666666667
2.41666666666667
2.52083333333333
2.66666666666667
2.79166666666667
2.89583333333333
3.0625
3.14583333333333
3.1875
3.25
3.27083333333333
3.375
3.54166666666667
3.52083333333333
3.52083333333333
3.5625
3.64583333333333
3.70833333333333
3.8125
3.8125
3.91666666666667
4.02083333333333
4.10416666666667
4.20833333333333
4.3125
4.33333333333333
4.375
4.52083333333333
4.70833333333333
4.79166666666667
4.875
4.875
5.04166666666667
5.0625
5.16666666666667
5.1875
5.35416666666667
5.33333333333333
5.41666666666667
5.33333333333333
5.35416666666667
5.35416666666667
5.41666666666667
5.47916666666667
5.625
5.66666666666667
5.79166666666667
5.79166666666667
6.0625
6.3125
6.39583333333333
6.45833333333333
6.47916666666667
6.5
6.5
6.5
6.54166666666667
6.54166666666667
6.66666666666667
6.66666666666667
6.70833333333333
6.75
6.91666666666667
7.125
7.20833333333333
7.3125
7.375
7.52083333333333
7.60416666666667
7.75
7.6875
7.72916666666667
7.9375
8.08333333333333
8.14583333333333
8.08333333333333
8
7.97916666666667
7.97916666666667
7.95833333333333
7.83333333333333
7.8125
7.75
7.75
7.75
7.875
7.8125
7.89583333333333
7.875
7.89583333333333
7.89583333333333
7.89583333333333
7.79166666666667
7.77083333333333
7.6875
7.8125
7.72916666666667
7.54166666666667
7.4375
7.33333333333333
7.35416666666667
7.27083333333333
7.25
7.33333333333333
7.39583333333333
7.375
7.4375
7.47916666666667
7.58333333333333
7.70833333333333
7.66666666666667
7.5625
7.41666666666667
7.47916666666667
7.41666666666667
7.375
7.3125
7.22916666666667
7.375
7.29166666666667
7.125
6.97916666666667
7.04166666666667
7.10416666666667
7.08333333333333
7.08333333333333
7
6.97916666666667
7.0625
7.0625
7.04166666666667
7.14583333333333
7
6.95833333333333
6.89583333333333
6.83333333333333
6.72916666666667
6.72916666666667
6.70833333333333
6.60416666666667
6.625
6.5625
6.5625
6.3125
6.125
6.08333333333333
6.08333333333333
6.125
6.02083333333333
6.0625
5.95833333333333
5.79166666666667
5.60416666666667
5.5625
5.375
5.27083333333333
4.9375
4.77083333333333
4.6875
4.64583333333333
4.625
4.41666666666667
4.35416666666667
4.27083333333333
4.1875
4.04166666666667
3.85416666666667
3.875
3.72916666666667
3.625
3.5
3.35416666666667
3.22916666666667
3.125
3.0625
3.0625
2.9375
2.875
2.75
2.54166666666667
2.4375
2.35416666666667
2.25
2.16666666666667
2.14583333333333
2.04166666666667
1.9375
1.9375
1.875
1.85416666666667
1.79166666666667
1.77083333333333
1.70833333333333
1.60416666666667
1.52083333333333
1.375
1.35416666666667
1.27083333333333
1.25
1.1875
1.20833333333333
1.16666666666667
1.14583333333333
1.10416666666667
1.10416666666667
1.0625
1.04166666666667
0.916666666666667
0.854166666666667
0.833333333333333
0.770833333333333
0.708333333333333
0.666666666666667
0.625
0.604166666666667
0.520833333333333
0.5
0.520833333333333
0.479166666666667
0.458333333333333
0.458333333333333
0.4375
0.4375
0.395833333333333
0.375
0.354166666666667
0.354166666666667
0.354166666666667
0.354166666666667
0.333333333333333
0.354166666666667
0.354166666666667
0.354166666666667
0.354166666666667
0.354166666666667
0.3125
0.291666666666667
0.270833333333333
0.270833333333333
0.25
0.25
0.25
0.270833333333333
0.270833333333333
0.229166666666667
0.208333333333333
0.1875
0.1875
0.166666666666667
0.166666666666667
0.208333333333333
0.229166666666667
0.229166666666667
0.291666666666667
0.333333333333333
0.354166666666667
0.395833333333333
0.395833333333333
0.458333333333333
0.479166666666667
0.5
0.75
0.833333333333333
0.958333333333333
1
1.02083333333333
1.08333333333333
1.08333333333333
1.16666666666667
1.41666666666667
1.52083333333333
1.625
1.89583333333333
1.9375
1.9375
1.95833333333333
2.04166666666667
2.0625
2.10416666666667
2.41666666666667
2.77083333333333
2.97916666666667
3.52083333333333
3.66666666666667
3.77083333333333
3.875
4.1875
4.33333333333333
4.45833333333333
4.58333333333333
4.6875
4.83333333333333
4.85416666666667
5.125
5.25
5.375
5.45833333333333
5.5
5.60416666666667
5.64583333333333
5.72916666666667
5.8125
5.83333333333333
5.9375
5.97916666666667
6.0625
6.0625
6.45833333333333
7.22916666666667
7.22916666666667
7.22916666666667
7.16666666666667
7.27083333333333
7.33333333333333
7.3125
7.4375
7.41666666666667
7.25
7.20833333333333
7.20833333333333
6.97916666666667
7.27083333333333
7.625
7.77083333333333
7.72916666666667
7.79166666666667
7.8125
7.58333333333333
7.33333333333333
7.22916666666667
6.8125
7.14583333333333
7.25
7.27083333333333
7.0625
7
6.89583333333333
6.89583333333333
6.8125
6.77083333333333
6.89583333333333
6.6875
7.04166666666667
7.04166666666667
7.02083333333333
7.14583333333333
7.10416666666667
7.0625
7.0625
6.97916666666667
6.95833333333333
6.91666666666667
6.85416666666667
6.875
6.9375
6.625
6.375
6.25
6.27083333333333
6.33333333333333
6.70833333333333
6.75
6.85416666666667
6.8125
6.9375
7.22916666666667
7.22916666666667
7.25
7.5625
7.29166666666667
6.97916666666667
6.95833333333333
7.125
7.10416666666667
7.16666666666667
7.08333333333333
7.08333333333333
7.04166666666667
6.97916666666667
6.5625
6.39583333333333
6.375
6.3125
6.375
6.45833333333333
6.54166666666667
7.1875
7.375
7.39583333333333
7.58333333333333
7.1875
7.20833333333333
7.25
7.10416666666667
7.14583333333333
7.27083333333333
7.35416666666667
7.35416666666667
7.45833333333333
7.5
7.58333333333333
7.60416666666667
7.625
7.60416666666667
7.25
7.27083333333333
7.33333333333333
7.33333333333333
7.02083333333333
6.95833333333333
6.9375
6.9375
6.77083333333333
6.47916666666667
6.52083333333333
6.45833333333333
6.10416666666667
6.10416666666667
6.125
6.0625
6
6.14583333333333
6.0625
6.10416666666667
6.02083333333333
6
6.04166666666667
6.02083333333333
6.04166666666667
5.97916666666667
6.04166666666667
5.89583333333333
5.875
5.75
5.14583333333333
4.91666666666667
4.83333333333333
4.625
4.60416666666667
4.54166666666667
4.45833333333333
4.4375
4.39583333333333
4.25
4.08333333333333
4.0625
3.91666666666667
3.875
3.77083333333333
3.6875
3.5625
3.5
3.375
3.3125
3.1875
3.0625
2.91666666666667
2.95833333333333
2.85416666666667
2.79166666666667
2.79166666666667
2.70833333333333
2.625
2.625
2.66666666666667
2.64583333333333
2.66666666666667
2.60416666666667
2.5
2.3125
2.25
2.20833333333333
2.20833333333333
2.1875
2.08333333333333
2.0625
2
1.97916666666667
1.875
1.89583333333333
1.8125
1.75
1.66666666666667
1.60416666666667
1.54166666666667
1.52083333333333
1.47916666666667
1.39583333333333
1.375
1.375
1.27083333333333
1.27083333333333
1.27083333333333
1.22916666666667
1.20833333333333
1.14583333333333
1.14583333333333
1.08333333333333
1.0625
1.04166666666667
0.979166666666667
0.895833333333333
0.854166666666667
0.854166666666667
0.791666666666667
0.666666666666667
0.666666666666667
0.645833333333333
0.625
0.625
0.604166666666667
0.541666666666667
0.479166666666667
0.4375
0.354166666666667
0.333333333333333
0.3125
0.291666666666667
0.291666666666667
0.291666666666667
0.270833333333333
0.229166666666667
0.229166666666667
0.208333333333333
0.208333333333333
0.1875
0.1875
0.166666666666667
0.166666666666667
0.166666666666667
0.208333333333333
0.208333333333333
0.1875
0.1875
0.166666666666667
0.166666666666667
0.166666666666667
0.1875
0.1875
0.1875
0.4375
0.458333333333333
0.479166666666667
0.479166666666667
0.791666666666667
0.9375
1.02083333333333
1.04166666666667
1.04166666666667
1.10416666666667
1.1875
1.27083333333333
1.33333333333333
1.5
1.54166666666667
1.625
1.75
1.8125
1.875
2
2.02083333333333
2.125
2.20833333333333
2.33333333333333
2.4375
2.5
2.60416666666667
2.66666666666667
3.20833333333333
3.72916666666667
3.9375
4.14583333333333
4.14583333333333
4.27083333333333
4.3125
4.5
4.79166666666667
5.02083333333333
5
5.4375
5.5625
5.625
5.75
6.0625
6.10416666666667
6.27083333333333
6.41666666666667
6.47916666666667
6.375
6.39583333333333
6.5
6.5
6.20833333333333
6.125
6.1875
6.35416666666667
6.89583333333333
7.04166666666667
7.02083333333333
7.02083333333333
7.47916666666667
7.5
7.5
7.60416666666667
7.70833333333333
7.83333333333333
8
8.02083333333333
8.0625
8.08333333333333
8.16666666666667
8.16666666666667
8.16666666666667
8.22916666666667
8.1875
8.1875
7.70833333333333
7.22916666666667
7.14583333333333
7.04166666666667
7.54166666666667
8.125
8.20833333333333
8.10416666666667
7.95833333333333
7.875
7.89583333333333
7.64583333333333
7.58333333333333
7.625
7.52083333333333
7.33333333333333
7.3125
7.20833333333333
7.125
7.14583333333333
7.125
7.10416666666667
7.0625
7.14583333333333
7.29166666666667
7.375
7.33333333333333
7.27083333333333
6.79166666666667
6.625
6.60416666666667
6.60416666666667
6.16666666666667
6.04166666666667
6.04166666666667
6.02083333333333
5.91666666666667
5.79166666666667
5.66666666666667
5.66666666666667
5.64583333333333
5.54166666666667
5.41666666666667
5.39583333333333
5.45833333333333
5.45833333333333
5.5625
5.54166666666667
5.58333333333333
5.625
5.58333333333333
5.54166666666667
5.10416666666667
4.5
4.47916666666667
4.83333333333333
5.10416666666667
5.14583333333333
5.4375
5.33333333333333
5.375
5.41666666666667
5.45833333333333
5.47916666666667
5.66666666666667
5.6875
5.79166666666667
5.89583333333333
6.08333333333333
6.1875
6.25
6.33333333333333
6.3125
6.45833333333333
6.45833333333333
6.45833333333333
6.5
6.625
6.625
6.70833333333333
6.79166666666667
6.77083333333333
6.83333333333333
6.875
6.79166666666667
6.79166666666667
6.70833333333333
6.77083333333333
6.91666666666667
7.02083333333333
7.08333333333333
7.10416666666667
7.0625
7.02083333333333
6.85416666666667
6.9375
6.95833333333333
7
6.97916666666667
6.97916666666667
6.91666666666667
6.89583333333333
6.91666666666667
6.54166666666667
6.25
6.10416666666667
5.83333333333333
5.77083333333333
5.75
5.70833333333333
5.70833333333333
5.58333333333333
5.375
5.4375
5.35416666666667
5.22916666666667
4.97916666666667
4.89583333333333
4.77083333333333
4.64583333333333
4.52083333333333
4.25
4.16666666666667
4.10416666666667
4.02083333333333
3.9375
3.91666666666667
3.79166666666667
3.66666666666667
3.625
3.52083333333333
3.3125
3.27083333333333
3.22916666666667
3.20833333333333
3.02083333333333
2.83333333333333
2.70833333333333
2.60416666666667
2.5
2.39583333333333
2.3125
2.35416666666667
2.25
2.14583333333333
2.04166666666667
2
1.9375
1.9375
1.91666666666667
1.85416666666667
1.8125
1.6875
1.625
1.5625
1.54166666666667
1.45833333333333
1.33333333333333
1.27083333333333
1.27083333333333
1.27083333333333
1.10416666666667
1.02083333333333
0.958333333333333
0.895833333333333
0.854166666666667
0.833333333333333
0.770833333333333
0.75
0.729166666666667
0.729166666666667
0.6875
0.666666666666667
0.583333333333333
0.5625
0.520833333333333
0.5
0.520833333333333
0.5
0.5
0.5
0.479166666666667
0.479166666666667
0.458333333333333
0.458333333333333
0.458333333333333
0.458333333333333
0.4375
0.395833333333333
0.395833333333333
0.354166666666667
0.354166666666667
0.333333333333333
0.3125
0.291666666666667
0.3125
0.354166666666667
0.291666666666667
0.229166666666667
0.208333333333333
0.208333333333333
0.208333333333333
0.208333333333333
0.229166666666667
0.291666666666667
0.3125
0.375
0.354166666666667
0.375
0.375
0.375
0.375
0.4375
0.479166666666667
0.5
0.541666666666667
0.5625
0.604166666666667
0.583333333333333
0.583333333333333
0.583333333333333
0.6875
0.770833333333333
0.833333333333333
0.833333333333333
0.833333333333333
0.854166666666667
0.895833333333333
0.958333333333333
1
1.10416666666667
1.14583333333333
1.1875
1.35416666666667
1.45833333333333
1.60416666666667
1.625
1.75
1.89583333333333
2.08333333333333
2.29166666666667
2.375
2.5625
2.64583333333333
2.66666666666667
2.77083333333333
2.875
2.95833333333333
3.0625
3.22916666666667
3.3125
3.41666666666667
3.375
3.45833333333333
3.45833333333333
3.60416666666667
3.77083333333333
3.83333333333333
3.85416666666667
3.9375
3.97916666666667
3.95833333333333
4.04166666666667
4.0625
4.16666666666667
4.27083333333333
4.39583333333333
4.5625
4.64583333333333
4.77083333333333
4.85416666666667
4.85416666666667
5.04166666666667
5.0625
5.1875
5.3125
5.52083333333333
5.58333333333333
5.5625
5.5625
5.54166666666667
5.52083333333333
5.5625
5.52083333333333
5.625
5.54166666666667
5.58333333333333
5.5
5.39583333333333
5.5
5.5
5.64583333333333
5.66666666666667
5.83333333333333
5.91666666666667
6.02083333333333
6.0625
6.16666666666667
6.25
6.22916666666667
6.39583333333333
6.41666666666667
6.52083333333333
6.5
6.4375
6.60416666666667
6.77083333333333
6.8125
6.91666666666667
6.9375
6.9375
7.14583333333333
7.14583333333333
7.16666666666667
7.27083333333333
7.29166666666667
7.29166666666667
7.375
7.35416666666667
7.33333333333333
7.33333333333333
7.41666666666667
7.29166666666667
7.29166666666667
7.08333333333333
7.10416666666667
7.125
7.22916666666667
7.33333333333333
7.41666666666667
7.35416666666667
7.47916666666667
7.47916666666667
7.60416666666667
7.52083333333333
7.5
7.5625
7.52083333333333
7.5
7.35416666666667
7.3125
7.3125
7.20833333333333
7.14583333333333
7.16666666666667
7.02083333333333
7.02083333333333
7.0625
6.9375
6.91666666666667
6.89583333333333
6.89583333333333
6.9375
6.95833333333333
7.10416666666667
7.14583333333333
7.16666666666667
7.39583333333333
7.4375
7.4375
7.52083333333333
7.625
7.5625
7.5
7.60416666666667
7.5
7.58333333333333
7.77083333333333
7.70833333333333
7.77083333333333
7.95833333333333
8.04166666666667
8.125
8.14583333333333
8.16666666666667
8.16666666666667
8.14583333333333
8.16666666666667
8.1875
8.04166666666667
8.10416666666667
8
8
8.02083333333333
8.02083333333333
8.04166666666667
8
8.08333333333333
8.16666666666667
8.08333333333333
8.04166666666667
8.04166666666667
8.04166666666667
7.97916666666667
7.83333333333333
7.8125
7.83333333333333
7.83333333333333
7.77083333333333
7.72916666666667
7.60416666666667
7.39583333333333
7.14583333333333
7.04166666666667
6.91666666666667
6.6875
6.54166666666667
6.33333333333333
6.16666666666667
5.97916666666667
5.85416666666667
5.70833333333333
5.52083333333333
5.39583333333333
5.20833333333333
5.02083333333333
4.91666666666667
4.75
4.60416666666667
4.35416666666667
4.25
4.10416666666667
3.97916666666667
3.875
3.77083333333333
3.52083333333333
3.47916666666667
3.41666666666667
3.27083333333333
3.25
3.16666666666667
3.0625
2.97916666666667
2.8125
2.6875
2.5
2.375
2.1875
2.16666666666667
2.04166666666667
1.875
1.8125
1.79166666666667
1.66666666666667
1.58333333333333
1.47916666666667
1.39583333333333
1.3125
1.27083333333333
1.22916666666667
1.16666666666667
1.10416666666667
1.04166666666667
1
1
0.958333333333333
0.916666666666667
0.833333333333333
0.791666666666667
0.791666666666667
0.791666666666667
0.75
0.75
0.708333333333333
0.666666666666667
0.645833333333333
0.583333333333333
0.583333333333333
0.541666666666667
0.541666666666667
0.541666666666667
0.5
0.5
0.541666666666667
0.5
0.479166666666667
0.458333333333333
0.416666666666667
0.395833333333333
0.375
0.3125
0.333333333333333
0.333333333333333
0.333333333333333
0.354166666666667
0.395833333333333
0.375
0.375
0.395833333333333
0.395833333333333
0.416666666666667
0.416666666666667
0.416666666666667
0.416666666666667
0.416666666666667
0.458333333333333
0.5
0.479166666666667
0.458333333333333
0.520833333333333
0.5625
0.604166666666667
0.645833333333333
0.625
0.708333333333333
0.770833333333333
0.833333333333333
0.875
0.9375
0.958333333333333
0.958333333333333
1.0625
1.3125
1.41666666666667
1.4375
1.5625
1.58333333333333
1.66666666666667
1.72916666666667
1.77083333333333
1.83333333333333
1.875
1.89583333333333
1.91666666666667
1.97916666666667
2.02083333333333
2.0625
2.125
2.29166666666667
2.33333333333333
2.5625
2.6875
2.77083333333333
2.8125
2.875
2.95833333333333
2.97916666666667
3.10416666666667
3.10416666666667
3.16666666666667
3.27083333333333
3.3125
3.35416666666667
3.39583333333333
3.5
3.625
3.70833333333333
3.75
3.77083333333333
3.85416666666667
3.91666666666667
4
4.0625
4.20833333333333
4.29166666666667
4.35416666666667
4.39583333333333
4.45833333333333
4.5625
4.54166666666667
4.375
4.47916666666667
4.60416666666667
4.5625
4.70833333333333
4.8125
4.9375
5.0625
5.125
5.14583333333333
5.16666666666667
5.22916666666667
5.22916666666667
5.33333333333333
5.41666666666667
5.45833333333333
5.375
5.4375
5.25
5.20833333333333
5.3125
5.35416666666667
5.33333333333333
5.47916666666667
5.625
5.60416666666667
5.6875
5.85416666666667
5.85416666666667
6.02083333333333
6.16666666666667
6.27083333333333
6.33333333333333
6.3125
6.29166666666667
6.33333333333333
6.35416666666667
6.41666666666667
6.60416666666667
6.72916666666667
6.77083333333333
6.72916666666667
6.6875
6.79166666666667
6.85416666666667
6.8125
6.83333333333333
6.9375
6.97916666666667
6.875
6.89583333333333
6.95833333333333
6.95833333333333
6.85416666666667
6.72916666666667
6.64583333333333
6.72916666666667
6.8125
6.77083333333333
6.85416666666667
6.875
6.89583333333333
6.85416666666667
6.89583333333333
6.95833333333333
7
7.02083333333333
7.14583333333333
7.16666666666667
7.10416666666667
7.16666666666667
7.125
7.0625
7.08333333333333
7.20833333333333
7.14583333333333
7.1875
7.20833333333333
7.16666666666667
7.16666666666667
7.0625
7.08333333333333
7.27083333333333
7.39583333333333
7.47916666666667
7.45833333333333
7.29166666666667
7.27083333333333
7.33333333333333
7.47916666666667
7.60416666666667
7.45833333333333
7.375
7.54166666666667
7.5625
7.45833333333333
7.60416666666667
7.6875
7.6875
7.77083333333333
7.89583333333333
8.02083333333333
8.125
8.22916666666667
8.33333333333333
8.29166666666667
8.45833333333333
8.47916666666667
8.625
8.72916666666667
8.79166666666667
8.79166666666667
8.8125
8.83333333333333
8.85416666666667
8.79166666666667
8.75
8.79166666666667
8.8125
8.8125
8.77083333333333
8.875
8.72916666666667
8.625
8.5
8.33333333333333
8.25
8.10416666666667
8.14583333333333
8.08333333333333
7.91666666666667
7.66666666666667
7.5
7.375
7.29166666666667
7.14583333333333
7.04166666666667
6.75
6.52083333333333
6.5
6.47916666666667
6.25
6.10416666666667
6.04166666666667
5.83333333333333
5.66666666666667
5.54166666666667
5.3125
5.04166666666667
4.875
4.70833333333333
4.52083333333333
4.20833333333333
4.0625
3.89583333333333
3.75
3.54166666666667
3.27083333333333
3.125
3
2.83333333333333
2.66666666666667
2.58333333333333
2.45833333333333
2.27083333333333
2.16666666666667
2.04166666666667
1.875
1.79166666666667
1.5625
1.47916666666667
1.41666666666667
1.41666666666667
1.35416666666667
1.3125
1.27083333333333
1.125
1.08333333333333
1
1
0.958333333333333
0.916666666666667
0.875
0.833333333333333
0.6875
0.6875
0.6875
0.645833333333333
0.583333333333333
0.5625
0.520833333333333
0.5
0.4375
0.416666666666667
0.375
0.375
0.354166666666667
0.3125
0.3125
0.333333333333333
0.333333333333333
0.333333333333333
0.3125
0.270833333333333
0.229166666666667
0.229166666666667
0.229166666666667
0.208333333333333
0.1875
0.166666666666667
0.166666666666667
0.145833333333333
0.145833333333333
0.166666666666667
0.166666666666667
0.145833333333333
0.145833333333333
0.145833333333333
0.145833333333333
0.145833333333333
0.125
0.145833333333333
0.125
0.125
0.125
0.104166666666667
0.104166666666667
0.0833333333333333
0.1875
0.208333333333333
0.3125
0.4375
0.666666666666667
1.29166666666667
1.39583333333333
1.41666666666667
1.41666666666667
1.4375
1.5
1.5
1.60416666666667
1.64583333333333
1.79166666666667
1.875
1.9375
1.97916666666667
2.02083333333333
2.0625
2.125
2.20833333333333
2.39583333333333
2.45833333333333
2.47916666666667
2.52083333333333
2.5625
2.64583333333333
2.66666666666667
2.75
2.875
3
3.0625
3.10416666666667
3.125
3.27083333333333
3.6875
3.79166666666667
3.9375
4.54166666666667
4.64583333333333
4.70833333333333
4.83333333333333
4.9375
5.02083333333333
5.20833333333333
5.29166666666667
5.375
5.41666666666667
5.47916666666667
5.45833333333333
5.35416666666667
5.20833333333333
4.75
4.75
5.1875
5.41666666666667
5.5
5.54166666666667
5.66666666666667
5.6875
5.66666666666667
5.5625
5.60416666666667
5.5625
5.60416666666667
5.66666666666667
5.64583333333333
5.75
5.72916666666667
5.625
5.66666666666667
5.72916666666667
5.75
5.77083333333333
5.83333333333333
5.83333333333333
5.8125
5.75
5.9375
6.22916666666667
6.77083333333333
6.83333333333333
6.79166666666667
6.58333333333333
6.5
6.4375
5.95833333333333
5.97916666666667
6.02083333333333
6.14583333333333
6.22916666666667
6.45833333333333
6.58333333333333
6.6875
6.75
6.77083333333333
6.8125
6.83333333333333
6.875
6.89583333333333
6.85416666666667
6.91666666666667
6.5625
6.5
6.5625
6.58333333333333
6.5625
7.0625
7.125
7.29166666666667
7.35416666666667
7.58333333333333
7.8125
8.29166666666667
8.45833333333333
8.47916666666667
8.60416666666667
8.60416666666667
8.60416666666667
8.625
8.66666666666667
8.6875
8.66666666666667
8.6875
8.66666666666667
8.70833333333333
8.5
8.1875
7.6875
7.77083333333333
7.9375
7.875
7.9375
8.02083333333333
8.39583333333333
8.39583333333333
8.4375
8.39583333333333
8.35416666666667
8.0625
7.83333333333333
7.83333333333333
7.70833333333333
7.66666666666667
7.77083333333333
7.75
7.79166666666667
7.89583333333333
7.89583333333333
7.85416666666667
7.875
7.83333333333333
7.83333333333333
7.79166666666667
7.83333333333333
7.35416666666667
7.41666666666667
7.27083333333333
7.16666666666667
7.10416666666667
6.95833333333333
6.60416666666667
6.5
6.45833333333333
6.33333333333333
6.39583333333333
6.5
6.5625
6.625
6.60416666666667
6.58333333333333
6.6875
6.8125
6.91666666666667
6.97916666666667
7.16666666666667
7.16666666666667
7.14583333333333
7.08333333333333
7.04166666666667
7
6.875
6.47916666666667
6.41666666666667
6.375
6.27083333333333
6.20833333333333
6.29166666666667
6.29166666666667
6.16666666666667
6.20833333333333
6.14583333333333
6.0625
6.08333333333333
6.04166666666667
5.89583333333333
5.8125
5.6875
5.66666666666667
5.58333333333333
5.5
5.45833333333333
5.375
5.375
5.22916666666667
5.20833333333333
5.14583333333333
5.02083333333333
4.89583333333333
4.72916666666667
4.66666666666667
4.54166666666667
4.52083333333333
4.47916666666667
4.27083333333333
4.125
4
3.9375
3.83333333333333
3.70833333333333
3.54166666666667
3.375
3.20833333333333
2.97916666666667
2.875
2.72916666666667
2.52083333333333
2.4375
2.41666666666667
2.39583333333333
2.3125
2.25
2.125
2.02083333333333
1.97916666666667
1.875
1.79166666666667
1.72916666666667
1.66666666666667
1.625
1.5
1.39583333333333
1.33333333333333
1.27083333333333
1.20833333333333
1.20833333333333
1.10416666666667
1.0625
0.979166666666667
0.9375
0.875
0.729166666666667
0.75
0.708333333333333
0.6875
0.625
0.583333333333333
0.520833333333333
0.479166666666667
0.479166666666667
0.458333333333333
0.354166666666667
0.375
0.375
0.333333333333333
0.333333333333333
0.354166666666667
0.333333333333333
0.354166666666667
0.333333333333333
0.375
0.375
0.375
0.375
0.375
0.375
0.375
0.375
0.395833333333333
0.395833333333333
0.395833333333333
0.4375
0.416666666666667
0.416666666666667
0.4375
0.479166666666667
0.5625
0.5625
0.541666666666667
0.5625
0.604166666666667
0.645833333333333
0.666666666666667
0.6875
0.729166666666667
0.770833333333333
0.8125
0.916666666666667
1.02083333333333
1.04166666666667
1.08333333333333
1.1875
1.27083333333333
1.27083333333333
1.29166666666667
1.35416666666667
1.41666666666667
1.4375
1.5625
1.60416666666667
1.66666666666667
1.75
1.875
1.9375
2.0625
2.14583333333333
2.20833333333333
2.3125
2.375
2.54166666666667
2.6875
2.875
3
3.35416666666667
3.47916666666667
3.5625
3.6875
3.77083333333333
3.79166666666667
3.8125
4
4.125
4.27083333333333
4.29166666666667
4.29166666666667
4.35416666666667
4.4375
4.60416666666667
4.64583333333333
4.8125
4.89583333333333
5
5.10416666666667
5.1875
5.3125
5.3125
5.35416666666667
5.4375
5.5
5.45833333333333
5.4375
5.54166666666667
5.6875
5.72916666666667
5.8125
5.875
5.79166666666667
5.91666666666667
5.91666666666667
5.9375
5.9375
6.04166666666667
6.04166666666667
6.10416666666667
6.20833333333333
6.22916666666667
6.20833333333333
6.16666666666667
6.16666666666667
6.08333333333333
6.125
5.83333333333333
5.77083333333333
5.8125
5.6875
5.72916666666667
5.79166666666667
5.875
5.83333333333333
5.83333333333333
5.72916666666667
5.72916666666667
5.72916666666667
5.8125
5.875
5.91666666666667
5.97916666666667
5.95833333333333
5.95833333333333
6.10416666666667
6.10416666666667
6.1875
6.1875
6.1875
6.14583333333333
6.29166666666667
6.22916666666667
6.375
6.5
6.47916666666667
6.41666666666667
6.45833333333333
6.39583333333333
6.41666666666667
6.47916666666667
6.4375
6.45833333333333
6.52083333333333
6.58333333333333
6.54166666666667
6.52083333333333
6.58333333333333
6.52083333333333
6.5625
6.64583333333333
6.625
6.54166666666667
6.64583333333333
6.54166666666667
6.66666666666667
6.72916666666667
6.83333333333333
6.97916666666667
6.9375
6.95833333333333
6.97916666666667
6.97916666666667
7.02083333333333
7.04166666666667
7.20833333333333
7.22916666666667
7.4375
7.64583333333333
7.5625
7.54166666666667
7.47916666666667
7.54166666666667
7.375
7.52083333333333
7.47916666666667
7.54166666666667
7.54166666666667
7.66666666666667
7.66666666666667
7.72916666666667
7.75
7.75
7.9375
8.10416666666667
8.14583333333333
8.22916666666667
8.22916666666667
8.27083333333333
8.35416666666667
8.39583333333333
8.45833333333333
8.33333333333333
8.375
8.41666666666667
8.41666666666667
8.5
8.52083333333333
8.45833333333333
8.4375
8.52083333333333
8.54166666666667
8.64583333333333
8.60416666666667
8.5625
8.4375
8.33333333333333
8.4375
8.375
8.375
8.35416666666667
8.33333333333333
8.39583333333333
8.29166666666667
8.27083333333333
8.02083333333333
7.72916666666667
7.75
7.6875
7.6875
7.54166666666667
7.52083333333333
7.29166666666667
7.16666666666667
6.95833333333333
6.89583333333333
6.6875
6.5
6.41666666666667
6.20833333333333
6.0625
5.83333333333333
5.60416666666667
5.41666666666667
5.27083333333333
5.16666666666667
5.02083333333333
4.83333333333333
4.6875
4.45833333333333
4.39583333333333
4.25
4.10416666666667
3.91666666666667
3.70833333333333
3.52083333333333
3.41666666666667
3.375
3.25
3.02083333333333
2.875
2.70833333333333
2.60416666666667
2.5
2.41666666666667
2.25
2.20833333333333
2.0625
1.9375
1.8125
1.66666666666667
1.54166666666667
1.45833333333333
1.35416666666667
1.3125
1.14583333333333
1.08333333333333
0.958333333333333
0.9375
0.854166666666667
0.791666666666667
0.75
0.729166666666667
0.6875
0.666666666666667
0.604166666666667
0.5625
0.541666666666667
0.5
0.458333333333333
0.416666666666667
0.416666666666667
0.395833333333333
0.375
0.354166666666667
0.333333333333333
0.354166666666667
0.375
0.395833333333333
0.375
0.354166666666667
0.354166666666667
0.354166666666667
0.333333333333333
0.354166666666667
0.3125
0.333333333333333
0.333333333333333
0.3125
0.333333333333333
0.354166666666667
0.333333333333333
0.4375
0.4375
0.458333333333333
0.458333333333333
0.458333333333333
0.4375
0.5
0.520833333333333
0.520833333333333
0.5625
0.583333333333333
0.645833333333333
0.708333333333333
0.8125
0.833333333333333
0.916666666666667
0.958333333333333
1.02083333333333
1.04166666666667
1.08333333333333
1.125
1.20833333333333
1.25
1.41666666666667
1.5625
1.66666666666667
1.72916666666667
1.875
1.97916666666667
2.04166666666667
2.1875
2.20833333333333
2.27083333333333
2.375
2.5625
2.66666666666667
2.8125
2.95833333333333
3
3.08333333333333
3.14583333333333
3.33333333333333
3.41666666666667
3.45833333333333
3.52083333333333
3.52083333333333
3.60416666666667
3.70833333333333
3.79166666666667
3.89583333333333
3.89583333333333
3.9375
3.97916666666667
4.08333333333333
4.22916666666667
4.3125
4.4375
4.47916666666667
4.5625
4.5625
4.60416666666667
4.64583333333333
4.77083333333333
4.85416666666667
4.91666666666667
4.95833333333333
5.04166666666667
5.04166666666667
5.08333333333333
5.16666666666667
5.3125
5.25
5.27083333333333
5.35416666666667
5.45833333333333
5.5625
5.66666666666667
5.72916666666667
5.77083333333333
6
6.04166666666667
6.02083333333333
5.91666666666667
5.9375
5.97916666666667
5.97916666666667
6.02083333333333
6.04166666666667
6.1875
6.29166666666667
6.3125
6.41666666666667
6.52083333333333
6.77083333333333
6.79166666666667
6.89583333333333
6.85416666666667
6.89583333333333
6.9375
7.08333333333333
7.16666666666667
7.1875
7.10416666666667
7.1875
7.1875
7.27083333333333
7.33333333333333
7.47916666666667
7.52083333333333
7.52083333333333
7.54166666666667
7.52083333333333
7.58333333333333
7.6875
7.77083333333333
7.77083333333333
7.8125
7.70833333333333
7.58333333333333
7.60416666666667
7.66666666666667
7.5625
7.625
7.5625
7.45833333333333
7.52083333333333
7.75
7.6875
7.70833333333333
7.72916666666667
7.75
7.77083333333333
7.66666666666667
7.625
7.60416666666667
7.54166666666667
7.5
7.3125
7.1875
7.10416666666667
6.95833333333333
6.97916666666667
7.02083333333333
6.9375
7.02083333333333
6.89583333333333
6.9375
6.91666666666667
6.91666666666667
6.89583333333333
6.85416666666667
6.89583333333333
6.91666666666667
6.95833333333333
6.89583333333333
6.79166666666667
6.91666666666667
6.9375
6.9375
6.97916666666667
6.9375
6.97916666666667
6.89583333333333
7.08333333333333
7.10416666666667
7.25
7.4375
7.45833333333333
7.35416666666667
7.39583333333333
7.4375
7.5625
7.64583333333333
7.75
7.5
7.47916666666667
7.45833333333333
7.52083333333333
7.64583333333333
7.70833333333333
7.75
7.72916666666667
7.85416666666667
7.89583333333333
7.875
7.97916666666667
8.125
8.16666666666667
8.29166666666667
8.1875
8.125
8.02083333333333
7.91666666666667
8.0625
8.10416666666667
8.02083333333333
8.0625
8
8.04166666666667
8.04166666666667
7.95833333333333
7.77083333333333
7.6875
7.70833333333333
7.5
7.35416666666667
7.25
7.08333333333333
6.95833333333333
6.70833333333333
6.64583333333333
6.45833333333333
6.33333333333333
6.16666666666667
6
5.875
5.75
5.64583333333333
5.4375
5.125
5
4.70833333333333
4.54166666666667
4.4375
4.33333333333333
4.125
3.875
3.66666666666667
3.5625
3.45833333333333
3.27083333333333
3.1875
3.02083333333333
2.8125
2.64583333333333
2.54166666666667
2.39583333333333
2.22916666666667
2.125
2.10416666666667
2
1.8125
1.66666666666667
1.5625
1.39583333333333
1.35416666666667
1.25
1.02083333333333
0.958333333333333
0.916666666666667
0.875
0.75
0.6875
0.666666666666667
0.604166666666667
0.583333333333333
0.625
0.625
0.604166666666667
0.5625
0.541666666666667
0.5
0.416666666666667
0.395833333333333
0.416666666666667
0.395833333333333
0.333333333333333
0.333333333333333
0.270833333333333
0.270833333333333
0.291666666666667
0.229166666666667
0.208333333333333
0.208333333333333
0.208333333333333
0.25
0.229166666666667
0.229166666666667
0.229166666666667
0.25
0.25
0.25
0.270833333333333
0.270833333333333
0.291666666666667
0.270833333333333
0.270833333333333
0.270833333333333
0.25
0.270833333333333
0.270833333333333
0.270833333333333
0.25
0.270833333333333
0.291666666666667
0.3125
0.333333333333333
0.333333333333333
0.354166666666667
0.375
0.416666666666667
0.458333333333333
0.458333333333333
0.583333333333333
0.75
0.916666666666667
1.10416666666667
1.35416666666667
1.5
1.6875
1.8125
1.95833333333333
2.02083333333333
2.20833333333333
2.22916666666667
2.25
2.33333333333333
2.4375
2.625
2.77083333333333
2.95833333333333
3.22916666666667
3.79166666666667
3.875
4.08333333333333
4.25
4.33333333333333
4.41666666666667
4.54166666666667
4.58333333333333
4.70833333333333
4.75
4.77083333333333
4.89583333333333
4.97916666666667
5.0625
5.08333333333333
5.125
5.22916666666667
5.3125
5.33333333333333
5.41666666666667
5.41666666666667
5.45833333333333
5.52083333333333
5.60416666666667
5.66666666666667
5.77083333333333
5.79166666666667
5.85416666666667
5.95833333333333
5.95833333333333
5.91666666666667
5.85416666666667
5.85416666666667
5.70833333333333
5.70833333333333
5.66666666666667
5.66666666666667
5.625
5.66666666666667
5.64583333333333
5.72916666666667
5.77083333333333
5.79166666666667
5.95833333333333
5.95833333333333
5.91666666666667
5.79166666666667
5.64583333333333
5.22916666666667
5.16666666666667
5.08333333333333
5.04166666666667
5.14583333333333
5.14583333333333
5.125
5.3125
5.3125
5.41666666666667
5.54166666666667
5.60416666666667
5.60416666666667
5.5625
5.91666666666667
5.95833333333333
6.10416666666667
6.08333333333333
6.14583333333333
6.14583333333333
6.27083333333333
6.375
6.35416666666667
6.54166666666667
6.72916666666667
6.875
6.95833333333333
7.04166666666667
7.22916666666667
7.375
7.33333333333333
7.33333333333333
7.39583333333333
7.47916666666667
7.47916666666667
7.5
7.47916666666667
7.4375
7.52083333333333
7.5
7.5
7.5625
7.625
7.375
7.25
7.22916666666667
7.27083333333333
7.27083333333333
7.29166666666667
7.27083333333333
7.22916666666667
7.14583333333333
7.14583333333333
7.08333333333333
7.08333333333333
6.97916666666667
7.0625
7.0625
7
6.875
6.89583333333333
7.125
6.85416666666667
6.83333333333333
6.6875
6.70833333333333
6.83333333333333
6.91666666666667
6.91666666666667
7.10416666666667
7.22916666666667
7.14583333333333
7.10416666666667
7.04166666666667
7.0625
7.08333333333333
6.95833333333333
6.89583333333333
7.0625
7.14583333333333
7.10416666666667
7.125
7.20833333333333
7.29166666666667
7.375
7.52083333333333
7.5
7.5
7.64583333333333
7.72916666666667
7.75
8.04166666666667
8.22916666666667
8.41666666666667
8.41666666666667
8.47916666666667
8.54166666666667
8.72916666666667
8.89583333333333
8.9375
8.89583333333333
8.9375
8.97916666666667
8.97916666666667
8.89583333333333
8.89583333333333
8.85416666666667
8.97916666666667
9.02083333333333
8.875
8.97916666666667
8.97916666666667
9.04166666666667
9.125
8.97916666666667
8.95833333333333
8.89583333333333
8.5625
8.47916666666667
8.33333333333333
8.20833333333333
8.10416666666667
8.10416666666667
7.97916666666667
7.875
7.79166666666667
7.54166666666667
7.4375
7.25
7.10416666666667
6.9375
6.6875
6.52083333333333
6.35416666666667
6.25
6.16666666666667
6.02083333333333
5.85416666666667
5.70833333333333
5.39583333333333
5.125
4.875
4.77083333333333
4.625
4.41666666666667
4.1875
4
3.91666666666667
3.79166666666667
3.75
3.60416666666667
3.47916666666667
3.35416666666667
3.22916666666667
3.16666666666667
2.97916666666667
2.83333333333333
2.70833333333333
2.5
2.41666666666667
2.25
2.08333333333333
2.02083333333333
1.85416666666667
1.77083333333333
1.75
1.64583333333333
1.60416666666667
1.5
1.39583333333333
1.25
1.16666666666667
1.10416666666667
0.979166666666667
0.9375
0.854166666666667
0.8125
0.75
0.708333333333333
0.708333333333333
0.6875
0.645833333333333
0.604166666666667
0.541666666666667
0.458333333333333
0.416666666666667
0.375
0.375
0.375
0.354166666666667
0.375
0.333333333333333
0.3125
0.333333333333333
0.291666666666667
0.291666666666667
0.270833333333333
0.25
0.270833333333333
0.270833333333333
0.25
0.229166666666667
0.229166666666667
0.25
0.25
0.25
0.270833333333333
0.291666666666667
0.333333333333333
0.354166666666667
0.375
0.416666666666667
0.458333333333333
0.541666666666667
0.541666666666667
0.666666666666667
0.729166666666667
0.75
0.833333333333333
0.958333333333333
1.02083333333333
1.08333333333333
1.125
1.1875
1.27083333333333
1.29166666666667
1.45833333333333
1.5
1.52083333333333
1.5625
1.58333333333333
1.64583333333333
1.75
1.83333333333333
1.9375
2
2.0625
2.14583333333333
2.1875
2.29166666666667
2.5625
2.6875
2.85416666666667
3.02083333333333
3.25
3.39583333333333
3.60416666666667
3.77083333333333
3.85416666666667
4
4.10416666666667
4.1875
4.27083333333333
4.375
4.45833333333333
4.58333333333333
4.66666666666667
4.77083333333333
4.89583333333333
4.95833333333333
4.9375
4.91666666666667
5.04166666666667
4.97916666666667
5.02083333333333
5.125
5.14583333333333
5.1875
5.27083333333333
5.375
5.41666666666667
5.75
5.83333333333333
5.91666666666667
5.875
6.02083333333333
6.22916666666667
6.3125
6.33333333333333
6.4375
6.54166666666667
6.64583333333333
6.75
6.89583333333333
7
7
7.125
7.25
7.125
7.0625
7.02083333333333
6.9375
6.83333333333333
6.9375
6.875
6.9375
6.9375
6.89583333333333
6.9375
7.10416666666667
7.20833333333333
7.22916666666667
7.1875
7.22916666666667
7.3125
7.29166666666667
7.35416666666667
7.5
7.625
7.625
7.72916666666667
7.77083333333333
7.9375
7.89583333333333
8.08333333333333
8.08333333333333
8.14583333333333
8.10416666666667
8.22916666666667
7.97916666666667
8
8.0625
8.08333333333333
7.95833333333333
7.75
7.79166666666667
7.89583333333333
7.89583333333333
7.91666666666667
7.83333333333333
7.8125
7.875
7.8125
7.85416666666667
7.85416666666667
7.85416666666667
7.77083333333333
7.875
7.79166666666667
7.9375
7.97916666666667
7.875
7.8125
7.77083333333333
7.83333333333333
7.875
7.95833333333333
7.79166666666667
7.70833333333333
7.8125
7.91666666666667
7.95833333333333
7.9375
7.97916666666667
7.9375
7.875
7.83333333333333
7.9375
7.85416666666667
7.89583333333333
7.85416666666667
8.04166666666667
7.97916666666667
7.97916666666667
7.97916666666667
8.10416666666667
7.9375
7.97916666666667
8
8.02083333333333
8.1875
8.27083333333333
8.58333333333333
8.64583333333333
8.83333333333333
8.77083333333333
8.72916666666667
8.85416666666667
8.6875
8.625
8.64583333333333
8.8125
8.77083333333333
8.79166666666667
8.95833333333333
8.9375
9.14583333333333
9.0625
9.1875
9.16666666666667
9.14583333333333
9.10416666666667
9.125
9.20833333333333
9.20833333333333
9.27083333333333
9.29166666666667
9.14583333333333
9.0625
8.97916666666667
8.9375
8.97916666666667
8.9375
8.8125
8.83333333333333
8.83333333333333
8.79166666666667
8.72916666666667
