0
0
0
0
0
0
0
0
0
0
0
0
0
0
0
0
0
0
0
0
0
0
0
0
0
0
0
0
0
0
0
0
0
0
0
0
0
0
0
0
0
0
0
0
0
0
0
0
1.59183673469388
1.53061224489796
1.44897959183673
1.38775510204082
1.3265306122449
1.30612244897959
1.28571428571429
1.24489795918367
1.14285714285714
1.06122448979592
0.959183673469388
0.918367346938776
0.795918367346939
0.673469387755102
0.653061224489796
0.653061224489796
0.591836734693878
0.591836734693878
0.612244897959184
0.591836734693878
0.551020408163265
0.510204081632653
0.469387755102041
0.448979591836735
0.448979591836735
0.428571428571429
0.408163265306122
0.408163265306122
0.387755102040816
0.387755102040816
0.387755102040816
0.387755102040816
0.387755102040816
0.36734693877551
0.326530612244898
0.326530612244898
0.326530612244898
0.285714285714286
0.285714285714286
0.26530612244898
0.285714285714286
0.285714285714286
0.326530612244898
0.36734693877551
0.408163265306122
0.408163265306122
0.408163265306122
0.408163265306122
0.448979591836735
0.448979591836735
0.469387755102041
0.530612244897959
0.530612244897959
0.551020408163265
0.591836734693878
0.591836734693878
0.612244897959184
0.63265306122449
0.63265306122449
0.653061224489796
0.714285714285714
0.714285714285714
0.73469387755102
0.775510204081633
0.836734693877551
0.897959183673469
0.979591836734694
1
1.08163265306122
1.18367346938776
1.26530612244898
1.3469387755102
1.38775510204082
1.53061224489796
1.6734693877551
1.79591836734694
1.89795918367347
1.95918367346939
2.04081632653061
2.04081632653061
2.12244897959184
2.12244897959184
2.28571428571429
2.3469387755102
2.38775510204082
2.46938775510204
2.61224489795918
2.73469387755102
2.85714285714286
3
3.14285714285714
3.16326530612245
3.24489795918367
3.20408163265306
3.30612244897959
3.48979591836735
3.51020408163265
3.44897959183673
3.51020408163265
3.63265306122449
3.6530612244898
3.75510204081633
3.77551020408163
3.83673469387755
3.95918367346939
4.06122448979592
4.12244897959184
4.24489795918367
4.3265306122449
4.28571428571429
4.44897959183673
4.6530612244898
4.75510204081633
4.83673469387755
4.85714285714286
4.97959183673469
5.04081632653061
5.16326530612245
5.16326530612245
5.3265306122449
5.26530612244898
5.44897959183673
5.36734693877551
5.36734693877551
5.3469387755102
5.36734693877551
5.44897959183673
5.53061224489796
5.63265306122449
5.69387755102041
5.83673469387755
6
6.26530612244898
6.36734693877551
6.46938775510204
6.46938775510204
6.48979591836735
6.53061224489796
6.51020408163265
6.48979591836735
6.53061224489796
6.55102040816327
6.63265306122449
6.75510204081633
6.6530612244898
6.77551020408163
7.04081632653061
7.20408163265306
7.24489795918367
7.3469387755102
7.40816326530612
7.55102040816327
7.71428571428571
7.6530612244898
7.6734693877551
7.89795918367347
8.02040816326531
8.02040816326531
8.08163265306122
8.06122448979592
7.95918367346939
7.95918367346939
7.87755102040816
7.87755102040816
7.75510204081633
7.79591836734694
7.69387755102041
7.83673469387755
7.73469387755102
7.87755102040816
7.79591836734694
7.85714285714286
7.83673469387755
7.85714285714286
7.87755102040816
7.79591836734694
7.73469387755102
7.6734693877551
7.81632653061224
7.89795918367347
7.71428571428571
7.46938775510204
7.38775510204082
7.3469387755102
7.26530612244898
7.26530612244898
7.3265306122449
7.36734693877551
7.3469387755102
7.42857142857143
7.42857142857143
7.6530612244898
7.63265306122449
7.6734693877551
7.6734693877551
7.48979591836735
7.51020408163265
7.44897959183673
7.40816326530612
7.3469387755102
7.3469387755102
7.28571428571429
7.28571428571429
7.30612244897959
7.08163265306122
7
7.06122448979592
7.08163265306122
7.06122448979592
7
6.89795918367347
7
7
7.04081632653061
7.10204081632653
7.10204081632653
6.95918367346939
6.91836734693878
6.83673469387755
6.71428571428571
6.71428571428571
6.69387755102041
6.61224489795918
6.55102040816327
6.53061224489796
6.48979591836735
6.46938775510204
6.24489795918367
6.10204081632653
6.04081632653061
6.10204081632653
6.06122448979592
6
5.97959183673469
5.89795918367347
5.6734693877551
5.55102040816327
5.46938775510204
5.30612244897959
5.16326530612245
4.87755102040816
4.71428571428571
4.71428571428571
4.61224489795918
4.57142857142857
4.38775510204082
4.3265306122449
4.22448979591837
4.14285714285714
3.97959183673469
3.85714285714286
3.81632653061224
3.6530612244898
3.59183673469388
3.44897959183673
3.28571428571429
3.18367346938776
3.06122448979592
3.04081632653061
3.04081632653061
2.89795918367347
2.81632653061224
2.69387755102041
2.48979591836735
2.40816326530612
2.30612244897959
2.20408163265306
2.12244897959184
2.12244897959184
2
1.93877551020408
1.91836734693878
1.85714285714286
1.81632653061224
1.77551020408163
1.73469387755102
1.6734693877551
1.57142857142857
1.48979591836735
1.38775510204082
1.3469387755102
1.26530612244898
1.22448979591837
1.18367346938776
1.20408163265306
1.14285714285714
1.12244897959184
1.08163265306122
1.08163265306122
1.06122448979592
1.02040816326531
0.897959183673469
0.857142857142857
0.816326530612245
0.755102040816326
0.693877551020408
0.653061224489796
0.612244897959184
0.591836734693878
0.510204081632653
0.510204081632653
0.510204081632653
0.469387755102041
0.448979591836735
0.448979591836735
0.428571428571429
0.428571428571429
0.408163265306122
0.36734693877551
0.346938775510204
0.346938775510204
0.346938775510204
0.346938775510204
0.346938775510204
0.346938775510204
0.346938775510204
0.36734693877551
0.346938775510204
0.346938775510204
0.306122448979592
0.285714285714286
0.26530612244898
0.26530612244898
0.244897959183673
0.244897959183673
0.26530612244898
0.26530612244898
0.26530612244898
0.224489795918367
0.204081632653061
0.183673469387755
0.183673469387755
0.183673469387755
0.204081632653061
0.224489795918367
0.224489795918367
0.285714285714286
0.346938775510204
0.346938775510204
0.387755102040816
0.408163265306122
0.448979591836735
0.469387755102041
0.489795918367347
0.73469387755102
0.816326530612245
0.938775510204082
0.979591836734694
1.02040816326531
1.06122448979592
1.06122448979592
1.14285714285714
1.38775510204082
1.48979591836735
1.59183673469388
1.87755102040816
1.89795918367347
1.89795918367347
1.91836734693878
2
2.02040816326531
2.08163265306122
2.36734693877551
2.71428571428571
2.93877551020408
3.44897959183673
3.59183673469388
3.69387755102041
3.79591836734694
4.10204081632653
4.24489795918367
4.36734693877551
4.48979591836735
4.61224489795918
4.73469387755102
4.75510204081633
5.02040816326531
5.14285714285714
5.26530612244898
5.3469387755102
5.40816326530612
5.53061224489796
5.55102040816327
5.61224489795918
5.75510204081633
5.77551020408163
5.83673469387755
5.89795918367347
5.95918367346939
6
6.3469387755102
7.10204081632653
7.3265306122449
7.16326530612245
7.14285714285714
7.16326530612245
7.22448979591837
7.22448979591837
7.28571428571429
7.3469387755102
7.3469387755102
7.16326530612245
7.16326530612245
7.12244897959184
7.16326530612245
7.46938775510204
7.63265306122449
7.6530612244898
7.6530612244898
7.71428571428571
7.73469387755102
7.53061224489796
7.30612244897959
7.20408163265306
7.14285714285714
7.20408163265306
7.22448979591837
7.22448979591837
7
6.87755102040816
6.87755102040816
6.79591836734694
6.77551020408163
6.77551020408163
6.81632653061224
7.02040816326531
7.02040816326531
6.95918367346939
7.06122448979592
7.10204081632653
6.97959183673469
7
6.97959183673469
6.89795918367347
6.89795918367347
6.79591836734694
6.83673469387755
6.85714285714286
6.89795918367347
7.02040816326531
6.36734693877551
6.22448979591837
6.26530612244898
6.71428571428571
6.71428571428571
6.75510204081633
6.79591836734694
6.85714285714286
7.16326530612245
7.14285714285714
7.20408163265306
7.46938775510204
7.46938775510204
7.18367346938776
6.97959183673469
7.02040816326531
7.04081632653061
7.10204081632653
7.02040816326531
7.04081632653061
7.02040816326531
6.95918367346939
6.89795918367347
6.46938775510204
6.36734693877551
6.28571428571429
6.3265306122449
6.3469387755102
6.53061224489796
7.08163265306122
7.3265306122449
7.38775510204082
7.48979591836735
7.51020408163265
7.18367346938776
7.16326530612245
7.14285714285714
7.10204081632653
7.14285714285714
7.28571428571429
7.26530612244898
7.36734693877551
7.42857142857143
7.44897959183673
7.57142857142857
7.59183673469388
7.55102040816327
7.63265306122449
7.24489795918367
7.28571428571429
7.30612244897959
7.38775510204082
6.95918367346939
6.93877551020408
6.87755102040816
6.81632653061224
6.71428571428571
6.44897959183673
6.44897959183673
6.3469387755102
6.04081632653061
6.04081632653061
6.08163265306122
6.08163265306122
6.08163265306122
6.08163265306122
5.97959183673469
6
5.95918367346939
5.97959183673469
5.95918367346939
5.95918367346939
5.95918367346939
5.95918367346939
5.91836734693878
5.85714285714286
5.83673469387755
5.71428571428571
5.10204081632653
4.89795918367347
4.77551020408163
4.59183673469388
4.59183673469388
4.46938775510204
4.38775510204082
4.44897959183673
4.30612244897959
4.16326530612245
4.04081632653061
4
3.91836734693878
3.79591836734694
3.75510204081633
3.63265306122449
3.51020408163265
3.48979591836735
3.38775510204082
3.28571428571429
3.12244897959184
3.06122448979592
2.97959183673469
2.91836734693878
2.81632653061224
2.75510204081633
2.73469387755102
2.6734693877551
2.63265306122449
2.63265306122449
2.6530612244898
2.6734693877551
2.63265306122449
2.59183673469388
2.46938775510204
2.26530612244898
2.20408163265306
2.18367346938776
2.20408163265306
2.14285714285714
2.06122448979592
2.02040816326531
1.97959183673469
1.93877551020408
1.85714285714286
1.85714285714286
1.79591836734694
1.71428571428571
1.63265306122449
1.59183673469388
1.53061224489796
1.51020408163265
1.44897959183673
1.36734693877551
1.36734693877551
1.3469387755102
1.24489795918367
1.24489795918367
1.24489795918367
1.20408163265306
1.20408163265306
1.12244897959184
1.12244897959184
1.06122448979592
1.04081632653061
1.02040816326531
0.959183673469388
0.877551020408163
0.836734693877551
0.836734693877551
0.775510204081633
0.673469387755102
0.653061224489796
0.63265306122449
0.612244897959184
0.612244897959184
0.591836734693878
0.530612244897959
0.469387755102041
0.428571428571429
0.346938775510204
0.346938775510204
0.306122448979592
0.285714285714286
0.285714285714286
0.285714285714286
0.26530612244898
0.224489795918367
0.224489795918367
0.204081632653061
0.204081632653061
0.183673469387755
0.183673469387755
0.163265306122449
0.183673469387755
0.204081632653061
0.204081632653061
0.204081632653061
0.204081632653061
0.183673469387755
0.163265306122449
0.163265306122449
0.204081632653061
0.183673469387755
0.183673469387755
0.428571428571429
0.448979591836735
0.469387755102041
0.489795918367347
0.775510204081633
0.918367346938776
1
1.02040816326531
1.02040816326531
1.08163265306122
1.16326530612245
1.24489795918367
1.30612244897959
1.46938775510204
1.53061224489796
1.59183673469388
1.71428571428571
1.77551020408163
1.83673469387755
1.95918367346939
1.97959183673469
2.08163265306122
2.16326530612245
2.28571428571429
2.40816326530612
2.44897959183673
2.55102040816327
2.61224489795918
3.14285714285714
3.6530612244898
3.85714285714286
4.06122448979592
4.06122448979592
4.18367346938776
4.22448979591837
4.40816326530612
4.69387755102041
4.93877551020408
4.93877551020408
5.3265306122449
5.44897959183673
5.53061224489796
5.63265306122449
5.93877551020408
5.97959183673469
6.18367346938776
6.28571428571429
6.3469387755102
6.48979591836735
6.28571428571429
6.38775510204082
6.38775510204082
6.38775510204082
6.14285714285714
6.14285714285714
6.24489795918367
6.75510204081633
6.95918367346939
6.95918367346939
6.95918367346939
7.38775510204082
7.51020408163265
7.40816326530612
7.53061224489796
7.6734693877551
7.73469387755102
7.89795918367347
7.97959183673469
7.91836734693878
8.02040816326531
8.08163265306122
8.12244897959184
8.12244897959184
8.12244897959184
8.12244897959184
8.08163265306122
8.08163265306122
7.59183673469388
7.20408163265306
7.10204081632653
7.38775510204082
8.08163265306122
8.08163265306122
8.12244897959184
8.08163265306122
7.95918367346939
7.75510204081633
7.91836734693878
7.55102040816327
7.55102040816327
7.48979591836735
7.48979591836735
7.20408163265306
7.26530612244898
7.12244897959184
7.06122448979592
7.12244897959184
7
7.04081632653061
7.02040816326531
7.16326530612245
7.28571428571429
7.3265306122449
7.30612244897959
7.18367346938776
6.69387755102041
6.53061224489796
6.55102040816327
6.55102040816327
6.10204081632653
5.97959183673469
6.08163265306122
6.02040816326531
5.85714285714286
5.77551020408163
5.69387755102041
5.59183673469388
5.55102040816327
5.46938775510204
5.40816326530612
5.46938775510204
5.46938775510204
5.51020408163265
5.48979591836735
5.53061224489796
5.55102040816327
5.59183673469388
5.53061224489796
5.48979591836735
5.10204081632653
4.51020408163265
4.81632653061224
5.14285714285714
5.20408163265306
5.36734693877551
5.40816326530612
5.3265306122449
5.42857142857143
5.36734693877551
5.48979591836735
5.57142857142857
5.6734693877551
5.73469387755102
5.85714285714286
6.08163265306122
6.08163265306122
6.20408163265306
6.30612244897959
6.3469387755102
6.46938775510204
6.42857142857143
6.44897959183673
6.42857142857143
6.53061224489796
6.53061224489796
6.6530612244898
6.73469387755102
6.69387755102041
6.75510204081633
6.89795918367347
6.77551020408163
6.71428571428571
6.6734693877551
6.77551020408163
6.81632653061224
6.89795918367347
6.97959183673469
7.06122448979592
7.10204081632653
7
6.87755102040816
6.83673469387755
6.91836734693878
6.93877551020408
6.91836734693878
6.89795918367347
6.83673469387755
6.85714285714286
6.87755102040816
6.83673469387755
6.53061224489796
6.18367346938776
6.04081632653061
5.73469387755102
5.73469387755102
5.75510204081633
5.6530612244898
5.61224489795918
5.46938775510204
5.44897959183673
5.40816326530612
5.30612244897959
5.18367346938776
4.91836734693878
4.81632653061224
4.73469387755102
4.57142857142857
4.44897959183673
4.18367346938776
4.14285714285714
4.04081632653061
4.02040816326531
3.87755102040816
3.87755102040816
3.75510204081633
3.59183673469388
3.57142857142857
3.44897959183673
3.24489795918367
3.22448979591837
3.16326530612245
3.16326530612245
2.95918367346939
2.77551020408163
2.6530612244898
2.57142857142857
2.48979591836735
2.3469387755102
2.30612244897959
2.3265306122449
2.22448979591837
2.12244897959184
2.02040816326531
1.95918367346939
1.89795918367347
1.95918367346939
1.93877551020408
1.83673469387755
1.77551020408163
1.6530612244898
1.59183673469388
1.53061224489796
1.51020408163265
1.42857142857143
1.30612244897959
1.26530612244898
1.24489795918367
1.26530612244898
1.08163265306122
1
0.938775510204082
0.877551020408163
0.836734693877551
0.816326530612245
0.755102040816326
0.73469387755102
0.73469387755102
0.73469387755102
0.673469387755102
0.653061224489796
0.571428571428571
0.551020408163265
0.530612244897959
0.510204081632653
0.510204081632653
0.489795918367347
0.489795918367347
0.489795918367347
0.469387755102041
0.469387755102041
0.448979591836735
0.448979591836735
0.448979591836735
0.448979591836735
0.428571428571429
0.387755102040816
0.387755102040816
0.36734693877551
0.346938775510204
0.326530612244898
0.306122448979592
0.306122448979592
0.346938775510204
0.346938775510204
0.285714285714286
0.224489795918367
0.204081632653061
0.204081632653061
0.204081632653061
0.224489795918367
0.285714285714286
0.306122448979592
0.36734693877551
0.36734693877551
0.36734693877551
0.387755102040816
0.36734693877551
0.36734693877551
0.428571428571429
0.469387755102041
0.489795918367347
0.530612244897959
0.551020408163265
0.591836734693878
0.591836734693878
0.591836734693878
0.571428571428571
0.673469387755102
0.755102040816326
0.816326530612245
0.836734693877551
0.836734693877551
0.836734693877551
0.877551020408163
0.938775510204082
0.979591836734694
1.08163265306122
1.12244897959184
1.16326530612245
1.3265306122449
1.42857142857143
1.57142857142857
1.59183673469388
1.71428571428571
1.85714285714286
2.06122448979592
2.24489795918367
2.3265306122449
2.51020408163265
2.61224489795918
2.6530612244898
2.71428571428571
2.81632653061224
2.89795918367347
3
3.16326530612245
3.24489795918367
3.36734693877551
3.36734693877551
3.40816326530612
3.44897959183673
3.53061224489796
3.71428571428571
3.77551020408163
3.77551020408163
3.85714285714286
3.95918367346939
3.91836734693878
3.97959183673469
4.02040816326531
4.10204081632653
4.22448979591837
4.30612244897959
4.48979591836735
4.55102040816327
4.77551020408163
4.83673469387755
4.81632653061224
4.95918367346939
4.97959183673469
5.10204081632653
5.24489795918367
5.46938775510204
5.51020408163265
5.55102040816327
5.48979591836735
5.46938775510204
5.57142857142857
5.55102040816327
5.55102040816327
5.53061224489796
5.55102040816327
5.61224489795918
5.59183673469388
5.48979591836735
5.46938775510204
5.57142857142857
5.63265306122449
5.61224489795918
5.81632653061224
5.89795918367347
5.97959183673469
6.04081632653061
6.20408163265306
6.20408163265306
6.22448979591837
6.28571428571429
6.38775510204082
6.44897959183673
6.51020408163265
6.48979591836735
6.55102040816327
6.6530612244898
6.75510204081633
6.87755102040816
6.81632653061224
6.89795918367347
7.06122448979592
7.12244897959184
7.16326530612245
7.24489795918367
7.3265306122449
7.22448979591837
7.44897959183673
7.36734693877551
7.24489795918367
7.38775510204082
7.30612244897959
7.28571428571429
7.30612244897959
7.20408163265306
7.06122448979592
7.06122448979592
7.12244897959184
7.20408163265306
7.40816326530612
7.3469387755102
7.42857142857143
7.44897959183673
7.48979591836735
7.55102040816327
7.46938775510204
7.51020408163265
7.55102040816327
7.53061224489796
7.44897959183673
7.24489795918367
7.42857142857143
7.24489795918367
7.18367346938776
7.16326530612245
7.14285714285714
7.04081632653061
7.02040816326531
6.97959183673469
6.89795918367347
6.91836734693878
6.87755102040816
6.91836734693878
7.06122448979592
7.14285714285714
7.12244897959184
7.22448979591837
7.28571428571429
7.38775510204082
7.55102040816327
7.48979591836735
7.63265306122449
7.63265306122449
7.55102040816327
7.53061224489796
7.6530612244898
7.57142857142857
7.6530612244898
7.75510204081633
7.73469387755102
7.81632653061224
8.04081632653061
8.02040816326531
8.10204081632653
8.10204081632653
8.14285714285714
8.10204081632653
8.22448979591837
8.10204081632653
8.10204081632653
8.06122448979592
8
7.93877551020408
7.95918367346939
8.02040816326531
8.02040816326531
8
8.02040816326531
8.04081632653061
8.18367346938776
7.95918367346939
8
8.04081632653061
7.93877551020408
7.83673469387755
7.79591836734694
7.73469387755102
7.77551020408163
7.75510204081633
7.69387755102041
7.61224489795918
7.51020408163265
7.3265306122449
7.06122448979592
7
6.81632653061224
6.55102040816327
6.46938775510204
6.24489795918367
6.12244897959184
5.89795918367347
5.73469387755102
5.59183673469388
5.48979591836735
5.3265306122449
5.14285714285714
4.95918367346939
4.83673469387755
4.71428571428571
4.51020408163265
4.30612244897959
4.16326530612245
4.02040816326531
3.93877551020408
3.79591836734694
3.69387755102041
3.51020408163265
3.42857142857143
3.38775510204082
3.24489795918367
3.20408163265306
3.12244897959184
3.08163265306122
2.91836734693878
2.75510204081633
2.63265306122449
2.44897959183673
2.3265306122449
2.16326530612245
2.12244897959184
2
1.83673469387755
1.77551020408163
1.75510204081633
1.63265306122449
1.55102040816327
1.44897959183673
1.36734693877551
1.28571428571429
1.26530612244898
1.22448979591837
1.14285714285714
1.12244897959184
1.02040816326531
0.979591836734694
1
0.938775510204082
0.897959183673469
0.816326530612245
0.775510204081633
0.775510204081633
0.816326530612245
0.775510204081633
0.73469387755102
0.693877551020408
0.653061224489796
0.63265306122449
0.571428571428571
0.571428571428571
0.530612244897959
0.530612244897959
0.530612244897959
0.489795918367347
0.530612244897959
0.551020408163265
0.489795918367347
0.489795918367347
0.448979591836735
0.408163265306122
0.387755102040816
0.387755102040816
0.326530612244898
0.326530612244898
0.326530612244898
0.346938775510204
0.387755102040816
0.387755102040816
0.36734693877551
0.387755102040816
0.387755102040816
0.408163265306122
0.408163265306122
0.408163265306122
0.408163265306122
0.408163265306122
0.448979591836735
0.489795918367347
0.489795918367347
0.469387755102041
0.510204081632653
0.591836734693878
0.591836734693878
0.63265306122449
0.63265306122449
0.693877551020408
0.755102040816326
0.816326530612245
0.857142857142857
0.918367346938776
0.979591836734694
0.979591836734694
1.04081632653061
1.28571428571429
1.38775510204082
1.40816326530612
1.53061224489796
1.55102040816327
1.63265306122449
1.69387755102041
1.73469387755102
1.79591836734694
1.87755102040816
1.87755102040816
1.87755102040816
1.95918367346939
1.97959183673469
2.02040816326531
2.08163265306122
2.26530612244898
2.30612244897959
2.51020408163265
2.63265306122449
2.73469387755102
2.79591836734694
2.81632653061224
2.89795918367347
2.93877551020408
3.04081632653061
3.06122448979592
3.10204081632653
3.20408163265306
3.24489795918367
3.28571428571429
3.36734693877551
3.46938775510204
3.55102040816327
3.63265306122449
3.73469387755102
3.77551020408163
3.81632653061224
3.87755102040816
3.91836734693878
4.06122448979592
4.18367346938776
4.26530612244898
4.30612244897959
4.36734693877551
4.42857142857143
4.51020408163265
4.55102040816327
4.53061224489796
4.48979591836735
4.53061224489796
4.59183673469388
4.63265306122449
4.79591836734694
4.89795918367347
5
5.08163265306122
5.12244897959184
5.10204081632653
5.14285714285714
5.20408163265306
5.26530612244898
5.3469387755102
5.40816326530612
5.44897959183673
5.38775510204082
5.36734693877551
5.22448979591837
5.30612244897959
5.3265306122449
5.28571428571429
5.44897959183673
5.55102040816327
5.61224489795918
5.59183673469388
5.79591836734694
5.83673469387755
5.93877551020408
6.08163265306122
6.22448979591837
6.3469387755102
6.30612244897959
6.24489795918367
6.30612244897959
6.3265306122449
6.40816326530612
6.57142857142857
6.6734693877551
6.77551020408163
6.79591836734694
6.69387755102041
6.75510204081633
6.81632653061224
6.79591836734694
6.83673469387755
6.87755102040816
6.91836734693878
6.93877551020408
6.89795918367347
6.89795918367347
6.97959183673469
6.89795918367347
6.77551020408163
6.6734693877551
6.71428571428571
6.77551020408163
6.69387755102041
6.79591836734694
6.81632653061224
6.89795918367347
6.83673469387755
6.85714285714286
6.91836734693878
6.97959183673469
6.91836734693878
7.08163265306122
7.22448979591837
7.08163265306122
7.06122448979592
7.20408163265306
7.10204081632653
7.04081632653061
7.16326530612245
7.22448979591837
7.14285714285714
7.26530612244898
7.20408163265306
7.20408163265306
7.12244897959184
7.04081632653061
7.18367346938776
7.38775510204082
7.44897959183673
7.48979591836735
7.42857142857143
7.3265306122449
7.36734693877551
7.48979591836735
7.55102040816327
7.51020408163265
7.38775510204082
7.46938775510204
7.57142857142857
7.48979591836735
7.57142857142857
7.63265306122449
7.69387755102041
7.75510204081633
7.89795918367347
7.93877551020408
8.02040816326531
8.14285714285714
8.36734693877551
8.30612244897959
8.30612244897959
8.46938775510204
8.55102040816327
8.71428571428571
8.69387755102041
8.75510204081633
8.79591836734694
8.81632653061224
8.73469387755102
8.81632653061224
8.79591836734694
8.6734693877551
8.73469387755102
8.81632653061224
8.71428571428571
8.81632653061224
8.77551020408163
8.61224489795918
8.46938775510204
8.38775510204082
8.22448979591837
8.12244897959184
8.08163265306122
8.04081632653061
8
7.77551020408163
7.55102040816327
7.38775510204082
7.26530612244898
7.18367346938776
7.14285714285714
6.91836734693878
6.61224489795918
6.42857142857143
6.42857142857143
6.36734693877551
6.16326530612245
6
5.97959183673469
5.73469387755102
5.59183673469388
5.42857142857143
5.22448979591837
4.97959183673469
4.77551020408163
4.61224489795918
4.42857142857143
4.12244897959184
4
3.85714285714286
3.71428571428571
3.46938775510204
3.20408163265306
3.08163265306122
2.95918367346939
2.79591836734694
2.61224489795918
2.55102040816327
2.40816326530612
2.22448979591837
2.12244897959184
2.02040816326531
1.83673469387755
1.75510204081633
1.53061224489796
1.44897959183673
1.40816326530612
1.38775510204082
1.3469387755102
1.28571428571429
1.24489795918367
1.12244897959184
1.06122448979592
1
0.979591836734694
0.938775510204082
0.897959183673469
0.857142857142857
0.816326530612245
0.693877551020408
0.673469387755102
0.673469387755102
0.63265306122449
0.571428571428571
0.551020408163265
0.510204081632653
0.489795918367347
0.428571428571429
0.408163265306122
0.36734693877551
0.36734693877551
0.346938775510204
0.306122448979592
0.326530612244898
0.326530612244898
0.326530612244898
0.326530612244898
0.306122448979592
0.26530612244898
0.224489795918367
0.224489795918367
0.224489795918367
0.204081632653061
0.183673469387755
0.163265306122449
0.163265306122449
0.142857142857143
0.163265306122449
0.163265306122449
0.163265306122449
0.142857142857143
0.142857142857143
0.142857142857143
0.142857142857143
0.142857142857143
0.142857142857143
0.142857142857143
0.122448979591837
0.122448979591837
0.122448979591837
0.102040816326531
0.102040816326531
0.183673469387755
0.204081632653061
0.306122448979592
0.428571428571429
0.653061224489796
1.28571428571429
1.36734693877551
1.38775510204082
1.38775510204082
1.40816326530612
1.46938775510204
1.46938775510204
1.57142857142857
1.61224489795918
1.75510204081633
1.83673469387755
1.89795918367347
1.93877551020408
1.97959183673469
2.04081632653061
2.08163265306122
2.16326530612245
2.3469387755102
2.40816326530612
2.42857142857143
2.46938775510204
2.51020408163265
2.59183673469388
2.61224489795918
2.69387755102041
2.81632653061224
2.93877551020408
3
3.06122448979592
3.06122448979592
3.20408163265306
3.61224489795918
3.71428571428571
3.85714285714286
4.44897959183673
4.55102040816327
4.63265306122449
4.73469387755102
4.83673469387755
4.91836734693878
5.10204081632653
5.18367346938776
5.26530612244898
5.40816326530612
5.38775510204082
5.44897959183673
5.36734693877551
5.3265306122449
5.28571428571429
4.75510204081633
5.10204081632653
5.30612244897959
5.40816326530612
5.48979591836735
5.55102040816327
5.6734693877551
5.59183673469388
5.59183673469388
5.57142857142857
5.51020408163265
5.53061224489796
5.59183673469388
5.59183673469388
5.69387755102041
5.69387755102041
5.69387755102041
5.61224489795918
5.63265306122449
5.6734693877551
5.69387755102041
5.79591836734694
5.73469387755102
5.77551020408163
5.75510204081633
5.93877551020408
6.16326530612245
6.69387755102041
6.71428571428571
6.79591836734694
6.85714285714286
6.46938775510204
6.44897959183673
6.42857142857143
5.95918367346939
5.97959183673469
6.14285714285714
6.20408163265306
6.40816326530612
6.63265306122449
6.63265306122449
6.69387755102041
6.77551020408163
6.75510204081633
6.77551020408163
6.75510204081633
6.83673469387755
6.89795918367347
6.87755102040816
6.87755102040816
6.59183673469388
6.53061224489796
6.55102040816327
6.55102040816327
7.04081632653061
7
7.18367346938776
7.3265306122449
7.44897959183673
7.73469387755102
8.22448979591837
8.3265306122449
8.46938775510204
8.48979591836735
8.51020408163265
8.53061224489796
8.53061224489796
8.55102040816327
8.57142857142857
8.63265306122449
8.53061224489796
8.55102040816327
8.59183673469388
8.63265306122449
8.36734693877551
8.12244897959184
7.69387755102041
7.87755102040816
7.91836734693878
7.79591836734694
7.93877551020408
8.3469387755102
8.3469387755102
8.38775510204082
8.46938775510204
8.36734693877551
8.20408163265306
7.97959183673469
7.85714285714286
7.69387755102041
7.6734693877551
7.73469387755102
7.69387755102041
7.69387755102041
7.83673469387755
7.87755102040816
7.85714285714286
7.81632653061224
7.83673469387755
7.83673469387755
7.75510204081633
7.77551020408163
7.81632653061224
7.3469387755102
7.3265306122449
7.20408163265306
7.20408163265306
7.12244897959184
7.04081632653061
6.57142857142857
6.51020408163265
6.38775510204082
6.3469387755102
6.46938775510204
6.53061224489796
6.59183673469388
6.55102040816327
6.57142857142857
6.59183673469388
6.71428571428571
6.87755102040816
6.93877551020408
7.06122448979592
7.12244897959184
7.16326530612245
7.20408163265306
7.04081632653061
6.93877551020408
6.89795918367347
6.83673469387755
6.40816326530612
6.40816326530612
6.3469387755102
6.22448979591837
6.18367346938776
6.24489795918367
6.22448979591837
6.10204081632653
6.14285714285714
6.16326530612245
6.04081632653061
6.02040816326531
5.97959183673469
5.83673469387755
5.69387755102041
5.6734693877551
5.59183673469388
5.55102040816327
5.42857142857143
5.40816326530612
5.40816326530612
5.26530612244898
5.16326530612245
5.12244897959184
5.10204081632653
4.95918367346939
4.85714285714286
4.6734693877551
4.59183673469388
4.48979591836735
4.53061224489796
4.38775510204082
4.20408163265306
4.08163265306122
3.91836734693878
3.85714285714286
3.77551020408163
3.63265306122449
3.51020408163265
3.30612244897959
3.14285714285714
2.91836734693878
2.81632653061224
2.6734693877551
2.48979591836735
2.40816326530612
2.38775510204082
2.36734693877551
2.26530612244898
2.20408163265306
2.08163265306122
2.02040816326531
1.93877551020408
1.83673469387755
1.75510204081633
1.69387755102041
1.6530612244898
1.61224489795918
1.46938775510204
1.36734693877551
1.30612244897959
1.24489795918367
1.18367346938776
1.18367346938776
1.08163265306122
1.04081632653061
0.959183673469388
0.918367346938776
0.857142857142857
0.73469387755102
0.73469387755102
0.693877551020408
0.673469387755102
0.612244897959184
0.571428571428571
0.510204081632653
0.489795918367347
0.489795918367347
0.448979591836735
0.36734693877551
0.387755102040816
0.36734693877551
0.326530612244898
0.346938775510204
0.346938775510204
0.346938775510204
0.36734693877551
0.36734693877551
0.36734693877551
0.36734693877551
0.36734693877551
0.36734693877551
0.387755102040816
0.387755102040816
0.387755102040816
0.408163265306122
0.387755102040816
0.387755102040816
0.428571428571429
0.448979591836735
0.408163265306122
0.428571428571429
0.469387755102041
0.551020408163265
0.571428571428571
0.551020408163265
0.551020408163265
0.591836734693878
0.63265306122449
0.653061224489796
0.673469387755102
0.714285714285714
0.755102040816326
0.795918367346939
0.897959183673469
1
1.02040816326531
1.08163265306122
1.16326530612245
1.24489795918367
1.24489795918367
1.26530612244898
1.3265306122449
1.38775510204082
1.42857142857143
1.55102040816327
1.57142857142857
1.6530612244898
1.73469387755102
1.83673469387755
1.89795918367347
2.04081632653061
2.10204081632653
2.18367346938776
2.28571428571429
2.36734693877551
2.48979591836735
2.63265306122449
2.81632653061224
2.93877551020408
3.30612244897959
3.42857142857143
3.51020408163265
3.6530612244898
3.69387755102041
3.71428571428571
3.77551020408163
3.93877551020408
4.04081632653061
4.20408163265306
4.24489795918367
4.28571428571429
4.28571428571429
4.3469387755102
4.53061224489796
4.59183673469388
4.75510204081633
4.81632653061224
4.91836734693878
5.04081632653061
5.12244897959184
5.24489795918367
5.30612244897959
5.3469387755102
5.3469387755102
5.44897959183673
5.44897959183673
5.40816326530612
5.42857142857143
5.59183673469388
5.6734693877551
5.75510204081633
5.79591836734694
5.81632653061224
5.83673469387755
5.87755102040816
5.91836734693878
5.93877551020408
5.97959183673469
6.06122448979592
6.06122448979592
6.16326530612245
6.22448979591837
6.18367346938776
6.20408163265306
6.18367346938776
6.14285714285714
6.12244897959184
6.08163265306122
5.79591836734694
5.79591836734694
5.73469387755102
5.69387755102041
5.69387755102041
5.81632653061224
5.91836734693878
5.83673469387755
5.77551020408163
5.6734693877551
5.69387755102041
5.77551020408163
5.83673469387755
5.97959183673469
5.93877551020408
6.04081632653061
5.93877551020408
6.10204081632653
6.12244897959184
6.18367346938776
6.22448979591837
6.16326530612245
6.16326530612245
6.26530612244898
6.22448979591837
6.30612244897959
6.42857142857143
6.44897959183673
6.44897959183673
6.42857142857143
6.40816326530612
6.38775510204082
6.40816326530612
6.46938775510204
6.40816326530612
6.51020408163265
6.57142857142857
6.57142857142857
6.53061224489796
6.59183673469388
6.57142857142857
6.57142857142857
6.59183673469388
6.61224489795918
6.55102040816327
6.61224489795918
6.57142857142857
6.61224489795918
6.6734693877551
6.83673469387755
6.87755102040816
6.91836734693878
6.89795918367347
6.97959183673469
7
7
6.95918367346939
7.12244897959184
7.16326530612245
7.44897959183673
7.63265306122449
7.63265306122449
7.53061224489796
7.51020408163265
7.48979591836735
7.48979591836735
7.51020408163265
7.53061224489796
7.55102040816327
7.48979591836735
7.61224489795918
7.75510204081633
7.63265306122449
7.79591836734694
7.77551020408163
7.85714285714286
8.04081632653061
8.12244897959184
8.14285714285714
8.18367346938776
8.22448979591837
8.30612244897959
8.3265306122449
8.46938775510204
8.3469387755102
8.3265306122449
8.36734693877551
8.44897959183673
8.44897959183673
8.53061224489796
8.44897959183673
8.36734693877551
8.40816326530612
8.57142857142857
8.53061224489796
8.63265306122449
8.53061224489796
8.51020408163265
8.3469387755102
8.3469387755102
8.30612244897959
8.36734693877551
8.3469387755102
8.3265306122449
8.30612244897959
8.3469387755102
8.20408163265306
8.22448979591837
7.91836734693878
7.73469387755102
7.6530612244898
7.6530612244898
7.55102040816327
7.46938775510204
7.42857142857143
7.18367346938776
7.04081632653061
6.85714285714286
6.77551020408163
6.61224489795918
6.40816326530612
6.30612244897959
6.12244897959184
5.97959183673469
5.75510204081633
5.48979591836735
5.3265306122449
5.18367346938776
5.08163265306122
4.93877551020408
4.73469387755102
4.61224489795918
4.36734693877551
4.3265306122449
4.18367346938776
4.04081632653061
3.83673469387755
3.6530612244898
3.44897959183673
3.38775510204082
3.3265306122449
3.18367346938776
2.97959183673469
2.81632653061224
2.6530612244898
2.57142857142857
2.44897959183673
2.38775510204082
2.20408163265306
2.18367346938776
2.04081632653061
1.91836734693878
1.77551020408163
1.63265306122449
1.51020408163265
1.44897959183673
1.3469387755102
1.28571428571429
1.12244897959184
1.06122448979592
0.938775510204082
0.918367346938776
0.836734693877551
0.775510204081633
0.73469387755102
0.714285714285714
0.673469387755102
0.653061224489796
0.591836734693878
0.551020408163265
0.530612244897959
0.489795918367347
0.448979591836735
0.408163265306122
0.408163265306122
0.387755102040816
0.36734693877551
0.346938775510204
0.346938775510204
0.387755102040816
0.387755102040816
0.387755102040816
0.36734693877551
0.36734693877551
0.346938775510204
0.346938775510204
0.346938775510204
0.346938775510204
0.346938775510204
0.326530612244898
0.326530612244898
0.326530612244898
0.346938775510204
0.346938775510204
0.428571428571429
0.448979591836735
0.448979591836735
0.469387755102041
0.469387755102041
0.448979591836735
0.489795918367347
0.510204081632653
0.510204081632653
0.571428571428571
0.591836734693878
0.63265306122449
0.693877551020408
0.795918367346939
0.816326530612245
0.897959183673469
0.938775510204082
1
1.02040816326531
1.06122448979592
1.10204081632653
1.18367346938776
1.22448979591837
1.38775510204082
1.53061224489796
1.63265306122449
1.69387755102041
1.83673469387755
1.93877551020408
2
2.14285714285714
2.16326530612245
2.24489795918367
2.36734693877551
2.53061224489796
2.61224489795918
2.75510204081633
2.91836734693878
2.93877551020408
3.02040816326531
3.10204081632653
3.26530612244898
3.38775510204082
3.38775510204082
3.44897959183673
3.46938775510204
3.55102040816327
3.63265306122449
3.81632653061224
3.83673469387755
3.83673469387755
3.87755102040816
3.91836734693878
4
4.20408163265306
4.24489795918367
4.3469387755102
4.44897959183673
4.51020408163265
4.53061224489796
4.57142857142857
4.6530612244898
4.69387755102041
4.83673469387755
4.85714285714286
4.91836734693878
4.95918367346939
4.97959183673469
5.02040816326531
5.14285714285714
5.24489795918367
5.30612244897959
5.30612244897959
5.3469387755102
5.40816326530612
5.59183673469388
5.6530612244898
5.6734693877551
5.79591836734694
5.89795918367347
6
6.04081632653061
6
5.91836734693878
6
6.02040816326531
5.93877551020408
6
6.14285714285714
6.3469387755102
6.30612244897959
6.3265306122449
6.44897959183673
6.6530612244898
6.75510204081633
6.85714285714286
6.89795918367347
6.87755102040816
6.81632653061224
7
7.08163265306122
7.14285714285714
7.16326530612245
7.14285714285714
7.16326530612245
7.22448979591837
7.30612244897959
7.38775510204082
7.46938775510204
7.51020408163265
7.53061224489796
7.53061224489796
7.53061224489796
7.63265306122449
7.71428571428571
7.6530612244898
7.73469387755102
7.71428571428571
7.61224489795918
7.55102040816327
7.6734693877551
7.59183673469388
7.63265306122449
7.6530612244898
7.51020408163265
7.48979591836735
7.77551020408163
7.77551020408163
7.6734693877551
7.69387755102041
7.69387755102041
7.73469387755102
7.69387755102041
7.63265306122449
7.53061224489796
7.48979591836735
7.57142857142857
7.44897959183673
7.18367346938776
7.10204081632653
6.97959183673469
7.10204081632653
7
7
7.02040816326531
6.91836734693878
6.85714285714286
6.97959183673469
6.91836734693878
6.87755102040816
6.83673469387755
6.93877551020408
6.89795918367347
7
6.93877551020408
6.85714285714286
6.91836734693878
6.93877551020408
6.95918367346939
6.97959183673469
6.95918367346939
7.04081632653061
6.93877551020408
6.97959183673469
7.08163265306122
7.16326530612245
7.3469387755102
7.42857142857143
7.42857142857143
7.3265306122449
7.51020408163265
7.59183673469388
7.59183673469388
7.77551020408163
7.75510204081633
7.51020408163265
7.44897959183673
7.51020408163265
7.61224489795918
7.69387755102041
7.6734693877551
7.69387755102041
7.75510204081633
7.77551020408163
7.89795918367347
7.91836734693878
7.97959183673469
8.06122448979592
8.14285714285714
8.30612244897959
8.12244897959184
7.97959183673469
7.97959183673469
7.93877551020408
8.04081632653061
8.04081632653061
8.04081632653061
7.93877551020408
7.95918367346939
8.10204081632653
7.93877551020408
7.83673469387755
7.6530612244898
7.6530612244898
7.61224489795918
7.36734693877551
7.26530612244898
7.12244897959184
6.93877551020408
6.81632653061224
6.61224489795918
6.55102040816327
6.3469387755102
6.24489795918367
6.12244897959184
5.89795918367347
5.75510204081633
5.6530612244898
5.59183673469388
5.3265306122449
5.08163265306122
4.89795918367347
4.61224489795918
4.51020408163265
4.36734693877551
4.24489795918367
4.04081632653061
3.79591836734694
3.61224489795918
3.48979591836735
3.38775510204082
3.20408163265306
3.12244897959184
2.95918367346939
2.75510204081633
2.59183673469388
2.48979591836735
2.36734693877551
2.18367346938776
2.08163265306122
2.08163265306122
1.95918367346939
1.77551020408163
1.63265306122449
1.55102040816327
1.36734693877551
1.3469387755102
1.22448979591837
1
0.938775510204082
0.897959183673469
0.857142857142857
0.73469387755102
0.673469387755102
0.653061224489796
0.591836734693878
0.612244897959184
0.612244897959184
0.63265306122449
0.591836734693878
0.551020408163265
0.530612244897959
0.489795918367347
0.408163265306122
0.408163265306122
0.408163265306122
0.387755102040816
0.326530612244898
0.326530612244898
0.26530612244898
0.285714285714286
0.285714285714286
0.224489795918367
0.204081632653061
0.204081632653061
0.244897959183673
0.244897959183673
0.224489795918367
0.224489795918367
0.244897959183673
0.244897959183673
0.244897959183673
0.26530612244898
0.26530612244898
0.285714285714286
0.285714285714286
0.26530612244898
0.26530612244898
0.26530612244898
0.26530612244898
0.26530612244898
0.26530612244898
0.26530612244898
0.26530612244898
0.306122448979592
0.306122448979592
0.326530612244898
0.326530612244898
0.346938775510204
0.36734693877551
0.408163265306122
0.448979591836735
0.448979591836735
0.571428571428571
0.775510204081633
0.897959183673469
1.10204081632653
1.3265306122449
1.46938775510204
1.6530612244898
1.77551020408163
1.91836734693878
2
2.16326530612245
2.18367346938776
2.20408163265306
2.28571428571429
2.38775510204082
2.59183673469388
2.71428571428571
2.89795918367347
3.16326530612245
3.71428571428571
3.83673469387755
4
4.16326530612245
4.24489795918367
4.3469387755102
4.44897959183673
4.48979591836735
4.63265306122449
4.6530612244898
4.69387755102041
4.79591836734694
4.87755102040816
4.95918367346939
4.97959183673469
5.04081632653061
5.12244897959184
5.20408163265306
5.22448979591837
5.3265306122449
5.3469387755102
5.36734693877551
5.42857142857143
5.48979591836735
5.57142857142857
5.6734693877551
5.71428571428571
5.77551020408163
5.83673469387755
5.95918367346939
6
5.89795918367347
5.93877551020408
5.83673469387755
5.73469387755102
5.73469387755102
5.6734693877551
5.6530612244898
5.63265306122449
5.71428571428571
5.63265306122449
5.6734693877551
5.75510204081633
5.93877551020408
6.04081632653061
5.93877551020408
5.85714285714286
5.79591836734694
5.6734693877551
5.18367346938776
5.18367346938776
5.10204081632653
5.12244897959184
5.14285714285714
5.14285714285714
5.24489795918367
5.3469387755102
5.3469387755102
5.46938775510204
5.61224489795918
5.57142857142857
5.53061224489796
5.81632653061224
5.89795918367347
6.08163265306122
6.04081632653061
6.04081632653061
6.12244897959184
6.18367346938776
6.30612244897959
6.30612244897959
6.48979591836735
6.6734693877551
6.85714285714286
6.87755102040816
7
7.18367346938776
7.3469387755102
7.3469387755102
7.28571428571429
7.44897959183673
7.42857142857143
7.46938775510204
7.48979591836735
7.44897959183673
7.38775510204082
7.48979591836735
7.51020408163265
7.44897959183673
7.46938775510204
7.57142857142857
7.48979591836735
7.30612244897959
7.18367346938776
7.18367346938776
7.24489795918367
7.28571428571429
7.18367346938776
7.20408163265306
7.12244897959184
7.18367346938776
7.04081632653061
7.04081632653061
7.06122448979592
7.06122448979592
7.06122448979592
7.02040816326531
6.91836734693878
6.83673469387755
7.02040816326531
7.08163265306122
6.79591836734694
6.79591836734694
6.63265306122449
6.77551020408163
6.87755102040816
6.93877551020408
7.12244897959184
7.14285714285714
7.26530612244898
7.22448979591837
7.16326530612245
7.06122448979592
7.12244897959184
7.10204081632653
7.02040816326531
7.04081632653061
7.10204081632653
7.22448979591837
7.16326530612245
7.20408163265306
7.30612244897959
7.3265306122449
7.42857142857143
7.55102040816327
7.48979591836735
7.59183673469388
7.69387755102041
7.75510204081633
7.89795918367347
8.14285714285714
8.3265306122449
8.3469387755102
8.42857142857143
8.53061224489796
8.59183673469388
8.79591836734694
8.79591836734694
8.89795918367347
8.79591836734694
8.89795918367347
8.91836734693878
8.93877551020408
8.85714285714286
8.77551020408163
8.85714285714286
8.93877551020408
8.95918367346939
8.89795918367347
8.87755102040816
8.95918367346939
9.02040816326531
9
8.95918367346939
8.87755102040816
8.73469387755102
8.48979591836735
8.3469387755102
8.26530612244898
8.14285714285714
8.10204081632653
8.02040816326531
7.87755102040816
7.83673469387755
7.6734693877551
7.46938775510204
7.3265306122449
7.16326530612245
7.02040816326531
6.79591836734694
6.57142857142857
6.42857142857143
6.30612244897959
6.18367346938776
6.14285714285714
5.93877551020408
5.77551020408163
5.59183673469388
5.28571428571429
5.04081632653061
4.77551020408163
4.71428571428571
4.55102040816327
4.3265306122449
4.16326530612245
3.91836734693878
3.85714285714286
3.75510204081633
3.6734693877551
3.53061224489796
3.42857142857143
3.30612244897959
3.16326530612245
3.10204081632653
2.91836734693878
2.77551020408163
2.6530612244898
2.44897959183673
2.36734693877551
2.20408163265306
2.04081632653061
1.97959183673469
1.83673469387755
1.73469387755102
1.71428571428571
1.61224489795918
1.57142857142857
1.46938775510204
1.38775510204082
1.22448979591837
1.14285714285714
1.08163265306122
0.959183673469388
0.918367346938776
0.836734693877551
0.795918367346939
0.755102040816326
0.693877551020408
0.693877551020408
0.673469387755102
0.673469387755102
0.591836734693878
0.551020408163265
0.448979591836735
0.408163265306122
0.36734693877551
0.36734693877551
0.36734693877551
0.36734693877551
0.36734693877551
0.326530612244898
0.326530612244898
0.346938775510204
0.285714285714286
0.285714285714286
0.285714285714286
0.26530612244898
0.26530612244898
0.26530612244898
0.244897959183673
0.224489795918367
0.244897959183673
0.244897959183673
0.244897959183673
0.26530612244898
0.285714285714286
0.326530612244898
0.346938775510204
0.36734693877551
0.408163265306122
0.469387755102041
0.530612244897959
0.530612244897959
0.653061224489796
0.714285714285714
0.73469387755102
0.836734693877551
0.938775510204082
1
1.06122448979592
1.10204081632653
1.16326530612245
1.24489795918367
1.26530612244898
1.44897959183673
1.46938775510204
1.48979591836735
1.53061224489796
1.59183673469388
1.61224489795918
1.73469387755102
1.79591836734694
1.89795918367347
1.95918367346939
2.02040816326531
2.10204081632653
2.16326530612245
2.24489795918367
2.51020408163265
2.6530612244898
2.81632653061224
2.95918367346939
3.18367346938776
3.3469387755102
3.55102040816327
3.69387755102041
3.77551020408163
3.91836734693878
4.02040816326531
4.12244897959184
4.18367346938776
4.28571428571429
4.38775510204082
4.51020408163265
4.61224489795918
4.69387755102041
4.81632653061224
4.89795918367347
4.89795918367347
4.89795918367347
4.93877551020408
5
4.97959183673469
5.04081632653061
5.14285714285714
5.20408163265306
5.22448979591837
5.3265306122449
5.3469387755102
5.69387755102041
5.79591836734694
5.81632653061224
5.93877551020408
5.93877551020408
6.12244897959184
6.22448979591837
6.26530612244898
6.36734693877551
6.53061224489796
6.59183673469388
6.71428571428571
6.81632653061224
6.91836734693878
6.93877551020408
7.04081632653061
7.20408163265306
7.24489795918367
7.06122448979592
7.06122448979592
6.95918367346939
6.91836734693878
6.95918367346939
6.95918367346939
6.95918367346939
6.87755102040816
6.89795918367347
6.89795918367347
7.06122448979592
7.14285714285714
7.18367346938776
7.14285714285714
7.22448979591837
7.28571428571429
7.26530612244898
7.3469387755102
7.44897959183673
7.51020408163265
7.53061224489796
7.69387755102041
7.6734693877551
7.87755102040816
7.85714285714286
8.04081632653061
8.08163265306122
8.12244897959184
8.10204081632653
8.14285714285714
8.20408163265306
8
8
8.06122448979592
7.97959183673469
7.81632653061224
7.75510204081633
7.81632653061224
7.89795918367347
7.97959183673469
7.85714285714286
7.85714285714286
7.91836734693878
7.81632653061224
7.77551020408163
7.87755102040816
7.91836734693878
7.75510204081633
7.79591836734694
7.77551020408163
7.85714285714286
7.93877551020408
7.97959183673469
7.81632653061224
7.83673469387755
7.75510204081633
7.81632653061224
7.93877551020408
7.89795918367347
7.73469387755102
7.77551020408163
7.81632653061224
7.97959183673469
7.97959183673469
7.91836734693878
7.97959183673469
7.95918367346939
7.83673469387755
7.83673469387755
7.91836734693878
7.83673469387755
7.95918367346939
7.95918367346939
8.12244897959184
7.97959183673469
8.02040816326531
8.06122448979592
7.97959183673469
7.95918367346939
8.02040816326531
8.02040816326531
8.18367346938776
8.16326530612245
8.42857142857143
8.63265306122449
8.83673469387755
8.75510204081633
8.79591836734694
8.77551020408163
8.69387755102041
8.71428571428571
8.57142857142857
8.75510204081633
8.77551020408163
8.83673469387755
8.83673469387755
8.93877551020408
9.02040816326531
9.10204081632653
9.16326530612245
9.14285714285714
9.06122448979592
9.10204081632653
9.08163265306122
9.16326530612245
9.24489795918367
9.18367346938776
9.20408163265306
9.18367346938776
9.04081632653061
9.02040816326531
8.93877551020408
8.93877551020408
8.91836734693878
8.81632653061224
8.77551020408163
8.81632653061224
8.75510204081633
8.69387755102041
