0
0
0
0
0
0
0
0
0
0
0
0
0
0
0
0
0
0
0
0
0
0
0
0
0
0
0
0
0
0
0
0
0
0
0
0
0
0
0
0
0
0
0
0
0
0
1.63829787234043
1.59574468085106
1.51063829787234
1.42553191489362
1.36170212765957
1.36170212765957
1.34042553191489
1.29787234042553
1.17021276595745
1.08510638297872
1
0.936170212765957
0.808510638297872
0.702127659574468
0.680851063829787
0.680851063829787
0.617021276595745
0.617021276595745
0.617021276595745
0.595744680851064
0.574468085106383
0.531914893617021
0.48936170212766
0.468085106382979
0.468085106382979
0.446808510638298
0.425531914893617
0.425531914893617
0.404255319148936
0.404255319148936
0.382978723404255
0.382978723404255
0.382978723404255
0.361702127659574
0.340425531914894
0.297872340425532
0.276595744680851
0.276595744680851
0.297872340425532
0.276595744680851
0.276595744680851
0.276595744680851
0.276595744680851
0.276595744680851
0.319148936170213
0.361702127659574
0.425531914893617
0.404255319148936
0.382978723404255
0.404255319148936
0.468085106382979
0.468085106382979
0.468085106382979
0.531914893617021
0.553191489361702
0.574468085106383
0.617021276595745
0.595744680851064
0.617021276595745
0.659574468085106
0.638297872340426
0.659574468085106
0.74468085106383
0.74468085106383
0.765957446808511
0.808510638297872
0.872340425531915
0.914893617021277
1
1.04255319148936
1.12765957446809
1.23404255319149
1.31914893617021
1.40425531914894
1.4468085106383
1.59574468085106
1.74468085106383
1.87234042553191
1.97872340425532
2.02127659574468
2.1063829787234
2.1063829787234
2.19148936170213
2.21276595744681
2.34042553191489
2.38297872340426
2.46808510638298
2.57446808510638
2.72340425531915
2.82978723404255
2.95744680851064
3.06382978723404
3.17021276595745
3.19148936170213
3.31914893617021
3.34042553191489
3.42553191489362
3.5531914893617
3.59574468085106
3.57446808510638
3.57446808510638
3.70212765957447
3.76595744680851
3.85106382978723
3.8936170212766
3.97872340425532
4.06382978723404
4.19148936170213
4.27659574468085
4.31914893617021
4.42553191489362
4.4468085106383
4.57446808510638
4.74468085106383
4.82978723404255
4.8936170212766
4.93617021276596
5.06382978723404
5.06382978723404
5.19148936170213
5.21276595744681
5.42553191489362
5.29787234042553
5.38297872340426
5.31914893617021
5.36170212765957
5.40425531914894
5.4468085106383
5.57446808510638
5.65957446808511
5.76595744680851
5.74468085106383
5.85106382978723
6.1063829787234
6.34042553191489
6.38297872340426
6.46808510638298
6.48936170212766
6.46808510638298
6.48936170212766
6.5531914893617
6.5531914893617
6.65957446808511
6.70212765957447
6.61702127659574
6.80851063829787
6.8936170212766
7
7.12765957446809
7.27659574468085
7.34042553191489
7.48936170212766
7.57446808510638
7.63829787234043
7.78723404255319
7.74468085106383
7.76595744680851
8
8.21276595744681
8.14893617021277
8.02127659574468
8.02127659574468
8
8.06382978723404
7.91489361702128
7.8936170212766
7.76595744680851
7.80851063829787
7.65957446808511
7.8936170212766
7.80851063829787
7.91489361702128
7.91489361702128
7.93617021276596
7.93617021276596
7.91489361702128
7.8936170212766
7.82978723404255
7.78723404255319
7.68085106382979
7.63829787234043
7.5531914893617
7.51063829787234
7.38297872340426
7.34042553191489
7.36170212765957
7.25531914893617
7.25531914893617
7.36170212765957
7.42553191489362
7.38297872340426
7.48936170212766
7.40425531914894
7.65957446808511
7.70212765957447
7.5531914893617
7.48936170212766
7.38297872340426
7.4468085106383
7.38297872340426
7.34042553191489
7.19148936170213
7.31914893617021
7.38297872340426
7.1063829787234
7.02127659574468
7.02127659574468
7.08510638297872
7.1063829787234
7.1063829787234
7.08510638297872
7.08510638297872
7.04255319148936
7.12765957446809
7.06382978723404
7.08510638297872
7.04255319148936
7
6.93617021276596
6.8936170212766
6.85106382978723
6.74468085106383
6.74468085106383
6.70212765957447
6.68085106382979
6.65957446808511
6.63829787234043
6.40425531914894
6.19148936170213
6.1063829787234
6.12765957446809
6.1063829787234
6.08510638297872
6.08510638297872
6.04255319148936
5.85106382978723
5.72340425531915
5.61702127659574
5.46808510638298
5.34042553191489
5.04255319148936
4.82978723404255
4.74468085106383
4.61702127659574
4.65957446808511
4.46808510638298
4.38297872340426
4.29787234042553
4.23404255319149
4.08510638297872
3.91489361702128
3.87234042553191
3.78723404255319
3.70212765957447
3.53191489361702
3.40425531914894
3.29787234042553
3.17021276595745
3.12765957446809
3.08510638297872
2.95744680851064
2.91489361702128
2.80851063829787
2.59574468085106
2.48936170212766
2.38297872340426
2.29787234042553
2.21276595744681
2.19148936170213
2.06382978723404
1.97872340425532
1.93617021276596
1.8936170212766
1.87234042553191
1.82978723404255
1.78723404255319
1.74468085106383
1.63829787234043
1.5531914893617
1.40425531914894
1.34042553191489
1.27659574468085
1.25531914893617
1.21276595744681
1.21276595744681
1.17021276595745
1.17021276595745
1.12765957446809
1.12765957446809
1.08510638297872
1.04255319148936
0.936170212765957
0.872340425531915
0.829787234042553
0.787234042553192
0.723404255319149
0.680851063829787
0.638297872340426
0.617021276595745
0.531914893617021
0.51063829787234
0.51063829787234
0.48936170212766
0.468085106382979
0.468085106382979
0.446808510638298
0.446808510638298
0.404255319148936
0.361702127659574
0.361702127659574
0.361702127659574
0.361702127659574
0.361702127659574
0.340425531914894
0.340425531914894
0.361702127659574
0.361702127659574
0.340425531914894
0.361702127659574
0.319148936170213
0.297872340425532
0.276595744680851
0.276595744680851
0.25531914893617
0.25531914893617
0.25531914893617
0.25531914893617
0.276595744680851
0.234042553191489
0.212765957446809
0.191489361702128
0.191489361702128
0.170212765957447
0.148936170212766
0.170212765957447
0.212765957446809
0.234042553191489
0.234042553191489
0.276595744680851
0.340425531914894
0.361702127659574
0.382978723404255
0.404255319148936
0.468085106382979
0.48936170212766
0.51063829787234
0.765957446808511
0.851063829787234
0.978723404255319
1
1.04255319148936
1.1063829787234
1.1063829787234
1.19148936170213
1.4468085106383
1.5531914893617
1.63829787234043
1.93617021276596
1.97872340425532
1.97872340425532
2
2.08510638297872
2.08510638297872
2.14893617021277
2.46808510638298
2.80851063829787
3.04255319148936
3.59574468085106
3.74468085106383
3.85106382978723
3.95744680851064
4.27659574468085
4.42553191489362
4.5531914893617
4.65957446808511
4.78723404255319
4.93617021276596
4.95744680851064
5.23404255319149
5.36170212765957
5.48936170212766
5.5531914893617
5.57446808510638
5.70212765957447
5.76595744680851
5.78723404255319
5.87234042553191
5.93617021276596
6.02127659574468
6.08510638297872
6.12765957446809
6.17021276595745
6.57446808510638
7.12765957446809
7.29787234042553
7.25531914893617
7.27659574468085
7.38297872340426
7.42553191489362
7.46808510638298
7.51063829787234
7.31914893617021
7.29787234042553
7.25531914893617
7.06382978723404
7.08510638297872
7.42553191489362
7.76595744680851
7.85106382978723
7.87234042553191
7.8936170212766
7.65957446808511
7.38297872340426
7.25531914893617
6.82978723404255
6.80851063829787
7.19148936170213
7.29787234042553
7.1063829787234
7.06382978723404
7.02127659574468
6.91489361702128
6.91489361702128
6.80851063829787
6.8936170212766
6.76595744680851
6.70212765957447
7.06382978723404
7.1063829787234
7.1063829787234
7.14893617021277
7.19148936170213
7.12765957446809
7.06382978723404
7.04255319148936
6.97872340425532
6.97872340425532
6.8936170212766
6.95744680851064
6.65957446808511
5.95744680851064
6.25531914893617
6.29787234042553
6.34042553191489
6.31914893617021
6.74468085106383
6.85106382978723
6.87234042553191
6.8936170212766
7
7.31914893617021
7.27659574468085
7.34042553191489
7.38297872340426
7.08510638297872
6.95744680851064
7.06382978723404
7.19148936170213
7.17021276595745
7.23404255319149
7.12765957446809
7.1063829787234
7.06382978723404
6.63829787234043
6.48936170212766
6.40425531914894
6.40425531914894
6.36170212765957
6.48936170212766
6.46808510638298
6.63829787234043
7.23404255319149
7.38297872340426
7.48936170212766
7.25531914893617
7.21276595744681
7.29787234042553
7.21276595744681
7.14893617021277
7.27659574468085
7.34042553191489
7.4468085106383
7.4468085106383
7.53191489361702
7.63829787234043
7.61702127659574
7.63829787234043
7.68085106382979
7.21276595744681
7.27659574468085
7.31914893617021
7.36170212765957
6.95744680851064
7.02127659574468
6.95744680851064
7
6.8936170212766
6.53191489361702
6.5531914893617
6.53191489361702
6.21276595744681
6.17021276595745
6.19148936170213
6.1063829787234
5.97872340425532
6.06382978723404
6.12765957446809
6.19148936170213
6.12765957446809
6.06382978723404
6.06382978723404
6.1063829787234
6.1063829787234
6.06382978723404
6.06382978723404
6.02127659574468
5.91489361702128
5.78723404255319
5.17021276595745
4.95744680851064
4.85106382978723
4.68085106382979
4.63829787234043
4.5531914893617
4.53191489361702
4.51063829787234
4.38297872340426
4.34042553191489
4.17021276595745
4.1063829787234
3.97872340425532
3.87234042553191
3.85106382978723
3.70212765957447
3.61702127659574
3.5531914893617
3.38297872340426
3.29787234042553
3.21276595744681
3.12765957446809
2.91489361702128
2.8936170212766
2.8936170212766
2.82978723404255
2.82978723404255
2.76595744680851
2.65957446808511
2.61702127659574
2.65957446808511
2.65957446808511
2.63829787234043
2.63829787234043
2.51063829787234
2.34042553191489
2.29787234042553
2.25531914893617
2.23404255319149
2.19148936170213
2.12765957446809
2.08510638297872
2.04255319148936
2
1.91489361702128
1.91489361702128
1.85106382978723
1.76595744680851
1.70212765957447
1.63829787234043
1.5531914893617
1.53191489361702
1.48936170212766
1.42553191489362
1.40425531914894
1.38297872340426
1.29787234042553
1.29787234042553
1.29787234042553
1.25531914893617
1.23404255319149
1.14893617021277
1.17021276595745
1.1063829787234
1.08510638297872
1.06382978723404
1
0.914893617021277
0.872340425531915
0.872340425531915
0.808510638297872
0.680851063829787
0.659574468085106
0.659574468085106
0.638297872340426
0.638297872340426
0.617021276595745
0.553191489361702
0.48936170212766
0.446808510638298
0.361702127659574
0.340425531914894
0.297872340425532
0.297872340425532
0.297872340425532
0.297872340425532
0.276595744680851
0.234042553191489
0.234042553191489
0.212765957446809
0.212765957446809
0.191489361702128
0.191489361702128
0.170212765957447
0.170212765957447
0.148936170212766
0.170212765957447
0.212765957446809
0.191489361702128
0.170212765957447
0.170212765957447
0.170212765957447
0.170212765957447
0.148936170212766
0.191489361702128
0.191489361702128
0.191489361702128
0.446808510638298
0.468085106382979
0.468085106382979
0.48936170212766
0.808510638297872
0.957446808510638
1.04255319148936
1.06382978723404
1.06382978723404
1.12765957446809
1.21276595744681
1.29787234042553
1.36170212765957
1.51063829787234
1.57446808510638
1.65957446808511
1.78723404255319
1.85106382978723
1.91489361702128
2.04255319148936
2.06382978723404
2.17021276595745
2.25531914893617
2.36170212765957
2.48936170212766
2.5531914893617
2.65957446808511
2.72340425531915
3.27659574468085
3.80851063829787
4.02127659574468
4.23404255319149
4.23404255319149
4.36170212765957
4.40425531914894
4.59574468085106
4.87234042553191
5.08510638297872
5.1063829787234
5.5531914893617
5.65957446808511
5.74468085106383
5.87234042553191
6.19148936170213
6.19148936170213
6.40425531914894
6.5531914893617
6.36170212765957
6.48936170212766
6.51063829787234
6.61702127659574
6.31914893617021
6.19148936170213
6.17021276595745
6.29787234042553
6.48936170212766
6.97872340425532
7.1063829787234
7.08510638297872
7.1063829787234
7.46808510638298
7.59574468085106
7.57446808510638
7.63829787234043
7.80851063829787
7.93617021276596
8.04255319148936
8.17021276595745
8.12765957446809
8.17021276595745
8.21276595744681
8.21276595744681
8.27659574468085
8.29787234042553
8.29787234042553
7.80851063829787
7.34042553191489
7.17021276595745
7.08510638297872
7.19148936170213
7.57446808510638
8.25531914893617
8.19148936170213
7.97872340425532
7.87234042553191
8.02127659574468
7.61702127659574
7.68085106382979
7.65957446808511
7.65957446808511
7.36170212765957
7.4468085106383
7.25531914893617
7.21276595744681
7.21276595744681
7.14893617021277
7.23404255319149
7.12765957446809
7.19148936170213
7.27659574468085
7.38297872340426
7.38297872340426
7.29787234042553
6.87234042553191
6.72340425531915
6.70212765957447
6.65957446808511
6.21276595744681
6.1063829787234
6.1063829787234
5.97872340425532
5.91489361702128
5.85106382978723
5.68085106382979
5.63829787234043
5.72340425531915
5.63829787234043
5.48936170212766
5.40425531914894
5.38297872340426
5.4468085106383
5.51063829787234
5.61702127659574
5.59574468085106
5.65957446808511
5.61702127659574
5.59574468085106
5.14893617021277
4.48936170212766
4.46808510638298
4.48936170212766
4.78723404255319
5.04255319148936
5.21276595744681
5.36170212765957
5.38297872340426
5.36170212765957
5.51063829787234
5.4468085106383
5.57446808510638
5.68085106382979
5.74468085106383
5.82978723404255
5.8936170212766
6.19148936170213
6.23404255319149
6.27659574468085
6.29787234042553
6.29787234042553
6.48936170212766
6.46808510638298
6.53191489361702
6.59574468085106
6.72340425531915
6.68085106382979
6.76595744680851
6.87234042553191
6.85106382978723
6.80851063829787
6.8936170212766
6.87234042553191
6.82978723404255
6.70212765957447
6.87234042553191
7.04255319148936
7.12765957446809
7.12765957446809
7.06382978723404
7.08510638297872
7
6.95744680851064
6.97872340425532
7.02127659574468
7.06382978723404
7.06382978723404
7.06382978723404
6.95744680851064
6.93617021276596
6.61702127659574
6.25531914893617
6.17021276595745
5.8936170212766
5.87234042553191
5.78723404255319
5.70212765957447
5.76595744680851
5.68085106382979
5.48936170212766
5.36170212765957
5.38297872340426
5.27659574468085
5.02127659574468
4.95744680851064
4.85106382978723
4.68085106382979
4.59574468085106
4.31914893617021
4.23404255319149
4.12765957446809
4.08510638297872
3.93617021276596
3.97872340425532
3.82978723404255
3.70212765957447
3.70212765957447
3.57446808510638
3.38297872340426
3.34042553191489
3.27659574468085
3.27659574468085
3.06382978723404
2.8936170212766
2.76595744680851
2.65957446808511
2.53191489361702
2.40425531914894
2.36170212765957
2.36170212765957
2.27659574468085
2.17021276595745
2.06382978723404
2.02127659574468
1.97872340425532
1.97872340425532
1.8936170212766
1.82978723404255
1.82978723404255
1.72340425531915
1.65957446808511
1.59574468085106
1.57446808510638
1.48936170212766
1.36170212765957
1.29787234042553
1.27659574468085
1.29787234042553
1.1063829787234
1.04255319148936
0.978723404255319
0.914893617021277
0.872340425531915
0.851063829787234
0.787234042553192
0.765957446808511
0.74468085106383
0.723404255319149
0.680851063829787
0.680851063829787
0.595744680851064
0.574468085106383
0.531914893617021
0.48936170212766
0.51063829787234
0.51063829787234
0.51063829787234
0.51063829787234
0.48936170212766
0.48936170212766
0.468085106382979
0.468085106382979
0.468085106382979
0.468085106382979
0.446808510638298
0.404255319148936
0.404255319148936
0.361702127659574
0.340425531914894
0.340425531914894
0.319148936170213
0.297872340425532
0.297872340425532
0.319148936170213
0.297872340425532
0.234042553191489
0.212765957446809
0.212765957446809
0.212765957446809
0.212765957446809
0.212765957446809
0.234042553191489
0.297872340425532
0.319148936170213
0.361702127659574
0.361702127659574
0.361702127659574
0.382978723404255
0.382978723404255
0.382978723404255
0.446808510638298
0.48936170212766
0.51063829787234
0.553191489361702
0.574468085106383
0.595744680851064
0.574468085106383
0.595744680851064
0.595744680851064
0.702127659574468
0.787234042553192
0.829787234042553
0.829787234042553
0.851063829787234
0.872340425531915
0.914893617021277
0.978723404255319
1.02127659574468
1.12765957446809
1.17021276595745
1.21276595744681
1.38297872340426
1.48936170212766
1.63829787234043
1.65957446808511
1.78723404255319
1.91489361702128
2.12765957446809
2.34042553191489
2.42553191489362
2.59574468085106
2.65957446808511
2.72340425531915
2.82978723404255
2.93617021276596
3.02127659574468
3.12765957446809
3.29787234042553
3.36170212765957
3.42553191489362
3.42553191489362
3.46808510638298
3.53191489361702
3.65957446808511
3.82978723404255
3.91489361702128
3.93617021276596
3.95744680851064
4.02127659574468
4.02127659574468
4.08510638297872
4.12765957446809
4.21276595744681
4.36170212765957
4.46808510638298
4.65957446808511
4.63829787234043
4.78723404255319
4.8936170212766
4.93617021276596
5.12765957446809
5.14893617021277
5.25531914893617
5.36170212765957
5.59574468085106
5.59574468085106
5.63829787234043
5.63829787234043
5.48936170212766
5.53191489361702
5.53191489361702
5.61702127659574
5.61702127659574
5.51063829787234
5.48936170212766
5.40425531914894
5.42553191489362
5.42553191489362
5.51063829787234
5.70212765957447
5.68085106382979
5.85106382978723
5.95744680851064
6.04255319148936
6.02127659574468
6.21276595744681
6.25531914893617
6.34042553191489
6.42553191489362
6.48936170212766
6.51063829787234
6.4468085106383
6.48936170212766
6.72340425531915
6.82978723404255
6.85106382978723
7.04255319148936
6.97872340425532
7.02127659574468
7.17021276595745
7.14893617021277
7.19148936170213
7.23404255319149
7.36170212765957
7.21276595744681
7.36170212765957
7.4468085106383
7.27659574468085
7.4468085106383
7.42553191489362
7.27659574468085
7.17021276595745
7.12765957446809
7.17021276595745
7.23404255319149
7.36170212765957
7.34042553191489
7.42553191489362
7.40425531914894
7.51063829787234
7.59574468085106
7.57446808510638
7.5531914893617
7.5531914893617
7.53191489361702
7.48936170212766
7.40425531914894
7.42553191489362
7.19148936170213
7.27659574468085
7.17021276595745
7.14893617021277
7.04255319148936
7
7.06382978723404
7.02127659574468
6.95744680851064
6.8936170212766
6.91489361702128
6.91489361702128
6.82978723404255
6.91489361702128
7.12765957446809
7.08510638297872
7.27659574468085
7.4468085106383
7.31914893617021
7.46808510638298
7.51063829787234
7.5531914893617
7.51063829787234
7.57446808510638
7.4468085106383
7.51063829787234
7.70212765957447
7.72340425531915
7.74468085106383
7.91489361702128
7.95744680851064
8.14893617021277
8.17021276595745
8.21276595744681
8.19148936170213
8.21276595744681
8.08510638297872
8.25531914893617
8.12765957446809
8.08510638297872
8.1063829787234
8.06382978723404
8.06382978723404
8.02127659574468
8.04255319148936
8.04255319148936
8.06382978723404
8.21276595744681
8.06382978723404
8.17021276595745
8.08510638297872
8.04255319148936
8.08510638297872
7.97872340425532
7.85106382978723
7.91489361702128
7.8936170212766
7.85106382978723
7.80851063829787
7.72340425531915
7.48936170212766
7.21276595744681
7.12765957446809
6.95744680851064
6.78723404255319
6.68085106382979
6.40425531914894
6.25531914893617
6.02127659574468
5.93617021276596
5.82978723404255
5.63829787234043
5.42553191489362
5.27659574468085
5.08510638297872
4.97872340425532
4.82978723404255
4.63829787234043
4.4468085106383
4.29787234042553
4.19148936170213
4.06382978723404
3.91489361702128
3.85106382978723
3.59574468085106
3.48936170212766
3.46808510638298
3.29787234042553
3.27659574468085
3.21276595744681
3.1063829787234
2.95744680851064
2.87234042553191
2.74468085106383
2.5531914893617
2.42553191489362
2.23404255319149
2.19148936170213
2.08510638297872
1.91489361702128
1.85106382978723
1.82978723404255
1.70212765957447
1.61702127659574
1.51063829787234
1.42553191489362
1.34042553191489
1.29787234042553
1.23404255319149
1.17021276595745
1.12765957446809
1.02127659574468
1.02127659574468
1.02127659574468
0.957446808510638
0.936170212765957
0.851063829787234
0.808510638297872
0.808510638297872
0.808510638297872
0.723404255319149
0.723404255319149
0.723404255319149
0.680851063829787
0.659574468085106
0.595744680851064
0.595744680851064
0.553191489361702
0.553191489361702
0.553191489361702
0.51063829787234
0.51063829787234
0.51063829787234
0.48936170212766
0.48936170212766
0.446808510638298
0.425531914893617
0.404255319148936
0.382978723404255
0.297872340425532
0.319148936170213
0.340425531914894
0.340425531914894
0.340425531914894
0.361702127659574
0.382978723404255
0.382978723404255
0.382978723404255
0.404255319148936
0.404255319148936
0.425531914893617
0.425531914893617
0.425531914893617
0.425531914893617
0.425531914893617
0.468085106382979
0.48936170212766
0.468085106382979
0.468085106382979
0.48936170212766
0.574468085106383
0.617021276595745
0.638297872340426
0.638297872340426
0.723404255319149
0.787234042553192
0.851063829787234
0.893617021276596
0.914893617021277
0.936170212765957
0.978723404255319
1.08510638297872
1.34042553191489
1.4468085106383
1.46808510638298
1.59574468085106
1.61702127659574
1.70212765957447
1.76595744680851
1.80851063829787
1.82978723404255
1.8936170212766
1.93617021276596
1.93617021276596
2.02127659574468
2.06382978723404
2.1063829787234
2.14893617021277
2.31914893617021
2.38297872340426
2.61702127659574
2.72340425531915
2.78723404255319
2.87234042553191
2.93617021276596
3
3.04255319148936
3.14893617021277
3.17021276595745
3.23404255319149
3.34042553191489
3.38297872340426
3.38297872340426
3.42553191489362
3.57446808510638
3.70212765957447
3.72340425531915
3.74468085106383
3.80851063829787
3.8936170212766
4
4
4.08510638297872
4.23404255319149
4.34042553191489
4.38297872340426
4.42553191489362
4.51063829787234
4.5531914893617
4.38297872340426
4.36170212765957
4.5531914893617
4.57446808510638
4.63829787234043
4.72340425531915
4.85106382978723
5
5.1063829787234
5.14893617021277
5.21276595744681
5.25531914893617
5.25531914893617
5.29787234042553
5.40425531914894
5.46808510638298
5.38297872340426
5.42553191489362
5.31914893617021
5.23404255319149
5.21276595744681
5.34042553191489
5.40425531914894
5.36170212765957
5.5531914893617
5.61702127659574
5.70212765957447
5.74468085106383
5.87234042553191
5.93617021276596
6.1063829787234
6.21276595744681
6.25531914893617
6.34042553191489
6.36170212765957
6.31914893617021
6.36170212765957
6.36170212765957
6.4468085106383
6.65957446808511
6.72340425531915
6.70212765957447
6.72340425531915
6.72340425531915
6.82978723404255
6.87234042553191
6.80851063829787
6.8936170212766
7
6.91489361702128
6.87234042553191
6.95744680851064
6.93617021276596
6.91489361702128
6.80851063829787
6.70212765957447
6.65957446808511
6.76595744680851
6.8936170212766
6.82978723404255
6.91489361702128
6.87234042553191
6.91489361702128
6.8936170212766
6.93617021276596
6.97872340425532
7.1063829787234
7.08510638297872
7.08510638297872
7.19148936170213
7.21276595744681
7.08510638297872
7.08510638297872
7.1063829787234
7.12765957446809
7.12765957446809
7.19148936170213
7.12765957446809
7.17021276595745
7.12765957446809
7.1063829787234
7.1063829787234
7.17021276595745
7.27659574468085
7.42553191489362
7.4468085106383
7.31914893617021
7.23404255319149
7.23404255319149
7.31914893617021
7.53191489361702
7.5531914893617
7.4468085106383
7.4468085106383
7.53191489361702
7.53191489361702
7.48936170212766
7.65957446808511
7.68085106382979
7.70212765957447
7.76595744680851
7.97872340425532
8.12765957446809
8.21276595744681
8.19148936170213
8.31914893617021
8.4468085106383
8.46808510638298
8.5531914893617
8.63829787234043
8.82978723404255
8.82978723404255
8.80851063829787
8.82978723404255
8.95744680851064
8.82978723404255
8.74468085106383
8.87234042553191
8.87234042553191
8.80851063829787
8.87234042553191
8.82978723404255
8.82978723404255
8.74468085106383
8.65957446808511
8.4468085106383
8.36170212765957
8.23404255319149
8.17021276595745
8.19148936170213
8
7.80851063829787
7.61702127659574
7.48936170212766
7.40425531914894
7.25531914893617
7.04255319148936
6.87234042553191
6.65957446808511
6.59574468085106
6.5531914893617
6.36170212765957
6.19148936170213
6.14893617021277
5.8936170212766
5.76595744680851
5.61702127659574
5.42553191489362
5.12765957446809
4.93617021276596
4.80851063829787
4.61702127659574
4.29787234042553
4.14893617021277
3.95744680851064
3.78723404255319
3.57446808510638
3.34042553191489
3.19148936170213
3.04255319148936
2.87234042553191
2.70212765957447
2.63829787234043
2.48936170212766
2.31914893617021
2.21276595744681
2.08510638297872
1.8936170212766
1.82978723404255
1.59574468085106
1.51063829787234
1.4468085106383
1.42553191489362
1.38297872340426
1.31914893617021
1.29787234042553
1.14893617021277
1.08510638297872
1.02127659574468
1
0.978723404255319
0.936170212765957
0.893617021276596
0.851063829787234
0.702127659574468
0.680851063829787
0.702127659574468
0.659574468085106
0.595744680851064
0.574468085106383
0.531914893617021
0.51063829787234
0.446808510638298
0.425531914893617
0.382978723404255
0.382978723404255
0.361702127659574
0.319148936170213
0.319148936170213
0.319148936170213
0.340425531914894
0.340425531914894
0.319148936170213
0.276595744680851
0.234042553191489
0.234042553191489
0.234042553191489
0.212765957446809
0.191489361702128
0.170212765957447
0.170212765957447
0.148936170212766
0.148936170212766
0.148936170212766
0.170212765957447
0.148936170212766
0.148936170212766
0.148936170212766
0.148936170212766
0.148936170212766
0.127659574468085
0.127659574468085
0.127659574468085
0.127659574468085
0.127659574468085
0.106382978723404
0.106382978723404
0.0851063829787234
0.0851063829787234
0.191489361702128
0.212765957446809
0.319148936170213
0.446808510638298
0.659574468085106
1.31914893617021
1.42553191489362
1.4468085106383
1.4468085106383
1.46808510638298
1.53191489361702
1.53191489361702
1.63829787234043
1.68085106382979
1.82978723404255
1.91489361702128
1.97872340425532
2.02127659574468
2.04255319148936
2.1063829787234
2.17021276595745
2.25531914893617
2.4468085106383
2.51063829787234
2.53191489361702
2.57446808510638
2.61702127659574
2.70212765957447
2.72340425531915
2.80851063829787
2.93617021276596
3.06382978723404
3.1063829787234
3.17021276595745
3.19148936170213
3.34042553191489
3.76595744680851
3.87234042553191
4.02127659574468
4.63829787234043
4.72340425531915
4.80851063829787
4.93617021276596
5.04255319148936
5.12765957446809
5.31914893617021
5.40425531914894
5.38297872340426
5.51063829787234
5.48936170212766
5.4468085106383
5.23404255319149
4.65957446808511
4.74468085106383
4.82978723404255
5.29787234042553
5.51063829787234
5.5531914893617
5.65957446808511
5.68085106382979
5.76595744680851
5.63829787234043
5.59574468085106
5.65957446808511
5.63829787234043
5.68085106382979
5.72340425531915
5.70212765957447
5.78723404255319
5.65957446808511
5.68085106382979
5.76595744680851
5.80851063829787
5.82978723404255
5.80851063829787
5.93617021276596
5.87234042553191
5.80851063829787
5.74468085106383
6
6.29787234042553
6.8936170212766
6.82978723404255
6.51063829787234
6.61702127659574
6.48936170212766
5.95744680851064
5.97872340425532
6.02127659574468
6.02127659574468
6.17021276595745
6.27659574468085
6.40425531914894
6.63829787234043
6.74468085106383
6.74468085106383
6.82978723404255
6.87234042553191
6.95744680851064
6.93617021276596
6.85106382978723
6.8936170212766
6.59574468085106
6.46808510638298
6.53191489361702
6.59574468085106
6.59574468085106
6.57446808510638
7.19148936170213
7.23404255319149
7.31914893617021
7.48936170212766
7.65957446808511
7.87234042553191
8.42553191489362
8.46808510638298
8.59574468085106
8.70212765957447
8.68085106382979
8.70212765957447
8.74468085106383
8.78723404255319
8.72340425531915
8.82978723404255
8.80851063829787
8.78723404255319
8.57446808510638
8.31914893617021
7.74468085106383
7.76595744680851
7.82978723404255
7.8936170212766
8.02127659574468
8.02127659574468
8.06382978723404
8.4468085106383
8.4468085106383
8.36170212765957
8.38297872340426
8.21276595744681
7.91489361702128
7.80851063829787
7.85106382978723
7.70212765957447
7.70212765957447
7.82978723404255
7.85106382978723
7.85106382978723
7.91489361702128
7.8936170212766
7.91489361702128
7.87234042553191
7.82978723404255
7.87234042553191
7.85106382978723
7.36170212765957
7.42553191489362
7.36170212765957
7.23404255319149
7.06382978723404
6.93617021276596
6.51063829787234
6.53191489361702
6.4468085106383
6.40425531914894
6.38297872340426
6.42553191489362
6.53191489361702
6.59574468085106
6.68085106382979
6.61702127659574
6.68085106382979
6.78723404255319
6.85106382978723
6.95744680851064
7.08510638297872
7.21276595744681
7.14893617021277
7.02127659574468
7.08510638297872
7.1063829787234
6.97872340425532
6.51063829787234
6.48936170212766
6.38297872340426
6.29787234042553
6.25531914893617
6.31914893617021
6.34042553191489
6.23404255319149
6.27659574468085
6.21276595744681
6.04255319148936
6.1063829787234
6.1063829787234
5.95744680851064
5.87234042553191
5.80851063829787
5.68085106382979
5.65957446808511
5.53191489361702
5.53191489361702
5.42553191489362
5.34042553191489
5.34042553191489
5.27659574468085
5.23404255319149
5.06382978723404
4.95744680851064
4.76595744680851
4.72340425531915
4.61702127659574
4.57446808510638
4.46808510638298
4.36170212765957
4.19148936170213
4.04255319148936
4.02127659574468
3.91489361702128
3.76595744680851
3.61702127659574
3.40425531914894
3.27659574468085
3.04255319148936
2.93617021276596
2.78723404255319
2.57446808510638
2.46808510638298
2.4468085106383
2.42553191489362
2.34042553191489
2.29787234042553
2.17021276595745
2.06382978723404
1.97872340425532
1.91489361702128
1.82978723404255
1.76595744680851
1.70212765957447
1.63829787234043
1.51063829787234
1.42553191489362
1.36170212765957
1.29787234042553
1.23404255319149
1.23404255319149
1.12765957446809
1.08510638297872
1
0.957446808510638
0.893617021276596
0.74468085106383
0.74468085106383
0.723404255319149
0.702127659574468
0.638297872340426
0.595744680851064
0.531914893617021
0.48936170212766
0.468085106382979
0.446808510638298
0.361702127659574
0.361702127659574
0.361702127659574
0.340425531914894
0.340425531914894
0.340425531914894
0.340425531914894
0.340425531914894
0.319148936170213
0.340425531914894
0.382978723404255
0.382978723404255
0.382978723404255
0.382978723404255
0.361702127659574
0.361702127659574
0.361702127659574
0.361702127659574
0.404255319148936
0.404255319148936
0.404255319148936
0.404255319148936
0.425531914893617
0.425531914893617
0.446808510638298
0.48936170212766
0.553191489361702
0.553191489361702
0.553191489361702
0.574468085106383
0.617021276595745
0.659574468085106
0.680851063829787
0.702127659574468
0.74468085106383
0.787234042553192
0.829787234042553
0.936170212765957
1.04255319148936
1.04255319148936
1.1063829787234
1.21276595744681
1.29787234042553
1.29787234042553
1.31914893617021
1.38297872340426
1.42553191489362
1.4468085106383
1.59574468085106
1.61702127659574
1.68085106382979
1.78723404255319
1.91489361702128
1.95744680851064
2.1063829787234
2.17021276595745
2.23404255319149
2.31914893617021
2.42553191489362
2.59574468085106
2.74468085106383
2.93617021276596
3.04255319148936
3.40425531914894
3.53191489361702
3.59574468085106
3.76595744680851
3.85106382978723
3.82978723404255
3.87234042553191
4.08510638297872
4.19148936170213
4.31914893617021
4.29787234042553
4.36170212765957
4.4468085106383
4.51063829787234
4.65957446808511
4.70212765957447
4.8936170212766
4.97872340425532
5.06382978723404
5.17021276595745
5.25531914893617
5.31914893617021
5.31914893617021
5.4468085106383
5.48936170212766
5.51063829787234
5.48936170212766
5.5531914893617
5.63829787234043
5.74468085106383
5.78723404255319
5.8936170212766
5.85106382978723
5.87234042553191
5.95744680851064
5.93617021276596
5.93617021276596
6
6.02127659574468
6.08510638297872
6.14893617021277
6.21276595744681
6.25531914893617
6.17021276595745
6.14893617021277
6.1063829787234
6.08510638297872
5.87234042553191
5.80851063829787
5.78723404255319
5.76595744680851
5.72340425531915
5.82978723404255
5.85106382978723
5.78723404255319
5.82978723404255
5.78723404255319
5.78723404255319
5.76595744680851
5.76595744680851
5.85106382978723
5.80851063829787
5.95744680851064
5.8936170212766
5.97872340425532
5.95744680851064
6.08510638297872
6.1063829787234
6.14893617021277
6.21276595744681
6.17021276595745
6.17021276595745
6.29787234042553
6.29787234042553
6.4468085106383
6.53191489361702
6.4468085106383
6.4468085106383
6.4468085106383
6.42553191489362
6.48936170212766
6.4468085106383
6.48936170212766
6.46808510638298
6.53191489361702
6.5531914893617
6.53191489361702
6.51063829787234
6.53191489361702
6.51063829787234
6.61702127659574
6.65957446808511
6.61702127659574
6.57446808510638
6.61702127659574
6.59574468085106
6.72340425531915
6.72340425531915
6.93617021276596
7
7
6.95744680851064
6.95744680851064
7
7.1063829787234
7.12765957446809
7.27659574468085
7.21276595744681
7.4468085106383
7.57446808510638
7.57446808510638
7.51063829787234
7.53191489361702
7.42553191489362
7.38297872340426
7.46808510638298
7.46808510638298
7.59574468085106
7.59574468085106
7.57446808510638
7.76595744680851
7.68085106382979
7.72340425531915
7.82978723404255
8
8.12765957446809
8.23404255319149
8.27659574468085
8.27659574468085
8.31914893617021
8.42553191489362
8.38297872340426
8.4468085106383
8.38297872340426
8.42553191489362
8.38297872340426
8.46808510638298
8.48936170212766
8.53191489361702
8.53191489361702
8.5531914893617
8.48936170212766
8.65957446808511
8.61702127659574
8.63829787234043
8.48936170212766
8.42553191489362
8.42553191489362
8.51063829787234
8.38297872340426
8.38297872340426
8.36170212765957
8.42553191489362
8.34042553191489
8.36170212765957
8.06382978723404
7.82978723404255
7.74468085106383
7.78723404255319
7.72340425531915
7.68085106382979
7.59574468085106
7.38297872340426
7.27659574468085
7.08510638297872
7
6.80851063829787
6.57446808510638
6.51063829787234
6.31914893617021
6.14893617021277
5.91489361702128
5.68085106382979
5.53191489361702
5.36170212765957
5.25531914893617
5.1063829787234
4.91489361702128
4.78723404255319
4.53191489361702
4.48936170212766
4.31914893617021
4.17021276595745
3.97872340425532
3.78723404255319
3.57446808510638
3.48936170212766
3.40425531914894
3.29787234042553
3.08510638297872
2.91489361702128
2.76595744680851
2.65957446808511
2.53191489361702
2.46808510638298
2.27659574468085
2.25531914893617
2.08510638297872
1.95744680851064
1.82978723404255
1.70212765957447
1.57446808510638
1.48936170212766
1.36170212765957
1.31914893617021
1.17021276595745
1.1063829787234
0.978723404255319
0.957446808510638
0.872340425531915
0.808510638297872
0.765957446808511
0.74468085106383
0.702127659574468
0.680851063829787
0.617021276595745
0.574468085106383
0.553191489361702
0.51063829787234
0.468085106382979
0.425531914893617
0.425531914893617
0.404255319148936
0.382978723404255
0.361702127659574
0.340425531914894
0.340425531914894
0.340425531914894
0.382978723404255
0.382978723404255
0.361702127659574
0.340425531914894
0.361702127659574
0.340425531914894
0.340425531914894
0.319148936170213
0.297872340425532
0.340425531914894
0.319148936170213
0.319148936170213
0.340425531914894
0.340425531914894
0.340425531914894
0.425531914893617
0.446808510638298
0.446808510638298
0.446808510638298
0.446808510638298
0.446808510638298
0.51063829787234
0.531914893617021
0.51063829787234
0.553191489361702
0.595744680851064
0.659574468085106
0.723404255319149
0.829787234042553
0.851063829787234
0.936170212765957
0.978723404255319
1.04255319148936
1.06382978723404
1.1063829787234
1.14893617021277
1.23404255319149
1.27659574468085
1.4468085106383
1.59574468085106
1.70212765957447
1.76595744680851
1.91489361702128
2.02127659574468
2.08510638297872
2.23404255319149
2.23404255319149
2.27659574468085
2.40425531914894
2.61702127659574
2.72340425531915
2.85106382978723
3.02127659574468
3.06382978723404
3.12765957446809
3.21276595744681
3.36170212765957
3.48936170212766
3.53191489361702
3.57446808510638
3.57446808510638
3.68085106382979
3.68085106382979
3.85106382978723
3.95744680851064
3.95744680851064
4
4.06382978723404
4.1063829787234
4.29787234042553
4.40425531914894
4.46808510638298
4.53191489361702
4.59574468085106
4.59574468085106
4.59574468085106
4.72340425531915
4.78723404255319
4.91489361702128
4.95744680851064
5.04255319148936
5.1063829787234
5.1063829787234
5.1063829787234
5.23404255319149
5.25531914893617
5.21276595744681
5.27659574468085
5.40425531914894
5.42553191489362
5.57446808510638
5.72340425531915
5.70212765957447
5.87234042553191
6.04255319148936
6.02127659574468
5.93617021276596
5.93617021276596
5.91489361702128
5.93617021276596
6.06382978723404
6.06382978723404
6.08510638297872
6.12765957446809
6.29787234042553
6.40425531914894
6.48936170212766
6.63829787234043
6.80851063829787
6.82978723404255
6.85106382978723
6.87234042553191
7.02127659574468
7.02127659574468
7.17021276595745
7.21276595744681
7.12765957446809
7.14893617021277
7.21276595744681
7.23404255319149
7.29787234042553
7.42553191489362
7.53191489361702
7.53191489361702
7.53191489361702
7.53191489361702
7.57446808510638
7.63829787234043
7.74468085106383
7.8936170212766
7.85106382978723
7.80851063829787
7.68085106382979
7.63829787234043
7.59574468085106
7.63829787234043
7.5531914893617
7.53191489361702
7.51063829787234
7.48936170212766
7.48936170212766
7.65957446808511
7.72340425531915
7.74468085106383
7.78723404255319
7.78723404255319
7.74468085106383
7.65957446808511
7.70212765957447
7.65957446808511
7.46808510638298
7.36170212765957
7.31914893617021
7.19148936170213
7.08510638297872
6.82978723404255
7
6.95744680851064
6.93617021276596
7
6.97872340425532
6.87234042553191
6.91489361702128
6.93617021276596
6.91489361702128
6.80851063829787
6.91489361702128
6.87234042553191
6.91489361702128
6.82978723404255
6.78723404255319
6.91489361702128
6.91489361702128
6.93617021276596
6.95744680851064
6.87234042553191
6.93617021276596
7
7.1063829787234
7.19148936170213
7.34042553191489
7.46808510638298
7.38297872340426
7.42553191489362
7.31914893617021
7.40425531914894
7.61702127659574
7.61702127659574
7.48936170212766
7.46808510638298
7.48936170212766
7.46808510638298
7.5531914893617
7.65957446808511
7.78723404255319
7.78723404255319
7.82978723404255
7.97872340425532
7.87234042553191
7.93617021276596
8.12765957446809
8.23404255319149
8.31914893617021
8.17021276595745
8.19148936170213
8.17021276595745
7.95744680851064
8.04255319148936
8.12765957446809
8.08510638297872
8.04255319148936
8.12765957446809
8.08510638297872
7.97872340425532
8.06382978723404
7.8936170212766
7.80851063829787
7.74468085106383
7.59574468085106
7.48936170212766
7.34042553191489
7.21276595744681
7.1063829787234
6.85106382978723
6.74468085106383
6.5531914893617
6.4468085106383
6.25531914893617
6.04255319148936
5.97872340425532
5.87234042553191
5.74468085106383
5.48936170212766
5.23404255319149
5.04255319148936
4.80851063829787
4.63829787234043
4.46808510638298
4.40425531914894
4.21276595744681
3.95744680851064
3.74468085106383
3.61702127659574
3.53191489361702
3.34042553191489
3.25531914893617
3.08510638297872
2.87234042553191
2.70212765957447
2.59574468085106
2.4468085106383
2.25531914893617
2.17021276595745
2.14893617021277
2.02127659574468
1.85106382978723
1.70212765957447
1.59574468085106
1.40425531914894
1.38297872340426
1.25531914893617
1.04255319148936
0.978723404255319
0.936170212765957
0.893617021276596
0.765957446808511
0.702127659574468
0.680851063829787
0.617021276595745
0.595744680851064
0.595744680851064
0.638297872340426
0.595744680851064
0.574468085106383
0.553191489361702
0.51063829787234
0.425531914893617
0.404255319148936
0.404255319148936
0.404255319148936
0.340425531914894
0.340425531914894
0.276595744680851
0.276595744680851
0.276595744680851
0.234042553191489
0.212765957446809
0.212765957446809
0.212765957446809
0.212765957446809
0.234042553191489
0.234042553191489
0.234042553191489
0.234042553191489
0.25531914893617
0.25531914893617
0.25531914893617
0.276595744680851
0.276595744680851
0.276595744680851
0.276595744680851
0.276595744680851
0.25531914893617
0.25531914893617
0.276595744680851
0.276595744680851
0.25531914893617
0.25531914893617
0.25531914893617
0.297872340425532
0.319148936170213
0.340425531914894
0.340425531914894
0.361702127659574
0.382978723404255
0.425531914893617
0.468085106382979
0.468085106382979
0.553191489361702
0.765957446808511
0.914893617021277
1.12765957446809
1.38297872340426
1.53191489361702
1.72340425531915
1.85106382978723
1.97872340425532
2.06382978723404
2.25531914893617
2.27659574468085
2.29787234042553
2.38297872340426
2.46808510638298
2.68085106382979
2.82978723404255
3.02127659574468
3.29787234042553
3.82978723404255
3.95744680851064
4.17021276595745
4.34042553191489
4.40425531914894
4.51063829787234
4.63829787234043
4.65957446808511
4.80851063829787
4.82978723404255
4.87234042553191
5
5.08510638297872
5.17021276595745
5.17021276595745
5.23404255319149
5.34042553191489
5.42553191489362
5.42553191489362
5.48936170212766
5.51063829787234
5.5531914893617
5.63829787234043
5.70212765957447
5.76595744680851
5.85106382978723
5.87234042553191
5.97872340425532
5.95744680851064
5.87234042553191
5.87234042553191
5.76595744680851
5.72340425531915
5.68085106382979
5.63829787234043
5.65957446808511
5.63829787234043
5.65957446808511
5.59574468085106
5.74468085106383
5.82978723404255
5.80851063829787
5.80851063829787
5.87234042553191
5.93617021276596
5.85106382978723
5.63829787234043
5.19148936170213
5.21276595744681
5.06382978723404
5.02127659574468
5.06382978723404
5.14893617021277
5.12765957446809
5.19148936170213
5.27659574468085
5.38297872340426
5.48936170212766
5.53191489361702
5.63829787234043
5.63829787234043
5.65957446808511
5.97872340425532
5.97872340425532
6.14893617021277
6.19148936170213
6.17021276595745
6.23404255319149
6.34042553191489
6.42553191489362
6.40425531914894
6.59574468085106
6.74468085106383
6.95744680851064
7
7.08510638297872
7.25531914893617
7.36170212765957
7.38297872340426
7.27659574468085
7.4468085106383
7.48936170212766
7.48936170212766
7.53191489361702
7.53191489361702
7.46808510638298
7.51063829787234
7.5531914893617
7.59574468085106
7.61702127659574
7.51063829787234
7.31914893617021
7.29787234042553
7.31914893617021
7.29787234042553
7.27659574468085
7.38297872340426
7.29787234042553
7.25531914893617
7.1063829787234
7.19148936170213
7.12765957446809
7
6.97872340425532
7.06382978723404
7.04255319148936
6.95744680851064
6.93617021276596
7
6.8936170212766
6.8936170212766
6.72340425531915
6.76595744680851
6.76595744680851
6.87234042553191
6.8936170212766
6.8936170212766
7.19148936170213
7.1063829787234
7.02127659574468
6.97872340425532
7.04255319148936
7.02127659574468
6.93617021276596
6.82978723404255
6.91489361702128
7.1063829787234
7.02127659574468
7.06382978723404
7.12765957446809
7.19148936170213
7.34042553191489
7.46808510638298
7.46808510638298
7.51063829787234
7.5531914893617
7.68085106382979
7.72340425531915
7.8936170212766
8.12765957446809
8.31914893617021
8.48936170212766
8.46808510638298
8.48936170212766
8.68085106382979
8.82978723404255
9.04255319148936
8.93617021276596
9.04255319148936
9.02127659574468
9.04255319148936
8.93617021276596
8.93617021276596
8.97872340425532
8.97872340425532
9.06382978723404
8.93617021276596
8.95744680851064
9.08510638297872
9.06382978723404
9.14893617021277
9.1063829787234
8.97872340425532
8.97872340425532
8.72340425531915
8.5531914893617
8.46808510638298
8.27659574468085
8.17021276595745
8.1063829787234
8.06382978723404
7.97872340425532
7.82978723404255
7.65957446808511
7.51063829787234
7.36170212765957
7.19148936170213
7.02127659574468
6.82978723404255
6.63829787234043
6.4468085106383
6.29787234042553
6.23404255319149
6.04255319148936
5.93617021276596
5.78723404255319
5.51063829787234
5.23404255319149
4.95744680851064
4.87234042553191
4.68085106382979
4.48936170212766
4.27659574468085
4.02127659574468
4
3.85106382978723
3.78723404255319
3.68085106382979
3.5531914893617
3.40425531914894
3.27659574468085
3.23404255319149
3.04255319148936
2.8936170212766
2.76595744680851
2.5531914893617
2.46808510638298
2.29787234042553
2.12765957446809
2.06382978723404
1.8936170212766
1.78723404255319
1.78723404255319
1.68085106382979
1.63829787234043
1.53191489361702
1.42553191489362
1.25531914893617
1.19148936170213
1.12765957446809
1
0.957446808510638
0.872340425531915
0.829787234042553
0.765957446808511
0.702127659574468
0.723404255319149
0.702127659574468
0.659574468085106
0.574468085106383
0.553191489361702
0.446808510638298
0.425531914893617
0.382978723404255
0.382978723404255
0.382978723404255
0.361702127659574
0.361702127659574
0.340425531914894
0.319148936170213
0.319148936170213
0.276595744680851
0.297872340425532
0.276595744680851
0.234042553191489
0.25531914893617
0.276595744680851
0.25531914893617
0.234042553191489
0.234042553191489
0.234042553191489
0.25531914893617
0.25531914893617
0.25531914893617
0.276595744680851
0.297872340425532
0.340425531914894
0.361702127659574
0.382978723404255
0.404255319148936
0.468085106382979
0.553191489361702
0.553191489361702
0.680851063829787
0.74468085106383
0.74468085106383
0.851063829787234
0.978723404255319
1.04255319148936
1.1063829787234
1.14893617021277
1.21276595744681
1.29787234042553
1.29787234042553
1.48936170212766
1.53191489361702
1.5531914893617
1.5531914893617
1.61702127659574
1.65957446808511
1.78723404255319
1.87234042553191
1.97872340425532
2.04255319148936
2.1063829787234
2.17021276595745
2.23404255319149
2.34042553191489
2.59574468085106
2.72340425531915
2.91489361702128
3.08510638297872
3.29787234042553
3.4468085106383
3.68085106382979
3.85106382978723
3.93617021276596
4.08510638297872
4.17021276595745
4.27659574468085
4.36170212765957
4.4468085106383
4.53191489361702
4.63829787234043
4.74468085106383
4.85106382978723
4.95744680851064
5
4.95744680851064
5.02127659574468
5.02127659574468
5.02127659574468
5.1063829787234
5.12765957446809
5.12765957446809
5.23404255319149
5.31914893617021
5.4468085106383
5.46808510638298
5.78723404255319
5.93617021276596
5.85106382978723
5.95744680851064
6.12765957446809
6.31914893617021
6.38297872340426
6.40425531914894
6.4468085106383
6.59574468085106
6.68085106382979
6.82978723404255
6.97872340425532
7.06382978723404
7.08510638297872
7.17021276595745
7.12765957446809
7.12765957446809
7.02127659574468
7
6.85106382978723
6.80851063829787
6.85106382978723
6.85106382978723
7
6.93617021276596
6.93617021276596
6.97872340425532
7.17021276595745
7.25531914893617
7.27659574468085
7.19148936170213
7.25531914893617
7.34042553191489
7.29787234042553
7.40425531914894
7.61702127659574
7.72340425531915
7.65957446808511
7.82978723404255
7.82978723404255
7.97872340425532
7.93617021276596
8.08510638297872
8.1063829787234
8.14893617021277
8.19148936170213
8
7.97872340425532
8.06382978723404
8.08510638297872
8.06382978723404
7.8936170212766
7.78723404255319
7.87234042553191
7.8936170212766
7.82978723404255
7.8936170212766
7.78723404255319
7.76595744680851
7.87234042553191
7.8936170212766
7.82978723404255
7.78723404255319
7.87234042553191
7.85106382978723
7.8936170212766
7.87234042553191
7.97872340425532
7.87234042553191
7.87234042553191
7.74468085106383
7.85106382978723
7.8936170212766
7.8936170212766
7.85106382978723
7.76595744680851
7.74468085106383
7.91489361702128
7.8936170212766
7.91489361702128
8
7.93617021276596
7.85106382978723
7.87234042553191
7.93617021276596
7.87234042553191
7.91489361702128
7.78723404255319
7.93617021276596
7.8936170212766
7.97872340425532
7.93617021276596
8.02127659574468
8.06382978723404
7.95744680851064
7.95744680851064
8
8.02127659574468
8.29787234042553
8.42553191489362
8.59574468085106
8.63829787234043
8.85106382978723
8.70212765957447
8.80851063829787
8.85106382978723
8.59574468085106
8.70212765957447
8.70212765957447
8.80851063829787
8.72340425531915
8.91489361702128
8.95744680851064
9.06382978723404
9.1063829787234
9.08510638297872
9.21276595744681
9.25531914893617
9.14893617021277
9.14893617021277
9.17021276595745
9.17021276595745
9.29787234042553
9.36170212765957
9.25531914893617
9.17021276595745
9.02127659574468
8.97872340425532
8.97872340425532
9
8.93617021276596
8.87234042553191
8.85106382978723
8.87234042553191
8.82978723404255
8.68085106382979
