0
0
0
0
0
0
0
0
0
0
0
0
0
0
0
0
0
0
0
0
0
0
2.60869565217391
2.47826086956522
2.34782608695652
2.21739130434783
2.08695652173913
2.08695652173913
2.04347826086957
2
1.73913043478261
1.60869565217391
1.43478260869565
1.39130434782609
1.21739130434783
1
1.04347826086957
1.04347826086957
0.956521739130435
0.956521739130435
0.956521739130435
0.956521739130435
0.869565217391304
0.826086956521739
0.739130434782609
0.695652173913043
0.739130434782609
0.739130434782609
0.695652173913043
0.695652173913043
0.652173913043478
0.695652173913043
0.652173913043478
0.652173913043478
0.608695652173913
0.565217391304348
0.521739130434783
0.434782608695652
0.391304347826087
0.347826086956522
0.347826086956522
0.304347826086957
0.304347826086957
0.304347826086957
0.260869565217391
0.260869565217391
0.260869565217391
0.260869565217391
0.260869565217391
0.217391304347826
0.173913043478261
0.173913043478261
0.173913043478261
0.173913043478261
0.130434782608696
0.130434782608696
0.130434782608696
0.130434782608696
0.173913043478261
0.130434782608696
0.173913043478261
0.173913043478261
0.130434782608696
0.217391304347826
0.260869565217391
0.260869565217391
0.260869565217391
0.260869565217391
0.304347826086957
0.260869565217391
0.391304347826087
0.478260869565217
0.608695652173913
0.608695652173913
0.608695652173913
0.652173913043478
0.782608695652174
0.782608695652174
0.826086956521739
0.956521739130435
1
1
1.08695652173913
1.04347826086957
1.08695652173913
1.17391304347826
1.08695652173913
1.08695652173913
1.26086956521739
1.26086956521739
1.30434782608696
1.34782608695652
1.47826086956522
1.47826086956522
1.56521739130435
1.52173913043478
1.69565217391304
1.91304347826087
2.04347826086957
2.08695652173913
2.17391304347826
2.43478260869565
2.60869565217391
2.82608695652174
3
3.04347826086957
3.21739130434783
3.21739130434783
3.30434782608696
3.34782608695652
3.65217391304348
3.60869565217391
3.78260869565217
3.95652173913043
4.17391304347826
4.30434782608696
4.43478260869565
4.60869565217391
4.82608695652174
4.82608695652174
4.8695652173913
4.73913043478261
4.78260869565217
5.08695652173913
4.8695652173913
4.56521739130435
4.43478260869565
4.52173913043478
4.56521739130435
4.65217391304348
4.69565217391304
4.73913043478261
4.95652173913043
4.8695652173913
4.95652173913043
5.04347826086957
5.04347826086957
4.82608695652174
4.91304347826087
5.1304347826087
5.08695652173913
5.08695652173913
5.08695652173913
5.26086956521739
5.43478260869565
5.65217391304348
5.47826086956522
5.91304347826087
5.95652173913043
6.30434782608696
6.1304347826087
6.26086956521739
6.21739130434783
6.39130434782609
6.47826086956522
6.56521739130435
6.56521739130435
6.65217391304348
6.73913043478261
7.21739130434783
7.82608695652174
7.8695652173913
7.82608695652174
7.82608695652174
7.82608695652174
8
7.8695652173913
7.91304347826087
7.73913043478261
7.82608695652174
7.52173913043478
7.95652173913043
7.65217391304348
7.8695652173913
8.1304347826087
8.39130434782609
8.52173913043478
8.60869565217391
8.65217391304348
8.78260869565217
9.04347826086956
8.82608695652174
8.43478260869565
8.43478260869565
8.56521739130435
8.34782608695652
8.26086956521739
8.26086956521739
8.17391304347826
8.17391304347826
8.04347826086956
7.95652173913043
7.82608695652174
7.91304347826087
7.65217391304348
8
7.95652173913043
7.73913043478261
7.56521739130435
7.43478260869565
7.30434782608696
7.17391304347826
7.08695652173913
6.65217391304348
6.73913043478261
6.56521739130435
6.47826086956522
6.47826086956522
6.56521739130435
6.52173913043478
6.43478260869565
6.52173913043478
6.34782608695652
6.52173913043478
6.82608695652174
7.04347826086957
6.95652173913043
7.17391304347826
6.95652173913043
7.34782608695652
7.43478260869565
7.39130434782609
7.47826086956522
7.39130434782609
7.65217391304348
7.60869565217391
7.78260869565217
7.82608695652174
8.08695652173913
7.91304347826087
7.52173913043478
7.56521739130435
7.60869565217391
7.73913043478261
7.73913043478261
7.8695652173913
7.82608695652174
7.47826086956522
7.17391304347826
7.30434782608696
7.04347826086957
7
6.73913043478261
6.52173913043478
6.47826086956522
6.34782608695652
6.34782608695652
5.8695652173913
5.8695652173913
5.78260869565217
5.60869565217391
5.39130434782609
5.04347826086957
5.04347826086957
4.78260869565217
4.69565217391304
4.56521739130435
4.39130434782609
4.43478260869565
4.30434782608696
4.39130434782609
4.39130434782609
4.17391304347826
4
3.8695652173913
3.47826086956522
3.34782608695652
3.1304347826087
3
2.91304347826087
3.1304347826087
3
2.8695652173913
2.91304347826087
2.8695652173913
2.8695652173913
2.82608695652174
2.78260869565217
2.82608695652174
2.65217391304348
2.47826086956522
2.26086956521739
2.17391304347826
1.95652173913043
1.91304347826087
1.78260869565217
1.8695652173913
1.82608695652174
1.82608695652174
1.73913043478261
1.73913043478261
1.65217391304348
1.60869565217391
1.34782608695652
1.21739130434783
1.1304347826087
1.04347826086957
0.91304347826087
0.91304347826087
0.869565217391304
0.869565217391304
0.695652173913043
0.695652173913043
0.695652173913043
0.608695652173913
0.565217391304348
0.565217391304348
0.608695652173913
0.652173913043478
0.608695652173913
0.521739130434783
0.521739130434783
0.565217391304348
0.565217391304348
0.565217391304348
0.521739130434783
0.521739130434783
0.565217391304348
0.565217391304348
0.521739130434783
0.565217391304348
0.478260869565217
0.434782608695652
0.391304347826087
0.391304347826087
0.347826086956522
0.347826086956522
0.347826086956522
0.391304347826087
0.391304347826087
0.304347826086957
0.260869565217391
0.217391304347826
0.217391304347826
0.173913043478261
0.173913043478261
0.173913043478261
0.173913043478261
0.173913043478261
0.173913043478261
0.130434782608696
0.173913043478261
0.173913043478261
0.130434782608696
0.173913043478261
0.173913043478261
0.173913043478261
0.173913043478261
0.173913043478261
0.173913043478261
0.173913043478261
0.130434782608696
0.130434782608696
0.173913043478261
0.173913043478261
0.173913043478261
0.173913043478261
0.173913043478261
0.130434782608696
0.130434782608696
0.173913043478261
0.260869565217391
0.304347826086957
0.304347826086957
0.391304347826087
0.521739130434783
0.565217391304348
0.608695652173913
0.652173913043478
0.782608695652174
0.826086956521739
0.869565217391304
1.39130434782609
1.56521739130435
1.82608695652174
1.91304347826087
1.95652173913043
2.08695652173913
2.08695652173913
2.26086956521739
2.78260869565217
3
3.21739130434783
3.78260869565217
3.78260869565217
3.73913043478261
3.78260869565217
3.82608695652174
3.73913043478261
3.82608695652174
4.39130434782609
5.08695652173913
5.43478260869565
6.52173913043478
6.78260869565217
6.47826086956522
6.52173913043478
6.91304347826087
7.1304347826087
7.30434782608696
7.43478260869565
7.69565217391304
7.82608695652174
7.34782608695652
7.69565217391304
7.73913043478261
7.39130434782609
7.47826086956522
7.60869565217391
7.8695652173913
7.82608695652174
7.95652173913043
8.1304347826087
7.65217391304348
7.17391304347826
6.8695652173913
5.95652173913043
5.78260869565217
6.43478260869565
7.8695652173913
7.73913043478261
7.60869565217391
7.47826086956522
7.52173913043478
7.47826086956522
7.26086956521739
7.47826086956522
7.04347826086957
6.95652173913043
6.82608695652174
6.8695652173913
6.8695652173913
7.26086956521739
7.8695652173913
8.04347826086956
7.82608695652174
7.82608695652174
7.73913043478261
7.73913043478261
7.73913043478261
7.8695652173913
7.26086956521739
6.60869565217391
6.52173913043478
6.60869565217391
6.69565217391304
6.56521739130435
6.39130434782609
6.56521739130435
6.39130434782609
6.47826086956522
6.60869565217391
6.60869565217391
7.39130434782609
7.52173913043478
6.95652173913043
6.60869565217391
6.47826086956522
6.43478260869565
6.43478260869565
6.39130434782609
6.34782608695652
6.30434782608696
6.08695652173913
6.08695652173913
5.34782608695652
5.1304347826087
6
6.04347826086957
6.08695652173913
6.30434782608696
7.1304347826087
7.34782608695652
7.43478260869565
7.30434782608696
7.56521739130435
7.34782608695652
7.21739130434783
7.34782608695652
7.73913043478261
7.65217391304348
7.69565217391304
7.82608695652174
8.1304347826087
8.1304347826087
8.26086956521739
8.21739130434783
8.17391304347826
8.08695652173913
8
7
6.82608695652174
6.82608695652174
6.65217391304348
5.8695652173913
5.78260869565217
5.91304347826087
7.17391304347826
7.39130434782609
6.95652173913043
7.34782608695652
7.26086956521739
6.78260869565217
6.8695652173913
6.8695652173913
6.8695652173913
6.73913043478261
6.95652173913043
6.78260869565217
7.1304347826087
7.17391304347826
7.21739130434783
7.39130434782609
7.56521739130435
7.65217391304348
7.82608695652174
8.04347826086956
8.08695652173913
8.1304347826087
8.1304347826087
6.8695652173913
6.52173913043478
6.34782608695652
5.8695652173913
5.8695652173913
5.78260869565217
5.69565217391304
5.65217391304348
5.47826086956522
5.30434782608696
5.1304347826087
5.30434782608696
5.39130434782609
5.26086956521739
5.1304347826087
4.8695652173913
4.69565217391304
4.73913043478261
4.43478260869565
4.26086956521739
4
3.95652173913043
3.52173913043478
3.52173913043478
3.43478260869565
3.43478260869565
3.52173913043478
3.52173913043478
3.39130434782609
3.39130434782609
3.52173913043478
3.43478260869565
3.34782608695652
3.39130434782609
3.08695652173913
2.65217391304348
2.60869565217391
2.56521739130435
2.69565217391304
2.56521739130435
2.47826086956522
2.43478260869565
2.34782608695652
2.39130434782609
2.34782608695652
2.43478260869565
2.26086956521739
2.21739130434783
2.30434782608696
2.21739130434783
2.08695652173913
2.04347826086957
1.91304347826087
1.78260869565217
1.8695652173913
1.95652173913043
1.82608695652174
2
2.04347826086957
2.04347826086957
2.04347826086957
1.8695652173913
1.8695652173913
1.78260869565217
1.82608695652174
1.78260869565217
1.69565217391304
1.52173913043478
1.47826086956522
1.47826086956522
1.39130434782609
1.1304347826087
1.1304347826087
1.08695652173913
1.04347826086957
1.08695652173913
1.08695652173913
1
0.869565217391304
0.782608695652174
0.652173913043478
0.608695652173913
0.521739130434783
0.478260869565217
0.478260869565217
0.478260869565217
0.478260869565217
0.391304347826087
0.391304347826087
0.347826086956522
0.347826086956522
0.304347826086957
0.304347826086957
0.260869565217391
0.260869565217391
0.217391304347826
0.217391304347826
0.260869565217391
0.217391304347826
0.173913043478261
0.130434782608696
0.130434782608696
0.130434782608696
0.0869565217391304
0.0869565217391304
0.0869565217391304
0.0869565217391304
0.130434782608696
0.130434782608696
0.0869565217391304
0.0869565217391304
0.0869565217391304
0.0869565217391304
0.0869565217391304
0.0869565217391304
0.0869565217391304
0.0869565217391304
0.0869565217391304
0.0869565217391304
0.0869565217391304
0.0869565217391304
0.173913043478261
0.173913043478261
0.173913043478261
0.217391304347826
0.217391304347826
0.217391304347826
0.217391304347826
0.304347826086957
0.304347826086957
0.260869565217391
0.782608695652174
0.826086956521739
0.869565217391304
0.91304347826087
1.56521739130435
1.8695652173913
2.04347826086957
2.08695652173913
2.08695652173913
2.21739130434783
2.39130434782609
2.56521739130435
2.65217391304348
2.91304347826087
3.04347826086957
3.21739130434783
3.43478260869565
3.56521739130435
3.69565217391304
3.95652173913043
3.91304347826087
4.1304347826087
4.30434782608696
4.04347826086957
4.26086956521739
4.34782608695652
4.52173913043478
4
4.82608695652174
5.73913043478261
6.1304347826087
6.56521739130435
6.43478260869565
6.52173913043478
6.43478260869565
6.69565217391304
6.95652173913043
7.34782608695652
7.21739130434783
7.8695652173913
8
8.04347826086956
8.04347826086956
8.65217391304348
8.52173913043478
8.78260869565217
8.82608695652174
8.69565217391304
8.8695652173913
8.73913043478261
8.8695652173913
7.78260869565217
6.73913043478261
6.43478260869565
6.30434782608696
6.69565217391304
7.56521739130435
7.91304347826087
7.65217391304348
7.21739130434783
7.78260869565217
8.1304347826087
7.34782608695652
7.47826086956522
7.78260869565217
7.91304347826087
7.73913043478261
7.95652173913043
7.65217391304348
7.60869565217391
7.82608695652174
7.78260869565217
7.95652173913043
7.95652173913043
8.04347826086956
8.1304347826087
8.1304347826087
7.91304347826087
7.78260869565217
6.8695652173913
7.47826086956522
8.82608695652174
8.91304347826087
8
7.91304347826087
8.1304347826087
7.82608695652174
7.73913043478261
7.47826086956522
7.26086956521739
7
7.1304347826087
6.91304347826087
6.78260869565217
6.65217391304348
6.56521739130435
6.56521739130435
6.47826086956522
6.52173913043478
6.60869565217391
6.8695652173913
6.91304347826087
6.91304347826087
6.1304347826087
4.78260869565217
4.60869565217391
4.52173913043478
4.39130434782609
4.21739130434783
4.26086956521739
4
4.21739130434783
4.21739130434783
4.30434782608696
4.26086956521739
4.52173913043478
4.39130434782609
4.30434782608696
4.21739130434783
4.17391304347826
4.52173913043478
4.60869565217391
4.73913043478261
4.47826086956522
4.39130434782609
4.34782608695652
4.26086956521739
4.26086956521739
4.30434782608696
4.43478260869565
4.47826086956522
5.21739130434783
5.95652173913043
6.26086956521739
6.60869565217391
6.52173913043478
6.60869565217391
6.73913043478261
6.56521739130435
6.78260869565217
7.17391304347826
7.34782608695652
7.47826086956522
7.47826086956522
7.8695652173913
7.78260869565217
8
8.17391304347826
8.30434782608696
8.73913043478261
8.82608695652174
8.95652173913044
8.95652173913044
9.08695652173913
8.26086956521739
7.73913043478261
7.65217391304348
7.04347826086957
7.1304347826087
7.34782608695652
7.08695652173913
7.08695652173913
6.82608695652174
6.82608695652174
6.95652173913043
6.8695652173913
6.69565217391304
6.30434782608696
6.34782608695652
6.21739130434783
5.82608695652174
5.78260869565217
5.43478260869565
5.47826086956522
5.34782608695652
5.26086956521739
4.91304347826087
5
4.91304347826087
4.69565217391304
4.8695652173913
4.73913043478261
4.43478260869565
4.39130434782609
4.43478260869565
4.65217391304348
4.34782608695652
4
3.73913043478261
3.91304347826087
3.82608695652174
3.65217391304348
3.60869565217391
3.69565217391304
3.47826086956522
3.34782608695652
3.1304347826087
3.04347826086957
2.95652173913043
3.08695652173913
2.95652173913043
2.8695652173913
2.78260869565217
2.60869565217391
2.56521739130435
2.43478260869565
2.43478260869565
2.26086956521739
2
1.91304347826087
1.8695652173913
1.91304347826087
1.52173913043478
1.34782608695652
1.21739130434783
1.1304347826087
1.1304347826087
1.08695652173913
1.04347826086957
1.04347826086957
1.04347826086957
1.04347826086957
0.956521739130435
0.91304347826087
0.739130434782609
0.826086956521739
0.869565217391304
0.826086956521739
0.826086956521739
0.782608695652174
0.782608695652174
0.782608695652174
0.739130434782609
0.739130434782609
0.695652173913043
0.739130434782609
0.739130434782609
0.782608695652174
0.739130434782609
0.652173913043478
0.652173913043478
0.565217391304348
0.521739130434783
0.478260869565217
0.434782608695652
0.391304347826087
0.434782608695652
0.478260869565217
0.347826086956522
0.217391304347826
0.173913043478261
0.173913043478261
0.217391304347826
0.260869565217391
0.260869565217391
0.260869565217391
0.260869565217391
0.260869565217391
0.217391304347826
0.217391304347826
0.173913043478261
0.173913043478261
0.173913043478261
0.173913043478261
0.173913043478261
0.173913043478261
0.173913043478261
0.217391304347826
0.217391304347826
0.173913043478261
0.130434782608696
0.173913043478261
0.260869565217391
0.260869565217391
0.260869565217391
0.217391304347826
0.173913043478261
0.173913043478261
0.173913043478261
0.217391304347826
0.347826086956522
0.391304347826087
0.521739130434783
0.521739130434783
0.565217391304348
0.608695652173913
0.608695652173913
0.608695652173913
0.739130434782609
0.826086956521739
0.826086956521739
0.91304347826087
0.956521739130435
1.04347826086957
1
0.956521739130435
0.956521739130435
1.17391304347826
1.34782608695652
1.47826086956522
1.52173913043478
1.56521739130435
1.56521739130435
1.52173913043478
1.60869565217391
1.56521739130435
1.78260869565217
1.82608695652174
1.8695652173913
2.21739130434783
2.43478260869565
2.60869565217391
2.56521739130435
2.78260869565217
3
3.39130434782609
3.73913043478261
3.91304347826087
4.26086956521739
4.47826086956522
4.39130434782609
4.43478260869565
4.52173913043478
4.65217391304348
4.82608695652174
5.1304347826087
5.21739130434783
5.34782608695652
5.30434782608696
5.30434782608696
5.34782608695652
5.56521739130435
5.60869565217391
5.56521739130435
5.30434782608696
5.43478260869565
5.39130434782609
5.1304347826087
4.91304347826087
4.60869565217391
4.69565217391304
4.60869565217391
4.65217391304348
4.91304347826087
4.8695652173913
5.1304347826087
5.30434782608696
5.21739130434783
5.30434782608696
5.21739130434783
5.26086956521739
5.56521739130435
5.91304347826087
6
5.8695652173913
5.56521739130435
5.43478260869565
5.69565217391304
5.82608695652174
5.82608695652174
6.04347826086957
5.91304347826087
6.17391304347826
6.17391304347826
6.08695652173913
6.21739130434783
6.21739130434783
6.56521739130435
6.26086956521739
6.47826086956522
6.73913043478261
6.69565217391304
6.91304347826087
7.17391304347826
7.17391304347826
6.82608695652174
7
7.08695652173913
7.34782608695652
7.56521739130435
7.52173913043478
7.73913043478261
7.91304347826087
7.91304347826087
8.26086956521739
7.95652173913043
7.91304347826087
8.26086956521739
8.1304347826087
8.08695652173913
8.04347826086956
8.30434782608696
7.91304347826087
8.17391304347826
8.08695652173913
7.8695652173913
7.73913043478261
7.65217391304348
7.47826086956522
7.43478260869565
7.30434782608696
7.21739130434783
7.17391304347826
7.21739130434783
6.95652173913043
7.04347826086957
6.95652173913043
7
7.17391304347826
7.30434782608696
6.95652173913043
6.91304347826087
6.91304347826087
6.73913043478261
6.65217391304348
6.69565217391304
6.1304347826087
6.39130434782609
6.47826086956522
6.30434782608696
6.39130434782609
6.60869565217391
6.60869565217391
6.78260869565217
6.65217391304348
6.65217391304348
6.65217391304348
6.65217391304348
6.52173913043478
6.91304347826087
7.1304347826087
7.21739130434783
7.34782608695652
7.69565217391304
7.78260869565217
8
8.1304347826087
8.34782608695652
8.47826086956522
8.69565217391304
8.52173913043478
8.78260869565217
9
9.1304347826087
9.17391304347826
9.21739130434783
9.34782608695652
9.73913043478261
9.82608695652174
9.82608695652174
9.82608695652174
9.78260869565217
9.43478260869565
9.26086956521739
9.1304347826087
8.82608695652174
8.65217391304348
8.47826086956522
8.1304347826087
7.95652173913043
7.73913043478261
7.73913043478261
7.69565217391304
7.69565217391304
7.52173913043478
7.43478260869565
7.04347826086957
7
6.95652173913043
6.65217391304348
6.17391304347826
6.1304347826087
6
5.95652173913043
5.82608695652174
5.78260869565217
5.34782608695652
5.26086956521739
5.26086956521739
5
5.08695652173913
4.95652173913043
4.69565217391304
4.47826086956522
4.21739130434783
4.1304347826087
3.82608695652174
3.56521739130435
3.17391304347826
3.26086956521739
3.08695652173913
2.82608695652174
2.78260869565217
2.78260869565217
2.65217391304348
2.47826086956522
2.34782608695652
2.17391304347826
2
2
1.8695652173913
1.69565217391304
1.69565217391304
1.52173913043478
1.52173913043478
1.60869565217391
1.52173913043478
1.47826086956522
1.47826086956522
1.39130434782609
1.39130434782609
1.39130434782609
1.21739130434783
1.1304347826087
1.08695652173913
1
0.956521739130435
0.826086956521739
0.826086956521739
0.739130434782609
0.739130434782609
0.739130434782609
0.652173913043478
0.652173913043478
0.652173913043478
0.565217391304348
0.565217391304348
0.478260869565217
0.478260869565217
0.434782608695652
0.391304347826087
0.260869565217391
0.260869565217391
0.260869565217391
0.260869565217391
0.260869565217391
0.260869565217391
0.304347826086957
0.391304347826087
0.391304347826087
0.391304347826087
0.391304347826087
0.391304347826087
0.391304347826087
0.391304347826087
0.391304347826087
0.391304347826087
0.391304347826087
0.347826086956522
0.391304347826087
0.434782608695652
0.347826086956522
0.391304347826087
0.391304347826087
0.347826086956522
0.347826086956522
0.391304347826087
0.434782608695652
0.434782608695652
0.434782608695652
0.391304347826087
0.391304347826087
0.391304347826087
0.391304347826087
0.434782608695652
0.434782608695652
0.478260869565217
0.478260869565217
0.478260869565217
0.478260869565217
0.478260869565217
0.565217391304348
0.565217391304348
0.521739130434783
0.521739130434783
0.608695652173913
0.782608695652174
0.869565217391304
0.956521739130435
0.91304347826087
1.04347826086957
1.17391304347826
1.30434782608696
1.34782608695652
1.39130434782609
1.52173913043478
1.60869565217391
1.78260869565217
2.30434782608696
2.47826086956522
2.52173913043478
2.78260869565217
2.82608695652174
3
3.04347826086957
3.04347826086957
3.17391304347826
3.34782608695652
3.30434782608696
3.17391304347826
3.26086956521739
3.26086956521739
3.34782608695652
3.30434782608696
3.56521739130435
3.56521739130435
3.95652173913043
4.08695652173913
4.17391304347826
4.26086956521739
4.17391304347826
3.82608695652174
3.69565217391304
3.91304347826087
3.69565217391304
3.78260869565217
3.82608695652174
3.78260869565217
3.78260869565217
3.82608695652174
3.95652173913043
4.1304347826087
4.26086956521739
4.30434782608696
4.43478260869565
4.60869565217391
4.69565217391304
4.47826086956522
4.65217391304348
4.60869565217391
4.65217391304348
4.65217391304348
4.69565217391304
4.82608695652174
4.95652173913043
5.04347826086957
4.95652173913043
5.34782608695652
5.52173913043478
5.47826086956522
5.73913043478261
6.04347826086957
6.26086956521739
6.30434782608696
6.30434782608696
6.34782608695652
6.26086956521739
6.21739130434783
6.1304347826087
6.21739130434783
6.30434782608696
6.21739130434783
6
5.95652173913043
5.82608695652174
5.78260869565217
5.95652173913043
5.91304347826087
5.82608695652174
6.1304347826087
6.08695652173913
6
6.04347826086957
6.17391304347826
6
6.04347826086957
6.08695652173913
6.21739130434783
6.43478260869565
6.52173913043478
6.47826086956522
6.60869565217391
6.56521739130435
6.69565217391304
7.08695652173913
7.30434782608696
7.43478260869565
7.69565217391304
7.73913043478261
7.73913043478261
7.82608695652174
7.91304347826087
7.78260869565217
7.78260869565217
7.82608695652174
7.82608695652174
7.69565217391304
7.78260869565217
7.69565217391304
7.47826086956522
7.21739130434783
6.95652173913043
7.17391304347826
7.43478260869565
7.17391304347826
7.26086956521739
7.08695652173913
6.82608695652174
6.56521739130435
6.47826086956522
6.47826086956522
6.60869565217391
6.30434782608696
6.39130434782609
6.69565217391304
6.47826086956522
6.30434782608696
6.43478260869565
6.47826086956522
6.39130434782609
6.56521739130435
6.56521739130435
6.69565217391304
7.04347826086957
7.17391304347826
7.1304347826087
6.95652173913043
7.17391304347826
7.34782608695652
7.69565217391304
7.78260869565217
7.95652173913043
7.91304347826087
7.95652173913043
8.1304347826087
8.65217391304348
8.69565217391304
8.34782608695652
8.39130434782609
8.69565217391304
8.69565217391304
8.60869565217391
8.91304347826087
8.82608695652174
8.82608695652174
9
9.1304347826087
9.26086956521739
9.21739130434783
9.39130434782609
9.78260869565217
9.56521739130435
9.39130434782609
9.34782608695652
9.52173913043478
9.82608695652174
9.73913043478261
9.52173913043478
9.26086956521739
9.17391304347826
9.21739130434783
9.34782608695652
9.21739130434783
9.04347826086956
9.1304347826087
8.95652173913044
8.73913043478261
8.8695652173913
8.56521739130435
8.08695652173913
7.69565217391304
7.47826086956522
7.21739130434783
6.65217391304348
6.65217391304348
6.39130434782609
6.17391304347826
5.69565217391304
5.21739130434783
5
4.78260869565217
4.47826086956522
4.39130434782609
4.26086956521739
3.95652173913043
3.65217391304348
3.56521739130435
3.34782608695652
3.04347826086957
2.91304347826087
2.56521739130435
2.43478260869565
2.39130434782609
2.34782608695652
2.26086956521739
2.21739130434783
2.1304347826087
1.82608695652174
1.69565217391304
1.52173913043478
1.52173913043478
1.52173913043478
1.52173913043478
1.43478260869565
1.34782608695652
1.08695652173913
1.08695652173913
1.1304347826087
1.04347826086957
0.956521739130435
0.91304347826087
0.826086956521739
0.782608695652174
0.695652173913043
0.652173913043478
0.565217391304348
0.565217391304348
0.521739130434783
0.478260869565217
0.478260869565217
0.521739130434783
0.521739130434783
0.521739130434783
0.521739130434783
0.434782608695652
0.391304347826087
0.391304347826087
0.391304347826087
0.347826086956522
0.304347826086957
0.260869565217391
0.304347826086957
0.260869565217391
0.260869565217391
0.260869565217391
0.260869565217391
0.217391304347826
0.217391304347826
0.217391304347826
0.217391304347826
0.217391304347826
0.173913043478261
0.173913043478261
0.130434782608696
0.130434782608696
0.173913043478261
0.130434782608696
0.130434782608696
0.0869565217391304
0.0869565217391304
0.0869565217391304
0.0869565217391304
0.0869565217391304
0.0869565217391304
0.0434782608695652
0.0434782608695652
0.0434782608695652
0.0434782608695652
0.0434782608695652
0.0869565217391304
0.0869565217391304
0.0869565217391304
0.0869565217391304
0.0869565217391304
0.0869565217391304
0.0869565217391304
0.0869565217391304
0.130434782608696
0.0869565217391304
0.0869565217391304
0.0869565217391304
0.0869565217391304
0.0869565217391304
0.0869565217391304
0.304347826086957
0.347826086956522
0.565217391304348
0.826086956521739
1.30434782608696
2.65217391304348
2.8695652173913
2.91304347826087
2.8695652173913
2.91304347826087
3.04347826086957
3.04347826086957
3.26086956521739
3.34782608695652
3.65217391304348
3.82608695652174
3.91304347826087
4
4.08695652173913
4.21739130434783
4.34782608695652
4.52173913043478
4.91304347826087
4.82608695652174
4.82608695652174
4.69565217391304
4.52173913043478
4.21739130434783
2.91304347826087
2.8695652173913
3.08695652173913
3.34782608695652
3.43478260869565
3.43478260869565
3.47826086956522
3.56521739130435
4.34782608695652
4.26086956521739
4.39130434782609
5.52173913043478
5.65217391304348
5.73913043478261
5.8695652173913
5.95652173913043
5.95652173913043
5.95652173913043
6
6.1304347826087
6.34782608695652
6.43478260869565
6.43478260869565
6.43478260869565
6.43478260869565
6.56521739130435
6.52173913043478
7.34782608695652
7.69565217391304
7.8695652173913
7.78260869565217
7.17391304347826
7.21739130434783
6.95652173913043
5.78260869565217
5.82608695652174
5.69565217391304
5.60869565217391
5.60869565217391
5.52173913043478
5.47826086956522
5.43478260869565
5.43478260869565
5.34782608695652
5.34782608695652
5.30434782608696
5.39130434782609
5.52173913043478
5.17391304347826
5.08695652173913
4.26086956521739
4.43478260869565
4.95652173913043
6
5.91304347826087
5.8695652173913
6.26086956521739
6.21739130434783
6.1304347826087
6.34782608695652
6.43478260869565
6.47826086956522
6.91304347826087
6.95652173913043
7.47826086956522
7.95652173913043
8.1304347826087
8.26086956521739
8.47826086956522
8.60869565217391
8.52173913043478
8.60869565217391
8.69565217391304
8.8695652173913
8.56521739130435
8.04347826086956
7.1304347826087
7.30434782608696
7.34782608695652
7.1304347826087
8.39130434782609
8.39130434782609
8.56521739130435
8.69565217391304
8.95652173913044
9.08695652173913
9.91304347826087
9.69565217391304
9.43478260869565
9.43478260869565
9.30434782608696
9.17391304347826
9.1304347826087
9.1304347826087
9.17391304347826
9.21739130434783
9
8.73913043478261
8.73913043478261
8.60869565217391
8.34782608695652
8.30434782608696
8.43478260869565
7.69565217391304
7.82608695652174
7.56521739130435
7.52173913043478
8.04347826086956
7.65217391304348
6.78260869565217
6.78260869565217
6.69565217391304
6.34782608695652
6.34782608695652
6.52173913043478
6.34782608695652
6.39130434782609
6.69565217391304
6.60869565217391
6.73913043478261
7.08695652173913
7.17391304347826
7.21739130434783
7.39130434782609
7.43478260869565
7.43478260869565
7.04347826086957
7.04347826086957
7.17391304347826
7.1304347826087
6.21739130434783
6.1304347826087
6.17391304347826
6.08695652173913
6.26086956521739
6.43478260869565
6.56521739130435
6.30434782608696
6.56521739130435
6.73913043478261
6.60869565217391
6.78260869565217
6.69565217391304
6.47826086956522
6.47826086956522
6.56521739130435
6.73913043478261
6.82608695652174
6.95652173913043
7
7
7.1304347826087
7.04347826086957
7
6.91304347826087
6.73913043478261
6.52173913043478
6.30434782608696
6.30434782608696
6.17391304347826
6.26086956521739
6.1304347826087
5.82608695652174
5.60869565217391
5.39130434782609
5.56521739130435
5.56521739130435
5.39130434782609
5.17391304347826
4.8695652173913
4.52173913043478
4.26086956521739
4.1304347826087
4
3.65217391304348
3.56521739130435
3.78260869565217
3.69565217391304
3.56521739130435
3.47826086956522
3.34782608695652
3.21739130434783
3.17391304347826
3.04347826086957
2.91304347826087
2.8695652173913
2.95652173913043
2.82608695652174
2.56521739130435
2.43478260869565
2.30434782608696
2.17391304347826
2.08695652173913
2.08695652173913
1.95652173913043
1.8695652173913
1.69565217391304
1.60869565217391
1.47826086956522
1.17391304347826
1.21739130434783
1.17391304347826
1.17391304347826
1.08695652173913
1
0.869565217391304
0.782608695652174
0.826086956521739
0.739130434782609
0.521739130434783
0.521739130434783
0.478260869565217
0.434782608695652
0.478260869565217
0.478260869565217
0.434782608695652
0.434782608695652
0.347826086956522
0.347826086956522
0.347826086956522
0.347826086956522
0.347826086956522
0.347826086956522
0.304347826086957
0.260869565217391
0.260869565217391
0.217391304347826
0.217391304347826
0.217391304347826
0.217391304347826
0.130434782608696
0.130434782608696
0.173913043478261
0.217391304347826
0.217391304347826
0.217391304347826
0.217391304347826
0.217391304347826
0.217391304347826
0.260869565217391
0.260869565217391
0.304347826086957
0.347826086956522
0.434782608695652
0.434782608695652
0.434782608695652
0.434782608695652
0.434782608695652
0.434782608695652
0.478260869565217
0.521739130434783
0.608695652173913
0.608695652173913
0.608695652173913
0.695652173913043
0.695652173913043
0.652173913043478
0.695652173913043
0.739130434782609
0.869565217391304
0.91304347826087
0.91304347826087
0.91304347826087
1
1.04347826086957
1.04347826086957
1
1.08695652173913
1.17391304347826
1.26086956521739
1.47826086956522
1.65217391304348
1.65217391304348
1.73913043478261
1.8695652173913
2.04347826086957
2.04347826086957
2
2.08695652173913
2.21739130434783
2.26086956521739
2.47826086956522
2.39130434782609
2.52173913043478
2.73913043478261
2.95652173913043
3
3.21739130434783
3.34782608695652
3.47826086956522
3.65217391304348
3.78260869565217
4.04347826086957
4.1304347826087
4.30434782608696
4.52173913043478
5.17391304347826
5.26086956521739
5.30434782608696
5.65217391304348
5.78260869565217
5.69565217391304
5.69565217391304
6.04347826086957
6
6.26086956521739
6.21739130434783
6.17391304347826
6.08695652173913
6.1304347826087
6.21739130434783
6.21739130434783
6.47826086956522
6.43478260869565
6.47826086956522
6.43478260869565
6.39130434782609
6.34782608695652
6.30434782608696
5.82608695652174
5.73913043478261
5.78260869565217
5.56521739130435
5.52173913043478
5.69565217391304
5.91304347826087
5.69565217391304
5.73913043478261
5.60869565217391
5.60869565217391
5.78260869565217
5.78260869565217
5.8695652173913
5.73913043478261
5.91304347826087
5.78260869565217
5.8695652173913
6
6
5.91304347826087
5.82608695652174
5.91304347826087
5.82608695652174
5.95652173913043
5.8695652173913
5.91304347826087
6.08695652173913
5.95652173913043
5.8695652173913
5.82608695652174
5.82608695652174
5.95652173913043
6.08695652173913
5.8695652173913
5.82608695652174
5.73913043478261
5.82608695652174
5.78260869565217
5.95652173913043
5.95652173913043
5.95652173913043
5.8695652173913
6.26086956521739
6.30434782608696
6.43478260869565
6.56521739130435
6.43478260869565
6.47826086956522
6.82608695652174
6.65217391304348
7
7.1304347826087
7.1304347826087
7.04347826086957
7
6.91304347826087
7.04347826086957
7.17391304347826
7.26086956521739
7.1304347826087
7.21739130434783
7.1304347826087
7.08695652173913
6.95652173913043
7.17391304347826
6.8695652173913
6.95652173913043
6.8695652173913
6.73913043478261
6.65217391304348
6.8695652173913
6.47826086956522
6.78260869565217
6.65217391304348
6.78260869565217
7
6.95652173913043
6.8695652173913
7.04347826086957
7.1304347826087
7.21739130434783
7.1304347826087
7.39130434782609
7.21739130434783
7.60869565217391
8.08695652173913
8.1304347826087
7.95652173913043
7.95652173913043
7.91304347826087
7.78260869565217
8.17391304347826
8.39130434782609
8.43478260869565
8.52173913043478
8.56521739130435
8.78260869565217
8.52173913043478
8.60869565217391
8.82608695652174
9.17391304347826
9.39130434782609
9.43478260869565
9.43478260869565
9.52173913043478
9.39130434782609
9.60869565217391
9.1304347826087
8.91304347826087
8.73913043478261
8.82608695652174
8.91304347826087
9
9.21739130434783
9.04347826086956
8.91304347826087
8.60869565217391
8.69565217391304
8.69565217391304
8.52173913043478
8.60869565217391
8.34782608695652
8.21739130434783
7.82608695652174
7.65217391304348
7.34782608695652
7.34782608695652
7.39130434782609
7.34782608695652
7.21739130434783
7.17391304347826
6.82608695652174
6.95652173913043
6.73913043478261
6.73913043478261
6.43478260869565
6.26086956521739
5.8695652173913
5.82608695652174
5.78260869565217
5.56521739130435
5.1304347826087
4.8695652173913
4.56521739130435
4.47826086956522
4.30434782608696
4.17391304347826
3.8695652173913
3.8695652173913
3.60869565217391
3.30434782608696
3.04347826086957
2.78260869565217
2.56521739130435
2.43478260869565
2.17391304347826
2.08695652173913
1.73913043478261
1.65217391304348
1.43478260869565
1.43478260869565
1.26086956521739
1.17391304347826
1.08695652173913
1.1304347826087
1.08695652173913
1.04347826086957
0.956521739130435
0.869565217391304
0.826086956521739
0.782608695652174
0.695652173913043
0.652173913043478
0.652173913043478
0.652173913043478
0.652173913043478
0.652173913043478
0.608695652173913
0.608695652173913
0.565217391304348
0.608695652173913
0.608695652173913
0.565217391304348
0.521739130434783
0.521739130434783
0.478260869565217
0.478260869565217
0.391304347826087
0.347826086956522
0.347826086956522
0.304347826086957
0.304347826086957
0.304347826086957
0.260869565217391
0.260869565217391
0.217391304347826
0.217391304347826
0.173913043478261
0.130434782608696
0.0869565217391304
0.0869565217391304
0.0869565217391304
0.0869565217391304
0.0869565217391304
0.130434782608696
0.173913043478261
0.173913043478261
0.173913043478261
0.217391304347826
0.217391304347826
0.217391304347826
0.260869565217391
0.260869565217391
0.347826086956522
0.347826086956522
0.347826086956522
0.391304347826087
0.434782608695652
0.434782608695652
0.652173913043478
0.695652173913043
0.739130434782609
0.782608695652174
0.826086956521739
0.826086956521739
0.956521739130435
0.956521739130435
0.869565217391304
0.956521739130435
1.04347826086957
1.17391304347826
1.26086956521739
1.47826086956522
1.52173913043478
1.65217391304348
1.73913043478261
1.78260869565217
1.82608695652174
1.91304347826087
1.95652173913043
2.08695652173913
2.17391304347826
2.30434782608696
2.56521739130435
2.73913043478261
2.82608695652174
3.08695652173913
3.30434782608696
3.30434782608696
3.56521739130435
3.60869565217391
3.65217391304348
3.8695652173913
4.17391304347826
4.26086956521739
4.34782608695652
4.65217391304348
4.56521739130435
4.65217391304348
4.69565217391304
5.04347826086957
5.21739130434783
5.21739130434783
5.17391304347826
5.1304347826087
5
4.91304347826087
5.08695652173913
5.21739130434783
4.95652173913043
4.8695652173913
4.8695652173913
4.78260869565217
5.17391304347826
5.21739130434783
5.17391304347826
4.95652173913043
5
4.82608695652174
4.69565217391304
4.91304347826087
5.04347826086957
5.21739130434783
5.04347826086957
5
5.1304347826087
5.08695652173913
5.21739130434783
5.34782608695652
5.52173913043478
5.34782608695652
5.43478260869565
5.78260869565217
6
6.39130434782609
6.60869565217391
6.43478260869565
6.60869565217391
6.8695652173913
6.91304347826087
6.91304347826087
7
7.04347826086957
7.1304347826087
7.17391304347826
7
7
7.26086956521739
7.65217391304348
7.8695652173913
8
8
8.17391304347826
8.21739130434783
8.30434782608696
8.21739130434783
8.21739130434783
7.82608695652174
7.82608695652174
7.8695652173913
7.73913043478261
7.47826086956522
7.60869565217391
7.60869565217391
7.78260869565217
7.91304347826087
7.95652173913043
7.91304347826087
8.04347826086956
8.17391304347826
8
7.73913043478261
7.8695652173913
7.95652173913043
7.69565217391304
7.39130434782609
7.26086956521739
6.95652173913043
6.91304347826087
7.04347826086957
7.08695652173913
7.1304347826087
7.21739130434783
7.17391304347826
7.30434782608696
7.78260869565217
7.91304347826087
7.82608695652174
7.73913043478261
7.56521739130435
7.56521739130435
7.43478260869565
7.34782608695652
7.17391304347826
6.91304347826087
6.8695652173913
6.69565217391304
6.65217391304348
6.52173913043478
6.43478260869565
6.91304347826087
7
6.78260869565217
7.08695652173913
6.69565217391304
6.52173913043478
6.69565217391304
6.60869565217391
5.95652173913043
5.73913043478261
5.91304347826087
5.91304347826087
6.1304347826087
6.08695652173913
6.1304347826087
6.43478260869565
6.65217391304348
6.91304347826087
6.91304347826087
6.95652173913043
7.43478260869565
7.52173913043478
7.95652173913043
7.65217391304348
7.73913043478261
8
7.82608695652174
8
8.04347826086956
8.21739130434783
8.56521739130435
8.73913043478261
9.17391304347826
9.04347826086956
9.08695652173913
8.8695652173913
9.04347826086956
9.34782608695652
9.21739130434783
9.1304347826087
9
9
8.91304347826087
8.73913043478261
8.95652173913044
8.82608695652174
8.73913043478261
8.60869565217391
8.47826086956522
8.39130434782609
8.17391304347826
8.17391304347826
8
7.65217391304348
7.47826086956522
7.26086956521739
7
6.91304347826087
7.1304347826087
6.82608695652174
6.39130434782609
6.04347826086957
6.04347826086957
5.95652173913043
5.60869565217391
5.56521739130435
5.26086956521739
4.82608695652174
4.47826086956522
4.34782608695652
4.1304347826087
3.78260869565217
3.65217391304348
3.78260869565217
3.56521739130435
3.17391304347826
2.91304347826087
2.82608695652174
2.43478260869565
2.47826086956522
2.21739130434783
1.73913043478261
1.73913043478261
1.69565217391304
1.60869565217391
1.34782608695652
1.21739130434783
1.21739130434783
1.08695652173913
1.04347826086957
1.04347826086957
1.04347826086957
0.956521739130435
0.869565217391304
0.826086956521739
0.739130434782609
0.608695652173913
0.565217391304348
0.565217391304348
0.565217391304348
0.434782608695652
0.434782608695652
0.304347826086957
0.347826086956522
0.347826086956522
0.260869565217391
0.217391304347826
0.217391304347826
0.217391304347826
0.217391304347826
0.173913043478261
0.173913043478261
0.173913043478261
0.173913043478261
0.173913043478261
0.260869565217391
0.260869565217391
0.304347826086957
0.304347826086957
0.260869565217391
0.260869565217391
0.260869565217391
0.217391304347826
0.260869565217391
0.260869565217391
0.260869565217391
0.217391304347826
0.217391304347826
0.173913043478261
0.217391304347826
0.217391304347826
0.217391304347826
0.217391304347826
0.217391304347826
0.304347826086957
0.304347826086957
0.304347826086957
0.304347826086957
0.260869565217391
0.260869565217391
0.217391304347826
0.260869565217391
0.260869565217391
0.304347826086957
0.304347826086957
0.304347826086957
0.260869565217391
0.260869565217391
0.304347826086957
0.304347826086957
0.304347826086957
0.304347826086957
0.304347826086957
0.391304347826087
0.434782608695652
0.478260869565217
0.478260869565217
0.434782608695652
0.478260869565217
0.565217391304348
0.652173913043478
0.608695652173913
0.869565217391304
1.30434782608696
1.60869565217391
2.04347826086957
2.52173913043478
2.82608695652174
3.21739130434783
3.47826086956522
3.78260869565217
3.91304347826087
4.30434782608696
4.34782608695652
4.39130434782609
4.52173913043478
4.65217391304348
5.04347826086957
5.30434782608696
5.69565217391304
6.21739130434783
7.34782608695652
7.52173913043478
7.8695652173913
8.21739130434783
8.1304347826087
7.91304347826087
7.82608695652174
7.47826086956522
7.26086956521739
7.04347826086957
6.73913043478261
6.73913043478261
6.60869565217391
6.60869565217391
6.26086956521739
6.34782608695652
6.52173913043478
6.52173913043478
6.34782608695652
6.1304347826087
5.91304347826087
5.65217391304348
5.26086956521739
4.26086956521739
4.17391304347826
4
3.78260869565217
3.82608695652174
3.82608695652174
3.82608695652174
4.08695652173913
4
4.34782608695652
4.47826086956522
4.52173913043478
4.65217391304348
4.73913043478261
4.91304347826087
5.04347826086957
5.17391304347826
5.21739130434783
5.30434782608696
5.30434782608696
5.78260869565217
6.08695652173913
6.1304347826087
6.08695652173913
6.17391304347826
6.21739130434783
6.21739130434783
6.26086956521739
6.30434782608696
6.43478260869565
6.30434782608696
6.30434782608696
6.34782608695652
6.43478260869565
6.43478260869565
6.47826086956522
6.60869565217391
6.56521739130435
6.39130434782609
6.82608695652174
6.82608695652174
7.21739130434783
7.1304347826087
6.73913043478261
6.52173913043478
6.65217391304348
6.8695652173913
6.73913043478261
7
7.43478260869565
7.73913043478261
7.78260869565217
7.78260869565217
8.17391304347826
8.52173913043478
8.30434782608696
8.21739130434783
8.47826086956522
8.52173913043478
8.43478260869565
8.60869565217391
8.73913043478261
8.08695652173913
8.30434782608696
8.08695652173913
8.17391304347826
8.26086956521739
8.39130434782609
8.08695652173913
7.91304347826087
7.95652173913043
7.60869565217391
7.30434782608696
7.08695652173913
6.8695652173913
6.65217391304348
6.1304347826087
5.95652173913043
5.78260869565217
5.78260869565217
5.47826086956522
5.56521739130435
5.56521739130435
5.43478260869565
5.34782608695652
5.43478260869565
5.56521739130435
5.47826086956522
5.43478260869565
5.39130434782609
5.21739130434783
5.60869565217391
5.82608695652174
6
6.52173913043478
6.65217391304348
6.69565217391304
7.08695652173913
7.34782608695652
7.60869565217391
7.65217391304348
7.91304347826087
8.1304347826087
8.47826086956522
8.39130434782609
8.56521739130435
8.78260869565217
9.1304347826087
9.43478260869565
9.26086956521739
9.47826086956522
9.69565217391304
9.78260869565217
10.1304347826087
10.1304347826087
10.1304347826087
10.4347826086957
10.2608695652174
10.4347826086957
10.2608695652174
10.1739130434783
10.2173913043478
10.3478260869565
10.4347826086957
10.2608695652174
10.1304347826087
9.69565217391304
9.60869565217391
9.39130434782609
9.26086956521739
9.08695652173913
8.69565217391304
8.69565217391304
8.56521739130435
8.43478260869565
8.56521739130435
8.21739130434783
8.1304347826087
8.08695652173913
7.56521739130435
7.34782608695652
7
6.82608695652174
6.65217391304348
6.26086956521739
6
5.69565217391304
5.8695652173913
5.73913043478261
5.69565217391304
5.65217391304348
5.47826086956522
5.34782608695652
5.1304347826087
5.1304347826087
4.8695652173913
4.56521739130435
4.34782608695652
4
4
3.78260869565217
3.65217391304348
3.60869565217391
3.34782608695652
3.1304347826087
3.08695652173913
2.91304347826087
2.82608695652174
2.69565217391304
2.52173913043478
2.17391304347826
2.1304347826087
2
1.78260869565217
1.78260869565217
1.60869565217391
1.52173913043478
1.43478260869565
1.34782608695652
1.34782608695652
1.30434782608696
1.21739130434783
1.04347826086957
0.91304347826087
0.695652173913043
0.608695652173913
0.521739130434783
0.521739130434783
0.521739130434783
0.521739130434783
0.521739130434783
0.434782608695652
0.391304347826087
0.391304347826087
0.260869565217391
0.304347826086957
0.260869565217391
0.173913043478261
0.173913043478261
0.173913043478261
0.130434782608696
0.0869565217391304
0.0869565217391304
0.130434782608696
0.130434782608696
0.130434782608696
0.130434782608696
0.217391304347826
0.217391304347826
0.260869565217391
0.260869565217391
0.260869565217391
0.217391304347826
0.217391304347826
0.217391304347826
0.260869565217391
0.260869565217391
0.260869565217391
0.260869565217391
0.304347826086957
0.304347826086957
0.304347826086957
0.347826086956522
0.391304347826087
0.391304347826087
0.391304347826087
0.347826086956522
0.347826086956522
0.391304347826087
0.391304347826087
0.304347826086957
0.347826086956522
0.347826086956522
0.434782608695652
0.478260869565217
0.521739130434783
0.608695652173913
0.739130434782609
0.869565217391304
0.869565217391304
1.1304347826087
1.21739130434783
1.21739130434783
1.43478260869565
1.69565217391304
1.78260869565217
1.8695652173913
1.95652173913043
2.08695652173913
2.26086956521739
2.30434782608696
2.65217391304348
2.73913043478261
2.78260869565217
2.82608695652174
2.91304347826087
2.95652173913043
3.17391304347826
3.30434782608696
3.43478260869565
3.43478260869565
3.39130434782609
3.56521739130435
3.43478260869565
3.52173913043478
4.04347826086957
4.1304347826087
4.26086956521739
4.47826086956522
4.82608695652174
5.08695652173913
5.43478260869565
5.60869565217391
5.73913043478261
5.65217391304348
5.78260869565217
5.95652173913043
6.04347826086957
6.1304347826087
6.21739130434783
6.26086956521739
6.34782608695652
6.39130434782609
6.56521739130435
6.65217391304348
6.56521739130435
6.56521739130435
6.60869565217391
6.17391304347826
6.08695652173913
5.95652173913043
5.8695652173913
5.73913043478261
5.69565217391304
5.56521739130435
5.39130434782609
6.04347826086957
6.08695652173913
6.08695652173913
6.17391304347826
6.39130434782609
6.65217391304348
6.69565217391304
6.56521739130435
6.65217391304348
6.8695652173913
6.95652173913043
7.17391304347826
7.52173913043478
7.73913043478261
7.65217391304348
7.91304347826087
8.17391304347826
8.21739130434783
8.1304347826087
8.08695652173913
7.95652173913043
7.8695652173913
8.26086956521739
7.78260869565217
7.91304347826087
7.8695652173913
7.78260869565217
7.69565217391304
7.78260869565217
7.91304347826087
8
7.78260869565217
7.69565217391304
7.73913043478261
7.52173913043478
7.52173913043478
7.69565217391304
7.8695652173913
7.60869565217391
7.60869565217391
7.52173913043478
7.91304347826087
7.78260869565217
8.26086956521739
8.34782608695652
8.21739130434783
8.1304347826087
8.08695652173913
8.21739130434783
8.39130434782609
8.43478260869565
8.21739130434783
7.95652173913043
7.73913043478261
7.95652173913043
7.95652173913043
7.8695652173913
8.17391304347826
7.95652173913043
7.82608695652174
8.04347826086956
8.1304347826087
7.91304347826087
8.08695652173913
8
7.95652173913043
7.69565217391304
7.47826086956522
7.52173913043478
7.60869565217391
7.52173913043478
7.43478260869565
7.43478260869565
7.39130434782609
7.34782608695652
7.69565217391304
7.8695652173913
7.73913043478261
7.82608695652174
7.82608695652174
7.78260869565217
7.95652173913043
7.8695652173913
7.65217391304348
7.82608695652174
7.82608695652174
7.78260869565217
7.60869565217391
7.78260869565217
7.8695652173913
8.30434782608696
8.34782608695652
8.34782608695652
8.43478260869565
8.73913043478261
8.43478260869565
8.52173913043478
8.65217391304348
8.56521739130435
9.04347826086956
9.1304347826087
9.34782608695652
9.47826086956522
9.78260869565217
9.60869565217391
9.73913043478261
9.8695652173913
9.52173913043478
9.69565217391304
9.60869565217391
9.91304347826087
9.91304347826087
9.95652173913044
9.8695652173913
9.69565217391304
9.91304347826087
9.78260869565217
9.8695652173913
10.0869565217391
9.8695652173913
9.73913043478261
9.69565217391304
9.47826086956522
9.65217391304348
9.30434782608696
9.08695652173913
8.47826086956522
8.43478260869565
8.30434782608696
8.1304347826087
8.47826086956522
8.30434782608696
8.17391304347826
7.8695652173913
7.91304347826087
7.60869565217391
7.30434782608696
