0.0
0.0
0.0
0.0
0.0
0.0
0.0
0.0
0.0
0.0
0.0
0.0
0.0
0.0
0.0
0.0
0.0
0.0
0.0
0.0
0.0
0.0
0.0
0.0
0.0
0.0
0.0
0.0
0.0
0.0
0.0
0.0
0.0
0.0
0.0
0.0
0.0
0.0
0.0
0.0
0.0
0.0
0.0
0.0
0.0
0.0
0.0
0.0
0.0
0.0
0.0
0.0
0.0
0.0
0.0
0.0
0.0
0.0
0.0
0.0
0.0
0.0
0.0
0.0289093298292
0.0158536585366
0.052573932092
0.145378151261
0.0
0.0
0.07981580967
0.0634417129262
0.0717196414018
0.00674373795761
0.0
0.0
0.00401069518717
0.00256629597947
0.0946441672781
0.0913857677903
0.14219881501
0.146341463415
0.0
0.0
0.02738336714
0.0208092485549
0.0361317747078
0.122466216216
0.256097560976
0.0
0.0137614678899
0.0577689243028
0.0359281437126
0.00125786163522
0.0
0.0
0.0
0.0
0.0189701897019
0.0979166666667
0.01679731243
0.0
0.0
0.0
0.0
0.136863136863
0.192667706708
0.0817805383023
0.0949868073879
0.337931034483
0.0
0.00763358778626
0.105413105413
0.0271867612293
0.0206985769728
0.0273224043716
0.0722891566265
0.0
0.039755351682
0.203555555556
0.0139784946237
0.00133333333333
0.0222772277228
0.0
0.0
0.0
0.0
0.00896860986547
0.0676855895197
0.233044733045
0.245514636449
0.0
0.0216666666667
0.0307354555434
0.0237288135593
0.0911086717892
0.0177838577291
0.0
0.0
0.00887573964497
0.0694586312564
0.0084835630965
0.0663811563169
0.186064924782
0.198093220339
0.0
0.0
0.0166481687014
0.00151057401813
0.0
0.0
0.0
0.0
0.032012195122
0.0451680672269
0.133333333333
0.10752688172
0.0999039385207
0.141904761905
0.0
0.0
0.0
0.0
0.0
0.0
0.0
0.0
0.0
0.0
0.0
0.0
0.0
0.0
0.0
0.0
0.0
0.0
0.0
0.0
0.0
0.0
0.0
0.0
0.0
0.0
0.0
0.0
0.0
0.0
0.0
0.0
0.0
0.0
0.0
0.0
0.0
0.0
0.0
0.0
0.0
0.0145118733509
0.0
0.0
0.0
0.0
0.103092783505
0.0159521435693
0.0600240096038
0.0
0.0
0.0
0.0
0.0
0.0
0.0
0.0
0.0
0.0
0.0
0.0378273520854
0.0049850448654
0.0
0.0
0.0
0.0
0.0136645962733
0.00559440559441
0.00649350649351
0.0
0.0
0.0
0.0
0.0
0.00247218788628
0.0425029515939
0.0699386503067
0.0
0.0
0.0266479663394
0.00149476831091
0.0398351648352
0.0
0.00507614213198
0.0
0.0
0.0
0.0
0.0
0.0
0.0
0.0
0.0
0.0
0.0441717791411
0.133113311331
0.169491525424
0.0451436388509
0.0
0.0248226950355
0.00277777777778
0.0238726790451
0.0228245363766
0.012987012987
0.022972972973
0.0
0.0
0.0764635603345
0.0722291407223
0.024861878453
0.0392156862745
0.0
0.0
0.0
0.0271041369472
0.0171919770774
0.0185922974768
0.0370813397129
0.0
0.0
0.0
0.0
0.00864553314121
0.0441176470588
0.0221565731167
0.00756143667297
0.0
0.0
0.0670391061453
0.131334022751
0.0266836086404
0.00454545454545
0.0
0.0
0.0678670360111
0.0775462962963
0.100896860987
0.13068731849
0.118838028169
0.120331950207
0.0
0.0
0.0
0.0
0.0
0.0
0.0
0.0
0.0
0.0
0.0
0.0
0.0
0.0
0.0
0.0
0.0
0.0
0.0
0.0
0.0
0.0
0.0
0.0
0.0
0.0
0.0
0.0
0.0
0.0
0.0
0.0
0.0
0.0
0.0
0.0
0.0
0.0
0.0
0.0
0.0
0.0
0.0
0.0
0.0
0.0
0.0
0.0
0.0
0.0
0.0
0.0
0.0
0.0
0.0
0.0
0.0
0.0
0.0
0.0
0.0
0.0
0.0
0.0
0.0
0.0
