0.0
0.0
0.0
0.0
0.0
0.0
0.0
0.0573770491803
0.0761904761905
0.0304182509506
0.0
0.0
0.0
0.0
0.0
0.0
0.0
0.0
0.0
0.0
0.0
0.00970873786408
0.0133333333333
0.0
0.0
0.0
0.0
0.0
0.00966183574879
0.0
0.0
0.264957264957
0.0
0.0
0.0
0.0
0.010152284264
0.0
0.0
0.0
0.0
0.0
0.0
0.0
0.0
0.0
0.0
0.0
0.0
0.0
0.0
0.0
0.0
0.0
0.0
0.0628019323671
0.110266159696
0.198003327787
0.240657698057
0.177419354839
0.0
0.0
0.11724137931
0.298291721419
0.267073170732
0.437020810515
0.495798319328
0.0
0.263716814159
0.47429009977
0.471847739889
0.463732681337
0.305394990366
0.20665742025
0.00864553314121
0.318181818182
0.384088964927
0.495964783566
0.480149812734
0.540487162607
0.428705440901
0.0
0.22
0.421906693712
0.331791907514
0.412327311371
0.538006756757
0.525328330206
0.0
0.359327217125
0.46015936255
0.354491017964
0.318238993711
0.23709902371
0.0346232179226
0.0108303249097
0.249488752556
0.368563685637
0.497916666667
0.387458006719
0.0411311053985
0.0953947368421
0.0
0.167883211679
0.473526473526
0.549141965679
0.400621118012
0.503957783641
0.580172413793
0.0465838509317
0.364885496183
0.490028490028
0.401891252955
0.360931435964
0.393442622951
0.436746987952
0.0565552699229
0.392966360856
0.540444444444
0.364516129032
0.308
0.34900990099
0.155462184874
0.00387596899225
0.322160148976
0.292059219381
0.368834080717
0.421397379913
0.573593073593
0.51746931067
0.170995670996
0.371666666667
0.400658616905
0.411299435028
0.4731064764
0.33926128591
0.260869565217
0.0988235294118
0.37573964497
0.475995914198
0.407211028632
0.45182012848
0.560570071259
0.450211864407
0.0426136363636
0.362831858407
0.352941176471
0.2583081571
0.102625298329
0.00651465798046
0.117647058824
0.227817745803
0.413109756098
0.451680672269
0.48431372549
0.521994134897
0.468780019212
0.507619047619
0.0234113712375
0.234192037471
0.0449438202247
0.0342857142857
0.0
0.0
0.0
0.0
0.0
0.0
0.0
0.0
0.0
0.0
0.0
0.0
0.0
0.0
0.0
0.0
0.0
0.0
0.0
0.0
0.0
0.0
0.0
0.0
0.0
0.0
0.0
0.0
0.0
0.0
0.0135135135135
0.0
0.0
0.0352112676056
0.121212121212
0.202962962963
0.397394136808
0.34036939314
0.0
0.088948787062
0.226449275362
0.232394366197
0.476288659794
0.436689930209
0.405762304922
0.0
0.148936170213
0.286852589641
0.283356258597
0.303713527851
0.327296248383
0.0625
0.0
0.00539083557951
0.300919842313
0.356906077348
0.425800193986
0.382851445663
0.17667238422
0.00341296928328
0.138424821002
0.28674351585
0.392546583851
0.321678321678
0.258441558442
0.248175182482
0.0
0.101654846336
0.368146214099
0.22525107604
0.307787391842
0.3813459268
0.450306748466
0.0310344827586
0.297912713472
0.385694249649
0.27802690583
0.370879120879
0.296587926509
0.277495769882
0.0869565217391
0.26179245283
0.223913043478
0.101983002833
0.0186335403727
0.0456989247312
0.0
0.0
0.102649006623
0.180265654649
0.39263803681
0.482948294829
0.4934086629
0.429548563611
0.0442477876106
0.38475177305
0.318055555556
0.372679045093
0.372325249643
0.339105339105
0.375675675676
0.128571428571
0.260683760684
0.438470728793
0.480697384807
0.35635359116
0.415966386555
0.12351543943
0.0365853658537
0.295805739514
0.339514978602
0.348137535817
0.314741035857
0.3995215311
0.25
0.0997150997151
0.136465324385
0.316493313522
0.328530259366
0.474264705882
0.271787296898
0.293005671078
0.137931034483
0.255458515284
0.448044692737
0.494312306101
0.420584498094
0.321212121212
0.223552894212
0.233173076923
0.439058171745
0.459490740741
0.492152466368
0.538238141336
0.485915492958
0.514522821577
0.0
0.237163814181
0.138716356108
0.0719424460432
0.196531791908
0.12688172043
0.0
0.0418118466899
0.21270718232
0.0811518324607
0.0
0.0
0.0
0.0
0.0
0.0
0.0
0.0
0.0
0.0
0.0
0.0
0.0
0.0
0.00369003690037
0.0
0.0
0.0
0.0
0.0
0.0
0.0
0.0326409495549
0.0
0.0
0.0
0.0
0.0
0.0
0.0430769230769
0.00828729281768
0.00353356890459
0.0
0.0
0.136574074074
0.00604229607251
0.0360824742268
0.0
0.0204081632653
0.0
0.0
0.0128617363344
0.0
0.0220125786164
0.0898550724638
0.0460122699387
0.0
0.0
0.0
0.0108695652174
0.00460829493088
0.0
0.0
0.0
0.0
0.0208333333333
