0.0
0.0
0.0
0.0
0.0
0.0
0.0
0.0
0.0
0.0
0.0
0.0
0.0
0.0
0.0
0.0
0.0
0.0
0.0
0.0
0.0
0.0
0.0
0.0
0.0
0.0
0.0
0.0
0.0
0.0
0.0
0.0
0.0
0.0
0.0
0.0
0.0
0.0
0.0
0.0
0.0
0.0
0.0
0.0
0.0
0.0
0.0
0.0
0.0
0.0
0.0
0.0
0.0
0.0
0.0
0.0
0.0
0.0
0.0
0.0
0.0
0.0
0.0
0.0459921156373
0.0243902439024
0.0733844468784
0.173949579832
0.0
0.0
0.118188795088
0.10071371927
0.108394458028
0.0183044315992
0.0
0.0
0.0147058823529
0.0128314798973
0.123257520176
0.122846441948
0.174456879526
0.175422138837
0.0
0.0
0.051724137931
0.0312138728324
0.0467587672689
0.16722972973
0.281425891182
0.0
0.0321100917431
0.0896414342629
0.051497005988
0.0125786163522
0.0
0.0
0.0
0.0
0.0420054200542
0.117708333333
0.03359462486
0.0
0.0
0.0
0.0
0.166833166833
0.226209048362
0.100414078675
0.125769569041
0.356896551724
0.0
0.0229007633588
0.138651471985
0.0472813238771
0.0375161707633
0.0491803278689
0.0993975903614
0.0
0.0642201834862
0.243555555556
0.0301075268817
0.0146666666667
0.0334158415842
0.0
0.0
0.00558659217877
0.0107671601615
0.0179372197309
0.0938864628821
0.272005772006
0.276676109537
0.0
0.0366666666667
0.0439077936334
0.0418079096045
0.109769484083
0.0300957592339
0.0
0.0
0.0192307692308
0.107252298264
0.0307529162248
0.0835117773019
0.230403800475
0.223516949153
0.0
0.00147492625369
0.0410654827969
0.012084592145
0.0
0.0
0.0
0.0
0.0503048780488
0.0745798319328
0.162745098039
0.148582600196
0.131604226705
0.178095238095
0.0
0.0
0.0
0.0
0.0
0.0
0.0
0.0
0.0
0.0
0.0
0.0
0.0
0.0
0.0
0.0
0.0
0.0
0.0
0.0
0.0
0.0
0.0
0.0
0.0
0.0
0.0
0.0
0.0
0.0
0.0
0.0
0.0
0.0
0.0
0.0
0.0
0.0
0.0
0.0
0.0108577633008
0.0356200527704
0.0
0.0
0.0
0.00704225352113
0.136082474227
0.049850448654
0.0768307322929
0.0
0.0
0.0
0.0
0.0
0.0155239327296
0.0
0.0
0.0
0.0
0.00552486187845
0.0523763336566
0.0159521435693
0.0
0.0
0.0
0.0129682997118
0.0347826086957
0.0251748251748
0.0142857142857
0.0
0.0
0.0
0.0104438642298
0.0
0.00988875154512
0.0578512396694
0.0932515337423
0.0
0.0
0.0420757363254
0.0134529147982
0.0659340659341
0.00524934383202
0.0287648054146
0.0
0.0
0.0
0.0
0.0
0.0
0.0
0.0
0.0
0.0
0.0564417177914
0.160616061606
0.195856873823
0.0738714090287
0.0
0.0443262411348
0.0138888888889
0.0490716180371
0.037089871612
0.024531024531
0.0432432432432
0.0
0.0
0.0955794504182
0.108343711083
0.0359116022099
0.0728291316527
0.0
0.0
0.0
0.0456490727532
0.041547277937
0.0305444887118
0.061004784689
0.00183823529412
0.0
0.0
0.0
0.0172910662824
0.0759803921569
0.0339734121123
0.0226843100189
0.0
0.0
0.103910614525
0.164426059979
0.0546378653113
0.0151515151515
0.0
0.0
0.105263157895
0.104166666667
0.133408071749
0.169409486931
0.148767605634
0.151452282158
0.0
0.0
0.0
0.0
0.0
0.0
0.0
0.0
0.0
0.0
0.0
0.0
0.0
0.0
0.0
0.0
0.0
0.0
0.0
0.0
0.0
0.0
0.0
0.0
0.0
0.0
0.0
0.0
0.0
0.0
0.0
0.0
0.0
0.0
0.0
0.0
0.0
0.0
0.0
0.0
0.0
0.0
0.0
0.0
0.0
0.0
0.0
0.0
0.0
0.0
0.0
0.0
0.0
0.0
0.0
0.0
0.0
0.0
0.0
0.0
0.0
0.0
0.0
0.0
0.0
0.0
