0.0
0.0
0.0
0.0
0.0
0.0
0.0
0.0
0.0
0.0
0.0
0.0
0.0
0.0
0.0
0.0
0.0
0.0
0.0
0.0
0.0
0.0
0.0
0.0
0.0
0.0
0.0
0.0
0.0
0.0
0.0
0.0
0.0
0.0
0.0
0.0
0.0
0.0
0.0
0.0
0.0
0.0
0.0
0.0
0.0
0.0
0.0
0.0
0.0
0.0
0.0
0.0
0.0
0.0
0.0
0.0
0.0
0.0
0.0
0.0
0.0
0.0
0.0
0.011826544021
0.00609756097561
0.0295728368018
0.108403361345
0.0
0.0
0.0406753645434
0.0253766851705
0.041564792176
0.0
0.0
0.0
0.0
0.0
0.061628760088
0.059925093633
0.103357472021
0.121951219512
0.0
0.0
0.0121703853955
0.00578034682081
0.0223166843783
0.0777027027027
0.219512195122
0.0
0.00152905198777
0.0378486055777
0.0239520958084
0.0
0.0
0.0
0.0
0.0
0.00271002710027
0.075
0.003359462486
0.0
0.0
0.0
0.0
0.0989010989011
0.156786271451
0.0652173913043
0.0615655233069
0.313793103448
0.0
0.0
0.0636277302944
0.00827423167849
0.00517464424321
0.00765027322404
0.039156626506
0.0
0.0122324159021
0.159111111111
0.00215053763441
0.0
0.00618811881188
0.0
0.0
0.0
0.0
0.0
0.0414847161572
0.183982683983
0.210576015109
0.0
0.00666666666667
0.00987925356751
0.00564971751412
0.0691547749726
0.00683994528044
0.0
0.0
0.0
0.0326864147089
0.0
0.0460385438972
0.147268408551
0.167372881356
0.0
0.0
0.0
0.0
0.0
0.0
0.0
0.0
0.0121951219512
0.015756302521
0.0990196078431
0.0723362658847
0.0710854947166
0.0971428571429
0.0
0.0
0.0
0.0
0.0
0.0
0.0
0.0
0.0
0.0
0.0
0.0
0.0
0.0
0.0
0.0
0.0
0.0
0.0
0.0
0.0
0.0
0.0
0.0
0.0
0.0
0.0
0.0
0.0
0.0
0.0
0.0
0.0
0.0
0.0
0.0
0.0
0.0
0.0
0.0
0.0
0.00131926121372
0.0
0.0
0.0
0.0
0.0670103092784
0.000997008973081
0.0336134453782
0.0
0.0
0.0
0.0
0.0
0.0
0.0
0.0
0.0
0.0
0.0
0.0242483026188
0.0
0.0
0.0
0.0
0.0
0.0
0.0
0.0
0.0
0.0
0.0
0.0
0.0
0.0
0.0236127508855
0.0478527607362
0.0
0.0
0.0126227208976
0.0
0.0192307692308
0.0
0.0
0.0
0.0
0.0
0.0
0.0
0.0
0.0
0.0
0.0
0.0
0.0294478527607
0.102310231023
0.136534839925
0.0246238030096
0.0
0.00531914893617
0.0
0.00663129973475
0.00570613409415
0.001443001443
0.00135135135135
0.0
0.0
0.0561529271207
0.0386052303861
0.00966850828729
0.0168067226891
0.0
0.0
0.0
0.00570613409415
0.00286532951289
0.00132802124834
0.0131578947368
0.0
0.0
0.0
0.0
0.0
0.0122549019608
0.00886262924668
0.0
0.0
0.0
0.0368715083799
0.0910031023785
0.00635324015248
0.0
0.0
0.0
0.016620498615
0.056712962963
0.0605381165919
0.0977734753146
0.0783450704225
0.0736514522822
0.0
0.0
0.0
0.0
0.0
0.0
0.0
0.0
0.0
0.0
0.0
0.0
0.0
0.0
0.0
0.0
0.0
0.0
0.0
0.0
0.0
0.0
0.0
0.0
0.0
0.0
0.0
0.0
0.0
0.0
0.0
0.0
0.0
0.0
0.0
0.0
0.0
0.0
0.0
0.0
0.0
0.0
0.0
0.0
0.0
0.0
0.0
0.0
0.0
0.0
0.0
0.0
0.0
0.0
0.0
0.0
0.0
0.0
0.0
0.0
0.0
0.0
0.0
0.0
0.0
0.0
