0.510204081633
0.53164556962
0.489361702128
0.145454545455
0.159420289855
0.178082191781
0.452380952381
0.672131147541
0.67619047619
0.680608365019
0.605504587156
0.3
0.58282208589
0.645299145299
0.691943127962
0.645
0.649484536082
0.682634730539
0.315789473684
0.565789473684
0.659574468085
0.660194174757
0.693333333333
0.631016042781
0.617647058824
0.222222222222
0.656050955414
0.611650485437
0.608695652174
0.627777777778
0.666666666667
0.764957264957
0.184615384615
0.364583333333
0.669811320755
0.584615384615
0.664974619289
0.655172413793
0.619047619048
0.337662337662
0.533980582524
0.578231292517
0.544117647059
0.508771929825
0.447058823529
0.436170212766
0.0263157894737
0.263888888889
0.459016393443
0.462962962963
0.592920353982
0.570247933884
0.557851239669
0.457831325301
0.703703703704
0.751207729469
0.825095057034
0.820299500832
0.869955156951
0.82991202346
0.567961165049
0.688311688312
0.813793103448
0.867279894875
0.864634146341
0.895947426068
0.912605042017
0.683544303797
0.872566371681
0.917114351497
0.908009516257
0.907905460473
0.861271676301
0.794729542302
0.763688760807
0.874331550802
0.883661248931
0.913426265591
0.89138576779
0.920342330481
0.863039399625
0.716262975779
0.830909090909
0.89046653144
0.854335260116
0.876726886291
0.918918918919
0.898686679174
0.76821192053
0.859327217125
0.90438247012
0.882634730539
0.872955974843
0.854951185495
0.757637474542
0.71119133574
0.842535787321
0.876693766938
0.915625
0.885778275476
0.753213367609
0.736842105263
0.683257918552
0.795620437956
0.899100899101
0.917316692668
0.893374741201
0.911169744943
0.918103448276
0.77950310559
0.876335877863
0.895536562203
0.869976359338
0.866752910737
0.881967213115
0.886546184739
0.781491002571
0.892966360856
0.924444444444
0.895698924731
0.845333333333
0.876237623762
0.817226890756
0.771317829457
0.854748603352
0.862718707941
0.882286995516
0.896288209607
0.931457431457
0.90179414542
0.777056277056
0.853333333333
0.870472008782
0.897175141243
0.90779363337
0.86730506156
0.857859531773
0.832941176471
0.871301775148
0.895812053115
0.900318133616
0.889721627409
0.912114014252
0.900423728814
0.778409090909
0.874631268437
0.887902330744
0.870090634441
0.780429594272
0.788273615635
0.77399380805
0.824940047962
0.884146341463
0.906512605042
0.902941176471
0.91788856305
0.893371757925
0.907619047619
0.785953177258
0.7962529274
0.829213483146
0.768571428571
0.728045325779
0.731884057971
0.626943005181
0.524590163934
0.570135746606
0.655172413793
0.569948186528
0.424657534247
0.425531914894
0.577405857741
0.15625
0.0909090909091
0.148148148148
0.245614035088
0.025641025641
0.15
0.1
0.106060606061
0.0606060606061
0.186440677966
0.0222222222222
0.0921052631579
0.0
0.0204081632653
0.0
0.203703703704
0.444444444444
0.462068965517
0.672131147541
0.701219512195
0.608108108108
0.390625
0.622641509434
0.765258215962
0.816161616162
0.847407407407
0.903365906623
0.870712401055
0.730337078652
0.795148247978
0.853260869565
0.841549295775
0.909278350515
0.879361914257
0.876350540216
0.713333333333
0.822695035461
0.864541832669
0.856946354883
0.863395225464
0.87063389392
0.755208333333
0.742537313433
0.760107816712
0.868593955322
0.888397790055
0.898157129001
0.890329012961
0.811320754717
0.78156996587
0.794749403341
0.863112391931
0.88198757764
0.85034965035
0.87012987013
0.817518248175
0.636771300448
0.801418439716
0.875979112272
0.830703012912
0.8739184178
0.881936245573
0.899386503067
0.786206896552
0.842504743833
0.899018232819
0.863976083707
0.876373626374
0.871391076115
0.847715736041
0.807453416149
0.856132075472
0.863043478261
0.784702549575
0.757763975155
0.771505376344
0.710084033613
0.656976744186
0.771523178808
0.840607210626
0.879754601227
0.897689768977
0.906779661017
0.876880984952
0.769911504425
0.86524822695
0.877777777778
0.868700265252
0.880171184023
0.861471861472
0.855405405405
0.791428571429
0.854700854701
0.906810035842
0.906600249066
0.899171270718
0.873949579832
0.795724465558
0.753048780488
0.863134657837
0.873038516405
0.881088825215
0.863213811421
0.875598086124
0.845588235294
0.769230769231
0.838926174497
0.869242199108
0.864553314121
0.883578431373
0.849335302806
0.852551984877
0.793103448276
0.853711790393
0.902793296089
0.903826266805
0.899618805591
0.860606060606
0.840319361277
0.836538461538
0.879501385042
0.898148148148
0.903587443946
0.924491771539
0.905809859155
0.904564315353
0.767175572519
0.838630806846
0.832298136646
0.824940047962
0.842003853565
0.784946236559
0.729824561404
0.783972125436
0.803867403315
0.767015706806
0.685512367491
0.674757281553
0.460606060606
0.373015873016
0.0
0.194029850746
0.511627906977
0.459854014599
0.536
0.452173913043
0.298850574713
0.272727272727
0.308823529412
0.647668393782
0.682656826568
0.655303030303
0.727611940299
0.632478632479
0.116666666667
0.15
0.407079646018
0.646428571429
0.79821958457
0.673684210526
0.586206896552
0.512987012987
0.59375
0.674657534247
0.762658227848
0.735384615385
0.762430939227
0.706713780919
0.380530973451
0.706214689266
0.847222222222
0.652567975831
0.786082474227
0.712
0.714285714286
0.633720930233
0.706382978723
0.733118971061
0.733840304183
0.694968553459
0.802898550725
0.769938650307
0.44966442953
0.712389380531
0.626666666667
0.701086956522
0.668202764977
0.50625
0.6
0.3
0.316326530612
0.754166666667
