0.0
0.0
0.0
0.0
0.0
0.0
0.0
0.0
0.0
0.0
0.0
0.0
0.0
0.0
0.0
0.0
0.0
0.0
0.0
0.0
0.0
0.0
0.0
0.0
0.0
0.0
0.0
0.0
0.0
0.0
0.0
0.0
0.0
0.0
0.0
0.0
0.0
0.0
0.0
0.0
0.0
0.0
0.0
0.0
0.0
0.0
0.0
0.0
0.0
0.0
0.0
0.0
0.0
0.0
0.0
0.0
0.0
0.0
0.0
0.0
0.0
0.0
0.0
0.0
0.0
0.0109529025192
0.0554621848739
0.0
0.0
0.0023023791251
0.000793021411578
0.0081499592502
0.0
0.0
0.0
0.0
0.0
0.0359501100514
0.0329588014981
0.063857801185
0.077861163227
0.0
0.0
0.0
0.0
0.00425079702444
0.0388513513514
0.177298311445
0.0
0.0
0.0129482071713
0.00479041916168
0.0
0.0
0.0
0.0
0.0
0.0
0.05
0.0
0.0
0.0
0.0
0.0
0.0659340659341
0.10608424337
0.036231884058
0.0343007915567
0.276724137931
0.0
0.0
0.0294396961064
0.0
0.0
0.0
0.0100401606426
0.0
0.0
0.116444444444
0.0
0.0
0.0
0.0
0.0
0.0
0.0
0.0
0.0152838427948
0.128427128427
0.168083097262
0.0
0.0
0.0
0.0
0.0417124039517
0.0
0.0
0.0
0.0
0.00204290091931
0.0
0.0224839400428
0.089469517023
0.128177966102
0.0
0.0
0.0
0.0
0.0
0.0
0.0
0.0
0.0
0.0
0.0617647058824
0.0332355816227
0.0432276657061
0.0495238095238
0.0
0.0
0.0
0.0
0.0
0.0
0.0
0.0
0.0
0.0
0.0
0.0
0.0
0.0
0.0
0.0
0.0
0.0
0.0
0.0
0.0
0.0
0.0
0.0
0.0
0.0
0.0
0.0
0.0
0.0
0.0
0.0
0.0
0.0
0.0
0.0
0.0
0.0
0.0
0.0
0.0
0.0
0.0
0.0
0.0
0.0
0.0350515463918
0.0
0.00360144057623
0.0
0.0
0.0
0.0
0.0
0.0
0.0
0.0
0.0
0.0
0.0
0.00969932104753
0.0
0.0
0.0
0.0
0.0
0.0
0.0
0.0
0.0
0.0
0.0
0.0
0.0
0.0
0.00590318772137
0.0245398773006
0.0
0.0
0.0
0.0
0.0
0.0
0.0
0.0
0.0
0.0
0.0
0.0
0.0
0.0
0.0
0.0
0.0
0.00981595092025
0.0737073707371
0.0951035781544
0.00273597811218
0.0
0.0
0.0
0.0
0.0
0.0
0.0
0.0
0.0
0.0238948626045
0.00498132004981
0.0
0.0
0.0
0.0
0.0
0.0
0.0
0.0
0.0
0.0
0.0
0.0
0.0
0.0
0.0
0.0
0.0
0.0
0.0
0.00893854748603
0.0486039296794
0.0
0.0
0.0
0.0
0.0
0.0347222222222
0.0336322869955
0.0677637947725
0.0272887323944
0.0311203319502
0.0
0.0
0.0
0.0
0.0
0.0
0.0
0.0
0.0
0.0
0.0
0.0
0.0
0.0
0.0
0.0
0.0
0.0
0.0
0.0
0.0
0.0
0.0
0.0
0.0
0.0
0.0
0.0
0.0
0.0
0.0
0.0
0.0
0.0
0.0
0.0
0.0
0.0
0.0
0.0
0.0
0.0
0.0
0.0
0.0
0.0
0.0
0.0
0.0
0.0
0.0
0.0
0.0
0.0
0.0
0.0
0.0
0.0
0.0
0.0
0.0
0.0
0.0
0.0
0.0
0.0
