0.0884353741497
0.132911392405
0.0851063829787
0.0
0.0
0.0
0.0793650793651
0.344262295082
0.342857142857
0.346007604563
0.339449541284
0.0
0.159509202454
0.260683760684
0.379146919431
0.315
0.350515463918
0.281437125749
0.0
0.157894736842
0.271276595745
0.359223300971
0.315555555556
0.27807486631
0.210784313725
0.0
0.191082802548
0.228155339806
0.314009661836
0.233333333333
0.303797468354
0.491452991453
0.0
0.0104166666667
0.311320754717
0.241025641026
0.345177664975
0.293103448276
0.224489795918
0.0
0.0388349514563
0.299319727891
0.0441176470588
0.105263157895
0.0235294117647
0.0
0.0
0.0
0.0245901639344
0.00925925925926
0.137168141593
0.144628099174
0.260330578512
0.0542168674699
0.307407407407
0.454106280193
0.566539923954
0.575707154742
0.659192825112
0.626099706745
0.131067961165
0.290043290043
0.547126436782
0.676741130092
0.657317073171
0.738225629792
0.771428571429
0.26582278481
0.681415929204
0.771297006907
0.764472640761
0.779136104319
0.671483622351
0.588072122053
0.455331412104
0.663101604278
0.729683490163
0.782831988261
0.761048689139
0.797893350889
0.691369606004
0.314878892734
0.630909090909
0.741379310345
0.665895953757
0.729011689692
0.796452702703
0.763602251407
0.476821192053
0.697247706422
0.751992031873
0.717365269461
0.688050314465
0.627615062762
0.44399185336
0.353790613718
0.648261758691
0.705962059621
0.770833333333
0.703247480403
0.413881748072
0.440789473684
0.366515837104
0.574209245742
0.747252747253
0.785491419657
0.722567287785
0.764291996482
0.79224137931
0.484472049689
0.691603053435
0.781576448243
0.712765957447
0.698576972833
0.718032786885
0.729919678715
0.514138817481
0.723241590214
0.804444444444
0.702150537634
0.673333333333
0.700495049505
0.56512605042
0.395348837209
0.685288640596
0.681022880215
0.72869955157
0.748908296943
0.811688311688
0.779036827195
0.54329004329
0.695
0.717892425906
0.744632768362
0.755214050494
0.688098495212
0.632107023411
0.611764705882
0.713017751479
0.732379979571
0.744432661718
0.740899357602
0.796516231196
0.737288135593
0.514204545455
0.718289085546
0.68923418424
0.658610271903
0.534606205251
0.462540716612
0.501547987616
0.63309352518
0.707317073171
0.740546218487
0.760784313725
0.784946236559
0.733909702209
0.751428571429
0.484949832776
0.583138173302
0.530337078652
0.508571428571
0.410764872521
0.369565217391
0.139896373057
0.00819672131148
0.235294117647
0.26724137931
0.113989637306
0.0342465753425
0.0425531914894
0.28870292887
0.0
0.0
0.0
0.0
0.0
0.0
0.0
0.0
0.0
0.0
0.0
0.0
0.0
0.0
0.0
0.0
0.0185185185185
0.110344827586
0.22131147541
0.323170731707
0.265765765766
0.0
0.221698113208
0.450704225352
0.525252525253
0.613333333333
0.743756786102
0.707124010554
0.359550561798
0.517520215633
0.630434782609
0.619718309859
0.756701030928
0.722831505484
0.72268907563
0.356666666667
0.586288416076
0.657370517928
0.658872077029
0.67374005305
0.681759379043
0.447916666667
0.369402985075
0.477088948787
0.692509855453
0.734806629834
0.727449078565
0.72183449651
0.576329331046
0.423208191126
0.525059665871
0.657060518732
0.698136645963
0.65034965035
0.646753246753
0.543795620438
0.264573991031
0.555555555556
0.708877284595
0.605451936872
0.677379480841
0.716646989374
0.743558282209
0.455172413793
0.667931688805
0.739130434783
0.650224215247
0.695054945055
0.678477690289
0.639593908629
0.515527950311
0.63679245283
0.573913043478
0.541076487252
0.425465838509
0.456989247312
0.306722689076
0.168604651163
0.503311258278
0.631878557875
0.717791411043
0.751375137514
0.777777777778
0.725034199726
0.47197640118
0.689716312057
0.705555555556
0.692307692308
0.707560627675
0.670995670996
0.694594594595
0.565714285714
0.666666666667
0.753882915173
0.748443337484
0.720994475138
0.710084033613
0.560570071259
0.484756097561
0.649006622517
0.686162624822
0.69340974212
0.658698539177
0.727272727273
0.623161764706
0.541310541311
0.601789709172
0.674591381872
0.680115273775
0.74387254902
0.639586410635
0.635160680529
0.543766578249
0.646288209607
0.743016759777
0.764219234747
0.731893265565
0.669696969697
0.614770459082
0.627403846154
0.725761772853
0.755787037037
0.783632286996
0.802516940949
0.74911971831
0.776970954357
0.374045801527
0.58924205379
0.569358178054
0.558752997602
0.624277456647
0.509677419355
0.350877192982
0.449477351916
0.593922651934
0.510471204188
0.325088339223
0.271844660194
0.115151515152
0.031746031746
0.0
0.0
0.062015503876
0.0729927007299
0.12
0.0782608695652
0.0
0.0
0.0
0.279792746114
0.309963099631
0.291666666667
0.317164179104
0.179487179487
0.0
0.0
0.00884955752212
0.292857142857
0.480712166172
0.319298245614
0.211206896552
0.0909090909091
0.16875
0.287671232877
0.449367088608
0.427692307692
0.458563535912
0.374558303887
0.00884955752212
0.254237288136
0.599537037037
0.326283987915
0.479381443299
0.332
0.394557823129
0.261627906977
0.408510638298
0.360128617363
0.376425855513
0.37106918239
0.507246376812
0.435582822086
0.0671140939597
0.353982300885
0.231111111111
0.369565217391
0.336405529954
0.14375
0.228571428571
0.0
0.0
0.354166666667
