0.0
0.0
0.0
0.0
0.0
0.0
0.0
0.00819672131148
0.0142857142857
0.0
0.0
0.0
0.0
0.0
0.0
0.0
0.0
0.0
0.0
0.0
0.0
0.0
0.0
0.0
0.0
0.0
0.0
0.0
0.0
0.0
0.0
0.106837606838
0.0
0.0
0.0
0.0
0.0
0.0
0.0
0.0
0.0
0.0
0.0
0.0
0.0
0.0
0.0
0.0
0.0
0.0
0.0
0.0
0.0
0.0
0.0
0.0193236714976
0.0494296577947
0.0931780366057
0.130044843049
0.0615835777126
0.0
0.0
0.0183908045977
0.186596583443
0.153658536585
0.329682365827
0.39243697479
0.0
0.152212389381
0.378357636224
0.343378271213
0.367563162184
0.183044315992
0.0873786407767
0.0
0.185828877005
0.240376390077
0.393250183419
0.377528089888
0.439763001975
0.362101313321
0.0
0.101818181818
0.304259634888
0.21387283237
0.285866099894
0.447635135135
0.455909943715
0.0
0.249235474006
0.361553784861
0.25628742515
0.207547169811
0.124128312413
0.0081466395112
0.0
0.122699386503
0.258807588076
0.378125
0.269876819709
0.0025706940874
0.0361842105263
0.0
0.0754257907543
0.377622377622
0.450858034321
0.309523809524
0.407211961302
0.506034482759
0.00621118012422
0.259541984733
0.378917378917
0.281323877069
0.243208279431
0.27868852459
0.354417670683
0.0
0.30122324159
0.462222222222
0.244086021505
0.204
0.24504950495
0.0588235294118
0.0
0.204841713222
0.161507402423
0.257847533632
0.316593886463
0.488455988456
0.458923512748
0.0844155844156
0.265
0.278814489572
0.300564971751
0.363336992316
0.225718194254
0.152173913043
0.0164705882353
0.278106508876
0.378958120531
0.293743372216
0.3426124197
0.47901821061
0.382415254237
0.0
0.234513274336
0.261931187569
0.148036253776
0.0143198090692
0.0
0.0216718266254
0.083932853717
0.295731707317
0.341386554622
0.390196078431
0.430107526882
0.371757925072
0.421904761905
0.0
0.107728337237
0.00449438202247
0.0
0.0
0.0
0.0
0.0
0.0
0.0
0.0
0.0
0.0
0.0
0.0
0.0
0.0
0.0
0.0
0.0
0.0
0.0
0.0
0.0
0.0
0.0
0.0
0.0
0.0
0.0
0.0
0.0
0.0
0.0
0.0
0.0
0.0
0.0
0.0282828282828
0.0844444444444
0.273615635179
0.228232189974
0.0
0.010781671159
0.115942028986
0.137323943662
0.382474226804
0.333998005982
0.294117647059
0.0
0.0401891252955
0.176626826029
0.173314993122
0.185676392573
0.235446313066
0.0208333333333
0.0
0.0
0.177398160315
0.224309392265
0.298739088264
0.263210368893
0.0874785591767
0.0
0.0453460620525
0.167146974063
0.283229813665
0.204195804196
0.14025974026
0.162408759124
0.0
0.0283687943262
0.236292428198
0.133428981349
0.186650185414
0.272727272727
0.347239263804
0.0
0.182163187856
0.262272089762
0.1644245142
0.266483516484
0.162729658793
0.186125211506
0.0124223602484
0.158018867925
0.104347826087
0.0198300283286
0.0
0.00537634408602
0.0
0.0
0.0331125827815
0.0910815939279
0.271165644172
0.40704070407
0.403013182674
0.325581395349
0.0
0.271276595745
0.208333333333
0.277188328912
0.243937232525
0.227994227994
0.254054054054
0.02
0.162393162393
0.323775388292
0.366127023661
0.227900552486
0.3081232493
0.0332541567696
0.0
0.181015452539
0.218259629101
0.230659025788
0.204515272244
0.287081339713
0.147058823529
0.034188034188
0.0335570469799
0.194650817236
0.208933717579
0.370098039216
0.150664697194
0.187145557656
0.0132625994695
0.137554585153
0.344134078212
0.389865563599
0.288437102922
0.215151515152
0.0998003992016
0.0865384615385
0.358725761773
0.346064814815
0.387892376682
0.437560503388
0.396126760563
0.400414937759
0.0
0.136919315403
0.0331262939959
0.00959232613909
0.0732177263969
0.0494623655914
0.0
0.0
0.0801104972376
0.020942408377
0.0
0.0
0.0
0.0
0.0
0.0
0.0
0.0
0.0
0.0
0.0
0.0
0.0
0.0
0.0
0.0
0.0
0.0
0.0
0.0
0.0
0.0
0.0
0.0
0.0
0.0
0.0
0.0
0.0
0.00615384615385
0.0
0.0
0.0
0.0
0.0300925925926
0.0
0.0
0.0
0.0
0.0
0.0
0.0
0.0
0.0
0.0173913043478
0.0
0.0
0.0
0.0
0.0
0.0
0.0
0.0
0.0
0.0
0.0
