0.0
0.0
0.0
0.0
0.0
0.0
0.0
0.168032786885
0.195238095238
0.178707224335
0.146788990826
0.0
0.0
0.0726495726496
0.104265402844
0.11
0.159793814433
0.0658682634731
0.0
0.0
0.0691489361702
0.218446601942
0.12
0.048128342246
0.0637254901961
0.0
0.0
0.0533980582524
0.140096618357
0.0333333333333
0.0548523206751
0.388888888889
0.0
0.0
0.0707547169811
0.0102564102564
0.131979695431
0.0919540229885
0.0
0.0
0.0
0.115646258503
0.0
0.0
0.0
0.0
0.0
0.0
0.0
0.0
0.0
0.0
0.0785123966942
0.0
0.0777777777778
0.188405797101
0.328897338403
0.404326123128
0.478325859492
0.41348973607
0.0145631067961
0.021645021645
0.333333333333
0.500657030223
0.476829268293
0.598028477547
0.657983193277
0.0337552742616
0.493805309735
0.641596316193
0.63838223632
0.634881825591
0.510597302505
0.421636615811
0.195965417867
0.521390374332
0.583404619333
0.65884079237
0.641947565543
0.677419354839
0.55722326454
0.076124567474
0.438181818182
0.607505070994
0.528323699422
0.586609989373
0.686655405405
0.651031894934
0.158940397351
0.518348623853
0.607569721116
0.548502994012
0.528301886792
0.430962343096
0.205702647658
0.119133574007
0.439672801636
0.547425474255
0.65
0.552071668533
0.182519280206
0.194078947368
0.113122171946
0.38199513382
0.634365634366
0.683307332293
0.587991718427
0.656112576957
0.687068965517
0.239130434783
0.525190839695
0.660018993352
0.586288416076
0.552393272962
0.586885245902
0.593373493976
0.298200514139
0.591743119266
0.690666666667
0.540860215054
0.509333333333
0.550742574257
0.378151260504
0.135658914729
0.510242085661
0.516823687752
0.57399103139
0.599344978166
0.7113997114
0.649669499528
0.365800865801
0.555
0.56531284303
0.597740112994
0.626783754116
0.526675786594
0.443143812709
0.352941176471
0.545857988166
0.615934627171
0.593849416755
0.603854389722
0.696753760887
0.606991525424
0.275568181818
0.554572271386
0.53385127636
0.466767371601
0.319809069212
0.195439739414
0.269349845201
0.450839328537
0.576219512195
0.608193277311
0.641176470588
0.675464320626
0.630163304515
0.645714285714
0.220735785953
0.414519906323
0.276404494382
0.28
0.150141643059
0.108695652174
0.0
0.0
0.0814479638009
0.00862068965517
0.0
0.0
0.0
0.154811715481
0.0
0.0
0.0
0.0
0.0
0.0
0.0
0.0
0.0
0.0
0.0
0.0
0.0
0.0
0.0
0.0
0.0
0.0
0.0532786885246
0.0762195121951
0.0900900900901
0.0
0.0
0.201877934272
0.311111111111
0.444444444444
0.587404994571
0.53562005277
0.119850187266
0.307277628032
0.436594202899
0.445422535211
0.634020618557
0.608175473579
0.583433373349
0.15
0.352245862884
0.466135458167
0.492434662999
0.507957559682
0.526520051746
0.197916666667
0.123134328358
0.234501347709
0.517739816032
0.572375690608
0.588748787585
0.563310069791
0.365351629503
0.156996587031
0.346062052506
0.485590778098
0.542857142857
0.51048951049
0.484415584416
0.383211678832
0.0582959641256
0.314420803783
0.552219321149
0.417503586801
0.51174289246
0.553719008264
0.61226993865
0.179310344828
0.487666034156
0.573632538569
0.488789237668
0.552197802198
0.518372703412
0.472081218274
0.310559006211
0.457547169811
0.415217391304
0.342776203966
0.198757763975
0.231182795699
0.0672268907563
0.0232558139535
0.284768211921
0.411764705882
0.576687116564
0.63696369637
0.66384180791
0.586867305062
0.253687315634
0.547872340426
0.533333333333
0.551724137931
0.567760342368
0.539682539683
0.548648648649
0.357142857143
0.465811965812
0.604540023895
0.625155666252
0.566298342541
0.585434173669
0.332541567696
0.243902439024
0.483443708609
0.553495007133
0.548710601719
0.503320053121
0.58971291866
0.444852941176
0.324786324786
0.375838926174
0.508172362556
0.528818443804
0.617647058824
0.465288035451
0.463137996219
0.355437665782
0.473799126638
0.617877094972
0.64322647363
0.574332909784
0.525757575758
0.435129740519
0.444711538462
0.590027700831
0.625
0.660313901345
0.685382381413
0.634683098592
0.67531120332
0.118320610687
0.413202933985
0.374741200828
0.31654676259
0.402697495183
0.344086021505
0.105263157895
0.254355400697
0.397790055249
0.295811518325
0.0600706713781
0.0485436893204
0.0
0.0
0.0
0.0
0.0
0.0
0.0
0.0
0.0
0.0
0.0
0.0
0.0811808118081
0.0530303030303
0.0522388059701
0.025641025641
0.0
0.0
0.0
0.0785714285714
0.213649851632
0.0561403508772
0.051724137931
0.0
0.00625
0.0547945205479
0.189873417722
0.212307692308
0.21270718232
0.151943462898
0.0
0.0395480225989
0.386574074074
0.111782477341
0.25
0.084
0.139455782313
0.0406976744186
0.178723404255
0.138263665595
0.0912547528517
0.163522012579
0.257971014493
0.21472392638
0.0
0.0796460176991
0.0755555555556
0.141304347826
0.152073732719
0.025
0.0142857142857
0.0
0.0
0.141666666667
