0.0
0.0
0.0
0.0
0.0
0.0
0.0
0.0
0.0
0.0
0.0
0.0
0.0
0.0
0.0
0.0
0.0
0.0
0.0
0.0
0.0
0.0
0.0
0.0
0.0
0.0
0.0
0.0
0.0
0.0
0.0
0.0
0.0
0.0
0.0
0.0
0.0
0.0
0.0
0.0
0.0
0.0
0.0
0.0
0.0
0.0
0.0
0.0
0.0
0.0
0.0
0.0
0.0
0.0
0.0
0.0
0.0
0.0
0.0
0.0
0.0
0.0
0.0
0.0367936925099
0.0219512195122
0.0668127053669
0.163025210084
0.0
0.0
0.105141980046
0.0872323552736
0.0953545232274
0.014450867052
0.0
0.0
0.0106951871658
0.00855431993157
0.115920763023
0.10936329588
0.161948650428
0.163227016886
0.0
0.0
0.0405679513185
0.0265895953757
0.0435706695005
0.146959459459
0.272983114447
0.0
0.0244648318043
0.0756972111554
0.0443113772455
0.00880503144654
0.0
0.0
0.0
0.0
0.0311653116531
0.113541666667
0.026875699888
0.0
0.0
0.0
0.0
0.154845154845
0.214508580343
0.092132505176
0.116094986807
0.352586206897
0.0
0.0152671755725
0.125356125356
0.0401891252955
0.0336351875809
0.0404371584699
0.0903614457831
0.0
0.0535168195719
0.229333333333
0.0258064516129
0.008
0.0309405940594
0.0
0.0
0.00186219739292
0.00269179004038
0.0156950672646
0.0851528384279
0.258297258297
0.264400377715
0.0
0.0316666666667
0.03951701427
0.0350282485876
0.104281009879
0.0246238030096
0.0
0.0
0.0162721893491
0.0919305413687
0.0222693531283
0.076017130621
0.214568487728
0.213983050847
0.0
0.0
0.0321864594895
0.00755287009063
0.0
0.0
0.0
0.0
0.0442073170732
0.063025210084
0.148039215686
0.131964809384
0.123919308357
0.166666666667
0.0
0.0
0.0
0.0
0.0
0.0
0.0
0.0
0.0
0.0
0.0
0.0
0.0
0.0
0.0
0.0
0.0
0.0
0.0
0.0
0.0
0.0
0.0
0.0
0.0
0.0
0.0
0.0
0.0
0.0
0.0
0.0
0.0
0.0
0.0
0.0
0.0
0.0
0.0
0.0
0.00651465798046
0.0277044854881
0.0
0.0
0.0
0.00352112676056
0.122680412371
0.036889332004
0.0708283313325
0.0
0.0
0.0
0.0
0.0
0.00905562742561
0.0
0.0
0.0
0.0
0.00331491712707
0.0475266731329
0.00997008973081
0.0
0.0
0.0
0.00864553314121
0.0260869565217
0.0181818181818
0.0116883116883
0.0
0.0
0.0
0.00522193211488
0.0
0.00741656365884
0.0531286894923
0.0846625766871
0.0
0.0
0.0350631136045
0.00747384155456
0.0563186813187
0.00262467191601
0.0203045685279
0.0
0.0
0.0
0.0
0.0
0.0
0.0
0.0
0.0
0.0
0.0515337423313
0.151815181518
0.186440677966
0.06292749658
0.0
0.0372340425532
0.00833333333333
0.0358090185676
0.0313837375178
0.018759018759
0.0364864864865
0.0
0.0
0.0931899641577
0.0996264009963
0.0317679558011
0.063025210084
0.0
0.0
0.0
0.0399429386591
0.0315186246418
0.0265604249668
0.049043062201
0.0
0.0
0.0
0.0
0.014409221902
0.0674019607843
0.0295420974889
0.0170132325142
0.0
0.0
0.0927374301676
0.152016546019
0.0444726810673
0.0106060606061
0.0
0.0
0.0927977839335
0.0949074074074
0.121076233184
0.152952565344
0.139964788732
0.139004149378
0.0
0.0
0.0
0.0
0.0
0.0
0.0
0.0
0.0
0.0
0.0
0.0
0.0
0.0
0.0
0.0
0.0
0.0
0.0
0.0
0.0
0.0
0.0
0.0
0.0
0.0
0.0
0.0
0.0
0.0
0.0
0.0
0.0
0.0
0.0
0.0
0.0
0.0
0.0
0.0
0.0
0.0
0.0
0.0
0.0
0.0
0.0
0.0
0.0
0.0
0.0
0.0
0.0
0.0
0.0
0.0
0.0
0.0
0.0
0.0
0.0
0.0
0.0
0.0
0.0
0.0
