0.0
0.0
0.0
0.0
0.0
0.0
0.0
0.0
0.0
0.0
0.0
0.0
0.0
0.0
0.0
0.0
0.0
0.0
0.0
0.0
0.0
0.0
0.0
0.0
0.0
0.0
0.0
0.0
0.0
0.0
0.0
0.0
0.0
0.0
0.0
0.0
0.0
0.0
0.0
0.0
0.0
0.0
0.0
0.0
0.0
0.0
0.0
0.0
0.0
0.0
0.0
0.0
0.0
0.0
0.0
0.0
0.0
0.0
0.0
0.0
0.0
0.0
0.0
0.023653088042
0.0134146341463
0.0470974808324
0.132773109244
0.0
0.0
0.0683039140445
0.0539254559873
0.0619396903015
0.0028901734104
0.0
0.0
0.00133689839572
0.000855431993157
0.0836390315481
0.0831460674157
0.129690585912
0.139774859287
0.0
0.0
0.0202839756592
0.0150289017341
0.0340063761955
0.108108108108
0.24765478424
0.0
0.0107033639144
0.0517928286853
0.0335329341317
0.0
0.0
0.0
0.0
0.0
0.0149051490515
0.0927083333333
0.013437849944
0.0
0.0
0.0
0.0
0.126873126873
0.186427457098
0.0786749482402
0.0853122251539
0.331034482759
0.0
0.00458015267176
0.0940170940171
0.0224586288416
0.0155239327296
0.0207650273224
0.0632530120482
0.0
0.0351681957187
0.191111111111
0.00860215053763
0.0
0.019801980198
0.0
0.0
0.0
0.0
0.0067264573991
0.0644104803493
0.220779220779
0.235127478754
0.0
0.0166666666667
0.0252469813392
0.0180790960452
0.0834248079034
0.015047879617
0.0
0.0
0.00443786982249
0.0623084780388
0.00424178154825
0.0610278372591
0.177355502771
0.189618644068
0.0
0.0
0.00776914539401
0.0
0.0
0.0
0.0
0.0
0.0289634146341
0.0357142857143
0.128431372549
0.0948191593353
0.0931796349664
0.132380952381
0.0
0.0
0.0
0.0
0.0
0.0
0.0
0.0
0.0
0.0
0.0
0.0
0.0
0.0
0.0
0.0
0.0
0.0
0.0
0.0
0.0
0.0
0.0
0.0
0.0
0.0
0.0
0.0
0.0
0.0
0.0
0.0
0.0
0.0
0.0
0.0
0.0
0.0
0.0
0.0
0.0
0.00923482849604
0.0
0.0
0.0
0.0
0.0948453608247
0.0109670987039
0.0516206482593
0.0
0.0
0.0
0.0
0.0
0.0
0.0
0.0
0.0
0.0
0.0
0.0339476236663
0.00299102691924
0.0
0.0
0.0
0.0
0.00993788819876
0.0027972027972
0.0038961038961
0.0
0.0
0.0
0.0
0.0
0.0
0.0377804014168
0.0638036809816
0.0
0.0
0.0224403927069
0.0
0.032967032967
0.0
0.0
0.0
0.0
0.0
0.0
0.0
0.0
0.0
0.0
0.0
0.0
0.040490797546
0.123212321232
0.160075329567
0.0383036935705
0.0
0.0159574468085
0.0
0.0172413793103
0.018544935806
0.010101010101
0.0175675675676
0.0
0.0
0.0704898446834
0.0622665006227
0.0207182320442
0.0322128851541
0.0
0.0
0.0
0.0199714693295
0.012893982808
0.0132802124834
0.0287081339713
0.0
0.0
0.0
0.0
0.00576368876081
0.031862745098
0.0192023633678
0.00378071833648
0.0
0.0
0.0614525139665
0.11892450879
0.0203303684879
0.00151515151515
0.0
0.0
0.0554016620499
0.0706018518519
0.0896860986547
0.121974830591
0.111795774648
0.105809128631
0.0
0.0
0.0
0.0
0.0
0.0
0.0
0.0
0.0
0.0
0.0
0.0
0.0
0.0
0.0
0.0
0.0
0.0
0.0
0.0
0.0
0.0
0.0
0.0
0.0
0.0
0.0
0.0
0.0
0.0
0.0
0.0
0.0
0.0
0.0
0.0
0.0
0.0
0.0
0.0
0.0
0.0
0.0
0.0
0.0
0.0
0.0
0.0
0.0
0.0
0.0
0.0
0.0
0.0
0.0
0.0
0.0
0.0
0.0
0.0
0.0
0.0
0.0
0.0
0.0
0.0
