0.0
0.0
0.0
0.0
0.0
0.0
0.0
0.118852459016
0.161904761905
0.114068441065
0.0642201834862
0.0
0.0
0.034188034188
0.0616113744076
0.04
0.0567010309278
0.0059880239521
0.0
0.0
0.0159574468085
0.140776699029
0.0844444444444
0.0160427807487
0.0294117647059
0.0
0.0
0.0145631067961
0.0966183574879
0.00555555555556
0.0253164556962
0.367521367521
0.0
0.0
0.00943396226415
0.0
0.10152284264
0.0459770114943
0.0
0.0
0.0
0.0680272108844
0.0
0.0
0.0
0.0
0.0
0.0
0.0
0.0
0.0
0.0
0.0330578512397
0.0
0.0296296296296
0.144927536232
0.252851711027
0.337770382696
0.400597907324
0.32991202346
0.0
0.0
0.264367816092
0.448094612352
0.415853658537
0.552026286966
0.610084033613
0.0084388185654
0.426548672566
0.594781273983
0.588421887391
0.579462102689
0.45472061657
0.367545076283
0.135446685879
0.451871657754
0.529512403764
0.607483492296
0.594007490637
0.636603028308
0.514071294559
0.0276816608997
0.363636363636
0.547667342799
0.475144508671
0.532412327311
0.641047297297
0.603189493433
0.0761589403974
0.47247706422
0.565737051793
0.495808383234
0.471698113208
0.377963737796
0.134419551935
0.0613718411552
0.38445807771
0.491869918699
0.598958333333
0.51287793953
0.110539845758
0.148026315789
0.0452488687783
0.306569343066
0.592407592408
0.641185647426
0.534161490683
0.618293755497
0.651724137931
0.155279503106
0.468702290076
0.617283950617
0.527186761229
0.50064683053
0.536612021858
0.544176706827
0.218508997429
0.522935779817
0.642666666667
0.493548387097
0.450666666667
0.49504950495
0.319327731092
0.077519379845
0.445065176909
0.43203230148
0.52802690583
0.554585152838
0.674603174603
0.602455146364
0.30303030303
0.486666666667
0.514818880351
0.541242937853
0.585071350165
0.473324213406
0.38127090301
0.268235294118
0.486686390533
0.579162410623
0.54506892895
0.55460385439
0.658749010293
0.559322033898
0.198863636364
0.5
0.489456159822
0.409365558912
0.260143198091
0.114006514658
0.235294117647
0.383693045564
0.530487804878
0.546218487395
0.595098039216
0.630498533724
0.581171950048
0.609523809524
0.130434782609
0.355971896956
0.195505617978
0.185714285714
0.0906515580737
0.0434782608696
0.0
0.0
0.0361990950226
0.0
0.0
0.0
0.0
0.0669456066946
0.0
0.0
0.0
0.0
0.0
0.0
0.0
0.0
0.0
0.0
0.0
0.0
0.0
0.0
0.0
0.0
0.0
0.0
0.0204918032787
0.0396341463415
0.0675675675676
0.0
0.0
0.136150234742
0.246464646465
0.368888888889
0.521172638436
0.472295514512
0.059925093633
0.22641509434
0.358695652174
0.371478873239
0.584536082474
0.544366899302
0.523409363745
0.0733333333333
0.286052009456
0.40770252324
0.429160935351
0.448275862069
0.463130659767
0.145833333333
0.0485074626866
0.175202156334
0.444152431012
0.503867403315
0.545101842871
0.505483549352
0.295025728988
0.0887372013652
0.288782816229
0.419308357349
0.491925465839
0.453146853147
0.428571428571
0.341240875912
0.0224215246637
0.243498817967
0.501305483029
0.362984218077
0.446229913473
0.502951593861
0.564417177914
0.103448275862
0.423149905123
0.510518934081
0.415545590433
0.487637362637
0.46062992126
0.409475465313
0.229813664596
0.405660377358
0.347826086957
0.246458923513
0.121118012422
0.16935483871
0.0294117647059
0.0
0.208609271523
0.332068311195
0.515337423313
0.587458745875
0.617702448211
0.538987688098
0.16814159292
0.496453900709
0.480555555556
0.492042440318
0.510699001427
0.47619047619
0.485135135135
0.288571428571
0.401709401709
0.557945041816
0.575342465753
0.49861878453
0.540616246499
0.235154394299
0.15243902439
0.426048565121
0.495007132668
0.47564469914
0.444887118194
0.526315789474
0.369485294118
0.262108262108
0.293064876957
0.45765230312
0.475504322767
0.578431372549
0.419497784343
0.406427221172
0.297082228117
0.414847161572
0.559776536313
0.593588417787
0.534942820839
0.44696969697
0.365269461078
0.399038461538
0.545706371191
0.581018518519
0.613228699552
0.64472410455
0.590669014085
0.627593360996
0.0496183206107
0.356968215159
0.302277432712
0.227817745803
0.348747591522
0.262365591398
0.0210526315789
0.184668989547
0.331491712707
0.225130890052
0.0318021201413
0.0145631067961
0.0
0.0
0.0
0.0
0.0
0.0
0.0
0.0
0.0
0.0
0.0
0.0
0.0479704797048
0.0151515151515
0.0335820895522
0.0042735042735
0.0
0.0
0.0
0.0392857142857
0.13353115727
0.0280701754386
0.0258620689655
0.0
0.0
0.0171232876712
0.0759493670886
0.135384615385
0.135359116022
0.0883392226148
0.0
0.0169491525424
0.298611111111
0.0664652567976
0.172680412371
0.02
0.0748299319728
0.0116279069767
0.123404255319
0.0836012861736
0.0304182509506
0.100628930818
0.176811594203
0.162576687117
0.0
0.00884955752212
0.0266666666667
0.0869565217391
0.0967741935484
0.0
0.0
0.0
0.0
0.1
