0.0
0.0
0.0
0.0
0.0
0.0
0.0
0.0
0.0
0.0
0.0
0.0
0.0
0.0
0.0
0.0
0.0
0.0
0.0
0.0
0.0
0.0
0.0
0.0
0.0
0.0
0.0
0.0
0.0
0.0
0.0
0.0
0.0
0.0
0.0
0.0
0.0
0.0
0.0
0.0
0.0
0.0
0.0
0.0
0.0
0.0
0.0
0.0
0.0
0.0
0.0
0.0
0.0
0.0
0.0
0.0
0.0
0.0133111480865
0.0134529147982
0.0
0.0
0.0
0.0
0.0893561103811
0.059756097561
0.163198247536
0.260504201681
0.0
0.00530973451327
0.229470452801
0.199048374306
0.220863895681
0.0597302504817
0.0208044382802
0.0
0.0561497326203
0.0650128314799
0.220836390315
0.225468164794
0.273206056616
0.258911819887
0.0
0.00545454545455
0.143002028398
0.0774566473988
0.117959617428
0.278716216216
0.348968105066
0.0
0.0917431192661
0.193227091633
0.112574850299
0.0503144654088
0.0278940027894
0.0
0.0
0.0184049079755
0.116531165312
0.20625
0.107502799552
0.0
0.0
0.0
0.0
0.253746253746
0.309672386895
0.170807453416
0.239226033421
0.421551724138
0.0
0.0885496183206
0.226970560304
0.121749408983
0.106080206986
0.12131147541
0.197791164659
0.0
0.154434250765
0.336
0.089247311828
0.068
0.085396039604
0.0
0.0
0.0502793296089
0.0565275908479
0.0874439461883
0.169213973799
0.357142857143
0.345609065156
0.0021645021645
0.115
0.130625686059
0.120903954802
0.187705817783
0.0820793433653
0.0367892976589
0.0
0.103550295858
0.222676200204
0.121951219512
0.165952890792
0.331749802059
0.297669491525
0.0
0.0693215339233
0.120976692564
0.0528700906344
0.0
0.0
0.0
0.0
0.128048780488
0.170168067227
0.241176470588
0.265884652981
0.221902017291
0.272380952381
0.0
0.0
0.0
0.0
0.0
0.0
0.0
0.0
0.0
0.0
0.0
0.0
0.0
0.0
0.0
0.0
0.0
0.0
0.0
0.0
0.0
0.0
0.0
0.0
0.0
0.0
0.0
0.0
0.0
0.0
0.0
0.0
0.0
0.0
0.0
0.0
0.0
0.0
0.0
0.00296296296296
0.0825190010858
0.0976253298153
0.0
0.0
0.0
0.0387323943662
0.234020618557
0.149551345962
0.130852340936
0.0
0.0
0.0225763612218
0.0261348005502
0.0305039787798
0.0815006468305
0.0
0.0
0.0
0.0223390275953
0.0552486187845
0.130940834142
0.0757726819541
0.00686106346484
0.0
0.0
0.0576368876081
0.110559006211
0.0699300699301
0.0454545454545
0.0383211678832
0.0
0.0
0.0757180156658
0.0286944045911
0.0506798516687
0.13813459268
0.18527607362
0.0
0.0398481973435
0.0981767180926
0.0627802690583
0.134615384615
0.0354330708661
0.0812182741117
0.0
0.0259433962264
0.0
0.0
0.0
0.0
0.0
0.0
0.0
0.0132827324478
0.126380368098
0.250825082508
0.270244821092
0.154582763338
0.0
0.124113475177
0.0611111111111
0.129973474801
0.0870185449358
0.0880230880231
0.102702702703
0.0
0.017094017094
0.166069295102
0.201743462017
0.0883977900552
0.162464985994
0.0
0.0
0.0242825607064
0.0984308131241
0.111747851003
0.0717131474104
0.13995215311
0.0404411764706
0.0
0.0
0.035661218425
0.0720461095101
0.182598039216
0.0635155096012
0.0661625708885
0.0
0.0305676855895
0.195530726257
0.254395036194
0.119440914867
0.0636363636364
0.00199600798403
0.0
0.211911357341
0.189814814815
0.234304932735
0.265246853824
0.25088028169
0.246887966805
0.0
0.00733496332518
0.0
0.0
0.00578034682081
0.0
0.0
0.0
0.0
0.0
0.0
0.0
0.0
0.0
0.0
0.0
0.0
0.0
0.0
0.0
0.0
0.0
0.0
0.0
0.0
0.0
0.0
0.0
0.0
0.0
0.0
0.0
0.0
0.0
0.0
0.0
0.0
0.0
0.0
0.0
0.0
0.0
0.0
0.0
0.0
0.0
0.0
0.0
0.0
0.0
0.0
0.0
0.0
0.0
0.0
0.0
0.0
0.0
0.0
0.0
0.0
0.0
0.0
0.0
0.0
0.0
