0.0
0.0
0.0
0.0
0.0
0.0
0.0
0.0
0.0
0.0
0.0
0.0
0.0
0.0
0.0
0.0
0.0
0.0
0.0
0.0
0.0
0.0
0.0
0.0
0.0
0.0
0.0
0.0
0.0
0.0
0.0
0.0
0.0
0.0
0.0
0.0
0.0
0.0
0.0
0.0
0.0
0.0
0.0
0.0
0.0
0.0
0.0
0.0
0.0
0.0
0.0
0.0
0.0
0.0
0.0
0.0
0.0
0.0
0.0
0.0
0.0
0.0
0.0
0.0525624178712
0.0268292682927
0.0821467688938
0.182352941176
0.0
0.0
0.13123561013
0.113402061856
0.125509372453
0.0221579961464
0.00277392510402
0.0
0.0173796791444
0.0171086398631
0.137197358767
0.137078651685
0.186965108624
0.188555347092
0.0
0.0
0.0618661257606
0.0381502890173
0.0552603613177
0.183277027027
0.291744840525
0.0
0.0412844036697
0.105577689243
0.0610778443114
0.0150943396226
0.0
0.0
0.0
0.0
0.0474254742547
0.130208333333
0.040313549832
0.0
0.0
0.0
0.0
0.175824175824
0.236349453978
0.108695652174
0.138962181179
0.364655172414
0.0
0.030534351145
0.149097815764
0.0555555555556
0.0452781371281
0.0546448087432
0.106425702811
0.0
0.0779816513761
0.256888888889
0.0354838709677
0.0173333333333
0.0383663366337
0.0
0.0
0.00931098696462
0.0134589502019
0.0235426008969
0.105895196507
0.28354978355
0.281397544854
0.0
0.0433333333333
0.0504939626784
0.0508474576271
0.11855104281
0.0369357045144
0.0
0.0
0.0281065088757
0.1164453524
0.0413573700954
0.0952890792291
0.245447347585
0.234110169492
0.0
0.00442477876106
0.054384017758
0.0181268882175
0.0
0.0
0.0
0.0
0.0579268292683
0.0861344537815
0.174509803922
0.161290322581
0.139289145053
0.191428571429
0.0
0.0
0.0
0.0
0.0
0.0
0.0
0.0
0.0
0.0
0.0
0.0
0.0
0.0
0.0
0.0
0.0
0.0
0.0
0.0
0.0
0.0
0.0
0.0
0.0
0.0
0.0
0.0
0.0
0.0
0.0
0.0
0.0
0.0
0.0
0.0
0.0
0.0
0.0
0.0
0.0152008686211
0.0435356200528
0.0
0.0
0.0
0.012323943662
0.153608247423
0.0667996011964
0.0840336134454
0.0
0.0
0.0
0.0
0.00397877984085
0.0245795601552
0.0
0.0
0.0
0.0
0.00773480662983
0.0591658583899
0.0219341974078
0.0
0.0
0.0
0.0230547550432
0.0459627329193
0.034965034965
0.0181818181818
0.00182481751825
0.0
0.0
0.0195822454308
0.0
0.0123609394314
0.0637544273908
0.104294478528
0.0
0.0
0.0504908835905
0.0179372197309
0.0741758241758
0.00787401574803
0.0321489001692
0.0
0.0
0.0
0.0
0.0
0.0
0.0
0.0
0.0
0.0
0.0662576687117
0.173817381738
0.204331450094
0.0861833105335
0.0
0.0514184397163
0.0194444444444
0.0596816976127
0.0470756062767
0.02886002886
0.0513513513514
0.0
0.0
0.10513739546
0.12204234122
0.0400552486188
0.0882352941176
0.0
0.0
0.0
0.0542082738944
0.054441260745
0.0358565737052
0.072966507177
0.00551470588235
0.0
0.0
0.0
0.021613832853
0.0845588235294
0.0369276218612
0.0264650283554
0.0
0.0
0.115083798883
0.178903826267
0.0635324015248
0.0181818181818
0.0
0.0
0.119113573407
0.113425925926
0.146860986547
0.179090029042
0.157570422535
0.164937759336
0.0
0.0
0.0
0.0
0.0
0.0
0.0
0.0
0.0
0.0
0.0
0.0
0.0
0.0
0.0
0.0
0.0
0.0
0.0
0.0
0.0
0.0
0.0
0.0
0.0
0.0
0.0
0.0
0.0
0.0
0.0
0.0
0.0
0.0
0.0
0.0
0.0
0.0
0.0
0.0
0.0
0.0
0.0
0.0
0.0
0.0
0.0
0.0
0.0
0.0
0.0
0.0
0.0
0.0
0.0
0.0
0.0
0.0
0.0
0.0
0.0
0.0
0.0
0.0
0.0
0.0
