0.0
0
0
0
0
0
0
0.0
0.0
0.0
0.142857142857
0.222222222222
0.0
0.357142857143
0.4
0.0
0.0
0.0
0.0
0.0
0.0
0.0
0.0
0.0
0
0.0
0.0
0
0.0
0
0.0
0.0
0.0
0.0
0.210526315789
0.0666666666667
0.0
0.0909090909091
0.611111111111
0.111111111111
0.25
0.0
0.0
0.0
0.0
0.0
0.0
0.0
0.0
0
0.0
0
0.0
0
0
0
0.0
0.0
0.0909090909091
1.0
0.0
0.0
0.0
0.0
0.0
0.0
0.0
0.0
0.0
0.0
0.0
0.0
0.0
0
0
0.0
0
0
0
0.0
0.0
0.0
0.0
0.0
0.0
0.0
0.0
0.0
0.0
0.0
0.0
0.0
0.0
0.0
0.0
0.0
0
0
0
0
0.0
0
0
0.0
0.0
0.0
0.0
0.0
0.0
0.0
0.0
0.0
0.0
0.0
0.0
0.0
0.0
0.0
0.0
0.0
0
0.0
0.0
0
0
0
0
0.0
0.0
0.0
0.0
0.0
0.0
0.0
0.0
0.0
0.0
0.0
0.0
0.0
0.0
0.0
0.0
0.0
0.0
0.0
0.0
0
0
0
0
0
0.0
0.0
0.25
0.5
0.0
0.0
0.0
0.25
0.0909090909091
0.0
0.0
0.0
0.0
0.0
0.0
0.0
0.0
0.0
0.0
0
0
0
0.0
0.0
0.0
0.0
0.810344827586
0.166666666667
0.142857142857
0.0
0.142857142857
0.761904761905
0.521739130435
0.133333333333
0.0
0.0
0.0
0.0
0.0
0.0
0.0
0.0
0.0
0
0.0
0
0
0.0
0.0
0.0
0.307692307692
0.4
0.55
0.833333333333
0.789473684211
0.461538461538
0.0
0.0769230769231
0.0
0.0
0.181818181818
0.272727272727
0.111111111111
0.0
0.0
0.0
0.0
0.0
0
0
0.0
0.0
0.047619047619
0.818181818182
0.916666666667
0.916666666667
0.0909090909091
0.5
0.642857142857
0.615384615385
0.333333333333
0.0
0.0
0.0
0.153846153846
0.111111111111
0.0
0.0769230769231
0.0
0.0
0
0.0
0
0.0
0.0
0.0
0.0
0.5
0.571428571429
0.8125
0.176470588235
0.68
0.666666666667
0.714285714286
0.2
0.0833333333333
0.0
0.0
0.0
0.0
0.0
0.0
0.0
0.0
0
0
0
0
0.0
0.0
0.0
0.0
0.0
0.0
0.0
0.0
0.0
0.0
0.0
0.0
0.0
0.0
0.0
0.0
0.0
0.0
0.0
0.0
0.0
0.0
0
0
0
0.0
0.0
0.0
0.0
0.0
0.0
0.214285714286
0.5
0.166666666667
0.428571428571
0.0
0.0
0.0
0.333333333333
0.181818181818
0.4375
0.0769230769231
0.0
0.0
0
0
0.0
0
0.0
0.0
0.0
0.5625
0.615384615385
0.75
0.125
0.5
0.478260869565
0.2
0.0
0.0
0.0
0.0
0.0714285714286
0.533333333333
0.285714285714
0.0
0.0
0.0
0.0
0
0
0
0.0
0.0
0.0
0.444444444444
0.866666666667
0.842105263158
0.0
0.375
0.666666666667
0.642857142857
0.181818181818
0.0
0.0
0.0
0.583333333333
0.538461538462
0.0
0.0
0.0
0.0
0
0
0
0
0.0
0.0
0.0
0.6
0.764705882353
0.857142857143
0.0
0.571428571429
0.5
0.6
0.0
0.0
0.0
0.0
0.0
0.0
0.0
0.0
0.0
0.0
0.0
0
0.0
0.0
0.0
0.0
0.0
0.555555555556
0.761904761905
0.571428571429
0.0
0.590909090909
0.733333333333
0.416666666667
0.125
0.0
0.0
0.0
0.0
0.272727272727
0.0
0.0
0.0
0
0
0
0
0.0
0
0.0
0.0
0.5
0.647058823529
0.333333333333
0.0
0.55
0.4
0.636363636364
0.0
0.0
0.0
0.0
0.0
0.0
0.0
0
0.0
0.0
0
0.0
0
0
0
0.0
0.0
0.0
0.0
0.0
0.0
0.0
0.0
0.0
0.0
0.0
0.0
0.0
0.0
0.0
0.0
0.0
0.0
0.0
0
0.0
0
0
0.0
0.0
0.0
0.0
0.0
0.0
0.0
0.0
0.222222222222
0.3
0.230769230769
0.375
0.0
0.111111111111
0.285714285714
0.411764705882
0.125
0.0
0.0
0.0
0.0
0.0
0
0
0.0
0.0
0.0
0.25
0.894736842105
0.583333333333
0.0769230769231
0.0
0.3
0.666666666667
0.263157894737
0.428571428571
0.0
0.0
0.0
0.0
0.0
0.0
0.0
0
0.0
0
0
0
0.0
0.0
0.0
0.653846153846
0.75
0.5
0.222222222222
0.833333333333
0.882352941176
0.5625
0.0625
0.0
0.0
0.0
0.0
0.0666666666667
0.142857142857
0.166666666667
0.0
0.0
0.0
0
0.0
0
0.0
0.0
0.263157894737
0.684210526316
0.84
0.363636363636
0.0666666666667
0.647058823529
0.5
0.142857142857
0.0
0.0
0.0
0.0769230769231
0.222222222222
0.0909090909091
0.1
0.0
0.0
0.0
0.0
0
0
0
0.0
0.0
0.0
0.5
0.5
0.333333333333
0.0
0.6875
0.666666666667
0.6875
0.25
0.0
0.0
0.0
0.0
0.0
0.363636363636
0.0
0.0
0.0
0
0.0
0.0
0.0
0.0
0.0
0.0
0.0
0.52380952381
0.375
0.0555555555556
0.578947368421
0.333333333333
0.47619047619
0.0
0.0666666666667
0.0
0.0833333333333
0.0
0.0
0.0
0.0
0.0
0.0
0.0
0.0
0.0
0
0.0
0
0.0
0.0
0.0
0.0
0.0
0.0
0.0
0.0
0.0
0.0
0.0
0.0
0.0
0.0
0.0
0.0
0.0
0
0
0.0
0
0.0
0
0
0.0
0.0
0.0
0.0
0.0
0.0
0.0
0.0769230769231
0.428571428571
0.142857142857
0.333333333333
0.0
0.266666666667
0.5
0.3125
0.0
0.0
0.0
0.0
0.0
0.0
0.0
0
0.0
0.0
0.363636363636
0.545454545455
0.416666666667
0.0666666666667
0.363636363636
0.25
0.636363636364
0.0
0.0
0.0
0.0
0.166666666667
0.2
0.3
0.0
0.0
0.0
0.0
0.0
0
0
0
0.0
0.130434782609
0.727272727273
0.8125
0.695652173913
0.444444444444
0.117647058824
0.5
0.285714285714
0.181818181818
0.0
0.0
0.0
0.0
0.0
0.285714285714
0.0
0.0
0
0.0
0.0
0
0
0
0.0
0.0
0.230769230769
0.777777777778
0.555555555556
0.25
0.347826086957
0.666666666667
0.4
0.1875
0.0
0.0
0.0
0.0
0.0
0.0
0.0
0.0
0
0.0
0
0.0
0.0
0.0
0.0
0.0
0.0
0.0
0.111111111111
0.5625
0.62962962963
0.416666666667
0.384615384615
0.333333333333
0.176470588235
0.0
0.0
0.347826086957
0.571428571429
0.5
0.0
0.0
0.0
0
0
0
0
0
0.0
0.0
0.702127659574
0.785714285714
0.6
0.923076923077
0.833333333333
0.777777777778
0.764705882353
0.5
0.0
0.0
0.0
0.0
0.285714285714
0.0
0.0
0.0
0
0.0
0.0
0.0
0
0
0.0
0.0
0.0
0.0
0.0
0.0
0.0
0.0
0.0
0.0
0.0
0.0
0.0
0.0
0.0
0.0
0.0
0
0.0
0
0
0
0
0
0.0
0
0.0
0.0
0.0
0.0
0.0
0.0
0.0
0.0
0.0
0.0
0.0
0.111111111111
0.0
0.0
0.0
0.0
0.0
0.0
0
0.0
0.0
0.0
0.0
0.0
0.533333333333
0.666666666667
0.666666666667
0.333333333333
0.25
0.285714285714
0.578947368421
0.388888888889
0.0
0.0
0.0
0.0
0.333333333333
0.333333333333
0.166666666667
0.0
0.0
0.0
0
0
0.0
0.0
0.0
0.0
0.1875
0.642857142857
0.357142857143
0.5
0.384615384615
0.333333333333
0.307692307692
0.0
0.0
0.0
0.0
0.458333333333
0.0
0.0
0.0
0.0
0.0
0.0
0.0
0
0.0
0.0
0.0
0.0625
0.571428571429
0.8
0.6
0.266666666667
0.809523809524
0.5
0.333333333333
0.230769230769
0.0
0.0
0.0
0.181818181818
0.315789473684
0.0
0.0
0.0
0.0
0
0
0
0
0.0
0.0
0.0
0.153846153846
0.777777777778
0.545454545455
0.625
0.583333333333
0.777777777778
0.5625
0.0833333333333
0.0
0.0
0.0
0.0
0.0
0.0
0.0
0.0
0.0
0
0.0
0.0
0.0
0.0
0.0
0.0
0.0
0.7
0.375
0.416666666667
0.384615384615
0.222222222222
0.75
0.285714285714
0.0
0.0
0.0
0.0
0.0
0.0
0.0
0.0
0.0
0
0.0
0
0
0
0.0
0.0
0.0
0.0
0.0
0.0
0.0
0.0
0.0
0.0
0.0
0.0
0.0
0.0
0.0
0.0
0.0
0.0
0.0
0
0
0
0.0
0
0
0.0
0
0.0
0.0
0.0
0.0
0.0
0.0
0.0
0.0
0.0
0.0
0.25
0.0
0.142857142857
0.0
0.0
0.0
0.0
0
0.0
0
0.0
0.0
0.0
0.51724137931
0.454545454545
0.470588235294
0.3
0.7
0.666666666667
0.0
0.0
0.0
0.0
0.0
0.0
0.0
0.0
0.0
0.0
0.0
0.0
0.0
0.0
0
0.0
0.0
0.0
0.0
0.0
0.0
0.0
0.0909090909091
0.333333333333
0.0
0.0
0.0
0.0
0.0
0.0
0.0
0.0
0.1875
0.0
0.0
0.0
0.0
0
0.0
0
0.0
0.0
0.0
0.571428571429
0.25
0.0
0.0
0.0
0.214285714286
0.0
0.0
0.0
0.0
0.0
0.0
0.0
0.0
0.0
0
0
0.0
0.0
0
0
0.0
0.0
0.0
0.0
0.0
0.333333333333
0.0
0.0
0.0
0.0
0.0
0.0
0.0
0.0
0.0
0.0
0.0
0.0
0.0
0.0
0.0
0
0
0
0.0
0.0
0.0
0.0
0.0
0.0
0.0
0.0
0.0
0.0
0.0
0.0
0.0
0.0
0.0
0.0
0.0
0
0
0
0
0
0
0
0
0.0
0
0.0
0.0
0.0
0.0
0.0
0.0
0.0
0.0
0.0
0.0
0.0
0.0
0.0
0.0
0.0
0
0
0.0
0
0
0
0.0
0
0.0
0.0
0.0
0.0
0.0
0.0
0.0
0.0
0.0
0.0
0.0
0.0
0.0
0.0
0.0
0.0
0.0
0.0
0
0
0
0
0.0
0.0
0.0
0.0
0.0
0.0
0.0
0.0
0.3
0.0
0.0
0.0
0
0.0
0.0
0.0
0.0
0.0
0.0
0.0
0
0.0
0.0
0
0.0
0.0
0.0
0.0
0.0
0.0
0.0
0.125
0.0
0.0
0.0
0.0
0.0
0.0
0.0
0.0
0
0.0
0
0.0
0
0
0
0.0
0.0
0.0
0.0
0.0
0.0
0.0
0.176470588235
0.0666666666667
0.48
0.210526315789
0.125
0.0
0.0
0.12
0.08
0.625
0.0
0.0
0.0
0
0
0
0.0
0
0.0
0.0
0.0
0.176470588235
0.210526315789
0.0588235294118
0.307692307692
0.277777777778
0.368421052632
0.0625
0.0909090909091
0.0
0.0
0.266666666667
0.25
0.0909090909091
0.0
0.0
0.0
0.0
0
0
0.0
0
0
0.0
0.512195121951
0.28
0.272727272727
0.470588235294
0.62962962963
0.0909090909091
0.333333333333
0.0833333333333
0.0
0.0
0.0
0.0
0.0
0.0
0.0
0.0
0.0
0.0
0
0.0
0
0.0
0
0.0
0.0
0.0
0.0
0.0
0.0
0.0
0.0
0.0
0.125
0.0
0.0714285714286
0.384615384615
0.333333333333
0.0
0.0
0.0
0.0
0.0
0
0
0.0
0
0
0.0
0.0
0.0
0.0
0.0
0.0
0.238095238095
0.318181818182
0.551724137931
0.529411764706
0.238095238095
0.260869565217
0.689655172414
0.545454545455
0.166666666667
0.0
0.0
0.0
0.0
0.0
0
0.0
0.0
0.0
0.0
0.0
0.166666666667
0.304347826087
0.25
0.3125
0.368421052632
0.548387096774
0.44
0.28125
0.76
0.733333333333
0.69696969697
0.535714285714
0.666666666667
0.166666666667
0.0
0.0
0
0.0
0
0
0
0.0
0.0
0.0
0.28
0.514285714286
0.677419354839
0.592592592593
0.444444444444
0.571428571429
0.767441860465
0.620689655172
0.807692307692
0.483870967742
0.826086956522
0.657894736842
0.590909090909
0.333333333333
0.1
0.0
0.0
0.0
0.0
0.0
0
0.0
0.0
0.5
0.2
0.5
0.260869565217
0.466666666667
0.5
0.74
0.702127659574
0.571428571429
0.609756097561
0.764705882353
0.696428571429
0.741379310345
0.745098039216
0.457142857143
0.133333333333
0.0
0.0
0
0
0
0
0.0
0.0
0.702702702703
0.447368421053
0.541666666667
0.75
0.717948717949
0.842105263158
0.708333333333
0.807692307692
0.627906976744
0.862068965517
0.666666666667
0.733333333333
0.692307692308
0.806451612903
0.575757575758
0.176470588235
0.0
0.0
0.0
0
0.0
0.0
0.0
0.277777777778
0.666666666667
0.675
0.716981132075
0.609756097561
0.68085106383
0.759259259259
0.811320754717
0.555555555556
0.722222222222
0.677419354839
0.761904761905
0.794871794872
0.535714285714
0.642857142857
0.433333333333
0.0833333333333
0.0
0.0
0.0
0.0
0
0
0
0.0
0.0
0.0
0.0
0.214285714286
0.0
0.214285714286
0.52380952381
0.333333333333
0.125
0.0
0.0
0.0
0.0
0.0
0.0
0.0
0
0.0
0.0
0
0
0.0
0
0
0.0
0.0
0.0
0.333333333333
0.333333333333
0.238095238095
0.4375
0.611111111111
0.222222222222
0.125
0.5
0.473684210526
0.25
0.315789473684
0.0
0.0
0.0
0.0
0
0
0.0
0
0.0
0.0
0.0
0.0769230769231
0.45
0.5
0.551724137931
0.764705882353
0.548387096774
0.827586206897
0.621621621622
0.45
0.705882352941
0.545454545455
0.742857142857
0.65625
0.541666666667
0.333333333333
0.111111111111
0.0
0.0
0.0
0
0.0
0.0
0.0
0.333333333333
0.631578947368
0.516129032258
0.621621621622
0.651162790698
0.666666666667
0.66
0.716981132075
0.744680851064
0.692307692308
0.762711864407
0.883333333333
0.83606557377
0.875
0.732142857143
0.37037037037
0.125
0.0
0.0
0.0
0.0
0.0
0.0
0.136363636364
0.787234042553
0.512820512821
0.694444444444
0.555555555556
0.619047619048
0.606060606061
0.857142857143
0.702127659574
0.75
0.684210526316
0.64
0.84126984127
0.79746835443
0.777777777778
0.585365853659
0.0625
0.0909090909091
0.0
0.0
0
0.0
0.0
0.0
0.0588235294118
0.388888888889
0.657894736842
0.787234042553
0.647058823529
0.745762711864
0.759259259259
0.848484848485
0.844827586207
0.714285714286
0.774193548387
0.83606557377
0.87323943662
0.895348837209
0.793103448276
0.846153846154
0.619047619048
0.444444444444
0.0
0.0
0.0
0.0
0.0
0.0
0.0
0.666666666667
0.78431372549
0.852941176471
0.653846153846
0.802325581395
0.811764705882
0.919191919192
0.891891891892
0.792207792208
0.880952380952
0.782608695652
0.865168539326
0.859154929577
0.785714285714
0.628571428571
0.0
0.0
0.0
0
0.0
0
0
0
0.0
0.0
0.0
0.428571428571
0.0
0.421052631579
0.571428571429
0.470588235294
0.0
0.0
0.125
0.52380952381
0.181818181818
0.526315789474
0.25
0.0
0.0
0.0
0.0
0.0
0
0
0
0.0
0.0
0.0
0.153846153846
0.84375
0.571428571429
0.485714285714
0.709677419355
0.824561403509
0.7
0.905660377358
0.68085106383
0.80487804878
0.714285714286
0.816326530612
0.638888888889
0.51724137931
0.461538461538
0.181818181818
0.0
0.0
0.0
0.0
0.0
0.0
0.739130434783
0.744186046512
0.677966101695
0.775280898876
0.817073170732
0.644444444444
0.86
0.84693877551
0.78125
0.858333333333
0.6875
0.852272727273
0.851851851852
0.865853658537
0.862068965517
0.488888888889
0.458333333333
0.24
0.0
0.0
0.0
0.0
0
0.0
0.590909090909
0.727272727273
0.761061946903
0.81914893617
0.865979381443
0.840909090909
0.864077669903
0.759259259259
0.705882352941
0.666666666667
0.837209302326
0.861386138614
0.905882352941
0.820895522388
0.808510638298
0.725
0.58064516129
0.0
0.0
0.0
0.0
0.0
0.0
0.0
0.564102564103
0.807692307692
0.898305084746
0.787878787879
0.911504424779
0.824324324324
0.820512820513
0.783783783784
0.854166666667
0.755319148936
0.717391304348
0.837606837607
0.85
0.733333333333
0.7
0.548387096774
0.58064516129
0.263157894737
0.0
0.0
0.0
0
0.0
0.0
0.69696969697
0.75
0.84693877551
0.724637681159
0.666666666667
0.730337078652
0.678571428571
0.581818181818
0.8
0.547619047619
0.480769230769
0.66
0.596153846154
0.8
0.7
0.619047619048
0.15
0.0
0.0
0.0
0.0
0.0
0.0
0.0
0.0
0.0833333333333
0.770833333333
0.793103448276
0.595744680851
0.716981132075
0.818181818182
0.688888888889
0.733333333333
0.636363636364
0.590909090909
0.552631578947
0.740740740741
0.625
0.641025641026
0.0
0.0
0.0
0
0
0.0
0.0
0.0
0.0
0.0
0.0
0.0
0.411764705882
0.44
0.615384615385
0.727272727273
0.5
0.55
0.3
0.590909090909
0.636363636364
0.478260869565
0.441176470588
0.56
0.357142857143
0.0
0.0
0.0
0
0
0.0
0.0
0.0
0.0
0.235294117647
0.545454545455
0.454545454545
0.458333333333
0.575
0.66
0.826923076923
0.88679245283
0.711111111111
0.74
0.741935483871
0.68253968254
0.783783783784
0.84
0.586206896552
0.475
0.24
0.0
0.0
0.0
0.0
0.0
0.0
0.435897435897
0.5625
0.791666666667
0.683333333333
0.857142857143
0.744444444444
0.794117647059
0.843373493976
0.810344827586
0.709677419355
0.803278688525
0.789473684211
0.854166666667
0.848101265823
0.787878787879
0.777777777778
0.540540540541
0.142857142857
0.0
0.0
0.0
0.0
0.0
0.0
0.4375
0.745762711864
0.868852459016
0.84126984127
0.830769230769
0.9
0.79381443299
0.793103448276
0.790697674419
0.90099009901
0.803278688525
0.860465116279
0.85
0.859649122807
0.838709677419
0.727272727273
0.545454545455
0.454545454545
0.0
0.0
0.0
0.0
0.0
0.0
0.208333333333
0.589743589744
0.795180722892
0.84126984127
0.842105263158
0.84126984127
0.782051282051
0.629032258065
0.787878787879
0.810810810811
0.835294117647
0.868686868687
0.854545454545
0.883928571429
0.836956521739
0.746478873239
0.644444444444
0.318181818182
0.0
0.0
0.0
0.0
0.0
0.0952380952381
0.642857142857
0.928571428571
0.833333333333
0.661016949153
0.815217391304
0.831683168317
0.775280898876
0.747252747253
0.861386138614
0.864583333333
0.790697674419
0.875
0.957983193277
0.876033057851
0.889908256881
0.771428571429
0.514285714286
0.0454545454545
0.0
0.0
0.0
0.0
0.0
0.0
0.36
0.644444444444
0.74358974359
0.86
0.888888888889
0.903846153846
0.891666666667
0.803921568627
0.826086956522
0.522727272727
0.447368421053
0.551724137931
0.4375
0.478260869565
0.318181818182
0.4
0.0
0.0
0.0
0
0
0
0.0
0.0
0.0
0.0
0.0
0.4375
0.333333333333
0.4375
0.5
0.421052631579
0.391304347826
0.2
0.411764705882
0.285714285714
0.5
0.461538461538
0.272727272727
0.461538461538
0.0
0.0
0.0
0.0
0
0
0
0.0
0.0
0.0
0.277777777778
0.566666666667
0.578947368421
0.555555555556
0.840909090909
0.7
0.552631578947
0.72972972973
0.75
0.72972972973
0.836363636364
0.833333333333
0.690476190476
0.571428571429
0.285714285714
0.0
0.0
0.0
0.0
0.0
0.0
0.0
0.52
0.625
0.734375
0.744680851064
0.8
0.772151898734
0.823529411765
0.806451612903
0.816901408451
0.754098360656
0.84375
0.826086956522
0.857142857143
0.825396825397
0.730158730159
0.583333333333
0.25
0.0
0.0
0.0
0.0
0.0
0.0
0.0
0.142857142857
0.581395348837
0.564102564103
0.760869565217
0.648148148148
0.770833333333
0.631578947368
0.727272727273
0.698113207547
0.648148148148
0.696428571429
0.773333333333
0.842105263158
0.803278688525
0.810344827586
0.571428571429
0.111111111111
0.0
0.0
0.0
0
0.0
0.0
0.0
0.538461538462
0.37037037037
0.880952380952
0.891304347826
0.658536585366
0.672727272727
0.775862068966
0.65306122449
0.725806451613
0.711538461538
0.634615384615
0.793650793651
0.883116883117
0.909090909091
0.938461538462
0.702127659574
0.411764705882
0.0
0.0
0.0
0
0.0
0.0
0.0
0.586206896552
0.545454545455
0.804347826087
0.708333333333
0.810810810811
0.884057971014
0.770114942529
0.876712328767
0.814814814815
0.851851851852
0.848101265823
0.913580246914
0.901098901099
0.888888888889
0.886597938144
0.739726027397
0.527777777778
0.5
0.0
0.0
0.0
0.0
0.0
0.0
0.0
0.630434782609
0.830985915493
0.9
0.896825396825
0.869230769231
0.936170212766
0.955223880597
0.862068965517
0.59375
0.434782608696
0.259259259259
0.266666666667
0.0769230769231
0.0
0.357142857143
0.0
0.0
0.0
0
0.0
0.0
0
0.0
0.0
0.0
0.611111111111
0.166666666667
0.676470588235
0.388888888889
0.1875
0.666666666667
0.666666666667
0.4
0.4375
0.47619047619
0.869565217391
0.4
0.714285714286
0.333333333333
0.0
0.307692307692
0.333333333333
0.0
0.0
0.0
0
0.0
0.0
0.0
0.434782608696
0.75
0.851851851852
0.694444444444
0.805555555556
0.739130434783
0.698113207547
0.677419354839
0.717391304348
0.818181818182
0.793103448276
0.827586206897
0.816901408451
0.65
0.304347826087
0.277777777778
0.230769230769
0.0
0.0
0.0
0.0
0.0
0.8
0.741935483871
0.83606557377
0.803571428571
0.791666666667
0.789473684211
0.771929824561
0.819672131148
0.76
0.661764705882
0.673913043478
0.878787878788
0.882352941176
0.918604651163
0.830985915493
0.833333333333
0.555555555556
0.4375
0.75
0.0
0.0
0.0
0.0
0.0
0.64
0.702702702703
0.711111111111
0.725
0.55
0.772727272727
0.796610169492
0.725
0.830769230769
0.830188679245
0.74358974359
0.0
0.802816901408
0.921052631579
0.766666666667
0.714285714286
0.565217391304
0.24
0.0833333333333
0.0
0.0
0.0
0.0
0.0
0.2
0.272727272727
0.694444444444
0.690476190476
0.722222222222
0.872340425532
0.936170212766
0.711111111111
0.734693877551
0.803921568627
0.916666666667
0.787878787879
0.774193548387
0.727272727273
0.716981132075
0.677419354839
0.52380952381
0.0
0.0
0.0
0.0
0.0
0.0
0.0
0.411764705882
0.90243902439
0.527777777778
0.6
0.41935483871
0.628571428571
0.526315789474
0.625
0.568181818182
0.826923076923
0.604166666667
0.567567567568
0.777777777778
0.767857142857
0.829268292683
0.641025641026
0.461538461538
0.0625
0.0
0.0
0.0
0.0
0.0
0.0
0.25
0.48
0.638888888889
0.5
0.407407407407
0.642857142857
0.675
0.51724137931
0.35
0.375
0.407407407407
0.645161290323
0.461538461538
0.318181818182
0.5
0.0909090909091
0.0
0.0
0.0
0.0
0.0
0
0.0
0.0
0.0
0.0
0.0
0.181818181818
0.363636363636
0.0769230769231
0.625
0.647058823529
0.533333333333
0.428571428571
0.0
0.433333333333
0.733333333333
0.363636363636
0.411764705882
0.315789473684
0.235294117647
0.0
0.0
0.0
0.0
0
0.0
0.0
0.0
0.0
0.111111111111
0.529411764706
0.631578947368
0.75
0.682926829268
0.80487804878
0.75
0.761904761905
0.777777777778
0.785714285714
0.711111111111
0.65
0.820512820513
0.6
0.25
0.0
0.0
0.0
0.0
0.0
0.0
0.0
0.2
0.59375
0.642857142857
0.269230769231
0.765957446809
0.804347826087
0.717391304348
0.707317073171
0.849056603774
0.75
0.811320754717
0.870967741935
0.848484848485
0.877551020408
0.792452830189
0.411764705882
0.0
0.0
0.0
0.0
0.0
0.0
0.0
0.0
0.695652173913
0.710526315789
0.86
0.767441860465
0.74
0.76
0.771929824561
0.838709677419
0.74
0.75
0.75
0.833333333333
0.872093023256
0.89247311828
0.925
0.790697674419
0.5
0.444444444444
0.111111111111
0.0
0.0
0.0
0
0.0
0.433333333333
0.787234042553
0.864406779661
0.813559322034
0.702127659574
0.805970149254
0.709677419355
0.814814814815
0.716981132075
0.72
0.552631578947
0.792452830189
0.783333333333
0.90625
0.658536585366
0.352941176471
0.0
0.0
0.0
0.0
0.0
0
0.0
0.0
0.227272727273
0.65
0.7
0.5
0.5
0.3
0.259259259259
0.428571428571
0.444444444444
0.666666666667
0.25
0.608695652174
0.388888888889
0.272727272727
0.0
0.176470588235
0.0909090909091
0.0
0.0
0.0
0.0
0
0.0
0.0
0.0
0.47619047619
0.45
0.25
0.882352941176
0.677419354839
0.8125
0.681818181818
0.529411764706
0.454545454545
0.363636363636
0.0909090909091
0.352941176471
0.333333333333
0.0
0.0
0.0
0.0
0.0
0.0
0.0
0
0
0.0
0.0
0.0
0.0
0.0
0.333333333333
0.545454545455
0.466666666667
0.727272727273
0.571428571429
0.333333333333
0.666666666667
0.461538461538
0.0
0.388888888889
0.333333333333
0.583333333333
0.461538461538
0.0
0.0
0.0
0
0.0
0.0
0.0
0.0
0.0
0.157894736842
0.571428571429
0.642857142857
0.904761904762
0.428571428571
0.666666666667
0.363636363636
0.62962962963
0.5
0.903225806452
0.792452830189
0.647058823529
0.538461538462
0.6
0.35
0.0
0.0
0.0
0.0
0.0
0.0
0.0
0.368421052632
0.5
0.684210526316
0.744186046512
0.688524590164
0.841463414634
0.725806451613
0.785714285714
0.78125
0.716981132075
0.868852459016
0.886075949367
0.860465116279
0.88679245283
0.775862068966
0.833333333333
0.347826086957
0.285714285714
0.0
0.0
0.0
0.0
0.0
0.0
0.707317073171
0.75
0.740740740741
0.68
0.714285714286
0.831168831169
0.835616438356
0.882352941176
0.89
0.791666666667
0.878048780488
0.895238095238
0.905660377358
0.876033057851
0.786516853933
0.704545454545
0.551724137931
0.4
0.0
0.0
0.0
0.0
0.0
0.0
0.458333333333
0.630434782609
0.666666666667
0.659090909091
0.604166666667
0.636363636364
0.807692307692
0.823529411765
0.716666666667
0.630434782609
0.8
0.927835051546
0.901960784314
0.8
0.843137254902
0.690476190476
0.62962962963
0.315789473684
0.0
0.0
0.0
0.0
0.0
0.0
0.567567567568
0.86301369863
0.724137931034
0.737704918033
0.753623188406
0.741379310345
0.784090909091
0.8
0.840579710145
0.75
0.80303030303
0.870588235294
0.835294117647
0.848484848485
0.892857142857
0.854166666667
0.775510204082
0.230769230769
0.3
0.0
0.0
0.0
0.0
0.0
0.368421052632
0.695652173913
0.851063829787
0.911504424779
0.891472868217
0.935483870968
0.948387096774
0.958333333333
0.824324324324
0.565217391304
0.485714285714
0.388888888889
0.607142857143
0.352941176471
0.142857142857
0.1
0.0
0.0
0.0
0.0
0.0
0
0.0
0.0
0.0
0.0
0.0
0.583333333333
0.235294117647
0.3
0.636363636364
0.652173913043
0.851851851852
0.606060606061
0.62962962963
0.666666666667
0.625
0.526315789474
0.5
0.111111111111
0.266666666667
0.0
0.0
0.0
0
0
0
0.0
0.0
0.0666666666667
0.7
0.740740740741
0.6
0.736842105263
0.789473684211
0.731707317073
0.826923076923
0.807692307692
0.44
0.830508474576
0.8
0.754098360656
0.724137931034
0.613636363636
0.454545454545
0.176470588235
0.0
0.0
0.0
0.0
0.0
0.0
0.589743589744
0.72972972973
0.732142857143
0.847457627119
0.887323943662
0.885714285714
0.865384615385
0.802631578947
0.786666666667
0.627450980392
0.852459016393
0.940298507463
0.927536231884
0.698113207547
0.810344827586
0.8
0.166666666667
0.142857142857
0.0
0.0
0.0
0.0
0.0
0.0
0.659574468085
0.8875
0.804347826087
0.785714285714
0.552631578947
0.756097560976
0.872340425532
0.756097560976
0.75
0.744186046512
0.764705882353
0.705882352941
0.78
0.840579710145
0.791666666667
0.681818181818
0.421052631579
0.0
0.0
0.0
0.0
0.0
0.0
0.0
0.3125
0.666666666667
0.708333333333
0.48275862069
0.631578947368
0.707317073171
0.702702702703
0.735294117647
0.795454545455
0.8
0.75
0.827586206897
0.787878787879
0.75
0.865384615385
0.86
0.434782608696
0.047619047619
0.0
0.0
0.0
0.0
0.0
0.0
0.333333333333
0.9
0.673913043478
0.760869565217
0.86
0.564102564103
0.796875
0.80303030303
0.818181818182
0.717391304348
0.698412698413
0.854838709677
0.816666666667
0.830508474576
0.843137254902
0.785714285714
0.533333333333
0.0
0.0
0.0
0.0
0.0
0.0
0.0
0.2
0.538461538462
0.859375
0.701754385965
0.869565217391
0.820895522388
0.925
0.90243902439
0.784810126582
0.782608695652
0.814814814815
0.803921568627
0.71875
0.843137254902
0.684210526316
0.5
0.0
0.0
0.0
0.0
0.0
0
0.0
0.0
0.0
0.0
0.526315789474
0.514285714286
0.608695652174
0.821428571429
0.666666666667
0.483870967742
0.384615384615
0.756756756757
0.620689655172
0.444444444444
0.5
0.458333333333
0.576923076923
0.416666666667
0.45
0.5
0.0909090909091
0.0
0.0
0.0
0.0
0
0.0
0.0
0.526315789474
0.363636363636
0.740740740741
0.615384615385
0.777777777778
0.857142857143
0.826923076923
0.762711864407
0.8
0.877192982456
0.884615384615
0.865384615385
0.791666666667
0.674418604651
0.586206896552
0.6875
0.625
0.0
0.0
0.0
0.0
0.0
0.269230769231
0.645161290323
0.609756097561
0.847457627119
0.871428571429
0.85
0.833333333333
0.830769230769
0.796875
0.810126582278
0.822784810127
0.941176470588
0.872549019608
0.950980392157
0.902777777778
0.5
0.575757575758
0.0769230769231
0.0
0.0
0.0
0.0
0.0
0.0
0.634146341463
0.884210526316
0.75
0.692307692308
0.719298245614
0.759259259259
0.66
0.672727272727
0.782608695652
0.756097560976
0.741379310345
0.6875
0.709090909091
0.862068965517
0.8125
0.516129032258
0.461538461538
0.0833333333333
0.0
0.0
0.0
0.0
0.0
0.0
0.0
0.529411764706
0.777777777778
0.791666666667
0.682926829268
0.795454545455
0.808510638298
0.648648648649
0.628571428571
0.607142857143
0.53488372093
0.796610169492
0.842105263158
0.796296296296
0.85
0.761904761905
0.774193548387
0.375
0.0
0.0
0.166666666667
0.333333333333
0.0
0.0
0.0
0.733333333333
0.791666666667
0.872727272727
0.755555555556
0.682926829268
0.65
0.775510204082
0.675
0.666666666667
0.651162790698
0.846153846154
0.844155844156
0.796610169492
0.843137254902
0.611111111111
0.277777777778
0.153846153846
0.0
0.0
0.0
0.0
0.0
0.0
0.1
0.703703703704
0.733333333333
0.571428571429
0.583333333333
0.677419354839
0.588235294118
0.714285714286
0.733333333333
0.833333333333
0.806451612903
0.541666666667
0.592592592593
0.235294117647
0.586206896552
0.0714285714286
0.0
0.0
0.0
0.0
0.0
0
0
0.0
0.0
0.0
0.0555555555556
0.5
0.454545454545
0.576923076923
0.588235294118
0.3125
0.72
0.608695652174
0.461538461538
0.133333333333
0.4375
0.583333333333
0.416666666667
0.0
0.0
0.0
0.0
0
0.0
0.0
0.0
0.0
0.125
0.666666666667
0.642857142857
0.888888888889
0.681818181818
0.620689655172
0.666666666667
0.74358974359
0.785714285714
0.853658536585
0.707317073171
0.803921568627
0.772727272727
0.849056603774
0.72
0.4
0.363636363636
0.0
0.0
0.0
0.0
0.0
0.0
0.0
0.576923076923
0.677419354839
0.735849056604
0.636363636364
0.688888888889
0.807692307692
0.695652173913
0.6
0.810810810811
0.702702702703
0.725
0.890625
0.821428571429
0.803571428571
0.709677419355
0.486486486486
0.176470588235
0.0
0.0
0.0
0.0
0.0
0.0
0.0
0.790322580645
0.730769230769
0.817073170732
0.820512820513
0.564102564103
0.821917808219
0.666666666667
0.948275862069
0.789473684211
0.705882352941
0.658536585366
0.888888888889
0.84
0.849056603774
0.47619047619
0.51724137931
0.47619047619
0.529411764706
0.0
0.0
0.0
0.0
0.0
0.0
0.0
0.641025641026
0.838235294118
0.6875
0.666666666667
0.775
0.788461538462
0.869565217391
0.724637681159
0.896551724138
0.62
0.875
0.886075949367
0.88
0.844827586207
0.742857142857
0.521739130435
0.1875
0.0
0.0
0.0
0.0
0.0
0.0
0.705882352941
0.802631578947
0.870588235294
0.725
0.816901408451
0.8
0.819277108434
0.811764705882
0.91452991453
0.796875
0.8125
0.816326530612
0.879032258065
0.933884297521
0.909090909091
0.761194029851
0.730769230769
0.133333333333
0.0
0.0
0.0
0.0
0.0
0.0
0.787878787879
0.781818181818
0.865168539326
0.90990990991
0.921875
0.882352941176
0.878571428571
0.861386138614
0.735849056604
0.525
0.65625
0.541666666667
0.642857142857
0.65
0.608695652174
0.642857142857
0.0666666666667
0.0
0.0
0.0
0.0
0.0
0.0
0.0
0.0
0.307692307692
0.75
0.8125
0.628571428571
0.764705882353
0.735294117647
0.25
0.710526315789
0.411764705882
0.5
0.75
0.645161290323
0.473684210526
0.5
0.434782608696
0.0
0.142857142857
0.0
0.0
0.0
0.0
0.0
0.0
0.0
0.0666666666667
0.4
0.695652173913
0.6875
0.794117647059
0.875
0.8
0.636363636364
0.744186046512
0.787234042553
0.824561403509
0.839285714286
0.86
0.702127659574
0.71875
0.518518518519
0.444444444444
0.0
0.0
0.0
0.0
0.0
0.214285714286
0.652173913043
0.851351351351
0.894736842105
0.8
0.8
0.861111111111
0.594594594595
0.737704918033
0.735849056604
0.68253968254
0.788461538462
0.75
0.759259259259
0.709090909091
0.723404255319
0.380952380952
0.521739130435
0.133333333333
0.0
0.0
0.0
0.0
0.0
0.0714285714286
0.850746268657
0.842105263158
0.876923076923
0.648648648649
0.8
0.727272727273
0.883333333333
0.862068965517
0.80701754386
0.8125
0.731707317073
0.727272727273
0.763636363636
0.803571428571
0.722222222222
0.703703703704
0.538461538462
0.0
0.0
0.0
0.0
0.0
0.0
0.153846153846
0.722222222222
0.795454545455
0.727272727273
0.641025641026
0.604166666667
0.808510638298
0.844827586207
0.888888888889
0.63829787234
0.758064516129
0.846153846154
0.888888888889
0.9375
0.88
0.836363636364
0.815789473684
0.6
0.1
0.0
0.0
0.0
0.0
0.0
0.263157894737
0.741935483871
0.735294117647
0.866666666667
0.5
0.704545454545
0.756097560976
0.789473684211
0.869565217391
0.636363636364
0.526315789474
0.727272727273
0.666666666667
0.767441860465
0.790697674419
0.884615384615
0.5
0.333333333333
0.0
0.545454545455
0.0
0.0
0.0
0.0
0.0
0.235294117647
0.777777777778
0.857142857143
0.720930232558
0.733333333333
0.771428571429
0.75
0.744186046512
0.714285714286
0.684210526316
0.526315789474
0.69696969697
0.612903225806
0.0
0.478260869565
0.333333333333
0.307692307692
1.0
0.0
0.0
0
0.0
0
0.0
0.0
0.294117647059
0.666666666667
0.703703703704
0.6
0.757575757576
0.56
0.783783783784
0.666666666667
0.612903225806
0.541666666667
0.677419354839
0.7
0.538461538462
0.851851851852
0.6875
0.416666666667
0.125
0.0
0.0
0.0
0.0
0.0
0.0
0.0
0.555555555556
0.848484848485
0.923076923077
0.586206896552
0.775510204082
0.645161290323
0.732142857143
0.760869565217
0.84
0.796296296296
0.744186046512
0.839285714286
0.823529411765
0.725490196078
0.555555555556
0.238095238095
0.4
0.0
0.0
0.0
0.0
0.0
0.0
0.0
0.69696969697
0.779661016949
0.788461538462
0.76
0.849462365591
0.857142857143
0.733333333333
0.739130434783
0.776119402985
0.883333333333
0.820895522388
0.916666666667
0.769230769231
0.732142857143
0.538461538462
0.6
0.25
0.0
0.0
0
0.0
0.0
0.363636363636
0.739130434783
0.829787234043
0.830769230769
0.755102040816
0.8125
0.78
0.854545454545
0.861111111111
0.758064516129
0.673913043478
0.816666666667
0.733333333333
0.851851851852
0.771929824561
0.8
0.65625
0.333333333333
0.153846153846
0.0
0.0
0.0
0.0
0.0
0.0
0.708333333333
0.605263157895
0.789473684211
0.697674418605
0.720930232558
0.844827586207
0.796610169492
0.764705882353
0.806451612903
0.779661016949
0.742857142857
0.803278688525
0.84126984127
0.876712328767
0.87323943662
0.690476190476
0.545454545455
0.0
0.0
0.0
0.0
0.0
0.0
0.0
0.363636363636
0.820512820513
0.821917808219
0.771929824561
0.849315068493
0.820895522388
0.808510638298
0.908163265306
0.903225806452
0.864864864865
0.873417721519
0.908163265306
0.831932773109
0.806451612903
0.763157894737
0.681818181818
0.47619047619
0.315789473684
0.0
0.0
0.0
0.0
0.0
0.0
0.4
0.634615384615
0.627906976744
0.861111111111
0.929292929293
0.959677419355
0.904347826087
0.873684210526
0.725490196078
0.472222222222
0.51724137931
0.615384615385
0.735294117647
0.666666666667
0.538461538462
0.421052631579
0.0
0.0
0.0
0.0
0.0
0
0.0
0.0
0.0
0.0714285714286
0.222222222222
0.444444444444
0.727272727273
0.756756756757
0.375
0.470588235294
0.52
0.55
0.608695652174
0.555555555556
0.5
0.607142857143
0.76
0.8
0.444444444444
0.0
0.0
0.0
0.0
0.0
0.0
0.0
0.0
0.473684210526
0.777777777778
0.851851851852
0.733333333333
0.780487804878
0.695652173913
0.8
0.839285714286
0.869565217391
0.792452830189
0.80701754386
0.690476190476
0.754385964912
0.860465116279
0.666666666667
0.666666666667
0.52380952381
0.133333333333
0.0
0.0
0.0
0.0
0.2
0.736842105263
0.7
0.681818181818
0.725490196078
0.65
0.775862068966
0.7
0.745762711864
0.769230769231
0.6875
0.738461538462
0.703125
0.808219178082
0.719298245614
0.758620689655
0.645161290323
0.62962962963
0.0
0.25
0.0
0.0
0.0
0.0
0.333333333333
0.794117647059
0.88
0.949152542373
0.588235294118
0.515151515152
0.775
0.769230769231
0.71875
0.736842105263
0.382352941176
0.8
0.814814814815
0.714285714286
0.695652173913
0.592592592593
0.5
0.0
0.25
0.0
0.0
0
0.0
0.0
0.0
0.0
0.263157894737
0.655172413793
0.928571428571
0.363636363636
0.821428571429
0.8
0.451612903226
0.46875
0.645833333333
0.535714285714
0.739130434783
0.695652173913
0.608695652174
0.652173913043
0.473684210526
0.0769230769231
0.0
0.0
0.0
0.0
0
0.0
0.0
0.0
0.166666666667
0.444444444444
0.761904761905
0.5
0.666666666667
0.48275862069
0.461538461538
0.3125
0.6
0.590909090909
0.666666666667
0.666666666667
0.761904761905
0.466666666667
0.357142857143
0.0
0.0
0.0
0.0
0.0
0.0
0.0
0.0
0.0
0.0
0.266666666667
0.5
0.0
0.526315789474
0.52
0.645161290323
0.636363636364
0.769230769231
0.72
0.75
0.68
0.1
0.478260869565
0.636363636364
0.2
0.0
0.0
0.0
0.0
0.0
0.0
0.0
0.133333333333
0.695652173913
0.636363636364
0.631578947368
0.72
0.642857142857
0.777777777778
0.72972972973
0.84375
0.730769230769
0.588235294118
0.6
0.678571428571
0.740740740741
0.772727272727
0.625
0.0769230769231
0.0
0.0
0.0
0.0
0.0
0.0
0.0
0.0
0.647058823529
0.6
0.642857142857
0.846153846154
0.833333333333
0.694444444444
0.608695652174
0.809523809524
0.840909090909
0.65
0.837837837838
0.849056603774
0.830508474576
0.766666666667
0.725
0.428571428571
0.2
0.0
0.0
0.0
0.0
0.2
0.566666666667
0.74358974359
0.761904761905
0.767441860465
0.84126984127
0.728813559322
0.85
0.846153846154
0.882352941176
0.763636363636
0.666666666667
0.787878787879
0.848484848485
0.896551724138
0.862068965517
0.809523809524
0.647058823529
0.666666666667
0.0
0.0833333333333
0.0
0.2
0.0
0.0
0.380952380952
0.777777777778
0.714285714286
0.711111111111
0.745098039216
0.828125
0.764705882353
0.833333333333
0.893939393939
0.790322580645
0.824561403509
0.844155844156
0.888888888889
0.930555555556
0.837209302326
0.68085106383
0.666666666667
0.47619047619
0.0
0.0
0.0
0.0
0.0
0.0
0.259259259259
0.787878787879
0.844444444444
0.954545454545
0.722222222222
0.871428571429
0.789473684211
0.878787878788
0.878787878788
0.830508474576
0.802816901408
0.823529411765
0.882352941176
0.855421686747
0.884057971014
0.764705882353
0.666666666667
0.210526315789
0.458333333333
0.0
0.0
0.0
0.0
0.0
0.411764705882
0.655172413793
0.788461538462
0.763636363636
0.78125
0.763636363636
0.711538461538
0.688888888889
0.802631578947
0.666666666667
0.875
0.952941176471
0.871287128713
0.789473684211
0.864406779661
0.717948717949
0.461538461538
0.315789473684
0.0909090909091
0.0
0.0
0.0
0.0
0.0
0.3
0.769230769231
0.765625
0.730769230769
0.770491803279
0.847457627119
0.850746268657
0.898734177215
0.895348837209
0.818181818182
0.838235294118
0.787878787879
0.769230769231
0.897058823529
0.786885245902
0.484848484848
0.0769230769231
0.230769230769
0.0
0.0
0.0
0
0.0
0.0
0.0
0.0
0.692307692308
0.7
0.4
0.619047619048
0.5
0.576923076923
0.4
0.411764705882
0.736842105263
0.8
0.722222222222
0.578947368421
0.538461538462
0.5
0.0
0.0
0.0
0.0
0.0
0.0
0.0
0.0
0.0
0.0
0.333333333333
0.736842105263
0.565217391304
0.862068965517
0.821428571429
0.689655172414
0.590909090909
0.421052631579
0.6875
0.714285714286
0.794117647059
0.575757575758
0.607142857143
0.631578947368
0.411764705882
0.4
0.0
0.0
0.0
0.0
0.0
0.0
0.391304347826
0.352941176471
0.433333333333
0.5
0.741935483871
0.545454545455
0.631578947368
0.705882352941
0.928571428571
0.730769230769
0.4375
0.733333333333
0.368421052632
0.5
0.615384615385
0.55
0.0
0.0
0.0
0.0
0.0
0.0
0.0
0.0
0.0
0.142857142857
0.5
0.703703703704
0.571428571429
0.705882352941
0.666666666667
0.740740740741
0.478260869565
0.647058823529
0.272727272727
0.5
0.222222222222
0.653846153846
0.545454545455
0.0909090909091
0.538461538462
0.0
0.0
0.0
0.0
0.0
0.0
0.0
0.0
0.529411764706
0.5625
0.764705882353
0.75
0.666666666667
0.411764705882
0.615384615385
0.545454545455
0.428571428571
0.5
0.558823529412
0.3
0.285714285714
0.125
0.375
0.0
0.0
0.0
0.0
0
0.0
0.0
0.0
0.0
0.0
0.111111111111
0.357142857143
0.578947368421
0.333333333333
0.75
0.653846153846
0.384615384615
0.0
0.428571428571
0.421052631579
0.411764705882
0.4
0.5
0.6
0.0
0.0
0.0
0.0
0.0
0.0
0.0
0.0
0.0
0.0
0.1875
0.363636363636
0.0
0.0
0.25
0.166666666667
0.5
0.0
0.0
0.0
0.133333333333
0.625
0.25
0.428571428571
0.0
0.0
0.0
0.0
0.0
0
0
0.0
0.0
0.0
0.0
0.0
0.0
0.2
0.0
0.0
0.0
0.0
0.0
0.0
0.0
0.0
0.0
0.0
0.0
0.0
0.0
0.0
0
0
0
0.0
0.0
0.0
0.0
0.0
0.0
0.0
0.0
0.461538461538
0.0
0.25
0.428571428571
0.578947368421
0.55
0.0714285714286
0.470588235294
0.0
0.333333333333
0.1
0.2
0.0
0.0
0.0
0.0
0.0
0.0
0.133333333333
0.0
0.5
0.384615384615
0.125
0.52380952381
0.636363636364
0.0
0.25
0.333333333333
0.222222222222
0.5
0.3
0.142857142857
0.266666666667
0.454545454545
0.0
0.0
0
0
0.0
0.0
0.0
0.0
0.0
0.3125
0.428571428571
0.0
0.111111111111
0.266666666667
0.0
0.0
0.0
0.0
0.0
0.0
0.0
0.0909090909091
0.375
0.0
0.0
0.0
0
0.0
0.0
0
0.0
0.0
0.0
0.0
0.0
0.0
0.266666666667
0.0
0.0909090909091
0.0
0.0
0.0
0.0
0.0
0.0
0.0
0.0
0.0
0.0
0.0
0
0
0.0
0.0
0.0
0.0
0.0
0.0
0.0
0.222222222222
0.25
0.0
0.214285714286
0.0
0.0
0.0
0.0
0.0
0.0
0.0
0.0
0.0
0.0
0.0
0
0.0
0
0
0.644444444444
0.0
0.69387755102
0.111111111111
0.333333333333
0.0
0.0
0.0
0.0
0.0
0.0
0.0
0.0
0.0
0.0
0.0
0.0
0.0
0.0
0.0
0
0
0
0
0
0
0.0
0.0
0.0
0.0
0.0
0.0
0.0
0.0
0.0
0.0
0.0
0.0
0.0
0.0
0
0.0
0.0
0.0
0
0
0.0
0
0
0.0
0.0
0.0
0.0
0.0
0.0
0.0
0.0
0.0
0.0
0.0
0.0
0.0
0.0
0.0
0.0
0.0
0
0
0.0
0.0
0
0
0.0
0
0.0
0.0
0.0
0.0
0.0
0.0
0.0
0.0
0.0
0.0
0.0
0.0
0.0
0
0.0
0
0.0
0
0
0
0
0
0.0
0
0.0
0.0
0.0
0.0
0.0
0.0
0.0
0.0
0.0
0.0
0.0
0.0
0.0
0
0.0
0
0.0
0.0
0.0
0
0
0.0
0
0.0
0.0
0.0
0.0
0.0
0.0
0.0
0.0
0
0.0
0.0
0
0.0
0.0
0.0
0
0
0.0
0.0
0.0
0
0.0
0.0
0
0
0.0
0.0
0.0
0.0
0.0
0
0.0
0.0
0.0
0.0
0.0
0.0
0
0.0
0.0
0.0
0
0.0
0
0
0
0
0
0
0
0.0
0.0
0.0
0.0
0
0.0
0.0
0.0
0.0
0.0
0.0
0.0
0.0
0.0
0.0
0.0
0.0
0.0
0
0
0
0
0
0.0
0.0
0.0
0.0
0
0.0
0.0
0.0
0.0
0.0
0.0
0
0.0
0
0
0.0
0.0
0
0
0.0
0.0
0
0.0
0
0.0
0.0
0
0.0
0.0
0.0
0
0.0
0.0
0.0
0.0
0.0
0.0
0.0
0
0.0
0
0.0
0
0.0
0.0
0
0
0.0
0.0
0.0
0.0
0.0
0.0
0.0
0.0
0.0
0.0
0.0
0.0
0.0
0.0
0.0
0
0.0
0
0.0
0
0
0.0
0
0
0
0.0
0.0
0.0
0.0
0.0
0.0
0.0
0.0
0
0.0
0.0
0.0
0.0
0.0
0
0.0
0
0
0
0.0
0
0
0.0
0.0
0.0
0.0
0.0
0.0
0.0
0.0
0.0
0
0.0
0.0
0.0
0.0
0.0
0.0
0.0
0.0
0.0
0.0
0
0
0.0
0.0
0
0
0
0.0
0.0
0.0
0.0
0.0
0.0
0.0
0.0
0.0
0.0
0.0
0.0
0.0
0
0.0
0.0
0.0
0
0.0
0
0
0.0
0
0.0
0.0
0.0
0.0
0.0
0.0
0.0
0.0
0.0
0.0
0.0
0.0
0.0
0.0
0.0
0.0
0.0
0
0
0
0
0
0.0
0.0
0.0
0.0
0.0
0.0
0.0
0.0
0.0
0.0
0
0.0
0.0
0.0
0.0
0.0
0
0.0
0.0
0
0
0.0
0.0
0
0
0
0.0
0.0
0.0
0.0
0.0
0.0
0.0
0.0
0.0
0.0
0.0
0.0
0.0
0.0
0.0
0
0.0
0
0
0
0
0
0
0.0
0.0
0.0
0.166666666667
0.0
0.1
0.0
0.0
0.0
0.0
0.0
0.0
0.0
0.0
0.0
0.0
0.0
0.0
0
0.0
0
0
0
0
0.0
0.0
0.130434782609
0.0666666666667
0.2
0.0
0.444444444444
0.0
0.272727272727
0.0
0.0
0.0
0.0
0.0
0.0
0.0
0.0
0.0
0.0
0
0
0.0
0
0.0
0.0
0.0
0.555555555556
0.35
0.0
0.52380952381
0.444444444444
0.3125
0.0
0.0
0.0
0.130434782609
0.363636363636
0.0555555555556
0.0
0.0
0.0
0.0
0
0
0
0
0
0.0
0.0
0.35
0.617647058824
0.05
0.428571428571
0.448275862069
0.210526315789
0.461538461538
0.272727272727
0.5
0.111111111111
0.461538461538
0.473684210526
0.0588235294118
0.0
0.0
0.0
0.0
0
0
0
0.0
0.0
0.0
0.0
0.0
0.25
0.682926829268
0.388888888889
0.458333333333
0.277777777778
0.1875
0.0833333333333
0.0
0.0
0.0
0.0
0.0
0.0
0.0
0.0
0.0
0.0
0
0
0
0.0
0.0
0.0
0.0
0.0
0.0
0.0
0.0
0.0
0.0
0.0
0.0
0.0
0.0
0.0
0.0
0.0
0.0
0.0
0.0
0
0
0
0
0
0
0.0
0.0
0.0
0.0
0.0625
0.631578947368
0.0
0.352941176471
0.214285714286
0.428571428571
0.0
0.166666666667
0.588235294118
0.210526315789
0.0
0.111111111111
0.0
0.0
0
0.0
0.0
0
0.0
0.0
0.0
0.08
0.6
0.5
0.277777777778
0.5
0.535714285714
0.5
0.58064516129
0.472222222222
0.742857142857
0.533333333333
0.521739130435
0.538461538462
0.2
0.166666666667
0.222222222222
0.0
0
0
0
0.0
0
0.0
0.0
0.703703703704
0.5
0.0
0.454545454545
0.5
0.190476190476
0.421052631579
0.606060606061
0.527777777778
0.642857142857
0.586206896552
0.657142857143
0.717948717949
0.755102040816
0.307692307692
0.0
0.0
0.0
0
0.0
0
0.0
0.0
0.0
0.432432432432
0.8125
0.71186440678
0.444444444444
0.589743589744
0.483870967742
0.607843137255
0.6875
0.631578947368
0.666666666667
0.405405405405
0.872727272727
0.803571428571
0.707317073171
0.285714285714
0.0
0.0
0.0
0.0
0.0
0.0
0.0
0.0
0.36
0.931034482759
0.740740740741
0.82
0.706896551724
0.796610169492
0.595238095238
0.80303030303
0.766666666667
0.77358490566
0.728813559322
0.823529411765
0.770491803279
0.830769230769
0.891304347826
0.5
0.1875
0.181818181818
0.0
0.0
0.0
0.0
0.0
0.0
0.0
0.56
0.76
0.867469879518
0.777777777778
0.88679245283
0.864197530864
0.797297297297
0.69387755102
0.702127659574
0.648648648649
0.694444444444
0.516129032258
0.787878787879
0.685714285714
0.333333333333
0.0
0.0
0.0
0.0
0.0
0.0
0
0.0
0.0
0.0
0.0
0.333333333333
0.0
0.588235294118
0.466666666667
0.391304347826
0.615384615385
0.529411764706
0.708333333333
0.5
0.428571428571
0.277777777778
0.235294117647
0.0
0.0
0.0
0.0
0.0
0.0
0
0.0
0.0
0.0
0.0
0.176470588235
0.705882352941
0.652173913043
0.631578947368
0.588235294118
0.478260869565
0.590909090909
0.55
0.423076923077
0.567567567568
0.666666666667
0.791666666667
0.6
0.294117647059
0.166666666667
0.142857142857
0.0
0
0
0.0
0.0
0.0
0.0
0.266666666667
0.368421052632
0.666666666667
0.25
0.795918367347
0.65625
0.764705882353
0.75
0.684210526316
0.612903225806
0.6
0.791666666667
0.862745098039
0.764705882353
0.666666666667
0.111111111111
0.0
0.0
0.0
0.0
0.0
0.0
0.0
0.0
0.421052631579
0.703703703704
0.470588235294
0.652173913043
0.692307692308
0.810810810811
0.775
0.767441860465
0.733333333333
0.805555555556
0.793103448276
0.659090909091
0.741935483871
0.594594594595
0.380952380952
0.0
0.0
0.0
0.0
0
0
0.0
0.0
0.0
0.285714285714
0.6
0.58064516129
0.771929824561
0.795454545455
0.896551724138
0.876923076923
0.878048780488
0.802631578947
0.762711864407
0.83908045977
0.910891089109
0.817073170732
0.725806451613
0.516129032258
0.0909090909091
0.0
0.0
0.0
0.0
0.0
0.0
0.0
0.444444444444
0.785714285714
0.555555555556
0.518518518519
0.758620689655
0.825396825397
0.634615384615
0.789473684211
0.790909090909
0.753846153846
0.818181818182
0.810344827586
0.809523809524
0.912087912088
0.75
0.58
0.458333333333
0.65
0.0
0
0.0
0.0
0.0
0.0
0.0
0.333333333333
0.763157894737
0.786885245902
0.791666666667
0.828125
0.915789473684
0.87012987013
0.694444444444
0.692307692308
0.846153846154
0.588235294118
0.829268292683
0.866666666667
0.527777777778
0.428571428571
0.166666666667
0.0
0.0
0.0
0
0.0
0.0
0.0
0.0
0.0
0.0
0.0
0.0
0.3125
0.76
0.1875
0.590909090909
0.48275862069
0.466666666667
0.428571428571
0.461538461538
0.5
0.44
0.0
0.0
0.0
0
0.0
0
0
0
0.0
0.0
0.0
0.0
0.388888888889
0.8
0.862068965517
0.677419354839
0.40625
0.56
0.653846153846
0.771428571429
0.782608695652
0.74358974359
0.347826086957
0.733333333333
0.285714285714
0.35
0.222222222222
0.0
0.0
0.0
0.0
0.0
0.0
0.0
0.277777777778
0.761904761905
0.576923076923
0.5
0.855072463768
0.78
0.716981132075
0.7
0.323529411765
0.707317073171
0.697674418605
0.785714285714
0.819672131148
0.659574468085
0.5625
0.0
0.0
0.0
0.0
0.0
0.0
0.0
0.0
0.652173913043
0.586956521739
0.675675675676
0.783783783784
0.619047619048
0.787234042553
0.733333333333
0.867924528302
0.739130434783
0.483870967742
0.666666666667
0.659574468085
0.74358974359
0.8
0.673076923077
0.384615384615
0.65
0.0
0.0
0.0
0.0
0.0
0.0
0
0.0
0.153846153846
0.86301369863
0.423076923077
0.434782608696
0.792452830189
0.673913043478
0.755102040816
0.679245283019
0.642857142857
0.666666666667
0.836363636364
0.770833333333
0.823529411765
0.796296296296
0.675
0.461538461538
0.0
0.0
0.0
0.0
0
0.0
0.0
0.723404255319
0.795454545455
0.738095238095
0.775862068966
0.84126984127
0.69387755102
0.607843137255
0.5
0.617647058824
0.729166666667
0.84
0.731707317073
0.723404255319
0.833333333333
0.612903225806
0.230769230769
0.0
0.0
0.0
0.0
0
0.0
0.0
0.0
0.0
0.294117647059
0.515151515152
0.633333333333
0.392857142857
0.8
0.842105263158
0.511627906977
0.380952380952
0.375
0.473684210526
0.411764705882
0.2
0.333333333333
0.571428571429
0.0
0.0
0.0
0
0
0.0
0
0.0
0.0
0.0
0.0
0.285714285714
0.647058823529
0.578947368421
0.3125
0.545454545455
0.5
0.411764705882
0.235294117647
0.444444444444
0.5
0.235294117647
0.266666666667
0.6875
0.0
0.0
0.0
0.0
0.0
0.0
0.0
0.0
0.0
0.0
0.0
0.529411764706
0.4375
0.833333333333
0.391304347826
0.56
0.68
0.708333333333
0.545454545455
0.541666666667
0.555555555556
0.458333333333
0.227272727273
0.677419354839
0.4
0.0
0.0
0.0
0.0
0.0
0.0
0.0
0.0
0.0
0.727272727273
0.882352941176
0.787878787879
0.575
0.666666666667
0.705882352941
0.875
0.756097560976
0.809523809524
0.65
0.78431372549
0.647058823529
0.731182795699
0.781818181818
0.586206896552
0.333333333333
0.230769230769
0.0
0.0
0.0
0.0
0.0
0.484848484848
0.772727272727
0.75
0.883720930233
0.894736842105
0.810810810811
0.712121212121
0.674418604651
0.764705882353
0.816326530612
0.909090909091
0.756756756757
0.759259259259
0.716666666667
0.781818181818
0.793650793651
0.612903225806
0.238095238095
0.0
0.0
0
0.0
0.0
0
0.0
0.324324324324
0.596153846154
0.808510638298
0.666666666667
0.830769230769
0.733333333333
0.672413793103
0.857142857143
0.835820895522
0.761194029851
0.694915254237
0.828947368421
0.90625
0.849315068493
0.816901408451
0.719298245614
0.0
0.0
0.0
0.0
0.0
0.0
0.0
0.0
0.545454545455
0.816666666667
0.681818181818
0.571428571429
0.822784810127
0.681818181818
0.790322580645
0.794520547945
0.75
0.629032258065
0.781818181818
0.849056603774
0.864197530864
0.84126984127
0.736842105263
0.72
0.5
0.0
0.0
0.0
0.0
0.0
0.0
0.0
0.290322580645
0.521739130435
0.791666666667
0.710144927536
0.709677419355
0.704545454545
0.842105263158
0.617647058824
0.545454545455
0.555555555556
0.58064516129
0.576923076923
0.464285714286
0.461538461538
0.48
0.615384615385
0.142857142857
0.0
0.0
0
0
0
0.0
0.0
0.0
0.0
0.352941176471
0.25
0.222222222222
0.578947368421
0.576923076923
0.588235294118
0.5
0.809523809524
0.6
0.5
0.52380952381
0.470588235294
0.583333333333
0.0
0.0
0.0
0.0
0.0
0.0
0.0
0.0
0.0
0.0
0.0
0.0
0.47619047619
0.6
0.428571428571
0.689655172414
0.633333333333
0.705882352941
0.44
0.578947368421
0.6
0.829787234043
0.777777777778
0.25
0.4
0.2
0.0
0.0
0.0
0.0
0
0
0.0
0.0909090909091
0.5625
0.666666666667
0.285714285714
0.658536585366
0.542857142857
0.775
0.826086956522
0.692307692308
0.608695652174
0.589743589744
0.8125
0.833333333333
0.72
0.717391304348
0.757575757576
0.464285714286
0.470588235294
0.0
0.0
0.0
0.0
0.0
0.192307692308
0.285714285714
0.516129032258
0.605263157895
0.707317073171
0.769230769231
0.763157894737
0.85
0.8
0.685714285714
0.78
0.830188679245
0.833333333333
0.825396825397
0.78
0.692307692308
0.541666666667
0.444444444444
0.0
0.0
0.0
0.0
0.0
0.0
0.0
0.0
0.68085106383
0.774193548387
0.225806451613
0.688888888889
0.695652173913
0.695652173913
0.80487804878
0.761904761905
0.75
0.654545454545
0.833333333333
0.821428571429
0.708333333333
0.74358974359
0.318181818182
0.0
0.0
0.0
0.0
0.0
0.0
0.0
0.238095238095
0.744186046512
0.625
0.65625
0.723404255319
0.641025641026
0.540540540541
0.666666666667
0.585365853659
0.6
0.704545454545
0.787234042553
0.770833333333
0.787878787879
0.790322580645
0.567567567568
0.567567567568
0.4
0.2
0.0
0.0
0.0
0.0
0.0
0.0
0.1875
0.387096774194
0.701754385965
0.826923076923
0.702127659574
0.622222222222
0.745762711864
0.724137931034
0.5
0.58064516129
0.1
0.166666666667
0.230769230769
0.294117647059
0.214285714286
0.166666666667
0.0
0.0
0
0.0
0
0
0.0
0.0
0.0
0.0
0.0
0.333333333333
0.333333333333
0.533333333333
0.421052631579
0.368421052632
0.75
0.222222222222
0.0833333333333
0.222222222222
0.2
0.222222222222
0.166666666667
0.0
0.0
0.0
0
0.0
0.0
0.0
0.0
0.0
0.0
0.0
0.0588235294118
0.714285714286
0.576923076923
0.5
0.347826086957
0.551724137931
0.742857142857
0.48275862069
0.607142857143
0.8
0.8125
0.689655172414
0.592592592593
0.565217391304
0.25
0.0
0.0
0.0
0
0.0
0.0
0.0
0.0666666666667
0.673913043478
0.8
0.717391304348
0.648648648649
0.682926829268
0.777777777778
0.857142857143
0.822222222222
0.860465116279
0.744186046512
0.818181818182
0.850746268657
0.865384615385
0.666666666667
0.566666666667
0.0
0.0
0.0
0.0
0
0.0
0.0
0.0555555555556
0.6
0.407407407407
0.5
0.575757575758
0.636363636364
0.648648648649
0.657894736842
0.714285714286
0.594594594595
0.63829787234
0.526315789474
0.54
0.882352941176
0.818181818182
0.707317073171
0.65
0.2
0.0
0.0
0.0
0.0
0.0
0.0
0.0
0.346153846154
0.473684210526
0.714285714286
0.651162790698
0.836734693878
0.730769230769
0.836734693878
0.822222222222
0.6
0.736842105263
0.695652173913
0.761904761905
0.729166666667
0.814814814815
0.766666666667
0.714285714286
0.51724137931
0.0
0.0
0.0
0.0
0.0
0.0
0.0
0.545454545455
0.486486486486
0.651162790698
0.609756097561
0.641509433962
0.734693877551
0.865671641791
0.809523809524
0.8
0.805555555556
0.765957446809
0.865853658537
0.825396825397
0.89552238806
0.826923076923
0.52
0.0769230769231
0.0
0
0
0.0
0
0.0
0.0
0.0
0.548387096774
0.779661016949
0.657894736842
0.759259259259
0.838235294118
0.90243902439
0.882352941176
0.679245283019
0.807692307692
0.8
0.864406779661
0.796610169492
0.697674418605
0.521739130435
0.1
0.0
0.0
0.0
0
0.0
0.0
0
0.0
0.0
0.0
0.545454545455
0.214285714286
0.2
0.625
0.739130434783
0.6
0.733333333333
0.809523809524
0.272727272727
0.333333333333
0.666666666667
0.2
0.466666666667
0.384615384615
0.307692307692
0.0
0.0
0.0
0.0
0.0
0.0
0.0
0.0
0.333333333333
0.611111111111
0.55
0.68
0.818181818182
0.909090909091
0.694444444444
0.714285714286
0.702702702703
0.8125
0.891891891892
0.775
0.617021276596
0.756097560976
0.684210526316
0.153846153846
0.0
0.0
0.0
0.0
0.0
0
0.0
0.0
0.756756756757
0.88
0.826923076923
0.785714285714
0.789473684211
0.702702702703
0.875
0.808510638298
0.744186046512
0.659090909091
0.735849056604
0.833333333333
0.885245901639
0.804347826087
0.5625
0.444444444444
0.333333333333
0.0
0.0
0.0
0.0
0.0
0.0
0.636363636364
0.515151515152
0.620689655172
0.805555555556
0.770833333333
0.666666666667
0.708333333333
0.588235294118
0.47619047619
0.727272727273
0.666666666667
0.795918367347
0.867924528302
0.775510204082
0.720930232558
0.608695652174
0.35
0.0
0.0
0.0
0
0.0
0.0
0.0
0.105263157895
0.428571428571
0.533333333333
0.710526315789
0.810810810811
0.807692307692
0.560975609756
0.630434782609
0.777777777778
0.765957446809
0.880952380952
0.879310344828
0.912280701754
0.765957446809
0.852459016393
0.731707317073
0.142857142857
0.294117647059
0.0
0.0
0.0
0.0
0.0
0.0
0.666666666667
0.727272727273
0.705882352941
0.694444444444
0.818181818182
0.72
0.75
0.846153846154
0.648648648649
0.720930232558
0.777777777778
0.830188679245
0.836363636364
0.6
0.6
0.648648648649
0.352941176471
0.181818181818
0.0
0.0
0.0
0.0
0.0
0.0
0.227272727273
0.75
0.807692307692
0.803921568627
0.847826086957
0.872340425532
0.824324324324
0.736842105263
0.333333333333
0.555555555556
0.368421052632
0.619047619048
0.607142857143
0.617647058824
0.666666666667
0.142857142857
0.0833333333333
0.0
0.0
0.0
0
0.0
0.0
0.0
0.0
0.428571428571
0.714285714286
0.583333333333
0.565217391304
0.727272727273
0.636363636364
0.52
0.64
0.466666666667
0.666666666667
0.782608695652
0.375
0.5
0.272727272727
0.363636363636
0.3125
0.6
0.0
0.0
0.0
0.0
0.0
0.0
0.0
0.428571428571
0.647058823529
0.736842105263
0.176470588235
0.8
0.807692307692
0.848484848485
0.6
0.896551724138
0.727272727273
0.69696969697
0.772727272727
0.681818181818
0.590909090909
0.428571428571
0.222222222222
0.0
0.0
0.0
0.0
0.0
0.0
0.0
0.333333333333
0.611111111111
0.692307692308
0.75
0.789473684211
0.52
0.5
0.757575757576
0.722222222222
0.846153846154
0.709677419355
0.615384615385
0.65625
0.541666666667
0.166666666667
0.3
0.0
0.0
0.0
0
0
0.0
0.0
0.0
0.25
0.153846153846
0.695652173913
0.4
0.636363636364
0.666666666667
0.633333333333
0.5
0.823529411765
0.1875
0.363636363636
0.5
0.970588235294
0.739130434783
0.590909090909
0.5
0.222222222222
0
0.0
0
0.0
0.0
0.0
0.0
0.0
0.111111111111
0.388888888889
0.578947368421
0.714285714286
0.352941176471
0.3125
0.133333333333
0.454545454545
0.565217391304
0.633333333333
0.619047619048
0.368421052632
0.545454545455
0.642857142857
0.25
0.0
0.0
0.0
0.0
0.0
0.0
0.0
0.0
0.0
0.259259259259
0.375
0.464285714286
0.69696969697
0.666666666667
0.727272727273
0.285714285714
0.166666666667
0.428571428571
0.533333333333
0.692307692308
0.409090909091
0.5
0.578947368421
0.416666666667
0.111111111111
0.0
0.0
0.0
0.0
0.0
0.0
0.0
0.0
0.0
0.35
0.52380952381
0.333333333333
0.444444444444
0.72
0.2
0.5
0.0909090909091
0.181818181818
0.428571428571
0.363636363636
0.3
0.0
0.0
0.0
0.0
0.0
0.0
0
0
0
0.0
0.0
0.0
0.0
0.125
0.277777777778
0.166666666667
0.166666666667
0.454545454545
0.5
0.0
0.0
0.0
0.0909090909091
0.666666666667
0.0
0.0
0.0
0.0
0
0.0
0
0.0
0
0.0
0.0
0.0
0.0
0.416666666667
0.1
0.5625
0.0
0.333333333333
0.736842105263
0.5
0.555555555556
0.590909090909
0.815789473684
0.576923076923
0.826086956522
0.52380952381
0.3125
0.166666666667
0.0
0
0.0
0
0.0
0.0
0.0
0.617647058824
0.5625
0.708333333333
0.518518518519
0.516129032258
0.333333333333
0.689655172414
0.59375
0.636363636364
0.815789473684
0.816326530612
0.755102040816
0.836734693878
0.59375
0.538461538462
0.4375
0.125
0.0
0
0.0
0.0
0.0
0.0
0.0
0.444444444444
0.653846153846
0.796875
0.744680851064
0.634146341463
0.725
0.75
0.756756756757
0.613636363636
0.766666666667
0.822580645161
0.820512820513
0.926829268293
0.8125
0.74358974359
0.5
0.181818181818
0.0
0.0
0.0
0.0
0.0
0.0
0.423076923077
0.792452830189
0.625
0.521739130435
0.516129032258
0.72972972973
0.764705882353
0.914893617021
0.877551020408
0.842105263158
0.826923076923
0.823529411765
0.9296875
0.9
0.809523809524
0.688888888889
0.5
0.416666666667
0.0
0.0
0.0
0.0
0.0
0.0
0.744186046512
0.674418604651
0.767441860465
0.612903225806
0.745762711864
0.741379310345
0.853658536585
0.810344827586
0.809523809524
0.897058823529
0.9125
0.877777777778
0.941176470588
0.835443037975
0.844827586207
0.585365853659
0.266666666667
0.0833333333333
0.0
0.0
0.0
0.0
0.0
0.0
0.0
0.521739130435
0.703703703704
0.914893617021
0.824561403509
0.807692307692
0.938271604938
0.776119402985
0.754716981132
0.720930232558
0.75
0.90243902439
0.806451612903
0.666666666667
0.64
0.3
0.0
0.0
0.0
0.0
0.0
0.0
0
0.0
0.0
0.3
0.625
0.47619047619
0.5
0.6
0.47619047619
0.611111111111
0.590909090909
0.44
0.666666666667
0.315789473684
0.578947368421
0.6875
0.5
0.4
0.0
0.0
0.0
0.0
0
0.0
0.0
0.0
0.0
0.0
0.285714285714
0.5
0.625
0.621621621622
0.862068965517
0.837209302326
0.8125
0.825
0.761904761905
0.866666666667
0.821428571429
0.816326530612
0.697674418605
0.545454545455
0.315789473684
0.4375
0.142857142857
0.0
0.0
0.0
0.0
0.0
0.25
0.75
0.774193548387
0.75
0.688888888889
0.739130434783
0.714285714286
0.88679245283
0.848484848485
0.545454545455
0.744186046512
0.796875
0.84
0.857142857143
0.857142857143
0.636363636364
0.1875
0.0833333333333
0.0
0.0
0.0
0.0
0
0.0
0.0
0.380952380952
0.48
0.631578947368
0.821428571429
0.589743589744
0.72
0.764705882353
0.765957446809
0.867924528302
0.75
0.877192982456
0.843137254902
0.85
0.636363636364
0.709677419355
0.666666666667
0.428571428571
0.0
0.0
0.0
0.0
0.0
0.0
0.518518518519
0.842105263158
0.833333333333
0.733333333333
0.777777777778
0.675
0.75
0.825
0.612903225806
0.836734693878
0.766666666667
0.897435897436
0.830188679245
0.873015873016
0.705882352941
0.636363636364
0.2
0.2
0.0
0.0
0.0
0.0
0.0
0.0
0.0666666666667
0.888888888889
0.833333333333
0.642857142857
0.657894736842
0.657142857143
0.814814814815
0.69696969697
0.806451612903
0.547619047619
0.794871794872
0.770833333333
0.888888888889
0.696428571429
0.512195121951
0.62962962963
0.684210526316
0.684210526316
0.0
0.0
0
0.0
0.0
0.0
0.222222222222
0.58064516129
0.774193548387
0.736842105263
0.78
0.775862068966
0.833333333333
0.824561403509
0.777777777778
0.720930232558
0.75
0.75
0.854545454545
0.657142857143
0.681818181818
0.388888888889
0.0
0.125
0.0
0.0
0
0.0
0
0.0
0.0
0.0714285714286
0.684210526316
0.65
0.586206896552
0.692307692308
0.791666666667
0.5
0.75
0.68
0.36
0.761904761905
0.631578947368
0.555555555556
0.666666666667
0.588235294118
0.333333333333
0.0
0.0
0.0
0
0.0
0.0
0.0
0.0
0.285714285714
0.625
0.705882352941
0.730769230769
0.72
0.842105263158
0.851851851852
0.888888888889
0.612903225806
0.565217391304
0.695652173913
0.805555555556
0.854166666667
0.764705882353
0.545454545455
0.25
0.272727272727
0.0
0.0
0.0
0.0
0.0
0.0
0.166666666667
0.829268292683
0.689655172414
0.816326530612
0.717948717949
0.761904761905
0.780487804878
0.679245283019
0.714285714286
0.682926829268
0.84
0.857142857143
0.935483870968
0.905405405405
0.829545454545
0.711111111111
0.757575757576
0.222222222222
0.0
0.0
0.0
0.0
0.0
0.0
0.4375
0.790697674419
0.847826086957
0.84
0.758620689655
0.88679245283
0.901639344262
0.787234042553
0.736842105263
0.775
0.825
0.792452830189
0.88
0.8
0.677419354839
0.724137931034
0.55
0.0833333333333
0.3
0.0
0.0
0.0
0.0
0.0
0.111111111111
0.666666666667
0.77358490566
0.857142857143
0.777777777778
0.666666666667
0.836363636364
0.621621621622
0.74358974359
0.62962962963
0.813953488372
0.857142857143
0.924242424242
0.84375
0.8125
0.653846153846
0.625
0.111111111111
0.0
0.0
0.0
0.0
0.0
0.0
0.214285714286
0.741379310345
0.677419354839
0.890625
0.822222222222
0.711111111111
0.866666666667
0.617647058824
0.619047619048
0.87037037037
0.892857142857
0.895833333333
0.65625
0.717948717949
0.636363636364
0.466666666667
0.285714285714
0.272727272727
0.0
0.0
0.0
0.0
0.0
0.0
0.0
0.111111111111
0.818181818182
0.806451612903
0.625
0.71875
0.6875
0.777777777778
0.710526315789
0.619047619048
0.645161290323
0.764705882353
0.214285714286
0.5
0.409090909091
0.5625
0.0
0.0
0.0
0.0
0.0
0
0.0
0.0
0.0
0.5
0.333333333333
0.681818181818
0.736842105263
0.695652173913
0.272727272727
0.833333333333
0.444444444444
0.611111111111
0.4375
0.65
0.6
0.388888888889
0.416666666667
0.307692307692
0.166666666667
0.0
0.0
0.0
0
0.0
0.0
0.0
0.0
0.0
0.25
0.444444444444
0.333333333333
0.882352941176
0.65
0.777777777778
0.84
0.666666666667
0.666666666667
0.69696969697
0.8125
0.833333333333
0.820512820513
0.588235294118
0.263157894737
0.25
0.0
0.0
0.0
0.0
0.0
0.0
0.272727272727
0.820512820513
0.780487804878
0.617647058824
0.783783783784
0.625
0.6
0.725
0.684210526316
0.690476190476
0.785714285714
0.875
0.870967741935
0.818181818182
0.897435897436
0.485714285714
0.521739130435
0.5
0.0
0.0
0.0
0.0
0.0
0.0
0.454545454545
0.847826086957
0.666666666667
0.764705882353
0.771428571429
0.844444444444
0.788461538462
0.840909090909
0.692307692308
0.527777777778
0.6875
0.910714285714
0.770833333333
0.781818181818
0.657894736842
0.285714285714
0.25
0.133333333333
0.0
0.0
0.0
0.0
0.0
0.0
0.558823529412
0.698113207547
0.833333333333
0.529411764706
0.673913043478
0.815789473684
0.772727272727
0.48275862069
0.63829787234
0.58064516129
0.744186046512
0.893617021277
0.888888888889
0.803921568627
0.658536585366
0.555555555556
0.45
0.142857142857
0.0
0.0
0.0
0.0
0.0
0.0
0.627450980392
0.734693877551
0.733333333333
0.822580645161
0.886363636364
0.813953488372
0.803571428571
0.625
0.760869565217
0.791666666667
0.86
0.830188679245
0.846153846154
0.82
0.756097560976
0.592592592593
0.368421052632
0.0
0.0
0.0
0
0
0.0
0.0
0.375
0.64
0.645161290323
0.794871794872
0.80487804878
0.901960784314
0.753846153846
0.786885245902
0.444444444444
0.48
0.416666666667
0.352941176471
0.533333333333
0.724137931034
0.529411764706
0.533333333333
0.166666666667
0.0
0.0
0
0.0
0.0
0.0
0.0
0.125
0.733333333333
0.733333333333
0.84
0.481481481481
0.65
0.65
0.666666666667
0.388888888889
0.181818181818
0.730769230769
0.730769230769
0.52380952381
0.555555555556
0.181818181818
0.25
0.0
0.0
0.0
0.0
0.0
0.0
0
0.0
0.0
0.142857142857
0.428571428571
0.55
0.757575757576
0.8125
0.55
0.578947368421
0.514285714286
0.69696969697
0.694444444444
0.816326530612
0.7
0.666666666667
0.666666666667
0.583333333333
0.0
0.0
0.0
0.0
0
0.0
0.0
0.0
0.6
0.704918032787
0.7
0.719298245614
0.735294117647
0.690476190476
0.795918367347
0.75
0.633333333333
0.72972972973
0.647058823529
0.785714285714
0.767441860465
0.675675675676
0.642857142857
0.708333333333
0.538461538462
0.0909090909091
0.0
0.0
0.0
0.0
0.0
0.0
0.625
0.727272727273
0.6
0.666666666667
0.694444444444
0.868421052632
0.857142857143
0.604651162791
0.6875
0.714285714286
0.658536585366
0.891304347826
0.88679245283
0.8
0.722222222222
0.689655172414
0.166666666667
0.0
0.0
0.0
0.0
0.0
0.0
0.0
0.527777777778
0.897058823529
0.85
0.703703703704
0.684210526316
0.890625
0.755102040816
0.745454545455
0.863636363636
0.843137254902
0.739130434783
0.893939393939
0.836363636364
0.8
0.717948717949
0.538461538462
0.368421052632
0.272727272727
0.0
0.0
0.0
0.0
0.0
0.235294117647
0.705882352941
0.795454545455
0.717391304348
0.714285714286
0.769230769231
0.885714285714
0.736842105263
0.694444444444
0.448275862069
0.689655172414
0.793103448276
0.586206896552
0.621621621622
0.705882352941
0.592592592593
0.0
0.0666666666667
0.0
0.0
0.0
0.0
0.0
0.0
0.0
0.0
0.535714285714
0.8125
0.727272727273
0.830188679245
0.709090909091
0.818181818182
0.782608695652
0.481481481481
0.619047619048
0.6875
0.521739130435
0.722222222222
0.588235294118
0.285714285714
0.7
0.0
0.0
0.0
0.0
0.0
0.0
0.0
0.0
0.1
0.852941176471
0.7
0.5
0.277777777778
0.6
0.714285714286
0.777777777778
0.652173913043
0.703703703704
0.541666666667
0.75
0.653846153846
0.53125
0.4
0.0
0.111111111111
0.0
0.0
0.0
0.0
0.0
0.0
0.0
0.0
0.333333333333
0.0
0.578947368421
0.714285714286
0.85
0.68
0.807692307692
0.741935483871
0.541666666667
0.722222222222
0.891304347826
0.787878787879
0.648648648649
0.636363636364
0.56
0.5
0.416666666667
0.0
0.0
0.0
0.0
0.0
0.0
0.565217391304
0.781818181818
0.684210526316
0.82
0.723404255319
0.742857142857
0.821428571429
0.815384615385
0.76
0.745454545455
0.854838709677
0.867469879518
0.911764705882
0.810344827586
0.854166666667
0.318181818182
0.68
0.0
0.111111111111
0.0
0.0
0.0
0.0
0.0
0.567567567568
0.704545454545
0.483870967742
0.765957446809
0.803571428571
0.855072463768
0.826086956522
0.859375
0.873015873016
0.824561403509
0.873015873016
0.866666666667
0.887755102041
0.884615384615
0.731707317073
0.333333333333
0.461538461538
0.461538461538
0.0909090909091
0.0
0.0
0.0
0.0
0.0
0.6
0.745454545455
0.697674418605
0.622222222222
0.638888888889
0.816666666667
0.805555555556
0.829787234043
0.837837837838
0.688888888889
0.865384615385
0.894736842105
0.921875
0.857142857143
0.758620689655
0.642857142857
0.466666666667
0.0
0.0
0.2
0.0
0.0
0.0
0.25
0.71875
0.807692307692
0.891304347826
0.423076923077
0.633333333333
0.684210526316
0.844444444444
0.615384615385
0.756756756757
0.794117647059
0.875
0.764705882353
0.837837837838
0.767441860465
0.677419354839
0.47619047619
0.0
0.2
0.0
0.0
0.0
0.0
0.0
0.0909090909091
0.619047619048
0.64
0.783783783784
0.791666666667
0.666666666667
0.803921568627
0.846153846154
0.588235294118
0.742857142857
0.666666666667
0.47619047619
0.58064516129
0.793103448276
0.884615384615
0.5
0.0
0.0
0.0
0
0.0
0.0
0.0
0
0.0
0.0
0.674418604651
0.64
0.791666666667
0.421052631579
0.793103448276
0.857142857143
0.6
0.571428571429
0.625
0.703703703704
0.838709677419
0.791666666667
0.583333333333
0.642857142857
0.25
0.272727272727
0.2
0.0
0.0
0.0
0
0.0
0.0
0.0
0.875
0.769230769231
0.633333333333
0.682926829268
0.821428571429
0.813559322034
0.791666666667
0.682926829268
0.764705882353
0.622222222222
0.854166666667
0.923076923077
0.865384615385
0.8
0.592592592593
0.260869565217
0.545454545455
0.0
0.0
0.0
0.0
0.0
0.0
0.708333333333
0.818181818182
0.68085106383
0.859375
0.824561403509
0.75
0.739130434783
0.808510638298
0.734375
0.810810810811
0.848484848485
0.916666666667
0.928571428571
0.808510638298
0.727272727273
0.470588235294
0.4375
0.0
0.0
0.0
0.0
0.0
0.0
0.333333333333
0.6
0.823529411765
0.8
0.666666666667
0.666666666667
0.859649122807
0.859375
0.879310344828
0.739130434783
0.796296296296
0.862745098039
0.873015873016
0.872093023256
0.867469879518
0.885714285714
0.8125
0.55
0.583333333333
0.0
0.0
0.0
0.0
0.0
0.545454545455
0.787878787879
0.830188679245
0.789473684211
0.853658536585
0.783333333333
0.816666666667
0.833333333333
0.875
0.828125
0.793103448276
0.923076923077
0.882352941176
0.918367346939
0.906976744186
0.818181818182
0.648648648649
0.620689655172
0.181818181818
0.0
0.0
0.0
0.451612903226
0.333333333333
0.782608695652
0.8125
0.853658536585
0.761194029851
0.708333333333
0.91935483871
0.859154929577
0.842105263158
0.754098360656
0.727272727273
0.782608695652
0.8
0.89898989899
0.809523809524
0.901408450704
0.80701754386
0.470588235294
0.666666666667
0.25
0.5
0.0
0
0.0
0.0
0.153846153846
0.423076923077
0.84
0.779661016949
0.784615384615
0.818181818182
0.86301369863
0.918918918919
0.86301369863
0.8
0.744186046512
0.830188679245
0.847457627119
0.912087912088
0.88
0.69696969697
0.0909090909091
0.0
0.0
0.0
0.0
0.0
0
0.0
0.0
0.0833333333333
0.538461538462
0.789473684211
0.272727272727
0.368421052632
0.5
0.666666666667
0.352941176471
0.388888888889
0.111111111111
0.3125
0.529411764706
0.285714285714
0.285714285714
0.545454545455
0.0909090909091
0.333333333333
0.0
0
0.0
0.0
0.0
0.0
0.0
0.0
0.466666666667
0.461538461538
0.571428571429
0.444444444444
0.740740740741
0.838709677419
0.68
0.793103448276
0.615384615385
0.666666666667
0.735294117647
0.694444444444
0.75
0.571428571429
0.294117647059
0.0
0.166666666667
0.0
0.0
0.0
0.0
0.0
0.277777777778
0.76
0.742857142857
0.588235294118
0.478260869565
0.775
0.707317073171
0.481481481481
0.653846153846
0.62962962963
0.689655172414
0.605263157895
0.541666666667
0.6
0.518518518519
0.333333333333
0.3
0.0
0.0
0.0
0.0
0.0
0.0
0.0
0.0
0.4
0.705882352941
0.571428571429
0.470588235294
0.615384615385
0.571428571429
0.710526315789
0.416666666667
0.421052631579
0.75
0.72
0.608695652174
0.757575757576
0.71875
0.56
0.388888888889
0.428571428571
0.0
0.0
0.0
0.0
0.0
0.0
0.0
0.266666666667
0.666666666667
0.677419354839
0.277777777778
0.740740740741
0.608695652174
0.642857142857
0.692307692308
0.633333333333
0.5
0.75
0.810810810811
0.820512820513
0.5
0.684210526316
0.75
0.56
0.214285714286
0.0
0.0588235294118
0.25
0.666666666667
0.285714285714
0.0
0.5
0.55
0.72972972973
0.642857142857
0.5
0.676470588235
0.738095238095
0.535714285714
0.3
0.125
0.266666666667
0.714285714286
0.703703703704
0.555555555556
0.625
0.0
0.0
0.0
0.0
0.0
0.0
0.0
0.0
0.0
0.117647058824
0.611111111111
0.516129032258
0.5
0.294117647059
0.4
0.461538461538
0.533333333333
0.5
0.153846153846
0.5
0.2
0.0909090909091
0.4
0.47619047619
0.0
0.0
0
0.0
0.0
0
0.0
0.0
0.0
0.166666666667
0.782608695652
0.75
0.444444444444
0.0
0.868421052632
0.266666666667
0.142857142857
0.727272727273
0.3
0.473684210526
0.464285714286
0.647058823529
0.333333333333
0.0
0.125
0.0
0.0
0.0
0
0.0
0.0
0.0
0.0
0.176470588235
0.615384615385
0.846153846154
0.625
0.347826086957
0.857142857143
0.96
0.423076923077
0.75
0.565217391304
0.724137931034
0.785714285714
0.551724137931
0.684210526316
0.722222222222
0.214285714286
0.0
0.0
0.0
0.0
0.0
0.0
0.0
0.0
0.4
0.75
0.714285714286
0.695652173913
0.642857142857
0.6
0.730769230769
0.75
0.1875
0.444444444444
0.722222222222
0.454545454545
0.473684210526
0.5
0.545454545455
0.0
0.0
0.0
0.0
0.0
0.0
0.0
0.0
0.125
0.636363636364
0.6
0.555555555556
0.555555555556
0.2
0.473684210526
0.416666666667
0.25
0.25
0.363636363636
0.416666666667
0.375
0.0
0.384615384615
0.181818181818
0.0
0.0
0.0
0.0
0.0
0.0
0.0
0.0
0.0
0.2
0.588235294118
0.727272727273
0.333333333333
0.333333333333
0.470588235294
0.333333333333
0.333333333333
0.0
0.230769230769
0.454545454545
0.0
0.1
0.166666666667
0.0
0.0
0.0
0.0
0.0
0.0
0
0.0
0.0
0.0
0.0
0.0
0.0909090909091
0.375
0.0
0.142857142857
0.529411764706
0.285714285714
0.0
0.0
0.0
0.0
0.0
0.0
0.0
0.0
0.0
0.0
0
0.0
0.0
0.0
0.0
0.0
0.0
0.153846153846
0.0
0.0
0.0
0.2
0.0
0.0
0.0
0.0
0.0
0.0
0.0
0.0
0.0
0.0
0.0
0
0.0
0.0
0.0
0.0
0.0
0.0
0.0
0.0
0.0
0
0.0
0.0
0.0
0.0
0.0
0.0
0.0
0.0
0.0
0.0
0.0
0.0
0
0.0
0.0
0
0.0
0
0.0
0
0.0
0.0
0.0
0.0
0.0
0.0
0.0
0.0
0.0
0.0
0.0
0.0
0.0
0.0
0.0
0.0
0
0
0.0
0.0
0
0
0.0
0.0
0.0
0.307692307692
0.0
0.375
0.0
0.142857142857
0.0
0.0
0.0
0.0
0.0
0.0
0.0
0.0
0.0
0.0
0
0.0
0.0
0.0
0.0
0.0
0.0
0.0
0.0
0.230769230769
0.125
0.0
0.0
0.294117647059
0.0714285714286
0.0
0.0
0.0
0.0
0.0
0.0
0.0
0.0
0.0
0
0.0
0.0
0
0.0
0.0
0.0
0.0
0.0
0.0
0.818181818182
0.230769230769
0.0
0.2
0.0
0.142857142857
0.0
0.0
0.0
0.0
0.0
0.0
0.0
0.0
0
0
0
0
0
0.0
0.0
0.0
0.0
0.0
0.0
0.0
0.181818181818
0.428571428571
0.222222222222
0.25
0.0
0.0
0.0
0.0
0.0
0.0
0.0
0.0
0.0
0.0
0
0.0
0
0.0
0.0
0.0
0.0
0.0
0.0
0.0
0.0
0.0
0.0
0.0
0.0
0.0
0.0
0.0
0.0
0.0
0.0
0.0
0.0
0.0
0.0
0
0.0
0
0.0
0.0
0.0
0.0
0.0
0.0
0.0
0.0
0.0
0.0
0.0
0.0
0.0
0
0.0
0.0
0.0
0.0
0.0
0
0
0
0
0
0
0.0
0.0
0.0
0.0
0.0
0.0
0.0
0.0
0.0
0.0
0.0
0.0
0.0
0
0.0
0.0
0.0
0.0
0.0
0
0
0
0.0
0.0
0.0
0.0
0.0
0.0
0.388888888889
0.277777777778
0.555555555556
0.529411764706
0.454545454545
0.0769230769231
0.0909090909091
0.6875
0.538461538462
0.333333333333
0.0
0.0
0.0
0.0
0.0
0.0
0.0
0
0
0.0
0.0
0.0
0.333333333333
0.166666666667
0.416666666667
0.590909090909
0.272727272727
0.619047619048
0.181818181818
0.55
0.181818181818
0.375
0.230769230769
0.2
0.285714285714
0.0
0.153846153846
0.0
0
0
0.0
0
0
0.0
0.0
0.153846153846
0.357142857143
0.4375
0.333333333333
0.428571428571
0.352941176471
0.45
0.692307692308
0.5
0.166666666667
0.263157894737
0.0
0.0
0.1
0.0
0.0
0.0
0.0
0
0
0
0.0
0.0
0.0
0.0
0.133333333333
0.222222222222
0.444444444444
0.428571428571
0.4375
0.47619047619
0.181818181818
0.454545454545
0.222222222222
0.153846153846
0.45
0.5625
0.263157894737
0.0
0.0
0.0
0.0
0.0
0.0
0.0
0.0
0.0
0.0
0.210526315789
0.0714285714286
0.2
0.111111111111
0.379310344828
0.45
0.3
0.277777777778
0.0
0.0
0.0
0.0
0.0909090909091
0.0
0.0
0.0
0.0
0
0.0
0
0.0
0
0.0
0.0
0.0
0.0
0.0
0.0
0.0
0.0
0.0
0.0
0.0
0.0
0.0
0.0
0.0
0.0
0.0
0.0
0
0.0
0
0
0
0
0
0.0
0.0
0.0
0
0.0
0.0
0.0
0.0
0.0
0.0
0.0
0.0
0.0
0
0.0
0.0
0.0
0.0
0.0
0.0
0
0.0
0.0
0
0.0
0.0
0.0
0.0
0.0
0.0
0.0
0.0
0.0
0.0
0.0
0.0
0.0
0.166666666667
0.0
0.0
0.0
0.0
0.0
0.0
0.0
0
0.0
0.0
0.142857142857
0.153846153846
0.533333333333
0.307692307692
0.3
0.368421052632
0.764705882353
0.411764705882
0.176470588235
0.0
0.176470588235
0.0
0.0769230769231
0.368421052632
0.357142857143
0.0
0.0
0.0
0.0
0.0
0
0
0.0
0.0
0.0
0.545454545455
0.45
0.8
0.8125
0.64
0.6
0.375
0.318181818182
0.416666666667
0.551724137931
0.533333333333
0.375
0.5
0.555555555556
0.333333333333
0.0
0.0
0.0
0.0
0.0
0
0.0
0.0
0.0
0.5
0.28
0.586206896552
0.375
0.368421052632
0.5
0.454545454545
0.210526315789
0.416666666667
0.153846153846
0.1
0.1875
0.263157894737
0.333333333333
0.0
0.0
0.0
0.0
0.0
0
0.0
0.0
0.0
0.0
0.0
0.380952380952
0.166666666667
0.214285714286
0.592592592593
0.4
0.0625
0.388888888889
0.0
0.0
0.0
0.0
0.0
0.0
0.0
0.0
0.0
0.0
0
0
0.0
0
0.0
0.0
0.0
0.0
0.0769230769231
0.166666666667
0.0
0.0
0.0
0.0
0.125
0.0
0.333333333333
0.0
0.411764705882
0.1
0.0
0.0
0.0
0.0
0.0
0
0
0
0.0
0.0
0.0
0.0
0.0
0.0
0.181818181818
0.166666666667
0.571428571429
0.0
0.0
0.222222222222
0.0
0.315789473684
0.6
0.111111111111
0.0
0.0
0.0
0.0
0.0
0.0
0
0.0
0.0
0.0
0.0
0.6
0.416666666667
0.526315789474
0.35
0.25
0.235294117647
0.541666666667
0.1
0.285714285714
0.153846153846
0.25
0.37037037037
0.368421052632
0.153846153846
0.0
0.0
0.0
0.0
0.0
0
0.0
0.0
0.0
0.68
0.85
0.4375
0.413793103448
0.583333333333
0.55
0.7
0.5
0.0
0.333333333333
0.5
0.55
0.45
0.444444444444
0.0
0.0
0.0
0
0
0.0
0.0
0.0
0.0
0.0
0.352941176471
0.55
0.75
0.5
0.553191489362
0.333333333333
0.434782608696
0.25
0.375
0.714285714286
0.75
0.5
0.238095238095
0.307692307692
0.0
0.0
0.0
0.0
0.0
0.0
0
0.0
0.0
0.58064516129
0.709677419355
0.722222222222
0.740740740741
0.0
0.548387096774
0.583333333333
0.590909090909
0.421052631579
0.0
0.606060606061
0.333333333333
0.466666666667
0.352941176471
0.230769230769
0.0
0.0
0.0
0.0
0.0
0.0
0.0
0.0
0.0
0.64
0.5
0.444444444444
0.625
0.142857142857
0.65625
0.428571428571
0.631578947368
0.230769230769
0.0
0.555555555556
0.0
0.0
0.0
0.0
0.0
0
0.0
0.0
0.0
0
0
0.0
0.0
0.0
0.0
0.0
0.0
0.0
0.0
0.0
0.166666666667
0.0
0.0
0.0
0.0
0.0
0.0
0.0
0.0
0.0
0.0
0
0
0
0
0.0
0.0
0.0
0.0
0.0
0.0
0.0
0.25
0.5
0.153846153846
0.357142857143
0.25
0.222222222222
0.5
0.571428571429
0.444444444444
0.153846153846
0.0
0.0
0.0
0.0
0.0
0.0
0.0
0.0
0.0
0.714285714286
0.736842105263
0.608695652174
0.6
0.826086956522
0.607142857143
0.692307692308
0.615384615385
0.645161290323
0.571428571429
0.578947368421
0.625
0.708333333333
0.612903225806
0.65
0.571428571429
0.125
0.0
0.0
0.0
0.0
0.0
0.0
0.0
0.783783783784
0.388888888889
0.277777777778
0.0
0.521739130435
0.380952380952
0.444444444444
0.578947368421
0.142857142857
0.0
0.238095238095
0.526315789474
0.529411764706
0.133333333333
0.0
0.0
0.0
0.0
0
0
0
0.0
0.0
0.0
0.906976744186
0.0
0.357142857143
0.368421052632
0.71875
0.481481481481
0.566666666667
0.615384615385
0.0869565217391
0.521739130435
0.45
0.619047619048
0.65
0.62962962963
0.352941176471
0.222222222222
0.0
0.0
0.0
0.0
0
0
0
0.0
0.0
0.315789473684
0.846153846154
0.423076923077
0.230769230769
0.277777777778
0.6875
0.583333333333
0.470588235294
0.363636363636
0.0
0.263157894737
0.0
0.538461538462
0.294117647059
0.0
0.0
0.0
0.0
0
0
0
0.0
0.0
0.0
0.714285714286
0.428571428571
0.533333333333
0.428571428571
0.75
0.375
0.315789473684
0.5
0.0
0.421052631579
0.428571428571
0.133333333333
0.55
0.125
0.0
0.0
0.0
0.0
0
0
0.0
0.0
0.0
0.0
0.0
0.0
0.142857142857
0.1
0.125
0.705882352941
0.538461538462
0.444444444444
0.25
0.0
0.0
0.111111111111
0.285714285714
0.6
0.8
0.0
0.0
0.0
0
0.0
0.0
0.0
0.0
0.0
0.0
0.0
0.461538461538
0.571428571429
0.692307692308
0.666666666667
0.4
0.619047619048
0.727272727273
0.0833333333333
0.363636363636
0.111111111111
0.695652173913
0.684210526316
0.388888888889
0.142857142857
0.0
0.0
0.0
0.0
0.0
0.0
0.0
0.0
0.133333333333
0.555555555556
0.181818181818
0.526315789474
0.705882352941
0.368421052632
0.565217391304
0.333333333333
0.294117647059
0.6
0.125
0.5
0.64
0.0
0.2
0.0
0.0
0.0
0
0.0
0
0.0
0.0
0.0
0.470588235294
0.8125
0.434782608696
0.214285714286
0.333333333333
0.5
0.461538461538
0.0909090909091
0.266666666667
0.166666666667
0.526315789474
0.615384615385
0.466666666667
0.526315789474
0.0
0.0
0.0
0.0
0.0
0.0
0.0
0.0
0.0
0.0
0.1875
0.647058823529
0.666666666667
0.470588235294
0.423076923077
0.724137931034
0.478260869565
0.4375
0.333333333333
0.25
0.0
0.45
0.4
0.25
0.0
0.0
0.0
0.0
0
0
0.0
0.0
0.0
0.0
0.0666666666667
0.555555555556
0.764705882353
0.357142857143
0.710526315789
0.617647058824
0.744186046512
0.5625
0.5
0.666666666667
0.25
0.571428571429
0.25
0.357142857143
0.307692307692
0.0
0
0.0
0.0
0.0
0.0
0.0
0.0
0.222222222222
0.411764705882
0.730769230769
0.518518518519
0.333333333333
0.897435897436
0.689655172414
0.678571428571
0.35
0.230769230769
0.166666666667
0.0
0.0
0.454545454545
0.0
0.0
0.0
0.0
0.0
0
0.0
0
0.0
0.0
0.0
0.0
0.0
0.0
0.0
0.0
0.0
0.0
0.0
0.166666666667
0.0
0.181818181818
0.5
0.454545454545
0.0
0.0
0.0
0
0.0
0.0
0
0
0.0
0.0
0.0
0
0.0
0.0714285714286
0.571428571429
0.583333333333
0.692307692308
0.421052631579
0.277777777778
0.153846153846
0.0
0.454545454545
0.615384615385
0.6
0.222222222222
0.333333333333
0.0
0.0
0.0
0.0
0.0
0.0
0.0
0.0
0.0769230769231
0.631578947368
0.5
0.230769230769
0.0909090909091
0.315789473684
0.473684210526
0.5
0.2
0.0
0.0
0.0
0.0
0.0
0.0
0.0
0.0
0.0
0.0
0.0
0.0
0.0
0.0
0.0
0.0
0.333333333333
0.928571428571
0.75
0.363636363636
0.333333333333
0.571428571429
0.8125
0.727272727273
0.0
0.0
0.0
0.0
0.375
0.0
0.0
0.0
0.0
0.0
0.0
0.0
0.0
0.0
0.0
0.0
0.36
0.625
0.636363636364
0.2
0.653846153846
0.736842105263
0.266666666667
0.125
0.0
0.0
0.0
0.111111111111
0.0
0.0
0.0
0.0
0.0
0
0.0
0.0
0.0
0
0.0
0.0
0.0
0.111111111111
0.411764705882
0.166666666667
0.25
0.25
0.375
0.0
0.0
0.0
0.0
0.0
0.0
0.0
0.0
0.0
0.0
0
0
0
0
0.0
0.0
0.0
0.0
0.333333333333
0.636363636364
0.0
0.4
0.47619047619
0.3
0.111111111111
0.0
0.0
0.0
0.0
0.0
0.0
0.0
0.0
0
0
0.0
0
0.0
0.0
0.0
0
0.0
0.0
0.0
0.0
0.0
0.0
0.0
0.0
0.0
0.0
0.0
0.0
0.0
0.0
0.0
0.0
0.0
0
0
0
0
0
0.0
0.0
0.0
0.0
0.0
0.0
0.0
0.0
0.0
0.0
0.0
0.0
0.0
0.0
0.0
0.0
0.0
0.0
0.0
0.0
0.0
0
0
0.0
0.0
0.0
0.458333333333
0.0
0.307692307692
0.176470588235
0.7
0.761904761905
0.85
0.416666666667
0.2
0.0
0.111111111111
0.428571428571
0.2
0.1
0.0
0.0
0.0
