0.0
0
0
0
0
0
0
0.0
0.0
0.0
0.0
0.0
0.0
0.0
0.0
0.0
0.0
0.0
0.0
0.0
0.0
0.0
0.0
0.0
0
0.0
0.0
0
0.0
0
0.0
0.0
0.0
0.0
0.0
0.0
0.0
0.0
0.0
0.0
0.0
0.0
0.0
0.0
0.0
0.0
0.0
0.0
0.0
0
0.0
0
0.0
0
0
0
0.0
0.0
0.0
0.0
0.0
0.0
0.0
0.0
0.0
0.0
0.0
0.0
0.0
0.0
0.0
0.0
0.0
0
0
0.0
0
0
0
0.0
0.0
0.0
0.0
0.0
0.0
0.0
0.0
0.0
0.0
0.0
0.0
0.0
0.0
0.0
0.0
0.0
0
0
0
0
0.0
0
0
0.0
0.0
0.0
0.0
0.0
0.0
0.0
0.0
0.0
0.0
0.0
0.0
0.0
0.0
0.0
0.0
0.0
0
0.0
0.0
0
0
0
0
0.0
0.0
0.0
0.0
0.0
0.0
0.0
0.0
0.0
0.0
0.0
0.0
0.0
0.0
0.0
0.0
0.0
0.0
0.0
0.0
0
0
0
0
0
0.0
0.0
0.0
0.0
0.0
0.0
0.0
0.0
0.0
0.0
0.0
0.0
0.0
0.0
0.0
0.0
0.0
0.0
0.0
0
0
0
0.0
0.0
0.0
0.0
0.413793103448
0.0
0.0
0.0
0.0
0.0
0.0
0.0
0.0
0.0
0.0
0.0
0.0
0.0
0.0
0.0
0.0
0
0.0
0
0
0.0
0.0
0.0
0.0
0.0
0.0
0.433333333333
0.736842105263
0.0
0.0
0.0
0.0
0.0
0.0
0.0
0.0
0.0
0.0
0.0
0.0
0.0
0
0
0.0
0.0
0.0
0.0454545454545
0.583333333333
0.666666666667
0.0909090909091
0.0
0.0
0.153846153846
0.0
0.0
0.0
0.0
0.0
0.0
0.0
0.0
0.0
0.0
0
0.0
0
0.0
0.0
0.0
0.0
0.0
0.0
0.125
0.0
0.04
0.25
0.0
0.0
0.0
0.0
0.0
0.0
0.0
0.0
0.0
0.0
0.0
0
0
0
0
0.0
0.0
0.0
0.0
0.0
0.0
0.0
0.0
0.0
0.0
0.0
0.0
0.0
0.0
0.0
0.0
0.0
0.0
0.0
0.0
0.0
0.0
0
0
0
0.0
0.0
0.0
0.0
0.0
0.0
0.0
0.0
0.0
0.0
0.0
0.0
0.0
0.0
0.0
0.0
0.0
0.0
0.0
0
0
0.0
0
0.0
0.0
0.0
0.0
0.0
0.0
0.0
0.0
0.0869565217391
0.1
0.0
0.0
0.0
0.0
0.0
0.0
0.0
0.0
0.0
0.0
0.0
0
0
0
0.0
0.0
0.0
0.0
0.0
0.263157894737
0.0
0.0
0.0
0.0
0.0
0.0
0.0
0.0
0.0
0.0
0.0
0.0
0.0
0.0
0
0
0
0
0.0
0.0
0.0
0.0
0.0
0.0
0.0
0.0
0.0
0.0
0.0
0.0
0.0
0.0
0.0
0.0
0.0
0.0
0.0
0.0
0.0
0
0.0
0.0
0.0
0.0
0.0
0.0
0.0
0.285714285714
0.0
0.0
0.0666666666667
0.0833333333333
0.0
0.0
0.0
0.0
0.0
0.0
0.0
0.0
0.0
0
0
0
0
0.0
0
0.0
0.0
0.0
0.0
0.0
0.0
0.0
0.0
0.0
0.0
0.0
0.0
0.0
0.0
0.0
0.0
0
0.0
0.0
0
0.0
0
0
0
0.0
0.0
0.0
0.0
0.0
0.0
0.0
0.0
0.0
0.0
0.0
0.0
0.0
0.0
0.0
0.0
0.0
0.0
0.0
0
0.0
0
0
0.0
0.0
0.0
0.0
0.0
0.0
0.0
0.0
0.0
0.0
0.0
0.0
0.0
0.0
0.0
0.0
0.0
0.0
0.0
0.0
0.0
0.0
0
0
0.0
0.0
0.0
0.0
0.0
0.0
0.0
0.0
0.0
0.0
0.0
0.0
0.0
0.0
0.0
0.0
0.0
0.0
0.0
0
0.0
0
0
0
0.0
0.0
0.0
0.0
0.25
0.0
0.0
0.277777777778
0.117647058824
0.1875
0.0
0.0
0.0
0.0
0.0
0.0
0.0
0.0
0.0
0.0
0.0
0
0.0
0
0.0
0.0
0.0
0.0
0.4
0.0
0.0
0.0
0.0
0.0
0.0
0.0
0.0
0.0
0.0
0.0
0.0
0.0
0.0
0.0
0.0
0
0
0
0.0
0.0
0.0
0.0
0.0
0.0
0.0
0.0
0.0
0.0
0.0
0.0
0.0
0.0
0.0
0.0
0.0
0.0
0.0
0.0
0
0.0
0.0
0.0
0.0
0.0
0.0
0.0
0.0
0.0
0.0
0.0
0.0
0.0
0.0
0.0
0.0
0.0
0.0
0.0
0.0
0.0
0.0
0.0
0.0
0.0
0.0
0
0.0
0
0.0
0.0
0.0
0.0
0.0
0.0
0.0
0.0
0.0
0.0
0.0
0.0
0.0
0.0
0.0
0.0
0.0
0
0
0.0
0
0.0
0
0
0.0
0.0
0.0
0.0
0.0
0.0
0.0
0.0
0.0
0.0
0.0
0.0
0.0
0.0
0.0
0.0
0.0
0.0
0.0
0.0
0.0
0.0
0
0.0
0.0
0.0
0.0
0.0
0.0
0.0
0.0
0.0
0.0
0.0
0.0
0.0
0.0
0.0
0.0
0.0
0.0
0.0
0.0
0.0
0
0
0
0.0
0.0
0.0
0.375
0.217391304348
0.222222222222
0.0
0.0
0.0
0.0
0.0
0.0
0.0
0.0
0.0
0.0
0.0
0.0
0
0.0
0.0
0
0
0
0.0
0.0
0.0
0.0
0.0
0.0
0.0
0.0
0.0
0.0
0.0
0.0
0.0
0.0
0.0
0.0
0.0
0.0
0
0.0
0
0.0
0.0
0.0
0.0
0.0
0.0
0.0
0.0
0.0
0.0740740740741
0.0
0.0
0.0
0.0
0.0
0.0
0.0
0.0
0.0
0.0
0.0
0.0
0
0
0
0
0
0.0
0.0
0.297872340426
0.785714285714
0.6
0.923076923077
0.5
0.611111111111
0.529411764706
0.357142857143
0.0
0.0
0.0
0.0
0.0
0.0
0.0
0.0
0
0.0
0.0
0.0
0
0
0.0
0.0
0.0
0.0
0.0
0.0
0.0
0.0
0.0
0.0
0.0
0.0
0.0
0.0
0.0
0.0
0.0
0
0.0
0
0
0
0
0
0.0
0
0.0
0.0
0.0
0.0
0.0
0.0
0.0
0.0
0.0
0.0
0.0
0.0
0.0
0.0
0.0
0.0
0.0
0.0
0
0.0
0.0
0.0
0.0
0.0
0.0
0.0
0.0
0.0
0.0
0.0
0.0
0.0
0.0
0.0
0.0
0.0
0.0
0.0
0.0
0.0
0.0
0.0
0
0
0.0
0.0
0.0
0.0
0.0
0.0
0.0
0.0
0.0
0.0
0.0
0.0
0.0
0.0
0.0
0.0
0.0
0.0
0.0
0.0
0.0
0.0
0.0
0
0.0
0.0
0.0
0.0
0.0
0.05
0.2
0.0
0.428571428571
0.0
0.0
0.0
0.0
0.0
0.0
0.0
0.0
0.0
0.0
0.0
0.0
0
0
0
0
0.0
0.0
0.0
0.0
0.0
0.0
0.0
0.0
0.0
0.0625
0.0
0.0
0.0
0.0
0.0
0.0
0.0
0.0
0.0
0.0
0
0.0
0.0
0.0
0.0
0.0
0.0
0.0
0.0
0.0
0.0
0.0
0.0
0.0
0.0
0.0
0.0
0.0
0.0
0.0
0.0
0.0
0.0
0.0
0
0.0
0
0
0
0.0
0.0
0.0
0.0
0.0
0.0
0.0
0.0
0.0
0.0
0.0
0.0
0.0
0.0
0.0
0.0
0.0
0.0
0.0
0
0
0
0.0
0
0
0.0
0
0.0
0.0
0.0
0.0
0.0
0.0
0.0
0.0
0.0
0.0
0.0
0.0
0.0
0.0
0.0
0.0
0.0
0
0.0
0
0.0
0.0
0.0
0.0
0.0
0.0
0.0
0.0
0.333333333333
0.0
0.0
0.0
0.0
0.0
0.0
0.0
0.0
0.0
0.0
0.0
0.0
0.0
0.0
0
0.0
0.0
0.0
0.0
0.0
0.0
0.0
0.0
0.0
0.0
0.0
0.0
0.0
0.0
0.0
0.0
0.0
0.0
0.0
0.0
0.0
0.0
0
0.0
0
0.0
0.0
0.0
0.0
0.0
0.0
0.0
0.0
0.0
0.0
0.0
0.0
0.0
0.0
0.0
0.0
0.0
0.0
0
0
0.0
0.0
0
0
0.0
0.0
0.0
0.0
0.0
0.0
0.0
0.0
0.0
0.0
0.0
0.0
0.0
0.0
0.0
0.0
0.0
0.0
0.0
0.0
0.0
0
0
0
0.0
0.0
0.0
0.0
0.0
0.0
0.0
0.0
0.0
0.0
0.0
0.0
0.0
0.0
0.0
0.0
0.0
0
0
0
0
0
0
0
0
0.0
0
0.0
0.0
0.0
0.0
0.0
0.0
0.0
0.0
0.0
0.0
0.0
0.0
0.0
0.0
0.0
0
0
0.0
0
0
0
0.0
0
0.0
0.0
0.0
0.0
0.0
0.0
0.0
0.0
0.0
0.0
0.0
0.0
0.0
0.0
0.0
0.0
0.0
0.0
0
0
0
0
0.0
0.0
0.0
0.0
0.0
0.0
0.0
0.0
0.0
0.0
0.0
0.0
0
0.0
0.0
0.0
0.0
0.0
0.0
0.0
0
0.0
0.0
0
0.0
0.0
0.0
0.0
0.0
0.0
0.0
0.0
0.0
0.0
0.0
0.0
0.0
0.0
0.0
0.0
0
0.0
0
0.0
0
0
0
0.0
0.0
0.0
0.0
0.0
0.0
0.0
0.0
0.0
0.0
0.0
0.0
0.0
0.0
0.0
0.0
0.0
0.0
0.0
0.0
0
0
0
0.0
0
0.0
0.0
0.0
0.0
0.0
0.0
0.0
0.0
0.0
0.0
0.0
0.0
0.0
0.0
0.0
0.0
0.0
0.0
0.0
0.0
0
0
0.0
0
0
0.0
0.0243902439024
0.0
0.0
0.0
0.0
0.0
0.0
0.0
0.0
0.0
0.0
0.0
0.0
0.0
0.0
0.0
0.0
0.0
0
0.0
0
0.0
0
0.0
0.0
0.0
0.0
0.0
0.0
0.0
0.0
0.0
0.0
0.0
0.0
0.0
0.0
0.0
0.0
0.0
0.0
0.0
0
0
0.0
0
0
0.0
0.0
0.0
0.0
0.0
0.0
0.0
0.0
0.0
0.0
0.0
0.0
0.0
0.0
0.0
0.0
0.0
0.0
0.0
0.0
0
0.0
0.0
0.0
0.0
0.0
0.0
0.0
0.0
0.0
0.0
0.0
0.0
0.0
0.38
0.233333333333
0.0909090909091
0.107142857143
0.388888888889
0.0
0.0
0.0
0
0.0
0
0
0
0.0
0.0
0.0
0.0
0.0
0.129032258065
0.037037037037
0.0
0.0
0.302325581395
0.241379310345
0.557692307692
0.0645161290323
0.369565217391
0.210526315789
0.295454545455
0.142857142857
0.0
0.0
0.0
0.0
0.0
0.0
0
0.0
0.0
0.0
0.0
0.0
0.0
0.0
0.03125
0.44
0.31914893617
0.0714285714286
0.268292682927
0.5
0.5
0.551724137931
0.470588235294
0.228571428571
0.0
0.0
0.0
0
0
0
0
0.0
0.0
0.135135135135
0.0789473684211
0.0
0.333333333333
0.307692307692
0.578947368421
0.354166666667
0.538461538462
0.255813953488
0.637931034483
0.422222222222
0.377777777778
0.461538461538
0.58064516129
0.151515151515
0.0
0.0
0.0
0.0
0
0.0
0.0
0.0
0.0
0.145833333333
0.25
0.471698113208
0.19512195122
0.340425531915
0.462962962963
0.415094339623
0.266666666667
0.333333333333
0.290322580645
0.357142857143
0.358974358974
0.107142857143
0.0714285714286
0.133333333333
0.0
0.0
0.0
0.0
0.0
0
0
0
0.0
0.0
0.0
0.0
0.0
0.0
0.0
0.0
0.0
0.0
0.0
0.0
0.0
0.0
0.0
0.0
0.0
0
0.0
0.0
0
0
0.0
0
0
0.0
0.0
0.0
0.0
0.0
0.0
0.0
0.0
0.0
0.0
0.0
0.0
0.0
0.0
0.0
0.0
0.0
0.0
0
0
0.0
0
0.0
0.0
0.0
0.0
0.0
0.0
0.103448275862
0.323529411765
0.129032258065
0.344827586207
0.162162162162
0.0
0.5
0.272727272727
0.428571428571
0.125
0.291666666667
0.0
0.0
0.0
0.0
0.0
0
0.0
0.0
0.0
0.0
0.157894736842
0.193548387097
0.243243243243
0.139534883721
0.355555555556
0.4
0.433962264151
0.382978723404
0.346153846154
0.457627118644
0.733333333333
0.622950819672
0.642857142857
0.464285714286
0.111111111111
0.0
0.0
0.0
0.0
0.0
0.0
0.0
0.0
0.404255319149
0.025641025641
0.416666666667
0.0555555555556
0.333333333333
0.181818181818
0.539682539683
0.404255319149
0.354166666667
0.333333333333
0.3
0.650793650794
0.607594936709
0.537037037037
0.219512195122
0.0
0.0
0.0
0.0
0
0.0
0.0
0.0
0.0
0.0
0.0789473684211
0.553191489362
0.294117647059
0.508474576271
0.518518518519
0.651515151515
0.586206896552
0.482142857143
0.467741935484
0.573770491803
0.704225352113
0.790697674419
0.637931034483
0.538461538462
0.214285714286
0.333333333333
0.0
0.0
0.0
0.0
0.0
0.0
0.0
0.0833333333333
0.450980392157
0.602941176471
0.365384615385
0.616279069767
0.670588235294
0.737373737374
0.765765765766
0.597402597403
0.702380952381
0.70652173913
0.719101123596
0.633802816901
0.547619047619
0.171428571429
0.0
0.0
0.0
0
0.0
0
0
0
0.0
0.0
0.0
0.0
0.0
0.0
0.0
0.0
0.0
0.0
0.0
0.0
0.0
0.0
0.0
0.0
0.0
0.0
0.0
0.0
0
0
0
0.0
0.0
0.0
0.0
0.09375
0.285714285714
0.257142857143
0.322580645161
0.526315789474
0.275
0.603773584906
0.531914893617
0.390243902439
0.326530612245
0.469387755102
0.333333333333
0.103448275862
0.0
0.0
0.0
0.0
0.0
0.0
0.0
0.0
0.347826086957
0.255813953488
0.372881355932
0.584269662921
0.585365853659
0.288888888889
0.74
0.69387755102
0.552083333333
0.683333333333
0.390625
0.625
0.567901234568
0.707317073171
0.712643678161
0.266666666667
0.0
0.0
0.0
0.0
0.0
0.0
0
0.0
0.0227272727273
0.363636363636
0.592920353982
0.648936170213
0.701030927835
0.625
0.679611650485
0.425925925926
0.392156862745
0.425925925926
0.616279069767
0.722772277228
0.741176470588
0.626865671642
0.425531914894
0.4
0.0322580645161
0.0
0.0
0.0
0.0
0.0
0.0
0.0
0.025641025641
0.423076923077
0.754237288136
0.469696969697
0.681415929204
0.621621621622
0.5
0.567567567568
0.729166666667
0.553191489362
0.347826086957
0.700854700855
0.65
0.444444444444
0.325
0.0645161290323
0.0
0.0
0.0
0.0
0.0
0
0.0
0.0
0.0
0.4375
0.673469387755
0.478260869565
0.333333333333
0.52808988764
0.47619047619
0.272727272727
0.6
0.0952380952381
0.173076923077
0.38
0.211538461538
0.6
0.46
0.333333333333
0.0
0.0
0.0
0.0
0.0
0.0
0.0
0.0
0.0
0.0
0.604166666667
0.241379310345
0.212765957447
0.396226415094
0.409090909091
0.4
0.533333333333
0.333333333333
0.136363636364
0.289473684211
0.444444444444
0.25
0.0769230769231
0.0
0.0
0.0
0
0
0.0
0.0
0.0
0.0
0.0
0.0
0.0
0.0
0.0
0.0
0.333333333333
0.181818181818
0.0
0.0
0.0454545454545
0.136363636364
0.0
0.176470588235
0.0
0.0
0.0
0.0
0.0
0
0
0.0
0.0
0.0
0.0
0.0
0.0
0.0
0.0416666666667
0.325
0.46
0.576923076923
0.641509433962
0.4
0.26
0.387096774194
0.380952380952
0.608108108108
0.68
0.224137931034
0.15
0.0
0.0
0.0
0.0
0.0
0.0
0.0
0.0
0.0625
0.486111111111
0.466666666667
0.571428571429
0.477777777778
0.573529411765
0.578313253012
0.534482758621
0.403225806452
0.491803278689
0.526315789474
0.75
0.696202531646
0.530303030303
0.428571428571
0.0540540540541
0.0
0.0
0.0
0.0
0.0
0.0
0.0
0.0
0.28813559322
0.573770491803
0.444444444444
0.538461538462
0.77
0.59793814433
0.459770114943
0.56976744186
0.70297029703
0.524590163934
0.662790697674
0.8
0.745614035088
0.655913978495
0.545454545455
0.0909090909091
0.0
0.0
0.0
0.0
0.0
0.0
0.0
0.0
0.0512820512821
0.638554216867
0.730158730159
0.684210526316
0.555555555556
0.5
0.306451612903
0.585858585859
0.635135135135
0.552941176471
0.676767676768
0.736363636364
0.767857142857
0.652173913043
0.464788732394
0.244444444444
0.0
0.0
0.0
0.0
0.0
0.0
0.0
0.047619047619
0.47619047619
0.645833333333
0.372881355932
0.597826086957
0.643564356436
0.595505617978
0.527472527473
0.742574257426
0.625
0.523255813953
0.729166666667
0.857142857143
0.768595041322
0.715596330275
0.571428571429
0.0
0.0
0.0
0.0
0.0
0.0
0.0
0.0
0.0
0.111111111111
0.538461538462
0.68
0.794871794872
0.769230769231
0.808333333333
0.637254901961
0.695652173913
0.136363636364
0.0
0.0
0.09375
0.0
0.0
0.0
0.0
0.0
0.0
0
0
0
0.0
0.0
0.0
0.0
0.0
0.0
0.0
0.0
0.0
0.0526315789474
0.0
0.0
0.0
0.0
0.0
0.0
0.0
0.0
0.0
0.0
0.0
0.0
0
0
0
0.0
0.0
0.0
0.0
0.0
0.0
0.037037037037
0.522727272727
0.35
0.394736842105
0.324324324324
0.15625
0.27027027027
0.527272727273
0.729166666667
0.428571428571
0.142857142857
0.0
0.0
0.0
0.0
0.0
0.0
0.0
0.0
0.0
0.0833333333333
0.453125
0.36170212766
0.436363636364
0.481012658228
0.544117647059
0.645161290323
0.591549295775
0.409836065574
0.6875
0.565217391304
0.72619047619
0.650793650794
0.555555555556
0.25
0.05
0.0
0.0
0.0
0.0
0.0
0.0
0.0
0.0
0.139534883721
0.307692307692
0.45652173913
0.425925925926
0.395833333333
0.298245614035
0.454545454545
0.490566037736
0.314814814815
0.392857142857
0.626666666667
0.671052631579
0.55737704918
0.603448275862
0.428571428571
0.0
0.0
0.0
0.0
0
0.0
0.0
0.0
0.0
0.222222222222
0.654761904762
0.673913043478
0.317073170732
0.4
0.534482758621
0.428571428571
0.5
0.384615384615
0.365384615385
0.619047619048
0.753246753247
0.701298701299
0.753846153846
0.276595744681
0.0
0.0
0.0
0.0
0
0.0
0.0
0.0
0.0
0.181818181818
0.608695652174
0.604166666667
0.567567567568
0.608695652174
0.64367816092
0.712328767123
0.641975308642
0.666666666667
0.506329113924
0.777777777778
0.725274725275
0.766666666667
0.742268041237
0.493150684932
0.25
0.0
0.0
0.0
0.0
0.0
0.0
0.0
0.0
0.152173913043
0.577464788732
0.76
0.738095238095
0.776923076923
0.815602836879
0.805970149254
0.632183908046
0.03125
0.0
0.0
0.0
0.0
0.0
0.0
0.0
0.0
0.0
0
0.0
0.0
0
0.0
0.0
0.0
0.0
0.0
0.0294117647059
0.0
0.0
0.0
0.0
0.0666666666667
0.0
0.0
0.130434782609
0.0666666666667
0.0
0.0
0.0
0.0
0.0
0.0
0.0
0.0
0
0.0
0.0
0.0
0.0
0.05
0.37037037037
0.305555555556
0.666666666667
0.45652173913
0.415094339623
0.387096774194
0.369565217391
0.6
0.637931034483
0.568965517241
0.647887323944
0.3
0.0
0.0
0.0
0.0
0.0
0.0
0.0
0.0
0.0
0.225806451613
0.704918032787
0.660714285714
0.5
0.578947368421
0.561403508772
0.55737704918
0.42
0.455882352941
0.521739130435
0.727272727273
0.661764705882
0.790697674419
0.605633802817
0.683333333333
0.194444444444
0.0
0.0
0.0
0.0
0.0
0.0
0.0
0.0
0.162162162162
0.311111111111
0.4
0.2
0.545454545455
0.474576271186
0.55
0.646153846154
0.528301886792
0.487179487179
0.0
0.549295774648
0.736842105263
0.6
0.428571428571
0.0434782608696
0.0
0.0
0.0
0.0
0.0
0.0
0.0
0.0
0.0
0.25
0.428571428571
0.444444444444
0.531914893617
0.659574468085
0.288888888889
0.34693877551
0.529411764706
0.729166666667
0.606060606061
0.548387096774
0.527272727273
0.433962264151
0.451612903226
0.0
0.0
0.0
0.0
0.0
0.0
0.0
0.0
0.0
0.609756097561
0.0833333333333
0.1
0.0645161290323
0.2
0.315789473684
0.21875
0.295454545455
0.576923076923
0.25
0.108108108108
0.638888888889
0.535714285714
0.390243902439
0.410256410256
0.0
0.0
0.0
0.0
0.0
0.0
0.0
0.0
0.0
0.0
0.0
0.0
0.0740740740741
0.285714285714
0.375
0.241379310345
0.0
0.0
0.0
0.0967741935484
0.115384615385
0.0
0.0
0.0
0.0
0.0
0.0
0.0
0.0
0
0.0
0.0
0.0
0.0
0.0
0.0
0.0
0.0
0.0
0.0
0.0
0.0
0.0
0.0
0.166666666667
0.227272727273
0.0
0.0
0.0
0.0
0.0
0.0
0.0
0
0.0
0.0
0.0
0.0
0.0
0.0
0.0
0.0
0.414634146341
0.609756097561
0.357142857143
0.452380952381
0.518518518519
0.595238095238
0.422222222222
0.425
0.358974358974
0.16
0.0
0.0
0.0
0.0
0.0
0.0
0.0
0.0
0.0
0.0
0.357142857143
0.153846153846
0.36170212766
0.54347826087
0.347826086957
0.365853658537
0.622641509434
0.4375
0.622641509434
0.596774193548
0.636363636364
0.714285714286
0.566037735849
0.117647058824
0.0
0.0
0.0
0.0
0.0
0.0
0.0
0.0
0.304347826087
0.473684210526
0.54
0.46511627907
0.42
0.54
0.561403508772
0.612903225806
0.54
0.4375
0.5
0.683333333333
0.744186046512
0.774193548387
0.7875
0.418604651163
0.225
0.0555555555556
0.0
0.0
0.0
0.0
0
0.0
0.0
0.36170212766
0.71186440678
0.661016949153
0.425531914894
0.686567164179
0.467741935484
0.518518518519
0.528301886792
0.54
0.105263157895
0.547169811321
0.566666666667
0.734375
0.390243902439
0.176470588235
0.0
0.0
0.0
0.0
0.0
0
0.0
0.0
0.0
0.2
0.35
0.0
0.0
0.0
0.0
0.0
0.0
0.047619047619
0.0
0.0
0.0
0.0
0.0
0.0
0.0
0.0
0.0
0.0
0.0
0
0.0
0.0
0.0
0.0
0.0
0.0
0.0
0.290322580645
0.59375
0.363636363636
0.0
0.0
0.0
0.0
0.0
0.0
0.0
0.0
0.0
0.0
0.0
0.0
0.0
0
0
0.0
0.0
0.0
0.0
0.0
0.0
0.0
0.0
0.0
0.0
0.0
0.0
0.0
0.0
0.0
0.0
0.0
0.0
0.0
0.0
0.0
0
0.0
0.0
0.0
0.0
0.0
0.0
0.0
0.0
0.714285714286
0.0
0.285714285714
0.181818181818
0.111111111111
0.0
0.612903225806
0.622641509434
0.205882352941
0.307692307692
0.2
0.3
0.0
0.0
0.0
0.0
0.0
0.0
0.0
0.0
0.0
0.342105263158
0.46511627907
0.377049180328
0.634146341463
0.532258064516
0.660714285714
0.53125
0.452830188679
0.655737704918
0.79746835443
0.720930232558
0.77358490566
0.551724137931
0.583333333333
0.0434782608696
0.0
0.0
0.0
0.0
0.0
0.0
0.0
0.170731707317
0.555555555556
0.5
0.44
0.5
0.649350649351
0.616438356164
0.694117647059
0.65
0.597222222222
0.707317073171
0.8
0.820754716981
0.801652892562
0.561797752809
0.386363636364
0.0344827586207
0.0
0.0
0.0
0.0
0.0
0.0
0.0
0.0
0.239130434783
0.230769230769
0.318181818182
0.395833333333
0.409090909091
0.538461538462
0.617647058824
0.466666666667
0.369565217391
0.52
0.773195876289
0.78431372549
0.642857142857
0.588235294118
0.428571428571
0.333333333333
0.0
0.0
0.0
0.0
0.0
0.0
0.0
0.0
0.753424657534
0.51724137931
0.55737704918
0.579710144928
0.568965517241
0.613636363636
0.626666666667
0.623188405797
0.484375
0.636363636364
0.741176470588
0.694117647059
0.727272727273
0.678571428571
0.5625
0.510204081633
0.0
0.0
0.0
0.0
0.0
0.0
0.0
0.0
0.260869565217
0.723404255319
0.778761061947
0.821705426357
0.854838709677
0.851612903226
0.847222222222
0.608108108108
0.304347826087
0.114285714286
0.0555555555556
0.0
0.0
0.0
0.0
0.0
0.0
0.0
0.0
0.0
0
0.0
0.0
0.0
0.0
0.0
0.0
0.0
0.0
0.0
0.0434782608696
0.407407407407
0.272727272727
0.148148148148
0.0833333333333
0.125
0.157894736842
0.0
0.0
0.0
0.0
0.0
0.0
0
0
0
0.0
0.0
0.0
0.0
0.0740740740741
0.266666666667
0.394736842105
0.526315789474
0.487804878049
0.538461538462
0.461538461538
0.2
0.677966101695
0.65
0.508196721311
0.568965517241
0.25
0.363636363636
0.0
0.0
0.0
0.0
0.0
0.0
0.0
0.025641025641
0.675675675676
0.357142857143
0.491525423729
0.746478873239
0.671428571429
0.759615384615
0.657894736842
0.573333333333
0.294117647059
0.606557377049
0.746268656716
0.710144927536
0.566037735849
0.620689655172
0.527272727273
0.0
0.0
0.0
0.0
0.0
0.0
0.0
0.0
0.255319148936
0.8
0.434782608696
0.535714285714
0.184210526316
0.390243902439
0.63829787234
0.463414634146
0.589285714286
0.488372093023
0.529411764706
0.588235294118
0.44
0.608695652174
0.625
0.295454545455
0.0
0.0
0.0
0.0
0.0
0.0
0.0
0.0
0.0
0.0333333333333
0.4375
0.0689655172414
0.263157894737
0.487804878049
0.486486486486
0.441176470588
0.522727272727
0.55
0.519230769231
0.603448275862
0.636363636364
0.65
0.634615384615
0.46
0.0434782608696
0.0
0.0
0.0
0.0
0.0
0.0
0.0
0.0
0.557142857143
0.282608695652
0.5
0.54
0.179487179487
0.6875
0.651515151515
0.409090909091
0.413043478261
0.492063492063
0.693548387097
0.65
0.71186440678
0.588235294118
0.428571428571
0.0
0.0
0.0
0.0
0.0
0.0
0.0
0.0
0.0
0.0512820512821
0.578125
0.333333333333
0.724637681159
0.55223880597
0.775
0.768292682927
0.582278481013
0.594202898551
0.648148148148
0.56862745098
0.5
0.56862745098
0.394736842105
0.0833333333333
0.0
0.0
0.0
0.0
0.0
0
0.0
0.0
0.0
0.0
0.0
0.0285714285714
0.130434782609
0.571428571429
0.208333333333
0.258064516129
0.0384615384615
0.27027027027
0.206896551724
0.0
0.222222222222
0.166666666667
0.192307692308
0.0
0.0
0.0
0.0
0.0
0.0
0.0
0.0
0
0.0
0.0
0.0
0.0
0.222222222222
0.192307692308
0.444444444444
0.642857142857
0.711538461538
0.559322033898
0.422222222222
0.649122807018
0.730769230769
0.653846153846
0.666666666667
0.325581395349
0.275862068966
0.0
0.0
0.0
0.0
0.0
0.0
0.0
0.0
0.0
0.219512195122
0.525423728814
0.714285714286
0.65
0.638888888889
0.584615384615
0.53125
0.632911392405
0.759493670886
0.813725490196
0.78431372549
0.852941176471
0.694444444444
0.147058823529
0.030303030303
0.0
0.0
0.0
0.0
0.0
0.0
0.0
0.0975609756098
0.768421052632
0.5
0.365384615385
0.526315789474
0.5
0.48
0.490909090909
0.391304347826
0.390243902439
0.5
0.458333333333
0.490909090909
0.603448275862
0.541666666667
0.193548387097
0.0
0.0
0.0
0.0
0.0
0.0
0.0
0.0
0.0
0.0
0.277777777778
0.416666666667
0.365853658537
0.568181818182
0.617021276596
0.378378378378
0.371428571429
0.142857142857
0.162790697674
0.593220338983
0.649122807018
0.574074074074
0.666666666667
0.380952380952
0.354838709677
0.0
0.0
0.0
0.0
0.0
0.0
0.0
0.0
0.0333333333333
0.583333333333
0.672727272727
0.488888888889
0.341463414634
0.25
0.612244897959
0.425
0.25
0.325581395349
0.653846153846
0.701298701299
0.627118644068
0.647058823529
0.277777777778
0.0
0.0
0.0
0.0
0.0
0.0
0.0
0.0
0.0
0.0
0.333333333333
0.190476190476
0.0416666666667
0.41935483871
0.235294117647
0.457142857143
0.466666666667
0.472222222222
0.709677419355
0.125
0.185185185185
0.0
0.0
0.0
0.0
0.0
0.0
0.0
0.0
0
0
0.0
0.0
0.0
0.0
0.0
0.0
0.0
0.0588235294118
0.0
0.28
0.0434782608696
0.0
0.0
0.0
0.0
0.0
0.0
0.0
0.0
0.0
0
0.0
0.0
0.0
0.0
0.0
0.0
0.0
0.277777777778
0.409090909091
0.275862068966
0.515151515152
0.410256410256
0.666666666667
0.512195121951
0.536585365854
0.509803921569
0.522727272727
0.509433962264
0.24
0.0
0.0
0.0
0.0
0.0
0.0
0.0
0.0
0.0
0.0
0.193548387097
0.490566037736
0.0909090909091
0.444444444444
0.480769230769
0.45652173913
0.2
0.459459459459
0.27027027027
0.3
0.71875
0.625
0.553571428571
0.354838709677
0.108108108108
0.0
0.0
0.0
0.0
0.0
0.0
0.0
0.0
0.467741935484
0.615384615385
0.536585365854
0.487179487179
0.384615384615
0.424657534247
0.311111111111
0.672413793103
0.421052631579
0.392156862745
0.341463414634
0.708333333333
0.6
0.660377358491
0.238095238095
0.0
0.0
0.0
0.0
0.0
0.0
0.0
0.0
0.0
0.0
0.025641025641
0.617647058824
0.354166666667
0.384615384615
0.4
0.576923076923
0.608695652174
0.536231884058
0.655172413793
0.42
0.7625
0.721518987342
0.773333333333
0.586206896552
0.285714285714
0.260869565217
0.0
0.0
0.0
0.0
0.0
0.0
0.0
0.382352941176
0.736842105263
0.694117647059
0.375
0.535211267606
0.64
0.674698795181
0.623529411765
0.769230769231
0.546875
0.609375
0.683673469388
0.75
0.859504132231
0.761363636364
0.507462686567
0.346153846154
0.0
0.0
0.0
0.0
0.0
0.0
0.0
0.0606060606061
0.490909090909
0.752808988764
0.792792792793
0.7890625
0.78431372549
0.742857142857
0.70297029703
0.509433962264
0.025
0.1875
0.25
0.0
0.0
0.173913043478
0.0
0.0
0.0
0.0
0.0
0.0
0.0
0.0
0.0
0.0
0.0
0.25
0.625
0.428571428571
0.529411764706
0.470588235294
0.0
0.105263157895
0.117647058824
0.125
0.5
0.322580645161
0.0526315789474
0.0
0.0
0.0
0.0
0.0
0.0
0.0
0.0
0.0
0.0
0.0
0.0
0.0
0.0
0.5
0.382352941176
0.729166666667
0.36
0.272727272727
0.488372093023
0.68085106383
0.666666666667
0.607142857143
0.58
0.446808510638
0.34375
0.111111111111
0.0
0.0
0.0
0.0
0.0
0.0
0.0
0.0
0.581081081081
0.754385964912
0.4
0.618181818182
0.666666666667
0.324324324324
0.426229508197
0.377358490566
0.444444444444
0.596153846154
0.464285714286
0.574074074074
0.490909090909
0.553191489362
0.0
0.0
0.0
0.0
0.0
0.0
0.0
0.0
0.0
0.507462686567
0.719298245614
0.692307692308
0.27027027027
0.418181818182
0.272727272727
0.666666666667
0.620689655172
0.456140350877
0.5
0.365853658537
0.590909090909
0.545454545455
0.660714285714
0.472222222222
0.296296296296
0.192307692308
0.0
0.0
0.0
0.0
0.0
0.0
0.0
0.0
0.545454545455
0.454545454545
0.564102564103
0.333333333333
0.659574468085
0.603448275862
0.685185185185
0.340425531915
0.467741935484
0.557692307692
0.736111111111
0.8125
0.733333333333
0.636363636364
0.473684210526
0.08
0.0
0.0
0.0
0.0
0.0
0.0
0.0
0.225806451613
0.544117647059
0.773333333333
0.133333333333
0.409090909091
0.512195121951
0.561403508772
0.673913043478
0.30303030303
0.105263157895
0.272727272727
0.435897435897
0.558139534884
0.372093023256
0.5
0.111111111111
0.0
0.0
0.0
0.0
0.0
0.0
0.0
0.0
0.0
0.377777777778
0.698412698413
0.511627906977
0.622222222222
0.371428571429
0.325
0.418604651163
0.5
0.315789473684
0.157894736842
0.121212121212
0.258064516129
0.0
0.0
0.0
0.0
0.0
0.0
0.0
0
0.0
0
0.0
0.0
0.0
0.0
0.111111111111
0.3
0.454545454545
0.24
0.351351351351
0.190476190476
0.0967741935484
0.0833333333333
0.258064516129
0.1
0.0769230769231
0.444444444444
0.25
0.0
0.0
0.0
0.0
0.0
0.0
0.0
0.0
0.0
0.0
0.333333333333
0.538461538462
0.206896551724
0.510204081633
0.193548387097
0.589285714286
0.565217391304
0.68
0.537037037037
0.46511627907
0.571428571429
0.56862745098
0.529411764706
0.222222222222
0.0
0.0
0.0
0.0
0.0
0.0
0.0
0.0
0.0
0.0606060606061
0.559322033898
0.615384615385
0.6
0.688172043011
0.650793650794
0.573333333333
0.54347826087
0.55223880597
0.716666666667
0.611940298507
0.833333333333
0.584615384615
0.517857142857
0.307692307692
0.0
0.0
0.0
0.0
0
0.0
0.0
0.0
0.260869565217
0.574468085106
0.615384615385
0.489795918367
0.6875
0.54
0.527272727273
0.611111111111
0.516129032258
0.304347826087
0.516666666667
0.511111111111
0.722222222222
0.578947368421
0.563636363636
0.28125
0.0
0.0
0.0
0.0
0.0
0.0
0.0
0.0
0.0
0.184210526316
0.684210526316
0.46511627907
0.418604651163
0.568965517241
0.610169491525
0.470588235294
0.645161290323
0.542372881356
0.585714285714
0.573770491803
0.666666666667
0.712328767123
0.647887323944
0.333333333333
0.0
0.0
0.0
0.0
0.0
0.0
0.0
0.0
0.0
0.307692307692
0.657534246575
0.59649122807
0.684931506849
0.701492537313
0.648936170213
0.744897959184
0.741935483871
0.594594594595
0.683544303797
0.816326530612
0.697478991597
0.666666666667
0.618421052632
0.340909090909
0.0952380952381
0.0
0.0
0.0
0.0
0.0
0.0
0.0
0.0
0.211538461538
0.46511627907
0.736111111111
0.818181818182
0.846774193548
0.747826086957
0.736842105263
0.470588235294
0.138888888889
0.172413793103
0.192307692308
0.235294117647
0.222222222222
0.115384615385
0.0
0.0
0.0
0.0
0.0
0.0
0
0.0
0.0
0.0
0.0
0.0
0.0
0.0
0.459459459459
0.0
0.0
0.16
0.05
0.0434782608696
0.222222222222
0.0
0.178571428571
0.32
0.133333333333
0.0
0.0
0.0
0.0
0.0
0.0
0.0
0.0
0.0
0.0
0.185185185185
0.444444444444
0.333333333333
0.560975609756
0.391304347826
0.64
0.642857142857
0.45652173913
0.698113207547
0.578947368421
0.428571428571
0.508771929825
0.46511627907
0.266666666667
0.166666666667
0.0
0.0
0.0
0.0
0.0
0.0
0.0
0.0
0.1
0.318181818182
0.411764705882
0.35
0.48275862069
0.533333333333
0.525423728814
0.461538461538
0.5
0.584615384615
0.46875
0.657534246575
0.59649122807
0.568965517241
0.290322580645
0.148148148148
0.0
0.0
0.0
0.0
0.0
0.0
0.0
0.441176470588
0.68
0.796610169492
0.294117647059
0.121212121212
0.575
0.692307692308
0.375
0.157894736842
0.0
0.0
0.518518518519
0.2
0.434782608696
0.333333333333
0.0
0.0
0.0
0.0
0.0
0
0.0
0.0
0.0
0.0
0.0
0.0
0.357142857143
0.0
0.607142857143
0.3
0.0
0.15625
0.3125
0.25
0.260869565217
0.347826086957
0.173913043478
0.173913043478
0.0
0.0
0.0
0.0
0.0
0.0
0
0.0
0.0
0.0
0.0
0.0
0.047619047619
0.0
0.133333333333
0.0
0.0
0.0
0.0
0.0454545454545
0.222222222222
0.0
0.190476190476
0.133333333333
0.0
0.0
0.0
0.0
0.0
0.0
0.0
0.0
0.0
0.0
0.0
0.0
0.0
0.0
0.0
0.28
0.387096774194
0.181818181818
0.307692307692
0.32
0.35
0.48
0.0
0.0
0.0
0.0
0.0
0.0
0.0
0.0
0.0
0.0
0.0
0.0
0.0
0.272727272727
0.315789473684
0.52
0.464285714286
0.333333333333
0.540540540541
0.5625
0.269230769231
0.0588235294118
0.0
0.5
0.333333333333
0.5
0.25
0.0
0.0
0.0
0.0
0.0
0.0
0.0
0.0
0.0
0.0
0.2
0.392857142857
0.692307692308
0.638888888889
0.333333333333
0.260869565217
0.47619047619
0.681818181818
0.475
0.675675675676
0.679245283019
0.661016949153
0.533333333333
0.325
0.0
0.0
0.0
0.0
0.0
0.0
0.0
0.0
0.435897435897
0.452380952381
0.558139534884
0.603174603175
0.525423728814
0.575
0.576923076923
0.779411764706
0.545454545455
0.385964912281
0.651515151515
0.621212121212
0.689655172414
0.689655172414
0.452380952381
0.294117647059
0.466666666667
0.0
0.0
0.0
0.0
0.0
0.0
0.0
0.222222222222
0.228571428571
0.488888888889
0.509803921569
0.578125
0.529411764706
0.69696969697
0.712121212121
0.548387096774
0.526315789474
0.688311688312
0.777777777778
0.833333333333
0.709302325581
0.382978723404
0.393939393939
0.0
0.0
0.0
0.0
0.0
0.0
0.0
0.0
0.181818181818
0.644444444444
0.818181818182
0.277777777778
0.714285714286
0.561403508772
0.742424242424
0.681818181818
0.610169491525
0.69014084507
0.602941176471
0.776470588235
0.698795180723
0.724637681159
0.529411764706
0.361111111111
0.157894736842
0.0
0.0
0.0
0.0
0.0
0.0
0.0
0.137931034483
0.5
0.545454545455
0.640625
0.581818181818
0.538461538462
0.577777777778
0.578947368421
0.333333333333
0.722222222222
0.835294117647
0.732673267327
0.605263157895
0.677966101695
0.358974358974
0.115384615385
0.0
0.0
0.0
0.0
0.0
0.0
0.0
0.0
0.179487179487
0.65625
0.480769230769
0.639344262295
0.745762711864
0.716417910448
0.79746835443
0.674418604651
0.715909090909
0.661764705882
0.636363636364
0.615384615385
0.661764705882
0.459016393443
0.242424242424
0.0
0.0
0.0
0.0
0.0
0
0.0
0.0
0.0
0.0
0.0
0.0
0.05
0.0952380952381
0.0
0.115384615385
0.1
0.0
0.0526315789474
0.466666666667
0.222222222222
0.263157894737
0.0
0.0
0.0
0.0
0.0
0.0
0.0
0.0
0.0
0.0
0.0
0.0
0.0
0.0
0.0
0.551724137931
0.642857142857
0.448275862069
0.272727272727
0.157894736842
0.375
0.371428571429
0.588235294118
0.393939393939
0.285714285714
0.210526315789
0.0
0.0
0.0
0.0
0.0
0.0
0.0
0.0
0.0
0.0
0.0
0.222222222222
0.161290322581
0.151515151515
0.0
0.264705882353
0.714285714286
0.153846153846
0.0
0.0
0.0
0.0
0.115384615385
0.05
0.0
0.0
0.0
0.0
0.0
0.0
0.0
0.0
0.0
0.0
0.0
0.111111111111
0.285714285714
0.235294117647
0.148148148148
0.259259259259
0.0869565217391
0.117647058824
0.0
0.0
0.0
0.0769230769231
0.227272727273
0.0
0.0
0.0
0.0
0.0
0.0
0.0
0.0
0.0
0.0
0.0
0.0
0.0
0.05
0.0555555555556
0.0
0.0
0.0
0.0
0.0
0.0294117647059
0.0
0.142857142857
0.0
0.0
0.0
0.0
0.0
0.0
0
0.0
0.0
0.0
0.0
0.0
0.0
0.0
0.0
0.0
0.0
0.153846153846
0.0
0.0
0.0
0.0
0.0
0.0
0.0
0.0
0.0
0.0
0.0
0.0
0.0
0.0
0.0
0.0
0.0
0.0
0.0
0.0
0.0
0.0
0.0
0.0
0.0
0.0
0.0
0.0
0.0
0.0
0.0
0.0
0.0
0.0
0.0
0.0
0.0
0
0
0.0
0.0
0.0
0.0
0.0
0.0
0.0
0.0
0.0
0.0
0.0
0.0
0.0
0.0
0.0
0.0
0.0
0.0
0.0
0.0
0.0
0
0
0
0.0
0.0
0.0
0.0
0.0
0.0
0.0
0.0
0.0
0.0
0.0
0.0
0.0
0.05
0.0
0.0
0.0
0.0
0.0
0.0
0.0
0.0
0.0
0.0
0.0
0.0
0.0
0.0
0.0
0.0
0.0
0.0
0.0
0.0
0.0
0.0
0.0
0.0
0.0
0.0
0.0
0.0
0.0
0.0
0
0
0.0
0.0
0.0
0.0
0.0
0.0
0.0
0.0
0.0
0.0
0.0
0.0
0.0
0.0
0.0
0.0
0.0
0.0
0.0
0.0
0.0
0.0
0
0.0
0.0
0
0.0
0.0
0.0
0.0
0.0
0.0
0.0
0.0
0.0
0.0
0.0
0.0
0.0
0.0
0.0
0.0
0.0
0.0
0.0
0.0
0
0
0.0
0.0
0.0
0.0
0.0
0.0
0.0
0.0
0.0
0.0
0.0
0.0
0.0
0.0
0.0
0.0
0.0
0.0
0.0
0.0
0.0
0.0
0
0.0
0
0
0.133333333333
0.0
0.0408163265306
0.0
0.0
0.0
0.0
0.0
0.0
0.0
0.0
0.0
0.0
0.0
0.0
0.0
0.0
0.0
0.0
0.0
0
0
0
0
0
0
0.0
0.0
0.0
0.0
0.0
0.0
0.0
0.0
0.0
0.0
0.0
0.0
0.0
0.0
0
0.0
0.0
0.0
0
0
0.0
0
0
0.0
0.0
0.0
0.0
0.0
0.0
0.0
0.0
0.0
0.0
0.0
0.0
0.0
0.0
0.0
0.0
0.0
0
0
0.0
0.0
0
0
0.0
0
0.0
0.0
0.0
0.0
0.0
0.0
0.0
0.0
0.0
0.0
0.0
0.0
0.0
0
0.0
0
0.0
0
0
0
0
0
0.0
0
0.0
0.0
0.0
0.0
0.0
0.0
0.0
0.0
0.0
0.0
0.0
0.0
0.0
0
0.0
0
0.0
0.0
0.0
0
0
0.0
0
0.0
0.0
0.0
0.0
0.0
0.0
0.0
0.0
0
0.0
0.0
0
0.0
0.0
0.0
0
0
0.0
0.0
0.0
0
0.0
0.0
0
0
0.0
0.0
0.0
0.0
0.0
0
0.0
0.0
0.0
0.0
0.0
0.0
0
0.0
0.0
0.0
0
0.0
0
0
0
0
0
0
0
0.0
0.0
0.0
0.0
0
0.0
0.0
0.0
0.0
0.0
0.0
0.0
0.0
0.0
0.0
0.0
0.0
0.0
0
0
0
0
0
0.0
0.0
0.0
0.0
0
0.0
0.0
0.0
0.0
0.0
0.0
0
0.0
0
0
0.0
0.0
0
0
0.0
0.0
0
0.0
0
0.0
0.0
0
0.0
0.0
0.0
0
0.0
0.0
0.0
0.0
0.0
0.0
0.0
0
0.0
0
0.0
0
0.0
0.0
0
0
0.0
0.0
0.0
0.0
0.0
0.0
0.0
0.0
0.0
0.0
0.0
0.0
0.0
0.0
0.0
0
0.0
0
0.0
0
0
0.0
0
0
0
0.0
0.0
0.0
0.0
0.0
0.0
0.0
0.0
0
0.0
0.0
0.0
0.0
0.0
0
0.0
0
0
0
0.0
0
0
0.0
0.0
0.0
0.0
0.0
0.0
0.0
0.0
0.0
0
0.0
0.0
0.0
0.0
0.0
0.0
0.0
0.0
0.0
0.0
0
0
0.0
0.0
0
0
0
0.0
0.0
0.0
0.0
0.0
0.0
0.0
0.0
0.0
0.0
0.0
0.0
0.0
0
0.0
0.0
0.0
0
0.0
0
0
0.0
0
0.0
0.0
0.0
0.0
0.0
0.0
0.0
0.0
0.0
0.0
0.0
0.0
0.0
0.0
0.0
0.0
0.0
0
0
0
0
0
0.0
0.0
0.0
0.0
0.0
0.0
0.0
0.0
0.0
0.0
0
0.0
0.0
0.0
0.0
0.0
0
0.0
0.0
0
0
0.0
0.0
0
0
0
0.0
0.0
0.0
0.0
0.0
0.0
0.0
0.0
0.0
0.0
0.0
0.0
0.0
0.0
0.0
0
0.0
0
0
0
0
0
0
0.0
0.0
0.0
0.0
0.0
0.0
0.0
0.0
0.0
0.0
0.0
0.0
0.0
0.0
0.0
0.0
0.0
0.0
0
0.0
0
0
0
0
0.0
0.0
0.0
0.0
0.0
0.0
0.0
0.0
0.0
0.0
0.0
0.0
0.0
0.0
0.0
0.0
0.0
0.0
0.0
0
0
0.0
0
0.0
0.0
0.0
0.0
0.05
0.0
0.0
0.0
0.0
0.0
0.0
0.0
0.0
0.0
0.0
0.0
0.0
0.0
0.0
0
0
0
0
0
0.0
0.0
0.0
0.0294117647059
0.0
0.0
0.0
0.0
0.0
0.0
0.0333333333333
0.0
0.0
0.0
0.0
0.0
0.0
0.0
0.0
0
0
0
0.0
0.0
0.0
0.0
0.0
0.0
0.243902439024
0.0
0.0
0.0
0.0
0.0
0.0
0.0
0.0
0.0
0.0
0.0
0.0
0.0
0.0
0.0
0
0
0
0.0
0.0
0.0
0.0
0.0
0.0
0.0
0.0
0.0
0.0
0.0
0.0
0.0
0.0
0.0
0.0
0.0
0.0
0.0
0.0
0
0
0
0
0
0
0.0
0.0
0.0
0.0
0.0
0.0
0.0
0.0
0.0
0.0
0.0
0.0
0.0
0.0
0.0
0.0
0.0
0.0
0
0.0
0.0
0
0.0
0.0
0.0
0.0
0.0857142857143
0.1
0.0
0.0
0.0
0.0294117647059
0.322580645161
0.0277777777778
0.514285714286
0.0666666666667
0.0
0.0
0.0
0.0
0.0
0.0
0
0
0
0.0
0
0.0
0.0
0.277777777778
0.181818181818
0.0
0.0
0.0
0.0
0.0
0.0
0.0555555555556
0.47619047619
0.0
0.2
0.307692307692
0.571428571429
0.0769230769231
0.0
0.0
0.0
0
0.0
0
0.0
0.0
0.0
0.0
0.390625
0.389830508475
0.0833333333333
0.179487179487
0.193548387097
0.333333333333
0.375
0.315789473684
0.444444444444
0.0810810810811
0.527272727273
0.446428571429
0.341463414634
0.0
0.0
0.0
0.0
0.0
0.0
0.0
0.0
0.0
0.0
0.793103448276
0.444444444444
0.56
0.396551724138
0.559322033898
0.261904761905
0.5
0.483333333333
0.433962264151
0.322033898305
0.558823529412
0.508196721311
0.569230769231
0.652173913043
0.117647058824
0.0
0.0
0.0
0.0
0.0
0.0
0.0
0.0
0.0
0.0
0.34
0.674698795181
0.507936507937
0.679245283019
0.654320987654
0.608108108108
0.30612244898
0.31914893617
0.243243243243
0.333333333333
0.161290322581
0.424242424242
0.171428571429
0.0
0.0
0.0
0.0
0.0
0.0
0.0
0
0.0
0.0
0.0
0.0
0.0
0.0
0.0
0.0
0.0869565217391
0.115384615385
0.0588235294118
0.0
0.0
0.0
0.0
0.0
0.0
0.0
0.0
0.0
0.0
0.0
0
0.0
0.0
0.0
0.0
0.0
0.0
0.130434782609
0.368421052632
0.382352941176
0.0869565217391
0.272727272727
0.15
0.0769230769231
0.108108108108
0.291666666667
0.166666666667
0.0
0.0
0.0
0.0
0.0
0
0
0.0
0.0
0.0
0.0
0.0
0.0
0.0
0.0416666666667
0.530612244898
0.40625
0.441176470588
0.425
0.368421052632
0.161290322581
0.171428571429
0.416666666667
0.666666666667
0.323529411765
0.111111111111
0.0
0.0
0.0
0.0
0.0
0.0
0.0
0.0
0.0
0.0
0.037037037037
0.117647058824
0.130434782609
0.346153846154
0.513513513514
0.55
0.395348837209
0.511111111111
0.444444444444
0.586206896552
0.318181818182
0.290322580645
0.216216216216
0.0
0.0
0.0
0.0
0.0
0
0
0.0
0.0
0.0
0.0
0.1
0.161290322581
0.491228070175
0.590909090909
0.712643678161
0.615384615385
0.707317073171
0.565789473684
0.559322033898
0.64367816092
0.772277227723
0.682926829268
0.41935483871
0.225806451613
0.0
0.0
0.0
0.0
0.0
0.0
0.0
0.0
0.0
0.47619047619
0.333333333333
0.0
0.534482758621
0.634920634921
0.384615384615
0.610526315789
0.590909090909
0.492307692308
0.613636363636
0.603448275862
0.555555555556
0.692307692308
0.5
0.4
0.0833333333333
0.0
0.0
0
0.0
0.0
0.0
0.0
0.0
0.0
0.157894736842
0.606557377049
0.395833333333
0.6875
0.789473684211
0.714285714286
0.5
0.442307692308
0.538461538462
0.294117647059
0.365853658537
0.711111111111
0.0833333333333
0.0
0.0
0.0
0.0
0.0
0
0.0
0.0
0.0
0.0
0.0
0.0
0.0
0.0
0.0
0.08
0.0
0.0
0.0689655172414
0.0
0.0
0.0
0.2
0.0
0.0
0.0
0.0
0
0.0
0
0
0
0.0
0.0
0.0
0.0
0.0
0.0
0.413793103448
0.322580645161
0.0625
0.08
0.192307692308
0.285714285714
0.5
0.512820512821
0.0
0.433333333333
0.0
0.0
0.0
0.0
0.0
0.0
0.0
0.0
0.0
0.0
0.0
0.390476190476
0.0384615384615
0.09375
0.608695652174
0.38
0.433962264151
0.325
0.0
0.439024390244
0.418604651163
0.571428571429
0.672131147541
0.31914893617
0.21875
0.0
0.0
0.0
0.0
0.0
0.0
0.0
0.0
0.0
0.413043478261
0.378378378378
0.540540540541
0.285714285714
0.510638297872
0.244444444444
0.622641509434
0.434782608696
0.0
0.282051282051
0.31914893617
0.512820512821
0.533333333333
0.480769230769
0.0769230769231
0.0
0.0
0.0
0.0
0.0
0.0
0.0
0
0.0
0.0
0.561643835616
0.230769230769
0.0
0.320754716981
0.304347826087
0.489795918367
0.471698113208
0.214285714286
0.358974358974
0.490909090909
0.541666666667
0.691176470588
0.5
0.35
0.0
0.0
0.0
0.0
0.0
0
0.0
0.0
0.255319148936
0.386363636364
0.595238095238
0.603448275862
0.666666666667
0.448979591837
0.313725490196
0.0333333333333
0.176470588235
0.270833333333
0.64
0.390243902439
0.468085106383
0.692307692308
0.161290322581
0.0
0.0
0.0
0.0
0.0
0
0.0
0.0
0.0
0.0
0.0
0.0
0.0
0.0
0.3
0.578947368421
0.186046511628
0.047619047619
0.0
0.0
0.0
0.0
0.0
0.0
0.0
0.0
0.0
0
0
0.0
0
0.0
0.0
0.0
0.0
0.0
0.0
0.0
0.0
0.0454545454545
0.1
0.0
0.0
0.0
0.0
0.0
0.0
0.0
0.0
0.0
0.0
0.0
0.0
0.0
0.0
0.0
0.0
0.0
0.0
0.0
0.0
0.0
0.0
0.32
0.2
0.291666666667
0.136363636364
0.208333333333
0.0555555555556
0.0
0.0
0.161290322581
0.0666666666667
0.0
0.0
0.0
0.0
0.0
0.0
0.0
0.0
0.0
0.218181818182
0.5
0.454545454545
0.125
0.4
0.294117647059
0.696428571429
0.439024390244
0.492063492063
0.35
0.470588235294
0.411764705882
0.47311827957
0.418181818182
0.241379310345
0.0
0.0
0.0
0.0
0.0
0.0
0.0
0.0
0.522727272727
0.354166666667
0.790697674419
0.719298245614
0.459459459459
0.333333333333
0.441860465116
0.5
0.428571428571
0.575757575758
0.459459459459
0.5
0.516666666667
0.581818181818
0.52380952381
0.0967741935484
0.0
0.0
0.0
0
0.0
0.0
0
0.0
0.0
0.230769230769
0.595744680851
0.412698412698
0.6
0.422222222222
0.431034482759
0.530612244898
0.626865671642
0.611940298507
0.389830508475
0.684210526316
0.739583333333
0.616438356164
0.549295774648
0.368421052632
0.0
0.0
0.0
0.0
0.0
0.0
0.0
0.0
0.136363636364
0.666666666667
0.477272727273
0.166666666667
0.594936708861
0.25
0.5
0.520547945205
0.513888888889
0.354838709677
0.509090909091
0.622641509434
0.62962962963
0.603174603175
0.40350877193
0.48
0.0769230769231
0.0
0.0
0.0
0.0
0.0
0.0
0.0
0.0
0.0
0.375
0.463768115942
0.354838709677
0.522727272727
0.614035087719
0.264705882353
0.0
0.333333333333
0.0
0.230769230769
0.0
0.0
0.0
0.0
0.0
0.0
0.0
0
0
0
0.0
0.0
0.0
0.0
0.0
0.0
0.0
0.0
0.0384615384615
0.411764705882
0.0
0.0
0.12
0.0
0.0
0.0
0.0
0.0
0.0
0.0
0.0
0.0
0.0
0.0
0.0
0.0
0.0
0.0
0.0
0.0
0.0
0.047619047619
0.310344827586
0.3
0.470588235294
0.08
0.315789473684
0.228571428571
0.574468085106
0.416666666667
0.0
0.0
0.0
0.0
0.0
0.0
0.0
0
0
0.0
0.0
0.0
0.487179487179
0.0
0.170731707317
0.142857142857
0.425
0.5
0.384615384615
0.391304347826
0.410256410256
0.5625
0.641025641026
0.46
0.434782608696
0.272727272727
0.107142857143
0.0
0.0
0.0
0.0
0.0
0.0
0.0
0.0
0.0
0.210526315789
0.463414634146
0.661538461538
0.5
0.7
0.6
0.457142857143
0.48
0.566037735849
0.712121212121
0.666666666667
0.5
0.410256410256
0.208333333333
0.0
0.0
0.0
0.0
0.0
0.0
0.0
0.0
0.0
0.276595744681
0.58064516129
0.0
0.288888888889
0.413043478261
0.304347826087
0.390243902439
0.428571428571
0.516666666667
0.545454545455
0.611111111111
0.464285714286
0.5625
0.564102564103
0.0909090909091
0.0
0.0
0.0
0.0
0.0
0.0
0.0
0.0
0.395348837209
0.25
0.28125
0.446808510638
0.358974358974
0.243243243243
0.311111111111
0.19512195122
0.3
0.318181818182
0.489361702128
0.583333333333
0.636363636364
0.645161290323
0.216216216216
0.27027027027
0.0
0.0
0.0
0.0
0.0
0.0
0.0
0.0
0.0
0.0
0.438596491228
0.538461538462
0.510638297872
0.288888888889
0.559322033898
0.586206896552
0.25
0.0
0.0
0.0
0.0
0.0
0.0
0.0
0.0
0.0
0
0.0
0
0
0.0
0.0
0.0
0.0
0.0
0.0
0.0
0.0
0.0
0.0
0.0
0.0
0.0
0.0
0.0
0.0
0.0
0.0
0.0
0.0
0
0.0
0.0
0.0
0.0
0.0
0.0
0.0
0.0
0.0
0.0
0.0454545454545
0.0869565217391
0.103448275862
0.485714285714
0.0
0.321428571429
0.4
0.5625
0.103448275862
0.111111111111
0.217391304348
0.0
0.0
0.0
0.0
0
0.0
0.0
0.0
0.0
0.173913043478
0.475
0.478260869565
0.27027027027
0.390243902439
0.422222222222
0.607142857143
0.533333333333
0.441860465116
0.53488372093
0.681818181818
0.65671641791
0.653846153846
0.395833333333
0.1
0.0
0.0
0.0
0.0
0
0.0
0.0
0.0
0.0
0.0
0.0
0.121212121212
0.363636363636
0.297297297297
0.421052631579
0.367346938776
0.108108108108
0.191489361702
0.105263157895
0.34
0.735294117647
0.636363636364
0.414634146341
0.375
0.0
0.0
0.0
0.0
0.0
0.0
0.0
0.0
0.0
0.0789473684211
0.47619047619
0.418604651163
0.489795918367
0.365384615385
0.510204081633
0.533333333333
0.244444444444
0.289473684211
0.478260869565
0.404761904762
0.479166666667
0.654320987654
0.45
0.371428571429
0.0
0.0
0.0
0.0
0.0
0.0
0.0
0.0
0.0
0.0
0.325581395349
0.292682926829
0.207547169811
0.469387755102
0.582089552239
0.603174603175
0.48
0.472222222222
0.531914893617
0.756097560976
0.698412698413
0.626865671642
0.596153846154
0.16
0.0
0.0
0
0
0.0
0
0.0
0.0
0.0
0.0
0.440677966102
0.315789473684
0.537037037037
0.617647058824
0.756097560976
0.717647058824
0.509433962264
0.557692307692
0.553846153846
0.627118644068
0.661016949153
0.488372093023
0.0434782608696
0.0
0.0
0.0
0.0
0
0.0
0.0
0
0.0
0.0
0.0
0.0
0.0
0.0
0.0
0.260869565217
0.3
0.2
0.190476190476
0.0
0.0
0.0
0.0
0.0
0.0
0.0
0.0
0.0
0.0
0.0
0.0
0.0
0.0
0.0
0.0
0.0
0.0
0.2
0.666666666667
0.727272727273
0.444444444444
0.342857142857
0.351351351351
0.46875
0.648648648649
0.425
0.340425531915
0.487804878049
0.210526315789
0.0
0.0
0.0
0.0
0.0
0.0
0
0.0
0.0
0.135135135135
0.56
0.307692307692
0.428571428571
0.552631578947
0.351351351351
0.5
0.617021276596
0.511627906977
0.318181818182
0.509433962264
0.757575757576
0.655737704918
0.565217391304
0.3125
0.0
0.0
0.0
0.0
0.0
0.0
0.0
0.0
0.0
0.0606060606061
0.172413793103
0.555555555556
0.375
0.444444444444
0.541666666667
0.205882352941
0.214285714286
0.242424242424
0.2
0.612244897959
0.735849056604
0.591836734694
0.511627906977
0.304347826087
0.0
0.0
0.0
0.0
0
0.0
0.0
0.0
0.0
0.0
0.166666666667
0.210526315789
0.432432432432
0.596153846154
0.268292682927
0.239130434783
0.305555555556
0.531914893617
0.642857142857
0.741379310345
0.771929824561
0.489361702128
0.688524590164
0.463414634146
0.0
0.0
0.0
0.0
0.0
0.0
0.0
0.0
0.266666666667
0.340909090909
0.294117647059
0.222222222222
0.613636363636
0.32
0.545454545455
0.615384615385
0.378378378378
0.441860465116
0.444444444444
0.584905660377
0.618181818182
0.366666666667
0.35
0.351351351351
0.0
0.0
0.0
0.0
0.0
0.0
0.0
0.0
0.0
0.2
0.596153846154
0.627450980392
0.673913043478
0.63829787234
0.608108108108
0.342105263158
0.111111111111
0.0
0.0
0.0
0.214285714286
0.147058823529
0.2
0.0
0.0
0.0
0.0
0.0
0
0.0
0.0
0.0
0.0
0.0
0.0
0.0
0.391304347826
0.424242424242
0.318181818182
0.16
0.28
0.133333333333
0.0555555555556
0.391304347826
0.125
0.0
0.0
0.0
0.0
0.0
0.0
0.0
0.0
0.0
0.0
0.0
0.0
0.0
0.0
0.0526315789474
0.0
0.28
0.730769230769
0.606060606061
0.371428571429
0.689655172414
0.30303030303
0.30303030303
0.704545454545
0.227272727273
0.318181818182
0.0714285714286
0.0
0.0
0.0
0.0
0.0
0.0
0.0
0.0
0.0
0.0
0.0769230769231
0.607142857143
0.552631578947
0.24
0.178571428571
0.515151515152
0.333333333333
0.769230769231
0.58064516129
0.423076923077
0.09375
0.333333333333
0.0
0.0
0.0
0.0
0.0
0
0
0.0
0.0
0.0
0.0
0.0
0.0
0.0
0.0
0.333333333333
0.333333333333
0.25
0.176470588235
0.0
0.0
0.0
0.529411764706
0.565217391304
0.227272727273
0.166666666667
0.0
0
0.0
0
0.0
0.0
0.0
0.0
0.0
0.0
0.0
0.0
0.107142857143
0.0588235294118
0.0
0.0
0.0
0.0
0.333333333333
0.285714285714
0.0
0.0909090909091
0.0
0.0
0.0
0.0
0.0
0.0
0.0
0.0
0.0
0.0
0.0
0.0
0.0
0.0
0.272727272727
0.259259259259
0.424242424242
0.047619047619
0.0
0.0
0.0
0.0769230769231
0.181818181818
0.125
0.0
0.0
0.0
0.0
0.0
0.0
0.0
0.0
0.0
0.0
0.0
0.0
0.0
0.0
0.0
0.0
0.08
0.05
0.0
0.0
0.0
0.0
0.0
0.0
0.0
0.0
0.0
0.0
0.0
0.0
0
0
0
0.0
0.0
0.0
0.0
0.0
0.0
0.0
0.0
0.0
0.0
0.0
0.0
0.0
0.0
0.0
0.0
0.0
0.0
0.0
0
0.0
0
0.0
0
0.0
0.0
0.0
0.0
0.0
0.0
0.0
0.0
0.0
0.105263157895
0.0
0.0
0.0454545454545
0.736842105263
0.307692307692
0.347826086957
0.0952380952381
0.0
0.0
0.0
0
0.0
0
0.0
0.0
0.0
0.0
0.1875
0.166666666667
0.296296296296
0.258064516129
0.0
0.103448275862
0.15625
0.181818181818
0.421052631579
0.489795918367
0.510204081633
0.551020408163
0.34375
0.0384615384615
0.0
0.0
0.0
0
0.0
0.0
0.0
0.0
0.0
0.0
0.0769230769231
0.546875
0.531914893617
0.19512195122
0.425
0.5
0.540540540541
0.25
0.6
0.629032258065
0.705128205128
0.756097560976
0.5625
0.384615384615
0.0
0.0
0.0
0.0
0.0
0.0
0.0
0.0
0.0
0.452830188679
0.375
0.0
0.193548387097
0.405405405405
0.647058823529
0.63829787234
0.612244897959
0.526315789474
0.576923076923
0.705882352941
0.84375
0.771428571429
0.698412698413
0.533333333333
0.0833333333333
0.0
0.0
0.0
0.0
0.0
0.0
0.0
0.232558139535
0.209302325581
0.604651162791
0.0
0.576271186441
0.534482758621
0.634146341463
0.465517241379
0.654761904762
0.735294117647
0.725
0.833333333333
0.788235294118
0.683544303797
0.672413793103
0.243902439024
0.0
0.0
0.0
0.0
0.0
0.0
0.0
0.0
0.0
0.0
0.222222222222
0.659574468085
0.508771929825
0.538461538462
0.753086419753
0.626865671642
0.622641509434
0.46511627907
0.55
0.682926829268
0.612903225806
0.452380952381
0.16
0.0
0.0
0.0
0.0
0.0
0.0
0.0
0
0.0
0.0
0.0
0.0
0.0
0.166666666667
0.08
0.142857142857
0.388888888889
0.181818181818
0.16
0.166666666667
0.0
0.105263157895
0.0625
0.0555555555556
0.08
0.0
0.0
0.0
0.0
0
0.0
0.0
0.0
0.0
0.0
0.0
0.0
0.166666666667
0.351351351351
0.724137931034
0.581395348837
0.645833333333
0.575
0.52380952381
0.644444444444
0.660714285714
0.673469387755
0.441860465116
0.181818181818
0.0
0.0
0.0
0.0
0.0
0.0
0.0
0.0
0.0
0.194444444444
0.387096774194
0.40625
0.488888888889
0.5
0.333333333333
0.622641509434
0.424242424242
0.030303030303
0.441860465116
0.703125
0.66
0.589285714286
0.52380952381
0.212121212121
0.0
0.0
0.0
0.0
0.0
0.0
0
0.0
0.0
0.0
0.0
0.263157894737
0.625
0.333333333333
0.4
0.627450980392
0.446808510638
0.716981132075
0.423076923077
0.614035087719
0.666666666667
0.75
0.363636363636
0.354838709677
0.148148148148
0.0
0.0
0.0
0.0
0.0
0.0
0.0
0.0
0.473684210526
0.611111111111
0.4
0.472222222222
0.4
0.480769230769
0.6
0.290322580645
0.387755102041
0.633333333333
0.615384615385
0.660377358491
0.634920634921
0.529411764706
0.484848484848
0.0
0.0
0.0
0.0
0.0
0.0
0.0
0.0
0.0
0.194444444444
0.666666666667
0.25
0.5
0.371428571429
0.666666666667
0.393939393939
0.58064516129
0.380952380952
0.435897435897
0.5625
0.730158730159
0.535714285714
0.268292682927
0.148148148148
0.0
0.0
0.0
0.0
0
0.0
0.0
0.0
0.0
0.0
0.451612903226
0.447368421053
0.56
0.551724137931
0.616666666667
0.631578947368
0.537037037037
0.325581395349
0.576923076923
0.535714285714
0.654545454545
0.457142857143
0.227272727273
0.166666666667
0.0
0.0
0.0
0.0
0
0.0
0
0.0
0.0
0.0
0.0
0.15
0.241379310345
0.384615384615
0.541666666667
0.125
0.25
0.32
0.16
0.190476190476
0.210526315789
0.277777777778
0.333333333333
0.0588235294118
0.25
0.0
0.0
0.0
0
0.0
0.0
0.0
0.0
0.0
0.0
0.0
0.384615384615
0.2
0.684210526316
0.62962962963
0.638888888889
0.225806451613
0.0
0.130434782609
0.722222222222
0.520833333333
0.411764705882
0.136363636364
0.0625
0.0
0.0
0.0
0.0
0.0
0.0
0.0
0.0
0.341463414634
0.275862068966
0.571428571429
0.512820512821
0.47619047619
0.439024390244
0.490566037736
0.404761904762
0.414634146341
0.5
0.642857142857
0.758064516129
0.743243243243
0.738636363636
0.422222222222
0.393939393939
0.0
0.0
0.0
0.0
0.0
0.0
0.0
0.0
0.348837209302
0.54347826087
0.72
0.637931034483
0.716981132075
0.737704918033
0.574468085106
0.473684210526
0.575
0.55
0.641509433962
0.62
0.7
0.41935483871
0.413793103448
0.2
0.0
0.0
0.0
0.0
0.0
0.0
0.0
0.0
0.0
0.528301886792
0.547619047619
0.388888888889
0.384615384615
0.636363636364
0.27027027027
0.461538461538
0.222222222222
0.697674418605
0.698412698413
0.712121212121
0.34375
0.645833333333
0.307692307692
0.208333333333
0.0
0.0
0.0
0.0
0.0
0.0
0.0
0.0
0.344827586207
0.41935483871
0.75
0.622222222222
0.444444444444
0.716666666667
0.294117647059
0.285714285714
0.62962962963
0.767857142857
0.729166666667
0.53125
0.435897435897
0.136363636364
0.2
0.0
0.0
0.0
0.0
0.0
0.0
0.0
0.0
0.0
0.0
0.0
0.258064516129
0.375
0.28125
0.34375
0.518518518519
0.421052631579
0.142857142857
0.290322580645
0.0588235294118
0.0714285714286
0.0
0.0
0.0
0.0
0.0
0.0
0.0
0.0
0
0.0
0.0
0.0
0.0
0.0
0.0
0.263157894737
0.391304347826
0.0
0.291666666667
0.0
0.111111111111
0.1875
0.25
0.0
0.0555555555556
0.0
0.0
0.0
0.0
0.0
0.0
0
0.0
0.0
0.0
0.0
0.0
0.0
0.0
0.0
0.529411764706
0.2
0.555555555556
0.64
0.3
0.466666666667
0.272727272727
0.6875
0.5
0.512820512821
0.235294117647
0.0
0.0
0.0
0.0
0.0
0.0
0.0
0.0
0.0
0.333333333333
0.609756097561
0.205882352941
0.513513513514
0.375
0.114285714286
0.525
0.421052631579
0.309523809524
0.380952380952
0.6875
0.725806451613
0.690909090909
0.666666666667
0.2
0.0434782608696
0.0555555555556
0.0
0.0
0.0
0.0
0.0
0.0
0.0
0.45652173913
0.410256410256
0.352941176471
0.485714285714
0.533333333333
0.634615384615
0.431818181818
0.25641025641
0.25
0.46875
0.767857142857
0.583333333333
0.618181818182
0.289473684211
0.0
0.0
0.0
0.0
0.0
0.0
0.0
0.0
0.0
0.0294117647059
0.339622641509
0.6875
0.176470588235
0.173913043478
0.447368421053
0.613636363636
0.275862068966
0.297872340426
0.258064516129
0.46511627907
0.702127659574
0.698412698413
0.627450980392
0.463414634146
0.37037037037
0.0
0.0
0.0
0.0
0.0
0.0
0.0
0.0
0.21568627451
0.34693877551
0.555555555556
0.645161290323
0.659090909091
0.46511627907
0.642857142857
0.25
0.369565217391
0.625
0.58
0.698113207547
0.615384615385
0.66
0.365853658537
0.111111111111
0.0
0.0
0.0
0.0
0
0
0.0
0.0
0.0
0.16
0.58064516129
0.410256410256
0.414634146341
0.627450980392
0.569230769231
0.508196721311
0.148148148148
0.0
0.0
0.0
0.0
0.379310344828
0.0
0.0
0.0
0.0
0.0
0
0.0
0.0
0.0
0.0
0.0
0.355555555556
0.4
0.72
0.148148148148
0.1
0.15
0.222222222222
0.0
0.0
0.0
0.307692307692
0.190476190476
0.0
0.0
0.0
0.0
0.0
0.0
0.0
0.0
0.0
0
0.0
0.0
0.0
0.0
0.0
0.151515151515
0.375
0.35
0.0
0.171428571429
0.30303030303
0.138888888889
0.408163265306
0.4
0.1
0.291666666667
0.0
0.0
0.0
0.0
0.0
0
0.0
0.0
0.0
0.0
0.491803278689
0.275
0.526315789474
0.411764705882
0.380952380952
0.530612244898
0.575
0.333333333333
0.513513513514
0.441176470588
0.642857142857
0.604651162791
0.567567567568
0.142857142857
0.0
0.0
0.0
0.0
0.0
0.0
0.0
0.0
0.0
0.075
0.545454545455
0.228571428571
0.410256410256
0.444444444444
0.578947368421
0.603174603175
0.372093023256
0.3125
0.428571428571
0.317073170732
0.673913043478
0.698113207547
0.55
0.444444444444
0.379310344828
0.0
0.0
0.0
0.0
0.0
0.0
0.0
0.0
0.0
0.676470588235
0.575
0.259259259259
0.473684210526
0.75
0.530612244898
0.509090909091
0.568181818182
0.705882352941
0.630434782609
0.787878787879
0.581818181818
0.672727272727
0.564102564103
0.0769230769231
0.0
0.0
0.0
0.0
0.0
0.0
0.0
0.0
0.372549019608
0.272727272727
0.434782608696
0.428571428571
0.5
0.728571428571
0.447368421053
0.444444444444
0.0344827586207
0.413793103448
0.379310344828
0.275862068966
0.351351351351
0.235294117647
0.296296296296
0.0
0.0
0.0
0.0
0.0
0.0
0.0
0.0
0.0
0.0
0.0
0.40625
0.424242424242
0.622641509434
0.563636363636
0.709090909091
0.5
0.148148148148
0.0952380952381
0.375
0.217391304348
0.5
0.0588235294118
0.0
0.0
0.0
0.0
0.0
0.0
0.0
0.0
0.0
0.0
0.0
0.264705882353
0.6
0.333333333333
0.0
0.0
0.285714285714
0.277777777778
0.304347826087
0.333333333333
0.0416666666667
0.375
0.346153846154
0.21875
0.0
0.0
0.0
0.0
0.0
0.0
0.0
0.0
0.0
0.0
0.0
0.0
0.0
0.0
0.142857142857
0.55
0.48
0.5
0.612903225806
0.25
0.277777777778
0.652173913043
0.454545454545
0.378378378378
0.333333333333
0.16
0.0714285714286
0.0
0.0
0.0
0.0
0.0
0.0
0.0
0.0
0.527272727273
0.421052631579
0.66
0.468085106383
0.4
0.660714285714
0.676923076923
0.48
0.545454545455
0.709677419355
0.710843373494
0.691176470588
0.603448275862
0.5625
0.0
0.16
0.0
0.0
0.0
0.0
0.0
0.0
0.0
0.0
0.363636363636
0.0
0.553191489362
0.553571428571
0.753623188406
0.652173913043
0.6875
0.666666666667
0.666666666667
0.634920634921
0.666666666667
0.744897959184
0.782051282051
0.390243902439
0.0
0.0
0.0
0.0
0.0
0.0
0.0
0.0
0.0
0.0
0.636363636364
0.395348837209
0.466666666667
0.305555555556
0.683333333333
0.5
0.595744680851
0.594594594595
0.311111111111
0.711538461538
0.59649122807
0.75
0.642857142857
0.413793103448
0.357142857143
0.2
0.0
0.0
0.0
0.0
0.0
0.0
0.0
0.03125
0.461538461538
0.608695652174
0.115384615385
0.2
0.421052631579
0.688888888889
0.307692307692
0.432432432432
0.470588235294
0.6
0.529411764706
0.702702702703
0.604651162791
0.290322580645
0.142857142857
0.0
0.0
0.0
0.0
0.0
0.0
0.0
0.0
0.0
0.0
0.378378378378
0.5
0.458333333333
0.56862745098
0.512820512821
0.294117647059
0.428571428571
0.047619047619
0.238095238095
0.322580645161
0.551724137931
0.307692307692
0.1
0.0
0.0
0.0
0
0.0
0.0
0.0
0
0.0
0.0
0.116279069767
0.6
0.541666666667
0.105263157895
0.448275862069
0.571428571429
0.333333333333
0.357142857143
0.291666666667
0.333333333333
0.677419354839
0.375
0.5
0.0
0.0
0.0
0.0
0.0
0.0
0.0
0
0.0
0.0
0.0
0.0
0.461538461538
0.433333333333
0.463414634146
0.660714285714
0.694915254237
0.541666666667
0.536585365854
0.627450980392
0.377777777778
0.666666666667
0.723076923077
0.653846153846
0.56
0.185185185185
0.0434782608696
0.0
0.0
0.0
0.0
0.0
0.0
0.0
0.0
0.618181818182
0.489361702128
0.734375
0.649122807018
0.477272727273
0.521739130435
0.574468085106
0.515625
0.459459459459
0.727272727273
0.716666666667
0.8
0.553191489362
0.545454545455
0.0882352941176
0.0
0.0
0.0
0.0
0.0
0.0
0.0
0.0
0.0
0.529411764706
0.6
0.333333333333
0.444444444444
0.631578947368
0.71875
0.551724137931
0.565217391304
0.592592592593
0.705882352941
0.746031746032
0.744186046512
0.759036144578
0.514285714286
0.40625
0.4
0.0
0.0
0.0
0.0
0.0
0.0
0.0
0.30303030303
0.716981132075
0.526315789474
0.658536585366
0.583333333333
0.5
0.583333333333
0.734375
0.640625
0.655172413793
0.753846153846
0.764705882353
0.857142857143
0.744186046512
0.606060606061
0.378378378378
0.275862068966
0.0
0.0
0.0
0.0
0.0
0.0
0.173913043478
0.59375
0.585365853659
0.597014925373
0.4375
0.677419354839
0.661971830986
0.684210526316
0.55737704918
0.581818181818
0.652173913043
0.666666666667
0.757575757576
0.698412698413
0.69014084507
0.561403508772
0.235294117647
0.333333333333
0.0
0.0
0.0
0
0.0
0.0
0.0
0.0
0.52
0.525423728814
0.615384615385
0.651515151515
0.643835616438
0.702702702703
0.671232876712
0.581818181818
0.372093023256
0.660377358491
0.677966101695
0.835164835165
0.706666666667
0.424242424242
0.0
0.0
0.0
0.0
0.0
0.0
0
0.0
0.0
0.0
0.0
0.0
0.0
0.0
0.0
0.222222222222
0.0
0.0
0.0
0.0
0.0
0.0
0.0
0.0
0.0
0.0
0.0
0
0.0
0.0
0.0
0.0
0.0
0.0
0.0
0.0
0.047619047619
0.0555555555556
0.407407407407
0.58064516129
0.36
0.655172413793
0.346153846154
0.285714285714
0.411764705882
0.472222222222
0.571428571429
0.25
0.0
0.0
0.0
0.0
0.0
0.0
0.0
0.0
0.0
0.0
0.428571428571
0.411764705882
0.0869565217391
0.575
0.292682926829
0.148148148148
0.269230769231
0.259259259259
0.172413793103
0.157894736842
0.291666666667
0.3
0.259259259259
0.0
0.0
0.0
0.0
0.0
0.0
0.0
0.0
0.0
0.0
0.0
0.0
0.047619047619
0.0
0.153846153846
0.178571428571
0.236842105263
0.0833333333333
0.210526315789
0.0
0.12
0.130434782609
0.454545454545
0.40625
0.16
0.0
0.0
0.0
0.0
0.0
0.0
0.0
0.0
0.0
0.0
0.1
0.290322580645
0.0555555555556
0.37037037037
0.130434782609
0.0357142857143
0.346153846154
0.4
0.235294117647
0.575
0.486486486486
0.589743589744
0.111111111111
0.263157894737
0.361111111111
0.24
0.0
0.0
0.0
0.0
0.0
0.0
0.0
0.0
0.0
0.513513513514
0.535714285714
0.166666666667
0.176470588235
0.619047619048
0.392857142857
0.05
0.0
0.0
0.0
0.111111111111
0.222222222222
0.25
0.0
0.0
0.0
0.0
0.0
0.0
0.0
0.0
0.0
0.0
0.0
0.0
0.0
0.0
0.0
0.0
0.0
0.0
0.0
0.0
0.0
0.0
0.0
0.0
0.0
0.0
0
0.0
0.0
0
0.0
0.0
0.0
0.0
0.0
0.625
0.111111111111
0.0
0.368421052632
0.0666666666667
0.142857142857
0.0
0.0
0.157894736842
0.0
0.294117647059
0.0
0.0
0.0
0.0
0.0
0.0
0
0.0
0.0
0.0
0.0
0.0
0.0
0.0
0.0
0.0
0.380952380952
0.68
0.230769230769
0.321428571429
0.173913043478
0.551724137931
0.642857142857
0.206896551724
0.315789473684
0.5
0.0
0.0
0.0
0.0
0.0
0.0
0.0
0.0
0.0
0.0
0.0714285714286
0.333333333333
0.0869565217391
0.285714285714
0.2
0.576923076923
0.388888888889
0.0
0.0
0.0
0.0
0.0
0.181818181818
0.0
0.0
0.0
0.0
0.0
0.0
0.0
0.0
0.0
0.0
0.0
0.0
0.166666666667
0.0555555555556
0.0
0.0
0.0
0.0
0.0
0.0
0.0
0.0
0.0
0.0
0.0
0.0
0.0
0.0
0.0
0.0
0.0
0.0
0.0
0.0
0.0
0.0
0.0
0.0
0.0
0.0
0.0
0.0
0.0
0.0
0.0
0.0
0.0
0.0
0.0
0.0
0.0
0.0
0.0
0.0
0
0.0
0.0
0.0
0.0
0.0
0.0
0.0
0.0
0.0
0.0
0.0
0.0
0.0
0.0
0.0
0.0
0.0
0.0
0.0
0.0
0.0
0
0.0
0.0
0.0
0.0
0.0
0.0
0.0
0.0
0.0
0.0
0.0
0.0
0.0
0.0
0.0
0.0
0.0
0.0
0.0
0.0
0.0
0.0
0
0.0
0.0
0.0
0.0
0.0
0.0
0.0
0.0
0.0
0
0.0
0.0
0.0
0.0
0.0
0.0
0.0
0.0
0.0
0.0
0.0
0.0
0
0.0
0.0
0
0.0
0
0.0
0
0.0
0.0
0.0
0.0
0.0
0.0
0.0
0.0
0.0
0.0
0.0
0.0
0.0
0.0
0.0
0.0
0
0
0.0
0.0
0
0
0.0
0.0
0.0
0.0
0.0
0.0
0.0
0.0
0.0
0.0
0.0
0.0
0.0
0.0
0.0
0.0
0.0
0.0
0
0.0
0.0
0.0
0.0
0.0
0.0
0.0
0.0
0.0
0.0
0.0
0.0
0.0
0.0
0.0
0.0
0.0
0.0
0.0
0.0
0.0
0.0
0.0
0
0.0
0.0
0
0.0
0.0
0.0
0.0
0.0
0.0
0.0
0.0
0.0
0.0
0.0
0.0
0.0
0.0
0.0
0.0
0.0
0.0
0.0
0.0
0
0
0
0
0
0.0
0.0
0.0
0.0
0.0
0.0
0.0
0.0
0.0
0.0
0.0
0.0
0.0
0.0
0.0
0.0
0.0
0.0
0.0
0.0
0.0
0
0.0
0
0.0
0.0
0.0
0.0
0.0
0.0
0.0
0.0
0.0
0.0
0.0
0.0
0.0
0.0
0.0
0.0
0.0
0.0
0.0
0.0
0.0
0.0
0
0.0
0
0.0
0.0
0.0
0.0
0.0
0.0
0.0
0.0
0.0
0.0
0.0
0.0
0.0
0
0.0
0.0
0.0
0.0
0.0
0
0
0
0
0
0
0.0
0.0
0.0
0.0
0.0
0.0
0.0
0.0
0.0
0.0
0.0
0.0
0.0
0
0.0
0.0
0.0
0.0
0.0
0
0
0
0.0
0.0
0.0
0.0
0.0
0.0
0.0
0.0
0.0
0.0
0.0
0.0
0.0
0.0
0.0
0.0
0.0
0.0
0.0
0.0
0.0
0.0
0.0
0
0
0.0
0.0
0.0
0.0
0.0
0.0
0.0
0.0
0.333333333333
0.0
0.0
0.0
0.0
0.0
0.0
0.0
0.0
0.0
0.0
0
0
0.0
0
0
0.0
0.0
0.0
0.0
0.0
0.0
0.0
0.0
0.0
0.0
0.0
0.0
0.0
0.0
0.0
0.0
0.0
0.0
0.0
0.0
0
0
0
0.0
0.0
0.0
0.0
0.0
0.0
0.0
0.0
0.0
0.0
0.0
0.0
0.0
0.0
0.0
0.15625
0.0
0.0
0.0
0.0
0.0
0.0
0.0
0.0
0.0
0.0
0.0
0.0
0.0
0.0
0.0
0.0
0.0
0.0
0.0
0.0
0.0
0.0
0.0
0.0
0.0
0.0
0.0
0.0
0
0.0
0
0.0
0
0.0
0.0
0.0
0.0
0.0
0.0
0.0
0.0
0.0
0.0
0.0
0.0
0.0
0.0
0.0
0.0
0.0
0.0
0
0.0
0
0
0
0
0
0.0
0.0
0.0
0
0.0
0.0
0.0
0.0
0.0
0.0
0.0
0.0
0.0
0
0.0
0.0
0.0
0.0
0.0
0.0
0
0.0
0.0
0
0.0
0.0
0.0
0.0
0.0
0.0
0.0
0.0
0.0
0.0
0.0
0.0
0.0
0.0
0.0
0.0
0.0
0.0
0.0
0.0
0.0
0
0.0
0.0
0.0
0.0
0.0
0.0
0.0
0.0
0.147058823529
0.0
0.0
0.0
0.0
0.0
0.0
0.0
0.0
0.0
0.0
0.0
0.0
0.0
0
0
0.0
0.0
0.0
0.0
0.0
0.05
0.3125
0.36
0.2
0.0
0.0
0.0
0.0
0.133333333333
0.0
0.0
0.0
0.0
0.0
0.0
0.0
0.0
0.0
0
0.0
0.0
0.0
0.0
0.0
0.0344827586207
0.0
0.0
0.0
0.0
0.0
0.0
0.0
0.0
0.0
0.0
0.0
0.0
0.0
0.0
0.0
0.0
0
0.0
0.0
0.0
0.0
0.0
0.0
0.0
0.0
0.0
0.0666666666667
0.0
0.0
0.0
0.0
0.0
0.0
0.0
0.0
0.0
0.0
0.0
0.0
0
0
0.0
0
0.0
0.0
0.0
0.0
0.0
0.0
0.0
0.0
0.0
0.0
0.0
0.0
0.0
0.0
0.0
0.0
0.0
0.0
0.0
0.0
0.0
0
0
0
0.0
0.0
0.0
0.0
0.0
0.0
0.0
0.0
0.0
0.0
0.0
0.0
0.0
0.0
0.0
0.0
0.0
0.0
0.0
0.0
0.0
0.0
0
0.0
0.0
0.0
0.0
0.0
0.0
0.0
0.05
0.0
0.0
0.0
0.0
0.0
0.0
0.0
0.0
0.0
0.0
0.0
0.0
0.0
0.0
0.0
0
0.0
0.0
0.0
0.0
0.25
0.125
0.0344827586207
0.0
0.0
0.0
0.0
0.0
0.0
0.0
0.0
0.0
0.0
0.0
0.0
0.0
0
0
0.0
0.0
0.0
0.0
0.0
0.0
0.0
0.0625
0.1
0.446808510638
0.0952380952381
0.0
0.0
0.0
0.0
0.142857142857
0.0625
0.0
0.0
0.0
0.0
0.0
0.0
0.0
0.0
0
0.0
0.0
0.0
0.354838709677
0.0
0.037037037037
0.0
0.0
0.0833333333333
0.181818181818
0.263157894737
0.0
0.0
0.0
0.0
0.0
0.0
0.0
0.0
0.0
0.0
0.0
0.0
0.0
0.0
0.0
0.0
0.0
0.0
0.21875
0.0
0.09375
0.238095238095
0.0
0.0
0.0
0.0
0.0
0.0
0.0
0.0
0.0
0
0.0
0.0
0.0
0
0
0.0
0.0
0.0
0.0
0.0
0.0
0.0
0.0
0.0
0.0
0.0
0.0
0.0
0.0
0.0
0.0
0.0
0.0
0.0
0.0
0
0
0
0
0.0
0.0
0.0
0.0
0.0
0.0
0.0
0.0
0.0
0.0
0.0
0.0
0.0
0.0
0.0
0.0
0.0
0.0
0.0
0.0
0.0
0.0
0.0
0.0
0.0
0.0
0.0714285714286
0.263157894737
0.217391304348
0.35
0.434782608696
0.392857142857
0.307692307692
0.307692307692
0.41935483871
0.178571428571
0.0
0.15625
0.25
0.225806451613
0.35
0.0952380952381
0.0
0.0
0.0
0.0
0.0
0.0
0.0
0.0
0.243243243243
0.166666666667
0.0
0.0
0.0
0.0
0.0
0.0526315789474
0.0
0.0
0.0
0.0
0.0
0.0
0.0
0.0
0.0
0.0
0
0
0
0.0
0.0
0.0
0.209302325581
0.0
0.0
0.0
0.0625
0.37037037037
0.233333333333
0.0
0.0
0.0
0.0
0.0
0.15
0.333333333333
0.0588235294118
0.0
0.0
0.0
0.0
0.0
0
0
0
0.0
0.0
0.0
0.0
0.0
0.0769230769231
0.0
0.0
0.0
0.0
0.0
0.0
0.0
0.0
0.0
0.0
0.0
0.0
0.0
0.0
0
0
0
0.0
0.0
0.0
0.0
0.0
0.0
0.047619047619
0.40625
0.0
0.0
0.0
0.0
0.0
0.0
0.0
0.0
0.0
0.0
0.0
0.0
0.0
0
0
0.0
0.0
0.0
0.0
0.0
0.0
0.0
0.0
0.0
0.0
0.0
0.0
0.0
0.0
0.0
0.0
0.0
0.0
0.0
0.0
0.0
0.0
0
0.0
0.0
0.0
0.0
0.0
0.0
0.0
0.0
0.0
0.0
0.0
0.0
0.190476190476
0.272727272727
0.0
0.0
0.0
0.0
0.315789473684
0.111111111111
0.0
0.0
0.0
0.0
0.0
0.0
0.0
0.0
0.0
0.0
0.0
0.0
0.0
0.294117647059
0.105263157895
0.0
0.0
0.0
0.0
0.0
0.0
0.04
0.0
0.0
0.0
0.0
0.0
0
0.0
0
0.0
0.0
0.0
0.0
0.0
0.0869565217391
0.0
0.0
0.0
0.0
0.0
0.0
0.0
0.0
0.0
0.0
0.0
0.0
0.0
0.0
0.0
0.0
0.0
0.0
0.0
0.0
0.0
0.0
0.0
0.0
0.117647058824
0.0769230769231
0.413793103448
0.0434782608696
0.1875
0.0
0.0
0.0
0.0
0.0
0.0
0.0
0.0
0.0
0.0
0
0
0.0
0.0
0.0
0.0
0.0
0.0
0.0
0.0
0.131578947368
0.264705882353
0.441860465116
0.40625
0.0
0.0
0.0
0.0
0.0
0.0
0.0
0.0
0
0.0
0.0
0.0
0.0
0.0
0.0
0.0
0.0
0.192307692308
0.222222222222
0.0
0.384615384615
0.241379310345
0.142857142857
0.1
0.0
0.0
0.0
0.0
0.0
0.0
0.0
0.0
0.0
0.0
0
0.0
0
0.0
0.0
0.0
0.0
0.0
0.0
0.0
0.0
0.0
0.0
0.0
0.0
0.0
0.0
0.0
0.0
0.0
0.0
0.0
0
0.0
0.0
0
0
0.0
0.0
0.0
0
0.0
0.0
0.0
0.0
0.0
0.0
0.0
0.0
0.0
0.0
0.0
0.0
0.0
0.0
0.0
0.0
0.0
0.0
0.0
0.0
0.0
0.0
0.0
0.0
0.0454545454545
0.0
0.0
0.0
0.0
0.0
0.0
0.0
0.0
0.0
0.0
0.0
0.0
0.0
0.0
0.0
0.0
0.0
0.0
0.0
0.0
0.0
0.0
0.0
0.0
0.0
0.0
0.0
0.0
0.25
0.545454545455
0.0
0.0
0.0
0.0
0.0
0.0
0.0
0.0
0.0
0.0
0.0
0.0
0.0
0.0
0.0
0.0
0.0
0.0
0.0909090909091
0.0
0.115384615385
0.210526315789
0.0
0.0
0.0
0.0
0.0
0.0
0.0
0.0
0.0
0.0
0.0
0
0.0
0.0
0.0
0
0.0
0.0
0.0
0.0
0.0
0.0
0.0
0.0
0.0
0.0
0.0
0.0
0.0
0.0
0.0
0.0
0.0
0.0
0.0
0
0
0
0
0.0
0.0
0.0
0.0
0.0
0.0
0.0
0.0
0.0
0.0
0.0
0.0
0.0
0.0
0.0
0.0
0.0
0.0
0.0
0
0
0.0
0
0.0
0.0
0.0
0
0.0
0.0
0.0
0.0
0.0
0.0
0.0
0.0
0.0
0.0
0.0
0.0
0.0
0.0
0.0
0.0
0.0
0
0
0
0
0
0.0
0.0
0.0
0.0
0.0
0.0
0.0
0.0
0.0
0.0
0.0
0.0
0.0
0.0
0.0
0.0
0.0
0.0
0.0
0.0
0.0
0
0
0.0
0.0
0.0
0.0
0.0
0.0
0.0
0.0
0.142857142857
0.45
0.166666666667
0.0
0.0
0.0
0.0
0.0
0.0
0.0
0.0
0.0
