0.0
0
0
0
0
0
0
0.0
0.0
0.166666666667
0.642857142857
0.333333333333
0.461538461538
0.571428571429
0.5
0.142857142857
0.222222222222
0.125
0.0
0.0
0.0
0.538461538462
0.25
0.0
0
0.0
0.0
0
0.0
0
0.0
0.0
0.0
0.214285714286
0.631578947368
0.2
0.333333333333
0.727272727273
0.777777777778
0.111111111111
0.416666666667
0.0
0.166666666667
0.0
0.0
0.2
0.0
0.0
0.0
0
0.0
0
0.0
0
0
0
0.0
0.125
0.818181818182
1.0
0.142857142857
0.222222222222
0.4
0.333333333333
0.0
0.0
0.0
0.0
0.0
0.0
0.0
0.0
0.0
0
0
0.0
0
0
0
0.0
0.0
0.0
0.0
0.0
0.0
0.0
0.0
0.0
0.0
0.0
0.0
0.0
0.0
0.0
0.0
0.0
0
0
0
0
0.0
0
0
0.0
0.0
0.0
0.0
0.0
0.0
0.0
0.0
0.0
0.0
0.0
0.0
0.0
0.0
0.0
0.0
0.0
0
0.0
0.0
0
0
0
0
0.0
0.0
0.0
0.0
0.0
0.0
0.0
0.0
0.0
0.0
0.0
0.0
0.0
0.0
0.0
0.0
0.0
0.0
0.0
0.0
0
0
0
0
0
0.0
0.0
0.625
0.666666666667
0.142857142857
0.0
0.285714285714
0.625
0.545454545455
0.0
0.2
0.375
0.222222222222
0.0
0.0
0.0
0.0
0.0
0.0
0
0
0
0.0
0.0
0.0
0.125
1.0
0.333333333333
0.5
0.1
0.571428571429
0.809523809524
0.652173913043
0.333333333333
0.0
0.0
0.0
0.1
0.0
0.0
0.0
0.0
0.0
0
0.0
0
0
0.0
0.0
0.166666666667
0.692307692308
0.5
0.7
0.866666666667
0.947368421053
0.538461538462
0.384615384615
0.307692307692
0.615384615385
0.25
0.454545454545
0.545454545455
0.333333333333
0.0
0.0
0.0
0.0
0.0
0
0
0.0
0.0
0.333333333333
0.818181818182
1.0
0.916666666667
0.272727272727
0.818181818182
0.714285714286
0.692307692308
0.380952380952
0.0909090909091
0.25
0.2
0.615384615385
0.611111111111
0.272727272727
0.307692307692
0.0
0.0
0
0.0
0
0.0
0.0
0.0
0.285714285714
0.611111111111
0.571428571429
0.8125
0.235294117647
0.68
0.666666666667
0.714285714286
0.44
0.5
0.0
0.285714285714
0.111111111111
0.333333333333
0.0
0.0
0.0
0.0
0
0
0
0
0.0
0.0
0.0
0.0
0.0
0.0
0.0
0.0
0.0
0.0
0.0
0.0
0.0
0.0
0.0
0.0
0.4
0.0
0.0
0.0
0.0
0.0
0
0
0
0.0
0.0
0.0
0.0
0.0
0.0
0.642857142857
0.833333333333
0.444444444444
0.571428571429
0.125
0.142857142857
0.352941176471
0.666666666667
0.545454545455
0.75
0.461538461538
0.0
0.0
0
0
0.0
0
0.0
0.0
0.2
1.0
0.846153846154
0.75
0.1875
0.75
0.608695652174
0.3
0.470588235294
0.2
0.0
0.454545454545
0.5
0.666666666667
0.642857142857
0.2
0.0
0.0
0.0
0
0
0
0.0
0.0
0.166666666667
0.722222222222
0.933333333333
1.0
0.125
0.6875
0.722222222222
0.785714285714
0.363636363636
0.0
0.0
0.5
0.833333333333
0.769230769231
0.25
0.0
0.0
0.0
0
0
0
0
0.0
0.0
0.142857142857
0.9
1.0
0.857142857143
0.0
0.666666666667
0.5625
0.7
0.333333333333
0.0
0.2
0.4
0.0
0.266666666667
0.166666666667
0.0
0.0
0.0
0.0
0
0.0
0.0
0.0
0.0
0.0
0.777777777778
0.857142857143
0.571428571429
0.333333333333
0.727272727273
0.866666666667
0.5
0.125
0.0
0.4
0.4
0.428571428571
0.636363636364
0.142857142857
0.2
0.0
0
0
0
0
0.0
0
0.0
0.2
0.85
0.705882352941
0.666666666667
0.25
0.85
0.6
0.727272727273
0.0
0.111111111111
0.0
0.0
0.375
0.2
0.142857142857
0
0.0
0.0
0
0.0
0
0
0
0.0
0.0
0.0
0.0
0.0
0.0
0.0
0.0
0.0
0.0
0.0
0.0
0.0
0.0
0.0
0.428571428571
0.333333333333
0.0
0.0
0
0.0
0
0
0.0
0.0
0.0
0.0
0.0
0.0
0.3
0.625
0.777777777778
0.4
0.461538461538
0.375
0.636363636364
0.333333333333
0.357142857143
0.647058823529
0.375
0.2
0.0
0.0
0.0
0.0
0
0
0.0
0.0
0.0
0.6875
0.947368421053
0.916666666667
0.307692307692
1.0
0.45
0.833333333333
0.578947368421
0.571428571429
0.166666666667
0.0909090909091
0.0
0.416666666667
0.0
0.0
0.0
0
0.0
0
0
0
0.0
0.0
0.0909090909091
0.846153846154
0.875
0.625
0.5
0.944444444444
1.0
0.75
0.4375
0.0
0.0
0.272727272727
0.166666666667
0.533333333333
0.571428571429
0.166666666667
0.0
0.0
0.0
0
0.0
0
0.0
0.0
0.578947368421
0.894736842105
0.92
0.454545454545
0.333333333333
0.764705882353
0.75
0.285714285714
0.333333333333
0.0
0.0
0.538461538462
0.333333333333
0.272727272727
0.6
0.0
0.0
0.0
0.0
0
0
0
0.0
0.0
0.0909090909091
0.833333333333
0.625
0.333333333333
0.285714285714
0.8125
0.666666666667
0.6875
0.375
0.307692307692
0.1
0.0
0.222222222222
0.416666666667
0.545454545455
0.2
0.0
0.0
0
0.0
0.0
0.0
0.0
0.0
0.0
0.333333333333
0.857142857143
0.375
0.333333333333
0.789473684211
0.666666666667
0.571428571429
0.1
0.266666666667
0.111111111111
0.5
0.0
0.3
0.375
0.0
0.0
0.0
0.0
0.0
0.0
0
0.0
0
0.0
0.0
0.0
0.0
0.0
0.0
0.0
0.0
0.0
0.0
0.0
0.0
0.0
0.25
0.0
0.0
0.0
0
0
0.0
0
0.0
0
0
0.0
0.0
0.0
0.0
0.8
0.333333333333
0.142857142857
0.307692307692
0.785714285714
0.571428571429
0.583333333333
0.3
0.533333333333
0.611111111111
0.5
0.125
0.0
0.0
0.0
0.0
0.0
0.0
0
0.0
0.0769230769231
0.772727272727
0.636363636364
0.583333333333
0.4
0.545454545455
0.375
0.818181818182
0.125
0.0
0.3
0.6
0.444444444444
0.7
0.4
0.0
0.0
0.0
0.0
0.0
0
0
0
0.0
0.391304347826
0.818181818182
0.8125
0.695652173913
0.444444444444
0.294117647059
0.7
0.571428571429
0.636363636364
0.0
0.0
0.25
0.5
0.25
0.285714285714
0.0
0.0
0
0.0
0.0
0
0
0
0.0
0.0
0.769230769231
0.888888888889
0.777777777778
0.75
0.521739130435
0.866666666667
0.6
0.5
0.125
0.0
0.0
0.0
0.5
0.555555555556
0.5
0.0
0
0.0
0
0.0
0.0
0.0
0.0
0.0
0.4
0.333333333333
0.666666666667
0.6875
0.703703703704
0.666666666667
0.615384615385
0.733333333333
0.352941176471
0.142857142857
0.0
0.652173913043
0.619047619048
0.785714285714
0.2
0.0
0.0
0
0
0
0
0
0.0
0.0
0.829787234043
0.785714285714
0.6
0.923076923077
0.833333333333
0.833333333333
0.764705882353
0.571428571429
0.0
0.4
0.1
0.5
0.571428571429
0.375
0.0
0.0
0
0.0
0.0
0.0
0
0
0.0
0.0
0.0
0.0
0.0
0.0
0.0
0.0
0.0
0.0
0.0
0.0
0.0
0.0
0.0
0.0
0.0
0
0.0
0
0
0
0
0
0.0
0
0.0
0.0
0.0
0.0
0.0
0.0
0.142857142857
0.125
0.111111111111
0.454545454545
0.0909090909091
0.444444444444
0.0
0.0
0.0
0.0
0.0
0.0
0
0.0
0.0
0.0
0.0
0.166666666667
0.766666666667
0.666666666667
0.777777777778
0.333333333333
0.7
0.5
0.789473684211
0.666666666667
0.0
0.444444444444
0.125
0.444444444444
0.444444444444
0.6
0.5
0.0
0.0
0.0
0
0
0.0
0.0
0.0
0.0
0.6875
0.714285714286
0.428571428571
0.5
0.538461538462
0.6
0.615384615385
0.333333333333
0.25
0.4
0.0
0.666666666667
0.266666666667
0.166666666667
0.0
0.0
0.0
0.0
0.0
0
0.0
0.0
0.0
0.5625
0.714285714286
0.9
0.8
0.266666666667
0.904761904762
0.5
0.583333333333
0.538461538462
0.0
0.0
0.333333333333
0.636363636364
0.473684210526
0.4
0.0
0.0
0.0
0
0
0
0
0.0
0.0
0.0
0.615384615385
0.888888888889
0.545454545455
0.625
0.583333333333
0.777777777778
0.8125
0.416666666667
0.142857142857
0.1
0.0
0.2
0.222222222222
0.375
0.4
0.0
0.25
0
0.0
0.0
0.0
0.0
0.0
0.153846153846
0.461538461538
0.8
0.5
0.666666666667
0.384615384615
0.555555555556
0.75
0.285714285714
0.166666666667
0.0
0.0
0.166666666667
0.5
0.0
0.0
0.0
0.0
0
0.0
0
0
0
0.0
0.0
0.0
0.0
0.0
0.0
0.5
0.0
0.0
0.0
0.0
0.0
0.142857142857
0.0
0.0
0.166666666667
0.0
0.0
0.0
0
0
0
0.0
0
0
0.0
0
0.0
0.0
0.0
0.111111111111
0.272727272727
0.363636363636
0.666666666667
0.0
0.3
0.4
0.666666666667
0.0
0.285714285714
0.142857142857
0.0
0.0
0.0
0
0.0
0
0.0
0.0
0.0
0.931034482759
0.818181818182
0.705882352941
0.3
0.8
0.666666666667
0.0
0.0
0.0
0.0
0.0
0.0
0.0
0.0
0.0
0.0
0.0
0.0
0.0
0.0
0
0.0
0.0
0.0
0.6
0.454545454545
0.545454545455
0.428571428571
0.272727272727
0.666666666667
0.4
0.2
0.142857142857
0.0
0.25
0.25
0.0
0.0
0.5625
0.0
0.0
0.0
0.0
0
0.0
0
0.0
0.0
0.416666666667
1.0
0.5
0.0
0.0
0.714285714286
0.857142857143
0.25
0.0
0.0
0.0
0.0
0.0
0.0
0.0
0.0
0
0
0.0
0.0
0
0
0.0
0.0
0.0
0.625
0.777777777778
0.666666666667
0.333333333333
0.5
0.0
0.0
0.0
0.0
0.0
0.0
0.0
0.0
0.0
0.0
0.0
0.0
0.0
0
0
0
0.0
0.0
0.285714285714
0.666666666667
0.142857142857
0.0
0.0
0.363636363636
0.0
0.0
0.0
0.0
0.0
0.0
0.0
0.0
0.0
0
0
0
0
0
0
0
0
0.0
0
0.0
0.0
0.0
0.0
0.0
0.0
0.0
0.0
0.0
0.0
0.0
0.0
0.0
0.0
0.0
0
0
0.0
0
0
0
0.0
0
0.0
0.0
0.0
0.0
0.0
0.0
0.0
0.0
0.2
0.0
0.0
0.0
0.0
0.0
0.0
0.0
0.0
0.0
0
0
0
0
0.0
0.0
0.0
0.5
0.0
0.0
0.375
0.3
0.6
0.545454545455
0.142857142857
0.0
0
0.0
0.0
0.0
0.0
0.0
0.0
0.0
0
0.0
0.0
0
0.0
0.0
0.0
0.222222222222
0.0
0.285714285714
0.571428571429
0.75
0.2
0.5
0.0
0.125
0.0
0.125
0.0
0.333333333333
0
0.0
0
0.0
0
0
0
0.0
0.0
0.0
0.0
0.176470588235
0.272727272727
0.25
0.647058823529
0.4
0.6
0.526315789474
0.25
0.125
0.0
0.52
0.4
0.75
0.0
0.0
0.0
0
0
0
0.0
0
0.0
0.0
0.0
0.764705882353
0.631578947368
0.529411764706
0.461538461538
0.444444444444
0.421052631579
0.3125
0.272727272727
0.111111111111
0.0666666666667
0.733333333333
0.5
0.272727272727
0.142857142857
0.0
0.0
0.0
0
0
0.0
0
0
0.0
0.707317073171
0.44
0.454545454545
0.705882352941
0.777777777778
0.363636363636
0.533333333333
0.25
0.153846153846
0.166666666667
0.0
0.0
0.0
0.0
0.0
0.0
0.0
0.0
0
0.0
0
0.0
0
0.0
0.0833333333333
0.0
0.0
0.0
0.0
0.357142857143
0.272727272727
0.285714285714
0.5
0.428571428571
0.428571428571
0.769230769231
0.666666666667
0.0
0.0
0.0
0.0
0.0
0
0
0.0
0
0
0.0
0.0
0.0909090909091
0.5
0.0
0.285714285714
0.52380952381
0.681818181818
0.724137931034
0.705882352941
0.571428571429
0.565217391304
0.827586206897
0.863636363636
0.5
0.0
0.0
0.0
0.0
0.0
0
0.0
0.0
0.0
0.105263157895
0.3
0.611111111111
0.434782608696
0.6
0.5
0.684210526316
0.677419354839
0.68
0.5625
0.84
0.866666666667
0.818181818182
0.714285714286
0.777777777778
0.416666666667
0.0
0.0
0
0.0
0
0
0
0.0
0.0
0.1875
0.52
0.685714285714
0.806451612903
0.777777777778
0.666666666667
0.714285714286
0.813953488372
0.793103448276
0.846153846154
0.677419354839
0.891304347826
0.842105263158
0.681818181818
0.52380952381
0.1
0.0
0.0
0.0
0.0
0.0
0
0.0
0.0
0.772727272727
0.5
0.576923076923
0.434782608696
0.6
0.75
0.8
0.851063829787
0.785714285714
0.780487804878
0.852941176471
0.857142857143
0.827586206897
0.843137254902
0.657142857143
0.533333333333
0.0
0.0
0
0
0
0
0.0
0.166666666667
0.864864864865
0.736842105263
0.666666666667
0.888888888889
0.794871794872
0.894736842105
0.875
0.846153846154
0.790697674419
0.913793103448
0.844444444444
0.888888888889
0.788461538462
0.870967741935
0.727272727273
0.411764705882
0.0
0.0
0.0
0
0.0
0.0
0.25
0.555555555556
0.75
0.75
0.849056603774
0.731707317073
0.765957446809
0.777777777778
0.867924528302
0.844444444444
0.833333333333
0.903225806452
0.833333333333
0.846153846154
0.642857142857
0.75
0.633333333333
0.583333333333
0.0
0.0
0.0
0.0
0
0
0
0.0
0.0
0.2
0.166666666667
0.714285714286
0.333333333333
0.571428571429
0.666666666667
0.666666666667
0.4375
0.0
0.0
0.0
0.0
0.1875
0.181818181818
0.0
0
0.0
0.0
0
0
0.0
0
0
0.0
0.0909090909091
0.363636363636
0.666666666667
0.6
0.714285714286
0.75
0.611111111111
0.333333333333
0.4375
0.888888888889
0.526315789474
0.5
0.473684210526
0.125
0.0
0.0
0.0
0
0
0.0
0
0.0
0.0
0.25
0.769230769231
0.65
0.681818181818
0.758620689655
0.823529411765
0.709677419355
0.862068965517
0.72972972973
0.75
0.764705882353
0.757575757576
0.828571428571
0.75
0.708333333333
0.466666666667
0.333333333333
0.0
0.0
0.0
0
0.0
0.0
0.0
0.666666666667
0.763157894737
0.645161290323
0.810810810811
0.790697674419
0.822222222222
0.8
0.792452830189
0.829787234043
0.807692307692
0.847457627119
0.916666666667
0.901639344262
0.928571428571
0.803571428571
0.592592592593
0.375
0.0
0.0
0.0
0.0
0.0
0.0
0.590909090909
0.851063829787
0.74358974359
0.833333333333
0.75
0.738095238095
0.787878787879
0.920634920635
0.829787234043
0.833333333333
0.80701754386
0.82
0.888888888889
0.848101265823
0.87037037037
0.780487804878
0.25
0.454545454545
0.0
0.0
0
0.0
0.0
0.0
0.705882352941
0.611111111111
0.815789473684
0.829787234043
0.803921568627
0.796610169492
0.87037037037
0.878787878788
0.896551724138
0.821428571429
0.887096774194
0.934426229508
0.957746478873
0.953488372093
0.810344827586
0.923076923077
0.761904761905
0.611111111111
0.0909090909091
0.0
0.0
0.0
0.0
0.181818181818
0.2
0.888888888889
0.882352941176
0.897058823529
0.807692307692
0.883720930233
0.870588235294
0.949494949495
0.936936936937
0.883116883117
0.916666666667
0.826086956522
0.932584269663
0.929577464789
0.833333333333
0.771428571429
0.25
0.0
0.0
0
0.0
0
0
0
0.0
0.0
0.428571428571
0.714285714286
0.272727272727
0.578947368421
0.714285714286
0.705882352941
0.363636363636
0.0
0.5625
0.666666666667
0.727272727273
0.947368421053
0.4375
0.454545454545
0.571428571429
0.0
0.0
0.0
0
0
0
0.0
0.0
0.0
0.615384615385
0.84375
0.642857142857
0.685714285714
0.838709677419
0.947368421053
0.825
0.943396226415
0.765957446809
0.878048780488
0.755102040816
0.857142857143
0.833333333333
0.655172413793
0.653846153846
0.363636363636
0.0
0.0
0.0
0.0
0.0
0.0
0.869565217391
0.860465116279
0.796610169492
0.865168539326
0.865853658537
0.8
0.92
0.877551020408
0.8125
0.925
0.78125
0.920454545455
0.925925925926
0.90243902439
0.919540229885
0.777777777778
0.666666666667
0.44
0.142857142857
0.0
0.0
0.0
0
0.333333333333
0.772727272727
0.818181818182
0.840707964602
0.914893617021
0.896907216495
0.954545454545
0.932038834951
0.888888888889
0.78431372549
0.777777777778
0.883720930233
0.920792079208
0.952941176471
0.835820895522
0.893617021277
0.875
0.677419354839
0.333333333333
0.0
0.0
0.0
0.0
0.0
0.0
0.74358974359
0.942307692308
0.949152542373
0.863636363636
0.946902654867
0.891891891892
0.897435897436
0.851351351351
0.927083333333
0.808510638298
0.782608695652
0.897435897436
0.9125
0.822222222222
0.775
0.677419354839
0.774193548387
0.368421052632
0.0
0.0
0.0
0
0.0
0.0
0.878787878788
0.916666666667
0.908163265306
0.840579710145
0.8
0.797752808989
0.797619047619
0.727272727273
0.9
0.738095238095
0.730769230769
0.82
0.788461538462
0.866666666667
0.8
0.761904761905
0.3
0.307692307692
0.0
0.0
0.0
0.0
0.0
0.0769230769231
0.176470588235
0.291666666667
0.8125
0.896551724138
0.744680851064
0.811320754717
0.863636363636
0.844444444444
0.866666666667
0.727272727273
0.681818181818
0.710526315789
0.814814814815
0.71875
0.820512820513
0.142857142857
0.222222222222
0.125
0
0
0.0
0.0
0.0
0.0
0.0
0.0
0.5
0.764705882353
0.64
0.807692307692
0.757575757576
0.772727272727
0.65
0.65
0.772727272727
0.863636363636
0.608695652174
0.588235294118
0.68
0.5
0.333333333333
0.125
0.0
0
0
0.0
0.0
0.0
0.0
0.588235294118
0.727272727273
0.772727272727
0.666666666667
0.775
0.82
0.903846153846
0.924528301887
0.777777777778
0.82
0.838709677419
0.809523809524
0.891891891892
0.88
0.775862068966
0.675
0.56
0.142857142857
0.0
0.0
0.0
0.0
0.0
0.692307692308
0.791666666667
0.847222222222
0.8
0.928571428571
0.844444444444
0.867647058824
0.939759036145
0.896551724138
0.822580645161
0.868852459016
0.894736842105
0.895833333333
0.911392405063
0.833333333333
0.84126984127
0.72972972973
0.357142857143
0.0
0.0
0.0
0.0
0.166666666667
0.352941176471
0.71875
0.847457627119
0.934426229508
0.904761904762
0.923076923077
0.92
0.855670103093
0.862068965517
0.860465116279
0.940594059406
0.868852459016
0.918604651163
0.9
0.947368421053
0.935483870968
0.863636363636
0.681818181818
0.590909090909
0.5
0.5
0.0
0.0
0.0
0.333333333333
0.541666666667
0.692307692308
0.89156626506
0.904761904762
0.894736842105
0.873015873016
0.884615384615
0.790322580645
0.858585858586
0.864864864865
0.870588235294
0.939393939394
0.918181818182
0.919642857143
0.880434782609
0.845070422535
0.755555555556
0.5
0.333333333333
0.0
0.0
0.0
0.0
0.380952380952
0.833333333333
0.97619047619
0.895833333333
0.847457627119
0.891304347826
0.891089108911
0.85393258427
0.824175824176
0.910891089109
0.916666666667
0.872093023256
0.927083333333
0.974789915966
0.933884297521
0.917431192661
0.857142857143
0.657142857143
0.545454545455
0.0
0.0
0.0
0.0
0.0
0.142857142857
0.8
0.755555555556
0.820512820513
0.9
0.91452991453
0.942307692308
0.933333333333
0.852941176471
0.898550724638
0.636363636364
0.657894736842
0.793103448276
0.75
0.608695652174
0.545454545455
0.5
0.3
0.0
0.0
0
0
0
0.0
0.0
0.0
0.0
0.333333333333
0.6875
0.6
0.625
0.666666666667
0.684210526316
0.652173913043
0.5
0.588235294118
0.428571428571
0.642857142857
0.615384615385
0.545454545455
0.692307692308
0.0
0.363636363636
0.2
0.0
0
0
0
0.0
0.0
0.117647058824
0.555555555556
0.7
0.736842105263
0.703703703704
0.909090909091
0.825
0.684210526316
0.783783783784
0.875
0.783783783784
0.890909090909
0.875
0.809523809524
0.628571428571
0.357142857143
0.142857142857
0.0
0.0
0.0
0.0
0.0
0.0
0.76
0.791666666667
0.859375
0.851063829787
0.909090909091
0.898734177215
0.882352941176
0.854838709677
0.87323943662
0.786885245902
0.921875
0.898550724638
0.916666666667
0.952380952381
0.825396825397
0.777777777778
0.55
0.0
0.0
0.0
0.0
0.0
0.0
0.0
0.464285714286
0.744186046512
0.74358974359
0.826086956522
0.777777777778
0.875
0.789473684211
0.795454545455
0.792452830189
0.87037037037
0.785714285714
0.84
0.934210526316
0.852459016393
0.844827586207
0.75
0.388888888889
0.3
0.0
0.0
0
0.0
0.0
0.0
0.769230769231
0.666666666667
0.916666666667
0.934782608696
0.756097560976
0.727272727273
0.844827586207
0.734693877551
0.854838709677
0.788461538462
0.730769230769
0.873015873016
0.922077922078
0.922077922078
0.969230769231
0.765957446809
0.529411764706
0.142857142857
0.166666666667
0.0
0
0.0
0.0
0.0588235294118
0.862068965517
0.757575757576
0.869565217391
0.8125
0.891891891892
0.913043478261
0.862068965517
0.917808219178
0.901234567901
0.938271604938
0.936708860759
0.925925925926
0.934065934066
0.922222222222
0.948453608247
0.780821917808
0.638888888889
0.7
0.2
0.125
0.0
0.0
0.0
0.0
0.1
0.782608695652
0.901408450704
0.94
0.936507936508
0.923076923077
0.957446808511
0.985074626866
0.885057471264
0.75
0.782608695652
0.481481481481
0.533333333333
0.307692307692
0.25
0.642857142857
0.0
0.0
0.0
0
0.0
0.0
0
0.0
0.0
0.333333333333
0.777777777778
0.583333333333
0.794117647059
0.666666666667
0.4375
0.809523809524
0.714285714286
0.733333333333
0.5625
0.714285714286
0.913043478261
0.666666666667
0.904761904762
0.666666666667
0.0
0.384615384615
0.666666666667
0.0
0.0
0.0
0
0.0
0.0
0.153846153846
0.695652173913
0.8
0.925925925926
0.805555555556
0.916666666667
0.869565217391
0.867924528302
0.806451612903
0.804347826087
0.872727272727
0.896551724138
0.896551724138
0.87323943662
0.75
0.652173913043
0.388888888889
0.615384615385
0.25
0.0
0.0
0.0
0.4
0.9
0.838709677419
0.950819672131
0.875
0.833333333333
0.894736842105
0.859649122807
0.885245901639
0.84
0.808823529412
0.739130434783
0.969696969697
0.911764705882
0.941860465116
0.887323943662
0.883333333333
0.694444444444
0.8125
0.875
0.0
0.0
0.0
0.0
0.5
0.76
0.756756756757
0.844444444444
0.875
0.725
0.840909090909
0.881355932203
0.925
0.876923076923
0.88679245283
0.846153846154
0.0
0.87323943662
0.986842105263
0.883333333333
0.771428571429
0.652173913043
0.48
0.166666666667
0.0
0.0
0.0
0.0
0.0
0.6
0.636363636364
0.777777777778
0.738095238095
0.888888888889
0.914893617021
0.957446808511
0.777777777778
0.836734693878
0.901960784314
0.9375
0.863636363636
0.838709677419
0.836363636364
0.867924528302
0.870967741935
0.619047619048
0.5
0.0
0.0
0.0
0.0
0.0
0.333333333333
0.676470588235
0.951219512195
0.694444444444
0.7
0.612903225806
0.828571428571
0.710526315789
0.75
0.704545454545
0.903846153846
0.8125
0.72972972973
0.875
0.875
0.90243902439
0.820512820513
0.653846153846
0.375
0.166666666667
0.0
0.0
0.0
0.0
0.0
0.583333333333
0.56
0.805555555556
0.625
0.555555555556
0.821428571429
0.775
0.724137931034
0.55
0.625
0.555555555556
0.806451612903
0.615384615385
0.545454545455
0.653846153846
0.363636363636
0.0
0.4
0.0
0.0
0.0
0
0.0
0.0
0.0
0.0
0.222222222222
0.818181818182
0.636363636364
0.307692307692
0.625
0.882352941176
0.666666666667
0.714285714286
0.5
0.633333333333
0.866666666667
0.727272727273
0.588235294118
0.473684210526
0.470588235294
0.0
0.0
0.0
0.0
0
0.0
0.0
0.0
0.333333333333
0.666666666667
0.705882352941
0.842105263158
0.833333333333
0.780487804878
0.878048780488
0.892857142857
0.857142857143
0.851851851852
0.809523809524
0.866666666667
0.85
0.923076923077
0.6
0.375
0.0
0.0
0.0
0.0
0.0
0.0
0.0
0.666666666667
0.71875
0.785714285714
0.615384615385
0.872340425532
0.847826086957
0.847826086957
0.853658536585
0.905660377358
0.854166666667
0.849056603774
0.91935483871
0.893939393939
0.877551020408
0.830188679245
0.588235294118
0.357142857143
0.0
0.0
0.0
0.0
0.0
0.0
0.181818181818
0.847826086957
0.868421052632
0.92
0.837209302326
0.84
0.86
0.877192982456
0.887096774194
0.82
0.875
0.85
0.933333333333
0.941860465116
0.956989247312
0.9875
0.883720930233
0.675
0.611111111111
0.555555555556
0.0
0.25
0.0
0
0.0
0.666666666667
0.872340425532
0.881355932203
0.915254237288
0.808510638298
0.89552238806
0.838709677419
0.87037037037
0.849056603774
0.82
0.763157894737
0.849056603774
0.85
0.9375
0.80487804878
0.529411764706
0.0
0.0
0.0
0.0
0.0
0
0.0
0.0
0.5
0.725
0.775
0.633333333333
0.625
0.65
0.518518518519
0.714285714286
0.666666666667
0.761904761905
0.5
0.695652173913
0.722222222222
0.454545454545
0.0714285714286
0.352941176471
0.363636363636
0.0
0.0
0.0
0.0
0
0.0
0.0
0.0769230769231
0.714285714286
0.55
0.5
0.882352941176
0.838709677419
0.8125
0.909090909091
0.647058823529
0.454545454545
0.727272727273
0.272727272727
0.764705882353
0.5
0.125
0.0
1.0
0.0
0.0
0.0
0.0
0
0
0.0
0.0
0.0
0.0
0.416666666667
0.444444444444
0.727272727273
0.666666666667
1.0
0.714285714286
0.666666666667
0.722222222222
0.692307692308
0.3
0.611111111111
0.666666666667
0.75
0.692307692308
0.0
0.0
0.0
0
0.0
0.0
0.0
0.0
0.125
0.473684210526
0.714285714286
0.857142857143
0.904761904762
0.571428571429
0.761904761905
0.590909090909
0.814814814815
0.590909090909
0.903225806452
0.88679245283
0.735294117647
0.666666666667
0.666666666667
0.55
0.111111111111
0.0
0.0
0.0
0.0
0.0
0.25
0.578947368421
0.708333333333
0.815789473684
0.906976744186
0.803278688525
0.878048780488
0.838709677419
0.892857142857
0.890625
0.811320754717
0.950819672131
0.924050632911
0.906976744186
0.924528301887
0.810344827586
0.916666666667
0.521739130435
0.285714285714
0.111111111111
0.0
0.2
0.0
0.0
0.333333333333
0.80487804878
0.861111111111
0.851851851852
0.82
0.842857142857
0.883116883117
0.917808219178
0.917647058824
0.93
0.902777777778
0.926829268293
0.933333333333
0.952830188679
0.900826446281
0.85393258427
0.795454545455
0.758620689655
0.6
0.0
0.0
0.0
0.0
0.0
0.0
0.75
0.804347826087
0.794871794872
0.795454545455
0.833333333333
0.772727272727
0.865384615385
0.926470588235
0.833333333333
0.739130434783
0.84
0.948453608247
0.970588235294
0.9
0.941176470588
0.785714285714
0.777777777778
0.578947368421
0.142857142857
0.0
0.0
0.0
0.0
0.25
0.756756756757
0.945205479452
0.844827586207
0.852459016393
0.855072463768
0.793103448276
0.875
0.893333333333
0.884057971014
0.859375
0.878787878788
0.905882352941
0.858823529412
0.893939393939
0.964285714286
0.916666666667
0.857142857143
0.538461538462
0.4
0.166666666667
0.0
0.0
0.0
0.0
0.684210526316
0.826086956522
0.914893617021
0.955752212389
0.937984496124
0.967741935484
0.961290322581
0.965277777778
0.905405405405
0.695652173913
0.657142857143
0.555555555556
0.75
0.588235294118
0.5
0.5
0.25
0.0
0.0
0.0
0.0
0
0.0
0.0
0.0
0.0
0.466666666667
0.583333333333
0.588235294118
0.65
0.772727272727
0.826086956522
0.888888888889
0.727272727273
0.740740740741
0.791666666667
0.666666666667
0.842105263158
0.625
0.333333333333
0.666666666667
0.444444444444
0.0
0.0
0
0
0
0.0
0.0
0.533333333333
0.75
0.888888888889
0.7
0.736842105263
0.868421052632
0.780487804878
0.865384615385
0.903846153846
0.6
0.915254237288
0.883333333333
0.885245901639
0.879310344828
0.772727272727
0.545454545455
0.647058823529
0.0
0.0
0.0
0.0
0.0
0.0909090909091
0.820512820513
0.864864864865
0.821428571429
0.881355932203
0.915492957746
0.9
0.913461538462
0.881578947368
0.866666666667
0.745098039216
0.868852459016
0.955223880597
0.942028985507
0.811320754717
0.879310344828
0.872727272727
0.333333333333
0.285714285714
0.0
0.0
0.0
0.0
0.0
0.0
0.808510638298
0.925
0.891304347826
0.785714285714
0.684210526316
0.829268292683
0.936170212766
0.829268292683
0.857142857143
0.93023255814
0.901960784314
0.78431372549
0.86
0.869565217391
0.854166666667
0.840909090909
0.631578947368
0.142857142857
0.0
0.0
0.0
0.0
0.0
0.166666666667
0.5625
0.833333333333
0.854166666667
0.689655172414
0.842105263158
0.80487804878
0.72972972973
0.794117647059
0.863636363636
0.883333333333
0.865384615385
0.879310344828
0.863636363636
0.883333333333
0.884615384615
0.94
0.652173913043
0.333333333333
0.181818181818
0.0
0.0
0.0
0.0
0.0
0.708333333333
0.928571428571
0.804347826087
0.869565217391
0.9
0.769230769231
0.875
0.863636363636
0.886363636364
0.826086956522
0.793650793651
0.935483870968
0.9
0.898305084746
0.882352941176
0.880952380952
0.7
0.0
0.357142857143
0.111111111111
0.0
0.0
0.0
0.0
0.7
0.74358974359
0.921875
0.824561403509
0.898550724638
0.850746268657
0.975
0.963414634146
0.873417721519
0.869565217391
0.925925925926
0.843137254902
0.78125
0.921568627451
0.736842105263
0.708333333333
0.0
0.0
0.0
0.0
0.0
0
0.0
0.0
0.0
0.266666666667
0.842105263158
0.8
0.652173913043
0.928571428571
0.791666666667
0.645161290323
0.653846153846
0.810810810811
0.827586206897
0.611111111111
0.611111111111
0.583333333333
0.692307692308
0.5
0.7
0.916666666667
0.181818181818
0.0
0.0
0.0
0.0
0
0.0
0.0909090909091
0.789473684211
0.545454545455
0.777777777778
0.653846153846
0.955555555556
0.880952380952
0.884615384615
0.830508474576
0.888888888889
0.912280701754
0.942307692308
0.923076923077
0.895833333333
0.883720930233
0.758620689655
0.8125
0.75
0.0
0.0
0.0
0.0
0.0
0.576923076923
0.774193548387
0.756097560976
0.949152542373
0.928571428571
0.95
0.888888888889
0.861538461538
0.84375
0.860759493671
0.898734177215
0.960784313725
0.93137254902
0.960784313725
0.958333333333
0.676470588235
0.787878787879
0.230769230769
0.0
0.0
0.0
0.0
0.0
0.2
0.780487804878
0.936842105263
0.890625
0.826923076923
0.859649122807
0.851851851852
0.78
0.854545454545
0.869565217391
0.878048780488
0.810344827586
0.833333333333
0.890909090909
0.879310344828
0.895833333333
0.709677419355
0.692307692308
0.333333333333
0.1
0.0
0.0
0.0
0.0
0.181818181818
0.333333333333
0.764705882353
0.833333333333
0.895833333333
0.853658536585
0.863636363636
0.893617021277
0.810810810811
0.714285714286
0.678571428571
0.674418604651
0.864406779661
0.877192982456
0.796296296296
0.883333333333
0.833333333333
0.870967741935
0.5625
0.307692307692
0.444444444444
0.333333333333
0.333333333333
0.0
0.0
0.583333333333
0.833333333333
0.854166666667
0.890909090909
0.911111111111
0.829268292683
0.8
0.816326530612
0.825
0.777777777778
0.767441860465
0.903846153846
0.87012987013
0.830508474576
0.921568627451
0.805555555556
0.5
0.615384615385
0.0
0.0
0.0
0.0
0.0
0.111111111111
0.8
0.888888888889
0.866666666667
0.666666666667
0.666666666667
0.806451612903
0.735294117647
0.885714285714
0.733333333333
0.916666666667
0.903225806452
0.75
0.703703703704
0.470588235294
0.827586206897
0.428571428571
0.0
0.0
0.0
0.0
0.0
0
0
0.0
0.0
0.111111111111
0.333333333333
0.642857142857
0.727272727273
0.730769230769
0.764705882353
0.5625
0.84
0.739130434783
0.538461538462
0.533333333333
0.8125
0.75
0.583333333333
0.545454545455
0.181818181818
0.0
0.0
0
0.0
0.0
0.0
0.0
0.5625
0.714285714286
0.785714285714
0.944444444444
0.727272727273
0.724137931034
0.787878787879
0.769230769231
0.857142857143
0.878048780488
0.780487804878
0.901960784314
0.863636363636
0.943396226415
0.76
0.7
0.545454545455
0.0
0.0
0.0
0.0
0.0
0.0
0.0833333333333
0.807692307692
0.774193548387
0.811320754717
0.727272727273
0.777777777778
0.923076923077
0.847826086957
0.775
0.864864864865
0.837837837838
0.875
0.953125
0.821428571429
0.910714285714
0.741935483871
0.621621621622
0.470588235294
0.0
0.0
0.0
0.0
0.0
0.0
0.333333333333
0.854838709677
0.807692307692
0.853658536585
0.871794871795
0.717948717949
0.917808219178
0.8
0.965517241379
0.859649122807
0.862745098039
0.80487804878
0.972222222222
0.94
0.88679245283
0.595238095238
0.724137931034
0.809523809524
0.647058823529
0.0
0.0
0.0
0.0
0.0
0.222222222222
0.222222222222
0.794871794872
0.897058823529
0.8125
0.794871794872
0.825
0.846153846154
0.934782608696
0.826086956522
0.948275862069
0.78
0.9375
0.949367088608
0.906666666667
0.913793103448
0.828571428571
0.652173913043
0.25
0.0
0.0
0.0
0.0
0.0
0.0
0.852941176471
0.934210526316
0.929411764706
0.825
0.887323943662
0.893333333333
0.903614457831
0.894117647059
0.931623931624
0.890625
0.859375
0.877551020408
0.951612903226
0.96694214876
0.931818181818
0.850746268657
0.884615384615
0.266666666667
0.142857142857
0.0
0.0
0.0
0.0
0.375
0.878787878788
0.836363636364
0.921348314607
0.936936936937
0.953125
0.901960784314
0.942857142857
0.940594059406
0.830188679245
0.7
0.8125
0.625
0.714285714286
0.8
0.739130434783
0.857142857143
0.333333333333
0.125
0.0
0.0
0.0
0.0
0.0
0.0
0.0
0.576923076923
0.85
0.90625
0.628571428571
0.852941176471
0.823529411765
0.55
0.789473684211
0.588235294118
0.583333333333
0.805555555556
0.709677419355
0.631578947368
0.727272727273
0.652173913043
0.0
0.428571428571
0.0
0.0
0.0
0.0
0.0
0.0
0.3
0.333333333333
0.5
0.782608695652
0.84375
0.852941176471
0.916666666667
0.92
0.818181818182
0.813953488372
0.808510638298
0.859649122807
0.892857142857
0.92
0.829787234043
0.78125
0.666666666667
0.722222222222
0.0
0.0
0.0
0.0
0.2
0.571428571429
0.695652173913
0.905405405405
0.929824561404
0.9
0.836363636364
0.916666666667
0.72972972973
0.819672131148
0.811320754717
0.761904761905
0.903846153846
0.839285714286
0.851851851852
0.818181818182
0.829787234043
0.52380952381
0.782608695652
0.4
0.0
0.0
0.0
0.0
0.375
0.357142857143
0.89552238806
0.894736842105
0.892307692308
0.783783783784
0.890909090909
0.886363636364
0.916666666667
0.948275862069
0.894736842105
0.916666666667
0.853658536585
0.772727272727
0.836363636364
0.875
0.777777777778
0.851851851852
0.692307692308
0.272727272727
0.272727272727
0.0
0.0
0.0
0.285714285714
0.692307692308
0.888888888889
0.954545454545
0.840909090909
0.717948717949
0.75
0.893617021277
0.931034482759
0.925925925926
0.787234042553
0.806451612903
0.942307692308
0.930555555556
0.9875
0.88
0.890909090909
0.868421052632
0.72
0.4
0.142857142857
0.0
0.0
0.0
0.125
0.684210526316
0.870967741935
0.838235294118
0.946666666667
0.7
0.795454545455
0.80487804878
0.842105263158
0.869565217391
0.757575757576
0.684210526316
0.863636363636
0.769230769231
0.790697674419
0.906976744186
0.923076923077
0.666666666667
0.4
0.5
0.727272727273
0.0
0.0
0.0
0.0
0.5
0.705882352941
0.866666666667
0.904761904762
0.813953488372
0.822222222222
0.885714285714
0.825
0.883720930233
0.833333333333
0.789473684211
0.578947368421
0.818181818182
0.774193548387
0.375
0.521739130435
0.5
0.461538461538
1.0
0.0
0.0
0
0.0
0
0.0
0.111111111111
0.647058823529
0.875
0.777777777778
0.7
0.818181818182
0.72
0.864864864865
0.857142857143
0.677419354839
0.708333333333
0.774193548387
0.7
0.692307692308
0.925925925926
0.8125
0.666666666667
0.375
0.0
0.0
0.0
0.0
0.0
0.0
0.0
0.777777777778
0.909090909091
0.961538461538
0.724137931034
0.857142857143
0.774193548387
0.803571428571
0.782608695652
0.94
0.87037037037
0.837209302326
0.875
0.921568627451
0.843137254902
0.777777777778
0.428571428571
0.5
0.363636363636
0.0
0.0
0.0
0.0
0.1
0.5
0.848484848485
0.881355932203
0.884615384615
0.82
0.89247311828
0.968253968254
0.786666666667
0.913043478261
0.850746268657
0.966666666667
0.89552238806
0.944444444444
0.846153846154
0.857142857143
0.666666666667
0.8
0.416666666667
0.222222222222
0.0
0
0.0
0.444444444444
0.636363636364
0.804347826087
0.893617021277
0.892307692308
0.857142857143
0.890625
0.86
0.854545454545
0.888888888889
0.854838709677
0.804347826087
0.883333333333
0.888888888889
0.907407407407
0.824561403509
0.872727272727
0.75
0.416666666667
0.307692307692
0.166666666667
0.0
0.0
0.0
0.0
0.384615384615
0.791666666667
0.763157894737
0.912280701754
0.790697674419
0.837209302326
0.931034482759
0.864406779661
0.843137254902
0.870967741935
0.813559322034
0.871428571429
0.918032786885
0.904761904762
0.931506849315
0.929577464789
0.833333333333
0.727272727273
0.0
0.384615384615
0.0
0.0
0.0
0.0
0.0769230769231
0.681818181818
0.846153846154
0.849315068493
0.824561403509
0.904109589041
0.880597014925
0.872340425532
0.938775510204
0.913978494624
0.932432432432
0.911392405063
0.938775510204
0.882352941176
0.870967741935
0.842105263158
0.795454545455
0.761904761905
0.473684210526
0.444444444444
0.0
0.0
0.0
0.0
0.2
0.76
0.730769230769
0.813953488372
0.888888888889
0.959595959596
0.991935483871
0.930434782609
0.905263157895
0.823529411765
0.722222222222
0.689655172414
0.769230769231
0.852941176471
0.814814814815
0.730769230769
0.684210526316
0.0
0.0
0.0
0.0
0.0
0
0.0
0.0
0.0
0.5
0.611111111111
0.722222222222
0.818181818182
0.810810810811
0.5
0.588235294118
0.76
0.7
0.782608695652
0.777777777778
0.611111111111
0.821428571429
0.84
0.866666666667
0.444444444444
0.0
0.0
0.0
0.0
0.0
0.0
0.0
0.0
0.789473684211
0.777777777778
0.925925925926
0.766666666667
0.853658536585
0.804347826087
0.88
0.928571428571
0.913043478261
0.867924528302
0.859649122807
0.738095238095
0.859649122807
0.860465116279
0.8
0.833333333333
0.571428571429
0.4
0.333333333333
0.0
0.0
0.0
0.65
0.789473684211
0.733333333333
0.727272727273
0.882352941176
0.775
0.827586206897
0.85
0.898305084746
0.892307692308
0.770833333333
0.784615384615
0.765625
0.876712328767
0.80701754386
0.827586206897
0.774193548387
0.740740740741
0.5
0.625
0.4
0.0
0.0
0.5
0.666666666667
0.911764705882
0.94
0.949152542373
0.705882352941
0.666666666667
0.9
0.923076923077
0.8125
0.842105263158
0.529411764706
0.95
0.851851851852
0.742857142857
0.782608695652
0.851851851852
0.55
0.363636363636
0.25
0.25
1.0
0
0.0
0.0
0.0
0.454545454545
0.631578947368
0.827586206897
0.928571428571
0.590909090909
0.892857142857
0.9
0.548387096774
0.5625
0.666666666667
0.785714285714
0.869565217391
0.826086956522
0.652173913043
0.739130434783
0.578947368421
0.384615384615
0.0
0.0
0.0
0.0
0
0.0
0.0
0.0
0.75
0.666666666667
0.857142857143
0.625
0.8
0.793103448276
0.846153846154
0.75
0.6
0.772727272727
0.722222222222
0.733333333333
0.952380952381
0.666666666667
0.571428571429
0.0
0.0
0.0
0.0
0.0
0.0
0.0
0.0
0.0
0.0
0.8
0.791666666667
0.333333333333
0.736842105263
0.72
0.838709677419
0.727272727273
0.807692307692
0.88
0.8
0.72
0.1
0.695652173913
0.727272727273
0.4
0.0
0.0
0.0
0.0
0.0
0.0
0.0
0.6
0.739130434783
0.727272727273
0.684210526316
0.84
0.678571428571
0.851851851852
0.891891891892
0.90625
0.730769230769
0.705882352941
0.75
0.892857142857
0.851851851852
0.818181818182
0.75
0.461538461538
0.0
0.0
0.0
0.0
0.0
0.0
0.111111111111
0.5
0.823529411765
0.76
0.714285714286
0.846153846154
0.916666666667
0.777777777778
0.782608695652
0.880952380952
0.909090909091
0.75
0.864864864865
0.905660377358
0.932203389831
0.816666666667
0.825
0.714285714286
0.266666666667
0.3
0.272727272727
1.0
0.142857142857
0.7
0.666666666667
0.820512820513
0.785714285714
0.790697674419
0.952380952381
0.830508474576
0.9
0.884615384615
0.911764705882
0.836363636364
0.842105263158
0.893939393939
0.893939393939
0.948275862069
0.931034482759
0.833333333333
0.764705882353
0.733333333333
0.0
0.416666666667
0.375
0.4
0.428571428571
0.625
0.666666666667
0.833333333333
0.8
0.866666666667
0.843137254902
0.90625
0.843137254902
0.878787878788
0.924242424242
0.870967741935
0.894736842105
0.87012987013
0.938271604938
0.944444444444
0.918604651163
0.787234042553
0.818181818182
0.761904761905
0.3
0.0
0.0
0.0
0.5
0.375
0.555555555556
0.848484848485
0.888888888889
0.954545454545
0.777777777778
0.942857142857
0.824561403509
0.939393939394
0.893939393939
0.864406779661
0.915492957746
0.882352941176
0.905882352941
0.915662650602
0.942028985507
0.901960784314
0.861111111111
0.631578947368
0.583333333333
0.125
0.333333333333
0.0
0.0
0.333333333333
0.823529411765
0.793103448276
0.807692307692
0.836363636364
0.890625
0.854545454545
0.846153846154
0.777777777778
0.868421052632
0.851851851852
0.888888888889
0.964705882353
0.920792079208
0.881578947368
0.881355932203
0.769230769231
0.730769230769
0.526315789474
0.454545454545
0.571428571429
0.333333333333
0.0
0.0
0.2
0.6
0.871794871795
0.828125
0.807692307692
0.885245901639
0.881355932203
0.89552238806
0.949367088608
0.93023255814
0.909090909091
0.897058823529
0.878787878788
0.876923076923
0.941176470588
0.885245901639
0.636363636364
0.153846153846
0.384615384615
0.222222222222
0.0
0.0
0
0.0
0.0
0.0
0.285714285714
0.923076923077
0.85
0.45
0.809523809524
0.8
0.807692307692
0.75
0.588235294118
0.842105263158
0.933333333333
0.777777777778
0.684210526316
0.692307692308
0.75
0.25
0.181818181818
0.222222222222
0.0
0.0
0.0
0.0
0.0
0.1
0.714285714286
0.666666666667
0.894736842105
0.739130434783
0.931034482759
0.821428571429
0.724137931034
0.772727272727
0.789473684211
0.78125
0.771428571429
0.882352941176
0.727272727273
0.75
0.684210526316
0.588235294118
0.533333333333
0.0
0.0
0.0
0.0
0.0
0.0
0.826086956522
0.647058823529
0.866666666667
0.611111111111
0.806451612903
0.545454545455
0.842105263158
0.882352941176
0.964285714286
0.884615384615
0.625
0.866666666667
0.631578947368
0.8
0.730769230769
0.6
0.285714285714
0.0
0.0
0.0
0.0
0.0
0.0
0.0
0.0
0.642857142857
0.625
0.740740740741
0.642857142857
0.794117647059
0.777777777778
0.851851851852
0.739130434783
0.647058823529
0.454545454545
0.681818181818
0.666666666667
0.846153846154
0.818181818182
0.454545454545
0.615384615385
0.0
0.0
0.0
0.0
0.0
0.0
0.0769230769231
0.388888888889
0.588235294118
0.8125
0.823529411765
0.9
0.777777777778
0.823529411765
0.807692307692
0.636363636364
0.642857142857
0.7
0.764705882353
0.5
0.285714285714
0.5
0.5625
0.363636363636
0.0
0.0
0.0
0
0.0
0.0
0.0
0.0
0.5
0.444444444444
0.714285714286
0.631578947368
0.416666666667
0.916666666667
0.846153846154
0.846153846154
0.416666666667
0.52380952381
0.578947368421
0.705882352941
0.733333333333
0.6
0.8
0.0
0.555555555556
0.0
0.166666666667
0.0
0.0
0.0
0.0909090909091
0.222222222222
0.3
0.5625
0.818181818182
0.666666666667
0.25
0.666666666667
0.333333333333
0.666666666667
0.0
0.0
0.222222222222
0.533333333333
0.625
0.375
0.571428571429
0.0
0.0
0.0
0.0
0.0
0
0
0.0
0.0
0.0
0.0
0.0
0.692307692308
0.4
0.111111111111
0.285714285714
0.4
0.166666666667
0.444444444444
0.25
0.0
0.25
0.0833333333333
0.666666666667
0.0
0.0
0.0
0.0
0
0
0
0.0
0.0
0.0
0.0
0.0
0.0
0.166666666667
0.529411764706
0.692307692308
0.285714285714
0.45
0.5
0.736842105263
0.65
0.428571428571
0.588235294118
0.583333333333
0.416666666667
0.5
0.4
0.0
0.0
0.0
0.0
0.0
0.0
0.6
0.5
0.666666666667
0.538461538462
0.25
0.714285714286
0.727272727273
0.363636363636
0.583333333333
0.416666666667
0.333333333333
0.714285714286
0.6
0.285714285714
0.666666666667
0.636363636364
0.0
0.0
0
0
0.0
0.0
0.0
0.0
0.272727272727
0.5625
0.571428571429
0.545454545455
0.444444444444
0.9
0.636363636364
0.0
0.0
0.0
0.0
0.454545454545
0.25
0.454545454545
0.625
0.0
0.0
0.0
0
0.0
0.0
0
0.0
0.0
0.0
0.0
0.25
0.333333333333
0.466666666667
0.142857142857
0.181818181818
0.0
0.0
0.0
0.181818181818
0.142857142857
0.454545454545
0.0
0.0
0.0
0.0
0.0
0
0
0.0
0.0
0.0
0.0
0.0833333333333
0.222222222222
0.363636363636
0.444444444444
0.5
0.444444444444
0.285714285714
0.142857142857
0.285714285714
0.0
0.0
0.0
0.0
0.0
0.0
0.0
0.0
0.0
0
0.0
0
0
0.777777777778
0.2
0.918367346939
0.666666666667
0.466666666667
0.0
0.0
0.166666666667
0.25
0.2
0.25
0.0
0.333333333333
0.5
0.0
0.0
0.0
0.0
0.0
0.0
0
0
0
0
0
0
0.0
0.0
0.0
0.0
0.0
0.0
0.0
0.0
0.0
0.0
0.0
0.0
0.0
0.0
0
0.0
0.0
0.0
0
0
0.0
0
0
0.0
0.0
0.0
0.0
0.0
0.0
0.0
0.0
0.166666666667
0.0
0.0
0.0
0.0
0.0
0.0
0.0
0.0
0
0
0.0
0.0
0
0
0.0
0
0.0
0.0833333333333
0.0
0.0
0.0
0.142857142857
0.0
0.0
0.0
0.0
0.0
0.0
0.0
0
0.0
0
0.0
0
0
0
0
0
0.0
0
0.0
0.0
0.0
0.0
0.0
0.0
0.0
0.0
0.0
0.0
0.0
0.0
0.0
0
0.0
0
0.0
0.0
0.0
0
0
0.0
0
0.0
0.0
0.0
0.0
0.0
0.0
0.0
0.0
0
0.0
0.0
0
0.0
0.0
0.0
0
0
0.0
0.0
0.0
0
0.0
0.0
0
0
0.0
0.0
0.0
0.0
0.0
0
0.0
0.0
0.0
0.0
0.0
0.0
0
0.0
0.0
0.0
0
0.0
0
0
0
0
0
0
0
0.0
0.0
0.0
0.0
0
0.0
0.0
0.0
0.0
0.0
0.0
0.0
0.0
0.0
0.0
0.0
0.0
0.0
0
0
0
0
0
0.0
0.0
0.0
0.0
0
0.0
0.0
0.0
0.0
0.0
0.0
0
0.0
0
0
0.0
0.0
0
0
0.0
0.0
0
0.0
0
0.0
0.0
0
0.0
0.0
0.0
0
0.0
0.0
0.0
0.0
0.0
0.0
0.0
0
0.0
0
0.0
0
0.0
0.0
0
0
0.0
0.0
0.0
0.0
0.0
0.0
0.0
0.166666666667
0.0
0.0
0.0
0.0
0.0
0.0
0.0
0
0.0
0
0.0
0
0
0.0
0
0
0
0.0
0.0
0.0
0.0
0.0
0.0
0.0
0.0
0
0.0
0.0
0.0
0.0
0.0
0
0.0
0
0
0
0.0
0
0
0.0
0.0
0.0
0.0
0.0
0.0
0.0
0.0
0.0
0
0.0
0.0
0.0
0.0
0.0
0.0
0.0
0.0
0.0
0.0
0
0
0.0
0.0
0
0
0
0.0
0.0
0.0
0.0
0.0
0.0
0.0
0.0
0.0
0.0
0.0
0.0
0.0
0
0.0
0.0
0.0
0
0.0
0
0
0.0
0
0.0
0.0
0.0
0.0
0.0
0.0
0.0
0.0
0.0
0.0
0.0
0.0
0.0
0.0
0.0
0.0
0.0
0
0
0
0
0
0.0
0.0
0.0
0.0
0.0
0.0
0.0
0.0
0.0
0.0
0
0.0
0.0
0.0
0.0
0.0
0
0.0
0.0
0
0
0.0
0.0
0
0
0
0.0
0.0
0.0
0.0
0.0
0.0
0.0
0.0
0.0
0.0
0.0
0.5
0.0
0.0
0.0
0
0.0
0
0
0
0
0
0
0.0
0.0
0.75
0.666666666667
0.375
0.6
0.0
0.142857142857
0.363636363636
0.0
0.0
0.1
0.0
0.0
0.0
0.0
0.0
0.0
0
0.0
0
0
0
0
0.0
0.0
0.521739130435
0.4
0.6
0.230769230769
0.666666666667
0.0
0.545454545455
0.0
0.0
0.0
0.0
0.0
0.0
0.0
0.0
0.0
0.0
0
0
0.0
0
0.0
0.0
0.166666666667
0.740740740741
0.65
0.333333333333
0.761904761905
0.555555555556
0.4375
0.111111111111
0.0909090909091
0.352941176471
0.434782608696
0.636363636364
0.5
0.0
0.0
0.0
0.0
0
0
0
0
0
0.0
0.428571428571
0.65
0.735294117647
0.2
0.685714285714
0.620689655172
0.684210526316
0.538461538462
0.590909090909
0.566666666667
0.444444444444
0.769230769231
0.684210526316
0.352941176471
0.0
0.0
0.0
0.0
0
0
0
0.0
0.0
0.0
0.0
0.0
0.625
0.853658536585
0.555555555556
0.625
0.666666666667
0.5625
0.333333333333
0.0
0.0
0.0
0.416666666667
0.0
0.0
0.142857142857
0.0
0.0
0.0
0
0
0
0.0
0.0
0.0
0.0
0.0
0.0
0.0
0.0
0.5
0.454545454545
0.538461538462
0.25
0.357142857143
0.285714285714
0.0
0.0
0.0
0.0
0.0
0.0
0
0
0
0
0
0
0.0
0.0
0.0
0.0
0.6875
0.842105263158
0.307692307692
0.588235294118
0.642857142857
0.714285714286
0.384615384615
0.555555555556
0.647058823529
0.578947368421
0.0
0.388888888889
0.0
0.0
0
0.0
0.0
0
0.0
0.0
0.0
0.44
0.771428571429
0.6
0.666666666667
0.818181818182
0.678571428571
0.588235294118
0.677419354839
0.722222222222
0.885714285714
0.7
0.739130434783
0.769230769231
0.4
0.555555555556
0.222222222222
0.0
0
0
0
0.0
0
0.0
0.0
0.814814814815
0.545454545455
0.3125
0.636363636364
0.75
0.47619047619
0.631578947368
0.757575757576
0.666666666667
0.761904761905
0.655172413793
0.857142857143
0.820512820513
0.836734693878
0.615384615385
0.25
0.0
0.0
0
0.0
0
0.0
0.0
0.0909090909091
0.783783783784
0.859375
0.881355932203
0.722222222222
0.74358974359
0.645161290323
0.745098039216
0.8125
0.763157894737
0.777777777778
0.648648648649
0.909090909091
0.892857142857
0.853658536585
0.52380952381
0.375
0.0
0.0
0.0
0.0
0.0
0.0
0.0
0.68
0.977011494253
0.87037037037
0.84
0.844827586207
0.881355932203
0.761904761905
0.863636363636
0.816666666667
0.867924528302
0.813559322034
0.882352941176
0.819672131148
0.907692307692
0.95652173913
0.705882352941
0.3125
0.636363636364
0.0
0.0
0.0
0.0
0.0
0.0
0.315789473684
0.68
0.94
0.951807228916
0.84126984127
0.924528301887
0.876543209877
0.891891891892
0.775510204082
0.765957446809
0.72972972973
0.833333333333
0.677419354839
0.848484848485
0.828571428571
0.555555555556
0.0
0.0
0.0
0.0
0.0
0.0
0
0.0
0.0
0.0
0.272727272727
0.6
0.214285714286
0.764705882353
0.6
0.565217391304
0.769230769231
0.647058823529
0.916666666667
0.625
0.642857142857
0.611111111111
0.529411764706
0.384615384615
0.166666666667
0.0
0.0
0.0
0.0
0
0.0
0.0
0.0
0.0
0.647058823529
0.882352941176
0.869565217391
0.763157894737
0.735294117647
0.608695652174
0.818181818182
0.7
0.576923076923
0.783783783784
0.791666666667
0.875
0.733333333333
0.588235294118
0.416666666667
0.571428571429
0.125
0
0
0.0
0.0
0.0
0.0
0.733333333333
0.631578947368
0.8
0.5
0.918367346939
0.90625
0.882352941176
0.8
0.736842105263
0.709677419355
0.771428571429
0.854166666667
0.862745098039
0.911764705882
0.777777777778
0.555555555556
0.0
0.333333333333
0.0
0.0
0.0
0.0
0.0
0.461538461538
0.684210526316
0.851851851852
0.647058823529
0.826086956522
0.769230769231
0.864864864865
0.85
0.883720930233
0.888888888889
0.888888888889
0.862068965517
0.772727272727
0.903225806452
0.72972972973
0.666666666667
0.214285714286
0.375
0.25
0.0
0
0
0.0
0.0
0.153846153846
0.571428571429
0.75
0.774193548387
0.894736842105
0.886363636364
0.931034482759
0.938461538462
0.914634146341
0.921052631579
0.847457627119
0.885057471264
0.920792079208
0.878048780488
0.854838709677
0.612903225806
0.454545454545
0.25
0.0
0.0
0.0
0.0
0.0
0.307692307692
0.555555555556
0.857142857143
0.688888888889
0.740740740741
0.862068965517
0.936507936508
0.75
0.863157894737
0.845454545455
0.815384615385
0.886363636364
0.862068965517
0.873015873016
0.923076923077
0.859375
0.8
0.625
0.75
0.0
0
0.0
0.0
0.0
0.0
0.235294117647
0.666666666667
0.868421052632
0.83606557377
0.916666666667
0.859375
0.936842105263
0.922077922078
0.861111111111
0.807692307692
0.907692307692
0.705882352941
0.90243902439
0.933333333333
0.694444444444
0.5
0.416666666667
0.0
0.0
0.0
0
0.0
0.0
0.0
0.0
0.0
0.454545454545
0.571428571429
0.5
0.625
0.8
0.4375
0.863636363636
0.655172413793
0.766666666667
0.642857142857
0.653846153846
0.7
0.56
0.142857142857
0.0909090909091
0.0
0
0.0
0
0
0
0.0
0.0
0.0
0.25
0.722222222222
0.9
0.862068965517
0.741935483871
0.6875
0.76
0.807692307692
0.914285714286
0.891304347826
0.74358974359
0.565217391304
0.833333333333
0.571428571429
0.55
0.333333333333
0.0
0.0
0.0
0.0
0.0
0.0
0.111111111111
0.722222222222
0.895238095238
0.692307692308
0.71875
0.942028985507
0.9
0.811320754717
0.825
0.558823529412
0.829268292683
0.837209302326
0.821428571429
0.83606557377
0.765957446809
0.8125
0.2
0.0909090909091
0.0
0.0
0.0
0.0
0.0
0.466666666667
0.695652173913
0.717391304348
0.783783783784
0.891891891892
0.761904761905
0.872340425532
0.844444444444
0.905660377358
0.869565217391
0.645161290323
0.820512820513
0.765957446809
0.820512820513
0.85
0.730769230769
0.5
0.75
0.0
0.166666666667
0.0
0.0
0.0
0.0
0
0.0
0.5
0.917808219178
0.653846153846
0.521739130435
0.830188679245
0.739130434783
0.816326530612
0.830188679245
0.833333333333
0.820512820513
0.890909090909
0.875
0.911764705882
0.87037037037
0.825
0.653846153846
0.142857142857
0.142857142857
0.0
0.0
0
0.0
0.0714285714286
0.851063829787
0.886363636364
0.833333333333
0.896551724138
0.952380952381
0.897959183673
0.745098039216
0.666666666667
0.764705882353
0.833333333333
0.9
0.829268292683
0.872340425532
0.871794871795
0.838709677419
0.538461538462
0.0
0.3
0.333333333333
0.0
0
0.0
0.0
0.0
0.111111111111
0.764705882353
0.787878787879
0.8
0.714285714286
0.866666666667
0.894736842105
0.697674418605
0.619047619048
0.5
0.631578947368
0.705882352941
0.3
0.555555555556
0.714285714286
0.222222222222
0.333333333333
0.25
0
0
0.0
0
0.0
0.0
0.0
0.461538461538
0.714285714286
0.705882352941
0.736842105263
0.375
0.772727272727
0.65
0.882352941176
0.470588235294
0.833333333333
0.7
0.470588235294
0.533333333333
0.75
0.714285714286
0.181818181818
0.0
0.0
0.0
0.0
0.0
0.0
0.0
0.0
0.428571428571
0.823529411765
0.5625
0.875
0.608695652174
0.84
0.84
0.833333333333
0.681818181818
0.583333333333
0.722222222222
0.708333333333
0.545454545455
0.838709677419
0.5
0.230769230769
0.166666666667
0.0
0.0
0.0
0.0
0.0
0.0
0.266666666667
0.854545454545
0.882352941176
0.848484848485
0.775
0.777777777778
0.78431372549
0.910714285714
0.853658536585
0.904761904762
0.75
0.882352941176
0.764705882353
0.838709677419
0.836363636364
0.758620689655
0.611111111111
0.461538461538
0.0
0.0
0.0
0.0
0.0
0.666666666667
0.818181818182
0.854166666667
0.883720930233
0.929824561404
0.891891891892
0.818181818182
0.744186046512
0.852941176471
0.918367346939
0.939393939394
0.891891891892
0.833333333333
0.8
0.836363636364
0.904761904762
0.677419354839
0.428571428571
0.384615384615
0.5
0
0.0
0.0
0
0.0
0.675675675676
0.730769230769
0.851063829787
0.809523809524
0.923076923077
0.866666666667
0.827586206897
0.938775510204
0.910447761194
0.880597014925
0.796610169492
0.868421052632
0.927083333333
0.917808219178
0.859154929577
0.824561403509
0.3125
0.0
0.0
0.0
0.0
0.0
0.0
0.0
0.772727272727
0.883333333333
0.863636363636
0.738095238095
0.911392405063
0.704545454545
0.887096774194
0.876712328767
0.819444444444
0.725806451613
0.872727272727
0.849056603774
0.925925925926
0.936507936508
0.824561403509
0.84
0.653846153846
0.166666666667
0.142857142857
0.0
0.0
0.0
0.0
0.0
0.58064516129
0.695652173913
0.875
0.782608695652
0.741935483871
0.75
0.947368421053
0.764705882353
0.787878787879
0.703703703704
0.774193548387
0.769230769231
0.571428571429
0.538461538462
0.72
0.923076923077
0.571428571429
0.0
0.0
0
0
0
0.0
0.0
0.0
0.727272727273
0.705882352941
0.5625
0.722222222222
0.631578947368
0.730769230769
0.705882352941
0.666666666667
0.904761904762
0.68
0.714285714286
0.666666666667
0.764705882353
0.666666666667
0.222222222222
0.416666666667
0.285714285714
0.0
0.0
0.0
0.0
0.0
0.0
0.0
0.0
0.5
0.761904761905
0.7
0.619047619048
0.758620689655
0.766666666667
0.911764705882
0.52
0.736842105263
0.685714285714
0.872340425532
0.833333333333
0.55
0.85
0.533333333333
0.0
0.0
0.0
0.0
0
0
0.0
0.454545454545
0.71875
0.769230769231
0.428571428571
0.829268292683
0.714285714286
0.875
0.891304347826
0.74358974359
0.717391304348
0.769230769231
0.833333333333
0.910256410256
0.88
0.804347826087
0.848484848485
0.678571428571
0.647058823529
0.5
0.0
0.0
0.0
0.0
0.423076923077
0.571428571429
0.709677419355
0.763157894737
0.878048780488
0.830769230769
0.894736842105
0.933333333333
0.86
0.828571428571
0.9
0.905660377358
0.863636363636
0.888888888889
0.9
0.820512820513
0.666666666667
0.592592592593
0.5
0.0
0.0
0.0
0.0
0.0
0.0
0.111111111111
0.829787234043
0.967741935484
0.58064516129
0.755555555556
0.804347826087
0.847826086957
0.878048780488
0.880952380952
0.8
0.836363636364
0.888888888889
0.839285714286
0.770833333333
0.820512820513
0.545454545455
0.461538461538
0.0
0.0
0.0
0.0
0.0
0.0
0.52380952381
0.906976744186
0.75
0.8125
0.893617021277
0.871794871795
0.756756756757
0.777777777778
0.780487804878
0.75
0.863636363636
0.872340425532
0.8125
0.863636363636
0.887096774194
0.72972972973
0.756756756757
0.56
0.266666666667
0.0
0.0
0.0
0.0
0.0
0.0
0.5625
0.612903225806
0.842105263158
0.903846153846
0.872340425532
0.8
0.864406779661
0.793103448276
0.71875
0.774193548387
0.7
0.555555555556
0.538461538462
0.352941176471
0.642857142857
0.333333333333
0.0
0.0
0
0.0
0
0
0.0
0.0
0.0
0.0
0.461538461538
0.809523809524
0.666666666667
0.666666666667
0.578947368421
0.526315789474
0.75
0.444444444444
0.416666666667
0.222222222222
0.533333333333
0.444444444444
0.5
0.2
0.0
0.0
0
0.0
0.0
0.0
0.0
0.0
0.0
0.125
0.470588235294
0.928571428571
0.769230769231
0.727272727273
0.652173913043
0.724137931034
0.828571428571
0.551724137931
0.75
0.966666666667
0.895833333333
0.793103448276
0.666666666667
0.695652173913
0.45
0.0
0.0
0.0
0
0.0
0.0
0.357142857143
0.4
0.760869565217
0.825
0.760869565217
0.810810810811
0.829268292683
0.888888888889
0.910714285714
0.911111111111
0.883720930233
0.883720930233
0.848484848485
0.89552238806
0.903846153846
0.770833333333
0.7
0.0
0.0
0.0
0.0
0
0.0
0.0
0.388888888889
0.733333333333
0.703703703704
0.633333333333
0.757575757576
0.787878787879
0.810810810811
0.789473684211
0.795918367347
0.810810810811
0.808510638298
0.710526315789
0.68
0.897058823529
0.836363636364
0.853658536585
0.85
0.333333333333
0.333333333333
0.0
0.0
0.0
0.0
0.0
0.142857142857
0.730769230769
0.684210526316
0.785714285714
0.790697674419
0.897959183673
0.846153846154
0.877551020408
0.866666666667
0.733333333333
0.763157894737
0.782608695652
0.904761904762
0.854166666667
0.876543209877
0.866666666667
0.857142857143
0.724137931034
0.0
0.0
0.0
0.0
0.0
0.0
0.3125
0.727272727273
0.72972972973
0.744186046512
0.829268292683
0.77358490566
0.836734693878
0.925373134328
0.888888888889
0.86
0.861111111111
0.808510638298
0.963414634146
0.873015873016
0.955223880597
0.865384615385
0.72
0.153846153846
0.272727272727
0
0
0.0
0
0.0
0.0
0.0
0.838709677419
0.847457627119
0.815789473684
0.851851851852
0.882352941176
0.951219512195
0.894117647059
0.77358490566
0.884615384615
0.861538461538
0.932203389831
0.915254237288
0.837209302326
0.782608695652
0.4
0.0
0.666666666667
0.0
0
0.0
0.0
0
0.0
0.0
0.375
0.909090909091
0.5
0.466666666667
0.833333333333
0.913043478261
0.8
0.8
0.857142857143
0.545454545455
0.5
0.777777777778
0.4
0.666666666667
0.692307692308
0.461538461538
0.142857142857
0.0
0.0
0.0
0.0
0.0
0.0
0.25
0.666666666667
0.666666666667
0.7
0.8
0.878787878788
0.954545454545
0.833333333333
0.828571428571
0.756756756757
0.875
0.945945945946
0.8
0.744680851064
0.829268292683
0.842105263158
0.307692307692
0.0
0.0
0.0
0.0
0.0
0
0.0
0.214285714286
0.891891891892
0.92
0.846153846154
0.833333333333
0.921052631579
0.837837837838
0.925
0.893617021277
0.93023255814
0.795454545455
0.830188679245
0.893939393939
0.934426229508
0.913043478261
0.65625
0.666666666667
0.555555555556
0.428571428571
0.0
0.0
0.0
0.0
0.181818181818
0.954545454545
0.757575757576
0.862068965517
0.861111111111
0.833333333333
0.75
0.833333333333
0.764705882353
0.690476190476
0.818181818182
0.766666666667
0.857142857143
0.905660377358
0.877551020408
0.837209302326
0.826086956522
0.65
0.428571428571
0.0
0.0
0
0.0
0.0
0.0
0.684210526316
0.642857142857
0.7
0.789473684211
0.864864864865
0.923076923077
0.80487804878
0.760869565217
0.888888888889
0.851063829787
0.928571428571
0.896551724138
0.929824561404
0.851063829787
0.901639344262
0.829268292683
0.142857142857
0.529411764706
0.333333333333
0.0
0.0
0.0
0.0
0.111111111111
0.822222222222
0.795454545455
0.794117647059
0.805555555556
0.863636363636
0.88
0.909090909091
0.923076923077
0.756756756757
0.883720930233
0.911111111111
0.905660377358
0.890909090909
0.8
0.7
0.783783783784
0.529411764706
0.454545454545
0.333333333333
0.0
0.25
0.0
0.0
0.0
0.636363636364
0.825
0.884615384615
0.882352941176
0.869565217391
0.936170212766
0.891891891892
0.815789473684
0.592592592593
0.722222222222
0.684210526316
0.761904761905
0.821428571429
0.705882352941
0.666666666667
0.428571428571
0.5
0.25
0.0
0.0
0
0.0
0.0
0.0
0.75
0.857142857143
0.785714285714
0.833333333333
0.695652173913
0.878787878788
0.818181818182
0.56
0.72
0.733333333333
0.833333333333
0.826086956522
0.75
0.636363636364
0.363636363636
0.363636363636
0.75
0.8
0.0
0.0
0.0
0.0
0.0
0.357142857143
0.6
0.571428571429
0.705882352941
0.789473684211
0.529411764706
0.84
0.846153846154
0.878787878788
0.714285714286
0.965517241379
0.939393939394
0.848484848485
0.840909090909
0.772727272727
0.772727272727
0.714285714286
0.333333333333
0.5
0.5
0.0
0.0
0.0
0.0
0.375
0.555555555556
0.833333333333
0.769230769231
0.857142857143
0.894736842105
0.68
0.607142857143
0.848484848485
0.833333333333
0.884615384615
0.870967741935
0.769230769231
0.84375
0.75
0.333333333333
0.5
0.333333333333
0.0
0.0
0
0
0.0
0.0
0.0
0.625
0.461538461538
0.826086956522
0.65
0.727272727273
0.791666666667
0.8
0.65
0.882352941176
0.4375
0.545454545455
0.615384615385
1.0
0.826086956522
0.818181818182
0.666666666667
0.666666666667
0
0.0
0
0.0
0.0
0.0
0.0
0.285714285714
0.666666666667
0.777777777778
0.736842105263
0.75
0.823529411765
0.5
0.333333333333
0.590909090909
0.739130434783
0.766666666667
0.857142857143
0.526315789474
0.818181818182
0.785714285714
0.375
0.285714285714
0.0
0.0
0.0
0.0
0.0
0.0
0.0
0.0
0.592592592593
0.5625
0.571428571429
0.818181818182
0.888888888889
0.848484848485
0.761904761905
0.388888888889
0.5
0.533333333333
0.846153846154
0.590909090909
0.666666666667
0.736842105263
0.666666666667
0.444444444444
0.25
0.0
0.0
0.0
0.0
0.0
0.0
0.5
0.0
0.8
0.619047619048
0.583333333333
0.555555555556
0.76
0.4
0.777777777778
0.454545454545
0.181818181818
0.642857142857
0.636363636364
0.6
0.2
0.0
0.0
0.0
0.0
0.0
0
0
0
0.0
0.0
0.142857142857
0.4
0.5
0.5
0.583333333333
0.5
0.636363636364
0.75
0.2
0.222222222222
0.333333333333
0.545454545455
0.666666666667
0.285714285714
0.0
0.333333333333
0.0
0
0.0
0
0.0
0
0.0
0.0
0.1
0.6
0.666666666667
0.7
0.6875
0.0769230769231
0.666666666667
0.842105263158
0.6875
0.592592592593
0.772727272727
0.842105263158
0.730769230769
0.826086956522
0.761904761905
0.5625
0.5
0.5
0
0.0
0
0.0
0.0
0.222222222222
0.794117647059
0.6875
0.833333333333
0.666666666667
0.612903225806
0.555555555556
0.827586206897
0.6875
0.757575757576
0.894736842105
0.897959183673
0.877551020408
0.877551020408
0.71875
0.769230769231
0.6875
0.25
0.2
0
0.0
0.0
0.0
0.0
0.3
0.62962962963
0.807692307692
0.890625
0.851063829787
0.780487804878
0.875
0.931818181818
0.891891891892
0.795454545455
0.866666666667
0.935483870968
0.846153846154
0.939024390244
0.890625
0.897435897436
0.6875
0.636363636364
0.166666666667
0.0
0.0
0.0
0.0
0.111111111111
0.730769230769
0.867924528302
0.8
0.782608695652
0.677419354839
0.783783783784
0.843137254902
0.957446808511
0.918367346939
0.912280701754
0.923076923077
0.882352941176
0.953125
0.942857142857
0.873015873016
0.822222222222
0.708333333333
0.5
0.333333333333
0.0
0.0
0.5
0.0
0.222222222222
0.860465116279
0.744186046512
0.837209302326
0.741935483871
0.830508474576
0.827586206897
0.914634146341
0.862068965517
0.845238095238
0.941176470588
0.9625
0.955555555556
0.964705882353
0.911392405063
0.948275862069
0.707317073171
0.4
0.166666666667
0.0
0.0
0.0
0.0
0.0
0.0
0.222222222222
0.739130434783
0.851851851852
0.936170212766
0.877192982456
0.923076923077
0.962962962963
0.880597014925
0.811320754717
0.906976744186
0.75
0.975609756098
0.838709677419
0.761904761905
0.8
0.4
0.142857142857
0.0
0.0
0.0
0.0
0.0
0
0.0
0.0
0.9
0.75
0.714285714286
0.75
0.76
0.52380952381
0.722222222222
0.727272727273
0.56
0.777777777778
0.526315789474
0.736842105263
0.875
0.666666666667
0.72
0.0
0.0
0.0
0.0
0
0.0
0.0
0.0
0.0
0.428571428571
0.571428571429
0.555555555556
0.75
0.810810810811
0.931034482759
0.906976744186
0.895833333333
0.85
0.880952380952
0.955555555556
0.892857142857
0.836734693878
0.790697674419
0.636363636364
0.631578947368
0.625
0.285714285714
0.0
0.0
0.0
0.0
0.166666666667
0.5625
0.833333333333
0.838709677419
0.875
0.755555555556
0.891304347826
0.761904761905
0.962264150943
0.939393939394
0.757575757576
0.790697674419
0.890625
0.9
0.910714285714
0.904761904762
0.757575757576
0.3125
0.5
0.0
0.0
0.0
0.0
0
0.0
0.357142857143
0.666666666667
0.72
0.736842105263
0.892857142857
0.717948717949
0.8
0.882352941176
0.872340425532
0.962264150943
0.846153846154
0.947368421053
0.921568627451
0.883333333333
0.795454545455
0.806451612903
0.703703703704
0.642857142857
0.222222222222
0.0
0.0
0.0
0.0
0.454545454545
0.666666666667
0.921052631579
0.861111111111
0.766666666667
0.861111111111
0.825
0.865384615385
0.875
0.709677419355
0.918367346939
0.9
0.974358974359
0.88679245283
0.936507936508
0.764705882353
0.818181818182
0.466666666667
0.6
0.2
0.0
0.0
0.0
0.0
0.363636363636
0.333333333333
0.888888888889
0.880952380952
0.821428571429
0.736842105263
0.742857142857
0.87037037037
0.818181818182
0.838709677419
0.714285714286
0.846153846154
0.833333333333
0.936507936508
0.821428571429
0.707317073171
0.703703703704
0.789473684211
0.894736842105
0.0
0.0
0
0.0
0.111111111111
0.0
0.611111111111
0.741935483871
0.806451612903
0.789473684211
0.86
0.810344827586
0.883333333333
0.912280701754
0.851851851852
0.813953488372
0.826923076923
0.821428571429
0.854545454545
0.771428571429
0.954545454545
0.5
0.454545454545
0.375
0.0
0.0
0
0.0
0
0.0
0.0
0.5
0.894736842105
0.75
0.793103448276
0.807692307692
0.791666666667
0.5625
0.833333333333
0.76
0.56
0.857142857143
0.736842105263
0.611111111111
0.833333333333
0.705882352941
0.583333333333
0.0
0.0
0.0
0
0.0
0.0
0.0
0.0
0.761904761905
0.625
0.941176470588
0.807692307692
0.84
0.921052631579
0.925925925926
0.944444444444
0.741935483871
0.695652173913
0.739130434783
0.833333333333
0.916666666667
0.911764705882
0.636363636364
0.5625
0.454545454545
0.0
0.0
0.0
0.0
0.0
0.166666666667
0.611111111111
0.878048780488
0.827586206897
0.897959183673
0.846153846154
0.880952380952
0.853658536585
0.811320754717
0.857142857143
0.80487804878
0.92
0.892857142857
0.935483870968
0.932432432432
0.886363636364
0.8
0.909090909091
0.444444444444
0.4
0.25
0.0
0.0
0.0
0.1
0.78125
0.93023255814
0.847826086957
0.9
0.862068965517
0.924528301887
0.918032786885
0.829787234043
0.842105263158
0.775
0.925
0.88679245283
0.94
0.871428571429
0.870967741935
0.896551724138
0.75
0.5
0.7
0.0
0.0
0.0
0.0
0.111111111111
0.555555555556
0.787878787879
0.811320754717
0.880952380952
0.944444444444
0.794871794872
0.890909090909
0.756756756757
0.769230769231
0.740740740741
0.93023255814
0.920634920635
0.969696969697
0.90625
0.875
0.769230769231
0.791666666667
0.555555555556
0.0
0.0
0.0
0.0
0.0
0.352941176471
0.428571428571
0.827586206897
0.870967741935
0.921875
0.866666666667
0.844444444444
0.9
0.794117647059
0.785714285714
0.907407407407
0.928571428571
0.958333333333
0.75
0.846153846154
0.727272727273
0.733333333333
0.571428571429
0.454545454545
0.2
0.0
0.0
0.0
0.0
0.0
0.0
0.555555555556
0.954545454545
0.903225806452
0.75
0.8125
0.84375
0.888888888889
0.763157894737
0.761904761905
0.935483870968
0.941176470588
0.285714285714
0.653846153846
0.545454545455
0.6875
0.3
0.0
0.0
0.5
0.0
0
0.0
0.0
0.333333333333
0.958333333333
0.416666666667
0.818181818182
0.789473684211
0.826086956522
0.5
0.875
0.592592592593
0.777777777778
0.8125
0.7
0.8
0.555555555556
0.583333333333
0.615384615385
0.333333333333
0.0
0.0
0.0
0
0.0
0.0
0.0
0.0
0.307692307692
0.583333333333
0.833333333333
0.47619047619
0.882352941176
0.75
0.916666666667
0.88
0.833333333333
0.733333333333
0.939393939394
0.854166666667
0.928571428571
0.820512820513
0.588235294118
0.578947368421
0.583333333333
0.333333333333
0.222222222222
0.0
0.0
0.0
0.0833333333333
0.681818181818
0.871794871795
0.878048780488
0.764705882353
0.891891891892
0.75
0.771428571429
0.8
0.736842105263
0.880952380952
0.833333333333
0.916666666667
0.903225806452
0.890909090909
0.948717948718
0.628571428571
0.608695652174
0.722222222222
0.25
0.166666666667
0.0
0.0
0.0
0.153846153846
0.772727272727
0.869565217391
0.794871794872
0.823529411765
0.885714285714
0.911111111111
0.865384615385
0.863636363636
0.846153846154
0.777777777778
0.8125
0.946428571429
0.8125
0.872727272727
0.763157894737
0.714285714286
0.5
0.4
0.5
0.0
0.0
0.0
0.0
0.214285714286
0.735294117647
0.830188679245
0.875
0.705882352941
0.804347826087
0.815789473684
0.863636363636
0.724137931034
0.829787234043
0.709677419355
0.860465116279
0.914893617021
0.936507936508
0.862745098039
0.853658536585
0.777777777778
0.6
0.285714285714
0.25
0.0
0.0
0.0
0.0
0.125
0.78431372549
0.795918367347
0.8
0.870967741935
0.931818181818
0.906976744186
0.875
0.775
0.782608695652
0.895833333333
0.86
0.867924528302
0.892307692308
0.86
0.90243902439
0.703703703704
0.578947368421
0.111111111111
0.0
0.0
0
0
0.0
0.0
0.625
0.8
0.774193548387
0.871794871795
0.853658536585
0.941176470588
0.815384615385
0.83606557377
0.592592592593
0.76
0.583333333333
0.705882352941
0.866666666667
0.862068965517
0.764705882353
0.866666666667
0.166666666667
0.0
0.0
0
0.0
0.0
0.0
0.0
0.625
0.822222222222
0.8
0.92
0.703703703704
0.65
0.75
0.722222222222
0.777777777778
0.363636363636
0.807692307692
0.769230769231
0.571428571429
0.722222222222
0.363636363636
0.375
0.0
0.0
0.0
0.0
0.0
0.0
0
0.0
0.181818181818
0.714285714286
0.571428571429
0.6
0.909090909091
0.84375
0.8
0.789473684211
0.8
0.757575757576
0.916666666667
0.836734693878
0.825
0.666666666667
0.833333333333
0.75
0.333333333333
0.0
0.0
0.0
0
0.0
0.0
0.181818181818
0.766666666667
0.83606557377
0.825
0.842105263158
0.823529411765
0.857142857143
0.836734693878
0.85
0.8
0.810810810811
0.735294117647
0.857142857143
0.883720930233
0.756756756757
0.821428571429
0.916666666667
0.769230769231
0.181818181818
0.111111111111
0.0
0.0
0.0
0.0
0.25
0.85
0.787878787879
0.714285714286
0.74358974359
0.805555555556
0.921052631579
0.920634920635
0.767441860465
0.8125
0.857142857143
0.731707317073
0.934782608696
0.905660377358
0.925
0.805555555556
0.758620689655
0.25
0.4
0.0
0.0
0.0
0.0
0.0
0.0
0.777777777778
0.926470588235
0.85
0.814814814815
0.789473684211
0.921875
0.836734693878
0.872727272727
0.931818181818
0.882352941176
0.826086956522
0.924242424242
0.927272727273
0.872727272727
0.846153846154
0.730769230769
0.526315789474
0.363636363636
0.0
0.0
0.0
0.0
0.454545454545
0.529411764706
0.725490196078
0.886363636364
0.826086956522
0.785714285714
0.846153846154
0.9
0.815789473684
0.833333333333
0.724137931034
0.827586206897
0.827586206897
0.689655172414
0.756756756757
0.764705882353
0.666666666667
0.333333333333
0.333333333333
0.428571428571
0.0
0.0
0.0
0.0
0.0
0.428571428571
0.363636363636
0.785714285714
0.875
0.787878787879
0.88679245283
0.8
0.872727272727
0.891304347826
0.703703703704
0.761904761905
0.8125
0.739130434783
0.833333333333
0.705882352941
0.5
0.8
0.285714285714
0.142857142857
0.0
0.0
0.0
0.0
0.0
0.4
0.5
0.970588235294
0.85
0.5
0.555555555556
0.7
0.821428571429
0.833333333333
0.739130434783
0.740740740741
0.666666666667
0.791666666667
0.769230769231
0.625
0.6
0.272727272727
0.555555555556
0.111111111111
0.0
0.0
0.0
0.0
0.0
0.0
0.333333333333
0.888888888889
0.0
0.789473684211
0.857142857143
0.9
0.88
0.884615384615
0.806451612903
0.75
0.833333333333
0.934782608696
0.787878787879
0.783783783784
0.818181818182
0.72
0.714285714286
0.5
0.0
0.0
0.2
0.0
0.0
0.5
0.652173913043
0.890909090909
0.763157894737
0.92
0.872340425532
0.8
0.910714285714
0.923076923077
0.84
0.909090909091
0.91935483871
0.89156626506
0.955882352941
0.879310344828
0.916666666667
0.636363636364
0.8
0.285714285714
0.333333333333
0.25
0.0
0.0
0.0
0.416666666667
0.702702702703
0.840909090909
0.645161290323
0.829787234043
0.857142857143
0.95652173913
0.869565217391
0.890625
0.936507936508
0.912280701754
0.952380952381
0.92
0.908163265306
0.897435897436
0.80487804878
0.666666666667
0.538461538462
0.615384615385
0.454545454545
0.0
0.166666666667
0.0
0.375
0.0
0.8
0.836363636364
0.837209302326
0.777777777778
0.777777777778
0.883333333333
0.916666666667
0.893617021277
0.945945945946
0.822222222222
0.923076923077
0.929824561404
0.953125
0.875
0.827586206897
0.75
0.533333333333
0.333333333333
0.285714285714
0.8
0.0
0.0
0.333333333333
0.583333333333
0.84375
0.903846153846
0.934782608696
0.615384615385
0.766666666667
0.789473684211
0.911111111111
0.717948717949
0.837837837838
0.882352941176
0.925
0.764705882353
0.891891891892
0.813953488372
0.741935483871
0.619047619048
0.555555555556
0.8
0.125
0.0
0.0
0.333333333333
0.166666666667
0.545454545455
0.619047619048
0.72
0.864864864865
0.916666666667
0.875
0.882352941176
0.923076923077
0.794117647059
0.828571428571
0.714285714286
0.571428571429
0.709677419355
0.931034482759
0.961538461538
0.6
0.0
0.272727272727
0.571428571429
0
0.0
0.0
0.0
0
0.0
0.0
0.813953488372
0.68
0.833333333333
0.684210526316
0.827586206897
0.928571428571
0.8
0.821428571429
0.791666666667
0.777777777778
0.870967741935
0.875
0.791666666667
0.785714285714
0.5
0.636363636364
0.2
0.5
0.0
0.0
0
0.0
0.0
0.538461538462
0.916666666667
0.769230769231
0.8
0.80487804878
0.892857142857
0.864406779661
0.8125
0.731707317073
0.823529411765
0.8
0.916666666667
0.938461538462
0.884615384615
0.86
0.777777777778
0.565217391304
0.818181818182
0.0
0.0
0.0
0.0
0.0
0.454545454545
0.75
0.854545454545
0.787234042553
0.9375
0.859649122807
0.863636363636
0.847826086957
0.893617021277
0.828125
0.837837837838
0.878787878788
0.966666666667
0.957142857143
0.851063829787
0.818181818182
0.676470588235
0.6875
0.0
0.0
0.0
0.0
0.0
0.0
0.722222222222
0.72
0.901960784314
0.85
0.727272727273
0.759259259259
0.947368421053
0.921875
0.896551724138
0.826086956522
0.814814814815
0.882352941176
0.920634920635
0.941860465116
0.963855421687
0.914285714286
0.84375
0.7
0.833333333333
0.6
0.285714285714
0.0
0.111111111111
0.166666666667
0.863636363636
0.878787878788
0.88679245283
0.868421052632
0.90243902439
0.866666666667
0.866666666667
0.875
0.9375
0.90625
0.879310344828
0.953846153846
0.926470588235
0.948979591837
0.918604651163
0.893939393939
0.783783783784
0.758620689655
0.272727272727
0.3
0.35
0.166666666667
0.806451612903
0.555555555556
0.782608695652
0.8125
0.853658536585
0.865671641791
0.8125
0.935483870968
0.887323943662
0.894736842105
0.852459016393
0.836363636364
0.855072463768
0.853333333333
0.959595959596
0.888888888889
0.915492957746
0.912280701754
0.617647058824
0.761904761905
0.5625
0.5
0.0
0
0.0
0.0
0.615384615385
0.653846153846
0.9
0.830508474576
0.846153846154
0.878787878788
0.890410958904
0.932432432432
0.917808219178
0.854545454545
0.860465116279
0.88679245283
0.898305084746
0.956043956044
0.92
0.787878787879
0.272727272727
0.0
0.0
0.0
0.0
0.0
0
0.0
0.0
0.666666666667
0.692307692308
0.894736842105
0.454545454545
0.684210526316
0.75
0.888888888889
0.647058823529
0.777777777778
0.333333333333
0.5625
0.882352941176
0.571428571429
0.5
0.727272727273
0.454545454545
0.666666666667
0.111111111111
0
0.0
0.0
0.0
0.0
0.0
0.2
0.8
0.615384615385
0.714285714286
0.722222222222
0.814814814815
0.903225806452
0.92
0.827586206897
0.730769230769
0.857142857143
0.852941176471
0.777777777778
0.785714285714
0.75
0.470588235294
0.272727272727
0.666666666667
0.0
0.0
0.0
0.0
0.125
0.666666666667
0.8
0.857142857143
0.823529411765
0.695652173913
0.875
0.80487804878
0.851851851852
0.807692307692
0.777777777778
0.758620689655
0.789473684211
0.708333333333
0.8
0.703703703704
0.4
0.6
0.0
0.0
0.0
0.0
0.0
0.0
0.0
0.0
0.8
0.823529411765
0.809523809524
0.647058823529
0.769230769231
0.75
0.789473684211
0.625
0.684210526316
0.8125
0.92
0.695652173913
0.848484848485
0.84375
0.72
0.555555555556
0.571428571429
0.0
0.0
0.0
0.0
0.0
0.0
0.3
0.666666666667
0.933333333333
0.903225806452
0.666666666667
0.814814814815
0.695652173913
0.821428571429
0.769230769231
0.766666666667
0.676470588235
0.875
0.918918918919
0.846153846154
0.555555555556
0.763157894737
0.888888888889
0.64
0.285714285714
0.0
0.529411764706
0.625
0.833333333333
0.428571428571
0.0
0.75
0.7
0.837837837838
0.75
0.75
0.764705882353
0.857142857143
0.785714285714
0.55
0.4375
0.466666666667
0.857142857143
0.851851851852
0.777777777778
0.875
0.0
0.125
0.0
0.0
0.0
0.0
0.0
0.0
0.25
0.647058823529
0.833333333333
0.709677419355
0.6875
0.529411764706
0.4
0.846153846154
0.733333333333
0.777777777778
0.384615384615
0.666666666667
0.4
0.545454545455
0.56
0.619047619048
0.0
0.0
0
0.166666666667
0.0
0
0.0
0.0
0.0
0.666666666667
0.913043478261
0.875
0.666666666667
0.363636363636
0.973684210526
0.4
0.285714285714
0.863636363636
0.5
0.789473684211
0.642857142857
0.705882352941
0.666666666667
0.333333333333
0.625
0.7
0.0
0.0
0
0.0
0.0
0.0
0.0
0.529411764706
0.846153846154
0.923076923077
0.625
0.652173913043
0.857142857143
0.96
0.769230769231
0.785714285714
0.782608695652
0.827586206897
0.857142857143
0.655172413793
0.894736842105
0.833333333333
0.357142857143
0.2
0.0
0.3
0.142857142857
0.0
0.2
0.0
0.454545454545
0.733333333333
0.821428571429
0.714285714286
0.782608695652
0.821428571429
0.8
0.730769230769
0.861111111111
0.5625
0.666666666667
0.777777777778
0.545454545455
0.578947368421
0.772727272727
0.636363636364
0.142857142857
0.222222222222
0.0833333333333
0.5
0.0
0.0
0.3
0.222222222222
0.625
0.772727272727
0.7
0.777777777778
0.666666666667
0.4
0.736842105263
0.5
0.583333333333
0.5
0.545454545455
0.5
0.625
0.333333333333
0.615384615385
0.363636363636
0.0
0.0
0.0
0.0
0.0
0.0
0.0
0.0
0.0
0.666666666667
0.764705882353
0.909090909091
0.75
0.555555555556
0.647058823529
0.75
0.5
0.0
0.538461538462
0.454545454545
0.142857142857
0.6
0.416666666667
0.363636363636
0.0
0.0
0.0
0.0
0.0
0
0.0
0.0
0.0
0.0
0.3
0.636363636364
0.375
0.111111111111
0.5
0.764705882353
0.642857142857
0.0
0.0
0.0
0.0
0.0
0.272727272727
0.6
0.0
0.0
0.0
0
0.0
0.0
0.0
0.0
0.0
0.0833333333333
0.615384615385
0.142857142857
0.444444444444
0.454545454545
0.4
0.142857142857
0.0
0.0
0.0
0.0
0.0
0.0
0.0
0.0
0.0
0.0
0
0.0
0.0
0.0
0.0
0.0
0.0
0.0
0.0
0.0
0
0.0
0.0
0.0
0.0
0.0
0.0
0.0
0.0
0.0
0.0
0.0
0.0
0
0.0
0.0
0
0.0
0
0.0
0
0.0
0.0
0.0
0.0
0.0
0.0
0.0
0.0
0.0
0.0
0.0
0.0
0.0
0.0
0.0
0.0
0
0
0.0
0.0
0
0
0.0
0.0
0.0
0.769230769231
0.625
0.5
0.5
0.857142857143
0.222222222222
0.444444444444
0.0
0.0
0.0
0.0
0.333333333333
0.0
0.0
0.0
0
0.0
0.0
0.0
0.0
0.0
0.0
0.0
0.0
0.769230769231
0.5
0.0
0.333333333333
0.647058823529
0.357142857143
0.222222222222
0.0
0.0
0.0
0.375
0.0
0.0
0.0
0.0
0
0.0
0.0
0
0.0
0.0
0.0
0.0
0.272727272727
0.545454545455
0.909090909091
0.461538461538
0.166666666667
0.5
0.625
0.285714285714
0.0
0.0
0.0
0.0
0.0
0.0
0.0
0.0
0
0
0
0
0
0.0
0.0
0.0
0.0
0.571428571429
0.0
0.4
0.545454545455
0.857142857143
0.444444444444
0.625
0.0
0.125
0.0
0.0
0.0
0.0
0.0
0.0
0.0
0.0
0
0.0
0
0.0
0.0
0.0
0.0
0.166666666667
0.0
0.0
0.555555555556
0.0
0.2
0.0
0.0
0.0
0.0
0.0
0.0
0.0
0.0
0.0
0.0
0.0
0.0
0
0.0
0
0.0
0.0
0.0
0.0
0.0
0.0
0.0
0.0
0.0
0.0
0.0
0.333333333333
0.0
0
0.0
0.0
0.0
0.0
0.25
0
0
0
0
0
0
0.0
0.0
0.0
0.125
0.125
0.0
0.0
0.0
0.0
0.0
0.0
0.0
0.333333333333
0
0.0
0.0
0.0
0.0
0.0
0
0
0
0.0
0.0
0.0
0.0
0.363636363636
0.285714285714
0.611111111111
0.5
0.777777777778
0.705882352941
0.636363636364
0.230769230769
0.454545454545
0.8125
0.923076923077
0.666666666667
0.0
0.0
0.0
0.0
0.0
0.0
0.0
0
0
0.0
0.0
0.214285714286
0.666666666667
0.5
0.625
0.636363636364
0.545454545455
0.761904761905
0.545454545455
0.9
0.636363636364
0.5
0.230769230769
0.5
0.714285714286
0.2
0.307692307692
0.0
0
0
0.0
0
0
0.0
0.0
0.692307692308
0.571428571429
0.5625
0.583333333333
0.666666666667
0.647058823529
0.5
0.692307692308
0.607142857143
0.416666666667
0.631578947368
0.25
0.333333333333
0.2
0.4
0.0
0.0
0.0
0
0
0
0.0
0.0
0.0
0.357142857143
0.533333333333
0.555555555556
0.777777777778
0.714285714286
0.6875
0.52380952381
0.545454545455
0.681818181818
0.555555555556
0.538461538462
0.55
0.6875
0.578947368421
0.25
0.0
0.0
0.0
0.0
0.0
0.0
0.0
0.0
0.0
0.631578947368
0.285714285714
0.4
0.277777777778
0.689655172414
0.75
0.5
0.444444444444
0.0
0.363636363636
0.285714285714
0.25
0.636363636364
0.111111111111
0.0
0.0
0.0
0
0.0
0
0.0
0
0.0
0.0
0.0
0.0
0.0
0.0
0.0
0.0
0.0
0.0
0.0
0.0
0.0
0.0
0.0
0.0
0.0
0.0
0
0.0
0
0
0
0
0
0.0
0.0
0.0
0
0.0
0.0
0.0
0.0
0.142857142857
0.0
0.0
0.0
0.0
0
0.0
0.0
0.0
0.0
0.0
0.0
0
0.0
0.0
0
0.0
0.0
0.0
0.0
0.0
0.0
0.3
0.5
0.0
0.0
0.0
0.142857142857
0.428571428571
0.5
0.0
0.0
0.5
0.0
0.0
0.0
0.0
0
0.0
0.0
0.52380952381
0.384615384615
0.666666666667
0.615384615385
0.5
0.736842105263
0.852941176471
0.588235294118
0.411764705882
0.0909090909091
0.352941176471
0.3125
0.461538461538
0.684210526316
0.5
0.0
0.0
0.0
0.0
0.0
0
0
0.0
0.0
0.375
0.545454545455
0.65
0.8
0.875
0.76
0.65
0.4375
0.636363636364
0.625
0.758620689655
0.733333333333
0.583333333333
0.75
0.666666666667
0.666666666667
0.0
0.166666666667
0.0
0.0
0.0
0
0.0
0.0
0.0
0.705882352941
0.56
0.793103448276
0.5625
0.578947368421
0.785714285714
0.727272727273
0.473684210526
0.583333333333
0.615384615385
0.3
0.625
0.473684210526
0.533333333333
0.142857142857
0.166666666667
0.0
0.0
0.0
0
0.0
0.0
0.0
0.0
0.0
0.857142857143
0.25
0.357142857143
0.740740740741
0.566666666667
0.1875
0.611111111111
0.428571428571
0.222222222222
0.636363636364
0.3
0.0
0.2
0.0
0.0
0.0
0.0
0
0
0.0
0
0.0
0.0
0.0
0.333333333333
0.538461538462
0.5
0.25
0.4
0.0
0.4
0.375
0.333333333333
0.444444444444
0.25
0.647058823529
0.2
0.0
0.5
0.0
0.0
0.0
0
0
0
0.0
0.0
0.0
0.0
0.25
0.222222222222
0.636363636364
0.416666666667
0.714285714286
0.125
0.428571428571
0.555555555556
0.25
0.526315789474
0.7
0.555555555556
0.0
0.0
0.0
0.0
0.0
0.0
0
0.0
0.0
0.0
0.454545454545
0.866666666667
0.5
0.578947368421
0.45
0.5
0.588235294118
0.708333333333
0.1
0.5
0.769230769231
0.5
0.555555555556
0.736842105263
0.538461538462
0.0
0.0
0.0
0.0
0.0
0
0.0
0.0
0.2
0.84
1.0
0.625
0.51724137931
0.875
0.75
0.9
0.636363636364
0.352941176471
0.666666666667
0.857142857143
0.85
0.6
0.666666666667
0.333333333333
0.0
0.0
0
0
0.0
0.0
0.0
0.0
0.454545454545
0.588235294118
0.75
0.75
0.55
0.574468085106
0.428571428571
0.652173913043
0.583333333333
0.625
0.857142857143
0.857142857143
0.625
0.52380952381
0.538461538462
0.0
0.375
0.0
0.0
0.0
0.0
0
0.0
0.0
0.774193548387
0.870967741935
0.833333333333
0.851851851852
0.333333333333
0.806451612903
0.75
0.727272727273
0.526315789474
0.0
0.878787878788
0.466666666667
0.533333333333
0.588235294118
0.307692307692
0.454545454545
0.444444444444
0.0
0.0
0.0
0.0
0.0
0.0
0.166666666667
0.96
0.7
0.611111111111
0.65625
0.142857142857
0.84375
0.619047619048
0.789473684211
0.307692307692
0.0909090909091
0.666666666667
0.555555555556
0.0
0.363636363636
0.272727272727
0.125
0
0.0
0.0
0.0
0
0
0.0
0.0
0.0
0.0
0.0
0.333333333333
0.666666666667
0.0
0.333333333333
0.5
0.0
0.0
0.0
0.0
0.0
0.0
0.0
0.0
0.0
0.0
0
0
0
0
0.0
0.0
0.0
0.0
0.0
0.285714285714
0.444444444444
0.5625
0.833333333333
0.615384615385
0.785714285714
0.583333333333
0.333333333333
0.7
0.642857142857
0.833333333333
0.538461538462
0.166666666667
0.0
0.0
0.0
0.0
0.0
0.0
0.0
0.0909090909091
0.928571428571
0.842105263158
0.913043478261
0.65
0.869565217391
0.678571428571
0.846153846154
0.730769230769
0.774193548387
0.785714285714
0.842105263158
0.78125
0.791666666667
0.774193548387
0.7
0.809523809524
0.125
0.142857142857
0.125
0.0
0.0
0.0
0.0
0.4
0.810810810811
0.555555555556
0.611111111111
0.263157894737
0.739130434783
0.619047619048
0.611111111111
0.684210526316
0.428571428571
0.384615384615
0.428571428571
0.578947368421
0.764705882353
0.266666666667
0.272727272727
0.5
0.0
0.0
0
0
0
0.0
0.0
0.5
0.953488372093
0.125
0.714285714286
0.368421052632
0.8125
0.592592592593
0.733333333333
0.846153846154
0.434782608696
0.739130434783
0.7
0.619047619048
0.8
0.740740740741
0.588235294118
0.444444444444
0.6
0.0
0.0
0.0
0
0
0
0.0
0.333333333333
0.578947368421
0.846153846154
0.653846153846
0.384615384615
0.611111111111
0.875
0.666666666667
0.588235294118
0.636363636364
0.2
0.631578947368
0.25
0.615384615385
0.647058823529
0.0
0.5
0.0
0.0
0
0
0
0.0
0.0
0.533333333333
0.964285714286
0.642857142857
0.733333333333
0.666666666667
0.84375
0.5625
0.526315789474
0.611111111111
0.25
0.684210526316
0.5
0.6
0.7
0.5
0.25
0.0
0.0
0.0
0
0
0.0
0.0
0.0
0.0
0.0
0.307692307692
0.714285714286
0.5
0.3125
0.823529411765
0.769230769231
0.555555555556
0.5
0.0
0.0
0.388888888889
0.714285714286
0.8
0.8
0.0
0.0
0.0
0
0.0
0.0
0.0
0.0
0.0
0.25
0.25
0.769230769231
0.857142857143
0.846153846154
0.666666666667
0.6
0.761904761905
0.727272727273
0.333333333333
0.454545454545
0.777777777778
0.782608695652
0.736842105263
0.611111111111
0.285714285714
0.0
0.285714285714
0.0
0.0
0.0
0.0
0.25
0.0769230769231
0.533333333333
0.777777777778
0.454545454545
0.684210526316
0.735294117647
0.684210526316
0.826086956522
0.666666666667
0.529411764706
0.75
0.5
0.8125
0.76
0.214285714286
0.3
0.5
0.0
0.0
0
0.0
0
0.0
0.0
0.444444444444
0.647058823529
0.9375
0.565217391304
0.357142857143
0.555555555556
0.772727272727
0.692307692308
0.272727272727
0.533333333333
0.416666666667
0.631578947368
0.769230769231
0.666666666667
0.684210526316
0.0
0.375
0.0
0.0
0.0
0.0
0.0
0.0
0.0
0.4
0.5625
0.823529411765
0.708333333333
0.647058823529
0.653846153846
0.896551724138
0.565217391304
0.5
0.708333333333
0.375
0.2
0.8
0.466666666667
0.583333333333
0.111111111111
0.166666666667
0.0
0.0
0
0
0.0
0.0
0.0
0.0
0.6
0.833333333333
0.823529411765
0.571428571429
0.815789473684
0.735294117647
0.906976744186
0.78125
0.642857142857
0.777777777778
0.4375
0.619047619048
0.375
0.642857142857
0.615384615385
0.5
0
0.0
0.0
0.0
0.0
0.0
0.272727272727
0.555555555556
0.647058823529
0.846153846154
0.740740740741
0.666666666667
0.948717948718
0.758620689655
0.785714285714
0.6
0.384615384615
0.5
0.1
0.545454545455
0.636363636364
0.375
0.428571428571
0.0
0.0
0.0
0
0.0
0
0.0
0.0
0.0
0.0
0.375
0.0
0.0
0.0434782608696
0.230769230769
0.25
0.125
0.5
0.0
0.636363636364
0.5
0.727272727273
0.0
0.1
0.0
0
0.0
0.0
0
0
0.0
0.0
0.0
0
0.0
0.5
0.571428571429
0.916666666667
0.769230769231
0.631578947368
0.555555555556
0.461538461538
0.384615384615
0.727272727273
0.769230769231
0.65
0.611111111111
0.333333333333
0.0
0.0
0.0
0.0
0.0
0.0
0.0
0.0625
0.538461538462
0.789473684211
0.590909090909
0.461538461538
0.363636363636
0.736842105263
0.842105263158
0.666666666667
0.333333333333
0.285714285714
0.25
0.0
0.166666666667
0.4
0.166666666667
0.0
0.0
0.0
0.0
0.0
0.0
0.0
0.0
0.0
0.0
0.8
0.928571428571
0.75
0.363636363636
0.533333333333
0.714285714286
0.9375
0.727272727273
0.0833333333333
0.0
0.25
0.444444444444
0.625
0.333333333333
0.2
0.0
0.0
0.0
0.0
0.0
0.0
0.0
0.0
0.0
0.64
0.6875
0.772727272727
0.4
0.884615384615
0.736842105263
0.466666666667
0.25
0.384615384615
0.0
0.0
0.222222222222
0.0
0.0
0.166666666667
0.125
0.5
0
0.0
0.0
0.0
0
0.0
0.0
0.230769230769
0.444444444444
0.588235294118
0.166666666667
0.625
0.5
0.625
0.0
0.0
0.0
0.0
0.111111111111
0.0
0.0
0.0
0.0
0.5
0
0
0
0
0.0
0.0
0.0
0.0909090909091
0.866666666667
0.818181818182
0.1
0.8
0.666666666667
0.6
0.222222222222
0.0
0.0
0.0
0.0
0.0
0.0
0.0
0.0
0
0
0.0
0
0.0
0.0
0.0
0
0.0
0.0
0.0
0.0
0.75
0.285714285714
0.0
0.0
0.4
0.0
0.0
0.0
0.0
0.0
0.0
0.0
0.0
0
0
0
0
0
0.0
0.0
0.0
0.0
0.0
0.0
0.0
0.0
0.166666666667
0.0
0.0
0.0
0.0
0.0
0.0
0.625
0.2
0.111111111111
0.0
0.0
0.0
0
0
0.0
0.0
0.5
0.583333333333
0.545454545455
0.538461538462
0.411764705882
0.9
0.857142857143
0.95
0.583333333333
0.2
0.181818181818
0.555555555556
0.666666666667
0.6
0.1
0.2
0.0
0.0
