0.0
0
0
0
0
0
0
0.0
0.0
0.0
0.0
0.0
0.0
0.0
0.0
0.0
0.0
0.0
0.0
0.0
0.0
0.0
0.0
0.0
0
0.0
0.0
0
0.0
0
0.0
0.0
0.0
0.0
0.0
0.0
0.0
0.0
0.0
0.0
0.0
0.0
0.0
0.0
0.0
0.0
0.0
0.0
0.0
0
0.0
0
0.0
0
0
0
0.0
0.0
0.0
0.0
0.0
0.0
0.0
0.0
0.0
0.0
0.0
0.0
0.0
0.0
0.0
0.0
0.0
0
0
0.0
0
0
0
0.0
0.0
0.0
0.0
0.0
0.0
0.0
0.0
0.0
0.0
0.0
0.0
0.0
0.0
0.0
0.0
0.0
0
0
0
0
0.0
0
0
0.0
0.0
0.0
0.0
0.0
0.0
0.0
0.0
0.0
0.0
0.0
0.0
0.0
0.0
0.0
0.0
0.0
0
0.0
0.0
0
0
0
0
0.0
0.0
0.0
0.0
0.0
0.0
0.0
0.0
0.0
0.0
0.0
0.0
0.0
0.0
0.0
0.0
0.0
0.0
0.0
0.0
0
0
0
0
0
0.0
0.0
0.0
0.0
0.0
0.0
0.0
0.0
0.0
0.0
0.0
0.0
0.0
0.0
0.0
0.0
0.0
0.0
0.0
0
0
0
0.0
0.0
0.0
0.0
0.241379310345
0.0
0.0
0.0
0.0
0.0
0.0
0.0
0.0
0.0
0.0
0.0
0.0
0.0
0.0
0.0
0.0
0
0.0
0
0
0.0
0.0
0.0
0.0
0.0
0.0
0.2
0.526315789474
0.0
0.0
0.0
0.0
0.0
0.0
0.0
0.0
0.0
0.0
0.0
0.0
0.0
0
0
0.0
0.0
0.0
0.0
0.0
0.583333333333
0.0909090909091
0.0
0.0
0.0
0.0
0.0
0.0
0.0
0.0
0.0
0.0
0.0
0.0
0.0
0
0.0
0
0.0
0.0
0.0
0.0
0.0
0.0
0.0
0.0
0.0
0.0
0.0
0.0
0.0
0.0
0.0
0.0
0.0
0.0
0.0
0.0
0.0
0
0
0
0
0.0
0.0
0.0
0.0
0.0
0.0
0.0
0.0
0.0
0.0
0.0
0.0
0.0
0.0
0.0
0.0
0.0
0.0
0.0
0.0
0.0
0.0
0
0
0
0.0
0.0
0.0
0.0
0.0
0.0
0.0
0.0
0.0
0.0
0.0
0.0
0.0
0.0
0.0
0.0
0.0
0.0
0.0
0
0
0.0
0
0.0
0.0
0.0
0.0
0.0
0.0
0.0
0.0
0.0
0.0
0.0
0.0
0.0
0.0
0.0
0.0
0.0
0.0
0.0
0.0
0.0
0
0
0
0.0
0.0
0.0
0.0
0.0
0.0
0.0
0.0
0.0
0.0
0.0
0.0
0.0
0.0
0.0
0.0
0.0
0.0
0.0
0.0
0
0
0
0
0.0
0.0
0.0
0.0
0.0
0.0
0.0
0.0
0.0
0.0
0.0
0.0
0.0
0.0
0.0
0.0
0.0
0.0
0.0
0.0
0.0
0
0.0
0.0
0.0
0.0
0.0
0.0
0.0
0.0
0.0
0.0
0.0
0.0
0.0
0.0
0.0
0.0
0.0
0.0
0.0
0.0
0.0
0
0
0
0
0.0
0
0.0
0.0
0.0
0.0
0.0
0.0
0.0
0.0
0.0
0.0
0.0
0.0
0.0
0.0
0.0
0.0
0
0.0
0.0
0
0.0
0
0
0
0.0
0.0
0.0
0.0
0.0
0.0
0.0
0.0
0.0
0.0
0.0
0.0
0.0
0.0
0.0
0.0
0.0
0.0
0.0
0
0.0
0
0
0.0
0.0
0.0
0.0
0.0
0.0
0.0
0.0
0.0
0.0
0.0
0.0
0.0
0.0
0.0
0.0
0.0
0.0
0.0
0.0
0.0
0.0
0
0
0.0
0.0
0.0
0.0
0.0
0.0
0.0
0.0
0.0
0.0
0.0
0.0
0.0
0.0
0.0
0.0
0.0
0.0
0.0
0
0.0
0
0
0
0.0
0.0
0.0
0.0
0.0
0.0
0.0
0.0
0.0
0.125
0.0
0.0
0.0
0.0
0.0
0.0
0.0
0.0
0.0
0.0
0.0
0
0.0
0
0.0
0.0
0.0
0.0
0.12
0.0
0.0
0.0
0.0
0.0
0.0
0.0
0.0
0.0
0.0
0.0
0.0
0.0
0.0
0.0
0.0
0
0
0
0.0
0.0
0.0
0.0
0.0
0.0
0.0
0.0
0.0
0.0
0.0
0.0
0.0
0.0
0.0
0.0
0.0
0.0
0.0
0.0
0
0.0
0.0
0.0
0.0
0.0
0.0
0.0
0.0
0.0
0.0
0.0
0.0
0.0
0.0
0.0
0.0
0.0
0.0
0.0
0.0
0.0
0.0
0.0
0.0
0.0
0.0
0
0.0
0
0.0
0.0
0.0
0.0
0.0
0.0
0.0
0.0
0.0
0.0
0.0
0.0
0.0
0.0
0.0
0.0
0.0
0
0
0.0
0
0.0
0
0
0.0
0.0
0.0
0.0
0.0
0.0
0.0
0.0
0.0
0.0
0.0
0.0
0.0
0.0
0.0
0.0
0.0
0.0
0.0
0.0
0.0
0.0
0
0.0
0.0
0.0
0.0
0.0
0.0
0.0
0.0
0.0
0.0
0.0
0.0
0.0
0.0
0.0
0.0
0.0
0.0
0.0
0.0
0.0
0
0
0
0.0
0.0
0.0
0.0
0.0869565217391
0.0
0.0
0.0
0.0
0.0
0.0
0.0
0.0
0.0
0.0
0.0
0.0
0.0
0
0.0
0.0
0
0
0
0.0
0.0
0.0
0.0
0.0
0.0
0.0
0.0
0.0
0.0
0.0
0.0
0.0
0.0
0.0
0.0
0.0
0.0
0
0.0
0
0.0
0.0
0.0
0.0
0.0
0.0
0.0
0.0
0.0
0.0
0.0
0.0
0.0
0.0
0.0
0.0
0.0
0.0
0.0
0.0
0.0
0.0
0
0
0
0
0
0.0
0.0
0.170212765957
0.785714285714
0.6
0.923076923077
0.277777777778
0.5
0.411764705882
0.285714285714
0.0
0.0
0.0
0.0
0.0
0.0
0.0
0.0
0
0.0
0.0
0.0
0
0
0.0
0.0
0.0
0.0
0.0
0.0
0.0
0.0
0.0
0.0
0.0
0.0
0.0
0.0
0.0
0.0
0.0
0
0.0
0
0
0
0
0
0.0
0
0.0
0.0
0.0
0.0
0.0
0.0
0.0
0.0
0.0
0.0
0.0
0.0
0.0
0.0
0.0
0.0
0.0
0.0
0
0.0
0.0
0.0
0.0
0.0
0.0
0.0
0.0
0.0
0.0
0.0
0.0
0.0
0.0
0.0
0.0
0.0
0.0
0.0
0.0
0.0
0.0
0.0
0
0
0.0
0.0
0.0
0.0
0.0
0.0
0.0
0.0
0.0
0.0
0.0
0.0
0.0
0.0
0.0
0.0
0.0
0.0
0.0
0.0
0.0
0.0
0.0
0
0.0
0.0
0.0
0.0
0.0
0.0
0.0
0.0
0.0952380952381
0.0
0.0
0.0
0.0
0.0
0.0
0.0
0.0
0.0
0.0
0.0
0.0
0
0
0
0
0.0
0.0
0.0
0.0
0.0
0.0
0.0
0.0
0.0
0.0
0.0
0.0
0.0
0.0
0.0
0.0
0.0
0.0
0.0
0.0
0
0.0
0.0
0.0
0.0
0.0
0.0
0.0
0.0
0.0
0.0
0.0
0.0
0.0
0.0
0.0
0.0
0.0
0.0
0.0
0.0
0.0
0.0
0.0
0
0.0
0
0
0
0.0
0.0
0.0
0.0
0.0
0.0
0.0
0.0
0.0
0.0
0.0
0.0
0.0
0.0
0.0
0.0
0.0
0.0
0.0
0
0
0
0.0
0
0
0.0
0
0.0
0.0
0.0
0.0
0.0
0.0
0.0
0.0
0.0
0.0
0.0
0.0
0.0
0.0
0.0
0.0
0.0
0
0.0
0
0.0
0.0
0.0
0.0
0.0
0.0
0.0
0.0
0.0
0.0
0.0
0.0
0.0
0.0
0.0
0.0
0.0
0.0
0.0
0.0
0.0
0.0
0.0
0
0.0
0.0
0.0
0.0
0.0
0.0
0.0
0.0
0.0
0.0
0.0
0.0
0.0
0.0
0.0
0.0
0.0
0.0
0.0
0.0
0.0
0.0
0
0.0
0
0.0
0.0
0.0
0.0
0.0
0.0
0.0
0.0
0.0
0.0
0.0
0.0
0.0
0.0
0.0
0.0
0.0
0.0
0
0
0.0
0.0
0
0
0.0
0.0
0.0
0.0
0.0
0.0
0.0
0.0
0.0
0.0
0.0
0.0
0.0
0.0
0.0
0.0
0.0
0.0
0.0
0.0
0.0
0
0
0
0.0
0.0
0.0
0.0
0.0
0.0
0.0
0.0
0.0
0.0
0.0
0.0
0.0
0.0
0.0
0.0
0.0
0
0
0
0
0
0
0
0
0.0
0
0.0
0.0
0.0
0.0
0.0
0.0
0.0
0.0
0.0
0.0
0.0
0.0
0.0
0.0
0.0
0
0
0.0
0
0
0
0.0
0
0.0
0.0
0.0
0.0
0.0
0.0
0.0
0.0
0.0
0.0
0.0
0.0
0.0
0.0
0.0
0.0
0.0
0.0
0
0
0
0
0.0
0.0
0.0
0.0
0.0
0.0
0.0
0.0
0.0
0.0
0.0
0.0
0
0.0
0.0
0.0
0.0
0.0
0.0
0.0
0
0.0
0.0
0
0.0
0.0
0.0
0.0
0.0
0.0
0.0
0.0
0.0
0.0
0.0
0.0
0.0
0.0
0.0
0.0
0
0.0
0
0.0
0
0
0
0.0
0.0
0.0
0.0
0.0
0.0
0.0
0.0
0.0
0.0
0.0
0.0
0.0
0.0
0.0
0.0
0.0
0.0
0.0
0.0
0
0
0
0.0
0
0.0
0.0
0.0
0.0
0.0
0.0
0.0
0.0
0.0
0.0
0.0
0.0
0.0
0.0
0.0
0.0
0.0
0.0
0.0
0.0
0
0
0.0
0
0
0.0
0.0
0.0
0.0
0.0
0.0
0.0
0.0
0.0
0.0
0.0
0.0
0.0
0.0
0.0
0.0
0.0
0.0
0.0
0
0.0
0
0.0
0
0.0
0.0
0.0
0.0
0.0
0.0
0.0
0.0
0.0
0.0
0.0
0.0
0.0
0.0
0.0
0.0
0.0
0.0
0.0
0
0
0.0
0
0
0.0
0.0
0.0
0.0
0.0
0.0
0.0
0.0
0.0
0.0
0.0
0.0
0.0
0.0
0.0
0.0
0.0
0.0
0.0
0.0
0
0.0
0.0
0.0
0.0
0.0
0.0
0.0
0.0
0.0
0.0
0.0
0.0
0.0
0.26
0.166666666667
0.030303030303
0.0
0.194444444444
0.0
0.0
0.0
0
0.0
0
0
0
0.0
0.0
0.0
0.0
0.0
0.0
0.0
0.0
0.0
0.116279069767
0.172413793103
0.480769230769
0.0
0.195652173913
0.184210526316
0.159090909091
0.0
0.0
0.0
0.0
0.0
0.0
0.0
0
0.0
0.0
0.0
0.0
0.0
0.0
0.0
0.0
0.3
0.170212765957
0.0
0.121951219512
0.382352941176
0.428571428571
0.48275862069
0.392156862745
0.171428571429
0.0
0.0
0.0
0
0
0
0
0.0
0.0
0.0
0.0263157894737
0.0
0.111111111111
0.128205128205
0.421052631579
0.270833333333
0.442307692308
0.116279069767
0.551724137931
0.311111111111
0.288888888889
0.384615384615
0.41935483871
0.0606060606061
0.0
0.0
0.0
0.0
0
0.0
0.0
0.0
0.0
0.0
0.125
0.396226415094
0.0731707317073
0.234042553191
0.407407407407
0.283018867925
0.133333333333
0.222222222222
0.258064516129
0.238095238095
0.25641025641
0.0357142857143
0.0357142857143
0.0
0.0
0.0
0.0
0.0
0.0
0
0
0
0.0
0.0
0.0
0.0
0.0
0.0
0.0
0.0
0.0
0.0
0.0
0.0
0.0
0.0
0.0
0.0
0.0
0
0.0
0.0
0
0
0.0
0
0
0.0
0.0
0.0
0.0
0.0
0.0
0.0
0.0
0.0
0.0
0.0
0.0
0.0
0.0
0.0
0.0
0.0
0.0
0
0
0.0
0
0.0
0.0
0.0
0.0
0.0
0.0
0.0
0.147058823529
0.0967741935484
0.275862068966
0.162162162162
0.0
0.264705882353
0.121212121212
0.342857142857
0.03125
0.125
0.0
0.0
0.0
0.0
0.0
0
0.0
0.0
0.0
0.0
0.0
0.0645161290323
0.108108108108
0.0232558139535
0.288888888889
0.34
0.301886792453
0.255319148936
0.307692307692
0.372881355932
0.666666666667
0.524590163934
0.589285714286
0.339285714286
0.111111111111
0.0
0.0
0.0
0.0
0.0
0.0
0.0
0.0
0.276595744681
0.0
0.277777777778
0.0277777777778
0.0952380952381
0.0606060606061
0.365079365079
0.31914893617
0.270833333333
0.263157894737
0.2
0.587301587302
0.582278481013
0.425925925926
0.0975609756098
0.0
0.0
0.0
0.0
0
0.0
0.0
0.0
0.0
0.0
0.0
0.446808510638
0.176470588235
0.474576271186
0.425925925926
0.560606060606
0.534482758621
0.375
0.370967741935
0.475409836066
0.676056338028
0.744186046512
0.586206896552
0.476923076923
0.0
0.333333333333
0.0
0.0
0.0
0.0
0.0
0.0
0.0
0.0
0.313725490196
0.514705882353
0.173076923077
0.546511627907
0.6
0.686868686869
0.72972972973
0.558441558442
0.642857142857
0.608695652174
0.696629213483
0.577464788732
0.428571428571
0.0857142857143
0.0
0.0
0.0
0
0.0
0
0
0
0.0
0.0
0.0
0.0
0.0
0.0
0.0
0.0
0.0
0.0
0.0
0.0
0.0
0.0
0.0
0.0
0.0
0.0
0.0
0.0
0
0
0
0.0
0.0
0.0
0.0
0.0
0.0357142857143
0.2
0.129032258065
0.473684210526
0.175
0.528301886792
0.489361702128
0.243902439024
0.244897959184
0.387755102041
0.222222222222
0.103448275862
0.0
0.0
0.0
0.0
0.0
0.0
0.0
0.0
0.246376811594
0.0697674418605
0.271186440678
0.483146067416
0.487804878049
0.111111111111
0.69
0.663265306122
0.510416666667
0.625
0.328125
0.602272727273
0.530864197531
0.682926829268
0.632183908046
0.177777777778
0.0
0.0
0.0
0.0
0.0
0.0
0
0.0
0.0
0.181818181818
0.548672566372
0.606382978723
0.618556701031
0.545454545455
0.611650485437
0.296296296296
0.333333333333
0.37037037037
0.56976744186
0.683168316832
0.705882352941
0.626865671642
0.297872340426
0.2
0.0322580645161
0.0
0.0
0.0
0.0
0.0
0.0
0.0
0.0
0.288461538462
0.694915254237
0.378787878788
0.601769911504
0.486486486486
0.423076923077
0.5
0.666666666667
0.5
0.260869565217
0.649572649573
0.5875
0.333333333333
0.275
0.0
0.0
0.0
0.0
0.0
0.0
0
0.0
0.0
0.0
0.291666666667
0.612244897959
0.405797101449
0.233333333333
0.47191011236
0.380952380952
0.163636363636
0.5
0.0
0.0961538461538
0.28
0.0576923076923
0.466666666667
0.32
0.0952380952381
0.0
0.0
0.0
0.0
0.0
0.0
0.0
0.0
0.0
0.0
0.520833333333
0.0689655172414
0.0851063829787
0.339622641509
0.227272727273
0.177777777778
0.466666666667
0.151515151515
0.0909090909091
0.210526315789
0.407407407407
0.1875
0.0
0.0
0.0
0.0
0
0
0.0
0.0
0.0
0.0
0.0
0.0
0.0
0.0
0.0
0.0
0.0909090909091
0.0
0.0
0.0
0.0
0.0
0.0
0.0
0.0
0.0
0.0
0.0
0.0
0
0
0.0
0.0
0.0
0.0
0.0
0.0
0.0
0.0
0.125
0.4
0.557692307692
0.547169811321
0.266666666667
0.2
0.354838709677
0.285714285714
0.527027027027
0.626666666667
0.120689655172
0.1
0.0
0.0
0.0
0.0
0.0
0.0
0.0
0.0
0.0
0.361111111111
0.433333333333
0.471428571429
0.355555555556
0.426470588235
0.481927710843
0.448275862069
0.274193548387
0.409836065574
0.40350877193
0.666666666667
0.594936708861
0.484848484848
0.396825396825
0.0
0.0
0.0
0.0
0.0
0.0
0.0
0.0
0.0
0.118644067797
0.524590163934
0.285714285714
0.446153846154
0.74
0.525773195876
0.35632183908
0.5
0.633663366337
0.475409836066
0.546511627907
0.78
0.719298245614
0.634408602151
0.484848484848
0.0227272727273
0.0
0.0
0.0
0.0
0.0
0.0
0.0
0.0
0.0
0.493975903614
0.634920634921
0.526315789474
0.47619047619
0.435897435897
0.290322580645
0.555555555556
0.621621621622
0.435294117647
0.626262626263
0.709090909091
0.714285714286
0.586956521739
0.352112676056
0.2
0.0
0.0
0.0
0.0
0.0
0.0
0.0
0.0
0.285714285714
0.614583333333
0.254237288136
0.489130434783
0.594059405941
0.550561797753
0.472527472527
0.70297029703
0.572916666667
0.488372093023
0.697916666667
0.831932773109
0.710743801653
0.688073394495
0.485714285714
0.0
0.0
0.0
0.0
0.0
0.0
0.0
0.0
0.0
0.0
0.448717948718
0.65
0.74358974359
0.711538461538
0.783333333333
0.598039215686
0.594202898551
0.0
0.0
0.0
0.0
0.0
0.0
0.0
0.0
0.0
0.0
0
0
0
0.0
0.0
0.0
0.0
0.0
0.0
0.0
0.0
0.0
0.0
0.0
0.0
0.0
0.0
0.0
0.0
0.0
0.0
0.0
0.0
0.0
0.0
0
0
0
0.0
0.0
0.0
0.0
0.0
0.0
0.0
0.295454545455
0.3
0.236842105263
0.243243243243
0.09375
0.216216216216
0.381818181818
0.604166666667
0.333333333333
0.0857142857143
0.0
0.0
0.0
0.0
0.0
0.0
0.0
0.0
0.0
0.0
0.328125
0.276595744681
0.345454545455
0.405063291139
0.470588235294
0.564516129032
0.535211267606
0.311475409836
0.640625
0.507246376812
0.678571428571
0.555555555556
0.52380952381
0.166666666667
0.0
0.0
0.0
0.0
0.0
0.0
0.0
0.0
0.0
0.0
0.128205128205
0.347826086957
0.314814814815
0.333333333333
0.175438596491
0.227272727273
0.339622641509
0.277777777778
0.321428571429
0.6
0.644736842105
0.459016393443
0.5
0.392857142857
0.0
0.0
0.0
0.0
0
0.0
0.0
0.0
0.0
0.0
0.571428571429
0.54347826087
0.219512195122
0.272727272727
0.431034482759
0.326530612245
0.403225806452
0.307692307692
0.346153846154
0.52380952381
0.701298701299
0.649350649351
0.707692307692
0.170212765957
0.0
0.0
0.0
0.0
0
0.0
0.0
0.0
0.0
0.0
0.478260869565
0.479166666667
0.486486486486
0.550724637681
0.551724137931
0.671232876712
0.58024691358
0.604938271605
0.405063291139
0.740740740741
0.703296703297
0.733333333333
0.711340206186
0.465753424658
0.166666666667
0.0
0.0
0.0
0.0
0.0
0.0
0.0
0.0
0.0217391304348
0.521126760563
0.67
0.706349206349
0.738461538462
0.787234042553
0.761194029851
0.586206896552
0.0
0.0
0.0
0.0
0.0
0.0
0.0
0.0
0.0
0.0
0
0.0
0.0
0
0.0
0.0
0.0
0.0
0.0
0.0
0.0
0.0
0.0
0.0
0.0
0.0
0.0
0.0
0.0
0.0
0.0
0.0
0.0
0.0
0.0
0.0
0.0
0
0.0
0.0
0.0
0.0
0.0
0.0740740740741
0.277777777778
0.666666666667
0.434782608696
0.339622641509
0.258064516129
0.260869565217
0.563636363636
0.568965517241
0.448275862069
0.577464788732
0.25
0.0
0.0
0.0
0.0
0.0
0.0
0.0
0.0
0.0
0.0
0.590163934426
0.607142857143
0.375
0.491228070175
0.473684210526
0.491803278689
0.34
0.382352941176
0.478260869565
0.651515151515
0.617647058824
0.755813953488
0.507042253521
0.633333333333
0.0555555555556
0.0
0.0
0.0
0.0
0.0
0.0
0.0
0.0
0.0
0.244444444444
0.35
0.075
0.454545454545
0.338983050847
0.475
0.569230769231
0.528301886792
0.435897435897
0.0
0.464788732394
0.684210526316
0.583333333333
0.142857142857
0.0
0.0
0.0
0.0
0.0
0.0
0.0
0.0
0.0
0.0
0.0833333333333
0.333333333333
0.166666666667
0.446808510638
0.574468085106
0.2
0.183673469388
0.392156862745
0.604166666667
0.545454545455
0.41935483871
0.381818181818
0.377358490566
0.387096774194
0.0
0.0
0.0
0.0
0.0
0.0
0.0
0.0
0.0
0.414634146341
0.0
0.0
0.0
0.0
0.210526315789
0.125
0.204545454545
0.5
0.145833333333
0.0
0.597222222222
0.464285714286
0.390243902439
0.358974358974
0.0
0.0
0.0
0.0
0.0
0.0
0.0
0.0
0.0
0.0
0.0
0.0
0.0
0.0357142857143
0.25
0.206896551724
0.0
0.0
0.0
0.0
0.0
0.0
0.0
0.0
0.0
0.0
0.0
0.0
0.0
0
0.0
0.0
0.0
0.0
0.0
0.0
0.0
0.0
0.0
0.0
0.0
0.0
0.0
0.0
0.0
0.136363636364
0.0
0.0
0.0
0.0
0.0
0.0
0.0
0
0.0
0.0
0.0
0.0
0.0
0.0
0.0
0.0
0.19512195122
0.463414634146
0.25
0.380952380952
0.37037037037
0.52380952381
0.355555555556
0.325
0.25641025641
0.04
0.0
0.0
0.0
0.0
0.0
0.0
0.0
0.0
0.0
0.0
0.166666666667
0.115384615385
0.170212765957
0.45652173913
0.304347826087
0.292682926829
0.566037735849
0.354166666667
0.566037735849
0.532258064516
0.590909090909
0.612244897959
0.509433962264
0.0588235294118
0.0
0.0
0.0
0.0
0.0
0.0
0.0
0.0
0.173913043478
0.447368421053
0.48
0.395348837209
0.38
0.52
0.491228070175
0.564516129032
0.46
0.291666666667
0.416666666667
0.633333333333
0.709302325581
0.731182795699
0.7375
0.372093023256
0.15
0.0555555555556
0.0
0.0
0.0
0.0
0
0.0
0.0
0.148936170213
0.64406779661
0.593220338983
0.297872340426
0.611940298507
0.403225806452
0.407407407407
0.377358490566
0.44
0.0526315789474
0.415094339623
0.516666666667
0.71875
0.292682926829
0.117647058824
0.0
0.0
0.0
0.0
0.0
0
0.0
0.0
0.0
0.05
0.35
0.0
0.0
0.0
0.0
0.0
0.0
0.0
0.0
0.0
0.0
0.0
0.0
0.0
0.0
0.0
0.0
0.0
0.0
0
0.0
0.0
0.0
0.0
0.0
0.0
0.0
0.0967741935484
0.5625
0.363636363636
0.0
0.0
0.0
0.0
0.0
0.0
0.0
0.0
0.0
0.0
0.0
0.0
0.0
0
0
0.0
0.0
0.0
0.0
0.0
0.0
0.0
0.0
0.0
0.0
0.0
0.0
0.0
0.0
0.0
0.0
0.0
0.0
0.0
0.0
0.0
0
0.0
0.0
0.0
0.0
0.0
0.0
0.0
0.0
0.285714285714
0.0
0.142857142857
0.0454545454545
0.0
0.0
0.387096774194
0.603773584906
0.0882352941176
0.282051282051
0.0333333333333
0.25
0.0
0.0
0.0
0.0
0.0
0.0
0.0
0.0
0.0
0.184210526316
0.279069767442
0.327868852459
0.548780487805
0.467741935484
0.625
0.4375
0.358490566038
0.573770491803
0.759493670886
0.662790697674
0.698113207547
0.465517241379
0.4375
0.0
0.0
0.0
0.0
0.0
0.0
0.0
0.0
0.0243902439024
0.416666666667
0.388888888889
0.36
0.457142857143
0.61038961039
0.602739726027
0.647058823529
0.59
0.569444444444
0.670731707317
0.752380952381
0.77358490566
0.768595041322
0.52808988764
0.340909090909
0.0
0.0
0.0
0.0
0.0
0.0
0.0
0.0
0.0
0.108695652174
0.153846153846
0.204545454545
0.3125
0.318181818182
0.365384615385
0.558823529412
0.366666666667
0.260869565217
0.42
0.731958762887
0.735294117647
0.585714285714
0.529411764706
0.285714285714
0.185185185185
0.0
0.0
0.0
0.0
0.0
0.0
0.0
0.0
0.616438356164
0.396551724138
0.475409836066
0.478260869565
0.51724137931
0.545454545455
0.586666666667
0.550724637681
0.4375
0.545454545455
0.717647058824
0.647058823529
0.651515151515
0.553571428571
0.5
0.428571428571
0.0
0.0
0.0
0.0
0.0
0.0
0.0
0.0
0.130434782609
0.648936170213
0.734513274336
0.782945736434
0.838709677419
0.825806451613
0.8125
0.554054054054
0.195652173913
0.0285714285714
0.0555555555556
0.0
0.0
0.0
0.0
0.0
0.0
0.0
0.0
0.0
0
0.0
0.0
0.0
0.0
0.0
0.0
0.0
0.0
0.0
0.0
0.111111111111
0.272727272727
0.0740740740741
0.0
0.0
0.0526315789474
0.0
0.0
0.0
0.0
0.0
0.0
0
0
0
0.0
0.0
0.0
0.0
0.0
0.0666666666667
0.342105263158
0.421052631579
0.439024390244
0.5
0.384615384615
0.16
0.593220338983
0.616666666667
0.459016393443
0.534482758621
0.204545454545
0.272727272727
0.0
0.0
0.0
0.0
0.0
0.0
0.0
0.0
0.486486486486
0.232142857143
0.372881355932
0.69014084507
0.6
0.721153846154
0.592105263158
0.506666666667
0.0980392156863
0.508196721311
0.686567164179
0.666666666667
0.509433962264
0.51724137931
0.472727272727
0.0
0.0
0.0
0.0
0.0
0.0
0.0
0.0
0.127659574468
0.8
0.413043478261
0.321428571429
0.0789473684211
0.317073170732
0.468085106383
0.439024390244
0.5
0.348837209302
0.411764705882
0.56862745098
0.36
0.550724637681
0.583333333333
0.204545454545
0.0
0.0
0.0
0.0
0.0
0.0
0.0
0.0
0.0
0.0
0.291666666667
0.0689655172414
0.0526315789474
0.463414634146
0.432432432432
0.264705882353
0.386363636364
0.466666666667
0.442307692308
0.51724137931
0.575757575758
0.583333333333
0.5
0.4
0.0
0.0
0.0
0.0
0.0
0.0
0.0
0.0
0.0
0.442857142857
0.282608695652
0.260869565217
0.34
0.102564102564
0.609375
0.530303030303
0.340909090909
0.282608695652
0.428571428571
0.645161290323
0.55
0.661016949153
0.509803921569
0.380952380952
0.0
0.0
0.0
0.0
0.0
0.0
0.0
0.0
0.0
0.0
0.5
0.280701754386
0.68115942029
0.477611940299
0.65
0.658536585366
0.544303797468
0.521739130435
0.611111111111
0.450980392157
0.40625
0.529411764706
0.368421052632
0.0
0.0
0.0
0.0
0.0
0.0
0
0.0
0.0
0.0
0.0
0.0
0.0
0.0
0.214285714286
0.166666666667
0.0967741935484
0.0384615384615
0.027027027027
0.137931034483
0.0
0.0555555555556
0.0833333333333
0.0
0.0
0.0
0.0
0.0
0.0
0.0
0.0
0.0
0
0.0
0.0
0.0
0.0
0.0
0.115384615385
0.333333333333
0.547619047619
0.634615384615
0.491525423729
0.377777777778
0.59649122807
0.634615384615
0.576923076923
0.583333333333
0.279069767442
0.137931034483
0.0
0.0
0.0
0.0
0.0
0.0
0.0
0.0
0.0
0.0731707317073
0.406779661017
0.671428571429
0.566666666667
0.597222222222
0.507692307692
0.46875
0.594936708861
0.73417721519
0.764705882353
0.754901960784
0.813725490196
0.638888888889
0.0294117647059
0.0
0.0
0.0
0.0
0.0
0.0
0.0
0.0
0.0
0.715789473684
0.4375
0.288461538462
0.438596491228
0.37037037037
0.38
0.436363636364
0.282608695652
0.243902439024
0.396551724138
0.375
0.436363636364
0.48275862069
0.479166666667
0.0322580645161
0.0
0.0
0.0
0.0
0.0
0.0
0.0
0.0
0.0
0.0
0.0555555555556
0.291666666667
0.317073170732
0.477272727273
0.446808510638
0.297297297297
0.228571428571
0.0357142857143
0.046511627907
0.491525423729
0.59649122807
0.444444444444
0.666666666667
0.261904761905
0.161290322581
0.0
0.0
0.0
0.0
0.0
0.0
0.0
0.0
0.0
0.395833333333
0.563636363636
0.333333333333
0.268292682927
0.025
0.510204081633
0.325
0.166666666667
0.162790697674
0.576923076923
0.675324675325
0.593220338983
0.549019607843
0.111111111111
0.0
0.0
0.0
0.0
0.0
0.0
0.0
0.0
0.0
0.0
0.133333333333
0.047619047619
0.0
0.225806451613
0.147058823529
0.285714285714
0.433333333333
0.333333333333
0.645161290323
0.0833333333333
0.0
0.0
0.0
0.0
0.0
0.0
0.0
0.0
0.0
0
0
0.0
0.0
0.0
0.0
0.0
0.0
0.0
0.0
0.0
0.0
0.0434782608696
0.0
0.0
0.0
0.0
0.0
0.0
0.0
0.0
0.0
0
0.0
0.0
0.0
0.0
0.0
0.0
0.0
0.0
0.272727272727
0.172413793103
0.484848484848
0.410256410256
0.595238095238
0.414634146341
0.414634146341
0.470588235294
0.431818181818
0.471698113208
0.12
0.0
0.0
0.0
0.0
0.0
0.0
0.0
0.0
0.0
0.0
0.0
0.358490566038
0.0606060606061
0.333333333333
0.346153846154
0.369565217391
0.1
0.405405405405
0.189189189189
0.175
0.671875
0.589285714286
0.446428571429
0.290322580645
0.0810810810811
0.0
0.0
0.0
0.0
0.0
0.0
0.0
0.0
0.338709677419
0.576923076923
0.426829268293
0.410256410256
0.25641025641
0.342465753425
0.2
0.551724137931
0.333333333333
0.274509803922
0.219512195122
0.625
0.52
0.603773584906
0.142857142857
0.0
0.0
0.0
0.0
0.0
0.0
0.0
0.0
0.0
0.0
0.0
0.5
0.208333333333
0.153846153846
0.3
0.5
0.478260869565
0.463768115942
0.586206896552
0.32
0.675
0.645569620253
0.72
0.534482758621
0.114285714286
0.173913043478
0.0
0.0
0.0
0.0
0.0
0.0
0.0
0.264705882353
0.684210526316
0.611764705882
0.25
0.43661971831
0.56
0.602409638554
0.541176470588
0.735042735043
0.484375
0.515625
0.673469387755
0.701612903226
0.818181818182
0.670454545455
0.432835820896
0.307692307692
0.0
0.0
0.0
0.0
0.0
0.0
0.0
0.0
0.327272727273
0.696629213483
0.765765765766
0.7734375
0.774509803922
0.714285714286
0.673267326733
0.490566037736
0.0
0.0
0.125
0.0
0.0
0.0
0.0
0.0
0.0
0.0
0.0
0.0
0.0
0.0
0.0
0.0
0.0
0.0
0.53125
0.4
0.470588235294
0.323529411765
0.0
0.0263157894737
0.0
0.0
0.388888888889
0.193548387097
0.0
0.0
0.0
0.0
0.0
0.0
0.0
0.0
0.0
0.0
0.0
0.0
0.0
0.0
0.0
0.28125
0.294117647059
0.6875
0.28
0.151515151515
0.372093023256
0.617021276596
0.59649122807
0.482142857143
0.5
0.382978723404
0.3125
0.0740740740741
0.0
0.0
0.0
0.0
0.0
0.0
0.0
0.0
0.5
0.736842105263
0.36
0.6
0.611111111111
0.297297297297
0.344262295082
0.283018867925
0.380952380952
0.538461538462
0.410714285714
0.5
0.381818181818
0.404255319149
0.0
0.0
0.0
0.0
0.0
0.0
0.0
0.0
0.0
0.417910447761
0.684210526316
0.6
0.243243243243
0.327272727273
0.159090909091
0.6
0.603448275862
0.333333333333
0.4375
0.268292682927
0.5
0.509090909091
0.625
0.361111111111
0.148148148148
0.192307692308
0.0
0.0
0.0
0.0
0.0
0.0
0.0
0.0
0.340909090909
0.409090909091
0.538461538462
0.25
0.595744680851
0.51724137931
0.592592592593
0.255319148936
0.403225806452
0.519230769231
0.708333333333
0.7625
0.693333333333
0.545454545455
0.315789473684
0.0
0.0
0.0
0.0
0.0
0.0
0.0
0.0
0.0322580645161
0.5
0.746666666667
0.1
0.272727272727
0.414634146341
0.526315789474
0.586956521739
0.242424242424
0.0
0.0909090909091
0.384615384615
0.53488372093
0.209302325581
0.384615384615
0.0555555555556
0.0
0.0
0.0
0.0
0.0
0.0
0.0
0.0
0.0
0.244444444444
0.634920634921
0.348837209302
0.555555555556
0.314285714286
0.225
0.255813953488
0.452380952381
0.263157894737
0.105263157895
0.0
0.0967741935484
0.0
0.0
0.0
0.0
0.0
0.0
0.0
0
0.0
0
0.0
0.0
0.0
0.0
0.0
0.0666666666667
0.333333333333
0.12
0.216216216216
0.142857142857
0.0
0.0833333333333
0.129032258065
0.0
0.0
0.296296296296
0.0625
0.0
0.0
0.0
0.0
0.0
0.0
0.0
0.0
0.0
0.0
0.0606060606061
0.5
0.137931034483
0.510204081633
0.129032258065
0.535714285714
0.478260869565
0.6
0.518518518519
0.418604651163
0.482142857143
0.509803921569
0.411764705882
0.148148148148
0.0
0.0
0.0
0.0
0.0
0.0
0.0
0.0
0.0
0.0
0.457627118644
0.557692307692
0.5
0.623655913978
0.539682539683
0.493333333333
0.45652173913
0.492537313433
0.633333333333
0.567164179104
0.763888888889
0.553846153846
0.428571428571
0.282051282051
0.0
0.0
0.0
0.0
0
0.0
0.0
0.0
0.108695652174
0.468085106383
0.538461538462
0.34693877551
0.59375
0.48
0.363636363636
0.541666666667
0.5
0.260869565217
0.45
0.466666666667
0.648148148148
0.543859649123
0.418181818182
0.125
0.0
0.0
0.0
0.0
0.0
0.0
0.0
0.0
0.0
0.0263157894737
0.649122807018
0.372093023256
0.325581395349
0.534482758621
0.474576271186
0.43137254902
0.564516129032
0.474576271186
0.528571428571
0.540983606557
0.619047619048
0.671232876712
0.605633802817
0.214285714286
0.0
0.0
0.0
0.0
0.0
0.0
0.0
0.0
0.0
0.102564102564
0.602739726027
0.543859649123
0.616438356164
0.65671641791
0.574468085106
0.69387755102
0.698924731183
0.554054054054
0.632911392405
0.765306122449
0.655462184874
0.591397849462
0.565789473684
0.25
0.0
0.0
0.0
0.0
0.0
0.0
0.0
0.0
0.0
0.0769230769231
0.372093023256
0.666666666667
0.737373737374
0.806451612903
0.695652173913
0.694736842105
0.392156862745
0.0
0.172413793103
0.0769230769231
0.176470588235
0.185185185185
0.0
0.0
0.0
0.0
0.0
0.0
0.0
0
0.0
0.0
0.0
0.0
0.0
0.0
0.0
0.243243243243
0.0
0.0
0.0
0.0
0.0
0.0
0.0
0.0714285714286
0.16
0.0
0.0
0.0
0.0
0.0
0.0
0.0
0.0
0.0
0.0
0.0
0.0
0.185185185185
0.266666666667
0.487804878049
0.326086956522
0.56
0.571428571429
0.413043478261
0.660377358491
0.526315789474
0.285714285714
0.438596491228
0.279069767442
0.166666666667
0.0333333333333
0.0
0.0
0.0
0.0
0.0
0.0
0.0
0.0
0.0
0.0909090909091
0.294117647059
0.325
0.344827586207
0.4
0.457627118644
0.415384615385
0.4375
0.492307692308
0.390625
0.602739726027
0.526315789474
0.5
0.258064516129
0.0740740740741
0.0
0.0
0.0
0.0
0.0
0.0
0.0
0.338235294118
0.66
0.677966101695
0.205882352941
0.0
0.425
0.423076923077
0.21875
0.131578947368
0.0
0.0
0.0740740740741
0.171428571429
0.434782608696
0.296296296296
0.0
0.0
0.0
0.0
0.0
0
0.0
0.0
0.0
0.0
0.0
0.0
0.0
0.0
0.464285714286
0.3
0.0
0.03125
0.1875
0.178571428571
0.217391304348
0.0869565217391
0.0869565217391
0.130434782609
0.0
0.0
0.0
0.0
0.0
0.0
0
0.0
0.0
0.0
0.0
0.0
0.0
0.0
0.0
0.0
0.0
0.0
0.0
0.0
0.0
0.0
0.047619047619
0.0666666666667
0.0
0.0
0.0
0.0
0.0
0.0
0.0
0.0
0.0
0.0
0.0
0.0
0.0
0.0
0.0
0.04
0.322580645161
0.0454545454545
0.230769230769
0.28
0.25
0.32
0.0
0.0
0.0
0.0
0.0
0.0
0.0
0.0
0.0
0.0
0.0
0.0
0.0
0.0
0.210526315789
0.44
0.392857142857
0.185185185185
0.459459459459
0.53125
0.230769230769
0.0
0.0
0.178571428571
0.222222222222
0.5
0.125
0.0
0.0
0.0
0.0
0.0
0.0
0.0
0.0
0.0
0.0
0.0
0.25
0.653846153846
0.611111111111
0.305555555556
0.130434782609
0.428571428571
0.636363636364
0.325
0.635135135135
0.641509433962
0.610169491525
0.45
0.2
0.0
0.0
0.0
0.0
0.0
0.0
0.0
0.0
0.282051282051
0.428571428571
0.488372093023
0.52380952381
0.474576271186
0.525
0.5
0.75
0.472727272727
0.315789473684
0.575757575758
0.575757575758
0.637931034483
0.672413793103
0.428571428571
0.205882352941
0.266666666667
0.0
0.0
0.0
0.0
0.0
0.0
0.0
0.0
0.114285714286
0.377777777778
0.470588235294
0.515625
0.450980392157
0.681818181818
0.606060606061
0.483870967742
0.438596491228
0.649350649351
0.728395061728
0.805555555556
0.651162790698
0.297872340426
0.363636363636
0.0
0.0
0.0
0.0
0.0
0.0
0.0
0.0
0.0
0.577777777778
0.704545454545
0.222222222222
0.657142857143
0.456140350877
0.681818181818
0.651515151515
0.525423728814
0.647887323944
0.529411764706
0.705882352941
0.674698795181
0.666666666667
0.470588235294
0.277777777778
0.157894736842
0.0
0.0
0.0
0.0
0.0
0.0
0.0
0.0
0.365384615385
0.381818181818
0.53125
0.527272727273
0.5
0.555555555556
0.5
0.277777777778
0.722222222222
0.811764705882
0.712871287129
0.526315789474
0.610169491525
0.205128205128
0.0384615384615
0.0
0.0
0.0
0.0
0.0
0.0
0.0
0.0
0.025641025641
0.609375
0.423076923077
0.622950819672
0.677966101695
0.641791044776
0.721518987342
0.604651162791
0.681818181818
0.588235294118
0.545454545455
0.553846153846
0.632352941176
0.360655737705
0.121212121212
0.0
0.0
0.0
0.0
0.0
0
0.0
0.0
0.0
0.0
0.0
0.0
0.0
0.0
0.0
0.0
0.0
0.0
0.0
0.133333333333
0.0555555555556
0.210526315789
0.0
0.0
0.0
0.0
0.0
0.0
0.0
0.0
0.0
0.0
0.0
0.0
0.0
0.0
0.0
0.275862068966
0.607142857143
0.379310344828
0.272727272727
0.0526315789474
0.25
0.342857142857
0.529411764706
0.333333333333
0.214285714286
0.105263157895
0.0
0.0
0.0
0.0
0.0
0.0
0.0
0.0
0.0
0.0
0.0
0.0
0.0645161290323
0.030303030303
0.0
0.117647058824
0.464285714286
0.0
0.0
0.0
0.0
0.0
0.0
0.0
0.0
0.0
0.0
0.0
0.0
0.0
0.0
0.0
0.0
0.0
0.0
0.0
0.0714285714286
0.0882352941176
0.111111111111
0.148148148148
0.0434782608696
0.0
0.0
0.0
0.0
0.0
0.0
0.0
0.0
0.0
0.0
0.0
0.0
0.0
0.0
0.0
0.0
0.0
0.0
0.0
0.0
0.0
0.0
0.0
0.0
0.0
0.0
0.0
0.0
0.0
0.0
0.0
0.0
0.0
0.0
0.0
0
0.0
0.0
0.0
0.0
0.0
0.0
0.0
0.0
0.0
0.0
0.0
0.0
0.0
0.0
0.0
0.0
0.0
0.0
0.0
0.0
0.0
0.0
0.0
0.0
0.0
0.0
0.0
0.0
0.0
0.0
0.0
0.0
0.0
0.0
0.0
0.0
0.0
0.0
0.0
0.0
0.0
0.0
0.0
0.0
0.0
0.0
0.0
0.0
0
0
0.0
0.0
0.0
0.0
0.0
0.0
0.0
0.0
0.0
0.0
0.0
0.0
0.0
0.0
0.0
0.0
0.0
0.0
0.0
0.0
0.0
0
0
0
0.0
0.0
0.0
0.0
0.0
0.0
0.0
0.0
0.0
0.0
0.0
0.0
0.0
0.0
0.0
0.0
0.0
0.0
0.0
0.0
0.0
0.0
0.0
0.0
0.0
0.0
0.0
0.0
0.0
0.0
0.0
0.0
0.0
0.0
0.0
0.0
0.0
0.0
0.0
0.0
0.0
0.0
0.0
0.0
0
0
0.0
0.0
0.0
0.0
0.0
0.0
0.0
0.0
0.0
0.0
0.0
0.0
0.0
0.0
0.0
0.0
0.0
0.0
0.0
0.0
0.0
0.0
0
0.0
0.0
0
0.0
0.0
0.0
0.0
0.0
0.0
0.0
0.0
0.0
0.0
0.0
0.0
0.0
0.0
0.0
0.0
0.0
0.0
0.0
0.0
0
0
0.0
0.0
0.0
0.0
0.0
0.0
0.0
0.0
0.0
0.0
0.0
0.0
0.0
0.0
0.0
0.0
0.0
0.0
0.0
0.0
0.0
0.0
0
0.0
0
0
0.0
0.0
0.0
0.0
0.0
0.0
0.0
0.0
0.0
0.0
0.0
0.0
0.0
0.0
0.0
0.0
0.0
0.0
0.0
0.0
0
0
0
0
0
0
0.0
0.0
0.0
0.0
0.0
0.0
0.0
0.0
0.0
0.0
0.0
0.0
0.0
0.0
0
0.0
0.0
0.0
0
0
0.0
0
0
0.0
0.0
0.0
0.0
0.0
0.0
0.0
0.0
0.0
0.0
0.0
0.0
0.0
0.0
0.0
0.0
0.0
0
0
0.0
0.0
0
0
0.0
0
0.0
0.0
0.0
0.0
0.0
0.0
0.0
0.0
0.0
0.0
0.0
0.0
0.0
0
0.0
0
0.0
0
0
0
0
0
0.0
0
0.0
0.0
0.0
0.0
0.0
0.0
0.0
0.0
0.0
0.0
0.0
0.0
0.0
0
0.0
0
0.0
0.0
0.0
0
0
0.0
0
0.0
0.0
0.0
0.0
0.0
0.0
0.0
0.0
0
0.0
0.0
0
0.0
0.0
0.0
0
0
0.0
0.0
0.0
0
0.0
0.0
0
0
0.0
0.0
0.0
0.0
0.0
0
0.0
0.0
0.0
0.0
0.0
0.0
0
0.0
0.0
0.0
0
0.0
0
0
0
0
0
0
0
0.0
0.0
0.0
0.0
0
0.0
0.0
0.0
0.0
0.0
0.0
0.0
0.0
0.0
0.0
0.0
0.0
0.0
0
0
0
0
0
0.0
0.0
0.0
0.0
0
0.0
0.0
0.0
0.0
0.0
0.0
0
0.0
0
0
0.0
0.0
0
0
0.0
0.0
0
0.0
0
0.0
0.0
0
0.0
0.0
0.0
0
0.0
0.0
0.0
0.0
0.0
0.0
0.0
0
0.0
0
0.0
0
0.0
0.0
0
0
0.0
0.0
0.0
0.0
0.0
0.0
0.0
0.0
0.0
0.0
0.0
0.0
0.0
0.0
0.0
0
0.0
0
0.0
0
0
0.0
0
0
0
0.0
0.0
0.0
0.0
0.0
0.0
0.0
0.0
0
0.0
0.0
0.0
0.0
0.0
0
0.0
0
0
0
0.0
0
0
0.0
0.0
0.0
0.0
0.0
0.0
0.0
0.0
0.0
0
0.0
0.0
0.0
0.0
0.0
0.0
0.0
0.0
0.0
0.0
0
0
0.0
0.0
0
0
0
0.0
0.0
0.0
0.0
0.0
0.0
0.0
0.0
0.0
0.0
0.0
0.0
0.0
0
0.0
0.0
0.0
0
0.0
0
0
0.0
0
0.0
0.0
0.0
0.0
0.0
0.0
0.0
0.0
0.0
0.0
0.0
0.0
0.0
0.0
0.0
0.0
0.0
0
0
0
0
0
0.0
0.0
0.0
0.0
0.0
0.0
0.0
0.0
0.0
0.0
0
0.0
0.0
0.0
0.0
0.0
0
0.0
0.0
0
0
0.0
0.0
0
0
0
0.0
0.0
0.0
0.0
0.0
0.0
0.0
0.0
0.0
0.0
0.0
0.0
0.0
0.0
0.0
0
0.0
0
0
0
0
0
0
0.0
0.0
0.0
0.0
0.0
0.0
0.0
0.0
0.0
0.0
0.0
0.0
0.0
0.0
0.0
0.0
0.0
0.0
0
0.0
0
0
0
0
0.0
0.0
0.0
0.0
0.0
0.0
0.0
0.0
0.0
0.0
0.0
0.0
0.0
0.0
0.0
0.0
0.0
0.0
0.0
0
0
0.0
0
0.0
0.0
0.0
0.0
0.0
0.0
0.0
0.0
0.0
0.0
0.0
0.0
0.0
0.0
0.0
0.0
0.0
0.0
0.0
0
0
0
0
0
0.0
0.0
0.0
0.0
0.0
0.0
0.0
0.0
0.0
0.0
0.0
0.0
0.0
0.0
0.0
0.0
0.0
0.0
0.0
0
0
0
0.0
0.0
0.0
0.0
0.0
0.0
0.0731707317073
0.0
0.0
0.0
0.0
0.0
0.0
0.0
0.0
0.0
0.0
0.0
0.0
0.0
0.0
0.0
0
0
0
0.0
0.0
0.0
0.0
0.0
0.0
0.0
0.0
0.0
0.0
0.0
0.0
0.0
0.0
0.0
0.0
0.0
0.0
0.0
0.0
0
0
0
0
0
0
0.0
0.0
0.0
0.0
0.0
0.0
0.0
0.0
0.0
0.0
0.0
0.0
0.0
0.0
0.0
0.0
0.0
0.0
0
0.0
0.0
0
0.0
0.0
0.0
0.0
0.0
0.0
0.0
0.0
0.0
0.0
0.0967741935484
0.0
0.314285714286
0.0333333333333
0.0
0.0
0.0
0.0
0.0
0.0
0
0
0
0.0
0
0.0
0.0
0.148148148148
0.136363636364
0.0
0.0
0.0
0.0
0.0
0.0
0.0
0.380952380952
0.0
0.0285714285714
0.205128205128
0.448979591837
0.0769230769231
0.0
0.0
0.0
0
0.0
0
0.0
0.0
0.0
0.0
0.28125
0.322033898305
0.0
0.0512820512821
0.0322580645161
0.254901960784
0.21875
0.157894736842
0.4
0.0
0.381818181818
0.357142857143
0.292682926829
0.0
0.0
0.0
0.0
0.0
0.0
0.0
0.0
0.0
0.0
0.689655172414
0.351851851852
0.56
0.327586206897
0.508474576271
0.214285714286
0.439393939394
0.433333333333
0.320754716981
0.186440677966
0.470588235294
0.459016393443
0.476923076923
0.565217391304
0.0294117647059
0.0
0.0
0.0
0.0
0.0
0.0
0.0
0.0
0.0
0.0
0.22
0.626506024096
0.396825396825
0.622641509434
0.58024691358
0.5
0.244897959184
0.255319148936
0.189189189189
0.194444444444
0.0645161290323
0.212121212121
0.171428571429
0.0
0.0
0.0
0.0
0.0
0.0
0.0
0
0.0
0.0
0.0
0.0
0.0
0.0
0.0
0.0
0.0
0.0
0.0
0.0
0.0
0.0
0.0
0.0
0.0
0.0
0.0
0.0
0.0
0.0
0
0.0
0.0
0.0
0.0
0.0
0.0
0.0
0.157894736842
0.382352941176
0.0434782608696
0.227272727273
0.1
0.0
0.0
0.166666666667
0.0833333333333
0.0
0.0
0.0
0.0
0.0
0
0
0.0
0.0
0.0
0.0
0.0
0.0
0.0
0.0
0.387755102041
0.34375
0.352941176471
0.3
0.289473684211
0.0322580645161
0.0285714285714
0.354166666667
0.607843137255
0.264705882353
0.037037037037
0.0
0.0
0.0
0.0
0.0
0.0
0.0
0.0
0.0
0.0
0.0
0.0
0.0
0.115384615385
0.324324324324
0.4
0.348837209302
0.466666666667
0.388888888889
0.551724137931
0.25
0.129032258065
0.108108108108
0.0
0.0
0.0
0.0
0.0
0
0
0.0
0.0
0.0
0.0
0.0
0.0645161290323
0.40350877193
0.568181818182
0.64367816092
0.538461538462
0.634146341463
0.513157894737
0.508474576271
0.586206896552
0.742574257426
0.585365853659
0.354838709677
0.129032258065
0.0
0.0
0.0
0.0
0.0
0.0
0.0
0.0
0.0
0.285714285714
0.333333333333
0.0
0.431034482759
0.619047619048
0.25
0.589473684211
0.472727272727
0.415384615385
0.568181818182
0.586206896552
0.492063492063
0.681318681319
0.4375
0.38
0.0
0.0
0.0
0
0.0
0.0
0.0
0.0
0.0
0.0
0.0
0.573770491803
0.208333333333
0.609375
0.757894736842
0.662337662338
0.472222222222
0.288461538462
0.492307692308
0.264705882353
0.268292682927
0.666666666667
0.0
0.0
0.0
0.0
0.0
0.0
0
0.0
0.0
0.0
0.0
0.0
0.0
0.0
0.0
0.0
0.0
0.0
0.0
0.0
0.0
0.0
0.0
0.0
0.0
0.0
0.0
0.0
0
0.0
0
0
0
0.0
0.0
0.0
0.0
0.0
0.0
0.172413793103
0.225806451613
0.03125
0.0
0.0769230769231
0.142857142857
0.434782608696
0.435897435897
0.0
0.2
0.0
0.0
0.0
0.0
0.0
0.0
0.0
0.0
0.0
0.0
0.0
0.295238095238
0.0
0.0
0.521739130435
0.36
0.358490566038
0.125
0.0
0.268292682927
0.302325581395
0.517857142857
0.622950819672
0.255319148936
0.125
0.0
0.0
0.0
0.0
0.0
0.0
0.0
0.0
0.0
0.282608695652
0.243243243243
0.405405405405
0.190476190476
0.425531914894
0.222222222222
0.584905660377
0.347826086957
0.0
0.128205128205
0.234042553191
0.384615384615
0.5
0.423076923077
0.0384615384615
0.0
0.0
0.0
0.0
0.0
0.0
0.0
0
0.0
0.0
0.424657534247
0.192307692308
0.0
0.207547169811
0.260869565217
0.387755102041
0.377358490566
0.0952380952381
0.205128205128
0.363636363636
0.479166666667
0.573529411765
0.462962962963
0.3
0.0
0.0
0.0
0.0
0.0
0
0.0
0.0
0.127659574468
0.295454545455
0.452380952381
0.551724137931
0.47619047619
0.387755102041
0.196078431373
0.0
0.0294117647059
0.1875
0.58
0.317073170732
0.404255319149
0.628205128205
0.129032258065
0.0
0.0
0.0
0.0
0.0
0
0.0
0.0
0.0
0.0
0.0
0.0
0.0
0.0
0.1
0.447368421053
0.093023255814
0.0
0.0
0.0
0.0
0.0
0.0
0.0
0.0
0.0
0.0
0
0
0.0
0
0.0
0.0
0.0
0.0
0.0
0.0
0.0
0.0
0.0
0.0
0.0
0.0
0.0
0.0
0.0
0.0
0.0
0.0
0.0
0.0
0.0
0.0
0.0
0.0
0.0
0.0
0.0
0.0
0.0
0.0
0.0
0.0
0.0
0.0
0.0416666666667
0.0
0.0416666666667
0.0
0.0
0.0
0.0
0.0
0.0
0.0
0.0
0.0
0.0
0.0
0.0
0.0
0.0
0.0909090909091
0.470588235294
0.272727272727
0.0
0.311111111111
0.196078431373
0.571428571429
0.414634146341
0.444444444444
0.25
0.352941176471
0.294117647059
0.408602150538
0.381818181818
0.206896551724
0.0
0.0
0.0
0.0
0.0
0.0
0.0
0.0
0.318181818182
0.291666666667
0.697674418605
0.578947368421
0.378378378378
0.257575757576
0.348837209302
0.382352941176
0.34693877551
0.469696969697
0.297297297297
0.425925925926
0.4
0.490909090909
0.412698412698
0.0322580645161
0.0
0.0
0.0
0
0.0
0.0
0
0.0
0.0
0.0961538461538
0.574468085106
0.301587301587
0.553846153846
0.311111111111
0.310344827586
0.387755102041
0.582089552239
0.567164179104
0.35593220339
0.605263157895
0.65625
0.575342465753
0.478873239437
0.315789473684
0.0
0.0
0.0
0.0
0.0
0.0
0.0
0.0
0.0
0.666666666667
0.409090909091
0.0952380952381
0.518987341772
0.159090909091
0.41935483871
0.452054794521
0.416666666667
0.274193548387
0.436363636364
0.509433962264
0.506172839506
0.555555555556
0.368421052632
0.36
0.0769230769231
0.0
0.0
0.0
0.0
0.0
0.0
0.0
0.0
0.0
0.229166666667
0.347826086957
0.258064516129
0.386363636364
0.561403508772
0.205882352941
0.0
0.148148148148
0.0
0.0
0.0
0.0
0.0
0.0
0.0
0.0
0.0
0
0
0
0.0
0.0
0.0
0.0
0.0
0.0
0.0
0.0
0.0
0.0588235294118
0.0
0.0
0.0
0.0
0.0
0.0
0.0
0.0
0.0
0.0
0.0
0.0
0.0
0.0
0.0
0.0
0.0
0.0
0.0
0.0
0.0
0.0
0.0344827586207
0.233333333333
0.441176470588
0.0
0.0
0.142857142857
0.489361702128
0.194444444444
0.0
0.0
0.0
0.0
0.0
0.0
0.0
0
0
0.0
0.0
0.0
0.333333333333
0.0
0.0243902439024
0.0285714285714
0.4
0.45652173913
0.282051282051
0.260869565217
0.230769230769
0.520833333333
0.615384615385
0.4
0.369565217391
0.151515151515
0.0
0.0
0.0
0.0
0.0
0.0
0.0
0.0
0.0
0.0
0.0526315789474
0.390243902439
0.584615384615
0.421052631579
0.566666666667
0.5
0.457142857143
0.4
0.528301886792
0.651515151515
0.619047619048
0.42
0.333333333333
0.208333333333
0.0
0.0
0.0
0.0
0.0
0.0
0.0
0.0
0.0
0.148936170213
0.483870967742
0.0
0.177777777778
0.217391304348
0.239130434783
0.268292682927
0.357142857143
0.466666666667
0.509090909091
0.518518518519
0.410714285714
0.479166666667
0.538461538462
0.0909090909091
0.0
0.0
0.0
0.0
0.0
0.0
0.0
0.0
0.255813953488
0.25
0.0625
0.234042553191
0.282051282051
0.135135135135
0.177777777778
0.0975609756098
0.175
0.204545454545
0.425531914894
0.520833333333
0.515151515152
0.516129032258
0.135135135135
0.135135135135
0.0
0.0
0.0
0.0
0.0
0.0
0.0
0.0
0.0
0.0
0.315789473684
0.423076923077
0.510638297872
0.155555555556
0.508474576271
0.48275862069
0.21875
0.0
0.0
0.0
0.0
0.0
0.0
0.0
0.0
0.0
0
0.0
0
0
0.0
0.0
0.0
0.0
0.0
0.0
0.0
0.0
0.0
0.0
0.0
0.0
0.0
0.0
0.0
0.0
0.0
0.0
0.0
0.0
0
0.0
0.0
0.0
0.0
0.0
0.0
0.0
0.0
0.0
0.0
0.0
0.0
0.0
0.342857142857
0.0
0.0714285714286
0.233333333333
0.416666666667
0.0344827586207
0.037037037037
0.0
0.0
0.0
0.0
0.0
0
0.0
0.0
0.0
0.0
0.0434782608696
0.45
0.391304347826
0.135135135135
0.365853658537
0.222222222222
0.482142857143
0.511111111111
0.325581395349
0.418604651163
0.666666666667
0.582089552239
0.634615384615
0.270833333333
0.1
0.0
0.0
0.0
0.0
0
0.0
0.0
0.0
0.0
0.0
0.0
0.0
0.181818181818
0.162162162162
0.236842105263
0.30612244898
0.0
0.0425531914894
0.0
0.28
0.705882352941
0.545454545455
0.317073170732
0.35
0.0
0.0
0.0
0.0
0.0
0.0
0.0
0.0
0.0
0.0
0.261904761905
0.302325581395
0.387755102041
0.269230769231
0.448979591837
0.488888888889
0.155555555556
0.210526315789
0.391304347826
0.357142857143
0.416666666667
0.604938271605
0.316666666667
0.342857142857
0.0
0.0
0.0
0.0
0.0
0.0
0.0
0.0
0.0
0.0
0.116279069767
0.170731707317
0.0754716981132
0.408163265306
0.522388059701
0.52380952381
0.38
0.333333333333
0.510638297872
0.707317073171
0.619047619048
0.507462686567
0.557692307692
0.16
0.0
0.0
0
0
0.0
0
0.0
0.0
0.0
0.0
0.28813559322
0.263157894737
0.37037037037
0.558823529412
0.719512195122
0.647058823529
0.433962264151
0.423076923077
0.507692307692
0.559322033898
0.610169491525
0.488372093023
0.0
0.0
0.0
0.0
0.0
0
0.0
0.0
0
0.0
0.0
0.0
0.0
0.0
0.0
0.0
0.0
0.3
0.133333333333
0.047619047619
0.0
0.0
0.0
0.0
0.0
0.0
0.0
0.0
0.0
0.0
0.0
0.0
0.0
0.0
0.0
0.0
0.0
0.0
0.0
0.575757575758
0.681818181818
0.361111111111
0.342857142857
0.216216216216
0.3125
0.648648648649
0.375
0.212765957447
0.317073170732
0.157894736842
0.0
0.0
0.0
0.0
0.0
0.0
0
0.0
0.0
0.0
0.48
0.230769230769
0.309523809524
0.5
0.351351351351
0.475
0.531914893617
0.395348837209
0.227272727273
0.433962264151
0.681818181818
0.606557377049
0.45652173913
0.28125
0.0
0.0
0.0
0.0
0.0
0.0
0.0
0.0
0.0
0.0
0.0344827586207
0.333333333333
0.229166666667
0.333333333333
0.479166666667
0.117647058824
0.119047619048
0.121212121212
0.0333333333333
0.530612244898
0.716981132075
0.510204081633
0.46511627907
0.173913043478
0.0
0.0
0.0
0.0
0
0.0
0.0
0.0
0.0
0.0
0.0
0.131578947368
0.378378378378
0.557692307692
0.19512195122
0.0869565217391
0.277777777778
0.404255319149
0.595238095238
0.655172413793
0.736842105263
0.468085106383
0.622950819672
0.390243902439
0.0
0.0
0.0
0.0
0.0
0.0
0.0
0.0
0.133333333333
0.181818181818
0.235294117647
0.0833333333333
0.522727272727
0.16
0.477272727273
0.557692307692
0.27027027027
0.279069767442
0.355555555556
0.547169811321
0.545454545455
0.233333333333
0.25
0.162162162162
0.0
0.0
0.0
0.0
0.0
0.0
0.0
0.0
0.0
0.05
0.519230769231
0.588235294118
0.608695652174
0.574468085106
0.486486486486
0.263157894737
0.037037037037
0.0
0.0
0.0
0.0
0.0882352941176
0.0
0.0
0.0
0.0
0.0
0.0
0
0.0
0.0
0.0
0.0
0.0
0.0
0.0
0.0
0.30303030303
0.227272727273
0.04
0.24
0.0
0.0
0.260869565217
0.0
0.0
0.0
0.0
0.0
0.0
0.0
0.0
0.0
0.0
0.0
0.0
0.0
0.0
0.0
0.0
0.0
0.04
0.692307692308
0.545454545455
0.314285714286
0.51724137931
0.272727272727
0.181818181818
0.613636363636
0.227272727273
0.0454545454545
0.0
0.0
0.0
0.0
0.0
0.0
0.0
0.0
0.0
0.0
0.0
0.0
0.428571428571
0.5
0.2
0.178571428571
0.363636363636
0.138888888889
0.615384615385
0.354838709677
0.346153846154
0.03125
0.333333333333
0.0
0.0
0.0
0.0
0.0
0
0
0.0
0.0
0.0
0.0
0.0
0.0
0.0
0.0
0.0833333333333
0.3
0.0
0.0
0.0
0.0
0.0
0.323529411765
0.478260869565
0.136363636364
0.0
0.0
0
0.0
0
0.0
0.0
0.0
0.0
0.0
0.0
0.0
0.0
0.0
0.0
0.0
0.0
0.0
0.0
0.133333333333
0.0952380952381
0.0
0.0
0.0
0.0
0.0
0.0
0.0
0.0
0.0
0.0
0.0
0.0
0.0
0.0
0.0
0.0
0.0
0.111111111111
0.363636363636
0.047619047619
0.0
0.0
0.0
0.0
0.0
0.0416666666667
0.0
0.0
0.0
0.0
0.0
0.0
0.0
0.0
0.0
0.0
0.0
0.0
0.0
0.0
0.0
0.0
0.0
0.0
0.0
0.0
0.0
0.0
0.0
0.0
0.0
0.0
0.0
0.0
0.0
0.0
0
0
0
0.0
0.0
0.0
0.0
0.0
0.0
0.0
0.0
0.0
0.0
0.0
0.0
0.0
0.0
0.0
0.0
0.0
0.0
0.0
0
0.0
0
0.0
0
0.0
0.0
0.0
0.0
0.0
0.0
0.0
0.0
0.0
0.0
0.0
0.0
0.0
0.526315789474
0.153846153846
0.304347826087
0.0
0.0
0.0
0.0
0
0.0
0
0.0
0.0
0.0
0.0
0.0
0.0
0.148148148148
0.193548387097
0.0
0.0
0.0625
0.0606060606061
0.315789473684
0.408163265306
0.448979591837
0.408163265306
0.21875
0.0
0.0
0.0
0.0
0
0.0
0.0
0.0
0.0
0.0
0.0
0.0
0.4375
0.468085106383
0.0731707317073
0.275
0.454545454545
0.486486486486
0.181818181818
0.55
0.564516129032
0.564102564103
0.719512195122
0.484375
0.205128205128
0.0
0.0
0.0
0.0
0.0
0.0
0.0
0.0
0.0
0.301886792453
0.325
0.0
0.0
0.324324324324
0.588235294118
0.595744680851
0.530612244898
0.491228070175
0.519230769231
0.647058823529
0.8203125
0.7
0.634920634921
0.466666666667
0.0
0.0
0.0
0.0
0.0
0.0
0.0
0.0
0.093023255814
0.186046511628
0.325581395349
0.0
0.440677966102
0.448275862069
0.560975609756
0.431034482759
0.595238095238
0.661764705882
0.675
0.788888888889
0.764705882353
0.632911392405
0.568965517241
0.170731707317
0.0
0.0
0.0
0.0
0.0
0.0
0.0
0.0
0.0
0.0
0.0
0.595744680851
0.40350877193
0.480769230769
0.691358024691
0.597014925373
0.509433962264
0.395348837209
0.45
0.609756097561
0.564516129032
0.452380952381
0.04
0.0
0.0
0.0
0.0
0.0
0.0
0.0
0
0.0
0.0
0.0
0.0
0.0
0.0
0.0
0.0
0.222222222222
0.181818181818
0.08
0.0555555555556
0.0
0.0
0.0
0.0
0.0
0.0
0.0
0.0
0.0
0
0.0
0.0
0.0
0.0
0.0
0.0
0.0
0.0
0.135135135135
0.689655172414
0.418604651163
0.583333333333
0.525
0.404761904762
0.644444444444
0.625
0.571428571429
0.348837209302
0.0454545454545
0.0
0.0
0.0
0.0
0.0
0.0
0.0
0.0
0.0
0.0
0.193548387097
0.34375
0.422222222222
0.434782608696
0.214285714286
0.509433962264
0.393939393939
0.0
0.209302325581
0.640625
0.58
0.446428571429
0.380952380952
0.121212121212
0.0
0.0
0.0
0.0
0.0
0.0
0
0.0
0.0
0.0
0.0
0.0789473684211
0.571428571429
0.25641025641
0.32
0.56862745098
0.404255319149
0.622641509434
0.326923076923
0.561403508772
0.627450980392
0.65
0.318181818182
0.161290322581
0.0
0.0
0.0
0.0
0.0
0.0
0.0
0.0
0.0
0.289473684211
0.555555555556
0.3
0.388888888889
0.3
0.384615384615
0.55
0.258064516129
0.244897959184
0.533333333333
0.487179487179
0.584905660377
0.619047619048
0.441176470588
0.393939393939
0.0
0.0
0.0
0.0
0.0
0.0
0.0
0.0
0.0
0.0
0.619047619048
0.0714285714286
0.342105263158
0.228571428571
0.611111111111
0.333333333333
0.41935483871
0.309523809524
0.358974358974
0.458333333333
0.730158730159
0.5
0.146341463415
0.0
0.0
0.0
0.0
0.0
0
0.0
0.0
0.0
0.0
0.0
0.161290322581
0.368421052632
0.48
0.51724137931
0.583333333333
0.526315789474
0.462962962963
0.302325581395
0.5
0.446428571429
0.6
0.457142857143
0.0909090909091
0.0
0.0
0.0
0.0
0.0
0
0.0
0
0.0
0.0
0.0
0.0
0.0
0.137931034483
0.269230769231
0.458333333333
0.0
0.125
0.12
0.16
0.0952380952381
0.157894736842
0.277777777778
0.111111111111
0.0
0.0833333333333
0.0
0.0
0.0
0
0.0
0.0
0.0
0.0
0.0
0.0
0.0
0.153846153846
0.0
0.526315789474
0.592592592593
0.527777777778
0.161290322581
0.0
0.0
0.638888888889
0.4375
0.411764705882
0.0
0.0
0.0
0.0
0.0
0.0
0.0
0.0
0.0
0.0
0.19512195122
0.103448275862
0.489795918367
0.435897435897
0.404761904762
0.390243902439
0.358490566038
0.309523809524
0.268292682927
0.46
0.571428571429
0.741935483871
0.689189189189
0.704545454545
0.288888888889
0.363636363636
0.0
0.0
0.0
0.0
0.0
0.0
0.0
0.0
0.209302325581
0.521739130435
0.68
0.637931034483
0.660377358491
0.688524590164
0.531914893617
0.394736842105
0.525
0.475
0.566037735849
0.52
0.657142857143
0.354838709677
0.275862068966
0.2
0.0
0.0
0.0
0.0
0.0
0.0
0.0
0.0
0.0
0.377358490566
0.452380952381
0.277777777778
0.25641025641
0.563636363636
0.162162162162
0.282051282051
0.037037037037
0.581395348837
0.634920634921
0.621212121212
0.28125
0.583333333333
0.230769230769
0.0416666666667
0.0
0.0
0.0
0.0
0.0
0.0
0.0
0.0
0.224137931034
0.290322580645
0.703125
0.555555555556
0.377777777778
0.666666666667
0.235294117647
0.238095238095
0.518518518519
0.732142857143
0.729166666667
0.375
0.333333333333
0.0454545454545
0.0
0.0
0.0
0.0
0.0
0.0
0.0
0.0
0.0
0.0
0.0
0.0
0.0645161290323
0.25
0.1875
0.28125
0.407407407407
0.368421052632
0.047619047619
0.0967741935484
0.0
0.0
0.0
0.0
0.0
0.0
0.0
0.0
0.0
0.0
0
0.0
0.0
0.0
0.0
0.0
0.0
0.0
0.304347826087
0.0
0.166666666667
0.0
0.0
0.0
0.05
0.0
0.0
0.0
0.0
0.0
0.0
0.0
0.0
0
0.0
0.0
0.0
0.0
0.0
0.0
0.0
0.0
0.352941176471
0.1
0.5
0.56
0.1
0.366666666667
0.212121212121
0.625
0.357142857143
0.461538461538
0.235294117647
0.0
0.0
0.0
0.0
0.0
0.0
0.0
0.0
0.0
0.153846153846
0.512195121951
0.117647058824
0.351351351351
0.333333333333
0.0
0.4
0.342105263158
0.238095238095
0.357142857143
0.604166666667
0.693548387097
0.6
0.589743589744
0.114285714286
0.0
0.0
0.0
0.0
0.0
0.0
0.0
0.0
0.0
0.304347826087
0.358974358974
0.176470588235
0.371428571429
0.511111111111
0.596153846154
0.386363636364
0.102564102564
0.166666666667
0.34375
0.696428571429
0.479166666667
0.581818181818
0.263157894737
0.0
0.0
0.0
0.0
0.0
0.0
0.0
0.0
0.0
0.0
0.169811320755
0.645833333333
0.117647058824
0.0869565217391
0.315789473684
0.5
0.241379310345
0.276595744681
0.161290322581
0.348837209302
0.63829787234
0.634920634921
0.490196078431
0.268292682927
0.333333333333
0.0
0.0
0.0
0.0
0.0
0.0
0.0
0.0
0.0980392156863
0.244897959184
0.488888888889
0.532258064516
0.568181818182
0.418604651163
0.607142857143
0.125
0.369565217391
0.479166666667
0.5
0.679245283019
0.569230769231
0.6
0.268292682927
0.037037037037
0.0
0.0
0.0
0.0
0
0
0.0
0.0
0.0
0.0
0.451612903226
0.230769230769
0.341463414634
0.588235294118
0.507692307692
0.475409836066
0.111111111111
0.0
0.0
0.0
0.0
0.137931034483
0.0
0.0
0.0
0.0
0.0
0
0.0
0.0
0.0
0.0
0.0
0.155555555556
0.2
0.6
0.111111111111
0.0
0.0
0.0555555555556
0.0
0.0
0.0
0.0769230769231
0.190476190476
0.0
0.0
0.0
0.0
0.0
0.0
0.0
0.0
0.0
0
0.0
0.0
0.0
0.0
0.0
0.0
0.25
0.25
0.0
0.114285714286
0.151515151515
0.0555555555556
0.34693877551
0.375
0.1
0.0833333333333
0.0
0.0
0.0
0.0
0.0
0
0.0
0.0
0.0
0.0
0.377049180328
0.2
0.491228070175
0.382352941176
0.309523809524
0.448979591837
0.475
0.2
0.432432432432
0.235294117647
0.52380952381
0.441860465116
0.432432432432
0.0
0.0
0.0
0.0
0.0
0.0
0.0
0.0
0.0
0.0
0.0
0.363636363636
0.114285714286
0.307692307692
0.305555555556
0.421052631579
0.507936507937
0.325581395349
0.15625
0.357142857143
0.19512195122
0.630434782609
0.679245283019
0.45
0.361111111111
0.275862068966
0.0
0.0
0.0
0.0
0.0
0.0
0.0
0.0
0.0
0.588235294118
0.55
0.111111111111
0.394736842105
0.65625
0.469387755102
0.509090909091
0.545454545455
0.647058823529
0.521739130435
0.712121212121
0.563636363636
0.654545454545
0.487179487179
0.0
0.0
0.0
0.0
0.0
0.0
0.0
0.0
0.0
0.254901960784
0.204545454545
0.413043478261
0.285714285714
0.403846153846
0.714285714286
0.315789473684
0.333333333333
0.0
0.172413793103
0.241379310345
0.241379310345
0.162162162162
0.0882352941176
0.296296296296
0.0
0.0
0.0
0.0
0.0
0.0
0.0
0.0
0.0
0.0
0.0
0.15625
0.272727272727
0.622641509434
0.490909090909
0.618181818182
0.45652173913
0.0
0.0
0.25
0.0869565217391
0.416666666667
0.0588235294118
0.0
0.0
0.0
0.0
0.0
0.0
0.0
0.0
0.0
0.0
0.0
0.0588235294118
0.5
0.333333333333
0.0
0.0
0.142857142857
0.0555555555556
0.173913043478
0.296296296296
0.0
0.166666666667
0.346153846154
0.1875
0.0
0.0
0.0
0.0
0.0
0.0
0.0
0.0
0.0
0.0
0.0
0.0
0.0
0.0
0.0
0.375
0.36
0.423076923077
0.516129032258
0.166666666667
0.138888888889
0.608695652174
0.333333333333
0.243243243243
0.181818181818
0.12
0.0
0.0
0.0
0.0
0.0
0.0
0.0
0.0
0.0
0.381818181818
0.368421052632
0.52
0.404255319149
0.314285714286
0.553571428571
0.6
0.36
0.454545454545
0.645161290323
0.686746987952
0.647058823529
0.551724137931
0.5
0.0
0.0
0.0
0.0
0.0
0.0
0.0
0.0
0.0
0.0
0.204545454545
0.0
0.382978723404
0.446428571429
0.710144927536
0.623188405797
0.59375
0.603174603175
0.561403508772
0.539682539683
0.6
0.744897959184
0.74358974359
0.390243902439
0.0
0.0
0.0
0.0
0.0
0.0
0.0
0.0
0.0
0.0
0.490909090909
0.325581395349
0.4
0.222222222222
0.583333333333
0.444444444444
0.489361702128
0.459459459459
0.222222222222
0.673076923077
0.508771929825
0.71875
0.589285714286
0.413793103448
0.214285714286
0.133333333333
0.0
0.0
0.0
0.0
0.0
0.0
0.0
0.0
0.365384615385
0.478260869565
0.0769230769231
0.0666666666667
0.342105263158
0.644444444444
0.282051282051
0.351351351351
0.352941176471
0.55
0.441176470588
0.567567567568
0.488372093023
0.258064516129
0.0952380952381
0.0
0.0
0.0
0.0
0.0
0.0
0.0
0.0
0.0
0.0
0.216216216216
0.375
0.291666666667
0.450980392157
0.384615384615
0.205882352941
0.4
0.047619047619
0.0
0.258064516129
0.413793103448
0.269230769231
0.1
0.0
0.0
0.0
0
0.0
0.0
0.0
0
0.0
0.0
0.0
0.48
0.291666666667
0.105263157895
0.310344827586
0.5
0.2
0.285714285714
0.0833333333333
0.222222222222
0.516129032258
0.333333333333
0.291666666667
0.0
0.0
0.0
0.0
0.0
0.0
0.0
0
0.0
0.0
0.0
0.0
0.230769230769
0.3
0.292682926829
0.625
0.677966101695
0.520833333333
0.414634146341
0.549019607843
0.333333333333
0.5625
0.692307692308
0.576923076923
0.56
0.0
0.0
0.0
0.0
0.0
0.0
0.0
0.0
0.0
0.0
0.454545454545
0.382978723404
0.65625
0.614035087719
0.386363636364
0.391304347826
0.510638297872
0.421875
0.27027027027
0.666666666667
0.666666666667
0.757142857143
0.446808510638
0.454545454545
0.0882352941176
0.0
0.0
0.0
0.0
0.0
0.0
0.0
0.0
0.0
0.352941176471
0.575
0.272727272727
0.351851851852
0.578947368421
0.640625
0.413793103448
0.521739130435
0.537037037037
0.647058823529
0.714285714286
0.674418604651
0.674698795181
0.4
0.28125
0.2
0.0
0.0
0.0
0.0
0.0
0.0
0.0
0.121212121212
0.679245283019
0.394736842105
0.585365853659
0.533333333333
0.416666666667
0.520833333333
0.703125
0.5625
0.586206896552
0.692307692308
0.705882352941
0.795918367347
0.744186046512
0.545454545455
0.189189189189
0.0689655172414
0.0
0.0
0.0
0.0
0.0
0.0
0.0
0.46875
0.414634146341
0.507462686567
0.3125
0.661290322581
0.633802816901
0.644736842105
0.44262295082
0.545454545455
0.550724637681
0.64
0.707070707071
0.650793650794
0.647887323944
0.491228070175
0.117647058824
0.190476190476
0.0
0.0
0.0
0
0.0
0.0
0.0
0.0
0.34
0.406779661017
0.538461538462
0.621212121212
0.602739726027
0.702702702703
0.602739726027
0.509090909091
0.209302325581
0.622641509434
0.559322033898
0.802197802198
0.68
0.363636363636
0.0
0.0
0.0
0.0
0.0
0.0
0
0.0
0.0
0.0
0.0
0.0
0.0
0.0
0.0
0.0
0.0
0.0
0.0
0.0
0.0
0.0
0.0
0.0
0.0
0.0
0.0
0
0.0
0.0
0.0
0.0
0.0
0.0
0.0
0.0
0.0
0.0
0.259259259259
0.387096774194
0.12
0.551724137931
0.192307692308
0.142857142857
0.382352941176
0.472222222222
0.5
0.25
0.0
0.0
0.0
0.0
0.0
0.0
0.0
0.0
0.0
0.0
0.142857142857
0.235294117647
0.0434782608696
0.525
0.268292682927
0.0740740740741
0.115384615385
0.185185185185
0.0689655172414
0.0263157894737
0.125
0.2
0.111111111111
0.0
0.0
0.0
0.0
0.0
0.0
0.0
0.0
0.0
0.0
0.0
0.0
0.0
0.0
0.0
0.0
0.105263157895
0.0416666666667
0.105263157895
0.0
0.0
0.0
0.363636363636
0.28125
0.08
0.0
0.0
0.0
0.0
0.0
0.0
0.0
0.0
0.0
0.0
0.0
0.161290322581
0.0555555555556
0.111111111111
0.130434782609
0.0
0.192307692308
0.266666666667
0.117647058824
0.425
0.432432432432
0.589743589744
0.111111111111
0.157894736842
0.222222222222
0.04
0.0
0.0
0.0
0.0
0.0
0.0
0.0
0.0
0.0
0.243243243243
0.5
0.0833333333333
0.0294117647059
0.547619047619
0.25
0.0
0.0
0.0
0.0
0.0
0.0740740740741
0.0416666666667
0.0
0.0
0.0
0.0
0.0
0.0
0.0
0.0
0.0
0.0
0.0
0.0
0.0
0.0
0.0
0.0
0.0
0.0
0.0
0.0
0.0
0.0
0.0
0.0
0.0
0.0
0
0.0
0.0
0
0.0
0.0
0.0
0.0
0.0
0.125
0.111111111111
0.0
0.210526315789
0.0666666666667
0.0
0.0
0.0
0.0
0.0
0.0
0.0
0.0
0.0
0.0
0.0
0.0
0
0.0
0.0
0.0
0.0
0.0
0.0
0.0
0.0
0.0
0.0952380952381
0.56
0.230769230769
0.285714285714
0.0
0.448275862069
0.642857142857
0.103448275862
0.210526315789
0.5
0.0
0.0
0.0
0.0
0.0
0.0
0.0
0.0
0.0
0.0
0.0
0.0952380952381
0.0
0.178571428571
0.0333333333333
0.384615384615
0.361111111111
0.0
0.0
0.0
0.0
0.0
0.0
0.0
0.0
0.0
0.0
0.0
0.0
0.0
0.0
0.0
0.0
0.0
0.0
0.0
0.0
0.0
0.0
0.0
0.0
0.0
0.0
0.0
0.0
0.0
0.0
0.0
0.0
0.0
0.0
0.0
0.0
0.0
0.0
0.0
0.0
0.0
0.0
0.0
0.0
0.0
0.0
0.0
0.0
0.0
0.0
0.0
0.0
0.0
0.0
0.0
0.0
0.0
0.0
0.0
0.0
0
0.0
0.0
0.0
0.0
0.0
0.0
0.0
0.0
0.0
0.0
0.0
0.0
0.0
0.0
0.0
0.0
0.0
0.0
0.0
0.0
0.0
0
0.0
0.0
0.0
0.0
0.0
0.0
0.0
0.0
0.0
0.0
0.0
0.0
0.0
0.0
0.0
0.0
0.0
0.0
0.0
0.0
0.0
0.0
0
0.0
0.0
0.0
0.0
0.0
0.0
0.0
0.0
0.0
0
0.0
0.0
0.0
0.0
0.0
0.0
0.0
0.0
0.0
0.0
0.0
0.0
0
0.0
0.0
0
0.0
0
0.0
0
0.0
0.0
0.0
0.0
0.0
0.0
0.0
0.0
0.0
0.0
0.0
0.0
0.0
0.0
0.0
0.0
0
0
0.0
0.0
0
0
0.0
0.0
0.0
0.0
0.0
0.0
0.0
0.0
0.0
0.0
0.0
0.0
0.0
0.0
0.0
0.0
0.0
0.0
0
0.0
0.0
0.0
0.0
0.0
0.0
0.0
0.0
0.0
0.0
0.0
0.0
0.0
0.0
0.0
0.0
0.0
0.0
0.0
0.0
0.0
0.0
0.0
0
0.0
0.0
0
0.0
0.0
0.0
0.0
0.0
0.0
0.0
0.0
0.0
0.0
0.0
0.0
0.0
0.0
0.0
0.0
0.0
0.0
0.0
0.0
0
0
0
0
0
0.0
0.0
0.0
0.0
0.0
0.0
0.0
0.0
0.0
0.0
0.0
0.0
0.0
0.0
0.0
0.0
0.0
0.0
0.0
0.0
0.0
0
0.0
0
0.0
0.0
0.0
0.0
0.0
0.0
0.0
0.0
0.0
0.0
0.0
0.0
0.0
0.0
0.0
0.0
0.0
0.0
0.0
0.0
0.0
0.0
0
0.0
0
0.0
0.0
0.0
0.0
0.0
0.0
0.0
0.0
0.0
0.0
0.0
0.0
0.0
0
0.0
0.0
0.0
0.0
0.0
0
0
0
0
0
0
0.0
0.0
0.0
0.0
0.0
0.0
0.0
0.0
0.0
0.0
0.0
0.0
0.0
0
0.0
0.0
0.0
0.0
0.0
0
0
0
0.0
0.0
0.0
0.0
0.0
0.0
0.0
0.0
0.0
0.0
0.0
0.0
0.0
0.0
0.0
0.0
0.0
0.0
0.0
0.0
0.0
0.0
0.0
0
0
0.0
0.0
0.0
0.0
0.0
0.0
0.0
0.0
0.047619047619
0.0
0.0
0.0
0.0
0.0
0.0
0.0
0.0
0.0
0.0
0
0
0.0
0
0
0.0
0.0
0.0
0.0
0.0
0.0
0.0
0.0
0.0
0.0
0.0
0.0
0.0
0.0
0.0
0.0
0.0
0.0
0.0
0.0
0
0
0
0.0
0.0
0.0
0.0
0.0
0.0
0.0
0.0
0.0
0.0
0.0
0.0
0.0
0.0
0.0
0.0
0.0
0.0
0.0
0.0
0.0
0.0
0.0
0.0
0.0
0.0
0.0
0.0
0.0
0.0
0.0
0.0
0.0
0.0
0.0
0.0
0.0
0.0
0.0
0.0
0.0
0.0
0.0
0.0
0
0.0
0
0.0
0
0.0
0.0
0.0
0.0
0.0
0.0
0.0
0.0
0.0
0.0
0.0
0.0
0.0
0.0
0.0
0.0
0.0
0.0
0
0.0
0
0
0
0
0
0.0
0.0
0.0
0
0.0
0.0
0.0
0.0
0.0
0.0
0.0
0.0
0.0
0
0.0
0.0
0.0
0.0
0.0
0.0
0
0.0
0.0
0
0.0
0.0
0.0
0.0
0.0
0.0
0.0
0.0
0.0
0.0
0.0
0.0
0.0
0.0
0.0
0.0
0.0
0.0
0.0
0.0
0.0
0
0.0
0.0
0.0
0.0
0.0
0.0
0.0
0.0
0.0
0.0
0.0
0.0
0.0
0.0
0.0
0.0
0.0
0.0
0.0
0.0
0.0
0.0
0
0
0.0
0.0
0.0
0.0
0.0
0.0
0.125
0.16
0.15
0.0
0.0
0.0
0.0
0.0
0.0
0.0
0.0
0.0
0.0
0.0
0.0
0.0
0.0
0
0.0
0.0
0.0
0.0
0.0
0.0
0.0
0.0
0.0
0.0
0.0
0.0
0.0
0.0
0.0
0.0
0.0
0.0
0.0
0.0
0.0
0.0
0
0.0
0.0
0.0
0.0
0.0
0.0
0.0
0.0
0.0
0.0
0.0
0.0
0.0
0.0
0.0
0.0
0.0
0.0
0.0
0.0
0.0
0.0
0
0
0.0
0
0.0
0.0
0.0
0.0
0.0
0.0
0.0
0.0
0.0
0.0
0.0
0.0
0.0
0.0
0.0
0.0
0.0
0.0
0.0
0.0
0.0
0
0
0
0.0
0.0
0.0
0.0
0.0
0.0
0.0
0.0
0.0
0.0
0.0
0.0
0.0
0.0
0.0
0.0
0.0
0.0
0.0
0.0
0.0
0.0
0
0.0
0.0
0.0
0.0
0.0
0.0
0.0
0.0
0.0
0.0
0.0
0.0
0.0
0.0
0.0
0.0
0.0
0.0
0.0
0.0
0.0
0.0
0.0
0
0.0
0.0
0.0
0.0
0.0
0.0
0.0
0.0
0.0
0.0
0.0
0.0
0.0
0.0
0.0
0.0
0.0
0.0
0.0
0.0
0
0
0.0
0.0
0.0
0.0
0.0
0.0
0.0
0.0
0.0
0.255319148936
0.0952380952381
0.0
0.0
0.0
0.0
0.0
0.0
0.0
0.0
0.0
0.0
0.0
0.0
0.0
0.0
0
0.0
0.0
0.0
0.0967741935484
0.0
0.0
0.0
0.0
0.0
0.0
0.0
0.0
0.0
0.0
0.0
0.0
0.0
0.0
0.0
0.0
0.0
0.0
0.0
0.0
0.0
0.0
0.0
0.0
0.0
0.03125
0.0
0.0
0.0
0.0
0.0
0.0
0.0
0.0
0.0
0.0
0.0
0.0
0
0.0
0.0
0.0
0
0
0.0
0.0
0.0
0.0
0.0
0.0
0.0
0.0
0.0
0.0
0.0
0.0
0.0
0.0
0.0
0.0
0.0
0.0
0.0
0.0
0
0
0
0
0.0
0.0
0.0
0.0
0.0
0.0
0.0
0.0
0.0
0.0
0.0
0.0
0.0
0.0
0.0
0.0
0.0
0.0
0.0
0.0
0.0
0.0
0.0
0.0
0.0
0.0
0.0
0.0526315789474
0.0869565217391
0.2
0.347826086957
0.285714285714
0.230769230769
0.115384615385
0.322580645161
0.178571428571
0.0
0.0
0.0
0.161290322581
0.35
0.0
0.0
0.0
0.0
0.0
0.0
0.0
0.0
0.0
0.027027027027
0.0555555555556
0.0
0.0
0.0
0.0
0.0
0.0
0.0
0.0
0.0
0.0
0.0
0.0
0.0
0.0
0.0
0.0
0
0
0
0.0
0.0
0.0
0.046511627907
0.0
0.0
0.0
0.0
0.0740740740741
0.133333333333
0.0
0.0
0.0
0.0
0.0
0.0
0.185185185185
0.0588235294118
0.0
0.0
0.0
0.0
0.0
0
0
0
0.0
0.0
0.0
0.0
0.0
0.0
0.0
0.0
0.0
0.0
0.0
0.0
0.0
0.0
0.0
0.0
0.0
0.0
0.0
0.0
0
0
0
0.0
0.0
0.0
0.0
0.0
0.0
0.0
0.1875
0.0
0.0
0.0
0.0
0.0
0.0
0.0
0.0
0.0
0.0
0.0
0.0
0.0
0
0
0.0
0.0
0.0
0.0
0.0
0.0
0.0
0.0
0.0
0.0
0.0
0.0
0.0
0.0
0.0
0.0
0.0
0.0
0.0
0.0
0.0
0.0
0
0.0
0.0
0.0
0.0
0.0
0.0
0.0
0.0
0.0
0.0
0.0
0.0
0.0
0.0
0.0
0.0
0.0
0.0
0.0
0.0
0.0
0.0
0.0
0.0
0.0
0.0
0.0
0.0
0.0
0.0
0.0
0.0
0.0
0.117647058824
0.0
0.0
0.0
0.0
0.0
0.0
0.0
0.0
0.0
0.0
0.0
0.0
0.0
0
0.0
0
0.0
0.0
0.0
0.0
0.0
0.0
0.0
0.0
0.0
0.0
0.0
0.0
0.0
0.0
0.0
0.0
0.0
0.0
0.0
0.0
0.0
0.0
0.0
0.0
0.0
0.0
0.0
0.0
0.0
0.0
0.0
0.0
0.241379310345
0.0
0.0
0.0
0.0
0.0
0.0
0.0
0.0
0.0
0.0
0.0
0.0
0
0
0.0
0.0
0.0
0.0
0.0
0.0
0.0
0.0
0.0
0.147058823529
0.372093023256
0.3125
0.0
0.0
0.0
0.0
0.0
0.0
0.0
0.0
0
0.0
0.0
0.0
0.0
0.0
0.0
0.0
0.0
0.0
0.148148148148
0.0
0.179487179487
0.103448275862
0.0
0.05
0.0
0.0
0.0
0.0
0.0
0.0
0.0
0.0
0.0
0.0
0
0.0
0
0.0
0.0
0.0
0.0
0.0
0.0
0.0
0.0
0.0
0.0
0.0
0.0
0.0
0.0
0.0
0.0
0.0
0.0
0.0
0
0.0
0.0
0
0
0.0
0.0
0.0
0
0.0
0.0
0.0
0.0
0.0
0.0
0.0
0.0
0.0
0.0
0.0
0.0
0.0
0.0
0.0
0.0
0.0
0.0
0.0
0.0
0.0
0.0
0.0
0.0
0.0
0.0
0.0
0.0
0.0
0.0
0.0
0.0
0.0
0.0
0.0
0.0
0.0
0.0
0.0
0.0
0.0
0.0
0.0
0.0
0.0
0.0
0.0
0.0
0.0
0.0
0.0
0.0
0.0
0.0
0.181818181818
0.0
0.0
0.0
0.0
0.0
0.0
0.0
0.0
0.0
0.0
0.0
0.0
0.0
0.0
0.0
0.0
0.0
0.0
0.0
0.0
0.0
0.0526315789474
0.0
0.0
0.0
0.0
0.0
0.0
0.0
0.0
0.0
0.0
0.0
0
0.0
0.0
0.0
0
0.0
0.0
0.0
0.0
0.0
0.0
0.0
0.0
0.0
0.0
0.0
0.0
0.0
0.0
0.0
0.0
0.0
0.0
0.0
0
0
0
0
0.0
0.0
0.0
0.0
0.0
0.0
0.0
0.0
0.0
0.0
0.0
0.0
0.0
0.0
0.0
0.0
0.0
0.0
0.0
0
0
0.0
0
0.0
0.0
0.0
0
0.0
0.0
0.0
0.0
0.0
0.0
0.0
0.0
0.0
0.0
0.0
0.0
0.0
0.0
0.0
0.0
0.0
0
0
0
0
0
0.0
0.0
0.0
0.0
0.0
0.0
0.0
0.0
0.0
0.0
0.0
0.0
0.0
0.0
0.0
0.0
0.0
0.0
0.0
0.0
0.0
0
0
0.0
0.0
0.0
0.0
0.0
0.0
0.0
0.0
0.0
0.25
0.0
0.0
0.0
0.0
0.0
0.0
0.0
0.0
0.0
0.0
