0.0
0
0
0
0
0
0
0.0
0.0
0.0
0.0
0.0
0.0
0.0
0.0
0.0
0.0
0.0
0.0
0.0
0.0
0.0
0.0
0.0
0
0.0
0.0
0
0.0
0
0.0
0.0
0.0
0.0
0.0
0.0
0.0
0.0
0.0
0.0
0.0
0.0
0.0
0.0
0.0
0.0
0.0
0.0
0.0
0
0.0
0
0.0
0
0
0
0.0
0.0
0.0
0.0
0.0
0.0
0.0
0.0
0.0
0.0
0.0
0.0
0.0
0.0
0.0
0.0
0.0
0
0
0.0
0
0
0
0.0
0.0
0.0
0.0
0.0
0.0
0.0
0.0
0.0
0.0
0.0
0.0
0.0
0.0
0.0
0.0
0.0
0
0
0
0
0.0
0
0
0.0
0.0
0.0
0.0
0.0
0.0
0.0
0.0
0.0
0.0
0.0
0.0
0.0
0.0
0.0
0.0
0.0
0
0.0
0.0
0
0
0
0
0.0
0.0
0.0
0.0
0.0
0.0
0.0
0.0
0.0
0.0
0.0
0.0
0.0
0.0
0.0
0.0
0.0
0.0
0.0
0.0
0
0
0
0
0
0.0
0.0
0.0
0.0
0.0
0.0
0.0
0.0
0.0
0.0
0.0
0.0
0.0
0.0
0.0
0.0
0.0
0.0
0.0
0
0
0
0.0
0.0
0.0
0.0
0.0
0.0
0.0
0.0
0.0
0.0
0.0
0.0
0.0
0.0
0.0
0.0
0.0
0.0
0.0
0.0
0.0
0
0.0
0
0
0.0
0.0
0.0
0.0
0.0
0.0
0.0
0.0526315789474
0.0
0.0
0.0
0.0
0.0
0.0
0.0
0.0
0.0
0.0
0.0
0.0
0.0
0
0
0.0
0.0
0.0
0.0
0.0
0.0
0.0
0.0
0.0
0.0
0.0
0.0
0.0
0.0
0.0
0.0
0.0
0.0
0.0
0.0
0
0.0
0
0.0
0.0
0.0
0.0
0.0
0.0
0.0
0.0
0.0
0.0
0.0
0.0
0.0
0.0
0.0
0.0
0.0
0.0
0.0
0.0
0.0
0
0
0
0
0.0
0.0
0.0
0.0
0.0
0.0
0.0
0.0
0.0
0.0
0.0
0.0
0.0
0.0
0.0
0.0
0.0
0.0
0.0
0.0
0.0
0.0
0
0
0
0.0
0.0
0.0
0.0
0.0
0.0
0.0
0.0
0.0
0.0
0.0
0.0
0.0
0.0
0.0
0.0
0.0
0.0
0.0
0
0
0.0
0
0.0
0.0
0.0
0.0
0.0
0.0
0.0
0.0
0.0
0.0
0.0
0.0
0.0
0.0
0.0
0.0
0.0
0.0
0.0
0.0
0.0
0
0
0
0.0
0.0
0.0
0.0
0.0
0.0
0.0
0.0
0.0
0.0
0.0
0.0
0.0
0.0
0.0
0.0
0.0
0.0
0.0
0.0
0
0
0
0
0.0
0.0
0.0
0.0
0.0
0.0
0.0
0.0
0.0
0.0
0.0
0.0
0.0
0.0
0.0
0.0
0.0
0.0
0.0
0.0
0.0
0
0.0
0.0
0.0
0.0
0.0
0.0
0.0
0.0
0.0
0.0
0.0
0.0
0.0
0.0
0.0
0.0
0.0
0.0
0.0
0.0
0.0
0
0
0
0
0.0
0
0.0
0.0
0.0
0.0
0.0
0.0
0.0
0.0
0.0
0.0
0.0
0.0
0.0
0.0
0.0
0.0
0
0.0
0.0
0
0.0
0
0
0
0.0
0.0
0.0
0.0
0.0
0.0
0.0
0.0
0.0
0.0
0.0
0.0
0.0
0.0
0.0
0.0
0.0
0.0
0.0
0
0.0
0
0
0.0
0.0
0.0
0.0
0.0
0.0
0.0
0.0
0.0
0.0
0.0
0.0
0.0
0.0
0.0
0.0
0.0
0.0
0.0
0.0
0.0
0.0
0
0
0.0
0.0
0.0
0.0
0.0
0.0
0.0
0.0
0.0
0.0
0.0
0.0
0.0
0.0
0.0
0.0
0.0
0.0
0.0
0
0.0
0
0
0
0.0
0.0
0.0
0.0
0.0
0.0
0.0
0.0
0.0
0.0
0.0
0.0
0.0
0.0
0.0
0.0
0.0
0.0
0.0
0.0
0.0
0
0.0
0
0.0
0.0
0.0
0.0
0.0
0.0
0.0
0.0
0.0
0.0
0.0
0.0
0.0
0.0
0.0
0.0
0.0
0.0
0.0
0.0
0.0
0
0
0
0.0
0.0
0.0
0.0
0.0
0.0
0.0
0.0
0.0
0.0
0.0
0.0
0.0
0.0
0.0
0.0
0.0
0.0
0.0
0.0
0
0.0
0.0
0.0
0.0
0.0
0.0
0.0
0.0
0.0
0.0
0.0
0.0
0.0
0.0
0.0
0.0
0.0
0.0
0.0
0.0
0.0
0.0
0.0
0.0
0.0
0.0
0
0.0
0
0.0
0.0
0.0
0.0
0.0
0.0
0.0
0.0
0.0
0.0
0.0
0.0
0.0
0.0
0.0
0.0
0.0
0
0
0.0
0
0.0
0
0
0.0
0.0
0.0
0.0
0.0
0.0
0.0
0.0
0.0
0.0
0.0
0.0
0.0
0.0
0.0
0.0
0.0
0.0
0.0
0.0
0.0
0.0
0
0.0
0.0
0.0
0.0
0.0
0.0
0.0
0.0
0.0
0.0
0.0
0.0
0.0
0.0
0.0
0.0
0.0
0.0
0.0
0.0
0.0
0
0
0
0.0
0.0
0.0
0.0
0.0
0.0
0.0
0.0
0.0
0.0
0.0
0.0
0.0
0.0
0.0
0.0
0.0
0.0
0
0.0
0.0
0
0
0
0.0
0.0
0.0
0.0
0.0
0.0
0.0
0.0
0.0
0.0
0.0
0.0
0.0
0.0
0.0
0.0
0.0
0.0
0
0.0
0
0.0
0.0
0.0
0.0
0.0
0.0
0.0
0.0
0.0
0.0
0.0
0.0
0.0
0.0
0.0
0.0
0.0
0.0
0.0
0.0
0.0
0.0
0
0
0
0
0
0.0
0.0
0.0
0.142857142857
0.4
0.230769230769
0.166666666667
0.0555555555556
0.352941176471
0.0
0.0
0.0
0.0
0.0
0.0
0.0
0.0
0.0
0
0.0
0.0
0.0
0
0
0.0
0.0
0.0
0.0
0.0
0.0
0.0
0.0
0.0
0.0
0.0
0.0
0.0
0.0
0.0
0.0
0.0
0
0.0
0
0
0
0
0
0.0
0
0.0
0.0
0.0
0.0
0.0
0.0
0.0
0.0
0.0
0.0
0.0
0.0
0.0
0.0
0.0
0.0
0.0
0.0
0
0.0
0.0
0.0
0.0
0.0
0.0
0.0
0.0
0.0
0.0
0.0
0.0
0.0
0.0
0.0
0.0
0.0
0.0
0.0
0.0
0.0
0.0
0.0
0
0
0.0
0.0
0.0
0.0
0.0
0.0
0.0
0.0
0.0
0.0
0.0
0.0
0.0
0.0
0.0
0.0
0.0
0.0
0.0
0.0
0.0
0.0
0.0
0
0.0
0.0
0.0
0.0
0.0
0.0
0.0
0.0
0.0
0.0
0.0
0.0
0.0
0.0
0.0
0.0
0.0
0.0
0.0
0.0
0.0
0
0
0
0
0.0
0.0
0.0
0.0
0.0
0.0
0.0
0.0
0.0
0.0
0.0
0.0
0.0
0.0
0.0
0.0
0.0
0.0
0.0
0.0
0
0.0
0.0
0.0
0.0
0.0
0.0
0.0
0.0
0.0
0.0
0.0
0.0
0.0
0.0
0.0
0.0
0.0
0.0
0.0
0.0
0.0
0.0
0.0
0
0.0
0
0
0
0.0
0.0
0.0
0.0
0.0
0.0
0.0
0.0
0.0
0.0
0.0
0.0
0.0
0.0
0.0
0.0
0.0
0.0
0.0
0
0
0
0.0
0
0
0.0
0
0.0
0.0
0.0
0.0
0.0
0.0
0.0
0.0
0.0
0.0
0.0
0.0
0.0
0.0
0.0
0.0
0.0
0
0.0
0
0.0
0.0
0.0
0.0
0.0
0.0
0.0
0.0
0.0
0.0
0.0
0.0
0.0
0.0
0.0
0.0
0.0
0.0
0.0
0.0
0.0
0.0
0.0
0
0.0
0.0
0.0
0.0
0.0
0.0
0.0
0.0
0.0
0.0
0.0
0.0
0.0
0.0
0.0
0.0
0.0
0.0
0.0
0.0
0.0
0.0
0
0.0
0
0.0
0.0
0.0
0.0
0.0
0.0
0.0
0.0
0.0
0.0
0.0
0.0
0.0
0.0
0.0
0.0
0.0
0.0
0
0
0.0
0.0
0
0
0.0
0.0
0.0
0.0
0.0
0.0
0.0
0.0
0.0
0.0
0.0
0.0
0.0
0.0
0.0
0.0
0.0
0.0
0.0
0.0
0.0
0
0
0
0.0
0.0
0.0
0.0
0.0
0.0
0.0
0.0
0.0
0.0
0.0
0.0
0.0
0.0
0.0
0.0
0.0
0
0
0
0
0
0
0
0
0.0
0
0.0
0.0
0.0
0.0
0.0
0.0
0.0
0.0
0.0
0.0
0.0
0.0
0.0
0.0
0.0
0
0
0.0
0
0
0
0.0
0
0.0
0.0
0.0
0.0
0.0
0.0
0.0
0.0
0.0
0.0
0.0
0.0
0.0
0.0
0.0
0.0
0.0
0.0
0
0
0
0
0.0
0.0
0.0
0.0
0.0
0.0
0.0
0.0
0.0
0.0
0.0
0.0
0
0.0
0.0
0.0
0.0
0.0
0.0
0.0
0
0.0
0.0
0
0.0
0.0
0.0
0.0
0.0
0.0
0.0
0.0
0.0
0.0
0.0
0.0
0.0
0.0
0.0
0.0
0
0.0
0
0.0
0
0
0
0.0
0.0
0.0
0.0
0.0
0.0
0.0
0.0
0.0
0.0
0.0
0.0
0.0
0.0
0.0
0.0
0.0
0.0
0.0
0.0
0
0
0
0.0
0
0.0
0.0
0.0
0.0
0.0
0.0
0.0
0.0
0.0
0.0
0.0
0.0
0.0
0.0
0.0
0.0
0.0
0.0
0.0
0.0
0
0
0.0
0
0
0.0
0.0
0.0
0.0
0.0
0.0
0.0
0.0
0.0
0.0
0.0
0.0
0.0
0.0
0.0
0.0
0.0
0.0
0.0
0
0.0
0
0.0
0
0.0
0.0
0.0
0.0
0.0
0.0
0.0
0.0
0.0
0.0
0.0
0.0
0.0
0.0
0.0
0.0
0.0
0.0
0.0
0
0
0.0
0
0
0.0
0.0
0.0
0.0
0.0
0.0
0.0
0.0
0.0
0.0
0.0
0.0
0.0
0.0
0.0
0.0
0.0
0.0
0.0
0.0
0
0.0
0.0
0.0
0.0
0.0
0.0
0.0
0.0
0.0
0.0
0.0
0.0
0.0
0.02
0.1
0.030303030303
0.0
0.0
0.0
0.0
0.0
0
0.0
0
0
0
0.0
0.0
0.0
0.0
0.0
0.0
0.0
0.0
0.0
0.0
0.0
0.326923076923
0.0
0.0
0.0
0.0909090909091
0.0
0.0
0.0
0.0
0.0
0.0
0.0
0
0.0
0.0
0.0
0.0
0.0
0.0
0.0
0.0
0.04
0.0
0.0
0.0
0.0
0.285714285714
0.241379310345
0.235294117647
0.0857142857143
0.0
0.0
0.0
0
0
0
0
0.0
0.0
0.0
0.0
0.0
0.0
0.0
0.131578947368
0.0
0.211538461538
0.0697674418605
0.362068965517
0.222222222222
0.111111111111
0.230769230769
0.225806451613
0.030303030303
0.0
0.0
0.0
0.0
0
0.0
0.0
0.0
0.0
0.0
0.0
0.150943396226
0.0
0.0425531914894
0.166666666667
0.169811320755
0.0444444444444
0.0
0.0322580645161
0.0
0.0512820512821
0.0
0.0
0.0
0.0
0.0
0.0
0.0
0.0
0
0
0
0.0
0.0
0.0
0.0
0.0
0.0
0.0
0.0
0.0
0.0
0.0
0.0
0.0
0.0
0.0
0.0
0.0
0
0.0
0.0
0
0
0.0
0
0
0.0
0.0
0.0
0.0
0.0
0.0
0.0
0.0
0.0
0.0
0.0
0.0
0.0
0.0
0.0
0.0
0.0
0.0
0
0
0.0
0
0.0
0.0
0.0
0.0
0.0
0.0
0.0
0.0
0.0
0.0
0.0
0.0
0.0
0.0
0.0857142857143
0.0
0.0
0.0
0.0
0.0
0.0
0.0
0
0.0
0.0
0.0
0.0
0.0
0.0
0.0
0.0
0.0
0.18
0.0943396226415
0.0
0.153846153846
0.186440677966
0.533333333333
0.426229508197
0.464285714286
0.25
0.0
0.0
0.0
0.0
0.0
0.0
0.0
0.0
0.0
0.0
0.0
0.0
0.0
0.0
0.0
0.111111111111
0.212765957447
0.0
0.105263157895
0.1
0.47619047619
0.443037974684
0.222222222222
0.0975609756098
0.0
0.0
0.0
0.0
0
0.0
0.0
0.0
0.0
0.0
0.0
0.127659574468
0.0
0.389830508475
0.203703703704
0.439393939394
0.413793103448
0.25
0.209677419355
0.409836065574
0.549295774648
0.662790697674
0.465517241379
0.307692307692
0.0
0.0
0.0
0.0
0.0
0.0
0.0
0.0
0.0
0.0
0.0
0.397058823529
0.0
0.453488372093
0.505882352941
0.545454545455
0.648648648649
0.428571428571
0.47619047619
0.489130434783
0.606741573034
0.422535211268
0.309523809524
0.0
0.0
0.0
0.0
0
0.0
0
0
0
0.0
0.0
0.0
0.0
0.0
0.0
0.0
0.0
0.0
0.0
0.0
0.0
0.0
0.0
0.0
0.0
0.0
0.0
0.0
0.0
0
0
0
0.0
0.0
0.0
0.0
0.0
0.0
0.0
0.0
0.263157894737
0.1
0.320754716981
0.234042553191
0.121951219512
0.142857142857
0.244897959184
0.0
0.0
0.0
0.0
0.0
0.0
0.0
0.0
0.0
0.0
0.0579710144928
0.0
0.0847457627119
0.404494382022
0.341463414634
0.0
0.57
0.591836734694
0.395833333333
0.516666666667
0.203125
0.477272727273
0.432098765432
0.560975609756
0.540229885057
0.0444444444444
0.0
0.0
0.0
0.0
0.0
0.0
0
0.0
0.0
0.0
0.398230088496
0.563829787234
0.474226804124
0.352272727273
0.485436893204
0.0925925925926
0.117647058824
0.166666666667
0.441860465116
0.514851485149
0.541176470588
0.492537313433
0.106382978723
0.0
0.0
0.0
0.0
0.0
0.0
0.0
0.0
0.0
0.0
0.0576923076923
0.584745762712
0.287878787879
0.504424778761
0.364864864865
0.333333333333
0.283783783784
0.552083333333
0.404255319149
0.108695652174
0.504273504274
0.475
0.2
0.025
0.0
0.0
0.0
0.0
0.0
0.0
0
0.0
0.0
0.0
0.0208333333333
0.418367346939
0.333333333333
0.0
0.337078651685
0.202380952381
0.0
0.39
0.0
0.0
0.0
0.0
0.183333333333
0.14
0.047619047619
0.0
0.0
0.0
0.0
0.0
0.0
0.0
0.0
0.0
0.0
0.34375
0.0
0.0
0.132075471698
0.0
0.0
0.266666666667
0.0
0.0
0.0
0.0
0.0
0.0
0.0
0.0
0.0
0
0
0.0
0.0
0.0
0.0
0.0
0.0
0.0
0.0
0.0
0.0
0.0
0.0
0.0
0.0
0.0
0.0
0.0
0.0
0.0
0.0
0.0
0.0
0.0
0
0
0.0
0.0
0.0
0.0
0.0
0.0
0.0
0.0
0.0
0.06
0.384615384615
0.339622641509
0.0888888888889
0.0
0.0806451612903
0.126984126984
0.445945945946
0.426666666667
0.0
0.0
0.0
0.0
0.0
0.0
0.0
0.0
0.0
0.0
0.0
0.125
0.183333333333
0.328571428571
0.222222222222
0.191176470588
0.277108433735
0.241379310345
0.0967741935484
0.0327868852459
0.263157894737
0.53125
0.405063291139
0.318181818182
0.15873015873
0.0
0.0
0.0
0.0
0.0
0.0
0.0
0.0
0.0
0.0
0.27868852459
0.047619047619
0.184615384615
0.61
0.412371134021
0.206896551724
0.395348837209
0.49504950495
0.262295081967
0.418604651163
0.67
0.631578947368
0.548387096774
0.363636363636
0.0
0.0
0.0
0.0
0.0
0.0
0.0
0.0
0.0
0.0
0.228915662651
0.444444444444
0.381578947368
0.412698412698
0.230769230769
0.112903225806
0.424242424242
0.540540540541
0.270588235294
0.545454545455
0.6
0.633928571429
0.5
0.183098591549
0.0666666666667
0.0
0.0
0.0
0.0
0.0
0.0
0.0
0.0
0.0
0.40625
0.101694915254
0.391304347826
0.455445544554
0.415730337079
0.406593406593
0.584158415842
0.4375
0.383720930233
0.5625
0.739495798319
0.636363636364
0.550458715596
0.3
0.0
0.0
0.0
0.0
0.0
0.0
0.0
0.0
0.0
0.0
0.192307692308
0.51
0.65811965812
0.576923076923
0.691666666667
0.5
0.478260869565
0.0
0.0
0.0
0.0
0.0
0.0
0.0
0.0
0.0
0.0
0
0
0
0.0
0.0
0.0
0.0
0.0
0.0
0.0
0.0
0.0
0.0
0.0
0.0
0.0
0.0
0.0
0.0
0.0
0.0
0.0
0.0
0.0
0.0
0
0
0
0.0
0.0
0.0
0.0
0.0
0.0
0.0
0.0
0.175
0.0526315789474
0.027027027027
0.09375
0.0
0.163636363636
0.395833333333
0.166666666667
0.0
0.0
0.0
0.0
0.0
0.0
0.0
0.0
0.0
0.0
0.0
0.109375
0.148936170213
0.2
0.303797468354
0.25
0.467741935484
0.380281690141
0.180327868852
0.484375
0.376811594203
0.571428571429
0.365079365079
0.349206349206
0.0277777777778
0.0
0.0
0.0
0.0
0.0
0.0
0.0
0.0
0.0
0.0
0.0
0.108695652174
0.12962962963
0.1875
0.0
0.0681818181818
0.11320754717
0.111111111111
0.125
0.52
0.592105263158
0.311475409836
0.310344827586
0.142857142857
0.0
0.0
0.0
0.0
0
0.0
0.0
0.0
0.0
0.0
0.392857142857
0.434782608696
0.0731707317073
0.0727272727273
0.258620689655
0.163265306122
0.177419354839
0.0769230769231
0.25
0.301587301587
0.506493506494
0.519480519481
0.584615384615
0.127659574468
0.0
0.0
0.0
0.0
0
0.0
0.0
0.0
0.0
0.0
0.173913043478
0.25
0.378378378378
0.492753623188
0.379310344828
0.575342465753
0.493827160494
0.469135802469
0.329113924051
0.641975308642
0.593406593407
0.633333333333
0.60824742268
0.369863013699
0.0
0.0
0.0
0.0
0.0
0.0
0.0
0.0
0.0
0.0
0.281690140845
0.52
0.634920634921
0.638461538462
0.765957446809
0.65671641791
0.505747126437
0.0
0.0
0.0
0.0
0.0
0.0
0.0
0.0
0.0
0.0
0
0.0
0.0
0
0.0
0.0
0.0
0.0
0.0
0.0
0.0
0.0
0.0
0.0
0.0
0.0
0.0
0.0
0.0
0.0
0.0
0.0
0.0
0.0
0.0
0.0
0.0
0
0.0
0.0
0.0
0.0
0.0
0.0
0.0
0.277777777778
0.260869565217
0.22641509434
0.129032258065
0.152173913043
0.418181818182
0.448275862069
0.206896551724
0.478873239437
0.125
0.0
0.0
0.0
0.0
0.0
0.0
0.0
0.0
0.0
0.0
0.327868852459
0.446428571429
0.125
0.368421052632
0.315789473684
0.377049180328
0.24
0.235294117647
0.195652173913
0.560606060606
0.529411764706
0.662790697674
0.408450704225
0.533333333333
0.0
0.0
0.0
0.0
0.0
0.0
0.0
0.0
0.0
0.0
0.0
0.275
0.0
0.204545454545
0.169491525424
0.35
0.446153846154
0.358490566038
0.25641025641
0.0
0.338028169014
0.578947368421
0.483333333333
0.0
0.0
0.0
0.0
0.0
0.0
0.0
0.0
0.0
0.0
0.0
0.0
0.047619047619
0.0
0.212765957447
0.425531914894
0.0444444444444
0.0612244897959
0.274509803922
0.4375
0.484848484848
0.241935483871
0.236363636364
0.150943396226
0.258064516129
0.0
0.0
0.0
0.0
0.0
0.0
0.0
0.0
0.0
0.0975609756098
0.0
0.0
0.0
0.0
0.0
0.0
0.0
0.192307692308
0.0625
0.0
0.388888888889
0.303571428571
0.219512195122
0.179487179487
0.0
0.0
0.0
0.0
0.0
0.0
0.0
0.0
0.0
0.0
0.0
0.0
0.0
0.0
0.0
0.0689655172414
0.0
0.0
0.0
0.0
0.0
0.0
0.0
0.0
0.0
0.0
0.0
0.0
0.0
0
0.0
0.0
0.0
0.0
0.0
0.0
0.0
0.0
0.0
0.0
0.0
0.0
0.0
0.0
0.0
0.0
0.0
0.0
0.0
0.0
0.0
0.0
0.0
0
0.0
0.0
0.0
0.0
0.0
0.0
0.0
0.0
0.0
0.19512195122
0.0
0.214285714286
0.185185185185
0.380952380952
0.222222222222
0.125
0.0
0.0
0.0
0.0
0.0
0.0
0.0
0.0
0.0
0.0
0.0
0.0
0.0
0.0
0.0
0.239130434783
0.130434782609
0.121951219512
0.415094339623
0.229166666667
0.433962264151
0.451612903226
0.469696969697
0.489795918367
0.358490566038
0.0
0.0
0.0
0.0
0.0
0.0
0.0
0.0
0.0
0.0
0.315789473684
0.3
0.232558139535
0.18
0.3
0.315789473684
0.451612903226
0.28
0.0208333333333
0.216666666667
0.55
0.616279069767
0.645161290323
0.6
0.279069767442
0.0
0.0
0.0
0.0
0.0
0.0
0
0.0
0.0
0.0
0.406779661017
0.542372881356
0.063829787234
0.44776119403
0.258064516129
0.296296296296
0.22641509434
0.28
0.0263157894737
0.150943396226
0.366666666667
0.609375
0.121951219512
0.0
0.0
0.0
0.0
0.0
0.0
0
0.0
0.0
0.0
0.0
0.0
0.0
0.0
0.0
0.0
0.0
0.0
0.0
0.0
0.0
0.0
0.0
0.0
0.0
0.0
0.0
0.0
0.0
0.0
0
0.0
0.0
0.0
0.0
0.0
0.0
0.0
0.0
0.125
0.136363636364
0.0
0.0
0.0
0.0
0.0
0.0
0.0
0.0
0.0
0.0
0.0
0.0
0.0
0
0
0.0
0.0
0.0
0.0
0.0
0.0
0.0
0.0
0.0
0.0
0.0
0.0
0.0
0.0
0.0
0.0
0.0
0.0
0.0
0.0
0.0
0
0.0
0.0
0.0
0.0
0.0
0.0
0.0
0.0
0.0
0.0
0.0
0.0
0.0
0.0
0.0
0.433962264151
0.0
0.128205128205
0.0
0.0
0.0
0.0
0.0
0.0
0.0
0.0
0.0
0.0
0.0
0.0
0.0697674418605
0.180327868852
0.451219512195
0.370967741935
0.553571428571
0.3125
0.188679245283
0.393442622951
0.708860759494
0.581395348837
0.641509433962
0.241379310345
0.3125
0.0
0.0
0.0
0.0
0.0
0.0
0.0
0.0
0.0
0.0555555555556
0.240740740741
0.18
0.357142857143
0.441558441558
0.452054794521
0.517647058824
0.49
0.458333333333
0.524390243902
0.609523809524
0.660377358491
0.661157024793
0.460674157303
0.25
0.0
0.0
0.0
0.0
0.0
0.0
0.0
0.0
0.0
0.0
0.0
0.0227272727273
0.125
0.113636363636
0.230769230769
0.441176470588
0.3
0.0869565217391
0.18
0.60824742268
0.656862745098
0.528571428571
0.392156862745
0.190476190476
0.0
0.0
0.0
0.0
0.0
0.0
0.0
0.0
0.0
0.397260273973
0.310344827586
0.377049180328
0.420289855072
0.448275862069
0.443181818182
0.44
0.333333333333
0.328125
0.363636363636
0.529411764706
0.588235294118
0.530303030303
0.5
0.416666666667
0.163265306122
0.0
0.0
0.0
0.0
0.0
0.0
0.0
0.0
0.0
0.542553191489
0.672566371681
0.697674418605
0.75
0.748387096774
0.75
0.486486486486
0.0
0.0
0.0
0.0
0.0
0.0
0.0
0.0
0.0
0.0
0.0
0.0
0
0.0
0.0
0.0
0.0
0.0
0.0
0.0
0.0
0.0
0.0
0.0
0.0
0.0
0.0
0.0
0.0
0.0
0.0
0.0
0.0
0.0
0.0
0
0
0
0.0
0.0
0.0
0.0
0.0
0.0
0.0526315789474
0.184210526316
0.292682926829
0.442307692308
0.211538461538
0.04
0.372881355932
0.5
0.360655737705
0.362068965517
0.0909090909091
0.0
0.0
0.0
0.0
0.0
0.0
0.0
0.0
0.0
0.0810810810811
0.0
0.271186440678
0.549295774648
0.485714285714
0.644230769231
0.526315789474
0.373333333333
0.0
0.327868852459
0.626865671642
0.579710144928
0.415094339623
0.310344827586
0.145454545455
0.0
0.0
0.0
0.0
0.0
0.0
0.0
0.0
0.0
0.6875
0.239130434783
0.142857142857
0.0263157894737
0.0243902439024
0.340425531915
0.317073170732
0.214285714286
0.116279069767
0.274509803922
0.411764705882
0.24
0.420289855072
0.5
0.0681818181818
0.0
0.0
0.0
0.0
0.0
0.0
0.0
0.0
0.0
0.0
0.0
0.0689655172414
0.0
0.170731707317
0.162162162162
0.0882352941176
0.113636363636
0.3
0.288461538462
0.413793103448
0.5
0.483333333333
0.346153846154
0.26
0.0
0.0
0.0
0.0
0.0
0.0
0.0
0.0
0.0
0.214285714286
0.152173913043
0.0
0.2
0.0512820512821
0.421875
0.378787878788
0.113636363636
0.152173913043
0.269841269841
0.483870967742
0.45
0.593220338983
0.313725490196
0.214285714286
0.0
0.0
0.0
0.0
0.0
0.0
0.0
0.0
0.0
0.0
0.25
0.210526315789
0.550724637681
0.328358208955
0.5625
0.560975609756
0.46835443038
0.333333333333
0.537037037037
0.411764705882
0.296875
0.372549019608
0.157894736842
0.0
0.0
0.0
0.0
0.0
0.0
0
0.0
0.0
0.0
0.0
0.0
0.0
0.0
0.0
0.0
0.0
0.0
0.0
0.0
0.0
0.0
0.0
0.0
0.0
0.0
0.0
0.0
0.0
0.0
0.0
0.0
0
0.0
0.0
0.0
0.0
0.0
0.0
0.0888888888889
0.333333333333
0.557692307692
0.322033898305
0.333333333333
0.456140350877
0.461538461538
0.538461538462
0.479166666667
0.0232558139535
0.0344827586207
0.0
0.0
0.0
0.0
0.0
0.0
0.0
0.0
0.0
0.0
0.101694915254
0.571428571429
0.383333333333
0.458333333333
0.446153846154
0.34375
0.455696202532
0.658227848101
0.705882352941
0.686274509804
0.754901960784
0.555555555556
0.0
0.0
0.0
0.0
0.0
0.0
0.0
0.0
0.0
0.0
0.547368421053
0.25
0.115384615385
0.157894736842
0.203703703704
0.24
0.327272727273
0.0652173913043
0.0243902439024
0.189655172414
0.270833333333
0.345454545455
0.362068965517
0.395833333333
0.0
0.0
0.0
0.0
0.0
0.0
0.0
0.0
0.0
0.0
0.0
0.0
0.0208333333333
0.0487804878049
0.340909090909
0.36170212766
0.135135135135
0.0
0.0
0.0
0.237288135593
0.473684210526
0.296296296296
0.55
0.142857142857
0.0
0.0
0.0
0.0
0.0
0.0
0.0
0.0
0.0
0.0
0.0
0.363636363636
0.177777777778
0.243902439024
0.0
0.244897959184
0.2
0.0
0.046511627907
0.423076923077
0.597402597403
0.491525423729
0.411764705882
0.0
0.0
0.0
0.0
0.0
0.0
0.0
0.0
0.0
0.0
0.0
0.0
0.0
0.0
0.0
0.0
0.0571428571429
0.0333333333333
0.138888888889
0.451612903226
0.0
0.0
0.0
0.0
0.0
0.0
0.0
0.0
0.0
0.0
0
0
0.0
0.0
0.0
0.0
0.0
0.0
0.0
0.0
0.0
0.0
0.0
0.0
0.0
0.0
0.0
0.0
0.0
0.0
0.0
0.0
0
0.0
0.0
0.0
0.0
0.0
0.0
0.0
0.0
0.0
0.0
0.181818181818
0.153846153846
0.452380952381
0.121951219512
0.292682926829
0.392156862745
0.25
0.245283018868
0.12
0.0
0.0
0.0
0.0
0.0
0.0
0.0
0.0
0.0
0.0
0.0
0.0754716981132
0.030303030303
0.0444444444444
0.0961538461538
0.239130434783
0.0
0.027027027027
0.027027027027
0.025
0.578125
0.375
0.303571428571
0.129032258065
0.0
0.0
0.0
0.0
0.0
0.0
0.0
0.0
0.0
0.145161290323
0.576923076923
0.30487804878
0.179487179487
0.0
0.27397260274
0.155555555556
0.344827586207
0.210526315789
0.137254901961
0.0
0.430555555556
0.46
0.396226415094
0.0714285714286
0.0
0.0
0.0
0.0
0.0
0.0
0.0
0.0
0.0
0.0
0.0
0.25
0.0833333333333
0.0
0.025
0.365384615385
0.347826086957
0.333333333333
0.465517241379
0.22
0.525
0.53164556962
0.613333333333
0.431034482759
0.0
0.0
0.0
0.0
0.0
0.0
0.0
0.0
0.0
0.0735294117647
0.631578947368
0.470588235294
0.125
0.211267605634
0.426666666667
0.493975903614
0.423529411765
0.683760683761
0.265625
0.359375
0.612244897959
0.645161290323
0.743801652893
0.602272727273
0.388059701493
0.153846153846
0.0
0.0
0.0
0.0
0.0
0.0
0.0
0.0
0.0909090909091
0.52808988764
0.720720720721
0.703125
0.705882352941
0.664285714286
0.633663366337
0.339622641509
0.0
0.0
0.0
0.0
0.0
0.0
0.0
0.0
0.0
0.0
0.0
0.0
0.0
0.0
0.0
0.0
0.0
0.0
0.0625
0.314285714286
0.294117647059
0.205882352941
0.0
0.0
0.0
0.0
0.0
0.0
0.0
0.0
0.0
0.0
0.0
0.0
0.0
0.0
0.0
0.0
0.0
0.0
0.0
0.0
0.0
0.0
0.0
0.604166666667
0.16
0.0909090909091
0.232558139535
0.404255319149
0.526315789474
0.339285714286
0.42
0.234042553191
0.03125
0.0
0.0
0.0
0.0
0.0
0.0
0.0
0.0
0.0
0.297297297297
0.649122807018
0.16
0.4
0.555555555556
0.162162162162
0.196721311475
0.150943396226
0.253968253968
0.307692307692
0.303571428571
0.314814814815
0.2
0.234042553191
0.0
0.0
0.0
0.0
0.0
0.0
0.0
0.0
0.0
0.223880597015
0.631578947368
0.446153846154
0.189189189189
0.236363636364
0.0
0.516666666667
0.51724137931
0.105263157895
0.291666666667
0.0731707317073
0.340909090909
0.381818181818
0.410714285714
0.166666666667
0.0
0.0
0.0
0.0
0.0
0.0
0.0
0.0
0.0
0.0
0.0227272727273
0.25
0.435897435897
0.0625
0.446808510638
0.431034482759
0.462962962963
0.106382978723
0.241935483871
0.384615384615
0.583333333333
0.6625
0.613333333333
0.345454545455
0.210526315789
0.0
0.0
0.0
0.0
0.0
0.0
0.0
0.0
0.0
0.279411764706
0.666666666667
0.0333333333333
0.0681818181818
0.317073170732
0.385964912281
0.478260869565
0.0
0.0
0.0
0.0
0.372093023256
0.0697674418605
0.115384615385
0.0
0.0
0.0
0.0
0.0
0.0
0.0
0.0
0.0
0.0
0.0
0.507936507937
0.093023255814
0.444444444444
0.0285714285714
0.05
0.093023255814
0.309523809524
0.0789473684211
0.105263157895
0.0
0.0
0.0
0.0
0.0
0.0
0.0
0.0
0.0
0
0.0
0
0.0
0.0
0.0
0.0
0.0
0.0
0.0
0.04
0.0
0.0952380952381
0.0
0.0
0.0
0.0
0.0
0.0
0.0
0.0
0.0
0.0
0.0
0.0
0.0
0.0
0.0
0.0
0.0
0.0
0.0
0.103448275862
0.285714285714
0.0967741935484
0.392857142857
0.391304347826
0.44
0.296296296296
0.302325581395
0.428571428571
0.372549019608
0.372549019608
0.111111111111
0.0
0.0
0.0
0.0
0.0
0.0
0.0
0.0
0.0
0.0
0.237288135593
0.5
0.3
0.494623655914
0.460317460317
0.36
0.239130434783
0.328358208955
0.533333333333
0.462686567164
0.666666666667
0.461538461538
0.285714285714
0.205128205128
0.0
0.0
0.0
0.0
0
0.0
0.0
0.0
0.0
0.191489361702
0.446153846154
0.244897959184
0.453125
0.28
0.181818181818
0.375
0.387096774194
0.130434782609
0.266666666667
0.266666666667
0.537037037037
0.421052631579
0.345454545455
0.0
0.0
0.0
0.0
0.0
0.0
0.0
0.0
0.0
0.0
0.0
0.368421052632
0.232558139535
0.093023255814
0.465517241379
0.305084745763
0.294117647059
0.338709677419
0.322033898305
0.328571428571
0.475409836066
0.555555555556
0.643835616438
0.422535211268
0.0952380952381
0.0
0.0
0.0
0.0
0.0
0.0
0.0
0.0
0.0
0.0
0.438356164384
0.385964912281
0.479452054795
0.522388059701
0.489361702128
0.602040816327
0.655913978495
0.418918918919
0.556962025316
0.683673469388
0.596638655462
0.462365591398
0.447368421053
0.113636363636
0.0
0.0
0.0
0.0
0.0
0.0
0.0
0.0
0.0
0.0
0.0697674418605
0.597222222222
0.686868686869
0.782258064516
0.591304347826
0.6
0.313725490196
0.0
0.0
0.0
0.0
0.0
0.0
0.0
0.0
0.0
0.0
0.0
0.0
0
0.0
0.0
0.0
0.0
0.0
0.0
0.0
0.0
0.0
0.0
0.0
0.0
0.0
0.0
0.0
0.0
0.0
0.0
0.0
0.0
0.0
0.0
0.0
0.0
0.0
0.0
0.0
0.0
0.0
0.0
0.0
0.0975609756098
0.195652173913
0.4
0.375
0.217391304348
0.452830188679
0.438596491228
0.142857142857
0.315789473684
0.116279069767
0.0
0.0
0.0
0.0
0.0
0.0
0.0
0.0
0.0
0.0
0.0
0.0
0.078431372549
0.275
0.206896551724
0.283333333333
0.271186440678
0.338461538462
0.208333333333
0.323076923077
0.3125
0.479452054795
0.456140350877
0.344827586207
0.161290322581
0.0
0.0
0.0
0.0
0.0
0.0
0.0
0.0
0.161764705882
0.58
0.474576271186
0.0882352941176
0.0
0.125
0.269230769231
0.0
0.0
0.0
0.0
0.0
0.0
0.130434782609
0.111111111111
0.0
0.0
0.0
0.0
0.0
0
0.0
0.0
0.0
0.0
0.0
0.0
0.0
0.0
0.0357142857143
0.0
0.0
0.0
0.0
0.0
0.0
0.0
0.0
0.0
0.0
0.0
0.0
0.0
0.0
0.0
0
0.0
0.0
0.0
0.0
0.0
0.0
0.0
0.0
0.0
0.0
0.0
0.0
0.0
0.0
0.0
0.0
0.0
0.0
0.0
0.0
0.0
0.0
0.0
0.0
0.0
0.0
0.0
0.0
0.0
0.0
0.0
0.0
0.0
0.0
0.0
0.0
0.0
0.0
0.16
0.0
0.0
0.0
0.0
0.0
0.0
0.0
0.0
0.0
0.0
0.0
0.0
0.0
0.0
0.0
0.04
0.178571428571
0.0
0.216216216216
0.28125
0.0
0.0
0.0
0.0
0.0
0.227272727273
0.0
0.0
0.0
0.0
0.0
0.0
0.0
0.0
0.0
0.0
0.0
0.0
0.0
0.384615384615
0.388888888889
0.138888888889
0.0
0.214285714286
0.454545454545
0.175
0.418918918919
0.547169811321
0.508474576271
0.35
0.05
0.0
0.0
0.0
0.0
0.0
0.0
0.0
0.0
0.0
0.166666666667
0.279069767442
0.333333333333
0.389830508475
0.425
0.384615384615
0.602941176471
0.363636363636
0.210526315789
0.469696969697
0.515151515152
0.448275862069
0.465517241379
0.285714285714
0.0588235294118
0.0
0.0
0.0
0.0
0.0
0.0
0.0
0.0
0.0
0.0
0.111111111111
0.294117647059
0.375
0.313725490196
0.560606060606
0.515151515152
0.370967741935
0.298245614035
0.558441558442
0.617283950617
0.736111111111
0.558139534884
0.191489361702
0.30303030303
0.0
0.0
0.0
0.0
0.0
0.0
0.0
0.0
0.0
0.2
0.5
0.0833333333333
0.542857142857
0.350877192982
0.621212121212
0.5
0.338983050847
0.56338028169
0.441176470588
0.647058823529
0.578313253012
0.536231884058
0.313725490196
0.222222222222
0.0
0.0
0.0
0.0
0.0
0.0
0.0
0.0
0.0
0.0384615384615
0.272727272727
0.390625
0.418181818182
0.307692307692
0.444444444444
0.302631578947
0.12962962963
0.625
0.705882352941
0.653465346535
0.421052631579
0.525423728814
0.0769230769231
0.0
0.0
0.0
0.0
0.0
0.0
0.0
0.0
0.0
0.0
0.34375
0.269230769231
0.475409836066
0.542372881356
0.522388059701
0.645569620253
0.5
0.647727272727
0.485294117647
0.439393939394
0.492307692308
0.5
0.245901639344
0.0
0.0
0.0
0.0
0.0
0.0
0
0.0
0.0
0.0
0.0
0.0
0.0
0.0
0.0
0.0
0.0
0.0
0.0
0.0
0.0
0.0
0.0
0.0
0.0
0.0
0.0
0.0
0.0
0.0
0.0
0.0
0.0
0.0
0.0
0.0
0.0
0.0
0.0
0.142857142857
0.137931034483
0.0
0.0
0.0
0.2
0.323529411765
0.151515151515
0.178571428571
0.0
0.0
0.0
0.0
0.0
0.0
0.0
0.0
0.0
0.0
0.0
0.0
0.0
0.0
0.0
0.0
0.0
0.0
0.0
0.0
0.0
0.0
0.0
0.0
0.0
0.0
0.0
0.0
0.0
0.0
0.0
0.0
0.0
0.0
0.0
0.0
0.0
0.0
0.0
0.0
0.0
0.0
0.0
0.0
0.0
0.0
0.0
0.0
0.0
0.0
0.0
0.0
0.0
0.0
0.0
0.0
0.0
0.0
0.0
0.0
0.0
0.0
0.0
0.0
0.0
0.0
0.0
0.0
0.0
0.0
0.0
0.0
0.0
0.0
0.0
0.0
0.0
0
0.0
0.0
0.0
0.0
0.0
0.0
0.0
0.0
0.0
0.0
0.0
0.0
0.0
0.0
0.0
0.0
0.0
0.0
0.0
0.0
0.0
0.0
0.0
0.0
0.0
0.0
0.0
0.0
0.0
0.0
0.0
0.0
0.0
0.0
0.0
0.0
0.0
0.0
0.0
0.0
0.0
0.0
0.0
0.0
0.0
0.0
0.0
0.0
0
0
0.0
0.0
0.0
0.0
0.0
0.0
0.0
0.0
0.0
0.0
0.0
0.0
0.0
0.0
0.0
0.0
0.0
0.0
0.0
0.0
0.0
0
0
0
0.0
0.0
0.0
0.0
0.0
0.0
0.0
0.0
0.0
0.0
0.0
0.0
0.0
0.0
0.0
0.0
0.0
0.0
0.0
0.0
0.0
0.0
0.0
0.0
0.0
0.0
0.0
0.0
0.0
0.0
0.0
0.0
0.0
0.0
0.0
0.0
0.0
0.0
0.0
0.0
0.0
0.0
0.0
0.0
0
0
0.0
0.0
0.0
0.0
0.0
0.0
0.0
0.0
0.0
0.0
0.0
0.0
0.0
0.0
0.0
0.0
0.0
0.0
0.0
0.0
0.0
0.0
0
0.0
0.0
0
0.0
0.0
0.0
0.0
0.0
0.0
0.0
0.0
0.0
0.0
0.0
0.0
0.0
0.0
0.0
0.0
0.0
0.0
0.0
0.0
0
0
0.0
0.0
0.0
0.0
0.0
0.0
0.0
0.0
0.0
0.0
0.0
0.0
0.0
0.0
0.0
0.0
0.0
0.0
0.0
0.0
0.0
0.0
0
0.0
0
0
0.0
0.0
0.0
0.0
0.0
0.0
0.0
0.0
0.0
0.0
0.0
0.0
0.0
0.0
0.0
0.0
0.0
0.0
0.0
0.0
0
0
0
0
0
0
0.0
0.0
0.0
0.0
0.0
0.0
0.0
0.0
0.0
0.0
0.0
0.0
0.0
0.0
0
0.0
0.0
0.0
0
0
0.0
0
0
0.0
0.0
0.0
0.0
0.0
0.0
0.0
0.0
0.0
0.0
0.0
0.0
0.0
0.0
0.0
0.0
0.0
0
0
0.0
0.0
0
0
0.0
0
0.0
0.0
0.0
0.0
0.0
0.0
0.0
0.0
0.0
0.0
0.0
0.0
0.0
0
0.0
0
0.0
0
0
0
0
0
0.0
0
0.0
0.0
0.0
0.0
0.0
0.0
0.0
0.0
0.0
0.0
0.0
0.0
0.0
0
0.0
0
0.0
0.0
0.0
0
0
0.0
0
0.0
0.0
0.0
0.0
0.0
0.0
0.0
0.0
0
0.0
0.0
0
0.0
0.0
0.0
0
0
0.0
0.0
0.0
0
0.0
0.0
0
0
0.0
0.0
0.0
0.0
0.0
0
0.0
0.0
0.0
0.0
0.0
0.0
0
0.0
0.0
0.0
0
0.0
0
0
0
0
0
0
0
0.0
0.0
0.0
0.0
0
0.0
0.0
0.0
0.0
0.0
0.0
0.0
0.0
0.0
0.0
0.0
0.0
0.0
0
0
0
0
0
0.0
0.0
0.0
0.0
0
0.0
0.0
0.0
0.0
0.0
0.0
0
0.0
0
0
0.0
0.0
0
0
0.0
0.0
0
0.0
0
0.0
0.0
0
0.0
0.0
0.0
0
0.0
0.0
0.0
0.0
0.0
0.0
0.0
0
0.0
0
0.0
0
0.0
0.0
0
0
0.0
0.0
0.0
0.0
0.0
0.0
0.0
0.0
0.0
0.0
0.0
0.0
0.0
0.0
0.0
0
0.0
0
0.0
0
0
0.0
0
0
0
0.0
0.0
0.0
0.0
0.0
0.0
0.0
0.0
0
0.0
0.0
0.0
0.0
0.0
0
0.0
0
0
0
0.0
0
0
0.0
0.0
0.0
0.0
0.0
0.0
0.0
0.0
0.0
0
0.0
0.0
0.0
0.0
0.0
0.0
0.0
0.0
0.0
0.0
0
0
0.0
0.0
0
0
0
0.0
0.0
0.0
0.0
0.0
0.0
0.0
0.0
0.0
0.0
0.0
0.0
0.0
0
0.0
0.0
0.0
0
0.0
0
0
0.0
0
0.0
0.0
0.0
0.0
0.0
0.0
0.0
0.0
0.0
0.0
0.0
0.0
0.0
0.0
0.0
0.0
0.0
0
0
0
0
0
0.0
0.0
0.0
0.0
0.0
0.0
0.0
0.0
0.0
0.0
0
0.0
0.0
0.0
0.0
0.0
0
0.0
0.0
0
0
0.0
0.0
0
0
0
0.0
0.0
0.0
0.0
0.0
0.0
0.0
0.0
0.0
0.0
0.0
0.0
0.0
0.0
0.0
0
0.0
0
0
0
0
0
0
0.0
0.0
0.0
0.0
0.0
0.0
0.0
0.0
0.0
0.0
0.0
0.0
0.0
0.0
0.0
0.0
0.0
0.0
0
0.0
0
0
0
0
0.0
0.0
0.0
0.0
0.0
0.0
0.0
0.0
0.0
0.0
0.0
0.0
0.0
0.0
0.0
0.0
0.0
0.0
0.0
0
0
0.0
0
0.0
0.0
0.0
0.0
0.0
0.0
0.0
0.0
0.0
0.0
0.0
0.0
0.0
0.0
0.0
0.0
0.0
0.0
0.0
0
0
0
0
0
0.0
0.0
0.0
0.0
0.0
0.0
0.0
0.0
0.0
0.0
0.0
0.0
0.0
0.0
0.0
0.0
0.0
0.0
0.0
0
0
0
0.0
0.0
0.0
0.0
0.0
0.0
0.0
0.0
0.0
0.0
0.0
0.0
0.0
0.0
0.0
0.0
0.0
0.0
0.0
0.0
0.0
0.0
0
0
0
0.0
0.0
0.0
0.0
0.0
0.0
0.0
0.0
0.0
0.0
0.0
0.0
0.0
0.0
0.0
0.0
0.0
0.0
0.0
0.0
0
0
0
0
0
0
0.0
0.0
0.0
0.0
0.0
0.0
0.0
0.0
0.0
0.0
0.0
0.0
0.0
0.0
0.0
0.0
0.0
0.0
0
0.0
0.0
0
0.0
0.0
0.0
0.0
0.0
0.0
0.0
0.0
0.0
0.0
0.0
0.0
0.0
0.0
0.0
0.0
0.0
0.0
0.0
0.0
0
0
0
0.0
0
0.0
0.0
0.0
0.0
0.0
0.0
0.0
0.0
0.0
0.0
0.0
0.0952380952381
0.0
0.0
0.0
0.122448979592
0.0
0.0
0.0
0.0
0
0.0
0
0.0
0.0
0.0
0.0
0.046875
0.152542372881
0.0
0.0
0.0
0.0
0.0
0.0
0.244444444444
0.0
0.109090909091
0.232142857143
0.0731707317073
0.0
0.0
0.0
0.0
0.0
0.0
0.0
0.0
0.0
0.0
0.51724137931
0.12962962963
0.42
0.155172413793
0.423728813559
0.119047619048
0.287878787879
0.283333333333
0.0943396226415
0.0
0.235294117647
0.295081967213
0.307692307692
0.413043478261
0.0
0.0
0.0
0.0
0.0
0.0
0.0
0.0
0.0
0.0
0.0
0.0
0.542168674699
0.206349206349
0.490566037736
0.456790123457
0.391891891892
0.102040816327
0.0425531914894
0.0810810810811
0.0
0.0
0.0
0.0285714285714
0.0
0.0
0.0
0.0
0.0
0.0
0.0
0
0.0
0.0
0.0
0.0
0.0
0.0
0.0
0.0
0.0
0.0
0.0
0.0
0.0
0.0
0.0
0.0
0.0
0.0
0.0
0.0
0.0
0.0
0
0.0
0.0
0.0
0.0
0.0
0.0
0.0
0.0
0.0294117647059
0.0
0.0
0.0
0.0
0.0
0.0
0.0
0.0
0.0
0.0
0.0
0.0
0
0
0.0
0.0
0.0
0.0
0.0
0.0
0.0
0.0
0.102040816327
0.1875
0.147058823529
0.1
0.105263157895
0.0
0.0
0.104166666667
0.392156862745
0.147058823529
0.0
0.0
0.0
0.0
0.0
0.0
0.0
0.0
0.0
0.0
0.0
0.0
0.0
0.0
0.0
0.0
0.125
0.209302325581
0.333333333333
0.25
0.448275862069
0.113636363636
0.0
0.0
0.0
0.0
0.0
0.0
0.0
0
0
0.0
0.0
0.0
0.0
0.0
0.0
0.175438596491
0.386363636364
0.436781609195
0.430769230769
0.512195121951
0.381578947368
0.338983050847
0.459770114943
0.663366336634
0.512195121951
0.290322580645
0.0
0.0
0.0
0.0
0.0
0.0
0.0
0.0
0.0
0.0
0.0
0.244444444444
0.0
0.206896551724
0.539682539683
0.0576923076923
0.442105263158
0.327272727273
0.292307692308
0.454545454545
0.413793103448
0.365079365079
0.56043956044
0.328125
0.34
0.0
0.0
0.0
0
0.0
0.0
0.0
0.0
0.0
0.0
0.0
0.327868852459
0.0
0.421875
0.547368421053
0.506493506494
0.402777777778
0.134615384615
0.323076923077
0.264705882353
0.0487804878049
0.466666666667
0.0
0.0
0.0
0.0
0.0
0.0
0
0.0
0.0
0.0
0.0
0.0
0.0
0.0
0.0
0.0
0.0
0.0
0.0
0.0
0.0
0.0
0.0
0.0
0.0
0.0
0.0
0.0
0
0.0
0
0
0
0.0
0.0
0.0
0.0
0.0
0.0
0.0
0.0
0.0
0.0
0.0
0.0
0.0869565217391
0.205128205128
0.0
0.0
0.0
0.0
0.0
0.0
0.0
0.0
0.0
0.0
0.0
0.0
0.0
0.180952380952
0.0
0.0
0.231884057971
0.16
0.11320754717
0.1
0.0
0.0243902439024
0.093023255814
0.410714285714
0.508196721311
0.170212765957
0.0
0.0
0.0
0.0
0.0
0.0
0.0
0.0
0.0
0.0
0.0217391304348
0.108108108108
0.27027027027
0.0
0.31914893617
0.0222222222222
0.396226415094
0.130434782609
0.0
0.0
0.0
0.307692307692
0.4
0.288461538462
0.0
0.0
0.0
0.0
0.0
0.0
0.0
0.0
0
0.0
0.0
0.178082191781
0.0769230769231
0.0
0.0188679245283
0.195652173913
0.265306122449
0.11320754717
0.0238095238095
0.0
0.145454545455
0.395833333333
0.382352941176
0.222222222222
0.25
0.0
0.0
0.0
0.0
0.0
0
0.0
0.0
0.0
0.136363636364
0.404761904762
0.51724137931
0.412698412698
0.285714285714
0.117647058824
0.0
0.0
0.0
0.36
0.170731707317
0.276595744681
0.435897435897
0.0645161290323
0.0
0.0
0.0
0.0
0.0
0
0.0
0.0
0.0
0.0
0.0
0.0
0.0
0.0
0.0
0.157894736842
0.0
0.0
0.0
0.0
0.0
0.0
0.0
0.0
0.0
0.0
0.0
0
0
0.0
0
0.0
0.0
0.0
0.0
0.0
0.0
0.0
0.0
0.0
0.0
0.0
0.0
0.0
0.0
0.0
0.0
0.0
0.0
0.0
0.0
0.0
0.0
0.0
0.0
0.0
0.0
0.0
0.0
0.0
0.0
0.0
0.0
0.0
0.0
0.0
0.0
0.0
0.0
0.0
0.0
0.0
0.0
0.0
0.0
0.0
0.0
0.0
0.0
0.0
0.0
0.0
0.0
0.117647058824
0.121212121212
0.0
0.0444444444444
0.078431372549
0.339285714286
0.268292682927
0.206349206349
0.05
0.156862745098
0.117647058824
0.311827956989
0.2
0.0
0.0
0.0
0.0
0.0
0.0
0.0
0.0
0.0
0.0
0.104166666667
0.511627906977
0.508771929825
0.297297297297
0.0909090909091
0.209302325581
0.25
0.224489795918
0.272727272727
0.027027027027
0.222222222222
0.35
0.327272727273
0.15873015873
0.0
0.0
0.0
0.0
0
0.0
0.0
0
0.0
0.0
0.0
0.31914893617
0.0634920634921
0.338461538462
0.0888888888889
0.189655172414
0.122448979592
0.402985074627
0.34328358209
0.135593220339
0.486842105263
0.572916666667
0.452054794521
0.323943661972
0.175438596491
0.0
0.0
0.0
0.0
0.0
0.0
0.0
0.0
0.0
0.35
0.25
0.047619047619
0.405063291139
0.0227272727273
0.161290322581
0.301369863014
0.263888888889
0.161290322581
0.254545454545
0.433962264151
0.296296296296
0.333333333333
0.263157894737
0.18
0.0
0.0
0.0
0.0
0.0
0.0
0.0
0.0
0.0
0.0
0.0
0.217391304348
0.0
0.181818181818
0.315789473684
0.0882352941176
0.0
0.0
0.0
0.0
0.0
0.0
0.0
0.0
0.0
0.0
0.0
0
0
0
0.0
0.0
0.0
0.0
0.0
0.0
0.0
0.0
0.0
0.0
0.0
0.0
0.0
0.0
0.0
0.0
0.0
0.0
0.0
0.0
0.0
0.0
0.0
0.0
0.0
0.0
0.0
0.0
0.0
0.0
0.0
0.0
0.0
0.0
0.117647058824
0.0
0.0
0.0
0.212765957447
0.0
0.0
0.0
0.0
0.0
0.0
0.0
0.0
0
0
0.0
0.0
0.0
0.0
0.0
0.0
0.0
0.05
0.239130434783
0.179487179487
0.0434782608696
0.025641025641
0.354166666667
0.564102564103
0.22
0.282608695652
0.0
0.0
0.0
0.0
0.0
0.0
0.0
0.0
0.0
0.0
0.0
0.0
0.0
0.353846153846
0.236842105263
0.4
0.36
0.4
0.18
0.415094339623
0.469696969697
0.507936507937
0.38
0.153846153846
0.125
0.0
0.0
0.0
0.0
0.0
0.0
0.0
0.0
0.0
0.0
0.193548387097
0.0
0.0
0.0434782608696
0.0652173913043
0.0
0.142857142857
0.3
0.454545454545
0.37037037037
0.303571428571
0.3125
0.384615384615
0.0909090909091
0.0
0.0
0.0
0.0
0.0
0.0
0.0
0.0
0.0
0.125
0.0
0.0212765957447
0.025641025641
0.0540540540541
0.0
0.0
0.0
0.0
0.212765957447
0.395833333333
0.439393939394
0.387096774194
0.0810810810811
0.0
0.0
0.0
0.0
0.0
0.0
0.0
0.0
0.0
0.0
0.0
0.0877192982456
0.384615384615
0.234042553191
0.0
0.305084745763
0.448275862069
0.03125
0.0
0.0
0.0
0.0
0.0
0.0
0.0
0.0
0.0
0
0.0
0
0
0.0
0.0
0.0
0.0
0.0
0.0
0.0
0.0
0.0
0.0
0.0
0.0
0.0
0.0
0.0
0.0
0.0
0.0
0.0
0.0
0
0.0
0.0
0.0
0.0
0.0
0.0
0.0
0.0
0.0
0.0
0.0
0.0
0.0
0.0
0.0
0.0
0.0
0.166666666667
0.0
0.0
0.0
0.0
0.0
0.0
0.0
0
0.0
0.0
0.0
0.0
0.0
0.05
0.0869565217391
0.0
0.19512195122
0.111111111111
0.339285714286
0.4
0.093023255814
0.186046511628
0.575757575758
0.388059701493
0.403846153846
0.0833333333333
0.0666666666667
0.0
0.0
0.0
0.0
0
0.0
0.0
0.0
0.0
0.0
0.0
0.0
0.0
0.0
0.0789473684211
0.183673469388
0.0
0.0
0.0
0.04
0.558823529412
0.345454545455
0.170731707317
0.175
0.0
0.0
0.0
0.0
0.0
0.0
0.0
0.0
0.0
0.0
0.0
0.093023255814
0.224489795918
0.115384615385
0.183673469388
0.377777777778
0.0222222222222
0.0789473684211
0.217391304348
0.119047619048
0.333333333333
0.506172839506
0.216666666667
0.114285714286
0.0
0.0
0.0
0.0
0.0
0.0
0.0
0.0
0.0
0.0
0.0
0.0
0.0
0.163265306122
0.373134328358
0.412698412698
0.3
0.0277777777778
0.36170212766
0.59756097561
0.507936507937
0.328358208955
0.384615384615
0.12
0.0
0.0
0
0
0.0
0
0.0
0.0
0.0
0.0
0.0508474576271
0.184210526316
0.166666666667
0.441176470588
0.59756097561
0.611764705882
0.283018867925
0.326923076923
0.369230769231
0.423728813559
0.440677966102
0.325581395349
0.0
0.0
0.0
0.0
0.0
0
0.0
0.0
0
0.0
0.0
0.0
0.0
0.0
0.0
0.0
0.0
0.0
0.0
0.0
0.0
0.0
0.0
0.0
0.0
0.0
0.0
0.0
0.0
0.0
0.0
0.0
0.0
0.0
0.0
0.0
0.0
0.0
0.0
0.181818181818
0.386363636364
0.194444444444
0.285714285714
0.135135135135
0.125
0.486486486486
0.2
0.148936170213
0.121951219512
0.0
0.0
0.0
0.0
0.0
0.0
0.0
0
0.0
0.0
0.0
0.0
0.0384615384615
0.119047619048
0.394736842105
0.162162162162
0.25
0.382978723404
0.162790697674
0.0227272727273
0.320754716981
0.621212121212
0.540983606557
0.260869565217
0.15625
0.0
0.0
0.0
0.0
0.0
0.0
0.0
0.0
0.0
0.0
0.0
0.0
0.0
0.111111111111
0.3125
0.0294117647059
0.0
0.0
0.0
0.285714285714
0.641509433962
0.285714285714
0.372093023256
0.0
0.0
0.0
0.0
0.0
0
0.0
0.0
0.0
0.0
0.0
0.0
0.0
0.108108108108
0.346153846154
0.0243902439024
0.0434782608696
0.0555555555556
0.297872340426
0.380952380952
0.5
0.614035087719
0.36170212766
0.475409836066
0.243902439024
0.0
0.0
0.0
0.0
0.0
0.0
0.0
0.0
0.0
0.0
0.0
0.0
0.318181818182
0.0
0.204545454545
0.403846153846
0.0810810810811
0.093023255814
0.155555555556
0.396226415094
0.436363636364
0.1
0.125
0.0
0.0
0.0
0.0
0.0
0.0
0.0
0.0
0.0
0.0
0.0
0.192307692308
0.470588235294
0.5
0.340425531915
0.324324324324
0.131578947368
0.0
0.0
0.0
0.0
0.0
0.0
0.0
0.0
0.0
0.0
0.0
0.0
0
0.0
0.0
0.0
0.0
0.0
0.0
0.0
0.0
0.0
0.0
0.0
0.08
0.0
0.0
0.0
0.0
0.0
0.0
0.0
0.0
0.0
0.0
0.0
0.0
0.0
0.0
0.0
0.0
0.0
0.0
0.0
0.0
0.0
0.192307692308
0.30303030303
0.142857142857
0.344827586207
0.0909090909091
0.0
0.5
0.0909090909091
0.0
0.0
0.0
0.0
0.0
0.0
0.0
0.0
0.0
0.0
0.0
0.0
0.0
0.0
0.210526315789
0.04
0.0
0.181818181818
0.0555555555556
0.307692307692
0.258064516129
0.192307692308
0.0
0.0416666666667
0.0
0.0
0.0
0.0
0.0
0
0
0.0
0.0
0.0
0.0
0.0
0.0
0.0
0.0
0.0
0.0
0.0
0.0
0.0
0.0
0.0
0.0
0.173913043478
0.0
0.0
0.0
0
0.0
0
0.0
0.0
0.0
0.0
0.0
0.0
0.0
0.0
0.0
0.0
0.0
0.0
0.0
0.0
0.0
0.0
0.0
0.0
0.0
0.0
0.0
0.0
0.0
0.0
0.0
0.0
0.0
0.0
0.0
0.0
0.0
0.0
0.0
0.0
0.0
0.0
0.0
0.0
0.0
0.0
0.0
0.0
0.0
0.0
0.0
0.0
0.0
0.0
0.0
0.0
0.0
0.0
0.0
0.0
0.0
0.0
0.0
0.0
0.0
0.0
0.0
0.0
0.0
0.0
0.0
0.0
0.0
0.0
0.0
0.0
0.0
0.0
0
0
0
0.0
0.0
0.0
0.0
0.0
0.0
0.0
0.0
0.0
0.0
0.0
0.0
0.0
0.0
0.0
0.0
0.0
0.0
0.0
0
0.0
0
0.0
0
0.0
0.0
0.0
0.0
0.0
0.0
0.0
0.0
0.0
0.0
0.0
0.0
0.0
0.131578947368
0.0
0.0869565217391
0.0
0.0
0.0
0.0
0
0.0
0
0.0
0.0
0.0
0.0
0.0
0.0
0.0
0.0
0.0
0.0
0.0
0.0
0.0
0.204081632653
0.326530612245
0.30612244898
0.0
0.0
0.0
0.0
0.0
0
0.0
0.0
0.0
0.0
0.0
0.0
0.0
0.234375
0.276595744681
0.0
0.0
0.25
0.297297297297
0.0681818181818
0.433333333333
0.435483870968
0.384615384615
0.609756097561
0.34375
0.025641025641
0.0
0.0
0.0
0.0
0.0
0.0
0.0
0.0
0.0
0.0566037735849
0.2
0.0
0.0
0.0
0.490196078431
0.510638297872
0.448979591837
0.438596491228
0.442307692308
0.5
0.765625
0.628571428571
0.555555555556
0.244444444444
0.0
0.0
0.0
0.0
0.0
0.0
0.0
0.0
0.0
0.0
0.0232558139535
0.0
0.237288135593
0.362068965517
0.463414634146
0.310344827586
0.511904761905
0.5
0.575
0.688888888889
0.705882352941
0.569620253165
0.5
0.0
0.0
0.0
0.0
0.0
0.0
0.0
0.0
0.0
0.0
0.0
0.0
0.297872340426
0.280701754386
0.307692307692
0.592592592593
0.522388059701
0.396226415094
0.186046511628
0.275
0.487804878049
0.41935483871
0.261904761905
0.0
0.0
0.0
0.0
0.0
0.0
0.0
0.0
0
0.0
0.0
0.0
0.0
0.0
0.0
0.0
0.0
0.0
0.0
0.0
0.0
0.0
0.0
0.0
0.0
0.0
0.0
0.0
0.0
0.0
0
0.0
0.0
0.0
0.0
0.0
0.0
0.0
0.0
0.0
0.241379310345
0.232558139535
0.520833333333
0.35
0.261904761905
0.533333333333
0.464285714286
0.408163265306
0.209302325581
0.0
0.0
0.0
0.0
0.0
0.0
0.0
0.0
0.0
0.0
0.0
0.0
0.0
0.311111111111
0.239130434783
0.0952380952381
0.301886792453
0.151515151515
0.0
0.0
0.5
0.42
0.392857142857
0.261904761905
0.0606060606061
0.0
0.0
0.0
0.0
0.0
0.0
0
0.0
0.0
0.0
0.0
0.0
0.303571428571
0.0769230769231
0.2
0.43137254902
0.276595744681
0.528301886792
0.153846153846
0.40350877193
0.509803921569
0.616666666667
0.227272727273
0.0
0.0
0.0
0.0
0.0
0.0
0.0
0.0
0.0
0.0
0.0
0.333333333333
0.0333333333333
0.166666666667
0.175
0.25
0.4
0.129032258065
0.142857142857
0.3
0.282051282051
0.433962264151
0.492063492063
0.147058823529
0.393939393939
0.0
0.0
0.0
0.0
0.0
0.0
0.0
0.0
0.0
0.0
0.309523809524
0.0
0.0526315789474
0.0
0.481481481481
0.212121212121
0.0967741935484
0.142857142857
0.179487179487
0.25
0.68253968254
0.375
0.0731707317073
0.0
0.0
0.0
0.0
0.0
0
0.0
0.0
0.0
0.0
0.0
0.0
0.0526315789474
0.32
0.379310344828
0.5
0.333333333333
0.314814814815
0.116279069767
0.134615384615
0.357142857143
0.418181818182
0.457142857143
0.0
0.0
0.0
0.0
0.0
0.0
0
0.0
0
0.0
0.0
0.0
0.0
0.0
0.0
0.0
0.208333333333
0.0
0.0
0.0
0.0
0.0
0.0
0.0
0.0
0.0
0.0
0.0
0.0
0.0
0
0.0
0.0
0.0
0.0
0.0
0.0
0.0
0.0
0.0
0.131578947368
0.444444444444
0.388888888889
0.0645161290323
0.0
0.0
0.25
0.333333333333
0.235294117647
0.0
0.0
0.0
0.0
0.0
0.0
0.0
0.0
0.0
0.0
0.0
0.0
0.265306122449
0.307692307692
0.285714285714
0.219512195122
0.22641509434
0.214285714286
0.0243902439024
0.3
0.446428571429
0.532258064516
0.581081081081
0.647727272727
0.133333333333
0.151515151515
0.0
0.0
0.0
0.0
0.0
0.0
0.0
0.0
0.0
0.326086956522
0.44
0.551724137931
0.528301886792
0.540983606557
0.468085106383
0.289473684211
0.375
0.35
0.471698113208
0.32
0.571428571429
0.161290322581
0.0344827586207
0.05
0.0
0.0
0.0
0.0
0.0
0.0
0.0
0.0
0.0
0.0
0.333333333333
0.0
0.0512820512821
0.381818181818
0.0810810810811
0.0512820512821
0.0
0.279069767442
0.555555555556
0.530303030303
0.15625
0.3125
0.115384615385
0.0
0.0
0.0
0.0
0.0
0.0
0.0
0.0
0.0
0.0
0.225806451613
0.5
0.488888888889
0.333333333333
0.45
0.0882352941176
0.0238095238095
0.296296296296
0.660714285714
0.708333333333
0.125
0.179487179487
0.0
0.0
0.0
0.0
0.0
0.0
0.0
0.0
0.0
0.0
0.0
0.0
0.0
0.0
0.0
0.0
0.0
0.111111111111
0.157894736842
0.0
0.0
0.0
0.0
0.0
0.0
0.0
0.0
0.0
0.0
0.0
0.0
0
0.0
0.0
0.0
0.0
0.0
0.0
0.0
0.0
0.0
0.0
0.0
0.0
0.0
0.0
0.0
0.0
0.0
0.0
0.0
0.0
0.0
0.0
0
0.0
0.0
0.0
0.0
0.0
0.0
0.0
0.0
0.0
0.0
0.277777777778
0.4
0.0666666666667
0.166666666667
0.0606060606061
0.479166666667
0.190476190476
0.307692307692
0.0
0.0
0.0
0.0
0.0
0.0
0.0
0.0
0.0
0.0
0.0
0.219512195122
0.0
0.0
0.166666666667
0.0
0.175
0.210526315789
0.0
0.238095238095
0.375
0.612903225806
0.454545454545
0.461538461538
0.0
0.0
0.0
0.0
0.0
0.0
0.0
0.0
0.0
0.0
0.0434782608696
0.230769230769
0.0588235294118
0.0571428571429
0.311111111111
0.442307692308
0.25
0.0
0.0
0.09375
0.625
0.291666666667
0.490909090909
0.131578947368
0.0
0.0
0.0
0.0
0.0
0.0
0.0
0.0
0.0
0.0
0.0
0.479166666667
0.0
0.0
0.0263157894737
0.409090909091
0.0
0.063829787234
0.0
0.232558139535
0.425531914894
0.571428571429
0.372549019608
0.0975609756098
0.0740740740741
0.0
0.0
0.0
0.0
0.0
0.0
0.0
0.0
0.0
0.0408163265306
0.377777777778
0.387096774194
0.363636363636
0.209302325581
0.517857142857
0.025
0.173913043478
0.229166666667
0.3
0.622641509434
0.523076923077
0.44
0.19512195122
0.0
0.0
0.0
0.0
0.0
0
0
0.0
0.0
0.0
0.0
0.0
0.0512820512821
0.19512195122
0.372549019608
0.338461538462
0.360655737705
0.0
0.0
0.0
0.0
0.0
0.0
0.0
0.0
0.0
0.0
0.0
0
0.0
0.0
0.0
0.0
0.0
0.0
0.0
0.28
0.0
0.0
0.0
0.0
0.0
0.0
0.0
0.0
0.0
0.0
0.0
0.0
0.0
0.0
0.0
0.0
0.0
0.0
0
0.0
0.0
0.0
0.0
0.0
0.0
0.0
0.0
0.0
0.0
0.0
0.0
0.0612244897959
0.15
0.0
0.0
0.0
0.0
0.0
0.0
0.0
0
0.0
0.0
0.0
0.0
0.16393442623
0.05
0.333333333333
0.205882352941
0.047619047619
0.30612244898
0.35
0.1
0.216216216216
0.0588235294118
0.380952380952
0.255813953488
0.27027027027
0.0
0.0
0.0
0.0
0.0
0.0
0.0
0.0
0.0
0.0
0.0
0.0
0.0
0.025641025641
0.0277777777778
0.263157894737
0.444444444444
0.255813953488
0.0
0.0357142857143
0.0
0.565217391304
0.547169811321
0.325
0.111111111111
0.103448275862
0.0
0.0
0.0
0.0
0.0
0.0
0.0
0.0
0.0
0.352941176471
0.35
0.0
0.236842105263
0.5
0.34693877551
0.345454545455
0.25
0.588235294118
0.434782608696
0.606060606061
0.454545454545
0.563636363636
0.384615384615
0.0
0.0
0.0
0.0
0.0
0.0
0.0
0.0
0.0
0.0
0.0
0.195652173913
0.190476190476
0.269230769231
0.614285714286
0.157894736842
0.166666666667
0.0
0.0
0.0344827586207
0.0
0.0540540540541
0.0
0.037037037037
0.0
0.0
0.0
0.0
0.0
0.0
0.0
0.0
0.0
0.0
0.0
0.0
0.0
0.452830188679
0.309090909091
0.509090909091
0.326086956522
0.0
0.0
0.0
0.0
0.138888888889
0.0588235294118
0.0
0.0
0.0
0.0
0.0
0.0
0.0
0.0
0.0
0.0
0.0
0.0
0.0
0.0
0.0
0.0
0.0
0.0
0.0
0.0
0.0
0.0
0.0384615384615
0.03125
0.0
0.0
0.0
0.0
0.0
0.0
0.0
0.0
0.0
0.0
0.0
0.0
0.0
0.0
0.0
0.0
0.04
0.230769230769
0.41935483871
0.0833333333333
0.0
0.45652173913
0.151515151515
0.189189189189
0.0
0.0
0.0
0.0
0.0
0.0
0.0
0.0
0.0
0.0
0.0
0.0909090909091
0.157894736842
0.32
0.276595744681
0.114285714286
0.392857142857
0.507692307692
0.28
0.309090909091
0.516129032258
0.590361445783
0.573529411765
0.431034482759
0.333333333333
0.0
0.0
0.0
0.0
0.0
0.0
0.0
0.0
0.0
0.0
0.0
0.0
0.127659574468
0.285714285714
0.565217391304
0.478260869565
0.484375
0.428571428571
0.385964912281
0.428571428571
0.506666666667
0.642857142857
0.589743589744
0.365853658537
0.0
0.0
0.0
0.0
0.0
0.0
0.0
0.0
0.0
0.0
0.218181818182
0.232558139535
0.133333333333
0.0277777777778
0.433333333333
0.361111111111
0.255319148936
0.162162162162
0.0
0.576923076923
0.40350877193
0.546875
0.428571428571
0.379310344828
0.0
0.0
0.0
0.0
0.0
0.0
0.0
0.0
0.0
0.0
0.115384615385
0.347826086957
0.0769230769231
0.0
0.105263157895
0.444444444444
0.025641025641
0.27027027027
0.147058823529
0.425
0.352941176471
0.378378378378
0.372093023256
0.129032258065
0.047619047619
0.0
0.0
0.0
0.0
0.0
0.0
0.0
0.0
0.0
0.0
0.0
0.0416666666667
0.125
0.235294117647
0.230769230769
0.0294117647059
0.285714285714
0.0
0.0
0.0
0.103448275862
0.0
0.0
0.0
0.0
0.0
0
0.0
0.0
0.0
0
0.0
0.0
0.0
0.0
0.166666666667
0.0
0.0344827586207
0.142857142857
0.133333333333
0.0357142857143
0.0
0.0
0.161290322581
0.25
0.0833333333333
0.0
0.0
0.0
0.0
0.0
0.0
0.0
0
0.0
0.0
0.0
0.0
0.0
0.0
0.0731707317073
0.553571428571
0.627118644068
0.479166666667
0.292682926829
0.333333333333
0.244444444444
0.520833333333
0.569230769231
0.480769230769
0.5
0.0
0.0
0.0
0.0
0.0
0.0
0.0
0.0
0.0
0.0
0.218181818182
0.127659574468
0.53125
0.438596491228
0.113636363636
0.195652173913
0.404255319149
0.28125
0.0810810810811
0.560606060606
0.6
0.671428571429
0.31914893617
0.340909090909
0.0
0.0
0.0
0.0
0.0
0.0
0.0
0.0
0.0
0.0
0.0588235294118
0.25
0.151515151515
0.296296296296
0.473684210526
0.46875
0.344827586207
0.369565217391
0.462962962963
0.529411764706
0.571428571429
0.581395348837
0.650602409639
0.228571428571
0.03125
0.05
0.0
0.0
0.0
0.0
0.0
0.0
0.0
0.0
0.452830188679
0.263157894737
0.317073170732
0.45
0.233333333333
0.375
0.515625
0.484375
0.431034482759
0.584615384615
0.617647058824
0.734693877551
0.709302325581
0.378787878788
0.027027027027
0.0
0.0
0.0
0.0
0.0
0.0
0.0
0.0
0.0625
0.0975609756098
0.358208955224
0.125
0.548387096774
0.535211267606
0.578947368421
0.311475409836
0.363636363636
0.420289855072
0.586666666667
0.676767676768
0.555555555556
0.577464788732
0.298245614035
0.0588235294118
0.0
0.0
0.0
0.0
0
0.0
0.0
0.0
0.0
0.04
0.169491525424
0.461538461538
0.515151515152
0.465753424658
0.662162162162
0.506849315068
0.345454545455
0.046511627907
0.452830188679
0.322033898305
0.681318681319
0.573333333333
0.181818181818
0.0
0.0
0.0
0.0
0.0
0.0
0
0.0
0.0
0.0
0.0
0.0
0.0
0.0
0.0
0.0
0.0
0.0
0.0
0.0
0.0
0.0
0.0
0.0
0.0
0.0
0.0
0
0.0
0.0
0.0
0.0
0.0
0.0
0.0
0.0
0.0
0.0
0.0
0.225806451613
0.0
0.206896551724
0.153846153846
0.0
0.147058823529
0.305555555556
0.25
0.214285714286
0.0
0.0
0.0
0.0
0.0
0.0
0.0
0.0
0.0
0.0
0.0
0.0
0.0
0.25
0.0975609756098
0.0
0.0
0.0
0.0
0.0
0.0
0.0
0.0
0.0
0.0
0.0
0.0
0.0
0.0
0.0
0.0
0.0
0.0
0.0
0.0
0.0
0.0
0.0
0.0
0.0
0.0
0.0
0.0
0.0
0.0
0.0
0.0625
0.0
0.0
0.0
0.0
0.0
0.0
0.0
0.0
0.0
0.0
0.0
0.0
0.0
0.0
0.0
0.0
0.0
0.0
0.0
0.0
0.3
0.162162162162
0.358974358974
0.0555555555556
0.0
0.0
0.0
0.0
0.0
0.0
0.0
0.0
0.0
0.0
0.0
0.0
0.0
0.285714285714
0.0
0.0
0.166666666667
0.107142857143
0.0
0.0
0.0
0.0
0.0
0.0
0.0
0.0
0.0
0.0
0.0
0.0
0.0
0.0
0.0
0.0
0.0
0.0
0.0
0.0
0.0
0.0
0.0
0.0
0.0
0.0
0.0
0.0
0.0
0.0
0.0
0.0
0.0
0
0.0
0.0
0
0.0
0.0
0.0
0.0
0.0
0.0
0.0
0.0
0.0
0.0
0.0
0.0
0.0
0.0
0.0
0.0
0.0
0.0
0.0
0.0
0.0
0.0
0
0.0
0.0
0.0
0.0
0.0
0.0
0.0
0.0
0.0
0.0
0.0
0.0384615384615
0.0357142857143
0.0
0.103448275862
0.428571428571
0.0
0.0
0.333333333333
0.0
0.0
0.0
0.0
0.0
0.0
0.0
0.0
0.0
0.0
0.0
0.0
0.0
0.0
0.0
0.0
0.138888888889
0.0
0.0
0.0
0.0
0.0
0.0
0.0
0.0
0.0
0.0
0.0
0.0
0.0
0.0
0.0
0.0
0.0
0.0
0.0
0.0
0.0
0.0
0.0
0.0
0.0
0.0
0.0
0.0
0.0
0.0
0.0
0.0
0.0
0.0
0.0
0.0
0.0
0.0
0.0
0.0
0.0
0.0
0.0
0.0
0.0
0.0
0.0
0.0
0.0
0.0
0.0
0.0
0.0
0.0
0.0
0.0
0.0
0.0
0.0
0.0
0
0.0
0.0
0.0
0.0
0.0
0.0
0.0
0.0
0.0
0.0
0.0
0.0
0.0
0.0
0.0
0.0
0.0
0.0
0.0
0.0
0.0
0
0.0
0.0
0.0
0.0
0.0
0.0
0.0
0.0
0.0
0.0
0.0
0.0
0.0
0.0
0.0
0.0
0.0
0.0
0.0
0.0
0.0
0.0
0
0.0
0.0
0.0
0.0
0.0
0.0
0.0
0.0
0.0
0
0.0
0.0
0.0
0.0
0.0
0.0
0.0
0.0
0.0
0.0
0.0
0.0
0
0.0
0.0
0
0.0
0
0.0
0
0.0
0.0
0.0
0.0
0.0
0.0
0.0
0.0
0.0
0.0
0.0
0.0
0.0
0.0
0.0
0.0
0
0
0.0
0.0
0
0
0.0
0.0
0.0
0.0
0.0
0.0
0.0
0.0
0.0
0.0
0.0
0.0
0.0
0.0
0.0
0.0
0.0
0.0
0
0.0
0.0
0.0
0.0
0.0
0.0
0.0
0.0
0.0
0.0
0.0
0.0
0.0
0.0
0.0
0.0
0.0
0.0
0.0
0.0
0.0
0.0
0.0
0
0.0
0.0
0
0.0
0.0
0.0
0.0
0.0
0.0
0.0
0.0
0.0
0.0
0.0
0.0
0.0
0.0
0.0
0.0
0.0
0.0
0.0
0.0
0
0
0
0
0
0.0
0.0
0.0
0.0
0.0
0.0
0.0
0.0
0.0
0.0
0.0
0.0
0.0
0.0
0.0
0.0
0.0
0.0
0.0
0.0
0.0
0
0.0
0
0.0
0.0
0.0
0.0
0.0
0.0
0.0
0.0
0.0
0.0
0.0
0.0
0.0
0.0
0.0
0.0
0.0
0.0
0.0
0.0
0.0
0.0
0
0.0
0
0.0
0.0
0.0
0.0
0.0
0.0
0.0
0.0
0.0
0.0
0.0
0.0
0.0
0
0.0
0.0
0.0
0.0
0.0
0
0
0
0
0
0
0.0
0.0
0.0
0.0
0.0
0.0
0.0
0.0
0.0
0.0
0.0
0.0
0.0
0
0.0
0.0
0.0
0.0
0.0
0
0
0
0.0
0.0
0.0
0.0
0.0
0.0
0.0
0.0
0.0
0.0
0.0
0.0
0.0
0.0
0.0
0.0
0.0
0.0
0.0
0.0
0.0
0.0
0.0
0
0
0.0
0.0
0.0
0.0
0.0
0.0
0.0
0.0
0.0
0.0
0.0
0.0
0.0
0.0
0.0
0.0
0.0
0.0
0.0
0
0
0.0
0
0
0.0
0.0
0.0
0.0
0.0
0.0
0.0
0.0
0.0
0.0
0.0
0.0
0.0
0.0
0.0
0.0
0.0
0.0
0.0
0.0
0
0
0
0.0
0.0
0.0
0.0
0.0
0.0
0.0
0.0
0.0
0.0
0.0
0.0
0.0
0.0
0.0
0.0
0.0
0.0
0.0
0.0
0.0
0.0
0.0
0.0
0.0
0.0
0.0
0.0
0.0
0.0
0.0
0.0
0.0
0.0
0.0
0.0
0.0
0.0
0.0
0.0
0.0
0.0
0.0
0.0
0
0.0
0
0.0
0
0.0
0.0
0.0
0.0
0.0
0.0
0.0
0.0
0.0
0.0
0.0
0.0
0.0
0.0
0.0
0.0
0.0
0.0
0
0.0
0
0
0
0
0
0.0
0.0
0.0
0
0.0
0.0
0.0
0.0
0.0
0.0
0.0
0.0
0.0
0
0.0
0.0
0.0
0.0
0.0
0.0
0
0.0
0.0
0
0.0
0.0
0.0
0.0
0.0
0.0
0.0
0.0
0.0
0.0
0.0
0.0
0.0
0.0
0.0
0.0
0.0
0.0
0.0
0.0
0.0
0
0.0
0.0
0.0
0.0
0.0
0.0
0.0
0.0
0.0
0.0
0.0
0.0
0.0
0.0
0.0
0.0
0.0
0.0
0.0
0.0
0.0
0.0
0
0
0.0
0.0
0.0
0.0
0.0
0.0
0.0
0.0
0.0
0.0
0.0
0.0
0.0
0.0
0.0
0.0
0.0
0.0
0.0
0.0
0.0
0.0
0.0
0
0.0
0.0
0.0
0.0
0.0
0.0
0.0
0.0
0.0
0.0
0.0
0.0
0.0
0.0
0.0
0.0
0.0
0.0
0.0
0.0
0.0
0.0
0
0.0
0.0
0.0
0.0
0.0
0.0
0.0
0.0
0.0
0.0
0.0
0.0
0.0
0.0
0.0
0.0
0.0
0.0
0.0
0.0
0.0
0.0
0
0
0.0
0
0.0
0.0
0.0
0.0
0.0
0.0
0.0
0.0
0.0
0.0
0.0
0.0
0.0
0.0
0.0
0.0
0.0
0.0
0.0
0.0
0.0
0
0
0
0.0
0.0
0.0
0.0
0.0
0.0
0.0
0.0
0.0
0.0
0.0
0.0
0.0
0.0
0.0
0.0
0.0
0.0
0.0
0.0
0.0
0.0
0
0.0
0.0
0.0
0.0
0.0
0.0
0.0
0.0
0.0
0.0
0.0
0.0
0.0
0.0
0.0
0.0
0.0
0.0
0.0
0.0
0.0
0.0
0.0
0
0.0
0.0
0.0
0.0
0.0
0.0
0.0
0.0
0.0
0.0
0.0
0.0
0.0
0.0
0.0
0.0
0.0
0.0
0.0
0.0
0
0
0.0
0.0
0.0
0.0
0.0
0.0
0.0
0.0
0.0
0.0
0.0
0.0
0.0
0.0
0.0
0.0
0.0
0.0
0.0
0.0
0.0
0.0
0.0
0.0
0.0
0
0.0
0.0
0.0
0.0
0.0
0.0
0.0
0.0
0.0
0.0
0.0
0.0
0.0
0.0
0.0
0.0
0.0
0.0
0.0
0.0
0.0
0.0
0.0
0.0
0.0
0.0
0.0
0.0
0.0
0.0
0.0
0.0
0.0
0.0
0.0
0.0
0.0
0.0
0.0
0.0
0.0
0.0
0
0.0
0.0
0.0
0
0
0.0
0.0
0.0
0.0
0.0
0.0
0.0
0.0
0.0
0.0
0.0
0.0
0.0
0.0
0.0
0.0
0.0
0.0
0.0
0.0
0
0
0
0
0.0
0.0
0.0
0.0
0.0
0.0
0.0
0.0
0.0
0.0
0.0
0.0
0.0
0.0
0.0
0.0
0.0
0.0
0.0
0.0
0.0
0.0
0.0
0.0
0.0
0.0
0.0
0.0
0.0
0.0
0.0
0.0
0.0384615384615
0.0
0.161290322581
0.0714285714286
0.0
0.0
0.0
0.0
0.0
0.0
0.0
0.0
0.0
0.0
0.0
0.0
0.0
0.0
0.0
0.0
0.0
0.0
0.0
0.0
0.0
0.0
0.0
0.0
0.0
0.0
0.0
0.0
0.0
0.0
0.0
0.0
0
0
0
0.0
0.0
0.0
0.0
0.0
0.0
0.0
0.0
0.0
0.0
0.0
0.0
0.0
0.0
0.0
0.0
0.0
0.0
0.0
0.0
0.0
0.0
0.0
0
0
0
0.0
0.0
0.0
0.0
0.0
0.0
0.0
0.0
0.0
0.0
0.0
0.0
0.0
0.0
0.0
0.0
0.0
0.0
0.0
0.0
0
0
0
0.0
0.0
0.0
0.0
0.0
0.0
0.0
0.0
0.0
0.0
0.0
0.0
0.0
0.0
0.0
0.0
0.0
0.0
0.0
0.0
0.0
0
0
0.0
0.0
0.0
0.0
0.0
0.0
0.0
0.0
0.0
0.0
0.0
0.0
0.0
0.0
0.0
0.0
0.0
0.0
0.0
0.0
0.0
0.0
0
0.0
0.0
0.0
0.0
0.0
0.0
0.0
0.0
0.0
0.0
0.0
0.0
0.0
0.0
0.0
0.0
0.0
0.0
0.0
0.0
0.0
0.0
0.0
0.0
0.0
0.0
0.0
0.0
0.0
0.0
0.0
0.0
0.0
0.0
0.0
0.0
0.0
0.0
0.0
0.0
0.0
0.0
0.0
0.0
0.0
0.0
0.0
0
0.0
0
0.0
0.0
0.0
0.0
0.0
0.0
0.0
0.0
0.0
0.0
0.0
0.0
0.0
0.0
0.0
0.0
0.0
0.0
0.0
0.0
0.0
0.0
0.0
0.0
0.0
0.0
0.0
0.0
0.0
0.0
0.0
0.0
0.0
0.0
0.0
0.0
0.0
0.0
0.0
0.0
0.0
0.0
0.0
0.0
0.0
0
0
0.0
0.0
0.0
0.0
0.0
0.0
0.0
0.0
0.0
0.0
0.0697674418605
0.0
0.0
0.0
0.0
0.0
0.0
0.0
0.0
0.0
0
0.0
0.0
0.0
0.0
0.0
0.0
0.0
0.0
0.0
0.0
0.0
0.0
0.0
0.0
0.0
0.0
0.0
0.0
0.0
0.0
0.0
0.0
0.0
0.0
0.0
0
0.0
0
0.0
0.0
0.0
0.0
0.0
0.0
0.0
0.0
0.0
0.0
0.0
0.0
0.0
0.0
0.0
0.0
0.0
0.0
0.0
0
0.0
0.0
0
0
0.0
0.0
0.0
0
0.0
0.0
0.0
0.0
0.0
0.0
0.0
0.0
0.0
0.0
0.0
0.0
0.0
0.0
0.0
0.0
0.0
0.0
0.0
0.0
0.0
0.0
0.0
0.0
0.0
0.0
0.0
0.0
0.0
0.0
0.0
0.0
0.0
0.0
0.0
0.0
0.0
0.0
0.0
0.0
0.0
0.0
0.0
0.0
0.0
0.0
0.0
0.0
0.0
0.0
0.0
0.0
0.0
0.0
0.0
0.0
0.0
0.0
0.0
0.0
0.0
0.0
0.0
0.0
0.0
0.0
0.0
0.0
0.0
0.0
0.0
0.0
0.0
0.0
0.0
0.0
0.0
0.0
0.0
0.0
0.0
0.0
0.0
0.0
0.0
0.0
0.0
0.0
0
0.0
0.0
0.0
0
0.0
0.0
0.0
0.0
0.0
0.0
0.0
0.0
0.0
0.0
0.0
0.0
0.0
0.0
0.0
0.0
0.0
0.0
0.0
0
0
0
0
0.0
0.0
0.0
0.0
0.0
0.0
0.0
0.0
0.0
0.0
0.0
0.0
0.0
0.0
0.0
0.0
0.0
0.0
0.0
0
0
0.0
0
0.0
0.0
0.0
0
0.0
0.0
0.0
0.0
0.0
0.0
0.0
0.0
0.0
0.0
0.0
0.0
0.0
0.0
0.0
0.0
0.0
0
0
0
0
0
0.0
0.0
0.0
0.0
0.0
0.0
0.0
0.0
0.0
0.0
0.0
0.0
0.0
0.0
0.0
0.0
0.0
0.0
0.0
0.0
0.0
0
0
0.0
0.0
0.0
0.0
0.0
0.0
0.0
0.0
0.0
0.0
0.0
0.0
0.0
0.0
0.0
0.0
0.0
0.0
0.0
0.0
