0.407202216066
0.628186968839
0.630471380471
0.618483412322
0.621445978879
0.592307692308
0.434190620272
0.619904076739
0.807462686567
0.884954223527
0.872062663185
0.885621834553
0.882978723404
0.845693228927
0.853074898301
0.89855513308
0.881712881713
0.858063083074
0.886283327979
0.881460134486
0.88927680798
0.851713062099
0.883506126296
0.68174012593
0.395572666025
0.135802469136
0.169154228856
0.647507331378
0.84897251795
0.862886597938
0.836800396236
0.863839285714
0.844235294118
0.868241805023
0.85970677452
0.772528433946
0.878988326848
0.866828087167
0.86583011583
0.857043235704
0.864822312191
0.880618263169
0.889747055416
0.796098638204
0.519922254616
0.467581047382
0.600787401575
0.660344827586
0.74203187251
0.712771327612
0.70788336933
0.603217158177
