0.0
0.00070821529745
0.0
0.0
0.0154346060114
0.0
0.0
0.00299760191847
0.0534328358209
0.262912420107
0.22101059745
0.3268148565
0.314494680851
0.152003684938
0.229720028715
0.361977186312
0.288346788347
0.165926254998
0.32637327337
0.254947166186
0.309393183707
0.161937901499
0.308011310085
0.0
0.0
0.0
0.0
0.0
0.123050259965
0.225154639175
0.12803368004
0.176136363636
0.160235294118
0.207109408259
0.14812942366
0.0227471566054
0.288326848249
0.219678626458
0.205115830116
0.167364016736
0.211875843455
0.262965222697
0.312994786638
0.0298122929702
0.0
0.0
0.0
0.0
0.00398406374502
0.0
0.00161987041037
0.0
