0.0
0.0
0.0
0.0
0.0089358245329
0.0
0.0
0.00119904076739
0.0420895522388
0.245638279496
0.206573491015
0.3078221722
0.298371010638
0.136112390603
0.21608040201
0.346007604563
0.27027027027
0.15015548645
0.309508512689
0.234582132565
0.290939318371
0.146948608137
0.288784165881
0.0
0.0
0.0
0.0
0.0
0.109433027977
0.20824742268
0.112184249629
0.157670454545
0.141411764706
0.190719455087
0.130434782609
0.0174978127734
0.269844357977
0.199867928681
0.188465250965
0.152022315202
0.194331983806
0.244864754932
0.297933964086
0.0231873389768
0.0
0.0
0.0
0.0
0.00199203187251
0.0
0.000539956803456
0.0
