0.0
0.0
0.0
0.0
0.0
0.0
0.0
0.0
0.0167164179104
0.186906201416
0.147903547842
0.243950478334
0.232380319149
0.08452326117
0.164871978942
0.286844106464
0.206388206388
0.0912927587739
0.244940571796
0.167146974063
0.230257689111
0.0995717344754
0.227709707823
0.0
0.0
0.0
0.0
0.0
0.0633820252538
0.148659793814
0.0569588905399
0.0947646103896
0.0877647058824
0.126436781609
0.0836703741153
0.0087489063867
0.20486381323
0.132071318512
0.131274131274
0.0960018596002
0.13967611336
0.182224933903
0.238076848813
0.00441663599558
0.0
0.0
0.0
0.0
0.0
0.0
0.0
0.0
