0.0
0.0
0.0
0.0
0.0
0.0
0.0
0.0
0.0
0.02401105545
0.00583627706957
0.050365785031
0.0530252659574
0.00299401197605
0.0339794209141
0.0990114068441
0.029835029835
0.0
0.0714744619338
0.011911623439
0.0517040731505
0.000267665952891
0.0499528746466
0.0
0.0
0.0
0.0
0.0
0.0
0.0117525773196
0.0
0.00324675324675
0.0
0.00915283099191
0.00151668351871
0.0
0.0447470817121
0.00704380365397
0.00603281853282
0.000697350069735
0.00472334682861
0.0221679886109
0.0457617300637
0.0
0.0
0.0
0.0
0.0
0.0
0.0
0.0
0.0
