0.0
0.0070821529745
0.0
0.0
0.0284321689683
0.0
0.0
0.00599520383693
0.0794029850746
0.296942477112
0.259867915835
0.36522228475
0.348570478723
0.183095347766
0.263699449629
0.397414448669
0.322744822745
0.202798756108
0.359620944427
0.291258405379
0.342643391521
0.194860813704
0.34137606032
0.0
0.0
0.0
0.0
0.00175953079179
0.158950235207
0.260206185567
0.161713719663
0.216112012987
0.200235294118
0.240953597275
0.188321536906
0.0371828521435
0.32140077821
0.257539071098
0.243484555985
0.2019990702
0.249887539361
0.304250559284
0.34504730643
0.0500552079499
0.0
0.0
0.0
0.000574712643678
0.0114541832669
0.0
0.00593952483801
0.0
