0.0
0.0
0.0
0.0
0.0
0.0
0.0
0.0
0.0
0.09915356711
0.0625095991399
0.140405177265
0.133477393617
0.0264854905573
0.0878200526442
0.186463878327
0.111969111969
0.025322079076
0.150819145519
0.0699327569645
0.128844555278
0.0398822269807
0.140056550424
0.0
0.0
0.0
0.0
0.0
0.0146075761327
0.0663917525773
0.00767706785537
0.0257711038961
0.0272941176471
0.0457641549596
0.0278058645096
0.0
0.113813229572
0.0545894783183
0.0625
0.0348675034868
0.0587044534413
0.0931462273744
0.135933577911
0.0
0.0
0.0
0.0
0.0
0.0
0.0
0.0
0.0
