0.0
0.03611898017
0.000841750841751
0.00710900473934
0.0568643379366
0.00384615384615
0.0
0.0185851318945
0.17552238806
0.403696666091
0.38196897558
0.460045019696
0.448304521277
0.283740211884
0.355108877722
0.494296577947
0.428571428571
0.317858729454
0.459363957597
0.400576368876
0.439567747298
0.302997858672
0.429029217719
0.00915855752719
0.00192492781521
0.0
0.0
0.01642228739
0.265659816786
0.358556701031
0.255076770679
0.330357142857
0.308235294118
0.350361856109
0.300303336704
0.0984251968504
0.426653696498
0.372000880475
0.354971042471
0.314737331474
0.367296446244
0.419564775269
0.448735277081
0.135075450865
0.0
0.0
0.00314960629921
0.00804597701149
0.054780876494
0.0232205956588
0.036717062635
0.0151921358356
