0.0457063711911
0.242209631728
0.23063973064
0.208530805687
0.252640129976
0.193269230769
0.0136157337368
0.197242206235
0.504179104478
0.67317325963
0.671171863001
0.706809229038
0.69647606383
0.591893136803
0.620244077531
0.722281368821
0.692172692173
0.627721012883
0.71153228397
0.674735830932
0.697589359933
0.60465738758
0.675966069746
0.269032627361
0.0750721847931
0.0
0.0
0.217595307918
0.588512007923
0.639587628866
0.579494799406
0.630073051948
0.593647058824
0.643465304385
0.60894843276
0.429133858268
0.686381322957
0.658815760511
0.639961389961
0.622268712227
0.647773279352
0.683953630262
0.693377099826
0.483253588517
0.130223517979
0.074812967581
0.174015748031
0.240804597701
0.378486055777
0.316002019182
0.315334773218
0.209115281501
