0.153739612188
0.403682719547
0.377946127946
0.360979462875
0.40536149472
0.3375
0.131618759455
0.363309352518
0.635223880597
0.774917947832
0.766088158501
0.791643218908
0.787732712766
0.713956701981
0.726250299115
0.808060836502
0.78237978238
0.73678365171
0.796337937681
0.771950048031
0.786533665835
0.719218415418
0.773232799246
0.443045220378
0.185755534167
0.0
0.0373134328358
0.412903225806
0.710076751671
0.742886597938
0.695393759287
0.740462662338
0.712941176471
0.7552149851
0.724469160768
0.580052493438
0.778015564202
0.755888179617
0.752171814672
0.732914923291
0.744039586145
0.770998576368
0.786059084765
0.632315053368
0.285714285714
0.200748129676
0.36062992126
0.423563218391
0.53984063745
0.49772841999
0.486501079914
0.344057193923
