3.0
4.0
2.9904
2.5796
1.4212
0.7476
1.1584
3.1384
3.664
3.4012
2.9164
3.4752
4.4856
2.4316
0.3368
1.2324
1.0104
0.0
0.4108
1.1584
1.4952
1.4952
1.0844
0.3368
0.4108
0.7476
0.3368
0.4108
0.3368
0.4108
0.3368
0.4108
0.7476
1.1584
1.4952
1.0844
1.1584
0.6736
0.4108
0.3368
0.0
0.4108
0.3368
0.4108
0.3368
0.0
0.4108
0.7476
0.3368
0.0
0.0
0.4108
0.3368
0.0
0.0
0.0
0.4108
0.3368
0.0
0.4108
0.3368
0.0
0.0
0.0
0.0
0.0
0.4108
0.3368
0.0
0.0
0.0
0.0
0.0
0.0
0.0
0.0
0.0
0.0
0.4108
0.3368
0.4108
0.3368
0.0
0.8216
1.0844
0.3368
0.0
0.0
0.4108
0.3368
1.2324
1.832
1.906
1.0104
0.0
0.4108
1.5692
1.0104
0.4108
1.5692
1.4212
0.7476
1.1584
0.6736
0.4108
1.1584
0.6736
0.4108
1.98
1.3472
0.4108
1.1584
1.906
2.2428
2.6536
2.1688
2.3168
3.4012
3.3272
2.9904
2.1688
3.5492
5.2332
4.8224
4.0748
2.9164
2.6536
1.758
1.98
1.758
3.6232
3.9268
2.6536
3.4012
4.5596
4.8224
4.4856
5.3072
5.57
4.0008
3.812
2.4316
2.3908
5.3812
3.8528
0.6736
1.2324
3.886
4.0008
3.812
2.8424
2.7276
4.1488
4.4856
4.0748
4.1488
4.0748
2.5056
3.96
7.2132
6.5804
5.2332
4.0008
5.4552
5.422
5.792
5.422
6.6136
4.4524
4.8556
4.9372
3.886
4.4116
4.1488
4.8964
5.644
5.1592
4.8964
5.644
9.2672
11.9616
9.086
7.1392
6.2436
5.2332
5.644
5.57
4.8224
4.4856
4.8964
4.4116
6.2028
5.348
4.6336
8.0348
8.8972
7.402
6.7284
6.7284
6.7284
8.3716
5.6108
3.886
8.9304
10.3184
6.0956
3.738
4.5596
4.8224
4.8964
3.59
2.6536
2.9904
4.2228
4.4116
6.6136
6.9172
5.644
5.57
4.8224
4.4856
4.4856
4.8964
3.59
3.0644
2.9164
6.7616
9.6448
6.9172
4.0008
3.4012
4.9704
3.9268
3.886
6.8764
7.402
5.0852
5.792
6.2436
8.9304
9.4968
5.8328
5.3072
4.3376
6.2768
6.5064
4.8964
4.8224
5.718
7.1392
4.6004
4.2968
4.7484
4.9704
5.9808
5.1592
4.4856
3.2532
1.832
3.96
4.3376
3.812
6.1288
5.422
3.738
3.738
3.3272
1.758
2.8016
4.0748
2.5056
2.3168
2.1688
1.906
1.832
1.906
3.0644
3.3272
4.2228
3.59
3.0644
2.5056
1.906
1.0104
1.2324
1.4212
1.1584
0.6736
0.8216
1.4952
3.1384
3.2532
1.832
1.906
2.2428
1.832
1.4952
1.0844
1.98
1.758
0.3368
0.8216
1.0844
0.3368
0.4108
0.3368
0.8216
1.4952
1.0844
0.3368
0.0
0.0
0.4108
0.3368
0.0
0.0
0.4108
0.3368
0.8216
1.0844
0.7476
0.3368
0.4108
0.3368
0.0
0.0
0.0
0.8216
1.0844
0.7476
0.3368
0.4108
0.7476
0.3368
0.0
0.0
0.0
0.4108
0.3368
0.0
0.4108
0.3368
0.0
0.0
0.0
0.0
0.0
0.0
0.4108
0.3368
0.0
0.0
0.0
0.0
0.0
0.4108
0.3368
0.0
0.0
0.0
0.0
0.4108
0.3368
0.0
0.4108
0.3368
0.0
0.0
0.0
0.0
0.0
0.0
0.0
0.4108
0.3368
0.0
0.0
0.0
0.0
0.0
0.4108
1.1584
1.0844
0.3368
1.2324
2.2428
1.4212
1.1584
1.0844
1.5692
1.4212
0.7476
5.2664
5.6848
3.812
2.8424
1.4952
1.906
1.0104
1.6432
6.2768
6.0956
3.738
7.4352
5.5368
0.6736
0.4108
1.98
1.758
1.5692
7.1724
12.0356
10.2444
14.3856
11.6324
4.4116
3.738
7.846
7.9276
4.8224
4.4856
4.4856
4.8964
2.7684
5.6772
6.8432
4.4856
3.664
2.5796
3.886
3.59
2.6536
4.2228
4.0008
3.812
3.664
3.4012
2.9164
9.2264
22.3464
17.728
5.6848
2.5796
3.886
4.4116
2.5056
3.1384
3.2532
2.6536
2.5796
3.0644
2.9164
7.5832
12.3724
9.012
3.516
2.3168
2.9904
2.9904
3.4012
4.1488
4.4856
11.4692
11.8544
5.8328
4.0748
3.3272
1.758
2.8016
2.8424
2.7276
4.5596
3.59
10.4588
10.2112
3.2532
4.7076
5.0852
2.0948
1.98
2.5796
2.2428
2.6536
1.758
2.8016
4.4856
4.0748
12.3648
11.2216
4.0748
4.1488
12.2908
11.2956
5.2332
4.0008
5.0444
10.4256
7.2948
3.4752
9.4152
7.2948
1.832
3.5492
6.4656
4.6004
3.886
2.3576
2.054
3.3272
2.5796
2.2428
1.832
2.7276
2.5056
3.5492
4.4116
5.792
16.9244
16.8656
8.0016
7.624
5.6848
4.2228
4.4116
2.5056
3.5492
5.2332
5.644
3.9268
4.2968
5.1592
4.0748
4.5596
5.2332
4.0008
5.0444
5.9068
5.644
5.1592
6.1288
5.0112
3.812
3.664
1.758
1.98
3.4012
2.9164
1.4212
1.5692
2.2428
2.6536
4.2228
6.4656
4.6004
1.832
1.0844
1.5692
3.0644
2.5056
1.906
1.832
2.7276
1.684
1.6432
2.9904
2.9904
2.5796
2.6536
2.1688
1.906
2.6536
1.758
0.7476
2.3908
1.684
0.0
0.8216
1.0844
1.98
1.3472
1.2324
1.4212
0.7476
1.5692
2.6536
2.1688
0.6736
1.2324
3.4752
2.4316
0.7476
0.7476
0.3368
0.4108
1.5692
2.2428
1.832
2.3168
1.758
1.1584
1.0844
0.3368
0.0
0.4108
1.1584
0.6736
0.4108
0.3368
0.4108
0.3368
0.4108
0.3368
0.4108
0.3368
0.0
0.4108
0.7476
0.7476
0.3368
0.0
0.4108
0.3368
0.0
0.0
0.0
0.0
0.4108
0.3368
0.0
0.0
0.0
0.0
0.0
0.0
0.0
0.0
0.0
0.4108
0.3368
0.0
0.0
0.0
0.0
0.0
0.0
0.0
0.0
0.4108
0.3368
0.0
0.0
0.0
0.0
0.0
0.0
0.0
0.0
0.0
0.0
0.0
0.4108
1.1584
0.6736
0.0
0.4108
0.3368
0.0
0.0
0.8216
0.6736
0.0
4.9296
4.4524
0.7476
0.7476
6.4988
7.9276
4.0008
1.758
0.3368
1.2324
2.6536
2.9904
2.5796
4.2968
3.9268
2.6536
3.812
3.2532
2.2428
3.4752
2.4316
2.3908
3.3272
3.812
4.4856
3.2532
3.0644
2.9164
11.6912
19.0268
12.528
7.476
3.368
2.4648
2.8424
4.3708
8.7824
9.6448
4.4524
8.9636
9.5376
3.664
3.812
8.1828
5.8736
4.7816
6.2436
3.59
3.886
3.1792
3.1384
2.4316
0.7476
1.5692
3.886
6.0548
13.712
12.8648
4.6004
2.6536
11.6172
12.1172
4.2636
4.7076
7.55
7.402
7.55
6.5804
3.59
3.4752
5.3072
5.1592
4.4856
4.4856
3.2532
2.2428
2.2428
1.832
3.1384
4.0748
11.5432
22.0504
13.916
3.664
4.2228
5.644
3.516
4.3708
4.2636
3.4752
2.4316
2.8016
2.4316
2.3908
2.9164
2.6536
3.812
2.4316
1.98
3.4012
4.9704
5.57
4.4116
4.1488
3.2532
1.832
1.4952
2.3168
2.9904
2.5796
2.2428
4.2968
5.1592
3.2532
3.0644
4.5596
3.1792
1.0844
1.1584
2.7276
5.3812
5.496
5.3072
3.516
2.7276
3.3272
2.9904
2.5796
2.2428
3.0644
3.738
10.3108
15.2888
10.844
9.9408
7.032
3.4012
4.9704
3.9268
3.886
6.4656
5.8328
5.3072
6.3916
9.1932
7.5168
4.8964
6.0548
5.9068
8.1088
6.7692
4.1488
4.0748
4.9704
3.516
3.96
5.9808
3.516
3.1384
6.1288
4.1896
1.906
1.4212
4.4448
7.0652
5.496
4.0748
4.1488
4.8964
4.0008
1.3472
2.4648
4.4856
4.4856
3.2532
2.2428
1.0104
1.6432
3.812
3.2532
3.4752
3.2532
2.2428
1.4212
1.98
3.812
3.2532
1.4212
0.3368
3.6972
4.6744
2.5796
2.2428
1.832
1.0844
1.5692
1.4212
0.7476
0.7476
1.5692
1.4212
1.98
1.758
1.1584
1.4952
0.6736
0.4108
0.3368
0.0
0.4108
0.3368
0.4108
0.3368
0.0
0.0
0.4108
1.1584
0.6736
0.8216
1.0844
0.7476
0.7476
0.7476
0.3368
0.0
1.2324
2.2428
1.4212
0.3368
0.0
0.0
0.0
0.0
0.0
0.0
0.4108
0.3368
0.4108
0.3368
0.0
0.0
0.0
0.0
0.0
0.0
0.0
0.4108
0.7476
0.3368
0.0
0.0
0.0
0.4108
0.7476
0.3368
0.0
0.0
0.0
0.0
0.0
0.0
0.0
0.0
0.0
0.0
0.0
0.0
0.4108
0.3368
0.0
0.0
0.4108
1.1584
0.6736
0.0
0.0
0.0
0.0
0.0
0.4108
1.5692
1.4212
1.5692
1.0104
0.4108
0.7476
0.3368
0.0
1.2324
1.832
1.0844
1.1584
1.0844
1.1584
0.6736
0.4108
0.3368
2.054
3.3272
2.5796
1.4212
0.7476
0.7476
1.1584
1.906
1.832
2.7276
2.5056
1.4952
3.96
4.7484
4.5596
2.7684
2.8016
4.8964
6.4656
7.476
5.0112
5.0444
5.0852
2.9164
3.0644
3.738
3.3272
3.4012
4.9704
4.3376
3.812
2.4316
2.3908
2.9164
3.886
6.0548
4.6744
1.758
1.98
3.4012
2.0948
2.3908
2.9164
3.4752
4.8964
4.8224
5.718
4.6744
5.866
6.9912
3.9268
5.1184
4.1896
3.5492
5.644
8.0348
6.4324
3.3272
2.1688
1.0844
3.2124
5.2332
4.4116
4.1488
2.8424
4.3708
5.496
4.0748
5.3812
6.7284
7.9608
5.6848
6.6876
8.0756
6.7284
5.9068
7.698
7.6648
4.7484
5.3812
5.496
5.3072
5.1592
4.4856
6.9504
7.7388
5.496
6.1288
4.1896
2.7276
7.0244
6.8432
5.3072
7.2132
7.8128
5.0112
7.5092
7.9276
3.1792
4.7816
5.8328
2.4316
3.6232
3.9268
3.4752
4.0748
4.5596
4.8224
6.5396
5.348
5.866
6.1696
5.3072
4.7484
3.738
4.9704
5.57
5.644
4.7484
2.5056
6.014
6.0216
3.812
5.3072
5.1592
5.3072
5.57
3.59
3.0644
4.5596
4.8224
5.3072
8.0348
10.9512
8.6752
7.2132
9.0452
7.254
7.698
8.4864
8.7084
7.6648
5.57
6.0548
7.1392
7.8868
8.2236
6.5804
6.0548
7.1392
8.2976
6.9172
5.2332
4.8224
4.8964
4.4116
6.6136
6.0956
3.3272
5.0444
4.2636
3.0644
4.1488
5.3072
5.9808
5.1592
5.718
5.496
5.718
3.8528
3.1384
5.3072
3.9268
1.4212
2.8016
3.664
3.4012
3.3272
2.9904
2.1688
1.906
2.6536
2.5796
3.0644
2.5056
0.6736
1.2324
1.832
2.3168
2.1688
0.6736
0.0
1.6432
2.1688
1.4952
1.4952
1.0844
1.5692
1.0104
0.8216
0.6736
0.0
0.8216
0.6736
0.0
1.2324
1.4212
1.1584
1.4952
1.0844
0.7476
1.98
1.3472
0.0
0.0
0.0
0.0
0.4108
0.3368
0.0
0.0
0.0
0.0
0.0
0.0
0.0
0.0
0.0
0.4108
0.7476
0.3368
0.8216
0.6736
0.0
0.4108
0.3368
0.0
0.0
0.0
0.0
0.8216
1.4952
0.6736
0.0
0.0
0.0
0.0
0.0
0.0
0.0
0.0
0.0
0.8216
1.0844
0.3368
0.4108
0.3368
0.0
0.0
0.4108
0.7476
0.3368
0.0
0.4108
1.1584
0.6736
0.0
0.4108
0.3368
0.4108
0.3368
0.0
0.0
0.0
0.8216
1.4952
0.6736
0.0
1.2324
2.6536
2.1688
1.4952
0.6736
1.6432
2.5796
2.2428
1.832
1.906
2.2428
1.832
2.7276
6.6136
6.0956
2.0948
2.8016
2.4316
1.98
2.5796
1.832
1.906
2.6536
2.1688
1.0844
1.98
2.1688
1.4952
1.906
4.7076
4.2636
5.5292
6.1696
4.0748
3.3272
2.5796
2.6536
2.1688
3.1384
2.4316
1.5692
3.0644
2.5056
1.4952
2.3168
4.2228
4.8224
3.664
3.4012
3.738
4.1488
4.0748
3.3272
4.2228
6.4656
6.2436
4.4116
3.738
4.1488
4.8964
4.0008
2.9904
5.4552
6.2436
4.0008
4.6336
6.3916
6.7284
6.3176
5.1592
4.0748
2.9164
2.6536
2.9904
4.2228
4.8224
4.0748
3.738
4.1488
2.8424
2.3168
5.4552
5.8328
2.8424
5.1924
7.402
5.0852
3.738
6.2028
5.7588
5.792
7.0652
6.7284
7.1392
5.422
2.9164
3.886
4.8224
5.718
8.7824
8.8232
7.0652
6.3176
4.7484
5.792
6.6544
4.3376
4.6336
6.3916
5.496
4.0748
4.9704
5.57
5.644
4.3376
2.5796
2.6536
5.4552
7.0652
3.442
3.6232
4.7484
4.9704
4.3376
4.2228
5.644
5.9808
3.9268
5.1184
7.8868
4.9372
3.0644
5.3812
5.496
4.4856
6.5396
6.9912
5.57
6.8764
6.5804
6.0548
5.0852
4.1488
6.9504
9.382
8.4864
6.6544
5.1592
5.718
7.9608
10.2036
9.5708
4.9372
2.6536
6.2768
7.7388
4.6744
6.6876
8.0756
6.3176
7.2132
9.456
8.8232
6.6544
6.3916
9.1932
7.9276
6.0548
6.7284
7.9608
9.382
7.254
5.2332
6.0548
6.7284
4.6744
4.2228
6.0548
5.0852
4.1488
5.718
4.6744
5.866
5.348
2.5796
1.4212
1.5692
2.2428
1.832
3.5492
3.59
2.6536
1.758
1.1584
1.4952
1.4952
1.4952
3.5492
2.7684
0.3368
0.8216
1.906
1.4212
1.1584
1.0844
1.5692
1.4212
1.1584
0.6736
0.4108
1.1584
0.6736
0.0
0.0
0.0
0.4108
1.1584
1.4952
0.6736
0.0
0.4108
0.7476
0.7476
0.3368
0.4108
0.3368
0.0
0.0
0.4108
0.3368
0.0
0.0
0.0
0.4108
0.3368
0.4108
0.3368
0.0
0.4108
0.3368
0.4108
0.3368
0.0
0.0
0.0
0.0
0.4108
0.3368
0.0
0.0
0.0
0.0
0.0
0.0
0.0
0.0
0.0
0.0
0.0
0.0
0.4108
0.3368
0.0
0.0
0.0
0.0
0.0
0.0
0.0
0.0
0.0
0.0
0.0
0.0
0.4108
0.3368
0.0
0.0
0.0
0.0
0.0
0.0
0.4108
0.3368
0.0
0.0
0.0
0.0
0.0
2.054
2.0948
2.3908
4.1488
6.5396
16.4396
12.4948
2.0948
0.3368
0.4108
1.5692
1.0104
2.054
2.5056
3.5492
4.0008
2.5796
1.832
1.4952
1.906
2.2428
2.6536
5.0444
4.2636
1.4212
1.1584
1.4952
2.3168
1.758
1.98
3.812
4.4856
3.2532
2.2428
1.4212
3.2124
10.5736
8.79
4.5596
14.2708
11.8212
3.3272
3.812
4.0748
3.3272
5.0444
4.6744
2.9904
4.2228
4.0008
2.9904
1.758
1.98
5.0444
5.0852
10.7216
11.9284
5.7588
3.738
4.1488
4.4856
2.4316
1.1584
3.1384
2.4316
1.98
3.4012
2.5056
3.96
3.9268
2.6536
3.4012
3.3272
2.5796
2.2428
3.886
2.7684
1.5692
2.2428
7.1724
12.0356
17.6388
11.4104
3.4012
5.792
3.7788
1.98
3.812
4.4856
4.4856
6.9504
7.7388
9.1932
11.214
8.7492
5.9068
5.644
5.1592
4.0748
2.9164
3.0644
4.5596
5.644
4.7484
4.9704
5.9808
5.1592
4.0748
14.008
11.7472
5.4552
7.0652
7.9608
10.2036
16.5544
13.5384
7.0652
6.7284
4.6744
3.4012
3.738
3.738
3.3272
3.812
2.8424
1.4952
2.7276
3.738
2.5056
2.7276
4.9704
8.0348
7.254
4.0008
4.6336
12.5536
10.548
5.3072
6.8024
6.2436
2.7684
1.98
5.0444
3.442
2.8016
6.5396
5.348
3.4012
5.792
6.2436
4.8224
4.4856
4.4856
5.3072
4.3376
4.2228
5.2332
5.2332
3.59
2.6536
5.0444
6.3176
7.2132
5.7588
4.5596
3.59
3.886
6.4656
6.6544
5.9808
3.9268
3.0644
4.5596
5.644
6.8024
6.6544
7.2132
5.7588
4.5596
6.4656
5.422
2.5056
1.4952
2.7276
2.9164
3.4752
4.0748
3.3272
3.4012
3.3272
2.5796
2.2428
2.2428
3.886
4.4116
2.9164
2.2428
2.2428
1.0104
2.054
2.5056
2.3168
2.1688
1.906
3.886
2.3576
0.8216
1.0844
1.5692
1.832
1.906
1.832
1.0844
1.1584
2.7276
1.684
0.4108
1.1584
0.6736
0.0
0.4108
0.3368
0.8216
0.6736
0.0
0.0
0.0
0.0
0.4108
0.7476
0.7476
0.7476
0.3368
0.0
0.0
0.8216
0.6736
0.0
0.0
0.0
0.4108
0.7476
0.3368
0.0
0.0
0.0
0.0
0.0
0.0
0.0
0.0
0.0
0.0
0.4108
0.3368
0.0
0.0
0.0
0.0
0.0
0.4108
0.7476
0.3368
0.4108
0.7476
0.3368
0.0
0.4108
0.3368
0.4108
0.7476
1.1584
0.6736
0.0
0.0
0.0
0.4108
0.7476
0.7476
1.1584
0.6736
0.0
0.8216
1.0844
0.3368
0.4108
1.1584
2.3168
1.758
0.3368
0.4108
1.1584
1.4952
1.0844
0.7476
1.1584
1.4952
1.4952
2.7276
3.738
2.0948
1.5692
3.0644
3.3272
1.3472
0.4108
1.5692
2.2428
1.832
3.5492
3.1792
2.3168
3.4012
4.1488
3.2532
3.886
4.0008
2.9904
3.812
4.0748
4.9704
5.57
6.0548
5.496
9.4152
8.938
4.4116
4.9704
4.3376
1.758
1.5692
5.1184
5.8328
5.3072
3.9268
2.6536
2.9904
2.9904
5.0444
4.6744
5.4552
5.422
4.1488
4.8964
4.8224
5.3072
4.7484
4.5596
4.4116
4.1488
3.2532
2.2428
3.0644
4.9704
4.7484
4.5596
4.4116
2.9164
4.2968
4.3376
3.812
4.4856
5.3072
5.57
5.2332
6.0548
5.9068
4.0008
3.812
4.8964
4.4116
4.9704
4.3376
2.9904
4.2228
3.1792
3.1384
3.664
4.2228
5.644
5.1592
3.2532
2.2428
2.6536
4.6336
5.57
6.8764
6.5804
6.0548
5.0852
7.0244
7.254
6.4656
6.6544
4.7484
3.738
6.6136
5.274
5.1184
7.0652
4.6744
3.4012
4.5596
4.0008
3.812
4.4856
4.4856
4.0748
5.3812
6.7284
5.496
4.4856
6.1288
5.8328
5.718
6.3176
4.7484
2.9164
5.1184
4.6004
5.1184
6.2436
7.2872
7.7388
4.6744
3.4012
4.9704
5.9808
5.9808
4.3376
5.866
5.7588
9.0784
13.046
8.6012
4.8224
4.4856
5.3072
4.7484
7.4352
8.0016
7.2132
5.7588
6.2028
8.6344
6.5064
6.5396
7.402
8.3716
9.7188
8.0756
6.3176
5.1592
5.3072
6.8024
6.2436
7.2872
5.274
4.2968
5.9808
6.8024
7.476
7.476
5.422
3.3272
4.2228
6.8764
6.9912
5.9808
4.7484
4.1488
3.664
5.0444
3.8528
3.96
5.57
5.2332
5.2332
4.8224
3.664
3.812
3.2532
4.2968
3.9268
3.4752
2.4316
1.98
2.5796
1.832
1.0844
1.1584
1.0844
1.5692
1.832
1.0844
1.1584
1.4952
1.4952
0.6736
0.4108
0.7476
0.7476
0.7476
0.3368
0.4108
0.3368
0.4108
0.7476
0.7476
0.3368
0.4108
0.3368
0.8216
1.0844
0.3368
0.4108
0.3368
0.0
0.4108
0.3368
0.4108
0.3368
0.4108
0.7476
0.7476
0.3368
0.0
0.0
0.4108
0.7476
0.3368
0.0
0.0
0.0
0.0
0.0
0.0
0.0
0.0
0.0
0.0
0.0
0.0
0.0
0.0
0.0
0.0
0.0
0.0
0.0
0.0
0.4108
1.1584
1.0844
0.3368
0.0
0.4108
0.3368
0.0
0.4108
0.3368
0.8216
0.6736
0.0
0.4108
0.7476
0.3368
2.054
2.0948
0.7476
0.7476
0.7476
0.3368
1.2324
1.4212
0.3368
1.2324
1.832
1.906
2.2428
3.0644
2.0948
1.98
2.1688
1.906
1.4212
1.1584
1.4952
2.3168
2.1688
3.96
5.57
4.4116
2.9164
3.886
4.4116
2.9164
3.886
2.7684
1.98
4.2228
6.4656
5.422
4.5596
5.644
3.516
2.3168
2.9904
5.0444
5.496
2.8424
1.906
1.4212
2.3908
3.738
5.3812
5.496
2.4316
1.5692
2.2428
3.0644
5.792
5.422
4.1488
4.0748
4.1488
3.2532
3.0644
4.5596
5.2332
5.644
4.7484
3.738
3.738
2.5056
2.3168
4.6336
6.3916
5.0852
4.9704
6.3916
6.3176
7.624
8.1496
5.8328
5.718
7.9608
6.5064
4.4856
4.0748
4.1488
5.718
6.3176
4.3376
3.4012
6.2028
9.456
7.5908
5.2332
5.644
8.0348
6.8432
6.1288
6.2436
5.644
3.9268
5.1184
6.2436
4.8224
4.4856
5.718
5.496
5.718
6.7284
7.1392
6.2436
5.2332
5.644
5.57
5.644
6.8024
7.0652
3.8528
3.1384
3.2532
2.2428
3.4752
6.5396
5.348
5.866
7.402
5.0852
5.3812
11.2472
10.4332
5.9068
5.2332
4.8224
4.8964
4.0008
3.812
3.2532
1.832
4.3708
5.0852
2.0948
1.5692
1.4212
6.088
8.0016
5.1592
6.5396
4.5264
2.7276
5.3812
5.9068
4.4116
3.3272
5.866
6.5804
6.8764
6.1696
4.0748
7.0244
7.6648
5.9808
6.3916
5.496
6.9504
6.0956
6.2028
6.5804
6.4656
8.2976
6.9172
4.8224
4.4856
7.3612
10.5404
8.7492
8.7824
8.0016
5.9808
5.1592
6.1288
8.2976
8.1496
5.8328
4.0748
5.3812
4.6744
4.6336
6.8024
6.6544
4.7484
4.5596
6.0548
5.0852
2.0948
2.8016
5.718
5.9068
4.4116
5.3812
3.8528
3.1384
6.5396
4.9372
1.832
1.4952
3.1384
3.2532
1.4212
1.5692
1.4212
0.3368
0.0
0.8216
1.4952
1.0844
1.1584
2.3168
1.758
0.3368
0.4108
1.5692
1.0104
1.2324
1.0104
0.0
1.2324
1.4212
0.3368
0.0
0.0
0.4108
0.3368
0.0
0.0
0.0
0.0
0.0
0.0
0.0
0.4108
0.3368
0.0
0.4108
0.3368
0.0
0.0
0.4108
0.3368
0.4108
0.3368
0.0
0.0
0.0
0.0
0.0
0.0
0.0
0.0
0.8216
0.6736
0.4108
0.3368
0.0
0.0
0.0
0.0
0.4108
0.3368
0.0
0.0
0.0
0.0
0.4108
0.3368
0.0
0.0
0.0
0.8216
0.6736
0.0
0.0
0.4108
0.3368
0.0
0.4108
0.3368
0.4108
0.3368
0.0
0.0
0.0
0.4108
0.3368
0.0
0.0
0.4108
1.1584
1.0844
0.7476
0.3368
0.4108
0.7476
1.1584
1.4952
0.6736
2.4648
6.1288
6.6544
6.8024
8.2976
6.9172
6.0548
5.496
4.8964
4.0008
5.0444
3.442
0.7476
1.98
3.4012
5.792
6.2436
6.0548
8.3716
15.47
11.5584
6.1288
6.6544
4.3376
3.4012
4.1488
2.8424
3.5492
3.1792
1.4952
3.1384
3.664
2.9904
1.758
1.5692
3.0644
3.3272
1.758
2.3908
2.5056
1.906
2.6536
2.9904
2.9904
3.812
3.2532
3.0644
3.738
4.1488
5.3072
4.7484
5.792
5.422
4.5596
5.2332
4.8224
4.0748
4.1488
5.3072
4.7484
2.9164
3.0644
7.0244
8.4864
5.422
2.9164
3.4752
4.8964
3.59
3.4752
4.4856
5.718
5.0852
3.738
6.2028
6.5804
5.2332
5.644
6.3916
4.6744
2.1688
8.068
8.1164
6.6136
5.274
2.6536
3.4012
4.9704
5.9808
3.9268
6.3508
9.7188
9.7188
7.254
6.0548
8.7824
10.0556
6.8432
4.0748
7.0244
8.0756
5.9068
5.644
4.7484
2.9164
5.1184
6.2436
4.4116
4.1488
5.3072
3.1052
1.98
2.9904
3.4012
4.1488
5.3072
3.516
2.3168
2.1688
4.3708
3.8528
2.7276
4.1488
6.5396
6.5804
4.4116
2.9164
3.0644
7.0244
6.4324
3.3272
3.4012
3.3272
5.4552
7.0652
6.3176
9.678
9.4228
6.7284
7.55
7.8128
6.6544
6.8024
6.6544
6.8024
9.1192
8.4124
7.55
7.8128
7.8868
8.6344
7.7388
7.1392
7.0652
5.9068
7.2872
8.1496
7.0652
9.1932
10.3924
9.7188
6.4324
5.3812
7.55
8.2236
8.6344
5.6848
4.2228
4.0008
4.2228
4.8224
4.8964
5.2332
3.59
4.7076
5.9068
4.8224
6.1288
5.0112
4.6336
5.9808
3.9268
4.2968
4.7484
2.0948
2.3908
2.5056
2.7276
3.738
4.9704
4.3376
2.5796
3.4752
2.8424
2.3168
2.1688
1.906
2.2428
1.0104
0.4108
1.1584
2.3168
2.5796
3.0644
2.5056
1.4952
0.6736
0.0
0.4108
0.3368
0.8216
1.0844
0.3368
1.2324
1.0104
0.4108
1.1584
0.6736
0.0
0.4108
0.7476
0.3368
0.0
0.0
0.0
0.0
0.0
0.0
0.0
0.0
0.0
0.4108
0.3368
0.0
0.0
0.0
0.0
0.4108
0.3368
0.0
0.0
0.0
0.0
0.0
0.0
0.4108
0.3368
0.0
0.0
0.8216
0.6736
0.4108
0.3368
0.0
0.0
0.0
0.0
0.4108
0.3368
0.0
0.4108
0.7476
0.3368
0.0
0.4108
0.7476
0.3368
0.0
0.0
0.0
0.4108
0.3368
0.0
0.4108
0.7476
1.1584
1.0844
0.7476
1.1584
1.906
2.6536
1.3472
2.4648
3.2532
1.4212
2.3908
4.1488
3.2532
2.2428
1.832
1.906
2.6536
1.758
4.034
3.8528
1.0844
1.1584
1.906
2.2428
3.4752
3.664
3.4012
2.9164
2.2428
2.6536
2.5796
3.0644
7.0244
7.254
6.0548
6.3176
7.2132
6.9912
7.2132
6.9912
4.3376
4.2228
4.4116
3.738
3.3272
3.4012
3.738
4.5596
4.8224
4.4856
4.8964
4.4116
2.5056
1.906
3.4752
3.2532
3.0644
4.1488
4.4856
5.3072
5.57
5.644
4.3376
9.1524
9.6856
4.7484
4.5596
6.0548
7.55
6.1696
3.664
4.6336
7.2132
7.402
7.1392
7.476
6.6544
4.3376
5.0444
7.55
6.5804
4.0008
4.2228
4.0008
3.812
7.3612
7.6648
7.2132
5.348
3.4012
4.5596
7.698
8.0756
5.496
3.2532
4.7076
7.1392
5.422
5.792
8.2976
7.328
3.9268
5.5292
5.7588
7.0244
6.0216
7.5092
8.3384
6.8024
5.8328
6.1288
6.2436
6.0548
6.3176
5.9808
3.9268
1.4212
3.6232
6.3916
6.3176
7.624
6.0956
5.3812
8.3716
6.4324
4.1488
5.718
7.55
4.9372
4.7076
4.2636
5.5292
6.9912
5.9808
4.7484
5.3812
5.9068
5.2332
6.8764
5.7588
3.738
6.2028
6.9912
7.2132
7.402
5.9068
5.644
6.3916
5.496
5.3072
5.57
5.2332
6.8764
9.0452
9.308
7.328
6.8024
8.2976
4.8632
4.3708
7.1392
7.0652
9.604
8.2644
8.9304
9.9076
11.0992
8.1164
5.792
7.8868
4.1156
4.4448
5.8328
7.772
7.5908
7.2872
8.5604
6.9912
8.0348
7.254
8.1088
7.5908
4.0008
4.2228
5.644
7.2132
8.2236
6.9912
5.1592
3.664
2.9904
4.2228
5.2332
6.0548
5.496
3.2532
3.886
5.644
4.7484
3.3272
