0.0272108843537
0.0
0.0106382978723
0.0181818181818
0.0434782608696
0.013698630137
0.00793650793651
0.127049180328
0.0809523809524
0.0456273764259
0.0137614678899
0.0125
0.0122699386503
0.0128205128205
0.0379146919431
0.08
0.0979381443299
0.0479041916168
0.0131578947368
0.00657894736842
0.0531914893617
0.0922330097087
0.0844444444444
0.0748663101604
0.00490196078431
0.0
0.00636942675159
0.0582524271845
0.0386473429952
0.05
0.042194092827
0.188034188034
0.0153846153846
0.0104166666667
0.0801886792453
0.0153846153846
0.0913705583756
0.103448275862
0.0272108843537
0.025974025974
0.0388349514563
0.108843537415
0.0367647058824
0.0350877192982
0.0
0.0106382978723
0.0263157894737
0.0277777777778
0.00819672131148
0.0
0.0
0.00413223140496
0.0619834710744
0.00602409638554
0.0
0.0
0.0114068441065
0.00831946755408
0.0134529147982
0.00733137829912
0.0145631067961
0.004329004329
0.0
0.011826544021
0.0219512195122
0.0065717415115
0.000840336134454
0.0084388185654
0.0230088495575
0.0306983883346
0.0174464710547
0.0366748166259
0.0520231213873
0.0429958391123
0.00576368876081
0.0
0.00427715996578
0.00293470286134
0.0
0.000658327847268
0.0
0.00346020761246
0.00727272727273
0.0223123732252
0.00809248554913
0.0318809776833
0.0109797297297
0.0253283302064
0.0364238410596
0.0366972477064
0.0318725099602
0.0610778443114
0.011320754717
0.0195258019526
0.0040733197556
0.0216606498195
0.040899795501
0.020325203252
0.05625
0.0257558790594
0.0539845758355
0.0493421052632
0.027149321267
0.0948905109489
0.037962037962
0.0280811232449
0.027950310559
0.0422163588391
0.0775862068966
0.0403726708075
0.0473282442748
0.0237416904084
0.0626477541371
0.0181112548512
0.0338797814208
0.0100401606426
0.0154241645244
0.0764525993884
0.0373333333333
0.0677419354839
0.004
0.0433168316832
0.046218487395
0.0232558139535
0.096834264432
0.028263795424
0.0560538116592
0.0393013100437
0.0699855699856
0.052880075543
0.0562770562771
0.101666666667
0.0625686059276
0.0745762711864
0.0702524698134
0.0820793433653
0.061872909699
0.0164705882353
0.0680473372781
0.046986721144
0.0413573700954
0.0524625267666
0.0467141726049
0.0508474576271
0.0227272727273
0.0206489675516
0.023307436182
0.0800604229607
0.0405727923628
0.0586319218241
0.111455108359
0.143884892086
0.128048780488
0.0504201680672
0.0882352941176
0.0967741935484
0.0768491834774
0.0857142857143
0.0936454849498
0.145199063232
0.0404494382022
0.0771428571429
0.014164305949
0.0615942028986
0.0259067357513
0.0327868852459
0.0135746606335
0.0603448275862
0.0466321243523
0.013698630137
0.0496453900709
0.175732217573
0.078125
0.00826446280992
0.111111111111
0.0350877192982
0.025641025641
0.05
0.1
0.030303030303
0.030303030303
0.0
0.0
0.0
0.166666666667
0.0
0.1
0.0185185185185
0.0740740740741
0.137931034483
0.0983606557377
0.103658536585
0.130630630631
0.0234375
0.0896226415094
0.0680751173709
0.119191919192
0.0918518518519
0.102062975027
0.101583113456
0.0561797752809
0.0700808625337
0.0742753623188
0.0933098591549
0.0783505154639
0.0677966101695
0.0804321728691
0.0433333333333
0.0921985815603
0.130146082337
0.0811554332875
0.0981432360743
0.0944372574386
0.0598958333333
0.0634328358209
0.0700808625337
0.0709592641261
0.0762430939227
0.0727449078565
0.0837487537388
0.0977701543739
0.0648464163823
0.109785202864
0.102305475504
0.0795031055901
0.0853146853147
0.103896103896
0.140510948905
0.0358744394619
0.0732860520095
0.100522193211
0.0401721664275
0.070457354759
0.0932703659976
0.134969325153
0.113793103448
0.15559772296
0.131837307153
0.116591928251
0.137362637363
0.0918635170604
0.143824027073
0.145962732919
0.181603773585
0.139130434783
0.158640226629
0.0745341614907
0.0725806451613
0.0798319327731
0.0988372093023
0.112582781457
0.0948766603416
0.121472392638
0.210121012101
0.119585687382
0.151846785226
0.094395280236
0.173758865248
0.0986111111111
0.0835543766578
0.145506419401
0.137085137085
0.0972972972973
0.134285714286
0.17735042735
0.146953405018
0.18804483188
0.147790055249
0.163865546218
0.0902612826603
0.121951219512
0.183222958057
0.14122681883
0.179083094556
0.144754316069
0.13995215311
0.119485294118
0.168091168091
0.10067114094
0.147102526003
0.159942363112
0.174019607843
0.135893648449
0.209829867675
0.183023872679
0.200873362445
0.150837988827
0.160289555326
0.147395171537
0.186363636364
0.121756487026
0.213942307692
0.192520775623
0.185185185185
0.199551569507
0.161665053243
0.0950704225352
0.154564315353
0.13358778626
0.256723716381
0.128364389234
0.134292565947
0.148362235067
0.131182795699
0.133333333333
0.209059233449
0.209944751381
0.120418848168
0.106007067138
0.126213592233
0.0606060606061
0.103174603175
0.0
0.0149253731343
0.162790697674
0.116788321168
0.16
0.121739130435
0.0689655172414
0.038961038961
0.147058823529
0.0725388601036
0.0922509225092
0.0719696969697
0.0783582089552
0.0982905982906
0.0666666666667
0.133333333333
0.0442477876106
0.114285714286
0.127596439169
0.182456140351
0.0818965517241
0.0584415584416
0.1125
0.0582191780822
0.139240506329
0.141538461538
0.151933701657
0.148409893993
0.0353982300885
0.169491525424
0.173611111111
0.126888217523
0.157216494845
0.124
0.149659863946
0.162790697674
0.221276595745
0.096463022508
0.117870722433
0.0911949685535
0.15652173913
0.128834355828
0.0604026845638
0.101769911504
0.124444444444
0.233695652174
0.129032258065
0.0875
0.164285714286
0.0375
0.0816326530612
0.195833333333
