0.0340136054422
0.0
0.0212765957447
0.0181818181818
0.0289855072464
0.013698630137
0.0238095238095
0.135245901639
0.0857142857143
0.0684410646388
0.0229357798165
0.0125
0.0184049079755
0.0128205128205
0.0710900473934
0.09
0.0876288659794
0.0538922155689
0.0131578947368
0.0
0.0691489361702
0.0970873786408
0.0977777777778
0.112299465241
0.0196078431373
0.0
0.0
0.0631067961165
0.0579710144928
0.0611111111111
0.042194092827
0.192307692308
0.0
0.0104166666667
0.0990566037736
0.0410256410256
0.10152284264
0.132183908046
0.0136054421769
0.012987012987
0.00970873786408
0.102040816327
0.0220588235294
0.0526315789474
0.0117647058824
0.031914893617
0.0263157894737
0.0
0.00819672131148
0.0
0.0
0.00413223140496
0.0702479338843
0.0120481927711
0.0
0.0
0.0152091254753
0.0116472545757
0.0209267563528
0.0146627565982
0.0145631067961
0.012987012987
0.0
0.0183968462549
0.0256097560976
0.0109529025192
0.00672268907563
0.0
0.0265486725664
0.0337682271681
0.0285487708168
0.0480847595762
0.0597302504817
0.0485436893204
0.014409221902
0.00802139037433
0.0059880239521
0.00586940572267
0.00674157303371
0.00658327847268
0.0046904315197
0.00346020761246
0.0109090909091
0.026369168357
0.0127167630058
0.0414452709883
0.0168918918919
0.0375234521576
0.0364238410596
0.0443425076453
0.042828685259
0.0658682634731
0.0125786163522
0.0264993026499
0.0081466395112
0.0252707581227
0.0572597137014
0.0311653116531
0.0708333333333
0.040313549832
0.0642673521851
0.0690789473684
0.0361990950226
0.111922141119
0.0569430569431
0.0358814352574
0.0403726708075
0.0483729111697
0.101724137931
0.0341614906832
0.0564885496183
0.0294396961064
0.0697399527187
0.0297542043984
0.0393442622951
0.0170682730924
0.0282776349614
0.085626911315
0.0453333333333
0.0741935483871
0.0146666666667
0.0556930693069
0.063025210084
0.0271317829457
0.10800744879
0.0444145356662
0.0683856502242
0.046943231441
0.0844155844156
0.0689329556185
0.0627705627706
0.12
0.0647639956092
0.0870056497175
0.0867178924259
0.0889192886457
0.0719063545151
0.0258823529412
0.0828402366864
0.0510725229826
0.0477200424178
0.058886509636
0.0498812351544
0.0677966101695
0.0397727272727
0.0280235988201
0.0344062153163
0.0800604229607
0.0477326968974
0.071661237785
0.105263157895
0.141486810552
0.134146341463
0.0546218487395
0.0980392156863
0.103616813294
0.0864553314121
0.105714285714
0.0869565217391
0.170960187354
0.0426966292135
0.0857142857143
0.0056657223796
0.0579710144928
0.0310880829016
0.0491803278689
0.0135746606335
0.0646551724138
0.0518134715026
0.0205479452055
0.0425531914894
0.192468619247
0.078125
0.0247933884298
0.111111111111
0.0350877192982
0.025641025641
0.05
0.1
0.030303030303
0.030303030303
0.0
0.0
0.0
0.0333333333333
0.0
0.1
0.0185185185185
0.0740740740741
0.137931034483
0.0983606557377
0.115853658537
0.135135135135
0.0234375
0.0801886792453
0.0704225352113
0.117171717172
0.106666666667
0.111834961998
0.114775725594
0.0524344569288
0.0970350404313
0.0869565217391
0.110915492958
0.0865979381443
0.0717846460618
0.0996398559424
0.0533333333333
0.0945626477541
0.126162018592
0.0839064649243
0.0928381962865
0.109961190168
0.0703125
0.0746268656716
0.078167115903
0.0762155059133
0.0828729281768
0.0805043646945
0.0857427716849
0.106346483705
0.0784982935154
0.105011933174
0.109510086455
0.0944099378882
0.0951048951049
0.106493506494
0.151459854015
0.0538116591928
0.096926713948
0.103133159269
0.0430416068867
0.0815822002472
0.0838252656434
0.155828220859
0.131034482759
0.172675521822
0.140252454418
0.128550074738
0.146978021978
0.0931758530184
0.157360406091
0.170807453416
0.200471698113
0.134782608696
0.184135977337
0.0900621118012
0.0752688172043
0.0924369747899
0.104651162791
0.135761589404
0.0986717267552
0.134969325153
0.216721672167
0.131826741996
0.168262653899
0.106194690265
0.195035460993
0.111111111111
0.0954907161804
0.148359486448
0.155844155844
0.113513513514
0.137142857143
0.211538461538
0.16009557945
0.215442092154
0.158839779006
0.172268907563
0.0950118764846
0.125
0.187637969095
0.16119828816
0.184813753582
0.150066401062
0.145933014354
0.134191176471
0.17094017094
0.131991051454
0.151560178306
0.152737752161
0.176470588235
0.134416543575
0.221172022684
0.196286472149
0.222707423581
0.151955307263
0.160289555326
0.163913595934
0.192424242424
0.129740518962
0.201923076923
0.216066481994
0.200231481481
0.209641255605
0.175217812197
0.111795774648
0.18153526971
0.13358778626
0.251833740831
0.132505175983
0.146282973621
0.157996146435
0.139784946237
0.143859649123
0.205574912892
0.226519337017
0.130890052356
0.0848056537102
0.145631067961
0.0606060606061
0.119047619048
0.0
0.0149253731343
0.162790697674
0.131386861314
0.168
0.0869565217391
0.0689655172414
0.0519480519481
0.147058823529
0.0932642487047
0.10332103321
0.0871212121212
0.0858208955224
0.0897435897436
0.0666666666667
0.0666666666667
0.0353982300885
0.117857142857
0.151335311573
0.185964912281
0.0905172413793
0.0519480519481
0.1375
0.0753424657534
0.155063291139
0.141538461538
0.151933701657
0.159010600707
0.0353982300885
0.175141242938
0.171296296296
0.123867069486
0.164948453608
0.132
0.176870748299
0.18023255814
0.246808510638
0.106109324759
0.121673003802
0.110062893082
0.188405797101
0.156441717791
0.0536912751678
0.115044247788
0.128888888889
0.222826086957
0.15668202765
0.1125
0.2
0.0125
0.0816326530612
0.208333333333
