0.0272108843537
0.0189873417722
0.0425531914894
0.0545454545455
0.0434782608696
0.013698630137
0.00793650793651
0.110655737705
0.0380952380952
0.0608365019011
0.0321100917431
0.0375
0.0122699386503
0.017094017094
0.0379146919431
0.03
0.0927835051546
0.0239520958084
0.0263157894737
0.00657894736842
0.0212765957447
0.0631067961165
0.0488888888889
0.0534759358289
0.0
0.0246913580247
0.0127388535032
0.0533980582524
0.0434782608696
0.00555555555556
0.0295358649789
0.196581196581
0.0153846153846
0.0104166666667
0.0660377358491
0.0769230769231
0.0913705583756
0.0689655172414
0.0272108843537
0.025974025974
0.0582524271845
0.0680272108844
0.0294117647059
0.00877192982456
0.0117647058824
0.0106382978723
0.0263157894737
0.0277777777778
0.00819672131148
0.00925925925926
0.00884955752212
0.00413223140496
0.0454545454545
0.00602409638554
0.00740740740741
0.0024154589372
0.0266159695817
0.0
0.00298953662182
0.00293255131965
0.0145631067961
0.00865800865801
0.00459770114943
0.00525624178712
0.0121951219512
0.0
0.0
0.0084388185654
0.00884955752212
0.0376055257099
0.00634417129262
0.00570497147514
0.0260115606936
0.0249653259362
0.0028818443804
0.00133689839572
0.0
0.00146735143067
0.0
0.0
0.0
0.00346020761246
0.00363636363636
0.00405679513185
0.00346820809249
0.00743889479277
0.0
0.00093808630394
0.0364238410596
0.0122324159021
0.00398406374502
0.0467065868263
0.00125786163522
0.00557880055788
0.0
0.014440433213
0.0224948875256
0.0149051490515
0.0197916666667
0.00111982082867
0.012853470437
0.0197368421053
0.0316742081448
0.0948905109489
0.00699300699301
0.00390015600624
0.00310559006211
0.0114335971856
0.0379310344828
0.0124223602484
0.0213740458015
0.00949667616334
0.0283687943262
0.00388098318241
0.0174863387978
0.0
0.0154241645244
0.0412844036697
0.00977777777778
0.0483870967742
0.00133333333333
0.00742574257426
0.0294117647059
0.0271317829457
0.0707635009311
0.00672947510094
0.0392376681614
0.00655021834061
0.034632034632
0.0226628895184
0.0454545454545
0.0816666666667
0.0439077936334
0.0497175141243
0.046103183315
0.0437756497948
0.0384615384615
0.0329411764706
0.0488165680473
0.0367722165475
0.0180275715801
0.041755888651
0.0245447347585
0.00953389830508
0.0198863636364
0.0103244837758
0.0122086570477
0.0589123867069
0.054892601432
0.042345276873
0.105263157895
0.119904076739
0.106707317073
0.0546218487395
0.0627450980392
0.0615835777126
0.059558117195
0.0590476190476
0.0802675585284
0.112412177986
0.0539325842697
0.0542857142857
0.0198300283286
0.0434782608696
0.0310880829016
0.0573770491803
0.0542986425339
0.0258620689655
0.0569948186528
0.0205479452055
0.0496453900709
0.192468619247
0.078125
0.0247933884298
0.111111111111
0.0701754385965
0.025641025641
0.05
0.1
0.0606060606061
0.0606060606061
0.101694915254
0.0666666666667
0.0131578947368
0.233333333333
0.0204081632653
0.1
0.0925925925926
0.0648148148148
0.11724137931
0.0901639344262
0.0701219512195
0.108108108108
0.0234375
0.0849056603774
0.0422535211268
0.0929292929293
0.08
0.0944625407166
0.0712401055409
0.0449438202247
0.0485175202156
0.0507246376812
0.0704225352113
0.0484536082474
0.0697906281157
0.0636254501801
0.0233333333333
0.0732860520095
0.119521912351
0.0618982118294
0.0928381962865
0.0879689521345
0.046875
0.044776119403
0.0458221024259
0.0525624178712
0.0596685082873
0.0543161978661
0.0707876370887
0.0600343053173
0.0443686006826
0.0763723150358
0.0821325648415
0.0583850931677
0.0699300699301
0.0805194805195
0.105839416058
0.00896860986547
0.0614657210402
0.0822454308094
0.0243902439024
0.0407911001236
0.0826446280992
0.104294478528
0.0827586206897
0.136622390892
0.0967741935484
0.0941704035874
0.107142857143
0.0748031496063
0.108291032149
0.130434782609
0.172169811321
0.113043478261
0.14164305949
0.0807453416149
0.0564516129032
0.063025210084
0.0872093023256
0.0927152317881
0.0777988614801
0.0834355828221
0.184818481848
0.101694915254
0.113543091655
0.0766961651917
0.131205673759
0.0652777777778
0.0503978779841
0.11697574893
0.124098124098
0.0608108108108
0.105714285714
0.160256410256
0.10752688172
0.140722291407
0.129834254144
0.117647058824
0.0688836104513
0.0975609756098
0.136865342163
0.124108416548
0.151862464183
0.114209827357
0.107655502392
0.0808823529412
0.153846153846
0.0984340044743
0.139673105498
0.155619596542
0.1875
0.124076809453
0.160680529301
0.164456233422
0.183406113537
0.121787709497
0.127197518097
0.135959339263
0.168181818182
0.0878243512974
0.206730769231
0.185595567867
0.153935185185
0.17264573991
0.150048402711
0.0783450704225
0.137966804979
0.118320610687
0.19804400978
0.0993788819876
0.1103117506
0.111753371869
0.101075268817
0.122807017544
0.191637630662
0.190607734807
0.104712041885
0.0706713780919
0.18932038835
0.0484848484848
0.111111111111
0.0188679245283
0.0149253731343
0.131782945736
0.109489051095
0.128
0.104347826087
0.0804597701149
0.038961038961
0.102941176471
0.0673575129534
0.0811808118081
0.0378787878788
0.0634328358209
0.0940170940171
0.0666666666667
0.1
0.00884955752212
0.103571428571
0.0860534124629
0.175438596491
0.073275862069
0.0324675324675
0.1
0.0445205479452
0.129746835443
0.138461538462
0.146408839779
0.141342756184
0.0442477876106
0.16384180791
0.143518518519
0.12084592145
0.182989690722
0.12
0.15306122449
0.127906976744
0.195744680851
0.102893890675
0.114068441065
0.062893081761
0.144927536232
0.101226993865
0.0402684563758
0.0752212389381
0.142222222222
0.233695652174
0.129032258065
0.05625
0.157142857143
0.05
0.0918367346939
0.191666666667
