0.0340136054422
0.0
0.0212765957447
0.0181818181818
0.0289855072464
0.013698630137
0.031746031746
0.131147540984
0.0952380952381
0.0684410646388
0.0275229357798
0.0125
0.0306748466258
0.034188034188
0.085308056872
0.08
0.0876288659794
0.0658682634731
0.0
0.0
0.063829787234
0.101941747573
0.0977777777778
0.0855614973262
0.0245098039216
0.0
0.0
0.0728155339806
0.048309178744
0.0722222222222
0.0379746835443
0.200854700855
0.0
0.0104166666667
0.0849056603774
0.0461538461538
0.0964467005076
0.109195402299
0.0204081632653
0.012987012987
0.00970873786408
0.0952380952381
0.0367647058824
0.0789473684211
0.0235294117647
0.031914893617
0.0263157894737
0.0
0.00819672131148
0.0
0.0
0.00413223140496
0.0785123966942
0.0120481927711
0.0
0.0024154589372
0.0190114068441
0.0133111480865
0.0224215246637
0.0161290322581
0.0145631067961
0.012987012987
0.00459770114943
0.0183968462549
0.0292682926829
0.0164293537788
0.0109243697479
0.0
0.0265486725664
0.0360706062932
0.0309278350515
0.0554197229014
0.0635838150289
0.0513176144244
0.014409221902
0.0133689839572
0.00855431993157
0.006603081438
0.00898876404494
0.0105332455563
0.00750469043152
0.00692041522491
0.00727272727273
0.0283975659229
0.0161849710983
0.0467587672689
0.0177364864865
0.0459662288931
0.0364238410596
0.0443425076453
0.050796812749
0.0730538922156
0.0188679245283
0.0306834030683
0.0081466395112
0.028880866426
0.0654396728016
0.0311653116531
0.0822916666667
0.0492721164614
0.0642673521851
0.0756578947368
0.027149321267
0.102189781022
0.0619380619381
0.0413416536661
0.0455486542443
0.0510114335972
0.116379310345
0.0403726708075
0.0656488549618
0.0303893637227
0.0744680851064
0.0297542043984
0.0426229508197
0.0210843373494
0.0231362467866
0.0871559633028
0.0586666666667
0.0763440860215
0.0173333333333
0.0618811881188
0.0609243697479
0.0271317829457
0.113594040968
0.0511440107672
0.0773542600897
0.0513100436681
0.0894660894661
0.0745986779981
0.0692640692641
0.123333333333
0.0658616904501
0.0926553672316
0.0944017563117
0.0984952120383
0.0702341137124
0.0352941176471
0.085798816568
0.0541368743616
0.0551431601273
0.0642398286938
0.0522565320665
0.073093220339
0.0397727272727
0.0368731563422
0.0332963374029
0.083081570997
0.0477326968974
0.0781758957655
0.108359133127
0.175059952038
0.15243902439
0.0567226890756
0.101960784314
0.108504398827
0.0922190201729
0.108571428571
0.103678929766
0.173302107728
0.0494382022472
0.0857142857143
0.0113314447592
0.0652173913043
0.020725388601
0.0573770491803
0.0135746606335
0.0646551724138
0.0466321243523
0.0205479452055
0.0496453900709
0.196652719665
0.078125
0.00826446280992
0.118518518519
0.0350877192982
0.025641025641
0.05
0.1
0.030303030303
0.030303030303
0.0
0.0
0.0
0.0333333333333
0.0
0.1
0.037037037037
0.0925925925926
0.158620689655
0.106557377049
0.115853658537
0.135135135135
0.03125
0.0943396226415
0.0727699530516
0.117171717172
0.103703703704
0.116178067318
0.118733509235
0.063670411985
0.102425876011
0.0960144927536
0.107394366197
0.0907216494845
0.0767696909272
0.109243697479
0.05
0.106382978723
0.123505976096
0.0880330123796
0.0941644562334
0.115135834411
0.0703125
0.0746268656716
0.0808625336927
0.0827858081472
0.0906077348066
0.086323957323
0.0887337986042
0.11320754717
0.0784982935154
0.102625298329
0.106628242075
0.0993788819876
0.0979020979021
0.119480519481
0.155109489051
0.0582959641256
0.10401891253
0.100522193211
0.0430416068867
0.0902348578492
0.0932703659976
0.160736196319
0.127586206897
0.165085388994
0.157082748948
0.133034379671
0.148351648352
0.0905511811024
0.157360406091
0.167701863354
0.212264150943
0.141304347826
0.181303116147
0.0931677018634
0.0833333333333
0.0924369747899
0.0988372093023
0.149006622517
0.106261859583
0.139877300613
0.222222222222
0.139359698682
0.169630642955
0.109144542773
0.20390070922
0.116666666667
0.106100795756
0.162624821683
0.157287157287
0.133783783784
0.154285714286
0.209401709402
0.169653524492
0.20797011208
0.161602209945
0.180672268908
0.109263657957
0.128048780488
0.209713024283
0.155492154066
0.183381088825
0.151394422311
0.156698564593
0.150735294118
0.165242165242
0.125279642058
0.150074294205
0.151296829971
0.170343137255
0.134416543575
0.240075614367
0.196286472149
0.235807860262
0.148603351955
0.163391933816
0.163913595934
0.184848484848
0.115768463074
0.189903846154
0.211911357341
0.211805555556
0.202914798206
0.184898354308
0.117077464789
0.179460580913
0.13358778626
0.237163814181
0.136645962733
0.141486810552
0.157996146435
0.12688172043
0.154385964912
0.222996515679
0.237569060773
0.141361256545
0.0918727915194
0.145631067961
0.0666666666667
0.111111111111
0.0
0.0
0.162790697674
0.138686131387
0.16
0.0869565217391
0.0689655172414
0.0519480519481
0.176470588235
0.108808290155
0.110701107011
0.0757575757576
0.0858208955224
0.0940170940171
0.0666666666667
0.05
0.0619469026549
0.121428571429
0.160237388724
0.185964912281
0.0905172413793
0.0584415584416
0.14375
0.0719178082192
0.155063291139
0.141538461538
0.151933701657
0.173144876325
0.0353982300885
0.16384180791
0.178240740741
0.123867069486
0.164948453608
0.124
0.173469387755
0.151162790698
0.23829787234
0.0996784565916
0.125475285171
0.116352201258
0.188405797101
0.159509202454
0.0604026845638
0.119469026549
0.137777777778
0.211956521739
0.184331797235
0.10625
0.185714285714
0.0375
0.0816326530612
0.216666666667
