0.0272108843537
0.0316455696203
0.0212765957447
0.0545454545455
0.0434782608696
0.013698630137
0.00793650793651
0.094262295082
0.0190476190476
0.0456273764259
0.045871559633
0.0375
0.0122699386503
0.0213675213675
0.0521327014218
0.015
0.0876288659794
0.0119760479042
0.0263157894737
0.00657894736842
0.0159574468085
0.0436893203883
0.0622222222222
0.0695187165775
0.00490196078431
0.0246913580247
0.0191082802548
0.0533980582524
0.0434782608696
0.00555555555556
0.0168776371308
0.192307692308
0.0153846153846
0.0208333333333
0.0471698113208
0.0564102564103
0.0761421319797
0.0632183908046
0.0408163265306
0.025974025974
0.0485436893204
0.0748299319728
0.0294117647059
0.0263157894737
0.0117647058824
0.031914893617
0.0263157894737
0.0694444444444
0.016393442623
0.037037037037
0.00884955752212
0.00826446280992
0.0371900826446
0.00602409638554
0.00740740740741
0.012077294686
0.0437262357414
0.0
0.00298953662182
0.00293255131965
0.0145631067961
0.00865800865801
0.00459770114943
0.00394218134034
0.00243902439024
0.00109529025192
0.0
0.0084388185654
0.00530973451327
0.0391404451266
0.00317208564631
0.00325998370008
0.014450867052
0.0180305131761
0.0028818443804
0.00133689839572
0.000855431993157
0.0
0.0
0.0
0.0
0.00346020761246
0.0145454545455
0.00507099391481
0.00231213872832
0.00850159404888
0.00168918918919
0.00187617260788
0.0298013245033
0.00611620795107
0.00597609561753
0.0383233532934
0.00125786163522
0.00139470013947
0.0
0.0072202166065
0.0286298568507
0.0121951219512
0.015625
0.0
0.0154241645244
0.00986842105263
0.0361990950226
0.0656934306569
0.012987012987
0.0
0.0
0.00527704485488
0.0362068965517
0.0124223602484
0.0320610687023
0.00189933523267
0.0224586288416
0.00388098318241
0.016393442623
0.0
0.0154241645244
0.039755351682
0.008
0.041935483871
0.0
0.0
0.0189075630252
0.0542635658915
0.0502793296089
0.00403768506057
0.0369955156951
0.00655021834061
0.0266955266955
0.0217186024551
0.0562770562771
0.0716666666667
0.0417124039517
0.0418079096045
0.0439077936334
0.0259917920657
0.0301003344482
0.0376470588235
0.0562130177515
0.0418794688458
0.0137857900318
0.0256959314775
0.0158353127474
0.00317796610169
0.0142045454545
0.0132743362832
0.00998890122087
0.0604229607251
0.0620525059666
0.042345276873
0.077399380805
0.124700239808
0.108231707317
0.0451680672269
0.0656862745098
0.0518084066471
0.0441882804995
0.0542857142857
0.0769230769231
0.096018735363
0.0426966292135
0.0571428571429
0.0226628895184
0.0507246376812
0.0310880829016
0.0491803278689
0.0497737556561
0.0474137931034
0.0362694300518
0.0
0.0496453900709
0.200836820084
0.078125
0.0247933884298
0.0222222222222
0.0701754385965
0.0769230769231
0.05
0.1
0.0606060606061
0.0606060606061
0.0847457627119
0.0666666666667
0.0394736842105
0.233333333333
0.0204081632653
0.1
0.0925925925926
0.0833333333333
0.110344827586
0.077868852459
0.0823170731707
0.0855855855856
0.0234375
0.0896226415094
0.0352112676056
0.0888888888889
0.0740740740741
0.0922909880565
0.0620052770449
0.0411985018727
0.0485175202156
0.0471014492754
0.068661971831
0.0494845360825
0.0598205383848
0.0552220888355
0.01
0.0614657210402
0.119521912351
0.0563961485557
0.0941644562334
0.0763260025873
0.0364583333333
0.0410447761194
0.0404312668464
0.053876478318
0.0574585635359
0.0504364694471
0.0677966101695
0.0754716981132
0.0511945392491
0.0763723150358
0.0806916426513
0.055900621118
0.0671328671329
0.0662337662338
0.100364963504
0.0134529147982
0.0567375886525
0.0718015665796
0.025824964132
0.0321384425216
0.0873671782763
0.0871165644172
0.0655172413793
0.11385199241
0.0897615708275
0.0881913303438
0.101648351648
0.0682414698163
0.0964467005076
0.133540372671
0.174528301887
0.10652173913
0.13597733711
0.0527950310559
0.0564516129032
0.0840336134454
0.0872093023256
0.0695364238411
0.0853889943074
0.0760736196319
0.167216721672
0.0894538606403
0.10123119015
0.0766961651917
0.120567375887
0.0597222222222
0.051724137931
0.0998573466476
0.112554112554
0.0351351351351
0.0914285714286
0.151709401709
0.0812425328554
0.133250311333
0.109116022099
0.112044817927
0.0688836104513
0.106707317073
0.119205298013
0.11697574893
0.151862464183
0.0996015936255
0.111244019139
0.0680147058824
0.162393162393
0.089485458613
0.124814264487
0.136887608069
0.194852941176
0.112259970458
0.136105860113
0.167108753316
0.157205240175
0.116201117318
0.123061013444
0.120711562897
0.157575757576
0.0858283433134
0.180288461538
0.162049861496
0.141203703704
0.170403587444
0.137463697967
0.0783450704225
0.122406639004
0.087786259542
0.190709046455
0.0952380952381
0.0983213429257
0.129094412331
0.109677419355
0.119298245614
0.226480836237
0.162983425414
0.0916230366492
0.0530035335689
0.169902912621
0.0545454545455
0.111111111111
0.0188679245283
0.0746268656716
0.15503875969
0.0948905109489
0.12
0.095652173913
0.0574712643678
0.0519480519481
0.161764705882
0.0829015544041
0.0627306273063
0.0189393939394
0.0597014925373
0.0897435897436
0.116666666667
0.116666666667
0.00884955752212
0.0928571428571
0.109792284866
0.164912280702
0.0603448275862
0.038961038961
0.09375
0.0342465753425
0.113924050633
0.150769230769
0.14364640884
0.155477031802
0.0530973451327
0.135593220339
0.131944444444
0.108761329305
0.190721649485
0.112
0.149659863946
0.139534883721
0.174468085106
0.112540192926
0.0988593155894
0.059748427673
0.124637681159
0.0981595092025
0.0201342281879
0.0796460176991
0.128888888889
0.190217391304
0.124423963134
0.08125
0.185714285714
0.0375
0.0918367346939
0.154166666667
