0.0272108843537
0.0
0.0106382978723
0.0545454545455
0.0434782608696
0.013698630137
0.015873015873
0.118852459016
0.0619047619048
0.0342205323194
0.0137614678899
0.0125
0.0122699386503
0.0128205128205
0.0284360189573
0.055
0.0876288659794
0.0419161676647
0.0131578947368
0.00657894736842
0.0212765957447
0.0485436893204
0.0488888888889
0.0588235294118
0.0
0.0
0.0127388535032
0.0436893203883
0.048309178744
0.0222222222222
0.042194092827
0.192307692308
0.0
0.0104166666667
0.0801886792453
0.0512820512821
0.0812182741117
0.0919540229885
0.0136054421769
0.012987012987
0.0388349514563
0.102040816327
0.0294117647059
0.0
0.0117647058824
0.0106382978723
0.0263157894737
0.0277777777778
0.00819672131148
0.0
0.0
0.00413223140496
0.0661157024793
0.0
0.00740740740741
0.0024154589372
0.00760456273764
0.0
0.00747384155456
0.0
0.0145631067961
0.00865800865801
0.00229885057471
0.0105124835742
0.019512195122
0.00109529025192
0.0
0.0042194092827
0.0141592920354
0.0337682271681
0.0142743854084
0.0171149144254
0.0327552986513
0.0305131761442
0.0
0.00133689839572
0.00256629597947
0.00293470286134
0.0
0.0
0.0
0.00346020761246
0.0109090909091
0.0121703853955
0.00346820809249
0.0170031880978
0.00422297297297
0.00844277673546
0.0198675496689
0.019877675841
0.0149402390438
0.0479041916168
0.00251572327044
0.0139470013947
0.0
0.0216606498195
0.0265848670757
0.020325203252
0.0385416666667
0.010078387458
0.0282776349614
0.0296052631579
0.0361990950226
0.0948905109489
0.020979020979
0.0148205928237
0.0113871635611
0.0307827616535
0.0551724137931
0.0217391304348
0.0320610687023
0.0161443494777
0.0520094562648
0.00776196636481
0.0262295081967
0.0
0.012853470437
0.0550458715596
0.0177777777778
0.0591397849462
0.0
0.0235148514851
0.0294117647059
0.046511627907
0.0819366852886
0.0188425302826
0.0470852017937
0.0294759825328
0.0548340548341
0.028328611898
0.0519480519481
0.09
0.0658616904501
0.0576271186441
0.0559824368825
0.0533515731874
0.0551839464883
0.0211764705882
0.0458579881657
0.0408580183861
0.0286320254507
0.0460385438972
0.0308788598575
0.0233050847458
0.0284090909091
0.0221238938053
0.0177580466149
0.0755287009063
0.0453460620525
0.0456026058632
0.105263157895
0.151079136691
0.114329268293
0.0514705882353
0.0764705882353
0.0713587487781
0.0634005763689
0.0647619047619
0.0836120401338
0.140515222482
0.0359550561798
0.0657142857143
0.014164305949
0.054347826087
0.0310880829016
0.0245901639344
0.0407239819005
0.0387931034483
0.0414507772021
0.00684931506849
0.0496453900709
0.175732217573
0.078125
0.0
0.103703703704
0.0350877192982
0.025641025641
0.05
0.1
0.030303030303
0.030303030303
0.0
0.0666666666667
0.0131578947368
0.166666666667
0.0
0.1
0.0740740740741
0.0648148148148
0.151724137931
0.0901639344262
0.0975609756098
0.126126126126
0.0234375
0.0707547169811
0.0539906103286
0.10303030303
0.082962962963
0.0966340933768
0.089709762533
0.0486891385768
0.0566037735849
0.0634057971014
0.0915492957746
0.0556701030928
0.0658025922233
0.0696278511405
0.04
0.0874704491726
0.116865869854
0.0674002751032
0.100795755968
0.0879689521345
0.0572916666667
0.044776119403
0.0458221024259
0.0643889618922
0.0640883977901
0.0669253152279
0.0827517447657
0.0789022298456
0.0443686006826
0.100238663484
0.0850144092219
0.0621118012422
0.0867132867133
0.0935064935065
0.122262773723
0.0313901345291
0.063829787234
0.097911227154
0.0373027259684
0.0543881334981
0.0885478158205
0.127607361963
0.1
0.144212523719
0.115007012623
0.0986547085202
0.112637362637
0.0839895013123
0.135363790186
0.130434782609
0.186320754717
0.139130434783
0.14447592068
0.0621118012422
0.0698924731183
0.0588235294118
0.093023255814
0.0927152317881
0.0910815939279
0.105521472393
0.195819581958
0.116760828625
0.138166894665
0.094395280236
0.159574468085
0.0861111111111
0.0623342175066
0.14122681883
0.132756132756
0.0743243243243
0.142857142857
0.183760683761
0.129032258065
0.178082191781
0.145027624309
0.142857142857
0.083135391924
0.109756097561
0.16114790287
0.13694721826
0.176217765043
0.135458167331
0.122009569378
0.0900735294118
0.162393162393
0.089485458613
0.136701337296
0.167146974063
0.182598039216
0.125553914328
0.196597353497
0.185676392573
0.192139737991
0.139664804469
0.137538779731
0.148665819568
0.178787878788
0.0918163672655
0.204326923077
0.19944598338
0.164351851852
0.189461883408
0.1490803485
0.0915492957746
0.152489626556
0.12213740458
0.205378973105
0.124223602484
0.10551558753
0.138728323699
0.12688172043
0.129824561404
0.184668989547
0.185082872928
0.107329842932
0.0777385159011
0.145631067961
0.0484848484848
0.103174603175
0.0
0.0149253731343
0.131782945736
0.116788321168
0.128
0.0869565217391
0.0574712643678
0.038961038961
0.147058823529
0.0725388601036
0.0848708487085
0.0492424242424
0.0820895522388
0.0982905982906
0.0666666666667
0.133333333333
0.0176991150442
0.107142857143
0.106824925816
0.182456140351
0.0818965517241
0.0584415584416
0.1
0.0547945205479
0.136075949367
0.126153846154
0.149171270718
0.134275618375
0.0530973451327
0.158192090395
0.173611111111
0.12084592145
0.193298969072
0.116
0.156462585034
0.151162790698
0.217021276596
0.0900321543408
0.110266159696
0.0723270440252
0.15652173913
0.10736196319
0.0469798657718
0.0840707964602
0.111111111111
0.239130434783
0.133640552995
0.06875
0.157142857143
0.05
0.0816326530612
0.195833333333
