0.0272108843537
0.0253164556962
0.031914893617
0.0545454545455
0.0434782608696
0.013698630137
0.00793650793651
0.102459016393
0.0380952380952
0.0570342205323
0.0366972477064
0.0375
0.0122699386503
0.0213675213675
0.0521327014218
0.025
0.0721649484536
0.0179640718563
0.0263157894737
0.00657894736842
0.0372340425532
0.0582524271845
0.0577777777778
0.0534759358289
0.00490196078431
0.0246913580247
0.0191082802548
0.0533980582524
0.0386473429952
0.00555555555556
0.0337552742616
0.196581196581
0.0153846153846
0.0104166666667
0.0660377358491
0.0717948717949
0.0558375634518
0.0804597701149
0.0204081632653
0.025974025974
0.0582524271845
0.0816326530612
0.0367647058824
0.00877192982456
0.0117647058824
0.0106382978723
0.0263157894737
0.0416666666667
0.00819672131148
0.0185185185185
0.00884955752212
0.00413223140496
0.0371900826446
0.00602409638554
0.00740740740741
0.00724637681159
0.0361216730038
0.0
0.00298953662182
0.00293255131965
0.0145631067961
0.00865800865801
0.00459770114943
0.00788436268068
0.00731707317073
0.0
0.0
0.0084388185654
0.00884955752212
0.039907904835
0.00475812846947
0.0040749796251
0.02408477842
0.0221914008322
0.0028818443804
0.00133689839572
0.000855431993157
0.000733675715334
0.0
0.0
0.0
0.00346020761246
0.00363636363636
0.00202839756592
0.00346820809249
0.00425079702444
0.0
0.00187617260788
0.0264900662252
0.0122324159021
0.00498007968127
0.0455089820359
0.0
0.00278940027894
0.0
0.0108303249097
0.0265848670757
0.0135501355014
0.0166666666667
0.0
0.00771208226221
0.00657894736842
0.0316742081448
0.0875912408759
0.00599400599401
0.00234009360374
0.00103519668737
0.00527704485488
0.0344827586207
0.0155279503106
0.0259541984733
0.00569800569801
0.0295508274232
0.00517464424321
0.0153005464481
0.0
0.0154241645244
0.0336391437309
0.00711111111111
0.0462365591398
0.0
0.00247524752475
0.031512605042
0.046511627907
0.0614525139665
0.00403768506057
0.0392376681614
0.00545851528384
0.0295815295815
0.0226628895184
0.0454545454545
0.08
0.0417124039517
0.0418079096045
0.0428100987925
0.0369357045144
0.0334448160535
0.0258823529412
0.0488165680473
0.0408580183861
0.0127253446448
0.0267665952891
0.0221694378464
0.00635593220339
0.0284090909091
0.00884955752212
0.00998890122087
0.0664652567976
0.0429594272076
0.0521172638436
0.0835913312693
0.122302158273
0.106707317073
0.0483193277311
0.0558823529412
0.0566959921799
0.0528338136407
0.052380952381
0.0836120401338
0.112412177986
0.0539325842697
0.0542857142857
0.0254957507082
0.0507246376812
0.0259067357513
0.0655737704918
0.0452488687783
0.0344827586207
0.0414507772021
0.00684931506849
0.0496453900709
0.200836820084
0.078125
0.0247933884298
0.0222222222222
0.105263157895
0.025641025641
0.075
0.1
0.0606060606061
0.0606060606061
0.101694915254
0.0666666666667
0.0131578947368
0.233333333333
0.0204081632653
0.1
0.111111111111
0.0740740740741
0.110344827586
0.0819672131148
0.0884146341463
0.103603603604
0.0234375
0.0801886792453
0.0352112676056
0.0929292929293
0.0711111111111
0.0955483170467
0.0646437994723
0.0449438202247
0.0458221024259
0.0525362318841
0.0669014084507
0.0515463917526
0.0598205383848
0.0684273709484
0.0166666666667
0.0661938534279
0.118193891102
0.0577716643741
0.0888594164456
0.0827943078913
0.0364583333333
0.0298507462687
0.0458221024259
0.0512483574244
0.0574585635359
0.0484966052376
0.0717846460618
0.0634648370497
0.0477815699659
0.0835322195704
0.0850144092219
0.0596273291925
0.0685314685315
0.0779220779221
0.100364963504
0.00448430493274
0.0591016548463
0.0718015665796
0.0200860832138
0.0358467243511
0.0838252656434
0.0993865030675
0.0862068965517
0.130929791271
0.0981767180926
0.0941704035874
0.0975274725275
0.0708661417323
0.104906937394
0.130434782609
0.172169811321
0.108695652174
0.155807365439
0.055900621118
0.0456989247312
0.0714285714286
0.0872093023256
0.0761589403974
0.0815939278937
0.0711656441718
0.174917491749
0.0951035781544
0.102599179207
0.0560471976401
0.120567375887
0.0597222222222
0.051724137931
0.118402282454
0.122655122655
0.0554054054054
0.114285714286
0.166666666667
0.101553166069
0.13698630137
0.116022099448
0.119047619048
0.061757719715
0.0975609756098
0.123620309051
0.119828815977
0.159025787966
0.102257636122
0.116028708134
0.0845588235294
0.139601139601
0.082774049217
0.136701337296
0.138328530259
0.177696078431
0.116691285081
0.147448015123
0.164456233422
0.159388646288
0.111731843575
0.127197518097
0.129606099111
0.168181818182
0.0738522954092
0.192307692308
0.168975069252
0.146990740741
0.179372197309
0.143272023233
0.0739436619718
0.137966804979
0.114503816794
0.18826405868
0.0993788819876
0.0959232613909
0.113680154143
0.10752688172
0.112280701754
0.198606271777
0.17679558011
0.102094240838
0.0671378091873
0.160194174757
0.0606060606061
0.119047619048
0.0
0.0149253731343
0.147286821705
0.109489051095
0.128
0.095652173913
0.0574712643678
0.025974025974
0.132352941176
0.0673575129534
0.070110701107
0.0265151515152
0.0708955223881
0.0940170940171
0.0666666666667
0.116666666667
0.00884955752212
0.0928571428571
0.100890207715
0.175438596491
0.073275862069
0.0454545454545
0.0875
0.0479452054795
0.126582278481
0.132307692308
0.146408839779
0.141342756184
0.0619469026549
0.158192090395
0.145833333333
0.117824773414
0.188144329897
0.112
0.15306122449
0.116279069767
0.182978723404
0.102893890675
0.110266159696
0.062893081761
0.139130434783
0.113496932515
0.0335570469799
0.0840707964602
0.12
0.211956521739
0.119815668203
0.05625
0.164285714286
0.025
0.0918367346939
0.166666666667
