0.0272108843537
0.00632911392405
0.0106382978723
0.0363636363636
0.0434782608696
0.013698630137
0.00793650793651
0.118852459016
0.0666666666667
0.0494296577947
0.0045871559633
0.0125
0.0122699386503
0.0128205128205
0.0284360189573
0.08
0.0876288659794
0.0419161676647
0.0131578947368
0.00657894736842
0.0265957446809
0.0825242718447
0.0533333333333
0.0748663101604
0.0
0.0
0.00636942675159
0.0485436893204
0.024154589372
0.0277777777778
0.0379746835443
0.196581196581
0.0
0.0104166666667
0.0801886792453
0.0410256410256
0.0659898477157
0.109195402299
0.0136054421769
0.025974025974
0.0388349514563
0.0884353741497
0.0294117647059
0.0175438596491
0.0117647058824
0.0106382978723
0.0263157894737
0.0277777777778
0.00819672131148
0.0
0.0
0.00413223140496
0.0661157024793
0.0
0.00740740740741
0.0024154589372
0.00760456273764
0.0
0.00747384155456
0.00293255131965
0.0145631067961
0.00865800865801
0.0
0.0105124835742
0.019512195122
0.00109529025192
0.0
0.0084388185654
0.0159292035398
0.0383729854183
0.0142743854084
0.0195599022005
0.0404624277457
0.0360610263523
0.00576368876081
0.00133689839572
0.00256629597947
0.00293470286134
0.0
0.0
0.0
0.00346020761246
0.0109090909091
0.0162271805274
0.00346820809249
0.0223166843783
0.00506756756757
0.0121951219512
0.023178807947
0.0244648318043
0.0199203187251
0.0455089820359
0.00251572327044
0.0139470013947
0.0
0.014440433213
0.0347648261759
0.0176151761518
0.0416666666667
0.013437849944
0.0359897172237
0.0296052631579
0.0180995475113
0.0851581508516
0.021978021978
0.0148205928237
0.0155279503106
0.0316622691293
0.0594827586207
0.0217391304348
0.036641221374
0.017094017094
0.0555555555556
0.0116429495472
0.0262295081967
0.00100401606426
0.0179948586118
0.0611620795107
0.024
0.0623655913978
0.00266666666667
0.0284653465347
0.0336134453782
0.0503875968992
0.0875232774674
0.0228802153432
0.0459641255605
0.028384279476
0.0577200577201
0.0339943342776
0.0541125541126
0.0866666666667
0.059275521405
0.0610169491525
0.0603732162459
0.0642954856361
0.0535117056856
0.0164705882353
0.0443786982249
0.0388151174668
0.0307529162248
0.0460385438972
0.0387965162312
0.0307203389831
0.0255681818182
0.0221238938053
0.0188679245283
0.0770392749245
0.054892601432
0.0456026058632
0.105263157895
0.141486810552
0.125
0.047268907563
0.0725490196078
0.080156402737
0.0720461095101
0.072380952381
0.0903010033445
0.138173302108
0.0359550561798
0.0742857142857
0.0254957507082
0.0471014492754
0.0155440414508
0.0245901639344
0.0452488687783
0.0474137931034
0.0518134715026
0.00684931506849
0.0496453900709
0.175732217573
0.078125
0.00826446280992
0.103703703704
0.0350877192982
0.025641025641
0.05
0.1
0.030303030303
0.030303030303
0.0
0.0
0.0131578947368
0.166666666667
0.0
0.1
0.0555555555556
0.0648148148148
0.131034482759
0.0901639344262
0.0914634146341
0.130630630631
0.0234375
0.0707547169811
0.0539906103286
0.115151515152
0.0874074074074
0.102062975027
0.0883905013193
0.0561797752809
0.0566037735849
0.0688405797101
0.0915492957746
0.059793814433
0.0638085742772
0.078031212485
0.04
0.0921985815603
0.118193891102
0.0674002751032
0.0928381962865
0.0879689521345
0.0546875
0.0485074626866
0.0646900269542
0.0591327201051
0.0651933701657
0.0678952473327
0.0827517447657
0.0789022298456
0.0580204778157
0.0883054892601
0.0907780979827
0.072049689441
0.0895104895105
0.0909090909091
0.125912408759
0.0313901345291
0.0756501182033
0.0992167101828
0.0373027259684
0.0667490729295
0.0909090909091
0.122699386503
0.106896551724
0.15559772296
0.123422159888
0.103139013453
0.111263736264
0.0879265091864
0.138747884941
0.130434782609
0.176886792453
0.139130434783
0.150141643059
0.083850931677
0.0698924731183
0.0672268907563
0.0872093023256
0.105960264901
0.0910815939279
0.109202453988
0.194719471947
0.118644067797
0.13269493844
0.0825958702065
0.163120567376
0.0708333333333
0.0623342175066
0.142653352354
0.128427128427
0.0824324324324
0.131428571429
0.162393162393
0.124253285544
0.178082191781
0.14364640884
0.145658263305
0.0807600950119
0.100609756098
0.169977924945
0.139800285307
0.170487106017
0.130146082337
0.123205741627
0.102941176471
0.153846153846
0.089485458613
0.145616641902
0.172910662824
0.180147058824
0.124076809453
0.190926275992
0.183023872679
0.205240174672
0.143016759777
0.149948293692
0.152477763659
0.174242424242
0.107784431138
0.206730769231
0.18836565097
0.175925925926
0.199551569507
0.154888673766
0.0906690140845
0.163900414938
0.114503816794
0.21271393643
0.115942028986
0.127098321343
0.125240847784
0.135483870968
0.129824561404
0.19512195122
0.193370165746
0.123036649215
0.0848056537102
0.126213592233
0.0606060606061
0.103174603175
0.0
0.0149253731343
0.131782945736
0.109489051095
0.136
0.0869565217391
0.0574712643678
0.0519480519481
0.161764705882
0.0621761658031
0.0774907749077
0.0530303030303
0.0746268656716
0.0940170940171
0.0666666666667
0.1
0.0176991150442
0.107142857143
0.118694362018
0.182456140351
0.0948275862069
0.0584415584416
0.1125
0.0616438356164
0.136075949367
0.126153846154
0.154696132597
0.134275618375
0.0353982300885
0.16384180791
0.159722222222
0.12084592145
0.193298969072
0.116
0.149659863946
0.133720930233
0.212765957447
0.0932475884244
0.110266159696
0.0880503144654
0.165217391304
0.113496932515
0.0469798657718
0.0840707964602
0.115555555556
0.233695652174
0.129032258065
0.075
0.164285714286
0.025
0.0918367346939
0.1875
