0.666666666667
0
0
0
0
0
0
0.2
0.333333333333
0.0
0.0
0.222222222222
0.0
0.0
0.2
0.0
0.0
0.0
0.0
0.0
0.0
0.0
0.0
0.0
0
0.0
0.5
0
1.0
0
1.0
0.0
0.0
0.0
0.0
0.0
0.0
0.0
0.0
0.0
0.0
0.0
0.0
0.0
0.166666666667
0.0
0.0
0.0
0.0
0
0.5
0
1.0
0
0
0
0.142857142857
0.0
0.0
0.0
0.0
0.0
0.0
0.0
0.0
0.0
0.0
0.0
0.333333333333
0.0
0.0
0.0
0.0
0
0
1.0
0
0
0
1.0
0.5
0.0
0.4
0.0
0.0
0.0
0.0
0.0
0.0
0.0
0.0
0.0
0.0
0.5
0.666666666667
0.0
0
0
0
0
1.0
0
0
1.0
0.5
0.0
0.6
0.0
0.0
0.0
1.0
1.0
0.0
0.0
0.0
0.0
0.0
0.0
0.285714285714
0.0
0
0.0
0.0
0
0
0
0
1.0
0.0
0.0
0.0
0.0
0.0
0.0
0.0
0.0
0.0
0.0
0.0
0.0
0.0
0.0
0.0
0.0
0.0
1.0
0.0
0
0
0
0
0
0.142857142857
0.0
0.0
0.333333333333
0.0
0.0
0.0
0.0
0.0
0.0
0.0
0.0
0.0
0.0
0.0
0.0
1.0
0.0
0.0
0
0
0
1.0
0.4
0.0
0.0
0.0344827586207
0.0
0.0357142857143
0.0
0.0
0.0
0.0
0.0
0.0
0.0
0.0
0.0
0.0
0.0
0.0
0.0
0.0
0
1.0
0
0
1.0
0.0
0.0
0.0
0.0
0.0
0.0666666666667
0.368421052632
0.0
0.0
0.0
0.0
0.0
0.0
0.0
0.0
0.0
1.0
0.0
0.0
1.0
0
0
0.666666666667
0.0
0.0
0.136363636364
0.416666666667
0.416666666667
0.0
0.0
0.0
0.0
0.0
0.0
0.0
0.0
0.0
0.0
0.0
0.0
0.0
0.0
0
0.0
0
1.0
0.0
0.5
0.0
0.222222222222
0.0
0.375
0.0
0.0
0.0
0.428571428571
0.08
0.0
0.0
0.285714285714
0.0
0.0
0.0
0.0
0.0
0.0
0
0
0
0
1.0
0.0
0.0
0.125
0.0
0.0
0.0
0.0
0.0
0.333333333333
0.0
0.0
0.0
0.0
0.0
0.0
0.0
0.0
0.0
0.0
1.0
0.0
0
0
0
0.666666666667
0.0
0.0
0.5
0.0
0.0
0.214285714286
0.0
0.0
0.285714285714
0.0
0.0
0.0
0.0
0.0
0.0
0.0
0.0
0.0
0
0
1.0
0
0.2
0.0
0.0
0.0
0.0
0.25
0.0
0.05
0.0
0.0
0.0
0.0
0.0
0.0
0.0
0.0
0.0
0.0
0.0
0.0
0.0
0
0
0
1.0
0.333333333333
0.0
0.0
0.0666666666667
0.0
0.0
0.0
0.0
0.0
0.0
0.0
0.0
0.0
0.333333333333
0.0
0.0
0.0
0.0
0.0
0
0
0
0
1.0
0.5
0.0
0.0
0.176470588235
0.0
0.0
0.0
0.0
0.0
0.0
0.0
0.0
0.0
0.0
0.0
0.0
0.0
0.0
0.0
0.0
0
0.0
0.0
0.0
1.0
0.125
0.0
0.047619047619
0.0
0.0
0.272727272727
0.133333333333
0.0833333333333
0.0
0.0
0.0
0.0
0.0
0.0
0.0
0.0
0.0
0
0
0
0
1.0
0
0.333333333333
0.0
0.0
0.0
0.0
0.0
0.0
0.0
0.0
0.0
0.0
0.0
0.0
0.0
0.0
0.0
0
0.0
0.0
0
1.0
0
0
0
1.0
0.5
0.0
0.0
0.0
0.0
0.0
0.0
0.0
0.0
0.333333333333
0.0
0.142857142857
0.0
0.0
0.0
0.0
0.0
0.0
0
1.0
0
0
0.5
0.0
0.2
0.0
0.0
0.0
0.0
0.0
0.222222222222
0.1
0.0
0.0
0.0
0.0
0.0
0.0
0.0
0.0
0.0
0.0
0.0
0.0
0
0
0.5
0.0
0.0
0.0
0.210526315789
0.0
0.0
0.0
0.0
0.0
0.0
0.0
0.0
0.0
0.0
0.0833333333333
0.0
0.0
0.0
0
0.0
0
0
0
1.0
0.0
0.0
0.0
0.0
0.0
0.0
0.111111111111
0.294117647059
0.0
0.0
0.0
0.0
0.0
0.0
0.0
0.0
0.0
0.0
0.0
0.0
0
1.0
0
1.0
0.0
0.263157894737
0.0
0.2
0.0
0.0
0.0
0.0
0.0
0.0
0.0
0.0
0.0
0.0
0.0
0.0
0.0
0.0
0.0
0.0
0
0
0
1.0
0.5
0.0
0.0
0.0
0.0
0.0
0.0625
0.0
0.3125
0.0
0.0
0.0
0.0
0.0
0.0
0.0
0.0
0.0
0.0
0
0.0
0.0
0.0
1.0
0.0
0.0
0.0
0.0
0.0
0.0
0.0
0.0
0.0
0.0
0.0
0.0
0.0
0.0
0.0
0.0
0.0
0.0
0.0
0.0
0.0
0.0
0
0.5
0
1.0
0.0
0.0
0.111111111111
0.0
0.0
0.0
0.0
0.0
0.0
0.0
0.0
0.0
0.0
0.333333333333
0.0
0.0
0
0
1.0
0
1.0
0
0
0.25
0.0
0.0
0.0
0.2
0.0
0.142857142857
0.0
0.0
0.0
0.0
0.0
0.0
0.0
0.0
0.0
0.0
0.0
0.0
0.0
0.0
0.0
0
0.0
0.0
0.0
0.0
0.0
0.0
0.0909090909091
0.0
0.0909090909091
0.0
0.0
0.0
0.0
0.166666666667
0.0
0.0
0.0
0.0
0.0
0.0
0.0
0
0
0
0.5
0.0
0.0
0.1875
0.0
0.0
0.0
0.0
0.0
0.0
0.0
0.0
0.0
0.0
0.375
0.142857142857
0.0
0.0
0
0.0
0.0
0
0
0
0.5
0.0
0.0
0.0
0.0
0.0
0.0
0.0
0.0
0.0
0.0
0.0
0.0
0.0
0.0
0.0
0.0
0.0
0
0.0
0
1.0
0.0
0.0
0.0
0.0
0.0
0.0
0.0
0.0
0.0
0.0
0.0
0.0
0.0
0.0
0.0
0.0
0.0
0.0
0.0
0.0
0.0
0
0
0
0
0
0.666666666667
0.0
0.106382978723
0.642857142857
0.4
0.846153846154
0.277777777778
0.388888888889
0.470588235294
0.285714285714
0.0
0.0
0.0
0.0
0.0
0.0
0.0
0.0
0
0.0
0.0
0.0
0
0
1.0
0.0
0.0
0.0
0.0
0.25
0.0
0.0
0.0
0.0
0.0
0.0
0.0
0.0
0.0
0.0
0.0
0
0.0
0
0
0
0
0
1.0
0
1.0
0.0
0.0
0.0
0.2
0.0
0.0
0.0
0.0
0.0
0.0
0.0
0.0
0.0
0.0
0.0
0.0
0.0
0
0.0
0.0
1.0
0.5
0.0
0.0
0.0
0.111111111111
0.0
0.0
0.0
0.0
0.0
0.0
0.0
0.0
0.111111111111
0.0
0.0
0.0
0.0
0.0
0.0
0
0
0.5
0.0
0.333333333333
0.25
0.0
0.0
0.0
0.0
0.0769230769231
0.0666666666667
0.0
0.0
0.0
0.0
0.0
0.25
0.0
0.0
0.0
0.0
0.0
0.0
0.0
0
1.0
0.333333333333
0.0
0.0
0.0
0.0
0.0
0.0
0.0
0.0
0.0
0.0
0.0
0.0
0.0
0.0
0.0
0.0
0.0
0.0
0.0
0
0
0
0
1.0
0.0
0.0
0.0
0.222222222222
0.0
0.0
0.0
0.0555555555556
0.3125
0.0
0.0
0.0
0.0
0.0
0.0
0.0
0.0
0.0
0.0
0
0.0
0.0
0.0
0.0
0.0
0.0
0.0
0.2
0.0
0.0
0.0769230769231
0.0
0.166666666667
0.0
0.0
0.0
0.0
0.166666666667
0.0
0.0
0.0
0.0
0.0
0
1.0
0
0
0
1.0
1.0
0.0
0.0
0.0
0.166666666667
0.0
0.0
0.333333333333
0.0
0.0
0.0
0.285714285714
0.0
0.0
0.0
0.0
0.0
0.0
0
0
0
1.0
0
0
0.666666666667
0
0.25
0.0
0.0
0.111111111111
0.0
0.181818181818
0.0
0.0
0.0
0.0
0.0
0.0
0.0
0.0
0.0
0.0
0.0
0
0.0
0
0.0
0.0
0.0
0.0
0.0
0.0
0.1
0.5
0.444444444444
0.0
0.0
0.0
0.0
0.0
0.25
0.0
0.0
0.0
0.0
0.0
0.0
0.0
0.0
0
0.0
0.25
0.0
0.0
0.0
0.0
0.0
0.0
0.0
0.0
0.0
0.0
0.0
0.0
0.0
0.0
0.0
0.0
0.0
0.0
0.0
0.0
0
1.0
0
0.333333333333
0.0
0.0
0.0714285714286
0.0
0.0
0.0
0.0
0.0
0.0
0.0
0.0
0.333333333333
0.0
0.2
0.0
0.0
0.0
0
0
0.5
0.0
0
0
1.0
0.0
0.0
0.0
0.0
0.166666666667
0.0
0.0
0.0
0.0
0.0
0.0
0.142857142857
0.0
0.0
0.0
0.0
0.0
0.0
0.0
0.0
0
0
0
0.5
0.0
0.285714285714
0.0
0.0
0.0
0.0
0.0
0.0
0.0
0.0
0.0
0.0
0.0
0.0
1.0
0.333333333333
0
0
0
0
0
0
0
0
1.0
0
0.5
0.0
0.0
0.0
1.0
0.666666666667
0.0
0.0
0.0
0.0
0.0
0.0
0.0
0.5
0.0
0
0
1.0
0
0
0
1.0
0
1.0
0.0
0.0
0.25
0.5
0.0
0.0
0.333333333333
0.0
0.0
0.0
0.0
0.0
0.0
0.0
0.0
1.0
1.0
0
0
0
0
0.333333333333
0.0
0.0
0.0
0.0
0.25
0.0
0.0
0.0
0.0
0.0
0.0
0
0.0
0.0
0.0
0.0
0.0
0.0
0.0
0
0.0
1.0
0
0.333333333333
0.0
0.0
0.0
0.0
0.0
0.0
0.125
0.0
0.0
0.0
0.0
0.0
0.0
0.0
0.0
0
0.0
0
1.0
0
0
0
1.0
0.5
0.0
0.0
0.0
0.0
0.0
0.0
0.0
0.0
0.0
0.0
0.0
0.0
0.0
0.0
0.0
0.0
0.0
0.0
0
0
0
1.0
0
0.25
0.0
0.0
0.0
0.0
0.0
0.0
0.0
0.0
0.0
0.0
0.0
0.0
0.0
0.0
0.0909090909091
0.0
0.0
0.0
0.0
0
0
1.0
0
0
0.833333333333
0.170731707317
0.0
0.0
0.0
0.0
0.0
0.0
0.0
0.0
0.0
0.0
0.0
0.0
0.0
0.0
0.0
0.0
0.0
0
1.0
0
1.0
0
0.666666666667
0.0833333333333
0.0
0.0
0.0
0.0
0.0
0.0
0.0
0.0
0.0
0.0
0.0
0.0
0.0
0.0
0.0
0.0
0.0
0
0
0.5
0
0
1.0
0.0
0.0
0.0
0.0
0.0
0.0
0.0
0.0
0.0
0.0
0.0
0.0
0.0
0.0
0.0
0.0
0.0
1.0
0.0
0
0.5
0.5
0.0
0.0
0.0
0.0
0.0
0.0
0.0
0.0
0.0
0.0
0.0
0.02
0.1
0.0
0.0
0.0
0.0
0.0
0.0
0
0.5
0
0
0
0.333333333333
0.0
0.0
0.0
0.0
0.0
0.0
0.0
0.0
0.0
0.0
0.480769230769
0.0
0.0
0.0
0.0
0.0
0.0
0.0
0.5
0.0
0.5
1.0
0
0.25
0.0
0.0
0.0
0.0
0.0
0.0
0.0
0.0
0.0
0.0
0.0
0.0
0.0
0.0
0.0
0.0
0.0
0.0
0.0
0
0
0
0
0.2
0.0
0.0
0.0
0.0
0.0
0.0
0.0
0.0
0.0
0.0
0.0
0.0
0.0
0.0
0.0322580645161
0.0
0.0
0.0
0.0
0.0
0
1.0
0.666666666667
0.0
0.0
0.0
0.0
0.0
0.0
0.0
0.0
0.0
0.0
0.0
0.0
0.0
0.0
0.0
0.0
0.0
0.0
0.0
0.0
0.0
0.0
0
0
0
1.0
0.0
0.0
0.0
0.0
0.0
0.0
0.0
0.0
0.0
0.0
0.0
0.0
0.0
0.0
0.0
0.0
0
0.0
0.0
0
0
1.0
0
0
0.5
0.0
0.0
0.0
0.0
0.0
0.0
0.0
0.0
0.0
0.0
0.0
0.0
0.0
0.0
0.0
0.0
0.0
0
0
1.0
0
0.5
0.0
0.0
0.0
0.0
0.0
0.0
0.0
0.0
0.0
0.0
0.0
0.0
0.0
0.0
0.0
0.0
0.0
0.0
0.0
0.0
0.0
0
0.0
0.0
0.0
0.0
0.0
0.0
0.0
0.0
0.0
0.0
0.0
0.0
0.0
0.0
0.0
0.016393442623
0.0714285714286
0.0
0.0
0.0
0.0
0.0
0.0
0.0
0.0
0.4
0.0
0.0851063829787
0.0
0.0
0.0
0.0
0.0
0.0
0.0
0.0
0.0
0.0
0.0
0.0
0.0
0.0
0.0
0.0
0.0
0.0
0
0.0
0.0
0.0
0.0
0.0
0.0
0.0
0.0
0.0
0.0
0.0
0.0
0.0
0.0
0.0
0.0
0.0
0.0
0.0
0.0
0.0
0.0
0.0
0.0
0.0
0.25
0.0
0.0
0.0
0.0
0.0
0.0
0.0
0.0
0.0
0.0
0.0
0.0
0.0
0.0
0.0
0.0
0.0
0.0
0.0
0.0
0
0.5
0
0
0
0.2
0.0
0.0
0.0
0.0
0.0
0.0
0.0
0.0
0.0
0.0625
0.0
0.0
0.0
0.0
0.0
0.0
0.0
0.0
0.0
0
0
0
1.0
0.0
0.111111111111
0.0
0.0
0.0357142857143
0.0
0.0
0.0
0.0
0.0
0.0
0.0
0.0
0.0
0.0
0.0
0.0
0.0
0.0
0.0
0.0
0.0
0.0
1.0
0.0
0.0
0.0
0.0
0.0
0.0
0.33
0.0
0.0
0.0
0.0
0.0
0.0
0.0
0.0
0.0
0.0
0.0
0.0
0.0
0.0
0.0
0
0.111111111111
0.0
0.0
0.0
0.0
0.134020618557
0.0
0.0776699029126
0.0
0.0
0.0
0.0348837209302
0.00990099009901
0.0
0.0
0.0
0.0
0.0
0.0
0.0
0.0
0.0
0.0
0.0
0.0
0.0
0.0
0.0
0.0
0.0353982300885
0.0
0.0
0.0405405405405
0.0104166666667
0.0
0.0
0.0854700854701
0.0
0.0
0.0
0.0
0.0
0.0
0.0
0.0
0.0
0
0.5
0.0
0.0606060606061
0.0
0.0918367346939
0.0
0.0
0.0
0.0
0.0
0.19
0.0
0.0
0.0
0.0
0.0
0.0
0.0
0.0
0.0
0.0
0.0
0.0
0.0
1.0
0.0
0.0
0.0
0.0729166666667
0.0
0.0
0.0
0.0
0.0
0.0
0.0
0.0
0.0
0.0
0.0
0.0
0.0
0.0
0.0
0
0
1.0
1.0
1.0
0.0
1.0
0.0
0.125
0.0
0.0
0.0
0.0
0.0
0.0
0.0
0.0454545454545
0.0
0.0
0.0
0.0
0.0
0.0
0.0
0.0
0
0
1.0
1.0
0.0
0.0
0.0
0.0
0.0
0.0
0.0
0.0
0.0192307692308
0.0
0.0
0.0
0.0
0.0
0.0
0.0133333333333
0.0
0.0
0.0
0.0
0.0
0.0
0.0
0.0
0.0
0.0
0.0
0.0
0.0
0.0
0.0
0.0
0.0
0.0
0.0
0.0
0.0
0.0
0.0
0.0
0.0
0.0
0.0
0.0
0.0
0.0
0.0
0.0
0.0
0.0
0.0
0.0
0.0
0.0
0.0
0.0
0.0
0.0
0.0
0.0
0.0
0.0
0.0
0.0
0.0
0.0
0.0
0.0
0.0
0.0
0.0
0.0
0.0
0.0
0.0
0.0
0.0
0.0
0.0
0.0
0.0
0.0
0.0
0.0
0.0
0.0
0.0
0.0
0.0
0.0
0.0
0.0
0.0
0.0
0.0
0.0
0.0
0.0
0.0
0.0
0.0
0.0
0.0
0.0
0.0
0.0
0.0
0.0
0.0
0.0
0.0
0.0
0.0
0.0
0.0
0.0
0.0
0.0
0.0
0.0
0.0
0.0
0.0
0.0
0.0
0.0
0.0
0.0
0.0
0.0
0.0
0.0
0.0
0.0
0.0
0.0
0.0
0.0
0.0
0.0
0
0
0
1.0
1.0
0.125
0.0
0.0
0.125
0.0
0.125
0.0666666666667
0.0
0.0
0.0
0.0
0.0
0.142857142857
0.230769230769
0.0
0.0
0.0
0.0
0.0
0.0
0
0
0
0.666666666667
0.0
0.0
0.0
0.0
0.105263157895
0.0
0.0
0.0
0.0
0.0540540540541
0.0
0.0
0.0
0.0625
0.0
0.0
0.0
0.0
0.0
0.0
0.0
0.0
0.25
0.0
0.0
0.0
0.0
0.0
0.0
0.0
0.0
0.0
0.0
0.0
0.140625
0.0
0.0
0.0
0.0
0.0
0.0
0.0
0.0
0.0
0.0
0.0
1.0
0.0
0.107142857143
0.0
0.0
0.0
0.0
0.0208333333333
0.0
0.0
0.0
0.0
0.0
0.0
0.0
0.0
0.0
0.0
0.0
0.0
0.0
0.0
0
0.5
0.5
0.75
0.025641025641
0.0
0.0
0.0
0.0
0.0
0.0
0.0
0.0
0.0
0.0
0.0
0.0
0.012987012987
0.0
0.0
0.0
0.0
0.0
0.0
0
0.0
0.0
0.470588235294
0.0
0.0909090909091
0.0
0.0
0.0
0.0
0.0
0.0
0.0
0.0
0.0
0.0
0.0
0.0
0.0
0.0
0.0
0.0
0.0
0.0
0.0
0.0
1.0
0.166666666667
0.0
0.130434782609
0.0
0.0
0.0
0.0
0.0
0.0
0.0
0.0
0.0
0.0
0.0
0.0
0.0
0.142857142857
0.0
0.0
0.0
0
0.0
0.0
0
0.0
0.0
0.0
0.333333333333
0.0
0.0
0.0
0.0
0.0
0.0952380952381
0.0
0.0625
0.047619047619
0.0
0.0
0.0
0.0
0.0
0.0
0.0
0.0
0.0
0.0
0
0.6
0.0
0.0
0.0
0.15
0.0
0.0555555555556
0.0833333333333
0.0217391304348
0.0754716981132
0.0
0.0
0.0
0.0
0.0344827586207
0.0704225352113
0.0
0.0
0.0
0.0
0.0
0.0
0.0
0.0
0.0
0.0
0.0645161290323
0.0
0.0
0.0
0.0
0.0
0.0
0.0
0.0
0.0
0.0757575757576
0.0
0.0348837209302
0.0
0.0166666666667
0.0
0.0
0.0
0.0
0.0
0.0
0.0
0.0
0.0
0.0
0.0
0.0
0.0
0.0
0.0
0.125
0.0
0.0
0.0
0.0
0.140845070423
0.0
0.0
0.0
0.0
0.0
0.0
0.0
0.0
0.0
0.0
0.166666666667
0.0
0.0
0.0
0.214285714286
0.0
0.0
0.127659574468
0.0
0.0
0.0
0.0
0.0
0.0
0.0
0.0
0.0
0.0
0.0
0.0
0.0
0.0
0.0
0.0
0.111111111111
0.0
0.0
0.0
0.0
0.0
0.0
0.0
0.0
0.0
0.0
0.0
0.0
0.0
0.0
0.0
0.0
0.0
0.0
0.0
0.0
0.0
0.0
0.0
0.0
0.0
0.0
0.0
0.0
0.0
0.0
0.0
0.0
0.0
0.0
0.0
0.0
0.0
0.0
0.0
0.0
0.0
0.0
0.0
0.0
0.0
0
0.0
0.0
0.0
0.0
0.0
0.0
0.0
0.0
0.0625
0.411764705882
0.0
0.0
0.0
0.0
0.0
0.0
0.0
0.0
0.0
0.0
0.0
0.0
0.0
0
1.0
0.5
0.0
0.0
0.0
0.0
0.157894736842
0.0
0.0
0.0
0.0
0.0238095238095
0.0
0.119047619048
0.0
0.0
0.0
0.0
0.0
0.0
0.0
0.0
0.0
1.0
0.666666666667
0.166666666667
0.0
0.0
0.0
0.0
0.0
0.0
0.0434782608696
0.0
0.0
0.0
0.0188679245283
0.0483870967742
0.0
0.0612244897959
0.0
0.0
0.0
0.0
0.0
0.0
0.0
1.0
0.0
0.181818181818
0.0
0.0
0.02
0.0
0.0
0.0
0.0
0.0
0.0
0.0
0.0
0.0
0.0
0.0
0.025
0.0
0.0
0.0
0.0
0.0
0.0
0.0
0
0.625
0.0
0.0
0.0
0.0
0.0
0.0
0.0
0.0
0.0
0.0
0.0
0.0
0.0
0.0
0.0
0.0
0.0
0.0
0.0
1.0
1.0
0
0.5
0.0
0.0454545454545
0.0
0.0
0.0
0.0625
0.0
0.0
0.0
0.0
0.0
0.0
0.0
0.0
0.0
0.0
0.0
0.0
0.0
0.0
0.0
0.0
0
0.0
0.0
0.0
0.0
0.05
0.0
0.0588235294118
0.0
0.03125
0.0
0.0
0.0
0.0
0.0
0.0
0.0
0.0
0.0
0.0
0.0
0.0
0.0
0.0
0
0
0.5
0.0
0.0
0.0
0.0
0.0
0.454545454545
0.0
0.0
0.0952380952381
0.0
0.0555555555556
0.0
0.0
0.0
0.0
0.0
0.0
0.0
0.0
0.0
0
0.0
0.333333333333
0.0
0.0
0.125
0.0
0.0
0.0
0.380952380952
0.0
0.285714285714
0.0
0.0
0.0
0.0645161290323
0.0943396226415
0.0
0.0
0.0
0.0
0.0
0.0
0.0
0.0
0.5
0.0
0.0833333333333
0.0526315789474
0.0
0.0
0.0
0.0819672131148
0.0487804878049
0.0
0.107142857143
0.0
0.0
0.0327868852459
0.0
0.046511627907
0.0
0.0
0.0
0.0
0.0
0.0
0.0
0.0
0.0
0.0
0.0
0.0
0.0
0.0925925925926
0.0
0.0
0.0
0.027397260274
0.0
0.0
0.0
0.0
0.0
0.0
0.0
0.0
0.0
0.0
0.0
0.0
0.0
0.0
0.0
0.0
0.0
0.0
0.0
0.0
0.0
0.0
0.0
0.0192307692308
0.0
0.0
0.0
0.0
0.0515463917526
0.0
0.0
0.0
0.0
0.0
0.0
0.0
0.0
0.0
0.0
0.0
0.0
0.0
0.0
0.0
0.0
0.0
0.0
0.0
0.0
0.0
0.0
0.0
0.0
0.152941176471
0.0
0.0
0.0
0.0
0.0
0.0
0.0
0.0
0.0
0.0
0.0
0.0
0.0652173913043
0.0
0.0
0.0
0.0
0.21935483871
0.0277777777778
0.0
0.0
0.0
0.0
0.0
0.0
0.0
0.0
0.0
0.0
0.25
0.0
1.0
0
0.75
0.0
1.0
0.714285714286
0.0
0.0
0.0
0.0
0.0
0.0
0.0
0.121212121212
0.0
0.0
0.0833333333333
0.0
0.0
0.0
0.0
0.0
0.0
0.0
0
0
0
0.0
0.0
0.0
0.0
0.0
0.0
0.0
0.0
0.0975609756098
0.0
0.0
0.0
0.0
0.0
0.0
0.0
0.0
0.0
0.0
0.0
0.0
0.0
0.0
0.0
0.181818181818
0.0
0.0
0.0
0.0
0.0
0.0
0.0
0.0
0.0
0.0
0.0
0.0
0.0144927536232
0.0
0.0172413793103
0.0
0.0
0.0
0.0
0.0
0.0
0.0
0.0
0.0
0.425531914894
0.0
0.0
0.0
0.0
0.0
0.0
0.121951219512
0.0
0.0
0.0
0.0
0.0
0.0
0.0
0.0
0.0
0.0
0.0
0.0
0.0
0.0
0.0
0.0
0.0
0.166666666667
0.0
0.0
0.0
0.0
0.0
0.0
0.0
0.0
0.0
0.0
0.0
0.0166666666667
0.0
0.0
0.0
0.0
0.0
0.0
0.0
0.0
0.0
0.0
0.0
0.0
0.0
0.0
0.0
0.0
0.0
0.0
0.0
0.0
0.0
0.0
0.0
0.0508474576271
0.0392156862745
0.0
0.0
0.0
0.0
0.0
0.0
0.0
0.0
0.0
0.0
0.0
0.0
0.0
0.0
0.0
0.0
0.0365853658537
0.0
0.0
0.0
0.0
0.0
0.0392156862745
0.0
0.0
0.0
0.0
0.0
0.0
0.0
0
0.5
1.0
0.666666666667
0.0
0.0
0.0
0.0
0.0
0.0
0.0
0.0384615384615
0.0
0.0
0.0
0.0555555555556
0.0416666666667
0.0
0.0
0.0
0.0
0.0
0.0
0.0
0.0
0.0
0
0.0
0.0
0.0526315789474
0.0
0.037037037037
0.0384615384615
0.0
0.047619047619
0.0
0.0169491525424
0.133333333333
0.0350877192982
0.0192307692308
0.0384615384615
0.0
0.0
0.0
0.0
0.0
0.0
0.0
0.0
0.0
0.0
0.0
0.0
0.0
0.0
0.0
0.0166666666667
0.0
0.0461538461538
0.0
0.0
0.0
0.0
0.0
0.176470588235
0.0
0.0
0.0
0.0
0.0
0.0
0.0
0.5
0.0
0.0
0.0
0.0210526315789
0.0
0.0
0.0
0.0
0.0
0.0
0.0
0.0
0.0
0.0208333333333
0.0
0.0
0.0833333333333
0.0
0.0
0.0
0.0
0.0
0.0
0.0
0.0
0.0
0.0
0.0
0.0
0.0
0.0
0.0
0.191489361702
0.0
0.0
0.0
0.0697674418605
0.0
0.0
0.0
0.0
0.0
0.0
0.0
0.0
0.0
0.0
0.0
0.0
0.0
0.25
0.0
0.0
0.0
0.0
0.0
0.0
0.0
0.0
0.0
0.046511627907
0.0
0.0
0.0
0.0
0.0
0.0
0.0
0.0
0.0
0.0
0.0
0.2
0.0
0.0
0.111111111111
0.0333333333333
0.047619047619
0.0
0.0645161290323
0.0
0.0
0.0
0.0555555555556
0.0
0.166666666667
0.0
0.0
0.0
0.0
0.0
0.0
0.0
0.0
0.0
0
0
1.0
0.166666666667
0.0
0.0
0.0
0.0
0.0
0.176470588235
0.0
0.04
0.0
0.0
0.0
0.0
0.333333333333
0.0
0.0
0.0
0.0
0.0
0
1.0
1.0
0.0
0.0
0.0
0.0
0.0
0.333333333333
0.181818181818
0.0689655172414
0.030303030303
0.0769230769231
0.0714285714286
0.0
0.0
0.0588235294118
0.0
0.0188679245283
0.0
0.0
0.0
0.0
0.0
0.0
0.0
0.0
0.0
0.0
0.0
0.0
0.0
0.0
0.0
0.0
0.0652173913043
0.0
0.0
0.0540540540541
0.0
0.0
0.0
0.0
0.0
0.0
0.0
0.0
0.0
0.0
0.0
0.0
0.333333333333
0.2
0.145161290323
0.0961538461538
0.146341463415
0.0
0.0
0.0
0.0
0.120689655172
0.0
0.0
0.0
0.0
0.04
0.0
0.0
0.0
0.0
0.0
0.0
0.0
0.0
0.0
0.0
0.0
0.0
0.0
0.0
0.0
0.0
0.0
0.0192307692308
0.0434782608696
0.0
0.0862068965517
0.1
0.0
0.0
0.0
0.0
0.0
0.0
0.0
0.0
0.0
0.0
0.0
0.0
0.0
0.235294117647
0.0394736842105
0.0588235294118
0.0
0.0
0.0
0.0
0.0
0.0769230769231
0.0
0.0
0.0
0.0
0.0
0.0
0.0
0.0
0.0
0.0
0.0
0.5
0.25
0.0
0.0625
0.0606060606061
0.0
0.0561797752809
0.0
0.0
0.0
0.0357142857143
0.00990099009901
0.0
0.0
0.0
0.0
0.0
0.0
0.0869565217391
0.0
0.0
0.0
0.0
0.0
0.0
0.0
0.0
0.0
0.0
0.115384615385
0.0
0.15625
0.142857142857
0.0882352941176
0.0
0.0
0.0
0.0
0.0
0.0
0.0
0.0
0.0
0.0
0.0
0.0
0.0
0.0
0.0
0.0
0.0
0.2
0.0
0.0
0.0
0.0
0.0625
0.117647058824
0.208333333333
0.0
0.212121212121
0.0
0.191489361702
0.0701754385965
0.0
0.0
0.0
0.0
0.0
0.0
0.0
0.0
0.0
0.0
0.1
0.642857142857
0.0434782608696
0.0810810810811
0.0350877192982
0.0
0.0181818181818
0.0
0.0
0.0
0.0
0.0
0.0
0.0
0.0
0.0
0.0
0.0
0.0
0.0
0.0
0.0
0.0
0.0
0.0
0.0
0.223880597015
0.0
0.0615384615385
0.0
0.0909090909091
0.0
0.0
0.0689655172414
0.0
0.0
0.0
0.0
0.0363636363636
0.0
0.0
0.0
0.0
0.0
0.0
0.0
0.0
0.0
0.0
0.153846153846
0.0
0.0909090909091
0.0
0.0
0.0
0.0
0.0344827586207
0.0
0.0
0.0
0.0
0.0
0.125
0.0533333333333
0.0
0.0
0.0
0.0
0.0
0.0
0.0
0.2
0.0
0.0
0.258064516129
0.0882352941176
0.0
0.0
0.0
0.0
0.0877192982456
0.0869565217391
0.0
0.0
0.0909090909091
0.025641025641
0.0
0.0
0.0
0.0555555555556
0.0
0.0
0.272727272727
0.0
0.0
0.0
0.0
0.0
0.0588235294118
0.0222222222222
0.0
0.0
0.0
0.0
0.0
0.0
0.119047619048
0.0263157894737
0.0
0.0
0.0
0.0
0.0
0.0
0.0
0.0
0.0
0.0
0
0.0
0
0.625
0.0
0.0
0.0
0.0
0.0
0.0
0.0
0.0540540540541
0.0
0.258064516129
0.0
0.0967741935484
0.0
0.0
0.0740740740741
0.0
0.0
0.0
0.0
0.0
0.0
0.0
0.0
1.0
0.333333333333
0.0
0.0
0.0
0.0689655172414
0.0204081632653
0.0
0.125
0.0
0.0
0.0
0.046511627907
0.0
0.0
0.0
0.0
0.0
0.0
0.0
0.0
0.0
0.0
0.0
0.0
0.0
0.333333333333
0.0
0.0961538461538
0.04
0.118279569892
0.0
0.0
0.0
0.0597014925373
0.183333333333
0.0746268656716
0.0416666666667
0.0
0.0
0.0
0.0
0.0
0.0
0.0
0
0.25
0.0
0.0
0.108695652174
0.0
0.0
0.0
0.0
0.04
0.0
0.0
0.0
0.0
0.0
0.0
0.0925925925926
0.157894736842
0.0
0.0
0.0
0.0
0.0
0.0
0.0
0.5
0.0
0.0
0.0
0.0
0.0
0.0
0.0
0.0862068965517
0.0
0.0196078431373
0.0
0.101694915254
0.0
0.0
0.0
0.109589041096
0.12676056338
0.0
0.0
0.0
0.0
0.0
0.0
0.0
0.0
0.153846153846
0.0
0.0
0.0
0.0
0.027397260274
0.0
0.0
0.0
0.0
0.0540540540541
0.0
0.163265306122
0.0
0.0
0.0
0.0
0.0
0.0
0.0
0.0
0.0
0.75
0.0
0.0
0.12
0.0384615384615
0.0
0.0277777777778
0.0
0.0
0.0
0.0
0.0
0.0
0.0
0.0
0.0
0.0
0.0
0.0
0.0
0.0
0.0
0.0
0.0
0
1.0
0.0
0.0
0.0
0.0
0.0
0.0
0.0
0.0
0.0
0.0
0.0
0.0
0.0
0.0
0.0
0.0
0.0
0.0
0.0
0.0
0.0
0.0
0.0
0.0
0.285714285714
0.0
0.0
0.0
0.0
0.0333333333333
0.219512195122
0.0
0.0
0.0
0.0
0.0
0.0
0.0
0.0
0.0
0.0
0.0
0.047619047619
0.0
0.0
0.0
0.333333333333
0.0
0.0
0.0
0.0
0.0
0.0392156862745
0.0
0.0
0.0
0.0338983050847
0.0
0.0208333333333
0.0
0.0
0.013698630137
0.0
0.051724137931
0.0
0.0
0.0
0.0
0.0
0.0
0.0
0.1
0.0555555555556
0.25
0.04
0.0508474576271
0.0
0.0
0.1
0.269230769231
0.0
0.0
0.0
0.0
0.0
0.0
0.0434782608696
0.111111111111
0.0
0.0
0.0
0.0
0.0
0
0.0
1.0
0.25
0.0
0.0
0.0
0.0
0.0
0.178571428571
0.0
0.0967741935484
0.0
0.0
0.0
0.0
0.0434782608696
0.0
0.0434782608696
0.0
0.0
0.0
0.0
0.0
0.0
0
0.5
0.0
0.0909090909091
0.0
0.0
0.047619047619
0.0
0.133333333333
0.0344827586207
0.0
0.0
0.0666666666667
0.0
0.0
0.0
0.0
0.0
0.0
0.0
0.0
0.0
0.0
0.0
0.0
0.333333333333
0.2
0.0
0.0
0.4
0.0
0.0
0.0526315789474
0.0
0.129032258065
0.0
0.0
0.08
0.1
0.2
0.0
0.130434782609
0.0
0.0
0.0
0.0
0.0
0.0
0.0
0.0
0.285714285714
0.466666666667
0.0
0.0
0.210526315789
0.36
0.142857142857
0.0
0.0540540540541
0.0
0.0
0.0
0.0
0.107142857143
0.0
0.0909090909091
0.0
0.0
0.0
0.0
0.0
0.0
0.2
0.0
0.222222222222
0.0
0.176470588235
0.44
0.0
0.192307692308
0.333333333333
0.0833333333333
0.0
0.119047619048
0.0909090909091
0.0
0.0810810810811
0.0
0.0677966101695
0.0
0.0
0.0
0.0
0.0
0.0
0.0
0.0
0.2
0.166666666667
0.0
0.0
0.0
0.111111111111
0.0
0.0
0.0
0.0882352941176
0.0
0.0
0.0
0.0454545454545
0.0
0.051724137931
0.0
0.0
0.0
0.0
0.0
0.0
0.0
0.0
0.25
0.0952380952381
0.111111111111
0.0
0.0666666666667
0.0
0.0
0.0
0.0151515151515
0.0909090909091
0.0
0.0
0.103896103896
0.123456790123
0.25
0.0
0.0
0.0
0.0
0.0
0.0
0.0
0.0
0.25
0.0
0.0740740740741
0.181818181818
0.0
0.0
0.0
0.214285714286
0.0701754385965
0.0909090909091
0.0
0.0169491525424
0.169014084507
0.0
0.0352941176471
0.0
0.0
0.0
0.0
0.0
0.0
0.0
0.0
0.0
0.0
0.0
0.117647058824
0.0689655172414
0.230769230769
0.0909090909091
0.0
0.0363636363636
0.0
0.0
0.0
0.0
0.0
0.0705882352941
0.128712871287
0.0
0.0
0.0
0.0
0.0
0.0
0.0
0.0
0.0
0.0
0.3
0.2
0.102564102564
0.296875
0.0
0.0
0.0847457627119
0.0
0.0126582278481
0.0348837209302
0.0340909090909
0.0
0.0
0.0461538461538
0.0
0.0
0.0
0.0
0.0
0.0
0.0
0.0
0
0.0
0.666666666667
0.2
0.285714285714
0.153846153846
0.1
0.0
0.0
0.0
0.0384615384615
0.0
0.0
0.0
0.133333333333
0.0
0.210526315789
0.0
0.0
0.0
0.0
0.0
0.0
0.0
0.0
0.0
1.0
0.2
0.428571428571
0.25
0.210526315789
0.0
0.0344827586207
0.0714285714286
0.172413793103
0.0
0.0
0.03125
0.0285714285714
0.0294117647059
0.0
0.0714285714286
0.0
0.0
0.0
0.0
0.0
0.0
0.0
0.0
0.0
0.347826086957
0.0
0.0
0.0833333333333
0.0
0.0
0.0
0.0882352941176
0.178571428571
0.0
0.0
0.0
0.0
0.1
0.0
0.0
0.0
0.0
0.0
0.0
0.0
0.0
0.0
0.333333333333
0.0
0.285714285714
0.208333333333
0.0
0.0
0.0
0.037037037037
0.0
0.0
0.0
0.0
0.227272727273
0.0
0.153846153846
0.181818181818
0.0
0.0
0.0
0.0
0.0
0.0
0.0
0.0
0.153846153846
0.0
0.0
0.0
0.294117647059
0.1
0.111111111111
0.0
0.0
0.0
0.0
0.05
0.0
0.0
0.0
0.0
0.0
0.0
0.0
0.0
0.0
0
0.0
0.0
0.0
0.125
0.0
0.0
0.0
0.0
0.0
0.0
0.269230769231
0.0
0.0
0.047619047619
0.0
0.0
0.0
0.05
0.0
0.0
0.0
0.0
0.0
0.0
0.0
0.0
0.0909090909091
0.0
0.0
0.375
0.0
0.0
0.125
0.0833333333333
0.0
0.0
0.0
0.125
0.0
0.0666666666667
0.0
0.0
0.0
0.0
0.0
0.0
0.0
0.0
0
0
1.0
1.0
0.0
0.0
0.0
0.0
0.0
0.0
0.0
0.0
0.0
0.444444444444
0.0
0.0
0.625
0.0
0.0
0.0
0.0
0.0
0.0
0
0
0
1.0
0.666666666667
0.0
0.0
0.0
0.0
0.0
0.0
0.0
0.0
0.0
0.0
0.157894736842
0.2
0.0
0.0
0.0
0.0833333333333
0.0
0.0
0.0
0.0
0.0
0.0
0.5
0.0
0.4
0.0
0.0
0.0
0.0
0.285714285714
0.0909090909091
0.0
0.0
0.0
0.222222222222
0.0
0.0
0.0714285714286
0.0
0.0
0.0
0.0
0
0
0.0
0.333333333333
0.0
0.333333333333
0.0
0.4375
0.0
0.0
0.0555555555556
0.0666666666667
0.0
0.0
0.0
0.0
0.0
0.0909090909091
0.0
0.0
0.0
0.0
0.0
0.0
0
0.5
0.0
0
0.0
0.2
0.25
0.0
0.0
0.0
0.133333333333
0.0
0.0
0.0
0.0
0.0
0.0
0.0
0.0
0.0
0.0
0.0
0.0
0.0
0
0
0.0
0.0
1.0
1.0
0.416666666667
0.0
0.0
0.0
0.0
0.0
0.0
0.0
0.0
0.0
0.0
0.0
0.0
0.0
0.0
0.0
0.0
0.0
0
0.0
0
0
1.0
0.4
0.142857142857
0.0
0.0
0.0
0.0
0.0
0.0
0.0
0.0
0.0
0.333333333333
0.0
0.0
0.0
0.0
0.0
0.0
0.5
0
0
0
0
0
0
1.0
0.4
0.0
0.0
0.0
0.0
0.166666666667
0.0
0.333333333333
0.0
0.0
0.0
0.0
0.0
0
0.0
0.0
0.0
0
0
0.0
0
0
1.0
1.0
0.0
0.0
0.0
0.0
0.0
0.0
0.0
0.0
0.0
0.4
0.0
0.0
0.0
0.0
0.0
0
0
1.0
1.0
0
0
1.0
0
0.866666666667
0.166666666667
0.0
0.0
0.0
0.0
0.0
0.0
0.0
0.0
0.0
0.0
0.0
0
0.0
0
0.0
0
0
0
0
0
1.0
0
1.0
1.0
0.0
0.2
0.0
0.0
0.0
0.0
0.0
0.0
0.0
0.0
0.0
0
0.666666666667
0
0.333333333333
0.0
0.0
0
0
1.0
0
1.0
1.0
0.0
0.666666666667
0.0
0.75
0.0
0.2
0
0.0
0.0
0
0.0
1.0
0.0
0
0
1.0
0.0
0.0
0
0.0
0.0
0
0
1.0
1.0
1.0
0.333333333333
0.0
0
0.5
0.5
0.0
0.0
0.333333333333
0.0
0
0.0
0.0
0.0
0
0.0
0
0
0
0
0
0
0
1.0
1.0
0.333333333333
0.0
0
0.333333333333
0.5
0.0
0.0
0.0
0.0
0.0
0.0
0.0
0.0
0.0
0.0
0.0
0
0
0
0
0
1.0
0.0
0.0
0.0
0
0.5
0.333333333333
0.0
0.0
0.0
0.0
0
0.571428571429
0
0
0.0
0.0
0
0
1.0
0.5
0
0.0
0
0.0
0.0
0
0.25
0.0
0.0
0
0.0
0.0
0.0
0.0
0.0
0.0
0.5
0
0.0
0
1.0
0
1.0
1.0
0
0
1.0
0.333333333333
0.0
0.0
0.0
0.25
0.0
0.0
0.0
0.0
0.5
0.666666666667
0.4
0.0
0.0
0
0.0
0
0.0
0
0
0.0
0
0
0
1.0
0.5
0.0
0.166666666667
0.0
0.0
0.0
0.333333333333
0
1.0
1.0
0.0
1.0
0.0
0
1.0
0
0
0
1.0
0
0
1.0
0.0
1.0
0.0
0.0
0.5
0.0
0.0
0.0
0
0.0
0.0909090909091
0.0
0.0
0.0
0.0
0.333333333333
0.0
0.0
0.0
0
0
1.0
1.0
0
0
0
1.0
1.0
0.333333333333
0.0
0.0
0.0
0.333333333333
1.0
0.0
0.0
0.0
0.0
0.0
0
0.0
0.0
0.0
0
1.0
0
0
1.0
0
0.333333333333
0.333333333333
0.0
0.0
0.0
0.0
0.0
0.0
0.0
0.0
0.5
0.0
0.0
0.0
0.666666666667
0.0
0.0
0
0
0
0
0
1.0
1.0
0.0
1.0
0.25
0.5
0.5
0.0
0.0
0.0
0
0.0
0.0
0.0
0.0
0.0
0
0.333333333333
0.0
0
0
1.0
0.0
0
0
0
1.0
1.0
0.0
0.0
0.0
0.25
0.0
0.0
0.333333333333
0.0
0.25
0.0
0.0
0.142857142857
0.0
0
1.0
0
0
0
0
0
0
1.0
0.1
0.0
0.0
0.0
0.4
0.0
0.0
0.0
0.0
0.0
0.1
0.0
0.25
0.0
0.0
0.0
0.0
0
0.0
0
0
0
0
1.0
0.636363636364
0.0
0.0
0.0
0.153846153846
0.166666666667
0.0
0.0
0.0
0.0
0.0
0.333333333333
0.0
0.0
0.0
0.0
0.333333333333
0.0
0
0
1.0
0
0.0
0.333333333333
0.25
0.185185185185
0.25
0.0
0.238095238095
0.0
0.0
0.0
0.0
0.0
0.0
0.0
0.0
0.0
0.0
0.0
0.0
0
0
0
0
0
1.0
0.714285714286
0.4
0.411764705882
0.0
0.0285714285714
0.0
0.0
0.0
0.0
0.233333333333
0.0
0.0
0.315789473684
0.0
0.0
0.0
0.0
0.0
0
0
0
1.0
1.0
0.0
0.2
0.0
0.0
0.19512195122
0.0
0.0
0.0
0.0
0.0
0.0
0.0
0.0
0.0833333333333
0.0
0.0
0.0
0.0
0.0
0.0
0
0
0
1.0
1.0
0.666666666667
0.0
0.0
0.0
0.0
0.0
0.0
0.0
0.0
0.0
0.0
0.0
0.0
0.0
0.0
0.0
0.166666666667
0.0
0
0
0
0
0
0
1.0
0.857142857143
0.166666666667
0.0
0.5
0.0
0.0
0.0
0.0
0.0
0.0
0.0
0.0
0.0
0.0
0.0
0.0
0.0
0
0.0
0.0
0
0.0
0.333333333333
0.444444444444
0.0
0.2
0.0
0.0
0.0
0.0
0.117647058824
0.0
0.0
0.228571428571
0.0
0.0
0.0
0.0
0.0
0.0
0.0
0
0
0
1.0
0
0.666666666667
0.333333333333
0.703703703704
0.181818181818
0.0
0.0
0.0
0.0
0.0
0.0
0.0
0.0
0.0
0.0
0.0
0.0
0.0
0.0
0.0
0.0
0
0.0
0
1.0
1.0
0.181818181818
0.297297297297
0.0625
0.0
0.0
0.0
0.0
0.0196078431373
0.0
0.0
0.0444444444444
0.0
0.0
0.0
0.0
0.0
0.0
0.0
0.0
0.0
0.5
0.5
0.0
0.333333333333
0.6
0.494252873563
0.0
0.38
0.0
0.135593220339
0.0
0.0
0.0666666666667
0.0
0.0
0.0
0.0
0.0
0.0217391304348
0.0
0.0
0.0
0.0
0.0
0.0
0.0
1.0
0.6
0.578947368421
0.0
0.06
0.180722891566
0.0
0.0377358490566
0.0
0.0135135135135
0.0
0.0
0.0
0.0
0.0
0.0
0.0
0.0
0.0
0.0
0.0
0.0
0.0
0.0
0
0.0
0.166666666667
0.0
0.0909090909091
0.2
0.0
0.0588235294118
0.0
0.130434782609
0.0
0.0
0.0
0.0
0.0
0.0
0.0
0.0
0.0
0.0
0.0
0.0
0.0
0
0.0
0.5
0.0
0.6
0.117647058824
0.0
0.0869565217391
0.0789473684211
0.0
0.0
0.0454545454545
0.0
0.0
0.0
0.0
0.0
0.0
0.0
0.0
0.0
0.0
0
0
0.0
0.0
0.25
0.0
0.466666666667
0.0
0.0
0.0
0.102040816327
0.15625
0.0
0.075
0.0
0.0
0.0
0.0208333333333
0.117647058824
0.0
0.0
0.0
0.0
0.0
0.0
0.0
0.0
0.2
0.0
0.153846153846
0.0
0.111111111111
0.0
0.0
0.192307692308
0.0
0.125
0.046511627907
0.0
0.0277777777778
0.172413793103
0.0
0.0
0.027027027027
0.0
0.0
0.0
0.0
0.0
0
0
1.0
0.8
0.0769230769231
0.0
0.0
0.0322580645161
0.140350877193
0.0
0.114942528736
0.0
0.0
0.0
0.0
0.0574712643678
0.0
0.0
0.0
0.0
0.0
0.0
0.0
0.0
0.0
0.0
0.0
0.461538461538
0.666666666667
0.238095238095
0.222222222222
0.0
0.103448275862
0.15873015873
0.0
0.0526315789474
0.0
0.0
0.0227272727273
0.0
0.0
0.0
0.0
0.0
0.0
0.0
0.0
0
1.0
1.0
0.0
0.428571428571
0.0588235294118
0.111111111111
0.105263157895
0.426229508197
0.0
0.078125
0.0315789473684
0.0
0.0
0.0
0.0461538461538
0.0
0.0
0.266666666667
0.0
0.0
0.0
0.0
0.0
0.0
0
0.0
0.333333333333
0.0
0.0
0.166666666667
0.0909090909091
0.0
0.0
0.1875
0.0
0.0
0.0
0.0689655172414
0.0
0.0
0.115384615385
0.0
0.0
0.0
0.0
0.0
0
0.0
0
0
0
1.0
1.0
0.363636363636
0.125
0.0
0.25
0.172413793103
0.0
0.0
0.0
0.0
0.0
0.173913043478
0.0
0.0
0.166666666667
0.0
0.0
0.0
0.0
0.0
0.0
0.0
0.0
0.0
0.0
0.0
0.47619047619
0.0
0.0
0.173913043478
0.0
0.0
0.0
0.0
0.121951219512
0.0
0.178571428571
0.016393442623
0.0
0.0
0.0
0.0
0.0
0.0
0.0
0.0
0.0
0.6
0.478260869565
0.173913043478
0.027027027027
0.0
0.0
0.0851063829787
0.0
0.0
0.0
0.0
0.0
0.0
0.0
0.1
0.0
0.0
0.0
0.0
0.0
0.0
0.0
0.0
0.0
0
0.357142857143
0.192307692308
0.301369863014
0.0769230769231
0.0
0.0
0.195652173913
0.0
0.0
0.0
0.0
0.0
0.125
0.0
0.0185185185185
0.0
0.0
0.0
0.0
0.0
0.0
0
0.0
0.5
0.595744680851
0.0227272727273
0.0
0.0
0.0
0.0408163265306
0.0196078431373
0.0
0.0
0.0
0.02
0.0
0.0212765957447
0.0128205128205
0.0
0.0
0.0
0.0
0.0
0.0
0
0.0
0.0
0.5
0.222222222222
0.0
0.0606060606061
0.0
0.0
0.0
0.315789473684
0.0232558139535
0.0
0.0
0.0
0.0
0.0
0.0
0.142857142857
0.0
0.0
0.0
0
0
0.0
0
0.0
0.2
0.0
0.153846153846
0.142857142857
0.117647058824
0.0
0.0
0.0
0.0
0.0
0.0
0.0
0.0
0.0
0.0
0.0
0.0
0.0
0.0
0.0
0.0
0.0
0.0
0.0
0.0
0.285714285714
0.428571428571
0.117647058824
0.0
0.0416666666667
0.0869565217391
0.04
0.0
0.0833333333333
0.0
0.0
0.0
0.0
0.0
0.0
0.0
0.0
0.0
0.0
0.0
0.0
0.0
0.5
0.875
0.0666666666667
0.272727272727
0.147058823529
0.0
0.0
0.0
0.0
0.0
0.0
0.0
0.0
0.0
0.0
0.0430107526882
0.0
0.0
0.0
0.0
0.0
0.0
0.0
0.0
0.0
0.30303030303
0.681818181818
0.0
0.0
0.0
0.0
0.0
0.0
0.0
0.0
0.0
0.0
0.0
0.0
0.0
0.0
0.0
0.0
0.0
0.0
0
0.0
0.0
0
0.0
0.540540540541
0.0
0.0425531914894
0.031746031746
0.0153846153846
0.0
0.0
0.0
0.0298507462687
0.0149253731343
0.0
0.0
0.09375
0.0
0.0
0.0
0.0
0.0
0.0
0.0
0.0
0.0
0.0
0.0
0.568181818182
0.383333333333
0.0
0.0
0.0379746835443
0.0
0.0
0.027397260274
0.0
0.0
0.0
0.0566037735849
0.0
0.111111111111
0.0
0.0
0.0
0.0
0.0
0.0
0.0
0.4
0.0
0.444444444444
0.451612903226
0.0
0.0833333333333
0.144927536232
0.0
0.0909090909091
0.175438596491
0.0
0.0
0.0
0.0
0.0
0.0
0.0
0.0
0.153846153846
0.0
0.0
0.0
0
0
0
1.0
1.0
0.0
0.0
0.235294117647
0.0
0.0
0.157894736842
0.0384615384615
0.117647058824
0.0
0.0
0.16
0.0
0.0
0.0
0.0
0.0
0.0
0.0
0.0
0.0
0.0
0.0
0.0
0.0
0.0
0.0
0.333333333333
0.0
0.0
0.0
0.0344827586207
0.0
0.176470588235
0.0
0.0
0.0285714285714
0.255319148936
0.0
0.0
0.0
0.0
0.0
0.0
0.0
0.0
0
0
0.333333333333
0.818181818182
0.0
0.0512820512821
0.0
0.0243902439024
0.0
0.0
0.0
0.0
0.0
0.0
0.0208333333333
0.128205128205
0.02
0.0
0.0
0.0
0.0
0.0
0.0
0.0
0.0
0.0
0.269230769231
0.0
0.0
0.0
0.0243902439024
0.0
0.0263157894737
0.0833333333333
0.12
0.142857142857
0.0
0.22641509434
0.0
0.031746031746
0.0
0.0
0.0
0.0
0.0
0.0
0.0
0.0
0.0
0.0
0.0
0.166666666667
0.127659574468
0.225806451613
0.0
0.0888888888889
0.0
0.0434782608696
0.0
0.0
0.0
0.0
0.037037037037
0.0
0.0
0.0
0.0
0.0
0.0
0.0
0.0
0.0
1.0
0.0
0.52380952381
0.651162790698
0.05
0.0
0.063829787234
0.0
0.0
0.0
0.0
0.0
0.0
0.0
0.0
0.0909090909091
0.0161290322581
0.0
0.0
0.0
0.0
0.0
0.0
0.0
0.0
0.2
0.0
0.1875
0.0645161290323
0.0701754385965
0.403846153846
0.0
0.0
0.169491525424
0.0344827586207
0.0
0.0
0.0
0.0
0.0
0.0
0.0
0.0
0.0
0.0
0
1.0
0
0
1.0
0.333333333333
0.0
0.0
0.0769230769231
0.0
0.0
0.0
0.0
0.0
0.125
0.0
0.0
0.0
0.0666666666667
0.0
0.0
0.0
0.0
0.0
0
0.0
0.0
0.0
0.0
0.0
0.833333333333
0.0
0.0588235294118
0.142857142857
0.0384615384615
0.0909090909091
0.0
0.172413793103
0.114285714286
0.0
0.0
0.0
0.166666666667
0.0
0.0
0.0
0.0
0.0
0.0
0.0
0
1.0
1.0
0.0
0.266666666667
0.0434782608696
0.325
0.0
0.0
0.121951219512
0.0444444444444
0.0892857142857
0.0
0.0
0.0
0.106060606061
0.044776119403
0.0
0.0
0.0
0.0
0.0
0.0
0.0
0
0.0
0.0
0.166666666667
0.466666666667
0.0
0.0666666666667
0.0
0.0
0.0
0.0
0.0612244897959
0.0
0.0
0.0
0.0
0.191176470588
0.0
0.0
0.0
0.0
0.0
0.0
0.0
0.0
0.0
0.0
0.142857142857
0.307692307692
0.0
0.047619047619
0.0
0.0
0.0
0.0
0.0
0.0
0.0
0.0
0.0
0.0208333333333
0.123456790123
0.0
0.0
0.0
0.0
0.0
0.0
0.0
0.25
0.0
0.3125
0.409090909091
0.0
0.0
0.0
0.0
0.0
0.0298507462687
0.0
0.0
0.0
0.127659574468
0.317073170732
0.174603174603
0.0
0.0
0.0
0.0
0.0
0
0
1.0
0
1.0
1.0
1.0
0.193548387097
0.203389830508
0.0789473684211
0.0
0.132352941176
0.0731707317073
0.211764705882
0.0
0.0
0.0
0.0169491525424
0.0
0.0
0.0
0.0
0.0
0.0
0.0
0
0.0
0.0
0
0.333333333333
0.5
0.125
0.136363636364
0.0714285714286
0.0
0.0
0.0
0.05
0.0
0.0952380952381
0.0
0.0
0.0
0.0
0.0666666666667
0.0769230769231
0.0
0.0
0.0
0.0
0.0
0.0
0.0
0.285714285714
0.25
0.2
0.111111111111
0.0
0.0
0.333333333333
0.181818181818
0.0
0.0
0.027027027027
0.0
0.243243243243
0.1
0.0
0.0
0.0
0.0
0.0
0.0
0.0
0.0
0.0
0
0.166666666667
0.5
0.0540540540541
0.36
0.0192307692308
0.0
0.0
0.0
0.025
0.191489361702
0.046511627907
0.0
0.132075471698
0.121212121212
0.016393442623
0.0
0.0
0.0
0.0
0.0
0.0
0.0
0.0
0.0
0.363636363636
0.590909090909
0.0
0.0
0.0
0.0
0.0
0.0416666666667
0.0
0.0
0.0
0.0
0.102040816327
0.207547169811
0.0
0.0
0.0
0.0
0.0
0.0
0.0
0
0.0
0.6
0.5
0.0526315789474
0.142857142857
0.0
0.0
0.0
0.134615384615
0.0243902439024
0.0
0.0
0.0
0.0
0.189655172414
0.157894736842
0.0
0.0819672131148
0.0975609756098
0.0
0.0
0.0
0.0
0.0
0.0
0.125
0.222222222222
0.644444444444
0.0681818181818
0.0
0.0
0.136363636364
0.0
0.0
0.0
0.027027027027
0.0
0.0
0.0
0.127272727273
0.0
0.025
0.0
0.0
0.0
0.0
0.0
0.0
0.0
0.0
0.0
0.272727272727
0.125
0.192307692308
0.176470588235
0.0
0.0
0.135135135135
0.0
0.0
0.0
0.0
0.0
0.0714285714286
0.117647058824
0.0
0.0
0.0
0.0
0.0
0.0
0
0.333333333333
0.833333333333
0.8
0.0
0.142857142857
0.214285714286
0.5
0.0
0.181818181818
0.0
0.0
0.2
0.0
0.0
0.0869565217391
0.0
0.0
0.0
0.0
0.0
0.0
0.0
0.0
0.0
0.0
0.0
0.785714285714
0.6
0.0
0.352941176471
0.0526315789474
0.0
0.08
0.5
0.151515151515
0.0285714285714
0.344827586207
0.0606060606061
0.0
0.0909090909091
0.0
0.0
0.0
0.0
0.0
0.0
0.0
0.0
0.0
0.0
0.4375
0.166666666667
0.0
0.0
0.25
0.157894736842
0.08
0.0
0.0606060606061
0.0
0.0769230769231
0.0
0.0
0.0
0.0833333333333
0.0
0.0
0.0
0.0
0.0
0
0
0.0
0.0
0.4
0.125
0.0769230769231
0.0
0.0
0.0
0.0833333333333
0.0
0.0
0.0
0.0
0.0
0.230769230769
0.441176470588
0.0
0.0
0.0
0.0
0
0.0
0
0.0
0.25
0.8
0.375
0.214285714286
0.444444444444
0.0
0.105263157895
0.107142857143
0.0588235294118
0.0
0.0
0.0
0.0
0.333333333333
0.0
0.0
0.0
0.0
0.0
0.0
0.0
0.0
0.0
0.0
0.0
0.0
0.0
0.0
0.185185185185
0.3125
0.0
0.151515151515
0.0
0.030303030303
0.047619047619
0.0
0.0
0.0
0.346153846154
0.0
0.0
0.0
0.0
0.0
0.0
0.0
0.0
0.0
0.0
0.0
0.285714285714
0.5
0.0
0.0
0.047619047619
0.0
0.0
0.08
0.05
0.0
0.0
0.0
0.0
0.0
0.0
0.0
0.0
0.0
0.0
0.0
0.0
0
0
0
0.0
1.0
0.0
0.2
0.0625
0.222222222222
0.0
0.0
0.0
0.125
0.0
0.0
0.0
0.0909090909091
0.666666666667
0.0
0.0
0.0
0.0
0
0.0
0
0.0
0
0.5
0.5
0.2
0.6
0.0
0.0
0.25
0.0
0.222222222222
0.0
0.0
0.037037037037
0.0
0.210526315789
0.0
0.0
0.0
0.0
0.0
0.0
0
0.0
0
0.0
0.333333333333
0.333333333333
0.382352941176
0.1875
0.0
0.0740740740741
0.161290322581
0.0
0.0344827586207
0.0625
0.0
0.0
0.0
0.0612244897959
0.0
0.0
0.0
0.0
0.0
0.0
0
0.0
0.0
0.5
0.0
0.0
0.148148148148
0.192307692308
0.21875
0.255319148936
0.0
0.0
0.0
0.0
0.0
0.0
0.177419354839
0.0
0.109756097561
0.0
0.0
0.0
0.0
0.0
0.0
0.0
0.0
0.0
0.0
0.307692307692
0.264150943396
0.025
0.0
0.0
0.243243243243
0.0392156862745
0.127659574468
0.0
0.0
0.0
0.0588235294118
0.4140625
0.114285714286
0.0
0.0
0.0
0.0
0.0
0.0
0.0
0.0
0.0
0.0
0.697674418605
0.162790697674
0.0
0.0
0.0169491525424
0.103448275862
0.0
0.0
0.0357142857143
0.0
0.0625
0.0222222222222
0.0941176470588
0.0379746835443
0.0
0.0
0.0
0.0
0.0
0.0
0.0
0.0
0.0
0.375
0.222222222222
0.304347826087
0.407407407407
0.063829787234
0.0
0.0
0.111111111111
0.149253731343
0.0
0.0
0.0
0.0487804878049
0.161290322581
0.0238095238095
0.0
0.0
0.0
0.0
0.0
0.0
0.0
0.0
0
0.714285714286
0.333333333333
0.3
0.125
0.0
0.458333333333
0.0
0.047619047619
0.0
0.0454545454545
0.0
0.0
0.0
0.210526315789
0.0
0.0
0.04
0.0
0.0
0.0
0.0
0
0.0
0.0
0.0
0.142857142857
0.142857142857
0.142857142857
0.0555555555556
0.125
0.027027027027
0.310344827586
0.0
0.145833333333
0.0
0.0
0.0888888888889
0.0
0.183673469388
0.0
0.0
0.0
0.0
0.0
0.0
0.0
0.0
0.0
0.166666666667
0.4375
0.138888888889
0.193548387097
0.0
0.111111111111
0.0434782608696
0.0
0.0
0.0
0.0
0.0
0.15625
0.1
0.0
0.0
0.0
0.0
0.0
0.0
0.0
0.0
0.0
0
0.222222222222
0.214285714286
0.0
0.0
0.0263157894737
0.107142857143
0.025641025641
0.02
0.0
0.0851063829787
0.11320754717
0.0
0.0
0.0588235294118
0.0
0.0
0.0
0.0
0.0
0.0
0.0
0.0
0.0
0.0
0.454545454545
0.111111111111
0.447368421053
0.0833333333333
0.0
0.0
0.0
0.0
0.025
0.0
0.0
0.0666666666667
0.0769230769231
0.283018867925
0.126984126984
0.0
0.0
0.0
0.0
0.0
0.0
0.0
0.0
0.2
0.181818181818
0.0
0.361111111111
0.119047619048
0.0
0.0
0.0
0.222222222222
0.121212121212
0.0
0.0
0.0512820512821
0.0
0.269841269841
0.0714285714286
0.0
0.0
0.0
0.0
0.0
0.0
0
0.0
0.444444444444
0.363636363636
0.0
0.193548387097
0.0645161290323
0.0
0.16
0.0344827586207
0.0166666666667
0.0
0.0
0.0
0.0
0.0
0.109090909091
0.0
0.0
0.0
0.0
0.0
0.0
0.0
0
1.0
0
0.6
0.0
0.142857142857
0.210526315789
0.1
0.0
0.153846153846
0.0416666666667
0.0
0.0
0.12
0.0
0.0
0.0
0.0
0.0555555555556
0.117647058824
0.166666666667
0.0
0.0
0.0
0
0.0
1.0
0.166666666667
0.2
0.285714285714
0.125
0.0
0.115384615385
0.0
0.184210526316
0.222222222222
0.194444444444
0.0645161290323
0.0
0.0
0.388888888889
0.166666666667
0.0
0.0
0.0
0.0
0.0
0.0
0.0
0.0
0.0
0.5
0.0555555555556
0.268292682927
0.172413793103
0.0816326530612
0.179487179487
0.0
0.0
0.0377358490566
0.0
0.0
0.0
0.0892857142857
0.0483870967742
0.0810810810811
0.159090909091
0.0
0.0
0.0
0.0
0.0
0.0
0.0
0.0
0.1
0.3125
0.255813953488
0.0434782608696
0.12
0.0689655172414
0.0
0.0491803278689
0.106382978723
0.0
0.0
0.0
0.283018867925
0.08
0.157142857143
0.0
0.0
0.0
0.0
0.0
0.0
0.0
0.0
0.0
0.0
0.222222222222
0.0909090909091
0.0566037735849
0.0952380952381
0.0
0.0769230769231
0.109090909091
0.0540540540541
0.0
0.0
0.186046511628
0.349206349206
0.030303030303
0.0
0.0416666666667
0.0384615384615
0.0
0.0
0.0
0.0
0.0
0.0
0.666666666667
0.588235294118
0.0714285714286
0.293103448276
0.193548387097
0.0
0.288888888889
0.0
0.0
0.0
0.0
0.037037037037
0.142857142857
0.0
0.0
0.0
0.0
0.0
0.0
0.0
0.0
0.0
0.0
0.0
0.0
0.333333333333
0.0
0.0555555555556
0.0454545454545
0.225806451613
0.0
0.0
0.1875
0.0
0.0526315789474
0.0
0.0
0.0
0.0
0.0
0.0
0.0
0.0
0.0
0.0
0.0
0.0
0
0.0
0.0
0.583333333333
0.333333333333
0.0
0.0454545454545
0.0
0.0
0.0
0.0
0.0
0.0
0.0
0.05
0.0
0.0555555555556
0.0
0.0
0.0
0.0
0.0
0.0
0
0.0
0.0
0.0
1.0
0.230769230769
0.0
0.111111111111
0.0
0.470588235294
0.2
0.222222222222
0.44
0.0
0.0
0.0909090909091
0.145833333333
0.0
0.0
0.0
0.0
0.0
0.0
0.0
0.0
0.0
0.0
0.166666666667
0.5
0.358974358974
0.19512195122
0.0
0.0
0.208333333333
0.0
0.175
0.0789473684211
0.0
0.0
0.125
0.274193548387
0.0363636363636
0.0
0.0
0.0
0.0
0.0
0.0
0.0
0.0
0.571428571429
0.0
0.0909090909091
0.434782608696
0.025641025641
0.0
0.0
0.177777777778
0.173076923077
0.0909090909091
0.0
0.0
0.0
0.482142857143
0.0625
0.127272727273
0.0
0.0
0.0
0.0
0.0
0.0
0.0
0.0
0.0
0.357142857143
0.264705882353
0.358490566038
0.0
0.0
0.0
0.0
0.0
0.0
0.0
0.0
0.0
0.0
0.365079365079
0.0
0.0
0.0
0.0
0.0
0.0
0.0
0.0
0.0
0.222222222222
0.0
0.43137254902
0.326530612245
0.0222222222222
0.0161290322581
0.0
0.0
0.321428571429
0.0
0.108695652174
0.0
0.0
0.0188679245283
0.246153846154
0.0
0.0
0.0
0.0
0.0
0.0
0.0
0
0
0.2
0.125
0.583333333333
0.16
0.258064516129
0.025641025641
0.0243902439024
0.0
0.0923076923077
0.0
0.0
0.0
0.0
0.0
0.0
0.0689655172414
0.0
0.0
0.0
0.0
0.0
0
0.0
1.0
0.333333333333
0.4
0.0
0.688888888889
0.0666666666667
0.0
0.0
0.0
0.0
0.0
0.0
0.0
0.0384615384615
0.153846153846
0.0
0.0
0.0
0.0
0.0
0.0
0.0
0.0
0.0
0.0
0
0.5
0.636363636364
0.285714285714
0.214285714286
0.1
0.212121212121
0.25
0.0
0.0
0.0
0.0909090909091
0.0
0.0612244897959
0.025
0.0
0.0
0.0
0.0
0.0
0.0
0.0
0
0.0
0.666666666667
0.0
0.666666666667
0.44262295082
0.125
0.0175438596491
0.0
0.0
0.102040816327
0.075
0.0
0.0
0.0294117647059
0.142857142857
0.0232558139535
0.0
0.0
0.0
0.0
0.0
0.0
0.0
0.0
0.0
0.0
0.0
0.65
0.575757575758
0.0
0.128205128205
0.0
0.131578947368
0.142857142857
0.0
0.0
0.0
0.0
0.239130434783
0.11320754717
0.05
0.0
0.0
0.0
0.0
0.0
0.0
0.0
0.0
0.25
0.0
0.611111111111
0.647058823529
0.0
0.0
0.0
0.375
0.0408163265306
0.0181818181818
0.0227272727273
0.0196078431373
0.0869565217391
0.0757575757576
0.0181818181818
0.0363636363636
0.0
0.0
0.0
0.0
0.0
0.0
0.0
0.0
0.181818181818
0.0
0.647058823529
0.204545454545
0.0217391304348
0.0
0.0
0.185714285714
0.0526315789474
0.0
0.0
0.0
0.0
0.0
0.0
0.0
0.0
0.0
0.0
0.0
0.0
0.0
0.0
0.0
0.25
0.285714285714
0.363636363636
0.321428571429
0.4375
0.0
0.150943396226
0.127272727273
0.145454545455
0.0
0.0
0.0
0.0
0.0
0.0
0.0
0.0
0.0
0.0
0.0
0.0
0.0
0.0
0.0
0.0
0.5
0.4
0.5
0.55
0.0
0.0
0.3
0.285714285714
0.0
0.0
0.037037037037
0.0833333333333
0.0416666666667
0.153846153846
0.03125
0.0
0.0
0.0
0.0
0.0
0.0
0.0
0.0
0.0
0.0
0.0
0.555555555556
0.0
0.0526315789474
0.52380952381
0.2
0.0
0.0
0.193548387097
0.0416666666667
0.0
0.304347826087
0.0
0.135135135135
0.0
0.0
0.0
0.0
0.0
0.0
0.0
0.0
0.0
0.1875
0.347826086957
0.2
0.263157894737
0.0
0.0851063829787
0.0
0.0
0.246153846154
0.0
0.0
0.0
0.0602409638554
0.117647058824
0.0
0.0
0.0
0.0
0.0
0.0
0.0
0.0
0.0
0.125
0.0833333333333
0.243243243243
0.318181818182
0.0
0.0
0.0892857142857
0.188405797101
0.0
0.078125
0.0
0.0
0.0
0.0666666666667
0.173469387755
0.0
0.0
0.0
0.0
0.0
0.0
0.0
0.0
0.0
0.0
0.1
0.366666666667
0.545454545455
0.162790697674
0.0
0.0
0.0666666666667
0.25
0.0
0.0
0.0
0.173076923077
0.122807017544
0.1875
0.0714285714286
0.0
0.0
0.0
0.0
0.0
0.0
0.0
0.0
0.0833333333333
0.333333333333
0.34375
0.269230769231
0.108695652174
0.0769230769231
0.0
0.184210526316
0.355555555556
0.0
0.0
0.0
0.025
0.0294117647059
0.162162162162
0.209302325581
0.0
0.0
0.0
0.0
0.0
0.0
0.0
0.111111111111
0.0833333333333
0.0
0.0
0.08
0.0
0.25
0.0416666666667
0.0588235294118
0.205128205128
0.0
0.0285714285714
0.0
0.0
0.0
0.137931034483
0.0
0.0
0.0
0.0
0.0
0
0.0
0.0
0.0
0
0.0
0.333333333333
0.488372093023
0.56
0.0416666666667
0.0
0.137931034483
0.285714285714
0.0
0.0
0.0
0.0
0.258064516129
0.166666666667
0.0
0.0
0.0
0.0
0.0
0.0
0.0
0.0
0
0.0
0.777777777778
0.538461538462
0.0833333333333
0.384615384615
0.0333333333333
0.146341463415
0.410714285714
0.220338983051
0.0416666666667
0.0243902439024
0.0588235294118
0.0
0.145833333333
0.0769230769231
0.0384615384615
0.0
0.0
0.0
0.0
0.0
0.0
0.0
0.0
0.0
0.0909090909091
0.583333333333
0.454545454545
0.170212765957
0.0
0.0350877192982
0.0
0.0
0.0212765957447
0.078125
0.0
0.0
0.333333333333
0.2
0.063829787234
0.0
0.0
0.0
0.0
0.0
0.0
0.0
0.0
0.0
0.833333333333
0.24
0.372549019608
0.175
0.0
0.0
0.315789473684
0.0
0.0862068965517
0.0
0.0
0.137254901961
0.142857142857
0.139534883721
0.253012048193
0.0
0.0
0.0
0.0
0.0
0.0
0.0
0.0
0.166666666667
0.363636363636
0.30303030303
0.415094339623
0.210526315789
0.0
0.15
0.0
0.0416666666667
0.109375
0.0
0.0172413793103
0.0
0.205882352941
0.265306122449
0.186046511628
0.0
0.0
0.0
0.0
0.0
0.0
0.0
0.0
0.037037037037
0.391304347826
0.03125
0.19512195122
0.208955223881
0.0
0.0
0.112676056338
0.144736842105
0.0
0.0
0.0
0.0533333333333
0.131313131313
0.0
0.0140845070423
0.0
0.0
0.0
0.0
0.0
0.0
0
0.0
0.625
0.230769230769
0.307692307692
0.46
0.0338983050847
0.0923076923077
0.106060606061
0.178082191781
0.135135135135
0.0
0.0
0.0
0.0
0.0
0.164835164835
0.0933333333333
0.0
0.0
0.0
0.0
0.0
0.0
0.0
0
0.0
0.666666666667
0.583333333333
0.153846153846
0.0
0.0
0.0
0.125
0.277777777778
0.0
0.0
0.0
0.0
0.0588235294118
0.0
0.0
0.0
0.0
0.0
0.0
0
0.0
0.0
0.0
0.0
0.6
0.5
0.333333333333
0.0
0.142857142857
0.0555555555556
0.185185185185
0.354838709677
0.08
0.103448275862
0.192307692308
0.0
0.205882352941
0.277777777778
0.0714285714286
0.0
0.0
0.0
0.0
0.0
0.0
0.5
0.0
0.0
0.666666666667
0.04
0.114285714286
0.0
0.0
0.375
0.146341463415
0.0
0.0
0.0
0.0
0.0
0.0
0.0
0.0
0.0
0.0
0.0
0.0
0.0
0.0
0.0
0.0
0.0
0.0
0.8
0.0
0.0
0.0
0.0
0.0
0.0
0.0
0.105263157895
0.0
0.08
0.0
0.181818181818
0.15625
0.04
0.0
0.0
0.0
0.0
0.0
0.0
0.333333333333
1.0
0.2
0.2
0.433333333333
0.161290322581
0.0
0.0
0.0
0.0
0.0
0.0333333333333
0.0
0.025
0.0810810810811
0.205128205128
0.0
0.0
0.166666666667
0.04
0.0
0.0
0.0
0.0
0.166666666667
0.0
0.0
0.375
0.1
0.27027027027
0.392857142857
0.0
0.0588235294118
0.119047619048
0.107142857143
0.0
0.0
0.0
0.238095238095
0.148148148148
0.0
0.0833333333333
0.0
0.0
0.0
0.0
0.0
0.0
0.0
0.142857142857
0.125
0.0588235294118
0.277777777778
0.354838709677
0.0
0.0
0.0
0.230769230769
0.0
0.222222222222
0.0
0.0
0.2
0.0
0.12
0.047619047619
0.0
0.0
0
0.0
0.0
0
0.0
0.0
0.0
0.666666666667
0.478260869565
0.3125
0.0
0.0
0.473684210526
0.0
0.0
0.454545454545
0.0
0.263157894737
0.0714285714286
0.0588235294118
0.0
0.0
0.125
0.0
0.0
0.0
0
0.0
0.5
0.0
0.0
0.529411764706
0.307692307692
0.0769230769231
0.0
0.0434782608696
0.285714285714
0.28
0.153846153846
0.214285714286
0.0
0.0
0.428571428571
0.137931034483
0.0
0.0555555555556
0.0
0.0
0.0
0.0
0.0
0.0
0.0
0.25
0.363636363636
0.466666666667
0.285714285714
0.0
0.0
0.0
0.0666666666667
0.0384615384615
0.0
0.0
0.0
0.0
0.0
0.0
0.136363636364
0.0
0.0
0.0
0.0833333333333
0.0
0.0
0.0
0.0
0.0
0.25
0.318181818182
0.45
0.0
0.0
0.0
0.0
0.0
0.0
0.0
0.0
0.0
0.0
0.0
0.0769230769231
0.0
0.0
0.0
0.0
0.0
0.0
0.5
0.666666666667
0.0
0.2
0.266666666667
0.352941176471
0.0
0.0
0.166666666667
0.176470588235
0.0
0.0
0.0
0.153846153846
0.454545454545
0.0
0.0
0.0
0.0
0.0
0.0
0.0
0.0
0.0
0
1.0
0.0
0.0
0.0
0.2
0.0909090909091
0.0
0.0
0.0
0.117647058824
0.0
0.0
0.0
0.0
0.0
0.0
0.181818181818
0.0
0.0
0.0
0.0
0
0.0
1.0
0.5
0.0
0.0
0.333333333333
0.538461538462
0.0
0.111111111111
0.0909090909091
0.0
0.0
0.0
0.0
0.0
0.0
0.0
0.0
0.0
0.25
0.0
0.0
0
1.0
1.0
0.0
0.0
0.0
0.0
0.0
0.0
0.0
0
0.333333333333
1.0
0.2
0.0
0.0
0.0
0.0
0.5
0.0
0.5
0.0
0.0
0
0.0
1.0
0
0.5
0
0.0
0
0.666666666667
0.5
0.666666666667
0.333333333333
0.25
0.25
0.0
0.0
0.666666666667
0.0
0.0
0.0
0.0
0.0
0.166666666667
0.0
0
0
0.0
1.0
0
0
1.0
1.0
0.2
0.0769230769231
0.0625
0.0
0.0
0.142857142857
0.0
0.0
0.0
0.0
0.0
0.0
0.333333333333
0.0
0.0
0.0
0
0.0
0.0
0.0
1.0
1.0
1.0
0.4
0.625
0.307692307692
0.0
0.0
0.0
0.0
0.0
0.0
0.0
0.0
0.0
0.0
0.0
0.0
0.0
0.0
0
1.0
1.0
0
1.0
1.0
1.0
0.4
0.363636363636
0.454545454545
0.0
0.0
0.0
0.3
0.0
0.142857142857
0.0
0.0
0.0
0.0
0.0
0.0
0.0
0.0
0
0
0
0
0
1.0
1.0
0.166666666667
0.0833333333333
0.0
0.0
0.1
0.181818181818
0.0
0.0
0.0
0.0
0.0
0.0
0.0
0.0
0.285714285714
0.0
0.0
0.0
0.0
0
1.0
0
1.0
1.0
0.8
0.625
0.333333333333
0.0
0.0
0.0
0.0
0.0
0.0
0.0
0.0
0.0
0.0
0.0
0.333333333333
0.0
0.0
0.0
0.0
0.0
0
1.0
0
1.0
0.25
0.0
0.0
0.166666666667
0.0
0.0
0.0
0.0
0.333333333333
0.25
0.0
0.0
0
0.0
0.0
0.0
0.5
0.0
0
0
0
0
0
0
1.0
1.0
0.0
0.0
0.625
0.0
0.0
0.0
0.0
0.0
0.0
0.0
0.333333333333
0
0.0
0.333333333333
0.0
0.0
0.0
0
0
0
1.0
1.0
0.5
0.5
0.0
0.0
0.0
0.0
0.333333333333
0.0
0.0
0.0
0.0
0.0625
0.0
0.0
0.0
0.0
0.0
0.0
0.0
0.0
0.0
0
0
1.0
1.0
0.214285714286
0.2
0.0
0.0
0.0
0.0
0.142857142857
0.0
0.0
0.0
0.0
0.0
0.0
0.0
0.0
0.0
0.0
0
0
1.0
0
0
1.0
1.0
0.0769230769231
0.0
0.1875
0.0416666666667
0.047619047619
0.0
0.0
0.0
0.0714285714286
0.0
0.0
0.0
0.0
0.0
0.0
0.0
0.0
0.0
0
0
0
0.0
1.0
0.2
0.285714285714
0.0666666666667
0.111111111111
0.0
0.0714285714286
0.0
0.0
0.0
0.0
0.0
0.0
0.0
0.125
0.0
0.0
0.0
0.0
0.0
0.0
0.0
0.0
1.0
0.0
0.625
0.789473684211
0.0
0.0
0.0
0.0689655172414
0.0
0.0
0.0
0.0
0.0
0.0
0.0
0.181818181818
0.0
0.0
0.0
0.0
0
0.0
0
1.0
0
1.0
1.0
1.0
0.0
0.0
0.0
0.25
0.0
0.0
0.166666666667
0.0
0.0
0.0
0.333333333333
0.0
0.0
0.0
0.333333333333
0
0.0
0
0
0
0
0
1.0
1.0
0.5
0
0.5
0.4
0.75
0.333333333333
0.0
0.0
0.0
0.0
0.0
0
0.0
0.0
0.0
0.0
0.0
0.0
0
0.0
0.0
0
0.0
0.5
0.0
0.8
0.142857142857
0.0
0.2
0.0
0.0
0.0
0.0
0.428571428571
0.0
0.0
0.0
0.0
0.0
0.0
0.0
0.0
0.0
0
0.0
0.25
0.761904761905
0.230769230769
0.0
0.0
0.0
0.157894736842
0.0
0.0
0.0
0.0
0.0
0.0
0.0
0.0
0.0
0.0
0.0
0.0
0.0
0.0
0
0
1.0
1.0
0.75
0.272727272727
0.1
0.15
0.1875
0.04
0.0
0.0
0.0
0.0
0.0344827586207
0.0
0.0
0.0
0.0
0.0
0.0
0.0
0.0
0.0
0.0
0
0.0
0.5
0.4
0.647058823529
0.32
0.0344827586207
0.0
0.0
0.0
0.0
0.0
0.0
0.0
0.0
0.0
0.0
0.266666666667
0.0
0.0
0.0
0.0
0.0
0
0.0
1.0
0.333333333333
0.0
0.166666666667
0.333333333333
0.0
0.0
0.111111111111
0.133333333333
0.0
0.0
0.0
0.0
0.181818181818
0.0
0.0
0.0
0.0
0.0
0.0
0.0
0
0
1.0
0
1.0
0.75
0.666666666667
0.166666666667
0.307692307692
0.0
0.125
0.1
0.0
0.0
0.0
0.0
0.0
0.0
0.294117647059
0.2
0.0
0.0
0.0
0.0
0.0
0
0
0
1.0
1.0
0.5
0.571428571429
0.0
0.0
0.0
0.0
0.0
0.0
0.0
0.0
0.0
0.263157894737
0.2
0.111111111111
0.0
0.0
0.0
0.0
0.0
0.0
0
0.0
0.5
0.0
0.272727272727
0.2
0.0
0.0
0.1
0.05
0.0
0.0
0.0
0.0
0.0
0.0
0.0
0.0
0.0
0.0
0.0
0.0
0.0
1.0
0
1.0
0.5
0.5
0.68
0.55
0.0
0.0
0.0
0.05
0.0
0.0
0.0
0.0
0.0
0.05
0.15
0.0
0.0
0.0
0.0
0
0
0.0
0.5
0.0
0.0
0.272727272727
0.411764705882
0.2
0.0
0.0
0.255319148936
0.0952380952381
0.0
0.0
0.0
0.0714285714286
0.214285714286
0.125
0.0
0.0
0.0
0.0
0.0
0.0
0.0
0.0
0
0.333333333333
0.625
0.709677419355
0.58064516129
0.0
0.0
0.0
0.0
0.166666666667
0.0454545454545
0.0
0.0
0.0
0.0
0.0
0.0
0.0
0.0
0.0
0.0
0.0
0.0
0.0
0.0
0.0
0.333333333333
0.76
0.55
0.0
0.0
0.0
0.0
0.047619047619
0.0
0.0
0.0
0.0
0.0
0.0
0.181818181818
0.0909090909091
0.0
0
0.0
0.0
0.0
0
0
1.0
1.0
0.25
0.285714285714
0.0
0.0
0.0
0.0
0.0
0.166666666667
0.0
0.0
0.0
0.0
0.125
0.0
0.0
0.0
0.0
0.0
0
0
0
0
1.0
1.0
0.666666666667
0.142857142857
0.333333333333
0.0
0.444444444444
0.125
0.333333333333
0.0
0.214285714286
0.0
0.0
0.0
0.214285714286
0.277777777778
0.0
0.0
0.0
0.0
0.0
0.0
0.0
0.0
1.0
0.909090909091
0.642857142857
0.526315789474
0.0
0.15
0.0
0.178571428571
0.307692307692
0.0
0.129032258065
0.0357142857143
0.0
0.0
0.0833333333333
0.0
0.1
0.0
0.0
0.0
0.0
0.0
0.0
0.0
0.0
0.533333333333
0.72972972973
0.0555555555556
0.0
0.0
0.0
0.0
0.0
0.157894736842
0.0
0.0
0.047619047619
0.0
0.0
0.0
0.0
0.0
0.0
0.0
0
0
0
0.5
0.0
0.444444444444
0.93023255814
0.0
0.0
0.0
0.15625
0.148148148148
0.0666666666667
0.0
0.0
0.0
0.1
0.0
0.15
0.0
0.0
0.0
0.0
0.0
0.0
0.0
0
0
0
1.0
1.0
0.578947368421
0.0
0.0
0.0
0.0
0.125
0.0833333333333
0.0
0.0
0.0
0.0
0.0833333333333
0.0
0.0
0.0
0.0
0.0
0.0
0
0
0
1.0
1.0
1.0
0.321428571429
0.0
0.0
0.047619047619
0.40625
0.0
0.0
0.0
0.0
0.0
0.0
0.0
0.0
0.0
0.0
0.0
0.0
0.0
0
0
0.0
0.0
0.0
0.25
1.0
0.461538461538
0.5
0.0
0.0
0.0
0.0
0.0
0.0
0.0
0.0
0.0
0.285714285714
0.0
0.0
0.0
0.0
0.0
0
0.333333333333
1.0
0.0
0.0
0.666666666667
0.0
0.0833333333333
0.0769230769231
0.142857142857
0.0769230769231
0.166666666667
0.1
0.0952380952381
0.181818181818
0.0
0.0
0.0
0.173913043478
0.473684210526
0.0
0.0
0.0
0.0
0.0
0.0
0.0
0.0
0.416666666667
0.153846153846
0.133333333333
0.0
0.0
0.263157894737
0.558823529412
0.157894736842
0.0
0.0
0.0
0.05
0.0
0.0
0.0
0.0
0.0
0.0
0.0
0.0
0
0.0
0
0.333333333333
0.833333333333
0.222222222222
0.470588235294
0.375
0.0434782608696
0.0
0.0
0.0
0.0
0.0
0.0
0.0
0.0
0.0769230769231
0.0
0.0526315789474
0.0
0.0
0.0
0.0
0.0
0.0
0.0
0.0
0.0
0.4
0.1875
0.117647058824
0.0
0.0
0.0
0.241379310345
0.0
0.0
0.0
0.0
0.0
0.0
0.0
0.0
0.0
0.0
0.0
0.0
0
0
0.0
0.666666666667
0.0
0.2
0.4
0.111111111111
0.0
0.0
0.210526315789
0.294117647059
0.0697674418605
0.03125
0.0
0.0555555555556
0.125
0.047619047619
0.0
0.0
0.0
0.0
0
0.0
0.0
0.0
0.4
0.0
0.181818181818
0.444444444444
0.176470588235
0.538461538462
0.0
0.0
0.205128205128
0.0
0.0
0.0
0.0
0.0
0.0
0.0
0.0
0.0
0.0
0.0
0.0
0.0
0
0.0
0
0.0
0.5
0.4
0.166666666667
0.125
0.0
0.0
0.0
0.0
0.0
0.0
0.0
0.0
0.181818181818
0.5
0.0
0.0
0.0
0.0
0
0.0
0.0
0
0
1.0
1.0
1.0
0
0.714285714286
0.857142857143
0.0714285714286
0.25
0.0
0.0
0.0
0.0
0.0
0.0
0.115384615385
0.0
0.0
0.0
0.0
0.0
0.0
0.333333333333
0.0
0.0
0.0
0.125
0.615384615385
0.315789473684
0.0
0.0
0.0
0.0
0.0
0.0
0.0
0.0
0.0
0.0
0.0
0.0
0.0
0.0
0.0
0.0
0.0
0.0
0.0
1.0
0.4
0.5
0.0
0.733333333333
0.357142857143
0.0
0.0
0.0
0.285714285714
0.375
0.363636363636
0.0
0.0
0.0
0.0
0.25
0.0
0.0
0.0
0.0
0.0
0.0
0.0
1.0
1.0
1.0
0.571428571429
0.6
0.25
0.0
0.0
0.192307692308
0.105263157895
0.0
0.0
0.0
0.0
0.0
0.0
0.0
0.0
0.0
0.125
0.0
0
0.0
0.0
0.0
0
0.0
0.444444444444
0.153846153846
0.0
0.176470588235
0.0
0.0
0.125
0.0
0.0
0.0
0.0
0.0
0.0
0.0
0.0
0.0
0.5
0.0
0
0
0
0
1.0
1.0
1.0
0.272727272727
0.4
0.0
0.0
0.2
0.142857142857
0.0
0.0
0.0
0.0
0.0
0.0
0.0
0.0
0.0
0.0
0
0
1.0
0
1.0
1.0
0.0
0
0.0
0.5
0.333333333333
0.0
0.0
0.0
0.0
0.0
0.4
0.0
0.0
0.0
0.0
0.0
0.0
0.0
0.0
0
0
0
0
0
1.0
1.0
1.0
0.333333333333
0.0
0.0
0.0
0.0
0.0
0.0
0.0
0.0
0.0
0.0
0.0
0.125
0.0
0.0
0.0
0.0
0.0
0
0
0.5
1.0
0.583333333333
0.208333333333
0.0
0.0
0.0
0.0
0.285714285714
0.3
0.0
0.0
0.0
0.111111111111
0.142857142857
0.0
0.0
0.0
0.0
0.0
