1.0
0
0
0
0
0
0
0.2
0.0
0.0
0.0
0.0
0.0
0.0
0.0
0.0
0.0
0.0
0.0
0.0
0.0
0.0
0.0
0.0
0
0.0
0.0
0
0.0
0
0.0
0.0
0.0
0.0
0.0
0.0
0.0
0.0
0.0555555555556
0.0
0.0
0.0
0.0
0.0
0.0
0.0
0.0
0.0
0.0
0
0.0
0
0.0
0
0
0
0.142857142857
0.0
0.0
0.0
0.0
0.0
0.0
0.0
0.0
0.0
0.0
0.0
0.0
0.0
0.0
0.0
0.0
0
0
0.0
0
0
0
1.0
0.0
0.0
0.0
0.0
0.0
0.0
0.0
0.0
0.0
0.0
0.0
0.0
0.0
0.0
0.0
0.0
0
0
0
0
1.0
0
0
1.0
0.0
0.0
0.0
0.0
0.0
0.0
0.0
0.0
0.0
0.0
0.0
0.0
0.0
0.0
0.0
0.0
0
0.0
0.0
0
0
0
0
1.0
0.0
0.0
0.0
0.0
0.0
0.0
0.0
0.0
0.0
0.0
0.0
0.0
0.0
0.0
0.0
0.0
0.0
0.0
0.0
0
0
0
0
0
0.142857142857
0.0
0.0
0.0
0.0
0.0
0.0
0.125
0.0
0.0
0.0
0.0
0.0
0.0
0.0
0.0
0.0
0.0
0.0
0
0
0
1.0
0.0
0.0
0.0
0.48275862069
0.0
0.0
0.0
0.0
0.0
0.0
0.0
0.0
0.0
0.0
0.0
0.0
0.0
0.0
0.0
0.0
0
0.0
0
0
0.0
0.0
0.0
0.0
0.0
0.15
0.166666666667
0.368421052632
0.0
0.0
0.0
0.0
0.0
0.0
0.0
0.0
0.0
0.0
0.0
0.0
0.0
0
0
0.0
0.0
0.142857142857
0.272727272727
0.0
0.0
0.0
0.0909090909091
0.0714285714286
0.0
0.0
0.0
0.0
0.0
0.0
0.0
0.0
0.0
0.0
0.0
0
0.0
0
0.0
0.0
0.0
0.0
0.0555555555556
0.0
0.0
0.0
0.0
0.0
0.0
0.04
0.0
0.0
0.0
0.0
0.0
0.0
0.0
0.0
0.0
0
0
0
0
0.5
0.0
0.0
0.0
0.0
0.0
0.0
0.0
0.0
0.0
0.0
0.0
0.0
0.0
0.0
0.0
0.0
0.0
0.0
0.0
0.0
0.0
0
0
0
0.666666666667
0.0
0.0
0.0
0.0
0.0
0.0
0.0
0.0
0.0
0.0
0.0
0.0
0.0
0.0
0.0
0.0
0.0
0.0
0
0
0.0
0
0.0
0.0
0.0
0.0
0.0
0.25
0.0
0.05
0.0
0.0
0.0
0.0
0.0
0.0
0.0
0.0
0.0
0.0
0.0
0.0
0.0
0
0
0
0.5
0.0
0.0
0.0
0.0
0.157894736842
0.0
0.0
0.0
0.142857142857
0.0
0.0
0.0
0.0
0.0
0.0
0.0
0.0
0.0
0.0
0
0
0
0
1.0
0.0
0.0
0.15
0.0588235294118
0.0
0.0
0.333333333333
0.125
0.0
0.0
0.0
0.0
0.0
0.0
0.0
0.0
0.0
0.0
0.0
0.0
0
0.0
0.0
0.0
0.0
0.0
0.444444444444
0.0
0.0
0.0
0.0454545454545
0.2
0.0
0.0
0.0
0.0
0.0
0.0
0.0909090909091
0.0
0.0
0.0
0
0
0
0
1.0
0
0.0
0.1
0.15
0.0
0.0
0.0
0.1
0.0
0.0
0.0
0.0
0.0
0.0
0.0
0.0
0.0
0
0.0
0.0
0
0.0
0
0
0
1.0
0.0
0.0
0.0
0.0
0.0
0.0
0.0
0.0
0.0
0.0
0.0
0.0
0.0
0.0
0.0
0.0
0.0
0.0
0
0.0
0
0
0.5
0.0
0.0
0.0
0.0
0.0
0.0
0.0
0.0
0.0
0.0
0.0
0.0
0.0
0.0
0.0
0.0
0.0
0.0
0.0
0.0
0.0
0
0
0.5
0.0
0.0
0.0
0.105263157895
0.0
0.0
0.0
0.05
0.0833333333333
0.0
0.0
0.0
0.0
0.0
0.0
0.0
0.0
0.0
0
0.0
0
0
0
1.0
0.0
0.0
0.115384615385
0.125
0.0
0.0
0.333333333333
0.0
0.0
0.0
0.0
0.0
0.0
0.0
0.0
0.0
0.0
0.0
0.0
0.0
0
0.0
0
0.0
0.0
0.473684210526
0.0526315789474
0.04
0.0
0.0
0.117647058824
0.0
0.0
0.0
0.0
0.0
0.0
0.0
0.0
0.0
0.0
0.0
0.0
0.0
0
0
0
1.0
0.0
0.0
0.125
0.0
0.0
0.0
0.3125
0.222222222222
0.1875
0.0
0.0
0.0
0.0
0.0
0.0
0.0
0.0
0.0
0.0
0
0.0
0.0
0.0
0.0
0.0
0.0
0.0
0.0
0.0
0.0
0.0
0.0
0.0
0.0
0.0
0.0
0.0
0.0
0.0
0.0
0.0
0.0
0.0
0.0
0.0
0.0
0
0.0
0
0.0
0.0
0.0
0.0
0.0
0.0
0.0
0.0
0.0
0.0
0.0
0.0
0.0
0.0
0.0
0.0
0.0
0
0
1.0
0
0.0
0
0
0.0
0.0
0.0
0.0
0.0
0.0
0.0
0.0
0.0
0.0
0.0
0.0
0.0
0.0
0.0
0.0
0.0
0.0
0.0
0.0
0.0
0.0
0
0.0
0.0
0.272727272727
0.0
0.0
0.0
0.0
0.0
0.545454545455
0.0
0.0
0.0
0.0
0.0555555555556
0.0
0.0
0.0
0.0
0.0
0.0
0.0
0
0
0
0.5
0.0434782608696
0.0454545454545
0.0
0.0
0.0
0.0
0.0
0.0
0.0
0.0
0.0
0.0
0.0
0.0
0.142857142857
0.0
0.0
0
0.0
0.0
0
0
0
0.5
0.0
0.153846153846
0.0
0.0
0.0
0.130434782609
0.0
0.0
0.0
0.0
0.0
0.0
0.0
0.0
0.0
0.0
0.0
0
0.0
0
0.0
0.0
0.0
0.0
0.0
0.0
0.0
0.0
0.0625
0.333333333333
0.0
0.0
0.0
0.0
0.0
0.0
0.0
0.0
0.0
0.0
0.0
0.0
0
0
0
0
0
0.333333333333
0.0
0.446808510638
0.0
0.0
0.307692307692
0.277777777778
0.444444444444
0.235294117647
0.214285714286
0.0
0.0
0.0
0.0
0.0
0.0
0.0
0.0
0
0.0
0.0
0.0
0
0
0.0
0.0
0.0
0.0
0.0
0.0
0.0
0.0
0.0
0.0
0.0
0.0
0.0
0.0
0.0
0.0
0.0
0
0.0
0
0
0
0
0
1.0
0
0.0
0.0
0.0
0.0
0.0
0.0
0.0
0.0
0.0
0.0
0.0
0.0
0.0
0.0
0.0
0.0
0.0
0.0
0
0.0
0.0
0.0
0.0
0.0
0.333333333333
0.0
0.0
0.166666666667
0.25
0.0
0.0
0.0
0.0
0.0
0.0
0.0
0.111111111111
0.0
0.0
0.0
0.0
0.0
0
0
0.5
0.0
0.0
0.0
0.0
0.0
0.0
0.0
0.0
0.0
0.0
0.0
0.0
0.0
0.0
0.166666666667
0.0
0.0
0.0
0.0
0.0
0.0
0.0
0
0.0
0.0
0.0
0.0625
0.0
0.05
0.0
0.133333333333
0.571428571429
0.25
0.0833333333333
0.0
0.0
0.0
0.0
0.0
0.0
0.0
0.0
0.0
0.0
0
0
0
0
0.5
0.0
0.0
0.0769230769231
0.0
0.0
0.125
0.333333333333
0.333333333333
0.25
0.0
0.0
0.0
0.0
0.0
0.0
0.0
0.0
0.0
0.0
0
0.0
0.0
0.0
0.0
0.0
0.0
0.0
0.0
0.0
0.0833333333333
0.0
0.0
0.25
0.0
0.0
0.0
0.0
0.0
0.0
0.0
0.0
0.0
0.0
0
0.0
0
0
0
0.5
0.0
0.0
0.0
0.0
0.0
0.1
0.0
0.0
0.0
0.0
0.0
0.0
0.0
0.0
0.0
0.0
0.0
0.0
0
0
0
1.0
0
0
0.666666666667
0
0.0
0.0
0.0
0.0
0.0
0.0
0.0
0.0
0.0
0.0
0.0833333333333
0.0
0.0
0.0
0.0
0.0
0.0
0
0.0
0
0.0
0.0
0.0
0.137931034483
0.0
0.0
0.0
0.5
0.444444444444
0.0
0.0
0.0
0.0
0.0
0.0
0.0
0.0
0.0
0.0
0.0
0.0
0.0
0.0
0
0.0
0.25
0.0
0.0
0.0
0.0
0.0
0.0
0.0
0.0
0.0
0.0
0.0
0.0
0.0
0.0
0.0
0.1875
0.0
0.0
0.0
0.0
0
0.0
0
0.0
0.166666666667
0.0
0.142857142857
0.0
0.0
0.0
0.0
0.0
0.0
0.0
0.0
0.0
0.0
0.0
0.0
0.0
0.0
0
0
0.0
0.0
0
0
0.5
0.0
0.0
0.0
0.0
0.0
0.0
0.0
0.0
0.0
0.0
0.0
0.0
0.0
0.0
0.0
0.0
0.0
0.0
0.0
0.0
0
0
0
0.5
0.0
0.0
0.0
0.0
0.0
0.0
0.0
0.0
0.0
0.0
0.0
0.0
0.0
0.0
0.0
0.0
0
0
0
0
0
0
0
0
1.0
0
0.0
0.0
0.0
0.0
0.0
0.0
0.0
0.0
0.0
0.0
0.0
0.0
0.0
0.0
0.0
0
0
1.0
0
0
0
1.0
0
0.0
0.0
0.0
0.0
0.0
0.0
0.0
0.0
0.0
0.0
0.0
0.0
0.0
0.0
0.0
0.0
0.0
0.0
0
0
0
0
0.333333333333
0.0
0.0
0.0
0.0
0.0
0.0
0.0
0.0
0.0
0.0
0.0
0
0.0
0.0
0.0
0.0
0.0
0.0
0.0
0
0.0
0.0
0
0.0
0.0
0.0
0.0
0.0
0.0
0.0
0.0
0.0
0.0
0.0
0.0
0.0
0.0
0.0
0.0
0
0.0
0
0.0
0
0
0
0.0
0.0
0.0
0.0
0.0
0.0
0.0
0.0
0.0
0.0
0.0
0.0
0.0
0.0
0.0
0.0
0.0
0.0
0.0
0.0
0
0
0
1.0
0
0.0
0.0
0.0
0.0
0.0
0.0
0.0
0.0
0.0
0.0
0.0
0.0
0.0
0.0
0.0
0.0
0.0
0.0
0.0
0.0
0
0
1.0
0
0
0.5
0.341463414634
0.0
0.0
0.0
0.0
0.0
0.0
0.0
0.0
0.0
0.0
0.0
0.0
0.0
0.0
0.0
0.0
0.0
0
0.0
0
0.0
0
0.0
0.0
0.0
0.0
0.0
0.0
0.0
0.0
0.0
0.0
0.0
0.0
0.0
0.0
0.0
0.0
0.0
0.0
0.0
0
0
0.5
0
0
1.0
0.0
0.0
0.0
0.0
0.0
0.0
0.0
0.0
0.0
0.0
0.0
0.0
0.0
0.0
0.0
0.0
0.0
0.0
0.0
0
0.0
0.0
0.0
0.0
0.0
0.0
0.0
0.0
0.0
0.0
0.0
0.0
0.0
0.0
0.0
0.0
0.0
0.0
0.0
0.0
0.0
0
0.0
0
0
0
0.0
0.0
0.0
0.0
0.0
0.0
0.0
0.0
0.0
0.0
0.0
0.0769230769231
0.0
0.0
0.0
0.0
0.0
0.0
0.0
0.0
0.0
0.0
0.0
0
0.0
0.0
0.0454545454545
0.0
0.0
0.0
0.0
0.0
0.0
0.0
0.0
0.0
0.0
0.0
0.0
0.0
0.0
0.0
0.0
0.0
0
0
0
0
0.2
0.0
0.135135135135
0.0
0.0
0.0
0.0
0.0
0.0
0.0
0.0
0.0
0.0
0.0
0.0
0.0
0.0
0.0
0.0
0.0
0.0
0
0.0
0.0
0.0
0.0555555555556
0.0208333333333
0.0
0.0
0.0
0.0
0.0
0.0
0.0
0.0
0.0
0.0
0.0
0.0
0.0
0.0
0.0
0.0
0.0
0.0
0.0
0
0
0
1.0
0.0
0.0
0.0
0.0
0.0
0.0
0.0952380952381
0.0
0.0
0.0
0.0
0.0
0.0
0.0
0.0
0.0
0
0.0
0.0
0
0
1.0
0
0
0.0
0.0909090909091
0.0
0.0
0.0
0.0
0.0
0.0
0.0
0.0
0.0
0.0
0.0
0.0
0.0
0.0
0.0
0.0
0
0
0.0
0
0.0
0.0
0.0
0.0
0.0
0.0
0.0
0.0
0.0
0.0
0.0
0.0
0.0
0.0
0.0
0.0
0.0
0.0
0.0
0.0
0.0
0.0
0
0.0
0.0
0.0
0.0952380952381
0.0
0.0
0.0
0.0
0.0
0.0
0.0
0.0
0.0
0.0
0.0
0.0
0.0357142857143
0.0714285714286
0.0
0.0
0.0
0.0
0.0
0.0
0.0
0.0
0.0
0.382978723404
0.0
0.0
0.0
0.0
0.0
0.0
0.0
0.0
0.0
0.0
0.0
0.0
0.0
0.0
0.0
0.0
0.0
0.0
0
0.0
0.0
0.0
0.0
0.0
0.0
0.0212765957447
0.0
0.0
0.0
0.0
0.0
0.0
0.0
0.0
0.0
0.0
0.0
0.0
0.0
0.0
0.0
0.0
0.0
0.0
0.0
0.0
0.0
0.0
0.0
0.0
0.0
0.0
0.0
0.0
0.0
0.0
0.0
0.0
0.0
0.0
0.0
0.0
0.0
0.0
0.0
0
0.0
0
0
0
0.2
0.0
0.0
0.0
0.0
0.0
0.0
0.0
0.0
0.0
0.0
0.047619047619
0.0
0.0
0.0
0.0
0.0
0.0
0.0
0.0
0
0
0
1.0
0.0
0.0
0.153846153846
0.1875
0.0
0.0
0.0
0.0
0.0
0.0
0.0
0.0
0.0
0.0
0.0
0.0
0.0
0.0
0.0
0.0
0.0
0.0
0.0
0.0
0.565217391304
0.0
0.0
0.0561797752809
0.0
0.0
0.02
0.0
0.0
0.0
0.0
0.0
0.0
0.0
0.0
0.0
0.0
0.0
0.0
0.0
0.0
0.0
0
0.333333333333
0.25
0.0
0.0
0.0
0.0
0.0
0.0
0.0
0.0
0.0
0.0
0.00990099009901
0.0
0.0
0.0
0.0
0.0
0.0
0.0
0.0
0.0
0.0
0.0
0.0
0.333333333333
0.134615384615
0.0677966101695
0.0
0.0
0.0
0.0
0.0
0.0
0.0
0.0
0.0
0.0
0.0
0.0
0.0
0.0
0.0
0.0
0.0
0.0
0
0.0
0.0
0.393939393939
0.0416666666667
0.275510204082
0.0
0.0
0.0
0.0
0.0
0.0
0.0
0.0
0.0
0.0
0.0
0.0
0.0
0.0
0.0
0.0
0.0
0.0
0.0
0.0
0.0769230769231
0.0
0.0
0.25
0.0
0.0
0.0
0.0
0.0
0.0
0.0
0.0
0.0
0.0
0.0
0.0
0.0
0.0
0.0
0
0
0.0
0.0
0.0
0.0
0.0
0.0
0.125
0.0
0.0
0.0
0.0
0.0
0.0
0.0
0.0
0.0
0.0
0.0
0.0
0.0
0.0
0.0
0.0
0
0
1.0
0.0
0.0
0.0
0.0
0.0
0.0
0.0
0.0
0.0
0.0
0.0
0.0
0.0
0.0
0.0
0.0
0.0
0.0
0.0
0.0
0.0
0.0
0.0
0.0
0.0
0.0
0.128205128205
0.0
0.0
0.0
0.0
0.0
0.0
0.0
0.0
0.0
0.0
0.0
0.0
0.0
0.0
0.0
0.0
0.0
0.0
0.0
0.0
0.0
0.166666666667
0.176470588235
0.0
0.0
0.0
0.0
0.0
0.0
0.0
0.0
0.0
0.0
0.0
0.0
0.0
0.0
0.0
0.0
0.0
0.0
0.0
0.0
0.0
0.0
0.0
0.0
0.0
0.0
0.0
0.0
0.0
0.0
0.0
0.0
0.0
0.0
0.0
0.0
0.0
0.0
0.0
0.0
0.0
0.0
0.0
0.0
0.0
0.0
0.0
0.0
0.0
0.0
0.0
0.0
0.0
0.0
0.0
0.0
0.0
0.0
0.0
0.0
0.0
0.0
0.0
0.0
0.0
0.0
0.0
0.0
0.0
0.0
0.0
0.0
0.0
0.0
0.0
0.0
0.0
0.0
0.0
0.0
0.0
0.0
0.0
0.0
0.0
0.0
0.0
0.0
0.0
0.0
0.0
0
0
0
1.0
0.0
0.0
0.0
0.0
0.0
0.0
0.0
0.0
0.0
0.0
0.0
0.0
0.0
0.0
0.0
0.0
0.0
0.0
0.0
0.0
0.0
0
0
0
0.666666666667
0.0
0.0
0.0
0.0
0.0
0.0
0.0454545454545
0.0
0.0
0.0
0.0
0.0
0.0
0.0
0.0
0.0
0.0
0.0
0.0
0.0
0.0
0.0
0.0
0.0
0.2
0.0
0.203125
0.0
0.0
0.0
0.0
0.0
0.0
0.0
0.0
0.0
0.0
0.0
0.0
0.0
0.0
0.0
0.0
0.0
0.0
0.0
0.0
0.0
0.107142857143
0.046511627907
0.0
0.0
0.0
0.0
0.0
0.0
0.0
0.0
0.0
0.0
0.0
0.0
0.0
0.0
0.0
0.0
0.0
0.0
0
0.0
0.0
0.0
0.307692307692
0.0
0.119047619048
0.0
0.0
0.0
0.0
0.0
0.0
0.0
0.0
0.0
0.0
0.0
0.0
0.0
0.0
0.0
0.0
0.0
0
0.0
0.0
0.117647058824
0.137931034483
0.0
0.0
0.0
0.0
0.0
0.0
0.0
0.0
0.0
0.0
0.0
0.0
0.0
0.0
0.0
0.0
0.0
0.0
0.0
0.0
0.0
0.0
0.0
0.0
0.195652173913
0.0985915492958
0.0
0.0
0.0
0.0
0.0
0.0
0.0
0.0
0.0
0.0
0.0
0.0
0.0
0.0
0.0
0.0
0
0.0
0.0
0
0.0
0.0
0.0
0.111111111111
0.0
0.117647058824
0.0
0.0
0.0
0.0
0.0
0.0625
0.0
0.0869565217391
0.0
0.0
0.0
0.0
0.0
0.0
0.0
0.0
0.0
0
0.0
0.0
0.0
0.0
0.15
0.0
0.0833333333333
0.0833333333333
0.0217391304348
0.0
0.0
0.0
0.109090909091
0.0
0.0
0.0
0.0
0.0
0.0
0.0
0.0
0.0
0.0
0.0
0.0
0.2
0.0
0.0655737704918
0.0714285714286
0.0
0.0
0.0
0.0
0.0
0.0
0.0
0.0
0.0
0.0697674418605
0.0
0.0
0.0
0.0
0.0
0.0
0.0
0.0
0.0
0.0
0.0
0.0
0.0
0.0
0.0
0.0
0.0
0.0
0.0
0.0
0.0
0.0
0.338028169014
0.197368421053
0.0
0.0
0.0
0.0
0.0
0.0
0.0
0.0
0.0
0.0
0.1
0.0
0.0
0.0
0.0
0.0
0.0212765957447
0.0
0.0
0.0
0.0
0.0
0.0
0.0
0.0
0.0
0.0
0.0
0.0
0.0
0.0
0.0
0.0
0.111111111111
0.205882352941
0.0975609756098
0.0
0.0
0.0
0.0
0.0
0.0
0.0
0.0
0.0
0.0
0.0
0.0
0.0
0.0
0.0
0.0
0.0
0.0
0.0
0.0
0.0
0.0
0.0416666666667
0.0
0.0
0.0
0.0
0.0
0.0
0.0
0.0
0.0
0.0
0.0
0.0
0.0
0.0
0.0
0.0
0.0
0.0
0.0
0.0
0
0.0
0.0
0.0
0.0
0.0
0.0
0.0
0.0
0.0
0.294117647059
0.0
0.0
0.0
0.0
0.0
0.0
0.0
0.0
0.0
0.0
0.0
0.0
0.0
0
0.0
0.0
0.0
0.0
0.0
0.0
0.157894736842
0.0
0.0731707317073
0.0
0.0
0.0
0.0740740740741
0.214285714286
0.0222222222222
0.05
0.0
0.0
0.0
0.0
0.0
0.0
0.0
0.0
0.0
0.166666666667
0.266666666667
0.0625
0.0
0.0
0.0
0.0
0.0
0.0
0.0188679245283
0.0
0.0
0.0161290322581
0.0454545454545
0.0
0.0
0.0
0.0
0.0
0.0
0.0
0.0
0.0
0.0
0.181818181818
0.478260869565
0.105263157895
0.0
0.0
0.0
0.0
0.0
0.0
0.0
0.0
0.0
0.0
0.046511627907
0.129032258065
0.0
0.0
0.0
0.0
0.0
0.0
0.0
0.0
0
0.0
0.2
0.0851063829787
0.0169491525424
0.0
0.0
0.0
0.0
0.0
0.0
0.0
0.0
0.0
0.0
0.0625
0.0
0.0
0.0
0.0
0.0
0.0
0.0
0
0.0
0.0
0.363636363636
0.125
0.075
0.0
0.0
0.0
0.0
0.0
0.0
0.0
0.0
0.0
0.0
0.0
0.0
0.0
0.0
0.0
0.0
0.0
0.0
0
0.0
0.0
0.0
0.047619047619
0.0
0.0
0.0
0.161290322581
0.125
0.0
0.0
0.0
0.0
0.0
0.0
0.0
0.0
0.0
0.0
0.0
0.0
0.0
0.0
0
0
0.0
0.0
0.0
0.0
0.0
0.0
0.0
0.0
0.0909090909091
0.142857142857
0.0
0.0
0.0
0.0
0.0
0.0
0.0
0.0
0.0
0.0
0.0
0
0.0
0.0
0.0
0.0
0.125
0.0
0.0952380952381
0.0
0.47619047619
0.0
0.333333333333
0.0909090909091
0.0
0.0
0.0967741935484
0.245283018868
0.0
0.0
0.0
0.0
0.0
0.0
0.0
0.0
0.0
0.0
0.0833333333333
0.0
0.0
0.0
0.0
0.0
0.0731707317073
0.0
0.0535714285714
0.0
0.0
0.0
0.139240506329
0.0
0.0377358490566
0.0
0.0
0.0
0.0
0.0
0.0
0.0
0.0
0.0
0.0
0.292682926829
0.0833333333333
0.0
0.0
0.0
0.0
0.0
0.0
0.0
0.0
0.0
0.0190476190476
0.0188679245283
0.0165289256198
0.0
0.0
0.0
0.0
0.0
0.0
0.0
0.0
0.0
0.0
0.0833333333333
0.152173913043
0.0
0.0
0.0
0.0
0.0
0.0
0.0
0.0
0.0
0.0721649484536
0.0294117647059
0.0
0.0
0.0
0.0
0.0
0.0
0.0
0.0
0.0
0.0
0.0833333333333
0.0810810810811
0.287671232877
0.0
0.0
0.0
0.0
0.0
0.0
0.0
0.0
0.0
0.0
0.152941176471
0.0
0.0
0.0
0.0
0.0
0.0
0.0
0.0
0.0
0.0
0.0
0.263157894737
0.108695652174
0.244680851064
0.0442477876106
0.0
0.0403225806452
0.18064516129
0.0
0.0
0.0
0.0
0.0
0.0
0.0
0.0
0.0
0.0
0.0
0.0
0.0
0.0
0
0.0
0.0
0.0
0.0
0.0
0.25
0.0
0.0
0.0
0.0
0.0
0.181818181818
0.0
0.0
0.0
0.0
0.0
0.0
0.0
0.0
0.0
0.0
0
0
0
0.0
0.0
0.133333333333
0.1
0.0
0.0
0.0
0.0
0.0975609756098
0.0192307692308
0.0
0.0
0.0847457627119
0.15
0.0327868852459
0.0
0.0
0.0
0.0
0.0
0.0
0.0
0.0
0.0
0.272727272727
0.153846153846
0.27027027027
0.0
0.0
0.0
0.0
0.0
0.0
0.0
0.0
0.0
0.0
0.0
0.0
0.0
0.0
0.0
0.0
0.0
0.0
0.0
0.0
0.0
0.0
0.425531914894
0.1875
0.0
0.0
0.0
0.0
0.0
0.0
0.0
0.0
0.0
0.0
0.0
0.0
0.166666666667
0.0
0.0
0.0
0.0
0.0
0.0
0.0
0.0
0.0833333333333
0.25
0.0333333333333
0.0
0.0
0.0
0.0
0.0
0.0
0.0
0.0
0.0
0.0
0.0
0.0166666666667
0.0
0.0
0.0
0.0
0.0
0.0
0.0
0.0
0.0
0.0
0.166666666667
0.285714285714
0.0
0.0
0.0
0.0
0.0
0.0
0.0
0.0
0.0
0.0
0.0
0.0
0.0
0.0
0.0
0.0
0.0
0.0
0.0
0.0
0.0
0.0
0.0
0.0512820512821
0.03125
0.0
0.0
0.0
0.0
0.0
0.0
0.0
0.0
0.0
0.0
0.0
0.0
0.0
0.0
0.0
0.0
0.0
0.0
0
0.0
0.0
0.0
0.0
0.105263157895
0.0
0.0
0.0
0.0
0.0
0.0
0.0
0.0
0.0
0.0555555555556
0.0833333333333
0.0384615384615
0.0
0.0
0.0
0.0
0.0
0.0
0.0
0.0
0
0.0
0.181818181818
0.210526315789
0.0909090909091
0.0
0.0
0.0888888888889
0.0952380952381
0.134615384615
0.0
0.0
0.105263157895
0.115384615385
0.0192307692308
0.0625
0.0
0.0
0.0
0.0
0.0
0.0
0.0
0.0
0.0
0.115384615385
0.0
0.0
0.0
0.0
0.0
0.0
0.0
0.0
0.0
0.0
0.127450980392
0.0
0.0980392156863
0.0
0.0
0.0
0.0
0.0
0.0
0.0
0.0
0.0
0.0
0.268292682927
0.494736842105
0.0
0.0
0.0
0.0
0.0
0.0
0.0
0.0
0.0
0.0
0.0
0.0
0.0
0.0
0.0
0.0
0.0
0.0
0.0
0.0
0.0
0.0
0.0
0.0294117647059
0.0
0.0
0.0
0.0
0.0212765957447
0.0
0.0
0.0
0.0
0.0
0.0
0.0
0.0
0.0
0.0
0.0
0.0
0.0
0.0
0.0
0.0
0.0
0.0
0.2
0.145833333333
0.0
0.0
0.0
0.0
0.0
0.0
0.0
0.0
0.0384615384615
0.116883116883
0.0
0.0
0.0
0.0
0.0
0.0
0.0
0.0
0.0
0.0
0.0
0.0
0.222222222222
0.133333333333
0.0
0.0
0.0
0.0
0.0
0.0
0.0
0.161290322581
0.0
0.0
0.0
0.0
0.0
0.0
0.0
0.0
0.0
0.0
0
0
1.0
0.166666666667
0.0
0.0
0.0
0.0
0.0769230769231
0.0
0.0
0.12
0.0434782608696
0.0
0.0
0.0
0.166666666667
0.0
0.0
0.0
0.0
0.0
0
0.0
0.0
0.0
0.0
0.3125
0.238095238095
0.0
0.0
0.272727272727
0.241379310345
0.181818181818
0.0
0.0952380952381
0.0
0.0
0.21568627451
0.0
0.0
0.0
0.0
0.0
0.0
0.0
0.0
0.0
0.0
0.0
0.0
0.269230769231
0.0645161290323
0.0
0.0
0.0
0.0
0.0
0.0
0.0
0.0
0.0
0.125
0.0
0.0
0.0
0.0
0.0
0.0
0.0
0.0
0.0
0.0
0.0
0.333333333333
0.564516129032
0.0769230769231
0.0
0.0
0.0
0.0
0.0
0.0
0.0
0.0
0.0
0.0
0.0
0.0
0.0
0.0
0.0
0.0
0.0
0.0
0.0
0.0
0.0
0.0
0.0
0.205128205128
0.25
0.0
0.0
0.0
0.0
0.0
0.0
0.0
0.0
0.0
0.0632911392405
0.0
0.0
0.0
0.0
0.0
0.0
0.0
0.0
0.0
0.0
0.0
0.573529411765
0.0921052631579
0.247058823529
0.0
0.0
0.0
0.0
0.0
0.017094017094
0.0
0.0
0.0408163265306
0.0725806451613
0.0
0.0
0.0
0.0
0.0
0.0
0.0
0.0
0.0
0.0
0.125
0.30303030303
0.0909090909091
0.157303370787
0.0630630630631
0.0
0.0
0.0
0.0
0.0
0.0
0.0
0.0
0.0
0.0
0.0869565217391
0.0
0.0
0.0
0.0
0.0
0.0
0.0
0.0
0.0
0.0
0.153846153846
0.15
0.21875
0.0857142857143
0.0
0.0
0.0
0.0
0.0
0.0
0.194444444444
0.0
0.0
0.0
0.0
0.0
0.0
0.0
0.0
0.0
0.0
0.0
0.0
0.1
0.0
0.0
0.217391304348
0.3125
0.0
0.208333333333
0.0
0.0606060606061
0.0697674418605
0.127659574468
0.210526315789
0.0357142857143
0.0
0.0
0.0
0.0
0.0
0.0
0.0
0.0
0.0
0.1
0.357142857143
0.0434782608696
0.486486486486
0.140350877193
0.0
0.0
0.125
0.0
0.0
0.0
0.0
0.0
0.0
0.0
0.0
0.0
0.0
0.0
0.0
0.0
0.0
0.0
0.0
0.0
0.0714285714286
0.611940298507
0.0
0.0461538461538
0.0
0.0
0.0
0.0
0.172413793103
0.0
0.0
0.0
0.0
0.0363636363636
0.0
0.0
0.0
0.0
0.0
0.0
0.0
0.0
0.0
0.0
0.0
0.166666666667
0.431818181818
0.0
0.0
0.0
0.0
0.0172413793103
0.0
0.0
0.0
0.0
0.0416666666667
0.2625
0.08
0.0
0.0
0.0
0.0
0.0
0.0
0.0
0.0
0.0
0.157894736842
0.354838709677
0.205882352941
0.04
0.0
0.0
0.0
0.122807017544
0.0652173913043
0.0
0.0
0.0
0.0
0.139534883721
0.0
0.0
0.0
0.0
0.0
0.0
0.0
0.0
0.0
0.0
0.0833333333333
0.0588235294118
0.355555555556
0.238095238095
0.0
0.0
0.0
0.0
0.0
0.0
0.0
0.0
0.0
0.0
0.0
0.0
0.0
0.0
0.0
0.0
0.0
0
0.0
0
0.125
0.0
0.0
0.0
0.0
0.0
0.0
0.0
0.0540540540541
0.0
0.0
0.0
0.0
0.0
0.0
0.0740740740741
0.0625
0.0
0.0
0.0
0.0
0.0
0.0
0.0
0.0
0.0
0.296296296296
0.030303030303
0.0
0.0
0.183673469388
0.0
0.0714285714286
0.0217391304348
0.1
0.0185185185185
0.0
0.0
0.0
0.0
0.0
0.0
0.0
0.0
0.0
0.0
0.0
0.0
0.0
0.0625
0.272727272727
0.203389830508
0.0576923076923
0.0
0.10752688172
0.0
0.0
0.0
0.0
0.0666666666667
0.0298507462687
0.0
0.0
0.0
0.0
0.0
0.0
0.0
0.0
0
0.0
0.0
0.181818181818
0.239130434783
0.0
0.0769230769231
0.0
0.0
0.0
0.0
0.0
0.0
0.0
0.0
0.0
0.148148148148
0.0175438596491
0.0
0.0
0.0
0.0
0.0
0.0
0.0
0.0
0.0
0.0
0.333333333333
0.0
0.19298245614
0.0
0.0
0.0862068965517
0.0
0.0
0.0
0.0
0.0
0.0
0.0
0.191780821918
0.0985915492958
0.0
0.0
0.0
0.0
0.0
0.0
0.0
0.0
0.0769230769231
0.0909090909091
0.25641025641
0.232876712329
0.0
0.0
0.0
0.0
0.0
0.0
0.0
0.0
0.132653061224
0.0756302521008
0.0
0.0
0.0
0.0
0.0
0.0
0.0
0.0
0.0
0.0
0.0
0.24
0.0769230769231
0.046511627907
0.0
0.030303030303
0.120967741935
0.0
0.0
0.0
0.0
0.0
0.0
0.0
0.0
0.0
0.0
0.0
0.0
0.0
0.0
0.0
0
0.0
0.0
0.0
0.214285714286
0.0
0.0
0.0
0.0810810810811
0.0
0.0
0.04
0.0
0.0
0.0
0.0
0.0
0.0
0.0
0.0
0.0
0.0
0.0
0.0
0.0
0.0
0.0
0.0
0.105263157895
0.185185185185
0.0
0.0
0.0487804878049
0.0
0.0
0.0
0.0
0.0
0.0175438596491
0.0
0.0
0.0
0.0
0.0
0.0
0.0
0.0
0.0
0.0
0.0
0.3
0.210526315789
0.0
0.0
0.0392156862745
0.1
0.0
0.0
0.0
0.0
0.0
0.0
0.0
0.0
0.0
0.0
0.0
0.0
0.0
0.0
0.0
0.0
0.0
0.0
0.0
0.441176470588
0.1
0.0
0.0
0.0
0.125
0.269230769231
0.0
0.0
0.0
0.0
0.0
0.0
0.130434782609
0.111111111111
0.0
0.0
0.0
0.0
0.0
0
0.0
0.0
0.0
0.181818181818
0.0
0.0
0.0714285714286
0.0
0.428571428571
0.3
0.0
0.0
0.0416666666667
0.0
0.0
0.0
0.0
0.0
0.0
0.0
0.0
0.0
0.0
0.0
0
0.0
0.0
0.0
0.166666666667
0.0
0.238095238095
0.0
0.0
0.0
0.0
0.0
0.0
0.0454545454545
0.166666666667
0.0
0.0952380952381
0.0666666666667
0.0
0.0
0.0
0.0
0.0
0.0
0.0
0.0
0.0
0.0
0.0
0.466666666667
0.208333333333
0.0
0.0
0.12
0.41935483871
0.0
0.0
0.0
0.25
0.2
0.0
0.0
0.0
0.0
0.0
0.0
0.0
0.0
0.0
0.0
0.0
0.466666666667
0.260869565217
0.0
0.0
0.28
0.321428571429
0.0
0.189189189189
0.1875
0.0
0.0
0.0
0.178571428571
0.185185185185
0.363636363636
0.0
0.0
0.0
0.0
0.0
0.0
0.0
0.0
0.111111111111
0.0
0.470588235294
0.44
0.0714285714286
0.115384615385
0.5
0.138888888889
0.0
0.119047619048
0.295454545455
0.0
0.108108108108
0.150943396226
0.0169491525424
0.0
0.0
0.0
0.0
0.0
0.0
0.0
0.0
0.0
0.4
0.384615384615
0.0
0.0
0.015873015873
0.0
0.0
0.0
0.25
0.0363636363636
0.0
0.0
0.0
0.0
0.0
0.0
0.0
0.0
0.0
0.0
0.0
0.0
0.0
0.0
0.190476190476
0.527777777778
0.0
0.0
0.0
0.0
0.0
0.0
0.0757575757576
0.0645161290323
0.0
0.0909090909091
0.320987654321
0.263888888889
0.0
0.0
0.0
0.0
0.0
0.0
0.0
0.0
0.375
0.0
0.148148148148
0.333333333333
0.222222222222
0.159090909091
0.111111111111
0.1
0.175438596491
0.0151515151515
0.0151515151515
0.0508474576271
0.0
0.0
0.188235294118
0.0602409638554
0.0
0.0
0.0
0.0
0.0
0.0
0.0
0.0
0.0
0.0
0.294117647059
0.275862068966
0.326923076923
0.163636363636
0.0
0.0
0.0
0.0
0.0
0.0
0.0
0.0705882352941
0.326732673267
0.0
0.0
0.0
0.0
0.0
0.0
0.0
0.0
0.0
0.0
0.0
0.4
0.435897435897
0.375
0.0
0.0
0.0
0.0298507462687
0.20253164557
0.0697674418605
0.0681818181818
0.0
0.0
0.0
0.0
0.0
0.0
0.0
0.0
0.0
0.0
0.0
0
0.0
0.0
0.0
0.571428571429
0.307692307692
0.25
0.0
0.0
0.0
0.0384615384615
0.0
0.0
0.0
0.133333333333
0.166666666667
0.210526315789
0.0
0.0
0.0
0.0
0.0
0.0
0.0
0.0
0.0
0.0
0.3
0.571428571429
0.0
0.421052631579
0.0869565217391
0.379310344828
0.214285714286
0.0344827586207
0.0
0.0
0.125
0.285714285714
0.294117647059
0.0
0.0
0.0
0.0
0.0
0.0
0.0
0.0
0.0
0.0
0.0
0.565217391304
0.117647058824
0.0
0.0
0.0
0.0
0.0
0.0
0.0
0.0
0.0
0.0
0.0
0.0
0.0384615384615
0.0
0.0
0.0
0.0
0.0
0.0
0.0
0.0
0.0
0.0
0.428571428571
0.333333333333
0.0740740740741
0.0
0.0
0.0
0.0
0.0
0.0
0.0
0.0
0.0
0.153846153846
0.272727272727
0.0
0.0
0.0
0.0
0.0
0.0
0.0
0.0
0.0
0.0
0.176470588235
0.0
0.0
0.1
0.111111111111
0.0
0.0
0.0
0.0
0.0
0.0
0.0
0.0
0.0
0.0
0.0
0.0
0.0
0.0
0
0.0
0.0
0.0
0.125
0.5
0.111111111111
0.0
0.0
0.0
0.0
0.192307692308
0.0
0.0
0.0
0.0
0.0
0.0
0.0
0.0
0.0
0.0
0.0
0.0
0.0
0.0
0.0
0.0909090909091
0.0
0.0
0.0
0.0
0.0
0.0
0.0
0.166666666667
0.0
0.0
0.0
0.0
0.0
0.0
0.0
0.0
0.0
0.0
0.0
0.0
0.0
0
0
0.0
0.0
0.0
0.0
0.222222222222
0.153846153846
0.0
0.0
0.0
0.0
0.0
0.0
0.0
0.0
0.0
0.0
0.0
0.0
0.0
0.0
0.0
0
0
0
1.0
0.666666666667
0.0
0.0
0.0
0.0
0.0
0.0
0.0
0.0
0.0
0.0
0.0
0.05
0.0
0.0
0.0
0.0
0.0
0.0
0.0
0.0
0.0
0.0
0.0
0.2
0.466666666667
0.0
0.0
0.0
0.0
0.0952380952381
0.0909090909091
0.0
0.0
0.0
0.0
0.0
0.0
0.0
0.0
0.0
0.0
0.0
0
0
0.0
0.333333333333
0.0
0.0
0.0
0.1875
0.142857142857
0.0
0.0
0.0
0.0
0.0
0.0
0.0
0.0
0.272727272727
0.0
0.0
0.0
0.0
0.0
0.0
0
0.0
0.0
0
0.0
0.0
0.125
0.0
0.0
0.0
0.0
0.0
0.0
0.0
0.0
0.0
0.0
0.0
0.0
0.0
0.0
0.0
0.0
0.0
0
0
0.0
0.0
0.0
0.0
0.333333333333
0.222222222222
0.0
0.0
0.0
0.0
0.0714285714286
0.0
0.0
0.0
0.0
0.0
0.0
0.0
0.0
0.0
0.0
0.0
0
0.0
0
0
0.911111111111
0.2
0.0
0.0
0.0
0.0
0.0
0.0
0.0
0.0
0.0
0.0
0.0
0.0
0.0
0.0
0.0
0.0
0.0
0.0
0
0
0
0
0
0
1.0
0.4
0.0
0.0
0.0
0.0
0.0
0.0
0.0
0.0
0.0
0.0
0.0
0.0
0
0.0
0.0
0.0
0
0
0.0
0
0
0.0
0.0
0.0
0.0
0.0
0.0
0.0
0.0
0.166666666667
0.0
0.0
0.0
0.0
0.0
0.0
0.0
0.0
0
0
0.0
0.0
0
0
0.0
0
0.6
0.25
0.0
0.0
0.0
0.0
0.0
0.0
0.0
0.0
0.0
0.0
0.0
0
0.0
0
0.0
0
0
0
0
0
1.0
0
0.0
0.25
0.0
0.0
0.0
0.0
0.0
0.0
0.0
0.0
0.0
0.0
0.0
0
0.0
0
0.0
0.0
0.0
0
0
0.0
0
0.0
0.0
0.0
0.333333333333
0.0
0.0
0.0
0.0
0
0.0
0.0
0
0.0
0.0
0.0
0
0
0.0
0.0
0.0
0
0.0
0.0
0
0
0.0
0.0
0.0
0.0
0.166666666667
0
0.0
0.0
0.0
0.0
0.0
0.25
0
0.0
0.0
0.0
0
0.0
0
0
0
0
0
0
0
1.0
1.0
0.0
0.0
0
0.0
0.0
0.0
0.0
0.0
0.0
0.0
0.0
0.0
0.0
0.0
0.0
0.0
0
0
0
0
0
1.0
0.0
0.0
0.0
0
0.0
0.0
0.0
0.0
0.0
0.0
0
0.0
0
0
0.0
0.0
0
0
0.0
0.0
0
0.0
0
0.0
0.0
0
0.0
0.25
0.0
0
0.0
0.0
0.0
0.0
0.0
0.0
0.0
0
0.0
0
0.0
0
0.0
0.0
0
0
0.0
0.0
0.0
0.0
0.0
0.0
0.0
0.0
0.0
0.0
0.0
0.0
0.0
0.0
0.0
0
0.0
0
0.0
0
0
0.0
0
0
0
0.0
0.0
0.0
0.0
0.0
0.0
0.0
0.0
0
0.0
0.0
0.0
0.0
0.0
0
0.0
0
0
0
1.0
0
0
0.0
0.0
0.0
0.0
0.0
0.0
0.0
0.0
0.0
0
0.0
0.0
0.0
0.0
0.0
0.0
0.0
0.0
0.0
0.0
0
0
0.0
0.0
0
0
0
1.0
1.0
0.333333333333
0.0
0.0
0.0
0.0
0.0
0.0
0.0
0.0
0.0
0.0
0
0.0
0.0
0.0
0
0.0
0
0
0.0
0
0.0
0.0
0.0
0.0
0.0
0.0
0.0
0.0
0.0
0.0
0.0
0.0
0.0
0.0
0.0
0.0
0.0
0
0
0
0
0
1.0
1.0
0.0
0.0
0.0
0.0
0.0
0.0
0.0
0.0
0
0.0
0.0
0.0
0.0
0.0
0
0.0
0.0
0
0
0.0
0.0
0
0
0
0.0
0.0
0.0
0.0
0.142857142857
0.0
0.0
0.0
0.0
0.0
0.0
0.0
0.0
0.0
0.0
0
0.0
0
0
0
0
0
0
1.0
0.1
0.0
0.0
0.0
0.0
0.0
0.0
0.0
0.0
0.0
0.0
0.0
0.0
0.0
0.0
0.0
0.0
0
0.0
0
0
0
0
1.0
0.636363636364
0.217391304348
0.0
0.0
0.0
0.0
0.0
0.0
0.0
0.0
0.0
0.0
0.0
0.0
0.0
0.0
0.0
0.0
0
0
0.0
0
0.0
0.0
0.166666666667
0.62962962963
0.15
0.0
0.0
0.0
0.0
0.0
0.0
0.0
0.0
0.0
0.0
0.0
0.0
0.0
0.0
0
0
0
0
0
1.0
0.714285714286
0.15
0.441176470588
0.0
0.0
0.0
0.0
0.0
0.0
0.0333333333333
0.0
0.0
0.0
0.0
0.0
0.0
0.0
0.0
0
0
0
1.0
1.0
0.0
0.0
0.153846153846
0.25
0.487804878049
0.0
0.0
0.0
0.0
0.0
0.0
0.0
0.0
0.0
0.0
0.0
0.0
0.0
0.0
0.0
0
0
0
1.0
1.0
0.0
0.0
0.0
0.0
0.0
0.0
0.0
0.0
0.0
0.0
0.0
0.0
0.0
0.0
0.0
0.0
0.0
0.0
0
0
0
0
0
0
1.0
0.857142857143
0.0
0.0
0.0625
0.578947368421
0.0
0.0
0.0
0.0
0.0
0.0
0.0
0.0
0.0
0.0
0.0
0.0
0
0.0
0.0
0
0.0
0.0
0.222222222222
0.24
0.428571428571
0.0
0.0
0.0
0.0
0.0
0.0
0.0
0.0
0.0
0.0
0.0
0.0
0.0
0.0
0.0
0
0
0
0.0
0
0.166666666667
0.0
0.814814814815
0.0454545454545
0.0
0.0
0.0
0.0
0.0
0.0
0.0
0.190476190476
0.0
0.0
0.0
0.0816326530612
0.0
0.0
0.0
0.0
0
0.0
0
0.0
0.0
0.454545454545
0.702702702703
0.46875
0.0
0.0
0.0
0.0
0.0
0.0
0.0
0.0
0.0
0.0
0.0
0.0
0.0
0.0
0.0
0.0
0.0
0.0
0.0
0.0
0.0
0.84
0.804597701149
0.0185185185185
0.0
0.0
0.0
0.0
0.0
0.0
0.0
0.0
0.0
0.0
0.0
0.0
0.0
0.0
0.0
0.0
0.0
0.0
0.0
0.0
0.0
0.421052631579
0.28
0.4
0.409638554217
0.0
0.0
0.0
0.0
0.0
0.0
0.0
0.0
0.0
0.0
0.0
0.0
0.0
0.0
0.0
0.0
0.0
0.0
0
0.0
0.166666666667
0.0
0.0909090909091
0.466666666667
0.0
0.0
0.0
0.130434782609
0.0
0.0588235294118
0.0
0.0
0.0
0.0
0.0
0.0
0.0
0.0
0.0
0.0
0.0
0
0.0
0.0
0.0
0.3
0.411764705882
0.294117647059
0.130434782609
0.105263157895
0.147058823529
0.0
0.0
0.0
0.0
0.0
0.0
0.0
0.0
0.0
0.0
0.0
0.0
0
0
0.0
0.0
0.0
0.0
0.6
0.0526315789474
0.0333333333333
0.0
0.204081632653
0.1875
0.0
0.0
0.0
0.0
0.0
0.0
0.156862745098
0.0882352941176
0.0
0.0
0.0
0.0
0.0
0.0
0.0
0.0
0.0
0.307692307692
0.157894736842
0.407407407407
0.0
0.0
0.0
0.216216216216
0.225
0.0232558139535
0.0666666666667
0.0
0.206896551724
0.0454545454545
0.0
0.0
0.0
0.0
0.0
0.0
0.0
0
0
0.0
0.0
0.384615384615
0.333333333333
0.275
0.0
0.0350877192982
0.0
0.195402298851
0.0615384615385
0.0
0.0
0.0
0.0
0.148514851485
0.0
0.0
0.0
0.0
0.0
0.0
0.0
0.0
0.0
0.0
0.615384615385
0.555555555556
0.452380952381
0.177777777778
0.0
0.0
0.206349206349
0.0
0.0
0.0
0.0
0.0
0.0
0.0
0.032967032967
0.0
0.0
0.0
0.0
0.0
0
0.0
0.0
0.0
0.0
0.235294117647
0.166666666667
0.394736842105
0.459016393443
0.0
0.0
0.0526315789474
0.155844155844
0.0
0.0
0.0
0.0
0.0
0.0
0.0
0.0
0.0
0.0
0.0
0.0
0
0.0
0.0
0.0
0.0
0.0
0.363636363636
0.0
0.0
0.0
0.32
0.0
0.0
0.0
0.0
0.0
0.0
0.0
0.0
0.0
0.0
0.0
0
0.0
0
0
0
1.0
1.0
0.181818181818
0.25
0.222222222222
0.35
0.48275862069
0.0
0.0
0.0
0.0
0.0
0.152173913043
0.025641025641
0.0
0.0
0.0
0.0
0.0
0.0
0.0
0.0
0.0
0.0
0.0
0.333333333333
0.333333333333
0.67619047619
0.0
0.0
0.0
0.0
0.0
0.0
0.0
0.0
0.0
0.160714285714
0.0327868852459
0.0
0.0
0.0
0.0
0.0
0.0
0.0
0.0
0.0
0.6
0.782608695652
0.434782608696
0.0
0.0
0.0
0.0
0.0
0.0188679245283
0.0
0.0
0.0
0.0
0.0
0.05
0.0
0.0
0.0
0.0
0.0
0.0
0.0
0.0
0.0
0
0.142857142857
0.461538461538
0.657534246575
0.0
0.0
0.0
0.0869565217391
0.142857142857
0.0
0.0
0.0
0.0
0.0
0.0
0.0
0.0
0.0
0.0
0.0
0.0
0.0
0
0.0
0.214285714286
0.851063829787
0.340909090909
0.0714285714286
0.0
0.0
0.0
0.0
0.0
0.0
0.0
0.08
0.0
0.0
0.0769230769231
0.0
0.0
0.0
0.0
0.0
0.0
0
0.0
0.0
0.125
0.222222222222
0.235294117647
0.242424242424
0.0
0.0
0.0
0.157894736842
0.0
0.0
0.0
0.0
0.0
0.0
0.0
0.0
0.0
0.0
0.0
0
0
0.0
0
0.0
0.0
0.0
0.461538461538
0.285714285714
0.176470588235
0.0526315789474
0.0
0.0
0.0
0.0
0.0
0.0
0.0
0.0
0.0
0.0
0.0
0.0
0.0
0.0
0.0
0.0
0.0
0.0
0.0
0.142857142857
0.428571428571
0.529411764706
0.125
0.0833333333333
0.0869565217391
0.12
0.0
0.0
0.0
0.0
0.0
0.0
0.0
0.0
0.0
0.0
0.0
0.0
0.0
0.0
0.0
0.0
0.25
0.266666666667
0.636363636364
0.147058823529
0.0
0.0
0.0
0.0
0.0
0.0
0.0
0.0
0.0
0.0
0.0215053763441
0.0181818181818
0.0
0.0
0.0
0.0
0.0
0.0
0.0
0.0
0.666666666667
0.75
0.125
0.0232558139535
0.0
0.0
0.0
0.0
0.0
0.0
0.0
0.0
0.0
0.0
0.0
0.0
0.0
0.0
0.0
0.0
0
0.0
0.0
0
0.0
0.72972972973
0.423076923077
0.212765957447
0.0
0.0
0.0
0.0
0.0
0.0
0.0
0.0
0.0
0.125
0.0
0.0
0.0
0.0
0.0
0.0
0.0
0.0
0.0
0.0
0.0
0.772727272727
0.683333333333
0.159090909091
0.0
0.0
0.0
0.0
0.0
0.0
0.0
0.0
0.0
0.0
0.015873015873
0.0
0.0
0.0
0.0
0.0
0.0
0.0
0.0
0.0
0.0
0.387096774194
0.521739130435
0.1875
0.217391304348
0.0
0.0
0.0
0.0
0.0
0.0
0.0
0.0
0.0
0.0
0.0
0.0
0.0
0.0
0.0
0
0
0
1.0
1.0
0.0
0.272727272727
0.176470588235
0.0
0.0
0.0
0.0
0.176470588235
0.0
0.0
0.0
0.0
0.0
0.0
0.0
0.0
0.0
0.0
0.0
0.0
0.0
0.0
0.0
0.0
0.0
0.0
0.166666666667
0.47619047619
0.3
0.0
0.0
0.0333333333333
0.235294117647
0.0
0.0
0.0
0.255319148936
0.0
0.0
0.0
0.0
0.0
0.0
0.0
0.0
0
0
0.0
0.772727272727
0.5
0.307692307692
0.0
0.0
0.0
0.0
0.0
0.0
0.0
0.0
0.0
0.179487179487
0.02
0.0
0.0
0.0
0.0
0.0
0.0
0.0
0.0
0.0
0.538461538462
0.380952380952
0.0
0.0
0.146341463415
0.123076923077
0.0
0.0
0.08
0.0
0.0
0.0188679245283
0.212121212121
0.174603174603
0.0
0.0
0.0
0.0
0.0
0.0
0.0
0.0
0.0
0.0
0.0
0.111111111111
0.659574468085
0.612903225806
0.0
0.0
0.0
0.0
0.0
0.0
0.0
0.145454545455
0.0740740740741
0.0
0.0
0.0
0.0
0.0
0.0
0.0
0.0
0.0
0.0
0.0
0.619047619048
0.883720930233
0.175
0.09375
0.0
0.0
0.0
0.0
0.0
0.0
0.0
0.0
0.0
0.0757575757576
0.0967741935484
0.0
0.0
0.0
0.0
0.0
0.0
0.0
0.0
0.0
0.0
0.4375
0.451612903226
0.438596491228
0.365384615385
0.0212765957447
0.0
0.0
0.0344827586207
0.0
0.0
0.0
0.0
0.0
0.0
0.0
0.0
0.0
0.0
0
0.0
0
0
0.0
0.0
0.0
0.0
0.230769230769
0.0952380952381
0.0666666666667
0.0
0.0
0.0
0.0625
0.0
0.0
0.0
0.0
0.0
0.0
0.0
0.0
0.0
0
0.0
0.0
0.0
0.0
0.0
0.0
0.375
0.294117647059
0.571428571429
0.0384615384615
0.0909090909091
0.0
0.0
0.171428571429
0.0
0.0
0.0
0.166666666667
0.0
0.0
0.0
0.0
0.0
0.0
0.0
0
0.0
0.0
0.5
0.466666666667
0.45652173913
0.4
0.0434782608696
0.0
0.0
0.0
0.0178571428571
0.222222222222
0.0
0.0
0.106060606061
0.179104477612
0.0
0.0
0.0
0.0
0.0
0.0
0.0
0
0.0
0.0
0.277777777778
0.533333333333
0.148148148148
0.0
0.0
0.0
0.0
0.0
0.0612244897959
0.0
0.0
0.0
0.0
0.0882352941176
0.0
0.0
0.0
0.0
0.0
0.0
0.0
0.0
0.0
0.0
0.0714285714286
0.615384615385
0.210526315789
0.047619047619
0.0232558139535
0.0
0.0
0.0
0.0
0.0
0.0
0.0
0.0
0.0
0.259259259259
0.0
0.0
0.0
0.0
0.0
0.0
0.0
0.0
0.0
0.4375
0.590909090909
0.297297297297
0.162790697674
0.0
0.0
0.0
0.0
0.0
0.0
0.0
0.0
0.30487804878
0.222222222222
0.0
0.0
0.0
0.0
0.0
0
0
0.0
0
0.0
0.0
0.538461538462
0.741935483871
0.542372881356
0.105263157895
0.0
0.0
0.231707317073
0.223529411765
0.0
0.0
0.0
0.0
0.0
0.0
0.0
0.0
0.0
0.0
0.0
0
0.0
0.0
0
0.0
0.333333333333
0.625
0.636363636364
0.0
0.0
0.0
0.304347826087
0.2
0.0
0.0952380952381
0.0
0.0
0.0
0.0
0.0
0.0
0.0
0.0
0.0
0.0
0.0
0.0
0.0
0.0
0.25
0.533333333333
0.277777777778
0.25
0.0
0.515151515152
0.431818181818
0.0555555555556
0.142857142857
0.0
0.0
0.297297297297
0.1
0.0425531914894
0.0243902439024
0.0
0.0
0.0
0.0
0.0
0.0
0.0
0
0.0
0.357142857143
0.675675675676
0.4
0.115384615385
0.0
0.0
0.0
0.0
0.276595744681
0.0
0.0
0.0
0.227272727273
0.196721311475
0.0
0.0
0.0
0.0
0.0
0.0
0.0
0.0
0.0
0.0
0.772727272727
0.424242424242
0.103448275862
0.0
0.0
0.0
0.0416666666667
0.0
0.0
0.0
0.0
0.102040816327
0.452830188679
0.0612244897959
0.0232558139535
0.0
0.0
0.0
0.0
0.0
0
0.0
0.0
0.125
0.578947368421
0.214285714286
0.233333333333
0.0
0.0
0.211538461538
0.0243902439024
0.0
0.0
0.0
0.0238095238095
0.327586206897
0.421052631579
0.0212765957447
0.0
0.0975609756098
0.0
0.0
0.0
0.0
0.0
0.0
0.0
0.111111111111
0.688888888889
0.477272727273
0.0294117647059
0.0
0.0
0.0
0.0
0.0
0.0
0.0
0.0
0.0188679245283
0.218181818182
0.0
0.0
0.0
0.0
0.0
0.0
0.0
0.0
0.0
0.0
0.0
0.5
0.575
0.5
0.156862745098
0.130434782609
0.0
0.0675675675676
0.0
0.0
0.0
0.0
0.0
0.0
0.0882352941176
0.0
0.0
0.0
0.0
0.0
0.0
0
0.0
0.0
0.6
0.0
0.428571428571
0.571428571429
0.5
0.130434782609
0.484848484848
0.0454545454545
0.0
0.0
0.0
0.0
0.130434782609
0.0
0.0
0.0
0.0
0.0
0.0
0.0
0.0
0.0
0.0
0.0
0.571428571429
0.6
0.0
0.0
0.473684210526
0.0588235294118
0.08
0.576923076923
0.30303030303
0.0571428571429
0.275862068966
0.0
0.0
0.363636363636
0.0
0.0
0.0
0.0
0.0
0.0
0.0
0.0
0.0
0.0
0.5
0.5
0.222222222222
0.0
0.285714285714
0.421052631579
0.08
0.0
0.121212121212
0.0
0.423076923077
0.0
0.0
0.0
0.166666666667
0.0
0.0
0.0
0.0
0.0
0
0
0.0
0.0
0.4
0.4375
0.0
0.0869565217391
0.0
0.0
0.0833333333333
0.233333333333
0.05
0.0
0.0
0.0
0.0
0.676470588235
0.304347826087
0.0
0.0
0.0
0
0.0
0
0.0
0.0
0.6
0.0
0.0714285714286
0.555555555556
0.0
0.105263157895
0.178571428571
0.117647058824
0.0
0.0
0.0
0.0
0.2
0.047619047619
0.0
0.0
0.0
0.0
0.0
0.0
0.0
0.0
0.0
0.0
0.0
0.0
0.1
0.481481481481
0.125
0.0
0.0
0.0
0.0606060606061
0.0
0.0
0.0
0.0
0.153846153846
0.181818181818
0.0
0.0
0.0
0.0
0.0
0.0
0.0
0.0
0.0
0.0
0.285714285714
0.7
0.0
0.1
0.142857142857
0.0
0.0
0.08
0.05
0.0
0.0
0.0
0.0
0.0
0.0
0.0
0.0
0.0
0.0
0.0
0.0
0
0
0
0.0
1.0
0.142857142857
0.4
0.0
0.277777777778
0.0
0.0
0.0
0.0
0.0
0.0
0.0
0.0
0.166666666667
0.285714285714
0.0
0.0
0.0
0
0.0
0
0.0
0
0.0
0.0
0.5
0.6
0.0
0.0
0.1875
0.0
0.0
0.105263157895
0.0
0.0
0.0
0.526315789474
0.0
0.0
0.0
0.0
0.0
0.0
0
0.0
0
0.0
0.0
0.444444444444
0.794117647059
0.25
0.0
0.0
0.0645161290323
0.0
0.0
0.0
0.0
0.0263157894737
0.0204081632653
0.142857142857
0.0816326530612
0.0
0.0
0.0
0.0
0.0
0
0.0
0.0
0.0
0.0
0.0
0.407407407407
0.307692307692
0.4375
0.234042553191
0.0
0.0
0.0
0.0
0.0
0.1
0.161290322581
0.0512820512821
0.19512195122
0.0
0.0
0.0
0.0
0.0
0.0
0.0
0.0
0.0
0.0
0.538461538462
0.660377358491
0.25
0.0
0.0
0.0
0.372549019608
0.425531914894
0.0
0.0877192982456
0.0192307692308
0.161764705882
0.46875
0.214285714286
0.0
0.0
0.0
0.0
0.0
0.0
0.0
0.0
0.0
0.0
0.860465116279
0.46511627907
0.0697674418605
0.0
0.0
0.0344827586207
0.170731707317
0.0
0.0238095238095
0.0
0.1125
0.155555555556
0.188235294118
0.0632911392405
0.0
0.0
0.0
0.0
0.0
0.0
0.0
0.0
0.0
0.125
0.444444444444
0.434782608696
0.592592592593
0.468085106383
0.175438596491
0.0
0.185185185185
0.134328358209
0.0
0.0
0.0
0.0
0.193548387097
0.0238095238095
0.0
0.0
0.0
0.0
0.0
0.0
0.0
0.0
0
0.142857142857
0.333333333333
0.8
0.125
0.190476190476
0.416666666667
0.0
0.0
0.0
0.0454545454545
0.0
0.0
0.0
0.0
0.0
0.0
0.0
0.0
0.0
0.0
0.0
0
0.0
0.0
0.0
0.428571428571
0.285714285714
0.357142857143
0.277777777778
0.333333333333
0.108108108108
0.275862068966
0.139534883721
0.375
0.15
0.0238095238095
0.266666666667
0.214285714286
0.204081632653
0.0
0.0
0.0
0.0
0.0
0.0
0.0
0.0
0.0
0.277777777778
0.5625
0.305555555556
0.258064516129
0.0
0.111111111111
0.0217391304348
0.0
0.0
0.0
0.0
0.0
0.0625
0.24
0.0357142857143
0.0
0.0
0.0
0.0
0.0
0.0
0.0
0.0
0
0.0
0.357142857143
0.47619047619
0.0
0.131578947368
0.303571428571
0.0
0.0
0.0
0.0
0.0377358490566
0.0
0.0
0.0980392156863
0.133333333333
0.0
0.0
0.0
0.0
0.0
0.0
0.0
0.0
0.0
0.272727272727
0.444444444444
0.631578947368
0.222222222222
0.0
0.0
0.0
0.134615384615
0.075
0.0
0.0
0.0333333333333
0.0512820512821
0.245283018868
0.428571428571
0.0882352941176
0.0
0.0
0.0
0.0
0.0
0.0
0.0
0.0
0.363636363636
0.0
0.638888888889
0.47619047619
0.0
0.0
0.0
0.0925925925926
0.121212121212
0.0
0.0
0.102564102564
0.0
0.412698412698
0.107142857143
0.0
0.0
0.0
0.0
0.0
0.0
0
0.0
0.111111111111
0.181818181818
0.222222222222
0.225806451613
0.387096774194
0.0526315789474
0.14
0.0172413793103
0.316666666667
0.0
0.0
0.0
0.0
0.0
0.0545454545455
0.171428571429
0.0
0.0
0.0
0.0
0.0
0.0
0
0.0
0
0.0
0.285714285714
0.714285714286
0.421052631579
0.3
0.0
0.115384615385
0.208333333333
0.0
0.0
0.08
0.0
0.0
0.0
0.0
0.166666666667
0.0
0.166666666667
0.0
0.0
0.0
0
0.0
0.0
0.166666666667
0.1
0.380952380952
0.3125
0.0
0.307692307692
0.0
0.315789473684
0.259259259259
0.25
0.0
0.0
0.0
0.222222222222
0.333333333333
0.235294117647
0.0
0.0
0.0
0.0
0.0
0.0
0.0
0.0
0.166666666667
0.444444444444
0.658536585366
0.241379310345
0.142857142857
0.153846153846
0.0
0.0
0.0
0.047619047619
0.0
0.0
0.125
0.274193548387
0.175675675676
0.204545454545
0.0
0.0
0.0
0.0
0.0
0.0
0.0
0.0
0.2
0.65625
0.46511627907
0.217391304348
0.2
0.103448275862
0.0188679245283
0.114754098361
0.106382978723
0.0
0.0
0.025
0.339622641509
0.16
0.342857142857
0.0
0.0
0.0
0.0
0.0
0.0
0.0
0.0
0.0
0.0
0.277777777778
0.545454545455
0.452830188679
0.142857142857
0.0
0.0
0.0909090909091
0.0540540540541
0.0
0.0
0.0
0.428571428571
0.30303030303
0.0
0.0
0.0
0.0
0.0
0.0
0.0
0.0
0.0
0.0
0.352941176471
0.357142857143
0.51724137931
0.258064516129
0.203125
0.244444444444
0.0
0.0
0.0
0.0
0.0
0.25
0.4375
0.0
0.0
0.0
0.0
0.0
0.0
0.0
0.0
0.0
0.0
0.0
0.0
0.0
0.222222222222
0.5
0.451612903226
0.208333333333
0.0
0.0
0.0
0.131578947368
0.0
0.0
0.0
0.0
0.0
0.0
0.0
0.0
0.0
0.0
0.0
0.0
0
0.0
0.0
0.5
0.875
0.0
0.0
0.0
0.391304347826
0.0
0.0833333333333
0.0
0.0
0.0
0.05
0.0
0.0
0.0
0.0
0.0
0.0
0.0
0.0
0
0.0
0.0
0.0
0.0
0.461538461538
0.416666666667
0.166666666667
0.047619047619
0.558823529412
0.1
0.0555555555556
0.32
0.0333333333333
0.0666666666667
0.0
0.375
0.0952380952381
0.0
0.0
0.0
0.0
0.0
0.0
0.0
0.0
0.0
0.0
0.545454545455
0.615384615385
0.365853658537
0.0
0.0
0.0
0.0
0.025
0.0789473684211
0.0
0.0
0.145833333333
0.435483870968
0.145454545455
0.0
0.0
0.0
0.0
0.0
0.0
0.0
0.0
0.0
0.153846153846
0.545454545455
0.608695652174
0.25641025641
0.0
0.0
0.0666666666667
0.326923076923
0.0909090909091
0.0
0.0
0.0
0.410714285714
0.1875
0.181818181818
0.0
0.0
0.0
0.0
0.0
0.0
0.0
0.0
0.0
0.214285714286
0.529411764706
0.528301886792
0.229166666667
0.0
0.0
0.0
0.0
0.0
0.0
0.0
0.0
0.106382978723
0.444444444444
0.0980392156863
0.0
0.0
0.0
0.0
0.0
0.0
0.0
0.0
0.0
0.0
0.588235294118
0.591836734694
0.0888888888889
0.0
0.0
0.0
0.178571428571
0.0
0.0
0.0
0.0
0.132075471698
0.338461538462
0.0
0.0
0.0
0.0
0.0
0.0
0.0
0
0
0.0
0.625
0.708333333333
0.48
0.290322580645
0.0
0.0487804878049
0.078431372549
0.107692307692
0.0327868852459
0.0
0.0
0.0
0.0
0.0
0.0689655172414
0.0
0.0
0.0
0.0
0.0
0
0.0
0.0
0.0
0.4
0.375
0.711111111111
0.4
0.0
0.0
0.0
0.0
0.0
0.0
0.0
0.0384615384615
0.192307692308
0.142857142857
0.0
0.0
0.0
0.0
0.0
0.0
0.0
0.0
0.0
0
0.0
0.545454545455
0.714285714286
0.214285714286
0.1
0.30303030303
0.3125
0.0
0.0
0.0
0.0909090909091
0.0
0.0
0.0
0.0
0.0
0.0
0.0
0.0
0.0
0.0
0
0.0
0.0
0.0
0.733333333333
0.72131147541
0.35
0.0
0.0
0.0
0.0
0.0
0.0
0.0
0.0
0.238095238095
0.186046511628
0.0
0.0
0.0
0.0
0.0
0.0
0.0
0.0
0.0
0.0
0.0
0.725
0.575757575758
0.257142857143
0.0
0.0
0.0
0.238095238095
0.0232558139535
0.0
0.0
0.0
0.304347826087
0.452830188679
0.225
0.0
0.0
0.0
0.0
0.0
0.0
0.0
0.0
0.0
0.0
0.777777777778
0.838235294118
0.15
0.0
0.0
0.171875
0.224489795918
0.0545454545455
0.0
0.0
0.0
0.19696969697
0.181818181818
0.163636363636
0.0
0.0
0.0
0.0
0.0
0.0
0.0
0.0
0.0909090909091
0.294117647059
0.647058823529
0.5
0.0
0.0
0.0
0.314285714286
0.0789473684211
0.0
0.0
0.0
0.0
0.0
0.0540540540541
0.0
0.0
0.0
0.0
0.0
0.0
0.0
0.0
0.0
0.0
0.714285714286
0.181818181818
0.678571428571
0.65625
0.181818181818
0.377358490566
0.163636363636
0.327272727273
0.0
0.0
0.0
0.0
0.0
0.222222222222
0.0
0.0
0.0
0.0
0.0
0.0
0.0
0.0
0.0
0.0
0.4
0.5
0.735294117647
0.55
0.0
0.0
0.0
0.321428571429
0.277777777778
0.0
0.037037037037
0.0
0.0833333333333
0.192307692308
0.0625
0.0
0.0
0.0
0.0
0.0
0.0
0.0
0.0
0.0
0.0
0.333333333333
0.666666666667
0.0
0.263157894737
0.52380952381
0.65
0.16
0.0384615384615
0.161290322581
0.166666666667
0.138888888889
0.413043478261
0.0
0.189189189189
0.0
0.0
0.0
0.0
0.0
0.0
0.0
0.0
0.0
0.1875
0.521739130435
0.654545454545
0.315789473684
0.14
0.0
0.0
0.0535714285714
0.292307692308
0.1
0.0
0.0
0.0963855421687
0.294117647059
0.0
0.0
0.0
0.0
0.0
0.0
0.0
0.0
0.0
0.0
0.25
0.594594594595
0.590909090909
0.0
0.0
0.0
0.347826086957
0.130434782609
0.15625
0.0
0.0
0.0
0.0
0.397959183673
0.205128205128
0.0
0.0
0.0
0.0
0.0
0.0
0.0
0.0
0.0
0.0
0.666666666667
0.727272727273
0.232558139535
0.0222222222222
0.0
0.0
0.194444444444
0.0212765957447
0.0
0.0
0.153846153846
0.157894736842
0.28125
0.0
0.0
0.0
0.0
0.0
0.0
0.0
0.0
0.0
0.0
0.416666666667
0.65625
0.538461538462
0.369565217391
0.0
0.0
0.0
0.266666666667
0.0
0.0
0.0
0.05
0.117647058824
0.297297297297
0.302325581395
0.0645161290323
0.0
0.0
0.0
0.0
0.0
0.0
0.0
0.0
0.0909090909091
0.285714285714
0.4
0.459459459459
0.0833333333333
0.0416666666667
0.137254901961
0.25641025641
0.0
0.0
0.0
0.0
0.0
0.0689655172414
0.0
0.1
0.0
0.0
0.0
0
0.0
0.0
0.0
0
0.0
0.333333333333
0.813953488372
0.72
0.125
0.0
0.0
0.25
0.266666666667
0.0
0.0
0.0
0.161290322581
0.25
0.166666666667
0.0
0.0
0.0
0.0
0.0
0.0
0.0
0
0.0
0.0
0.769230769231
0.75
0.5
0.0333333333333
0.0
0.642857142857
0.423728813559
0.0
0.0
0.0
0.0
0.1875
0.215384615385
0.230769230769
0.08
0.0
0.0
0.0
0.0
0.0
0.0
0.0
0.0
0.272727272727
0.666666666667
0.690909090909
0.425531914894
0.234375
0.0
0.0
0.0
0.0
0.0
0.0
0.0151515151515
0.333333333333
0.428571428571
0.106382978723
0.0
0.0
0.0
0.0
0.0
0.0
0.0
0.0
0.0
0.833333333333
0.72
0.647058823529
0.35
0.0
0.0
0.122807017544
0.3125
0.120689655172
0.0
0.0
0.0392156862745
0.142857142857
0.313953488372
0.325301204819
0.0285714285714
0.0
0.0
0.0
0.0
0.0
0.0
0.0
0.166666666667
0.5
0.69696969697
0.584905660377
0.263157894737
0.0
0.0
0.0
0.125
0.03125
0.0
0.0
0.107692307692
0.191176470588
0.336734693878
0.290697674419
0.0
0.0
0.0
0.0
0.0
0.0
0.0
0.0645161290323
0.0
0.260869565217
0.125
0.121951219512
0.373134328358
0.0
0.129032258065
0.0845070422535
0.197368421053
0.0327868852459
0.0
0.0
0.0266666666667
0.242424242424
0.0634920634921
0.0140845070423
0.0
0.0
0.0
0.0
0.0
0.0
0
0.0
0.0
0.307692307692
0.5
0.68
0.406779661017
0.261538461538
0.030303030303
0.13698630137
0.121621621622
0.041095890411
0.0
0.0
0.0
0.0
0.351648351648
0.186666666667
0.0
0.0
0.0
0.0
0.0
0.0
0.0
0
0.0
0.666666666667
0.583333333333
0.692307692308
0.315789473684
0.0
0.0
0.0
0.111111111111
0.0
0.0
0.0
0.0
0.0
0.0
0.0
0.181818181818
0.0
0.0
0.0
0
0.0
0.0
0.0
0.0
0.0
0.4
0.866666666667
0.153846153846
0.285714285714
0.166666666667
0.296296296296
0.451612903226
0.04
0.241379310345
0.0769230769231
0.0
0.205882352941
0.333333333333
0.321428571429
0.178571428571
0.0
0.0
0.0
0.0
0.0
0.0
0.0
0.0
0.611111111111
0.52
0.4
0.0
0.0
0.15
0.268292682927
0.0
0.0
0.0
0.0
0.0
0.0
0.0
0.0
0.0
0.0
0.0
0.0
0.0
0.0
0.0
0.0
0.0
0.0
0.65
0.647058823529
0.047619047619
0.117647058824
0.0
0.0714285714286
0.0
0.0
0.0
0.0
0.0
0.0
0.363636363636
0.1875
0.08
0.0
0.0
0.0
0.0
0.0
0.0
0.0
0.0
0.5
0.6
0.666666666667
0.387096774194
0.0
0.0
0.0
0.0
0.0
0.1
0.0
0.175
0.108108108108
0.230769230769
0.0
0.0
0.0
0.0
0.0
0.0
0.0
0.0
0.0
0.0
0.0
0.291666666667
0.45
0.486486486486
0.428571428571
0.0
0.0
0.0238095238095
0.0714285714286
0.0
0.0
0.0
0.0
0.185185185185
0.185185185185
0.125
0.0
0.0
0.0
0.0
0.0
0.0
0.0
0.0
0.0
0.529411764706
0.5
0.387096774194
0.0
0.0
0.0
0.0
0.0
0.0
0.0
0.0
0.0
0.0
0.16
0.142857142857
0.0
0.0
0
0.0
0.0
0
0.0
0.0
0.5
0.75
0.565217391304
0.3125
0.0
0.0
0.368421052632
0.0
0.0
0.0
0.0
0.473684210526
0.0357142857143
0.0588235294118
0.0
0.0
0.0
0.0
0.0
0.0
0
0.0
0.0
0.0
0.0
0.647058823529
0.692307692308
0.230769230769
0.0
0.0
0.52380952381
0.28
0.192307692308
0.107142857143
0.0
0.0344827586207
0.428571428571
0.0689655172414
0.0
0.111111111111
0.0
0.0
0.0
0.0
0.0
0.0
0.0
0.0
0.0
0.666666666667
0.678571428571
0.238095238095
0.0
0.0
0.0
0.115384615385
0.194444444444
0.0
0.0
0.0
0.0
0.0
0.181818181818
0.0
0.0
0.0
0.0
0.0
0.0
0.0
0.0
0.0
0.5
0.227272727273
0.35
0.222222222222
0.0555555555556
0.0
0.0
0.0
0.0
0.0
0.0
0.0
0.0625
0.0
0.0
0.0
0.0
0.0
0.0
0.0
0.0
0.0
0.0
0.0
0.0
0.666666666667
0.588235294118
0.545454545455
0.0
0.0
0.0
0.0
0.0
0.0
0.0
0.0
0.0
0.0
0.0
0.0
0.0
0.0
0.0
0.0
0.0
0
0.0
0.0
0.0
0.0
0.2
0.454545454545
0.125
0.0
0.0
0.117647058824
0.0
0.0
0.0
0.0
0.0
0.0
0.0
0.0
0.0
0.0
0.0
0
0.0
0.0
0.0
0.0
0.0
0.5
0.538461538462
0.0
0.0
0.0
0.0
0.0
0.0
0.0
0.0
0.0
0.0
0.0
0.0
0.0
0.0
0.0
0
0.0
0.0
0.0
0.0
0.0
0.0
0.0
0.0
0.0
0
0.0
0.0
0.0
0.0
0.0
0.0
0.0
0.0
0.0
0.0
0.0
0.0
0
0.0
0.0
0
0.0
0
0.0
0
0.0
0.0
0.333333333333
0.0
0.0
0.0
0.0
0.0
0.0
0.0
0.0
0.0
0.0
0.0
0.0
0.0
0
0
0.0
0.0
0
0
0.0
0.0
0.3
0.769230769231
0.25
0.0
0.0
0.0
0.0
0.0
0.0
0.0
0.0
0.0
0.0
0.0
0.0
0.0
0
0.0
0.0
0.0
0.0
0.0
0.0
0.0
0.625
0.769230769231
0.375
0.0
0.0
0.0
0.0
0.0
0.0
0.0
0.0
0.0
0.0
0.0
0.0
0.0
0
0.0
0.0
0
0.0
0.0
0.0
0.0
0.545454545455
0.727272727273
0.272727272727
0.0
0.0
0.0
0.0
0.0
0.0
0.0
0.0
0.0
0.0
0.0
0.0
0.0
0
0
0
0
0
1.0
1.0
0.166666666667
0.0833333333333
0.142857142857
0.0
0.0
0.0
0.285714285714
0.0
0.0
0.0
0.0
0.0
0.0
0.0
0.0
0.2
0.0
0.0
0.0
0
0.0
0
0.0
0.0
0.0
0.5
0.333333333333
0.0
0.0
0.0
0.0
0.0
0.0
0.0
0.0
0.0
0.0
0.0
0.0
0.0
0.0
0.0
0.0
0.0
0
0.0
0
0.0
0.0
0.0
0.0
0.0
0.0
0.0
0.0
0.0
0.0
0.0
0.0
0.0
0
0.0
0.0
0.0
0.25
0.25
0
0
0
0
0
0
1.0
1.0
0.0
0.375
0.25
0.0
0.0
0.0
0.0
0.0
0.0
0.0
0.333333333333
0
0.0
0.0
0.0
0.0
0.0
0
0
0
0.0
0.75
0.333333333333
0.333333333333
0.0
0.0
0.277777777778
0.0
0.333333333333
0.0
0.0
0.0
0.0
0.0
0.0
0.0
0.0
0.0
0.0
0.0
0.0
0.0
0.0
0
0
0.0
0.4
0.5
0.6
0.0
0.0
0.0
0.0
0.238095238095
0.0
0.0
0.0
0.0
0.0
0.0
0.0
0.0
0.0
0.0
0
0
0.0
0
0
0.285714285714
0.5
0.384615384615
0.285714285714
0.0625
0.0
0.0
0.0
0.0
0.0
0.0
0.0
0.0
0.0
0.0
0.0
0.0
0.0
0.0
0.0
0
0
0
0.0
1.0
0.2
0.571428571429
0.4
0.333333333333
0.0
0.0
0.0
0.0
0.0
0.0
0.0
0.0
0.0
0.09375
0.0
0.0
0.0
0.0
0.0
0.0
0.0
0.0
0.0
0.0
0.125
0.736842105263
0.428571428571
0.0
0.0
0.0
0.0
0.0
0.0
0.0
0.0
0.0
0.0
0.0
0.0
0.0
0.0
0.0
0
0.0
0
0.0
0
0.0
0.0
0.571428571429
0.0
0.0
0.0
0.0
0.0
0.0
0.0
0.0
0.0
0.0
0.0
0.0
0.0
0.0
0.0
0
0.0
0
0
0
0
0
1.0
1.0
0.25
0
0.0
0.0
0.0
0.0
0.0
0.0
0.0
0.0
0.0
0
0.0
0.0
0.0
0.0
0.0
0.0
0
0.0
0.0
0
0.0
0.0
0.0
0.0
0.0
0.0
0.1
0.0
0.0
0.0
0.0
0.0
0.0
0.0
0.0
0.0
0.0
0.0
0.0
0.0
0.0
0
0.0
0.0
0.809523809524
0.461538461538
0.133333333333
0.0
0.0
0.0
0.147058823529
0.0
0.0
0.0
0.0
0.0
0.0
0.0
0.0
0.0
0.0
0.0
0.0
0.0
0
0
0.0
0.0
0.6875
0.636363636364
0.2
0.35
0.25
0.2
0.0
0.0
0.0
0.0
0.0
0.0
0.0
0.0
0.0
0.0
0.0
0.0
0.0
0.0
0.0
0
0.0
0.0
0.0
0.882352941176
0.6
0.206896551724
0.0
0.0
0.0
0.0
0.0
0.0
0.0
0.0
0.0
0.0
0.133333333333
0.0
0.0
0.0
0.0
0.0
0
0.0
0.0
0.0
0.0
0.25
0.571428571429
0.0
0.0
0.0
0.1
0.0
0.0
0.0
0.0
0.0
0.0
0.0
0.0
0.0
0.0
0.0
0.0
0
0
0.0
0
0.333333333333
0.125
0.0
0.333333333333
0.0769230769231
0.0
0.0
0.0
0.0
0.0
0.0
0.0
0.0
0.0
0.176470588235
0.0
0.0
0.0
0.0
0.0
0.0
0
0
0
0.0
0.5
0.0
0.142857142857
0.25
0.0
0.0
0.0
0.285714285714
0.0
0.0
0.0
0.0
0.157894736842
0.4
0.111111111111
0.0
0.0
0.0
0.0
0.0
0.0
0
0.0
0.0
0.0
0.545454545455
0.6
0.0
0.0
0.2
0.0
0.0
0.0
0.0
0.0
0.0
0.0
0.0
0.0
0.0
0.0
0.0
0.0
0.0
0.0
0
0.0
0.0
0.5
0.88
0.6
0.0
0.0
0.0
0.0
0.0
0.0
0.0
0.0
0.0
0.0
0.0
0.111111111111
0.0
0.0
0.0
0
0
0.0
0.0
0.0
0.4
0.636363636364
0.647058823529
0.5
0.0
0.0
0.191489361702
0.0952380952381
0.0
0.0
0.0
0.0
0.0714285714286
0.0625
0.0
0.0
0.0
0.0
0.0
0.0
0.0
0.0
0
0.0
0.125
0.838709677419
0.774193548387
0.222222222222
0.0
0.0
0.0
0.0
0.0
0.0
0.0
0.0
0.0
0.0
0.0
0.0
0.0
0.0
0.0
0.0
0.0
0.0
0.0
0.0
0.333333333333
0.96
0.65
0.0
0.0
0.0
0.0
0.0
0.0
0.0
0.0
0.0
0.0
0.0
0.0
0.0
0.0
0
0.0
0.0
0.0
0
0
0.0
0.4
0.0
0.285714285714
0.0
0.0
0.0
0.0
0.0
0.0
0.0
0.0
0.0
0.0
0.0
0.0
0.0
0.0
0.0
0.0
0
0
0
0
1.0
1.0
0.666666666667
0.142857142857
0.0
0.285714285714
0.222222222222
0.25
0.416666666667
0.0
0.0
0.0
0.0
0.0
0.0
0.388888888889
0.0
0.0
0.0
0.0
0.0
0.0
0.0
0.0
0.0
0.272727272727
0.928571428571
0.789473684211
0.304347826087
0.0
0.0
0.142857142857
0.230769230769
0.0384615384615
0.129032258065
0.0714285714286
0.0
0.0
0.0
0.0
0.15
0.0
0.0
0.0
0.0
0.0
0.0
0.0
0.0
0.4
0.810810810811
0.333333333333
0.0
0.0
0.0
0.0
0.0
0.0
0.0
0.0
0.0
0.0
0.0
0.0
0.0
0.0
0.0
0.0
0
0
0
0.0
0.5
0.722222222222
0.93023255814
0.0
0.0
0.0
0.0625
0.37037037037
0.166666666667
0.0
0.0
0.0
0.0
0.0
0.0
0.111111111111
0.0588235294118
0.0
0.0
0.0
0.0
0.0
0
0
0
0.25
0.888888888889
0.736842105263
0.384615384615
0.0
0.0
0.0
0.0
0.0
0.0
0.0
0.0
0.0
0.0
0.0
0.0
0.0
0.0
0.0
0.0
0
0
0
0.0
0.888888888889
0.933333333333
0.642857142857
0.0
0.0
0.0
0.125
0.0625
0.0
0.0
0.0
0.0
0.0
0.0
0.0
0.0
0.0
0.0
0.0
0.0
0
0
0.0
0.0
0.0
0.0
0.5
0.538461538462
0.642857142857
0.0
0.0
0.0588235294118
0.153846153846
0.0
0.0
0.0
0.0
0.0
0.285714285714
0.3
0.2
0.0
0.0
0.0
0
0.0
0.0
0.0
0.0
0.0
0.25
0.25
0.384615384615
0.285714285714
0.0
0.166666666667
0.2
0.571428571429
0.545454545455
0.0
0.0
0.0
0.260869565217
0.473684210526
0.111111111111
0.0
0.0
0.0
0.0
0.0
0.0
0.0
0.25
0.0
0.333333333333
0.222222222222
0.0
0.0
0.470588235294
0.210526315789
0.0
0.0
0.0
0.0
0.0
0.0
0.0
0.0
0.0
0.0
0.0
0.0
0
0.0
0
0.0
0.5
0.666666666667
0.705882352941
0.5
0.0
0.0
0.0
0.0
0.0
0.0
0.0
0.0
0.0
0.0
0.0
0.0
0.0
0.0
0.0
0.0
0.0
0.0
0.0
0.0
0.0
0.4
0.4375
0.294117647059
0.291666666667
0.0
0.0
0.137931034483
0.0
0.0
0.0
0.0
0.0
0.0
0.0
0.0
0.0
0.0
0.0
0.0
0
0
0.0
0.0
0.0
0.6
0.666666666667
0.5
0.352941176471
0.0
0.0
0.294117647059
0.348837209302
0.03125
0.0
0.0
0.0
0.0
0.0
0.0
0.0
0.0
0
0.0
0.0
0.0
0.0
0.0
0.272727272727
0.222222222222
0.470588235294
0.653846153846
0.148148148148
0.0
0.0769230769231
0.0
0.0
0.0
0.0
0.0
0.0
0.0
0.0
0.0
0.0
0.0
0.0
0.0
0
0.0
0
0.0
0.0
0.0
0.166666666667
0.5
0.0
0.0
0.0
0.0
0.0
0.0
0.0
0.0
0.181818181818
0.5
0.0
0.0
0.0
0.0
0
0.0
0.0
0
0
0.0
0.0
0.0
0
0.142857142857
0.785714285714
0.214285714286
0.0833333333333
0.0
0.0
0.0
0.0
0.0
0.0
0.0
0.05
0.0
0.0
0.0
0.0
0.0
0.0
0.0
0.0
0.0
0.25
0.538461538462
0.789473684211
0.0454545454545
0.0
0.0
0.0
0.0
0.25
0.0
0.0
0.0
0.0
0.0
0.0
0.0
0.0
0.0
0.0
0.0
0.0
0.0
0.0
0.0
0.0
0.285714285714
0.666666666667
0.571428571429
0.25
0.0
0.0
0.142857142857
0.6875
0.636363636364
0.0
0.0
0.0
0.0
0.0625
0.0
0.0
0.0
0.0
0.0
0.0
0.0
0.0
0.0
0.333333333333
0.285714285714
0.72
0.375
0.136363636364
0.0
0.0
0.0
0.0
0.0
0.0
0.0
0.0
0.0
0.0
0.0
0.0
0.0
0.0
0
0.0
0.0
0.0
0
0.0
0.444444444444
0.307692307692
0.111111111111
0.176470588235
0.0
0.0
0.0
0.0
0.0
0.0
0.0
0.0
0.0
0.0
0.0
0.0
0.0
0.0
0
0
0
0
1.0
1.0
1.0
0.0909090909091
0.666666666667
0.0909090909091
0.0
0.0
0.047619047619
0.1
0.0
0.0
0.0
0.0
0.0
0.0
0.0
0.0
0.0
0
0
0.0
0
0.0
0.0
0.0
0
0.0
0.0
0.0
0.0
0.0
0.0
0.0
0.0
0.0
0.0
0.0
0.0
0.0
0.0
0.0
0.0
0.0
0
0
0
0
0
1.0
1.0
1.0
0.0
0.0
0.0
0.0
0.0
0.0
0.0
0.0
0.0
0.0
0.0
0.0
0.0
0.0
0.0
0.0
0.0
0.0
0
0
0.0
0.5
0.75
0.541666666667
0.363636363636
0.0
0.0
0.0
0.285714285714
0.6
0.0
0.0
0.0
0.0
0.0
0.0666666666667
0.0
0.0
0.0
0.0
