1.0
0
0
0
0
0
0
0.2
0.0
0.0
0.0
0.111111111111
0.0
0.0
0.3
0.0
0.0
0.0
0.0
0.0
0.0
0.0
0.0
0.0
0
0.0
0.5
0
1.0
0
1.0
0.0
0.0
0.0
0.0
0.0
0.0
0.0
0.0
0.0
0.0
0.0
0.0
0.0
0.0
0.0
0.0
0.0
0.0
0
0.0
0
0.0
0
0
0
0.142857142857
0.0
0.0
0.0
0.0
0.0
0.4
0.333333333333
0.0
0.0
0.0
0.0
0.333333333333
0.0
0.0
0.0
0.0
0
0
1.0
0
0
0
1.0
0.5
0.0
0.4
0.0
0.0
0.0
0.0
0.0
0.0
0.0
0.0
0.0
0.0
0.5
0.0
0.0
0
0
0
0
1.0
0
0
1.0
0.0
0.0
0.6
0.0
0.0
0.0
0.0
0.0
0.0
0.0
0.0
0.0
0.0
0.0
0.0
0.0
0
0.0
0.0
0
0
0
0
1.0
0.0
0.0
0.0
0.0
0.0
0.0
0.0
0.0
0.0
0.0
0.0
0.0
0.0
0.0
0.0
0.0
0.0
1.0
0.0
0
0
0
0
0
0.142857142857
0.0
0.0
0.333333333333
0.0
0.0
0.142857142857
0.0
0.0909090909091
0.0
0.0
0.0
0.0
0.0
0.0
0.0
1.0
0.0
0.0
0
0
0
1.0
0.4
0.0
0.0
0.172413793103
0.0
0.0714285714286
0.0
0.0
0.142857142857
0.0
0.0
0.0
0.0
0.0
0.0
0.0
0.0
0.0
0.0
0.0
0
1.0
0
0
0.5
0.0
0.0
0.0
0.0
0.05
0.1
0.263157894737
0.0
0.0
0.0
0.0
0.0
0.0
0.0
0.0
0.0
1.0
0.0
0.0
1.0
0
0
0.333333333333
1.0
0.0
0.0454545454545
0.583333333333
0.666666666667
0.0909090909091
0.0
0.0
0.0
0.0
0.0
0.0
0.0
0.0
0.0
0.0
0.0769230769231
0.0
0.25
0
0.0
0
1.0
0.0
0.0
0.0
0.111111111111
0.0
0.3125
0.0
0.0
0.0
0.285714285714
0.08
0.0
0.0
0.0
0.0
0.0
0.0
0.0
0.0
0.0
0
0
0
0
1.0
0.0
0.0
0.125
0.0
0.0
0.0
0.25
0.0
0.0
0.0
0.0
0.0
0.0
0.0
0.0
0.0
0.0
0.0
0.0
1.0
0.0
0
0
0
0.666666666667
0.0
0.0
0.5
0.0
0.0
0.0
0.0
0.0
0.285714285714
0.0
0.0
0.0
0.0
0.0
0.0
0.0
0.0
0.0
0
0
1.0
0
0.2
0.0
0.0
0.0
0.0
0.25
0.0
0.0
0.0
0.0
0.0
0.0
0.0
0.0
0.0
0.0
0.0
0.0
0.0
0.0
0.0
0
0
0
0.5
0.0
0.0
0.0
0.0666666666667
0.0526315789474
0.0
0.0
0.0
0.0
0.0
0.0
0.0
0.0
0.25
0.0
0.0
0.0
0.0
0.0
0
0
0
0
1.0
0.5
0.0
0.1
0.0
0.428571428571
0.0
0.0
0.0
0.0
0.0
0.0
0.0
0.0
0.0
0.0
0.0
0.0
0.5
0.0
0.5
0
0.0
0.0
0.0
1.0
0.0
0.111111111111
0.0952380952381
0.0
0.0
0.181818181818
0.133333333333
0.0833333333333
0.0
0.0
0.0
0.0
0.0
0.0
0.0
0.0
0.0
0
0
0
0
1.0
0
0.333333333333
0.0
0.0
0.0
0.0
0.0
0.0
0.0
0.0909090909091
0.0
0.0
0.0
0.0
0.0
0.0
0.0
0
0.0
0.0
0
1.0
0
0
0
1.0
0.5
0.0
0.0
0.0
0.0
0.0
0.0
0.0
0.0
0.0
0.0
0.0
0.0
0.0
0.0
0.0
0.0
0.0
0
1.0
0
0
0.5
0.0
0.0
0.0
0.666666666667
0.0
0.0
0.0
0.222222222222
0.0
0.0
0.0
0.0
0.0
0.0
0.0
0.0
0.0
0.0
0.0
0.0
0.0
0
0
0.5
0.0
0.0
0.0
0.0
0.25
0.0
0.0
0.0
0.0833333333333
0.0
0.0
0.0
0.0
0.0
0.0
0.0
0.0
0.0
0
0.0
0
0
0
1.0
0.0
0.0
0.0
0.25
0.0
0.166666666667
0.111111111111
0.176470588235
0.0625
0.0
0.0
0.0
0.0
0.0
0.0
0.0
0.0
0.0
0.0
0.0
0
1.0
0
1.0
0.0
0.473684210526
0.0
0.2
0.0
0.0
0.0
0.0
0.0
0.0
0.0
0.0
0.0
0.0
0.0
0.0
0.0
0.0
0.0
0.0
0
0
0
1.0
0.25
0.0
0.0
0.0
0.0
0.0
0.0625
0.0
0.3125
0.0
0.0
0.0
0.0
0.0
0.0
0.0
0.0
0.0
0.0
0
0.0
0.0
0.0
1.0
0.0
0.0
0.0
0.0
0.0
0.0
0.0
0.0666666666667
0.0
0.0
0.0
0.0
0.0
0.0
0.0
0.0
0.0
0.0
0.0
0.0
0.0
0.0
0
0.5
0
1.0
0.0
0.0
0.0
0.0
0.0
0.0
0.0
0.0
0.0
0.0
0.0
0.0
0.0
0.0
0.0
0.0
0
0
1.0
0
1.0
0
0
0.25
0.0
0.0
0.0
0.0
0.0
0.0
0.0
0.0
0.0
0.0
0.0
0.0
0.0
0.0
0.0
0.0
0.0
0.0
0.0
0.0
0.0
0
0.0
0.0
0.0
0.0
0.0
0.0
0.0909090909091
0.0
0.272727272727
0.0
0.0
0.0
0.0
0.277777777778
0.0
0.0
0.0
0.0
0.0
0.0
0.0
0
0
0
0.5
0.0
0.0
0.3125
0.130434782609
0.0
0.0588235294118
0.0
0.142857142857
0.0
0.0
0.0
0.0
0.0
0.0
0.0
0.0
0.0
0
0.0
0.0
0
0
0
0.5
0.0
0.0
0.0
0.0
0.0
0.0
0.2
0.0
0.0
0.0
0.0
0.0
0.0
0.0
0.0
0.0
0.0
0
0.0
0
1.0
0.0
0.0
0.0
0.0
0.0
0.0
0.111111111111
0.0
0.0
0.0
0.0
0.0
0.0
0.0
0.0
0.0
0.0
0.0
0.0
0.0
0.0
0
0
0
0
0
0.333333333333
0.0
0.234042553191
0.5
0.5
0.692307692308
0.222222222222
0.444444444444
0.235294117647
0.214285714286
0.0
0.0
0.0
0.0
0.0
0.0
0.0
0.0
0
0.0
0.0
0.0
0
0
0.5
0.0
0.0
0.0
0.0
0.0
0.0
0.0
0.0
0.0
0.0
0.0
0.0
0.0
0.0
0.0
0.0
0
0.0
0
0
0
0
0
1.0
0
0.5
0.0
0.0
0.0
0.0
0.0
0.0
0.0
0.0
0.0
0.0
0.0
0.0
0.0
0.0
0.0
0.0
0.0
0
0.0
0.0
1.0
0.5
0.0
0.0
0.222222222222
0.0
0.166666666667
0.05
0.0
0.0
0.0
0.0
0.0
0.0
0.0
0.111111111111
0.0
0.0
0.0
0.0
0.0
0
0
0.5
0.0
0.0
0.0
0.0
0.0
0.0
0.0
0.0
0.0
0.0
0.0
0.0
0.0
0.0
0.166666666667
0.0
0.0
0.0
0.0
0.0
0.0
0.0
0
1.0
0.0
0.0
0.0
0.0
0.0
0.0
0.0
0.0
0.0
0.0
0.0
0.0
0.0
0.0
0.0
0.0
0.0
0.0
0.0
0.0
0
0
0
0
0.5
0.0
0.0
0.0
0.111111111111
0.181818181818
0.0
0.0833333333333
0.0555555555556
0.125
0.0
0.0
0.0
0.0
0.0
0.0
0.0
0.0
0.0
0.0
0
0.0
0.0
0.0
0.0
0.0
0.0
0.0
0.0
0.0
0.0
0.0
0.0
0.166666666667
0.0
0.0
0.0
0.0
0.0
0.0
0.0
0.0
0.0
0.0
0
1.0
0
0
0
0.5
0.0
0.0
0.0
0.0
0.0
0.0
0.0
0.166666666667
0.0
0.0
0.0
0.0
0.0
0.0
0.0
0.0
0.0
0.0
0
0
0
1.0
0
0
0.666666666667
0
0.25
0.0
0.0
0.0
0.0
0.0
0.0
0.0
0.0
0.0
0.0
0.0
0.0
0.0
0.0
0.0
0.0
0
0.0
0
0.0
0.0
0.0
0.0
0.0
0.0
0.1
0.5
0.444444444444
0.0
0.0
0.0
0.0
0.0
0.25
0.0
0.0
0.0
0.0
0.0
0.0
0.0
0.0
0
0.0
0.25
0.0
0.0
0.0
0.0
0.0
0.0
0.0
0.0
0.0
0.0
0.0
0.0
0.0
0.0
0.0
0.0
0.0
0.0
0.0
0.0
0
1.0
0
0.333333333333
0.0
0.0
0.214285714286
0.0
0.0
0.0
0.0
0.0
0.0
0.0
0.0
0.0
0.0
0.0
0.5
0.0
0.0
0
0
0.0
0.0
0
0
0.5
0.0
0.0
0.0
0.0
0.0
0.0
0.0
0.0
0.0
0.0
0.0
0.0
0.0
0.0
0.0
0.0
0.0
0.0
0.0
0.0
0
0
0
0.5
0.0
0.0
0.0
0.0
0.0
0.0
0.0
0.0
0.0
0.0
0.0
0.0
0.0
0.0
0.0
0.0
0
0
0
0
0
0
0
0
1.0
0
0.5
0.0
0.0
0.0
0.0
0.666666666667
0.0
0.0
0.0
0.0
0.0
0.0
0.0
0.5
0.0
0
0
1.0
0
0
0
1.0
0
0.5
0.0
0.0
0.25
0.0
0.333333333333
0.0
0.166666666667
0.0
0.0
0.0
0.0
0.0
0.0
0.0
0.0
1.0
0.333333333333
0
0
0
0
0.333333333333
0.0
0.285714285714
0.0
0.0
0.0
0.0
0.0
0.0
0.0
0.0
0.0
0
0.0
0.0
0.0
0.0
0.0
0.0
0.0
0
0.0
1.0
0
0.333333333333
0.0
0.0
0.0
0.0
0.0
0.0
0.125
0.0
0.0
0.0
0.0
0.0
0.0
0.0
0.0
0
0.0
0
1.0
0
0
0
1.0
0.5
0.0
0.0
0.0
0.0
0.0
0.0
0.0
0.0
0.0
0.0
0.0
0.0
0.0
0.0
0.0
0.111111111111
0.0
0.0
0
0
0
1.0
0
0.25
0.0
0.0
0.0
0.0
0.0
0.0
0.0
0.0
0.0
0.0
0.0
0.0
0.0
0.0
0.0
0.0
0.0
0.0
0.0
0
0
1.0
0
0
0.5
0.0
0.0
0.0
0.0
0.0
0.0
0.0
0.0
0.0
0.0
0.0
0.0
0.0
0.0
0.0
0.0
0.0
0.0
0
1.0
0
1.0
0
0.666666666667
0.0833333333333
0.0
0.0
0.0
0.0
0.0
0.0
0.0
0.0
0.0
0.0
0.0
0.0
0.0
0.0
0.0
0.0
0.0
0
0
0.5
0
0
1.0
0.0
0.0
0.0
0.0
0.0
0.0
0.0
0.0
0.0
0.0
0.0
0.0
0.0
0.0
0.0
0.0
0.0
1.0
0.0
0
0.5
0.0
0.0
0.0
0.0
0.0
0.0
0.0
0.0
0.0
0.0
0.0
0.0
0.0
0.2
0.030303030303
0.0
0.0
0.0
0.0
0.0
0
0.5
0
0
0
0.333333333333
0.0
0.0
0.0
0.0
0.0
0.0
0.0
0.0
0.0
0.0
0.365384615385
0.0
0.0
0.0
0.0
0.0
0.0
0.0
0.5
0.0
0.5
0.0
0
0.0
0.0
0.0
0.0
0.0
0.0
0.0
0.0
0.0
0.0
0.0
0.0
0.0
0.0
0.0
0.0
0.0
0.0
0.0
0.0
0
0
0
0
0.2
0.0
0.027027027027
0.0
0.0
0.0
0.0
0.0
0.0
0.0
0.0
0.0
0.0
0.0
0.0
0.0
0.0
0.0
0.0
0.0
0.0
0
1.0
0.0
0.0
0.0
0.0
0.0
0.0566037735849
0.0
0.0
0.0
0.0
0.0
0.0
0.0
0.0
0.0
0.0
0.0
0.0
0.0
0.0
0.0
0.0
0.0
0
0
0
1.0
0.0
0.0
0.0
0.0
0.111111111111
0.0
0.0
0.0
0.0
0.0
0.0
0.0
0.0
0.0
0.0
0.0
0
0.0
0.0
0
0
1.0
0
0
0.5
0.0
0.0
0.0
0.0
0.0
0.0
0.0
0.0
0.0
0.0
0.0
0.0
0.0526315789474
0.0
0.0
0.0
0.0
0
0
1.0
0
0.5
0.0
0.0
0.0
0.0
0.0
0.0
0.0
0.0
0.0
0.0
0.0
0.0
0.0
0.0
0.0
0.0
0.0
0.0
0.0
0.0
0.0
0
0.0
0.0
0.0
0.0
0.0
0.0
0.0
0.0
0.0
0.0
0.0
0.0
0.0
0.0
0.0
0.0327868852459
0.0178571428571
0.0535714285714
0.0
0.0
0.0
0.0
0.0
0.0
0.0
0.2
0.0
0.0425531914894
0.0
0.0
0.0
0.0
0.0
0.0
0.0
0.0
0.0
0.0
0.0
0.0
0.0
0.0
0.0
0.0
0.0
0.0
0
0.0
0.0
0.0
0.0
0.0
0.0
0.0
0.0
0.0
0.0
0.0
0.0
0.0
0.0
0.0
0.0
0.0
0.0
0.0
0.0
0.0
0.0
0.0
0.0
0.0
0.0
0.0
0.0
0.0
0.0
0.0
0.0
0.0
0.0
0.0
0.0
0.012987012987
0.0
0.0
0.0
0.0
0.0
0.0
0.0
0.0
0.0
0
0.5
0
0
0
0.2
0.0
0.0
0.0714285714286
0.0
0.0
0.0
0.0
0.0
0.0
0.0
0.0
0.0
0.0
0.0
0.0
0.0
0.0
0.0
0.0
0
0
0
1.0
0.0
0.111111111111
0.0
0.0
0.0357142857143
0.0
0.0
0.0
0.0
0.0
0.0
0.0
0.0
0.0
0.0
0.0
0.0
0.0
0.0
0.0
0.0
0.0
0.0
0.0
0.0434782608696
0.0
0.0
0.0
0.0
0.0
0.26
0.0
0.0
0.0
0.0
0.0
0.0
0.0
0.0
0.0
0.0
0.0
0.0
0.0
0.0
0.0
0
0.166666666667
0.0
0.0
0.0
0.0
0.103092783505
0.0
0.0873786407767
0.0
0.0
0.0
0.0232558139535
0.049504950495
0.0
0.0
0.0
0.0
0.0
0.0
0.0
0.0
0.0
0.0
0.0
0.0
0.0
0.0
0.0
0.0
0.070796460177
0.0
0.0
0.0405405405405
0.03125
0.0
0.0
0.111111111111
0.0
0.0
0.0
0.0
0.0
0.0
0.0
0.0
0.0
0
0.0
0.0
0.030303030303
0.0
0.214285714286
0.0
0.0
0.0
0.0
0.0
0.0
0.0
0.0
0.0
0.0
0.0
0.0
0.0
0.0
0.0
0.0
0.0
0.0
0.0
1.0
0.0
0.0
0.0
0.114583333333
0.0
0.0
0.0
0.0
0.0
0.0
0.0
0.0
0.0
0.0
0.0
0.0
0.0
0.0
0.0
0
0
1.0
1.0
1.0
0.0
0.0
0.0
0.0
0.0
0.0
0.0
0.0
0.0
0.0
0.0
0.136363636364
0.0
0.0
0.0
0.0
0.0
0.0
0.0
0.0
0
0
1.0
1.0
0.0
0.0
0.0
0.0
0.0
0.0
0.125
0.0
0.0
0.0
0.0
0.0
0.0
0.0
0.0
0.0
0.0
0.0
0.0
0.0
0.0
0.0
0.0
0.0
0.0
0.0
0.0
0.0
0.0
0.0142857142857
0.0
0.0
0.0
0.0
0.0
0.0
0.0
0.0
0.0
0.0
0.0
0.0
0.0
0.0
0.0
0.0
0.0
0.0
0.0
0.0
0.0
0.0
0.0
0.0
0.0
0.0
0.0
0.0
0.0
0.0
0.0
0.0
0.0
0.0
0.0
0.0
0.0
0.0
0.0
0.0
0.0
0.0
0.0
0.0
0.0
0.0
0.0
0.0
0.0
0.0
0.0
0.0
0.0
0.0
0.0
0.0
0.0
0.0
0.0
0.0
0.0
0.0
0.0
0.0
0.0
0.0
0.0
0.0
0.0
0.0
0.0
0.0
0.0
0.0
0.0
0.0
0.0
0.0
0.0
0.0
0.0
0.0
0.0
0.0
0.0
0.0
0.0
0.0
0.0
0.0
0.0
0.0
0.0
0.0
0.0
0.0
0.0
0.0
0.0
0.0
0.0
0.0
0.0
0.0
0.0
0.0
0.0
0.1
0.0
0.0
0
0
0
1.0
0.0
0.0
0.0
0.0
0.0625
0.0
0.0
0.0
0.0
0.0
0.0
0.0
0.0
0.0
0.230769230769
0.0
0.0
0.0
0.0
0.0
0.0
0
0
0
0.666666666667
0.0
0.0
0.0
0.0
0.0
0.0
0.0
0.0
0.0263157894737
0.0540540540541
0.03125
0.0
0.0
0.0
0.0
0.0
0.0
0.0
0.0
0.0
0.0
0.0
0.0
0.0
0.0
0.0
0.03125
0.0
0.0
0.0
0.0
0.0
0.0
0.0
0.171875
0.0
0.0
0.0
0.0
0.0
0.0
0.0
0.0
0.0
0.0
0.0
0.5
0.0
0.0714285714286
0.0
0.0
0.0
0.0
0.0
0.0
0.0
0.0
0.0
0.0
0.0
0.0
0.0
0.0
0.0
0.0
0.0
0.0
0.0
0
0.5
0.5
0.75
0.025641025641
0.0
0.0
0.0
0.0243902439024
0.0
0.0
0.0
0.0
0.0
0.0
0.0
0.0
0.012987012987
0.0
0.0
0.0
0.0
0.0
0.0
0
1.0
0.0
0.352941176471
0.0
0.030303030303
0.0
0.0
0.0
0.0
0.0
0.0
0.0617283950617
0.0
0.0
0.0
0.0
0.0
0.0
0.0
0.0
0.0
0.0
0.0
0.0
0.0
1.0
0.166666666667
0.0
0.0652173913043
0.0
0.0
0.0
0.0
0.0
0.0
0.0
0.0
0.0434782608696
0.0
0.0
0.0
0.125
0.0714285714286
0.0
0.0
0.0
0
0.0
0.0
0
0.0
0.0
0.0
0.444444444444
0.0
0.0
0.0
0.0
0.0
0.0952380952381
0.0
0.0
0.0
0.0
0.0
0.0
0.0
0.0
0.0
0.0
0.0
0.0
0.0
0
0.6
0.0
0.0
0.0
0.05
0.0
0.0
0.111111111111
0.0
0.0943396226415
0.0
0.0217391304348
0.0
0.0
0.0
0.0281690140845
0.0
0.0
0.0
0.0
0.0
0.0
0.0
0.0
0.0
0.0
0.0
0.0
0.0
0.0
0.0
0.0
0.0
0.0
0.0
0.0
0.0
0.0
0.0813953488372
0.0
0.0
0.0
0.0
0.0
0.0
0.0
0.0
0.0
0.0
0.0
0.0
0.0
0.0
0.0
0.0
0.0
0.075
0.0461538461538
0.0
0.0
0.0
0.197183098592
0.0
0.0
0.0
0.0
0.0
0.0
0.0
0.0
0.0
0.0
0.166666666667
0.0
0.0
0.0
0.0
0.0277777777778
0.0
0.063829787234
0.0
0.0
0.0
0.0
0.0
0.0
0.0
0.0
0.0
0.0
0.0
0.0
0.0
0.0
0.0
0.0
0.0
0.0
0.0
0.0
0.0
0.0
0.0
0.0
0.0
0.0
0.0
0.0
0.0
0.0
0.0
0.0
0.0
0.0
0.0
0.0
0.0
0.0
0.0
0.0
0.0
0.0
0.0
0.0
0.0
0.0
0.0
0.0
0.0
0.0
0.0
0.0
0.0
0.0
0.0
0.0
0.0
0.0
0.0
0.0
0.0
0.0
0
0.0
0.0
0.0
0.0
0.0
0.0
0.0909090909091
0.0
0.0625
0.411764705882
0.0
0.0
0.0
0.0
0.0
0.0
0.0
0.0
0.0
0.0
0.0
0.0
0.0
0
1.0
0.5
0.0
0.0
0.0
0.0
0.0526315789474
0.0
0.0
0.0
0.0
0.0
0.148148148148
0.142857142857
0.0
0.0
0.0
0.0
0.0
0.0
0.0
0.0
0.0
0.0
0.333333333333
0.166666666667
0.0
0.0
0.0
0.0
0.0
0.0
0.0
0.0
0.0
0.0
0.0
0.0483870967742
0.0454545454545
0.0612244897959
0.0377358490566
0.0
0.0
0.0
0.0
0.0
0.0
0.0
0.0
0.0909090909091
0.0
0.0
0.16
0.0
0.14
0.0
0.0
0.0
0.0
0.0
0.0
0.05
0.0
0.0
0.0375
0.0
0.0
0.0
0.0
0.0
0.0
0.0
0
0.625
0.0
0.0
0.0
0.0
0.0
0.0
0.0
0.0
0.0
0.0
0.0
0.0
0.0
0.0
0.0
0.0
0.0
0.0
0.0
1.0
0.0
0
0.5
0.0
0.0
0.0
0.0
0.0
0.0625
0.0
0.0
0.0
0.0
0.0
0.0
0.0
0.0
0.0
0.0
0.0
0.0
0.0
0.0
0.0
0.0
0
0.0
0.0
0.0
0.0
0.0
0.0
0.0
0.0322580645161
0.125
0.0
0.0
0.0
0.0
0.0
0.0
0.0
0.0
0.0
0.0
0.0
0.0
0.0
0.0
0
0
0.5
0.0
0.0
0.0
0.0
0.0
0.272727272727
0.0666666666667
0.0
0.190476190476
0.0
0.0
0.153846153846
0.0
0.0
0.0
0.0
0.0
0.0
0.0
0.0
0
0.0
0.0
0.0
0.0
0.0
0.0
0.0
0.357142857143
0.142857142857
0.0714285714286
0.333333333333
0.0
0.0
0.0
0.0645161290323
0.150943396226
0.0
0.0
0.0
0.0
0.0
0.0
0.0
0.0
0.5
0.0
0.0833333333333
0.0
0.0
0.0
0.0
0.0
0.0731707317073
0.0
0.214285714286
0.0
0.0
0.0
0.0
0.0
0.0188679245283
0.0
0.0
0.0
0.0
0.0
0.0
0.0
0.0
0.0
0.0
0.0
0.0
0.166666666667
0.0
0.0
0.0
0.0
0.0
0.0
0.0
0.0
0.0
0.0
0.0413223140496
0.0
0.0
0.0
0.0
0.0
0.0
0.0
0.0
0.0
0.0
0.0
0.0
0.0
0.0
0.0
0.0
0.0
0.0
0.0
0.0217391304348
0.0
0.0
0.0
0.0
0.0
0.0
0.0
0.0
0.0
0.0
0.0
0.0
0.0
0.0
0.0
0.0
0.0
0.0
0.0
0.0
0.0
0.0
0.0
0.0
0.0
0.0
0.0823529411765
0.0
0.0535714285714
0.0
0.0
0.0
0.0
0.0
0.0
0.0
0.0
0.0
0.157894736842
0.0
0.0
0.0
0.0
0.0
0.174193548387
0.0
0.0
0.0
0.0
0.0
0.0
0.0
0.0
0.0
0.0
0.0
0.0
0.0
1.0
0
0.75
0.0
0.0
0.142857142857
0.0
0.0
0.0
0.0
0.0
0.0
0.0
0.121212121212
0.0
0.0
0.0
0.105263157895
0.125
0.0
0.0
0.0
0.0
0.0
0
0
0
0.0
0.0
0.0
0.0
0.0
0.0
0.0
0.0
0.0487804878049
0.0192307692308
0.0
0.0
0.0338983050847
0.0333333333333
0.0
0.0
0.0
0.0
0.0
0.0
0.0
0.0
0.0
0.0
0.0
0.0
0.0
0.0
0.0
0.0
0.0
0.0
0.0526315789474
0.0133333333333
0.0
0.0
0.0
0.0
0.0
0.0344827586207
0.0
0.0
0.0
0.0
0.0
0.0
0.0
0.0
0.0
0.297872340426
0.0125
0.0
0.0
0.0
0.0
0.0
0.0
0.0
0.0
0.0
0.0
0.08
0.0
0.0
0.0
0.0
0.0
0.0
0.0
0.0
0.0
0.0
0.0
0.0
0.0333333333333
0.0
0.0
0.0
0.0
0.0
0.0588235294118
0.0227272727273
0.0
0.0
0.0
0.0
0.0
0.0
0.0
0.0
0.0
0.0
0.0
0.0
0.0
0.0
0.0
0.0
0.0
0.0
0.0
0.0
0.0
0.0
0.0
0.0
0.0
0.0
0.0
0.0
0.0338983050847
0.0
0.0
0.0
0.0
0.0
0.0
0.0
0.0
0.0
0.0
0.0
0.0
0.0
0.0
0.0
0.0
0.0
0.0609756097561
0.0
0.0
0.0
0.0
0.0
0.0
0.0
0.0
0.0
0.0
0.0
0.0
0.0
0
0.5
0.0
0.0
0.0
0.0
0.0
0.0
0.0
0.0
0.0322580645161
0.0
0.0
0.0
0.0
0.166666666667
0.0416666666667
0.0
0.0
0.1
0.0
0.0
0.0
0.0
0.0
0.0
0
0.0
0.0
0.0526315789474
0.0
0.0
0.0
0.0
0.047619047619
0.0
0.0169491525424
0.266666666667
0.0
0.0192307692308
0.0192307692308
0.0
0.0
0.0
0.0
0.0
0.0
0.0
0.0
0.0
0.0
0.0
0.0
0.0
0.0
0.0
0.0
0.0
0.0153846153846
0.0
0.0
0.0506329113924
0.0392156862745
0.0
0.176470588235
0.0
0.0
0.0
0.0
0.0
0.0
0.0
0.5
0.0
0.0
0.0
0.168421052632
0.0
0.0
0.0
0.0
0.0
0.0
0.0
0.0
0.0
0.0
0.0
0.0
0.0
0.0
0.0
0.0
0.0
0.0
0.0
0.0
0.0
0.0
0.0
0.0
0.0
0.0
0.0
0.0
0.148936170213
0.0
0.0
0.0
0.0
0.0
0.0
0.0
0.0
0.0
0.0
0.0
0.0
0.0
0.0
0.0
0.0
0.0
0.166666666667
0.0
0.0
0.0
0.0
0.0
0.0
0.0
0.0
0.0
0.093023255814
0.0
0.0
0.0
0.0
0.0
0.0
0.0
0.0
0.0
0.0
0.0
0.0
0.0
0.0
0.222222222222
0.0
0.0
0.0
0.0322580645161
0.0
0.0
0.0
0.111111111111
0.0
0.0
0.0
0.0
0.0
0.0
0.0
0.0
0.0
0.0
0.0
0
0
1.0
0.166666666667
0.0
0.0
0.0
0.0
0.0384615384615
0.0588235294118
0.0
0.2
0.0
0.0
0.0
0.0
0.166666666667
0.166666666667
0.0
0.0909090909091
0.0
0.0
0
1.0
1.0
0.0
0.0
0.0
0.0
0.0
0.277777777778
0.227272727273
0.0344827586207
0.121212121212
0.025641025641
0.0714285714286
0.0
0.0
0.078431372549
0.0
0.0
0.0
0.0
0.0
0.0
0.0
0.0
0.0
0.0
0.0
0.0
0.0
0.0
0.0
0.0
0.0
0.0
0.0217391304348
0.0
0.0
0.0540540540541
0.0
0.0
0.0
0.0
0.0
0.0
0.0
0.0
0.0
0.0
0.0
0.0
0.333333333333
0.2
0.258064516129
0.0
0.0853658536585
0.0
0.0
0.0
0.0
0.0689655172414
0.0
0.0
0.0
0.0
0.0
0.0377358490566
0.0
0.0
0.0
0.0588235294118
0.0
0.0
0.0
0.0
0.0
0.0
0.0
0.0
0.0147058823529
0.0
0.0
0.0
0.0
0.0
0.0
0.0
0.0
0.0
0.0
0.0266666666667
0.0
0.0
0.0
0.0
0.0
0.0
0.0
0.0
0.0
0.0
0.323529411765
0.0
0.0588235294118
0.0
0.0
0.0
0.0
0.0
0.0512820512821
0.0
0.0
0.0408163265306
0.0
0.0
0.0
0.0
0.0
0.0
0.0
0.0
0.0
0.0
0.0
0.0
0.0606060606061
0.0
0.0449438202247
0.0
0.0
0.0
0.05
0.0
0.0
0.0
0.0
0.0
0.0
0.25
0.0
0.0
0.0
0.0
0.0
0.0
0.0
0.0
0.0
0.0
0.0
0.0
0.15
0.1875
0.142857142857
0.0882352941176
0.0
0.0
0.0
0.0
0.0
0.0277777777778
0.0
0.0
0.0
0.0
0.0
0.0
0.0
0.0
0.0
0.0
0.0
0.2
0.0
0.0
0.0
0.0869565217391
0.03125
0.0588235294118
0.166666666667
0.0
0.0606060606061
0.046511627907
0.255319148936
0.0526315789474
0.0
0.02
0.0212765957447
0.0
0.0
0.0
0.0
0.0
0.0
0.0
0.0
0.5
0.0434782608696
0.0
0.105263157895
0.0
0.0
0.0416666666667
0.0
0.0
0.0
0.0
0.0
0.0
0.0
0.0
0.0
0.0
0.0
0.0
0.0
0.0
0.0
0.0
0.125
0.0
0.194029850746
0.0
0.0769230769231
0.0
0.109090909091
0.0
0.0
0.0
0.0
0.0
0.0
0.0
0.0
0.0
0.0
0.0
0.0
0.0
0.0
0.0
0.0
0.0
0.0
0.230769230769
0.0
0.181818181818
0.0
0.0
0.0
0.0851063829787
0.0344827586207
0.0
0.0
0.0
0.0
0.0
0.1125
0.0533333333333
0.0
0.0
0.0
0.0
0.0
0.0
0.0
0.2
0.0
0.0
0.0645161290323
0.147058823529
0.0
0.0
0.0
0.0
0.0877192982456
0.0869565217391
0.0
0.0
0.0909090909091
0.0
0.0
0.0
0.0
0.0
0.0
0.0
0.272727272727
0.0
0.0
0.0
0.0
0.0
0.0
0.0888888888889
0.0
0.0
0.0
0.0
0.0
0.0
0.0952380952381
0.0263157894737
0.0
0.0
0.0
0.0
0.0
0.0
0.0
0.0
0.0
0.0
0
0.0
0
0.625
0.0
0.0
0.0
0.0
0.0
0.0
0.0
0.0540540540541
0.0
0.129032258065
0.0
0.0
0.0
0.153846153846
0.0740740740741
0.0
0.0833333333333
0.0
0.0
0.0
0.0
0.0
0.0
1.0
0.333333333333
0.0
0.0
0.0
0.137931034483
0.0612244897959
0.0
0.196428571429
0.0
0.02
0.0925925925926
0.0
0.0357142857143
0.0
0.0
0.0
0.0
0.0
0.0
0.0
0.0
0.0
0.0
0.1
0.0
0.0606060606061
0.118644067797
0.0576923076923
0.0
0.10752688172
0.0
0.0
0.0
0.0
0.1
0.0298507462687
0.0277777777778
0.0
0.0
0.0
0.0
0.0
0.0
0.0
0
0.25
0.0
0.0
0.0652173913043
0.0
0.0
0.0
0.0
0.04
0.0
0.0
0.0
0.0
0.0
0.0444444444444
0.148148148148
0.140350877193
0.0
0.0
0.0
0.0
0.0
0.0
0.0
0.0
0.0
0.0
0.0
0.0
0.0
0.0
0.0
0.155172413793
0.0
0.0
0.0
0.101694915254
0.0
0.0
0.0
0.123287671233
0.112676056338
0.0
0.0
0.0
0.0
0.0
0.0
0.0
0.0
0.0
0.0
0.0
0.0
0.0
0.0684931506849
0.0
0.0
0.0
0.0
0.0
0.0
0.142857142857
0.00840336134454
0.0
0.0
0.0
0.0
0.0
0.0
0.0
0.0
0.0
0.0
0.0
0.0
0.0
0.0
0.0555555555556
0.0
0.0
0.0
0.0
0.0
0.0
0.0
0.0
0.0
0.0
0.0
0.0
0.0
0.0
0.0
0.0
0.0
0
1.0
0.0
0.0
0.0
0.0
0.0
0.0909090909091
0.0
0.0
0.0
0.08
0.05
0.0
0.0
0.0
0.107142857143
0.0
0.0
0.0
0.0
0.0
0.0
0.0
0.0
0.0
0.0
0.0
0.0
0.0
0.0740740740741
0.166666666667
0.0731707317073
0.0217391304348
0.0
0.0
0.0
0.0
0.0
0.0
0.0
0.0
0.0
0.0
0.0
0.0
0.0
0.0
0.0
0.0
0.05
0.0
0.0
0.0
0.0392156862745
0.0
0.0
0.0
0.0
0.0
0.0
0.0
0.0
0.0684931506849
0.0
0.0172413793103
0.0
0.0
0.0
0.0
0.0
0.0
0.0
0.1
0.0
0.338235294118
0.02
0.0338983050847
0.0
0.0
0.025
0.192307692308
0.03125
0.0
0.0
0.0
0.0740740740741
0.0
0.0
0.037037037037
0.0
0.0
0.0
0.0
0.0
0
0.0
1.0
0.25
0.0
0.0
0.0
0.0
0.0
0.178571428571
0.0
0.161290322581
0.0
0.0
0.0
0.0434782608696
0.0869565217391
0.0
0.0
0.0
0.0
0.0
0.0
0.0
0.0
0
0.5
0.0
0.0
0.0
0.0
0.0
0.0
0.0
0.0
0.0
0.0
0.0666666666667
0.181818181818
0.0555555555556
0.0666666666667
0.0
0.0666666666667
0.0
0.0
0.0
0.0
0.0
0.0
0.0
0.0
0.0
0.0
0.0
0.466666666667
0.0
0.0
0.157894736842
0.0
0.193548387097
0.0
0.0
0.12
0.25
0.2
0.0
0.0434782608696
0.0
0.0
0.0
0.0
0.0
0.0
0.0
0.0
0.0
0.466666666667
0.0
0.0
0.0
0.36
0.0357142857143
0.0740740740741
0.108108108108
0.0
0.0
0.0
0.05
0.285714285714
0.0
0.0
0.0
0.0
0.0
0.0
0.0
0.0
0.2
0.0
0.0
0.0
0.176470588235
0.52
0.0
0.230769230769
0.416666666667
0.111111111111
0.0
0.166666666667
0.0227272727273
0.0
0.0945945945946
0.0
0.0338983050847
0.0
0.0
0.0
0.0
0.0
0.0
0.0
0.0
0.0
0.166666666667
0.0769230769231
0.0
0.0
0.206349206349
0.0
0.0
0.0
0.25
0.0
0.0
0.0454545454545
0.0
0.0
0.0344827586207
0.0
0.0
0.0
0.0
0.0
0.0
0.0
0.0
0.125
0.190476190476
0.222222222222
0.0
0.0
0.0
0.0
0.0
0.030303030303
0.0757575757576
0.0
0.0
0.0779220779221
0.111111111111
0.166666666667
0.0
0.0
0.0
0.0
0.0
0.0
0.0
0.0
0.25
0.0
0.148148148148
0.272727272727
0.0888888888889
0.0
0.0833333333333
0.242857142857
0.0877192982456
0.0606060606061
0.0151515151515
0.0338983050847
0.056338028169
0.0735294117647
0.0
0.0
0.0
0.0
0.0
0.0
0.0
0.0
0.0
0.0
0.0
0.0
0.0588235294118
0.137931034483
0.192307692308
0.0
0.0
0.0
0.0
0.0
0.0657894736842
0.0
0.0
0.0823529411765
0.158415841584
0.0
0.0
0.0
0.0
0.0
0.0
0.0
0.0
0.0
0.0
0.3
0.2
0.0
0.1875
0.0
0.0
0.101694915254
0.0149253731343
0.139240506329
0.0
0.0454545454545
0.0
0.0
0.0615384615385
0.0
0.0
0.0
0.0
0.0
0.0
0.0
0.0
0
0.0
0.666666666667
0.2
0.142857142857
0.153846153846
0.05
0.0
0.0
0.0
0.115384615385
0.0
0.0
0.0
0.0666666666667
0.0
0.105263157895
0.0
0.0
0.0
0.0
0.0
0.0
0.0
0.0
0.0
0.0
0.1
0.428571428571
0.333333333333
0.263157894737
0.0
0.137931034483
0.142857142857
0.0689655172414
0.0
0.0
0.09375
0.171428571429
0.0
0.0
0.107142857143
0.0
0.0
0.0
0.0
0.0
0.0
0.0
0.0
0.0
0.173913043478
0.176470588235
0.0
0.0
0.0
0.0
0.0
0.0294117647059
0.214285714286
0.0
0.0
0.0
0.0
0.1
0.0
0.0
0.0
0.0
0.0
0.0
0.0
0.5
0.0
0.0
0.0
0.214285714286
0.166666666667
0.0
0.0
0.0
0.037037037037
0.0
0.0
0.0
0.0
0.136363636364
0.0
0.153846153846
0.227272727273
0.0
0.0
0.0
0.0
0.0
0.0
0.0
0.0
0.153846153846
0.0
0.0
0.0
0.294117647059
0.1
0.0
0.0
0.0
0.0
0.0
0.05
0.0
0.0
0.0
0.0
0.125
0.0
0.0
0.0
0.0
0
0.0
0.0
0.0
0.125
0.0
0.0
0.0714285714286
0.0
0.0
0.0833333333333
0.384615384615
0.0
0.0
0.0
0.0
0.0
0.0
0.15
0.0
0.0
0.0
0.0
0.0
0.0
0.0
0.0
0.0909090909091
0.0
0.0
0.25
0.0
0.0
0.125
0.416666666667
0.0
0.0
0.0
0.125
0.0
0.0
0.375
0.0
0.142857142857
0.0
0.0
0.0
0.0
0.0
0
0
1.0
1.0
0.0
0.4
0.0
0.0
0.0
0.0
0.0
0.0
0.0
0.222222222222
0.0
0.0
0.125
0.0
0.0
0.0
0.0
0.0
0.0
0
0
0
1.0
0.666666666667
0.0
0.0
0.0
0.0
0.0
0.0
0.0
0.0
0.0
0.0
0.0526315789474
0.2
0.0
0.0
0.0
0.0833333333333
0.0
0.1
0.0
0.0
0.0
0.0
0.5
0.0
0.266666666667
0.0
0.0
0.230769230769
0.0
0.333333333333
0.181818181818
0.0
0.0
0.0
0.0
0.0714285714286
0.0
0.0
0.0
0.0
0.0
0.0
0
0
0.0
0.333333333333
0.0
0.166666666667
0.0
0.3125
0.0
0.0
0.0555555555556
0.0666666666667
0.0
0.0
0.0
0.0
0.0
0.0909090909091
0.0
0.0
0.0
0.0
0.0
0.0
0
0.0
0.0
0
0.0
0.2
0.0
0.0
0.0
0.333333333333
0.0666666666667
0.0
0.0
0.0
0.0
0.0
0.0
0.0
0.0
0.0
0.0
0.0
0.0
0.0
0
0
0.0
0.0
0.0
0.0
0.333333333333
0.222222222222
0.0
0.0
0.0
0.0
0.0
0.0
0.0
0.0
0.0
0.0
0.25
0.0
0.0
0.0
0.0
0.0
0
0.0
0
0
1.0
0.4
0.102040816327
0.0
0.0
0.0
0.0
0.0
0.0
0.0
0.0
0.0
0.0
0.0
0.0
0.0
0.166666666667
0.0
0.0
0.0
0
0
0
0
0
0
1.0
0.4
0.0
0.0
0.0
0.0
0.0
0.0
0.166666666667
0.0
0.0
0.0
0.0
0.0
0
0.0
0.0
0.0
0
0
0.0
0
0
1.0
1.0
0.0
0.0
0.0
0.0
0.0
0.0
0.166666666667
0.0
0.0
0.0
0.0
0.142857142857
0.0
0.0
0.0
0
0
1.0
1.0
0
0
1.0
0
0.6
0.166666666667
0.0
0.0
0.0
0.0
0.0
0.0
0.0
0.0
0.0
0.0
0.0
0
0.0
0
0.0
0
0
0
0
0
1.0
0
1.0
1.0
0.0
0.2
0.0
0.0
0.0
0.0
0.0
0.0
0.0
0.0
0.0
0
0.0
0
0.0
0.0
0.0
0
0
1.0
0
1.0
1.0
0.0
0.0
0.0
0.5
0.0
0.0
0
0.0
0.0
0
0.0
1.0
0.0
0
0
1.0
0.0
0.0
0
0.0
0.0
0
0
1.0
0.0
0.0
0.333333333333
0.0
0
0.0
0.0
0.0
0.0
0.0
0.25
0
0.0
0.0
0.0
0
0.0
0
0
0
0
0
0
0
1.0
1.0
0.0
0.0
0
0.333333333333
0.5
0.0
0.0
0.0
0.0
0.0
0.0
0.0
0.0
0.0
0.0
0.0
0
0
0
0
0
1.0
0.0
0.0
0.0
0
0.5
0.333333333333
0.0
0.0
0.0
0.0
0
0.285714285714
0
0
0.0
0.0
0
0
1.0
0.5
0
0.0
0
0.0
0.0
0
0.75
0.0
0.0
0
0.0
0.0
0.0
0.0
0.0
0.0
0.5
0
0.0
0
1.0
0
1.0
1.0
0
0
1.0
0.333333333333
0.0
0.0
0.0
0.0
0.0
0.0
0.0
0.0
0.0
0.0
0.0
0.0
0.0
0
0.0
0
0.0
0
0
0.0
0
0
0
1.0
0.5
0.0
0.166666666667
0.0
0.0
0.0
0.333333333333
0
1.0
1.0
0.0
0.0
0.0
0
1.0
0
0
0
1.0
0
0
1.0
0.0
0.666666666667
0.0
0.0
0.5
0.0
0.0
0.0
0
0.0
0.0909090909091
0.0
0.0
0.0
0.0
0.0
0.0
0.0
0.0
0
0
1.0
1.0
0
0
0
1.0
1.0
0.333333333333
0.0
0.0
0.0
0.333333333333
0.0
0.0
0.0
0.0
0.0
0.0
0
0.0
0.0
0.0
0
1.0
0
0
1.0
0
0.333333333333
0.333333333333
0.0
0.0
0.0
0.0
0.0
0.0
0.0
0.0
0.0
0.0
0.0
0.0
0.666666666667
0.0
0.0
0
0
0
0
0
1.0
1.0
0.0
0.0
0.0
0.0
0.0
0.0
0.0
0.0
0
0.0
0.0
0.0
0.0
0.0
0
0.333333333333
0.0
0
0
1.0
0.0
0
0
0
1.0
1.0
0.0
0.0
0.0
0.25
0.0
0.0
0.0
0.0
0.0
0.5
0.0
0.142857142857
0.0
0
1.0
0
0
0
0
0
0
1.0
0.1
0.0
0.0
0.0
0.5
0.0
0.0
0.0
0.0
0.0
0.1
0.0
0.0
0.0
0.0
0.0
0.0
0
0.0
0
0
0
0
1.0
0.636363636364
0.0
0.0
0.0
0.153846153846
0.166666666667
0.0
0.0
0.0
0.0
0.0
0.0
0.0
0.0
0.0
0.0
0.333333333333
0.0
0
0
1.0
0
0.0
0.333333333333
0.0
0.407407407407
0.1
0.0
0.238095238095
0.111111111111
0.0
0.0
0.0
0.0
0.0
0.0
0.0
0.0
0.0
0.0
0.0
0
0
0
0
0
1.0
0.714285714286
0.0
0.147058823529
0.0
0.0
0.0
0.0
0.0
0.0
0.3
0.0
0.0
0.263157894737
0.0
0.0
0.0
0.0
0.0
0
0
0
1.0
1.0
0.0
0.2
0.0
0.0
0.292682926829
0.0
0.0
0.0
0.0
0.0
0.0
0.0
0.0
0.0
0.0
0.0
0.0
0.0
0.0
0.0
0
0
0
1.0
1.0
0.166666666667
0.0
0.0
0.0
0.0
0.0
0.0
0.0
0.0
0.0
0.0
0.0
0.0
0.0
0.0
0.0
0.0
0.0
0
0
0
0
0
0
1.0
0.857142857143
0.166666666667
0.0
0.1875
0.0526315789474
0.0
0.0
0.0
0.0
0.0
0.0
0.0
0.0
0.0
0.0
0.0
0.0
0
0.0
0.0
0
0.0
0.333333333333
0.444444444444
0.0
0.257142857143
0.0
0.0
0.0
0.0
0.0294117647059
0.0
0.0
0.114285714286
0.0
0.0
0.0
0.0
0.0
0.0
0.0
0
0
0
1.0
0
0.166666666667
0.0
0.666666666667
0.181818181818
0.0
0.0
0.0
0.0
0.0
0.0
0.0
0.0
0.0
0.0
0.0
0.0
0.0
0.0
0.0
0.0
0
0.0
0
1.0
1.0
0.181818181818
0.486486486486
0.078125
0.0
0.0
0.0
0.0
0.0
0.0
0.0
0.0
0.0
0.0
0.0
0.0
0.0
0.0
0.0
0.0
0.0
0.5
0.5
0.0
0.0
0.8
0.586206896552
0.0
0.32
0.0
0.135593220339
0.0
0.0
0.0
0.0
0.0
0.0
0.0
0.0
0.108695652174
0.0
0.0
0.0
0.0
0.0
0.0
0.0
0.0
0.0
0.578947368421
0.0
0.02
0.204819277108
0.0
0.0
0.0123456790123
0.0540540540541
0.0
0.0
0.0
0.0
0.0
0.0
0.114285714286
0.0
0.0
0.0
0.0
0.0
0.0
0.0
0
0.0
0.166666666667
0.0
0.0
0.4
0.0
0.0
0.0
0.0
0.0
0.0
0.0416666666667
0.0
0.0
0.0
0.0
0.0
0.0
0.0
0.0
0.0
0.0
0
0.0
0.5
0.0
0.3
0.0588235294118
0.0
0.217391304348
0.0526315789474
0.0
0.0
0.0
0.0
0.0384615384615
0.027027027027
0.0
0.0
0.0
0.0
0.0
0.0
0.0
0
0
0.0
0.0
0.0
0.0
0.466666666667
0.0
0.0
0.0
0.102040816327
0.125
0.0588235294118
0.1
0.0
0.0
0.0
0.166666666667
0.078431372549
0.0
0.0
0.0
0.0
0.0
0.0
0.0
0.0
0.0
0.4
0.153846153846
0.0
0.296296296296
0.0
0.0434782608696
0.230769230769
0.0
0.175
0.0
0.0
0.0
0.310344827586
0.0227272727273
0.0
0.0
0.0
0.0
0.0
0.0
0.0
0
0
1.0
0.8
0.0
0.0
0.075
0.0
0.140350877193
0.0
0.114942528736
0.0923076923077
0.0
0.0
0.0
0.0689655172414
0.0
0.0
0.0
0.0
0.0
0.0
0.0
0.0
0.0
0.0
0.0
0.461538461538
0.555555555556
0.238095238095
0.222222222222
0.0
0.120689655172
0.142857142857
0.0
0.0842105263158
0.0
0.0
0.0
0.0344827586207
0.0
0.0
0.0
0.0
0.0
0.0
0.0
0
1.0
1.0
0.0
0.142857142857
0.0588235294118
0.111111111111
0.105263157895
0.426229508197
0.0
0.109375
0.0105263157895
0.0
0.0
0.0
0.0
0.0
0.0
0.266666666667
0.0
0.0
0.0
0.0
0.0
0.0
0
0.0
0.333333333333
0.0
0.0
0.166666666667
0.181818181818
0.142857142857
0.0
0.125
0.08
0.0625
0.0
0.0
0.0
0.0
0.0769230769231
0.2
0.0
0.0
0.0
0.0
0
0.0
0
0
0
1.0
1.0
0.181818181818
0.0
0.0
0.2
0.310344827586
0.0
0.0
0.0
0.0
0.0
0.130434782609
0.0
0.0
0.1
0.0
0.0
0.0
0.0
0.0
0.0
0.0
0.0
0.0
0.0
0.0555555555556
0.52380952381
0.0
0.0
0.202898550725
0.02
0.0
0.0
0.0
0.0731707317073
0.0
0.142857142857
0.0
0.0
0.0
0.0
0.0
0.0
0.0
0.0
0.0
0.0
0.266666666667
0.652173913043
0.217391304348
0.0
0.0540540540541
0.0
0.170212765957
0.0
0.0
0.0
0.0
0.0
0.0
0.0
0.133333333333
0.0
0.0
0.0
0.0
0.0
0.0
0.0
0.0
0.0
0
0.142857142857
0.192307692308
0.465753424658
0.0
0.0
0.207547169811
0.130434782609
0.0
0.0
0.0
0.0
0.0
0.0833333333333
0.0
0.0
0.0
0.0
0.0
0.0
0.0
0.0
0
0.0
0.357142857143
0.63829787234
0.113636363636
0.0
0.0
0.0
0.0408163265306
0.0
0.0
0.0
0.0
0.12
0.0
0.0
0.0
0.0
0.0
0.0
0.0
0.0
0.0
0
0.0
0.0
0.5
0.0
0.0
0.121212121212
0.0
0.0
0.0
0.210526315789
0.0
0.0
0.0
0.0
0.0
0.0
0.0
0.142857142857
0.0
0.0
0.0
0
0
0.0
0
0.0
0.2
0.0
0.230769230769
0.142857142857
0.117647058824
0.0
0.0
0.0
0.0
0.0
0.0
0.0
0.0
0.0
0.0
0.0
0.0
0.0
0.0
0.0
0.0
0.0
0.0
0.0
0.0
0.0
0.142857142857
0.117647058824
0.125
0.0416666666667
0.0869565217391
0.0
0.0
0.0416666666667
0.0
0.0
0.0
0.0
0.0
0.0
0.0
0.0
0.0
0.0
0.0
0.0
0.0
0.0
0.625
0.0
0.381818181818
0.117647058824
0.0
0.0
0.0
0.0
0.0
0.0
0.0
0.0
0.0
0.0
0.0215053763441
0.0
0.0
0.0
0.0
0.0
0.0
0.0
0.0
0.0
0.545454545455
0.681818181818
0.0
0.0
0.0526315789474
0.0
0.0
0.0
0.0
0.0
0.0
0.0
0.0
0.0
0.0
0.0
0.0
0.0
0.0
0.0
0
0.0
0.0
0
0.0
0.540540540541
0.0
0.063829787234
0.031746031746
0.0
0.0
0.0
0.0
0.0
0.0
0.0
0.0
0.135416666667
0.0
0.0
0.0
0.0
0.0
0.0
0.0
0.0
0.0
0.0
0.0
0.613636363636
0.3
0.0
0.0
0.0
0.0
0.0
0.027397260274
0.0
0.0
0.0
0.0566037735849
0.0
0.015873015873
0.0
0.0
0.0
0.0
0.0
0.0
0.0
0.4
0.0
0.222222222222
0.451612903226
0.130434782609
0.0833333333333
0.217391304348
0.0
0.0
0.175438596491
0.0
0.0
0.0
0.0
0.0
0.0
0.0
0.0
0.153846153846
0.0
0.0
0.0
0
0
0
1.0
1.0
0.0
0.0
0.117647058824
0.0
0.0
0.0
0.0
0.176470588235
0.0
0.0
0.12
0.0
0.0
0.0
0.0
0.0
0.0
0.0
0.0
0.0
0.0
0.0
0.0
0.0
0.0
0.0
0.0
0.0952380952381
0.0
0.0
0.0344827586207
0.0666666666667
0.176470588235
0.0
0.0
0.114285714286
0.36170212766
0.0
0.0
0.0
0.0
0.0
0.0
0.0
0.0
0
0
0.333333333333
0.818181818182
0.03125
0.0512820512821
0.0
0.0
0.0
0.0
0.0
0.0
0.0
0.0
0.0208333333333
0.179487179487
0.0
0.0
0.0
0.0
0.0
0.0
0.0
0.0
0.0
0.0
0.346153846154
0.142857142857
0.0
0.0
0.0
0.0
0.0263157894737
0.0
0.16
0.0285714285714
0.0
0.207547169811
0.0
0.0
0.0
0.0
0.0
0.0
0.0
0.0
0.0
0.0
0.0
0.0
0.0
0.222222222222
0.31914893617
0.161290322581
0.0
0.0
0.0
0.0
0.0
0.0
0.0
0.0909090909091
0.0
0.0
0.0
0.0
0.0
0.0
0.0
0.0
0.0
0.0
0.0
0.0
0.619047619048
0.627906976744
0.05
0.0
0.0
0.0
0.0
0.0
0.0
0.0
0.0
0.0
0.0
0.0757575757576
0.0483870967742
0.0
0.0
0.0
0.0
0.0
0.0
0.0
0.0
0.2
0.0
0.3125
0.129032258065
0.245614035088
0.288461538462
0.0
0.0
0.135593220339
0.0862068965517
0.0
0.0
0.0
0.0
0.0
0.0
0.0
0.0
0.0
0.0
0
1.0
0
0
1.0
0.333333333333
0.0
0.0
0.0769230769231
0.0
0.0666666666667
0.0
0.0
0.0
0.0625
0.0
0.0
0.0
0.0
0.0
0.0
0.0
0.0
0.0
0
0.0
0.0
0.0
0.0
0.0
0.333333333333
0.0
0.117647058824
0.0714285714286
0.0
0.0909090909091
0.0
0.103448275862
0.114285714286
0.0
0.0
0.0
0.0833333333333
0.0
0.0
0.0
0.0
0.0
0.0
0.0
0
1.0
1.0
0.0
0.133333333333
0.108695652174
0.35
0.0
0.0
0.0
0.0
0.0535714285714
0.0888888888889
0.0
0.0
0.106060606061
0.119402985075
0.0
0.0
0.0
0.0
0.0
0.0
0.0
0
0.0
0.0
0.277777777778
0.533333333333
0.0
0.0
0.0
0.0
0.0
0.0
0.0612244897959
0.0
0.0
0.0
0.0
0.132352941176
0.0
0.0
0.0
0.0
0.0
0.0
0.0
0.0
0.0
0.0
0.0
0.230769230769
0.0
0.0238095238095
0.0
0.0
0.0
0.0
0.0
0.0
0.0
0.0
0.0
0.0208333333333
0.172839506173
0.0
0.0
0.0
0.0
0.0
0.0
0.0
0.25
0.0
0.1875
0.409090909091
0.108108108108
0.0232558139535
0.0
0.0
0.0
0.0
0.0
0.0
0.0
0.170212765957
0.317073170732
0.190476190476
0.0
0.0
0.0
0.0
0.0
0
0
1.0
0
1.0
1.0
0.692307692308
0.516129032258
0.0677966101695
0.0263157894737
0.0
0.205882352941
0.0487804878049
0.2
0.0
0.0
0.0
0.0
0.0
0.0
0.0
0.0
0.0
0.0
0.0
0
0.0
0.0
0
0.333333333333
0.5
0.125
0.227272727273
0.0714285714286
0.0
0.0
0.173913043478
0.0
0.0
0.0952380952381
0.0
0.0
0.0
0.0
0.0666666666667
0.0769230769231
0.0
0.0
0.0
0.0
0.0
0.0
0.0
0.0
0.0
0.2
0.333333333333
0.0
0.0
0.393939393939
0.113636363636
0.0277777777778
0.0
0.0
0.0
0.243243243243
0.1
0.0
0.0243902439024
0.0
0.0
0.0
0.0
0.0
0.0
0.0
0
0.166666666667
0.5
0.135135135135
0.48
0.0
0.047619047619
0.0
0.0
0.075
0.234042553191
0.0
0.0
0.11320754717
0.0757575757576
0.0655737704918
0.0
0.0
0.0
0.0
0.0
0.0
0.0
0.0
0.0
0.363636363636
0.681818181818
0.0
0.0
0.0
0.0
0.0
0.0
0.0
0.0
0.0
0.0
0.142857142857
0.320754716981
0.0
0.0232558139535
0.0
0.0
0.0
0.0
0.0
0
0.0
0.6
0.0
0.210526315789
0.142857142857
0.0
0.0
0.0
0.0961538461538
0.0243902439024
0.0
0.0
0.0
0.0
0.172413793103
0.350877192982
0.0
0.0819672131148
0.0975609756098
0.0
0.0
0.0
0.0
0.0
0.0
0.125
0.0
0.622222222222
0.0227272727273
0.0
0.0
0.113636363636
0.0
0.0
0.0
0.0
0.0
0.0
0.0
0.163636363636
0.0333333333333
0.0
0.0
0.0
0.0
0.0
0.0
0.0
0.0
0.0
0.0
0.363636363636
0.15
0.230769230769
0.078431372549
0.0
0.0
0.162162162162
0.0
0.0
0.0
0.0
0.0
0.0
0.0294117647059
0.0
0.0
0.0
0.0
0.0
0.0
0
0.0
0.833333333333
0.2
0.0
0.142857142857
0.214285714286
0.583333333333
0.217391304348
0.333333333333
0.0
0.0
0.24
0.0
0.0
0.260869565217
0.0625
0.0
0.0
0.0
0.0
0.3
0.0
0.0
0.0
0.0
0.0
0.785714285714
0.6
0.0
0.235294117647
0.0526315789474
0.0
0.0
0.653846153846
0.242424242424
0.0
0.241379310345
0.0
0.0
0.272727272727
0.0
0.0
0.0
0.0
0.0
0.0
0.0
0.0
0.0
0.0
0.4375
0.277777777778
0.0
0.0
0.107142857143
0.131578947368
0.12
0.0
0.242424242424
0.0
0.0384615384615
0.0967741935484
0.0769230769231
0.03125
0.125
0.0
0.0
0.0
0.0
0.0
0
0
0.0
0.0
0.2
0.0625
0.0
0.0
0.0
0.0
0.125
0.233333333333
0.15
0.0
0.0
0.0
0.153846153846
0.411764705882
0.173913043478
0.0
0.0
0.0
0
0.0
0
0.0
0.25
0.8
0.25
0.214285714286
0.333333333333
0.0
0.263157894737
0.214285714286
0.0588235294118
0.0
0.0
0.0
0.0
0.333333333333
0.0
0.0
0.0
0.0
0.0
0.0
0.0
0.0
0.0
0.0
0.0
0.0
0.0
0.0
0.222222222222
0.125
0.0
0.181818181818
0.0
0.0
0.047619047619
0.0
0.0
0.0
0.230769230769
0.181818181818
0.0
0.0
0.0
0.0
0.0
0.0
0.0
0.0
0.0
0.0
0.285714285714
0.5
0.0
0.0
0.0952380952381
0.0
0.0
0.08
0.05
0.0
0.0
0.0
0.0
0.0909090909091
0.0
0.0
0.0
0.0
0.0
0.0
0.0
0
0
0
0.0
1.0
0.0
0.0
0.0
0.166666666667
0.0
0.0
0.0
0.1875
0.0
0.0
0.0
0.0
0.5
0.0
0.0
0.0
0.0
0
0.0
0
0.0
0
0.0
0.0
0.2
0.6
0.0
0.0
0.125
0.0
0.0
0.0
0.0
0.0
0.0
0.236842105263
0.0
0.0
0.0
0.0
0.0
0.0
0
0.0
0
0.0
0.333333333333
0.333333333333
0.617647058824
0.25
0.0
0.037037037037
0.0645161290323
0.0
0.0
0.0
0.0
0.0
0.0
0.0612244897959
0.0612244897959
0.0
0.0
0.0
0.0
0.0
0
0.0
0.0
0.166666666667
0.0
0.1
0.185185185185
0.269230769231
0.28125
0.276595744681
0.0
0.0
0.0
0.027027027027
0.0454545454545
0.0333333333333
0.161290322581
0.0
0.182926829268
0.0
0.0
0.0
0.0
0.0
0.0
0.0
0.0
0.0
0.111111111111
0.307692307692
0.339622641509
0.0
0.0
0.0
0.162162162162
0.156862745098
0.0212765957447
0.0
0.0
0.0192307692308
0.0
0.4765625
0.128571428571
0.0
0.0
0.0
0.0
0.0
0.0
0.0
0.0
0.0
0.0
0.744186046512
0.302325581395
0.0232558139535
0.0
0.0508474576271
0.120689655172
0.0
0.0
0.130952380952
0.0
0.05
0.0444444444444
0.0941176470588
0.0506329113924
0.0
0.0
0.0
0.0
0.0
0.0
0.0
0.0
0.0
0.125
0.111111111111
0.347826086957
0.333333333333
0.191489361702
0.0
0.0
0.0617283950617
0.179104477612
0.0
0.0
0.0
0.0487804878049
0.161290322581
0.0
0.0
0.0
0.0
0.0
0.0
0.0
0.0
0.0
0
0.714285714286
0.333333333333
0.1
0.375
0.190476190476
0.375
0.0
0.0
0.0
0.0454545454545
0.0
0.0
0.0
0.210526315789
0.0
0.0
0.0
0.0
0.0
0.0
0.0
0
0.0
0.0
0.0
0.142857142857
0.0
0.285714285714
0.111111111111
0.125
0.0
0.241379310345
0.0697674418605
0.1875
0.0
0.0
0.222222222222
0.0
0.163265306122
0.0
0.0
0.0
0.0
0.0
0.0
0.0
0.0
0.0
0.277777777778
0.5625
0.0555555555556
0.225806451613
0.0
0.0444444444444
0.0652173913043
0.0
0.0
0.0
0.0
0.0232558139535
0.21875
0.0
0.0
0.0
0.0
0.0
0.0
0.0
0.0
0.0
0.0
0
0.0
0.285714285714
0.0952380952381
0.0
0.0
0.107142857143
0.0
0.0
0.0392156862745
0.0212765957447
0.0377358490566
0.0192307692308
0.0
0.0588235294118
0.0333333333333
0.0
0.0
0.0
0.0
0.0
0.0
0.0
0.0
0.0
0.272727272727
0.185185185185
0.342105263158
0.0833333333333
0.0
0.0833333333333
0.075
0.0
0.05
0.0
0.0
0.2
0.0
0.320754716981
0.15873015873
0.0
0.0
0.0
0.0
0.0
0.0
0.0
0.0
0.2
0.181818181818
0.0
0.472222222222
0.119047619048
0.0
0.0
0.0
0.185185185185
0.121212121212
0.0
0.0
0.153846153846
0.0
0.111111111111
0.125
0.0
0.0
0.0
0.0
0.0
0.0
0
0.0
0.444444444444
0.0909090909091
0.0
0.161290322581
0.0322580645161
0.0
0.2
0.0344827586207
0.05
0.0
0.0
0.0
0.0
0.0
0.0181818181818
0.0
0.0
0.0
0.0
0.0
0.0
0.0
0
1.0
0
0.6
0.0
0.142857142857
0.157894736842
0.15
0.0
0.230769230769
0.0
0.0
0.166666666667
0.12
0.0
0.0
0.0
0.0
0.166666666667
0.0
0.166666666667
0.0
0.0
0.0
0
0.0
1.0
0.166666666667
0.0
0.047619047619
0.0
0.0
0.346153846154
0.0
0.184210526316
0.222222222222
0.111111111111
0.0322580645161
0.0
0.0
0.361111111111
0.166666666667
0.117647058824
0.0
0.0
0.0
0.0
0.0
0.0
0.0
0.0
0.5
0.0555555555556
0.292682926829
0.137931034483
0.0
0.205128205128
0.0
0.0243902439024
0.0377358490566
0.0
0.0
0.14
0.0535714285714
0.112903225806
0.0945945945946
0.193181818182
0.0
0.0
0.0
0.0
0.0
0.0
0.0
0.0
0.5
0.25
0.255813953488
0.130434782609
0.04
0.0689655172414
0.0
0.0491803278689
0.106382978723
0.0
0.0
0.025
0.301886792453
0.06
0.157142857143
0.0
0.0
0.0
0.0
0.0
0.0
0.0
0.0
0.0
0.0
0.388888888889
0.151515151515
0.0377358490566
0.0952380952381
0.0
0.025641025641
0.109090909091
0.0540540540541
0.0
0.0
0.046511627907
0.412698412698
0.0151515151515
0.0
0.0
0.0384615384615
0.0
0.0
0.0
0.0
0.0
0.0
0.0
0.352941176471
0.142857142857
0.327586206897
0.225806451613
0.0
0.311111111111
0.0
0.0
0.0
0.0
0.037037037037
0.142857142857
0.125
0.0
0.0
0.0
0.0
0.0
0.0
0.0
0.0
0.0
0.0
0.0
0.0
0.0
0.166666666667
0.0454545454545
0.129032258065
0.0416666666667
0.0
0.125
0.0
0.105263157895
0.0
0.0
0.0
0.0
0.115384615385
0.0
0.0
0.0
0.0
0.0
0.0
0.0
0
0.0
0.0
0.5
0.583333333333
0.0
0.0
0.105263157895
0.0869565217391
0.0
0.0833333333333
0.0
0.0
0.0
0.05
0.0
0.0
0.0
0.0
0.0
0.0
0.0
0.0
0
0.0
0.0
0.0
0.333333333333
0.230769230769
0.0
0.166666666667
0.0952380952381
0.5
0.1
0.0277777777778
0.32
0.0666666666667
0.2
0.0606060606061
0.0416666666667
0.0
0.0
0.0
0.0
0.0
0.0
0.0
0.0
0.0
0.0
0.166666666667
0.409090909091
0.307692307692
0.292682926829
0.0294117647059
0.0
0.0833333333333
0.0
0.275
0.0
0.0
0.119047619048
0.0625
0.258064516129
0.109090909091
0.0
0.0
0.0
0.0
0.0
0.0
0.0
0.0
0.571428571429
0.0769230769231
0.0909090909091
0.391304347826
0.0512820512821
0.0
0.0
0.177777777778
0.25
0.0681818181818
0.0
0.0
0.0
0.553571428571
0.104166666667
0.0545454545455
0.0
0.0
0.0
0.0
0.0
0.0
0.0
0.0
0.0
0.357142857143
0.352941176471
0.320754716981
0.0625
0.0
0.0
0.0
0.0
0.0
0.0
0.0
0.0
0.0425531914894
0.380952380952
0.0
0.0
0.0
0.0
0.0
0.0
0.0
0.0
0.0
0.222222222222
0.0
0.549019607843
0.469387755102
0.0
0.0
0.0
0.0
0.428571428571
0.0
0.0217391304348
0.0
0.0
0.0
0.261538461538
0.0
0.0
0.0
0.0
0.0
0.0
0.0
0
0
0.2
0.125
0.583333333333
0.12
0.161290322581
0.025641025641
0.0
0.0
0.0615384615385
0.016393442623
0.0
0.0
0.0
0.0
0.0
0.275862068966
0.0588235294118
0.0
0.0
0.0
0.0
0
0.0
0.6
0.0
0.2
0.125
0.755555555556
0.133333333333
0.0
0.037037037037
0.0
0.0
0.111111111111
0.0
0.0
0.115384615385
0.269230769231
0.0
0.0
0.0
0.0
0.0
0.0
0.0
0.0
0.0
0.0
0
0.0
0.545454545455
0.214285714286
0.0714285714286
0.0
0.151515151515
0.25
0.0
0.0
0.0
0.151515151515
0.0
0.0204081632653
0.15
0.0
0.0
0.0
0.0
0.0
0.0
0.0
0
0.0
0.666666666667
0.0
0.733333333333
0.524590163934
0.125
0.0
0.0
0.0
0.0612244897959
0.125
0.0
0.0
0.0294117647059
0.238095238095
0.0232558139535
0.0
0.0
0.0
0.0
0.0
0.0
0.0
0.0
0.0
0.0
0.0
0.575
0.636363636364
0.0
0.128205128205
0.0
0.184210526316
0.0952380952381
0.0
0.0
0.0
0.0
0.413043478261
0.169811320755
0.1
0.0
0.0
0.0
0.0
0.0
0.0
0.0
0.0
0.25
0.0
0.666666666667
0.676470588235
0.0
0.0
0.0
0.453125
0.142857142857
0.0727272727273
0.0
0.0
0.0652173913043
0.0909090909091
0.0363636363636
0.127272727273
0.0
0.0
0.0
0.0
0.0
0.0
0.0
0.0
0.0909090909091
0.0588235294118
0.686274509804
0.181818181818
0.0
0.0
0.0
0.214285714286
0.0789473684211
0.0
0.0
0.0
0.0
0.0
0.0810810810811
0.0
0.0
0.0
0.0
0.0
0.0
0.0
0.0
0.0
0.0
0.714285714286
0.272727272727
0.357142857143
0.34375
0.0
0.207547169811
0.145454545455
0.127272727273
0.0
0.0
0.0
0.03125
0.0
0.0277777777778
0.0
0.0
0.0
0.0
0.0
0.0
0.0
0.0
0.0
0.0
0.4
0.3
0.558823529412
0.45
0.0
0.0
0.35
0.357142857143
0.0
0.0
0.148148148148
0.0416666666667
0.0
0.230769230769
0.09375
0.0
0.0
0.0
0.0
0.0
0.0
0.0
0.0
0.0
0.0
0.111111111111
0.444444444444
0.0
0.368421052632
0.380952380952
0.175
0.0
0.192307692308
0.0967741935484
0.125
0.0
0.45652173913
0.0
0.0540540540541
0.0
0.0
0.0
0.0
0.0
0.0
0.0
0.0
0.0
0.1875
0.260869565217
0.290909090909
0.236842105263
0.0
0.106382978723
0.0285714285714
0.0
0.184615384615
0.0
0.0
0.0
0.0602409638554
0.102941176471
0.0
0.0
0.0
0.0
0.0
0.0
0.0
0.0
0.0
0.125
0.333333333333
0.378378378378
0.340909090909
0.0322580645161
0.0
0.0535714285714
0.0869565217391
0.0144927536232
0.0625
0.0
0.0
0.0
0.0933333333333
0.265306122449
0.0512820512821
0.0
0.0
0.0
0.0
0.0
0.0
0.0
0.0
0.0
0.0
0.533333333333
0.563636363636
0.279069767442
0.0
0.0
0.0333333333333
0.333333333333
0.0
0.0
0.0
0.115384615385
0.175438596491
0.15625
0.0
0.0
0.0
0.0
0.0
0.0
0.0
0.0
0.0
0.0
0.25
0.46875
0.192307692308
0.152173913043
0.0769230769231
0.0
0.157894736842
0.377777777778
0.0
0.0
0.0
0.075
0.0588235294118
0.189189189189
0.255813953488
0.0322580645161
0.0
0.0
0.0
0.0
0.0
0.0
0.111111111111
0.0833333333333
0.0
0.142857142857
0.12
0.027027027027
0.125
0.125
0.0588235294118
0.25641025641
0.0
0.0285714285714
0.0
0.0
0.129032258065
0.172413793103
0.0384615384615
0.0
0.0
0.0
0.0
0
0.0
0.0
0.0
0
0.0
0.333333333333
0.558139534884
0.64
0.0
0.0
0.172413793103
0.214285714286
0.0666666666667
0.0
0.0
0.0
0.258064516129
0.208333333333
0.0
0.0
0.0
0.0
0.0
0.0
0.0
0.0
0
0.0
0.777777777778
0.538461538462
0.208333333333
0.461538461538
0.0
0.121951219512
0.482142857143
0.186440677966
0.0
0.0487804878049
0.078431372549
0.0888888888889
0.166666666667
0.123076923077
0.134615384615
0.0
0.0
0.0
0.0
0.0
0.0
0.0
0.0
0.0
0.0
0.625
0.581818181818
0.127659574468
0.0
0.105263157895
0.0227272727273
0.0
0.0425531914894
0.0
0.0
0.0
0.283333333333
0.242857142857
0.063829787234
0.0
0.0
0.0
0.0
0.0
0.0
0.0
0.0
0.0
0.833333333333
0.28
0.294117647059
0.15
0.0
0.037037037037
0.350877192982
0.0
0.0
0.0
0.0
0.196078431373
0.15873015873
0.104651162791
0.289156626506
0.0
0.0
0.0
0.0
0.0
0.0
0.0
0.0
0.0
0.318181818182
0.606060606061
0.358490566038
0.131578947368
0.0
0.2
0.0
0.0833333333333
0.0
0.078125
0.0
0.0
0.235294117647
0.19387755102
0.244186046512
0.0
0.0
0.0
0.0
0.0
0.0
0.0
0.0
0.037037037037
0.304347826087
0.0625
0.219512195122
0.10447761194
0.0
0.0
0.12676056338
0.184210526316
0.0
0.0
0.0
0.0933333333333
0.141414141414
0.0
0.0281690140845
0.0
0.0
0.0
0.0
0.0
0.0
0
0.0
0.375
0.0769230769231
0.269230769231
0.58
0.0508474576271
0.0769230769231
0.136363636364
0.150684931507
0.135135135135
0.0
0.0
0.0
0.0
0.0
0.0769230769231
0.106666666667
0.0
0.0
0.0
0.0
0.0
0.0
0.0
0
0.0
0.666666666667
0.583333333333
0.0
0.105263157895
0.0
0.0
0.0625
0.111111111111
0.0
0.0
0.0
0.0
0.176470588235
0.0714285714286
0.0
0.0
0.0
0.0
0.0
0
0.0
0.0
0.0
0.0
0.2
0.4
0.6
0.0
0.0952380952381
0.0555555555556
0.0
0.41935483871
0.04
0.0344827586207
0.153846153846
0.0
0.176470588235
0.277777777778
0.107142857143
0.0
0.0
0.0
0.0
0.0
0.0
0.0
0.0
0.0
0.388888888889
0.36
0.171428571429
0.0
0.0
0.375
0.219512195122
0.0
0.0
0.0
0.0
0.0
0.0
0.0
0.0
0.0
0.0
0.0
0.0
0.0
0.0
0.0
0.0
0.0
0.111111111111
0.85
0.117647058824
0.0
0.0
0.115384615385
0.0
0.0
0.0416666666667
0.105263157895
0.0
0.08
0.0
0.30303030303
0.15625
0.04
0.0
0.0
0.0
0.0
0.0
0.0
0.0
0.25
0.3
0.333333333333
0.333333333333
0.322580645161
0.0555555555556
0.0
0.0
0.0
0.0
0.0333333333333
0.0
0.175
0.0810810810811
0.205128205128
0.0
0.0
0.222222222222
0.12
0.0
0.0
0.0
0.0
0.0
0.0
0.0
0.416666666667
0.2
0.243243243243
0.5
0.0
0.0588235294118
0.214285714286
0.107142857143
0.0
0.0
0.0
0.142857142857
0.148148148148
0.037037037037
0.0833333333333
0.0
0.0
0.0
0.0
0.0
0.0
0.0
0.0
0.0
0.0
0.166666666667
0.322580645161
0.0
0.0
0.0
0.153846153846
0.0
0.222222222222
0.0
0.0
0.1
0.0
0.2
0.0
0.0
0.0
0
0.0
0.0
0
0.0
0.0
0.25
0.75
0.304347826087
0.375
0.0
0.0
0.578947368421
0.2
0.142857142857
0.272727272727
0.0
0.473684210526
0.0357142857143
0.0588235294118
0.0
0.0
0.125
0.0
0.0
0.0
0
0.0
0.5
0.0
0.0
0.647058823529
0.230769230769
0.153846153846
0.25
0.0
0.380952380952
0.2
0.153846153846
0.214285714286
0.0
0.0
0.392857142857
0.0689655172414
0.210526315789
0.222222222222
0.0
0.0
0.0
0.0
0.0
0.0
0.0
0.0
0.272727272727
0.533333333333
0.25
0.0
0.0
0.0
0.0666666666667
0.0
0.0555555555556
0.0
0.0
0.0
0.0
0.0
0.0909090909091
0.0
0.0
0.0
0.0
0.0
0.0
0.0
0.2
0.111111111111
0.0
0.136363636364
0.4
0.0
0.0
0.0
0.0
0.0
0.0
0.0
0.0909090909091
0.0
0.0
0.0
0.0769230769231
0.0909090909091
0.0
0.0
0.0
0.0
0.0
0.5
0.666666666667
0.0
0.0
0.466666666667
0.529411764706
0.181818181818
0.0833333333333
0.0
0.117647058824
0.25
0.0
0.0
0.153846153846
0.454545454545
0.0
0.0
0.0
0.0
0.0
0.0
0.0
0.0
0.0
0
1.0
0.0
0.0
0.0
0.0
0.272727272727
0.0
0.0
0.0
0.176470588235
0.0
0.0
0.0
0.0
0.0
0.0
0.181818181818
0.0
0.0
0.0
0.0
0
0.0
0.0
0.5
0.0
0.0
0.5
0.153846153846
0.0
0.0
0.0
0.0
0.0
0.0
0.0
0.0
0.0
0.0
0.0
0.0
0.25
0.0
0.0
0
0.0
0.0
0.0
0.0
0.0
0.0
0.0
0.0
0.0
0
0.0
0.0
0.2
0.0
0.0
0.0
0.0
0.5
0.0
0.5
0.0
0.0
0
0.0
1.0
0
0.5
0
0.0
0
0.666666666667
0.5
0.666666666667
0.0
0.0
0.0
0.0
0.0
0.333333333333
0.0
0.0
0.0
0.0
0.0
0.0
0.0
0
0
0.0
1.0
0
0
0.0
0.666666666667
0.1
0.538461538462
0.25
0.0
0.0
0.0
0.0
0.0
0.0
0.0
0.0
0.0
0.333333333333
0.0
0.0
0.0
0
0.0
0.0
0.0
0.0
0.0
0.0
0.2
0.5
0.230769230769
0.375
0.0
0.0
0.0
0.0
0.0
0.0
0.0
0.0
0.0
0.0
0.0
0.0
0.0
0
1.0
1.0
0
0.0
0.0
0.5
0.2
0.363636363636
0.363636363636
0.0909090909091
0.0
0.0
0.0
0.0
0.142857142857
0.0
0.0
0.0
0.0
0.0
0.333333333333
0.0
0.0
0
0
0
0
0
1.0
1.0
0.166666666667
0.0
0.0
0.0
0.0
0.0909090909091
0.0
0.0
0.0
0.0
0.0
0.0
0.0
0.0
0.285714285714
0.0
0.0
0.0
0.0
0
0.0
0
1.0
0.0
0.4
0.625
0.0
0.0
0.0
0.111111111111
0.0
0.0
0.166666666667
0.0
0.0
0.0
0.0
0.0
0.0
0.0
0.0
0.0
0.0
0.0
0
0.0
0
1.0
0.25
0.0
0.0
0.0
0.0
0.0
0.0
0.0
0.0
0.0
0.0
0.0
0
0.0
0.0
0.0
0.25
0.25
0
0
0
0
0
0
1.0
1.0
0.0
0.0
0.25
0.0
0.0
0.0
0.0
0.0
0.0
0.0
0.333333333333
0
0.2
0.5
0.0
0.0
0.0
0
0
0
1.0
1.0
0.5
0.5
0.0
0.0
0.0
0.166666666667
0.333333333333
0.0
0.0909090909091
0.0769230769231
0.0
0.0625
0.0
0.0
0.0
0.0
0.0
0.0
0.0
0.0
0.0
0
0
1.0
1.0
0.214285714286
0.266666666667
0.0
0.0
0.0909090909091
0.0
0.0
0.0
0.0
0.0
0.0
0.0
0.0
0.0
0.0
0.0
0.0
0
0
1.0
0
0
0.571428571429
0.7
0.0769230769231
0.0
0.0
0.0
0.047619047619
0.117647058824
0.0
0.0
0.0
0.0
0.0526315789474
0.0
0.0
0.0
0.0
0.0
0.0
0.0
0
0
0
0.0
1.0
0.2
0.285714285714
0.0666666666667
0.222222222222
0.0
0.0
0.0
0.0
0.0
0.0
0.0
0.0
0.0
0.21875
0.0
0.0
0.0
0.0
0.0
0.0
0.0
0.0
1.0
0.0
0.625
0.789473684211
0.0
0.0
0.0
0.0344827586207
0.0
0.0
0.0
0.0
0.0
0.0
0.0
0.181818181818
0.0
0.0
0.0
0.0
0
0.0
0
1.0
0
1.0
1.0
1.0
0.0
0.0
0.0
0.0
0.0
0.0
0.0
0.0
0.0
0.0
0.0
0.0
0.0
0.0
0.333333333333
0
0.0
0
0
0
0
0
1.0
1.0
0.25
0
0.0
0.4
0.75
0.0
0.0
0.0
0.0
0.0
0.0
0
0.0
0.0
0.0
0.0
0.0
0.0
0
0.0
0.0
0
0.0
0.25
0.0
0.4
0.0
0.0
0.4
0.0
0.0
0.0
0.0
0.428571428571
0.0
0.0
0.0
0.0
0.0
0.0
0.0
0.0
0.0
0
0.0
0.25
0.619047619048
0.153846153846
0.0
0.0
0.0
0.105263157895
0.0
0.0
0.0
0.0
0.0
0.0
0.0
0.0
0.0
0.0
0.0
0.0
0.0
0.0
0
0
1.0
1.0
0.75
0.0909090909091
0.1
0.2
0.28125
0.08
0.0
0.0
0.0
0.0833333333333
0.0
0.0
0.0
0.0
0.0
0.0
0.0
0.0
0.0
0.0
0.0
0
0.0
0.5
0.4
0.676470588235
0.4
0.137931034483
0.0
0.0
0.0
0.0
0.0
0.0
0.0
0.0
0.0
0.0526315789474
0.2
0.0
0.0
0.0
0.0
0.0
0
0.0
1.0
0.333333333333
0.0
0.0
0.428571428571
0.0
0.0
0.0740740740741
0.1
0.0
0.0
0.0
0.0
0.0
0.0
0.0
0.0
0.0
0.0
0.0
0.0
0
0
1.0
0
1.0
0.75
0.166666666667
0.166666666667
0.0769230769231
0.0
0.0
0.0
0.0
0.0
0.0
0.0
0.0
0.0
0.352941176471
0.0
0.0
0.0
0.0
0.0
0.0
0
0
0
1.0
1.0
0.0
0.285714285714
0.0
0.0
0.0
0.0833333333333
0.0
0.0
0.0
0.111111111111
0.0
0.0526315789474
0.3
0.111111111111
0.0
0.0
0.166666666667
0.0
0.0
0.0
0
0.0
0.5
0.0
0.272727272727
0.4
0.0
0.0
0.15
0.1
0.0
0.0
0.0
0.0
0.0
0.0
0.0
0.0
0.0
0.0
0.0
0.0
0.0
0.0
0
0.666666666667
0.25
0.4
0.64
0.5
0.0
0.0
0.0
0.1
0.0
0.0
0.0
0.0
0.0
0.25
0.05
0.0
0.0
0.0
0.0
0
0
0.0
0.5
0.0
0.0
0.545454545455
0.294117647059
0.25
0.0
0.0
0.212765957447
0.047619047619
0.0
0.0
0.0
0.0
0.214285714286
0.0625
0.0
0.0
0.0
0.0
0.0
0.0
0.0
0.0
0
0.0
0.625
0.645161290323
0.548387096774
0.0
0.0
0.0
0.0
0.166666666667
0.0454545454545
0.0
0.0
0.0
0.0
0.0
0.0
0.0
0.0
0.0
0.0
0.0
0.0
0.0
0.0
0.0
0.416666666667
0.76
0.6
0.0
0.0
0.0
0.0
0.0
0.0
0.0
0.0
0.0
0.0
0.0
0.0909090909091
0.0
0.0
0
0.0
0.0
0.0
0
0
1.0
1.0
0.25
0.0
0.0
0.111111111111
0.0
0.0
0.0
0.166666666667
0.0
0.0
0.0
0.0
0.0
0.0
0.222222222222
0.0
0.0
0.0
0
0
0
0
1.0
1.0
0.666666666667
0.0
0.0
0.0
0.444444444444
0.125
0.333333333333
0.0
0.0714285714286
0.0
0.0
0.2
0.214285714286
0.388888888889
0.0
0.0
0.0
0.0
0.0
0.0
0.0
0.0
0.0
0.727272727273
0.642857142857
0.526315789474
0.0
0.05
0.130434782609
0.142857142857
0.192307692308
0.0
0.0645161290323
0.0357142857143
0.0
0.0
0.0
0.0322580645161
0.05
0.0
0.0
0.0
0.0
0.0
0.0
0.0
0.0
0.533333333333
0.702702702703
0.111111111111
0.0
0.0
0.0
0.0
0.0
0.105263157895
0.0
0.0
0.0
0.0
0.0
0.0
0.0
0.0
0.0
0.0
0
0
0
0.5
0.0
0.444444444444
0.837209302326
0.0
0.0
0.0526315789474
0.09375
0.222222222222
0.0
0.0
0.0
0.0
0.0
0.0
0.15
0.148148148148
0.0
0.0
0.0
0.0
0.0
0.0
0
0
0
1.0
1.0
0.578947368421
0.0
0.0
0.0
0.0
0.125
0.0833333333333
0.0588235294118
0.0
0.0
0.0
0.0
0.0
0.0
0.0
0.0
0.0
0.0
0
0
0
1.0
1.0
1.0
0.25
0.142857142857
0.0
0.0
0.3125
0.0
0.0
0.0
0.0
0.0
0.0
0.0
0.0
0.0
0.0
0.0
0.0
0.0
0
0
0.0
0.0
0.0
0.25
0.0
0.538461538462
0.285714285714
0.0
0.0
0.0
0.0
0.0
0.0
0.0
0.0
0.0555555555556
0.142857142857
0.0
0.0
0.0
0.0
0.0
0
0.0
0.0
0.0
0.0
1.0
0.0
0.0
0.0769230769231
0.0
0.230769230769
0.0833333333333
0.0
0.238095238095
0.272727272727
0.0
0.0
0.0
0.260869565217
0.473684210526
0.0
0.0
0.0
0.0
0.0
0.0
0.0
0.0
0.583333333333
0.307692307692
0.133333333333
0.0
0.0
0.368421052632
0.529411764706
0.210526315789
0.0
0.0
0.0
0.3
0.0
0.0
0.08
0.0
0.0
0.0
0.0
0.0
0
0.0
0
0.333333333333
0.833333333333
0.222222222222
0.529411764706
0.3125
0.0
0.0
0.0555555555556
0.0
0.0
0.0
0.0
0.0
0.0
0.0
0.0
0.0
0.0
0.0
0.0
0.0
0.0
0.0
0.0
0.0
0.0
0.5
0.1875
0.0588235294118
0.208333333333
0.0
0.0
0.206896551724
0.0
0.0
0.0
0.0
0.0
0.1
0.0
0.0
0.0
0.0
0.0
0.0
0
0
0.0
0.666666666667
0.0
0.0
0.666666666667
0.222222222222
0.0
0.0
0.105263157895
0.382352941176
0.139534883721
0.0
0.0
0.0
0.0
0.0
0.0
0.0
0.0
0.0
0
0.0
0.0
0.0
0.2
0.0
0.0
0.444444444444
0.411764705882
0.538461538462
0.111111111111
0.0
0.102564102564
0.0
0.0
0.0
0.0
0.0
0.0
0.0
0.0
0.0
0.0
0.0
0.0
0.0
0
0.0
0
0.0
0.5
0.4
0.0
0.0
0.0
0.0
0.0
0.0
0.0
0.0
0.0
0.0
0.0
0.5
0.0
0.0
0.0
0.0
0
0.0
0.0
0
0
1.0
1.0
1.0
0
0.285714285714
0.714285714286
0.0
0.0833333333333
0.0
0.0
0.111111111111
0.0
0.0
0.0
0.0
0.05
0.0
0.0
0.0
0.0
0.0
0.333333333333
0.0
0.0
0.0
0.25
0.615384615385
0.315789473684
0.0
0.0
0.0
0.0
0.210526315789
0.0
0.0
0.0
0.0
0.0
0.0
0.0
0.0
0.0
0.0
0.0
0.0
0.0
0.0
0.0
0.2
0.0
0.0
0.733333333333
0.214285714286
0.125
0.0
0.0
0.214285714286
0.5
0.454545454545
0.0
0.0
0.0
0.0
0.25
0.0
0.0
0.0
0.0
0.0
0.0
0.0
1.0
1.0
1.0
0.571428571429
0.44
0.5
0.0
0.0
0.115384615385
0.0526315789474
0.0
0.0
0.0
0.0
0.0
0.111111111111
0.0
0.0
0.0
0.0
0.0
0
0.0
0.0
0.0
0
0.0
0.444444444444
0.0769230769231
0.0
0.117647058824
0.166666666667
0.0
0.125
0.0
0.0
0.0
0.0
0.0
0.0
0.0
0.0
0.0
0.5
0.0
0
0
0
0
1.0
1.0
1.0
0.0909090909091
0.4
0.0
0.0
0.0
0.0952380952381
0.0
0.0
0.0
0.0
0.0
0.0
0.0
0.0
0.0
0.0
0
0
0.0
0
0.0
0.0
0.0
0
0.0
0.166666666667
0.166666666667
0.0
0.0
0.0
0.0
0.0
0.4
0.0
0.0
0.0
0.0
0.0
0.0
0.0
0.0
0
0
0
0
0
1.0
1.0
1.0
0.0
0.0
0.0
0.0
0.0
0.0
0.0
0.0
0.0
0.0
0.0
0.0
0.125
0.0
0.0
0.0
0.0
0.0
0
0
0.5
1.0
0.25
0.291666666667
0.0909090909091
0.0
0.117647058824
0.0
0.333333333333
0.35
0.0
0.0
0.0
0.0
0.0
0.0
0.0
0.0
0.0
0.0
