1.0
0
0
0
0
0
0
0.2
0.166666666667
0.0
0.0
0.0
0.0
0.0
0.0
0.0
0.0
0.0
0.0
0.0
0.0
0.0
0.0
0.0
0
0.0
0.0
0
0.0
0
0.0
0.0
0.0
0.0
0.0
0.0
0.0
0.0
0.0
0.0
0.0
0.0
0.0
0.0
0.0
0.0
0.0
0.0
0.0
0
0.0
0
0.0
0
0
0
0.142857142857
0.125
0.0
0.0
0.0
0.0
0.0
0.0
0.0
0.0
0.0
0.0
0.0
0.0
0.0
0.0
0.0
0
0
0.0
0
0
0
1.0
0.0
0.0
0.0
0.0
0.0
0.0
0.0
0.0
0.0
0.0
0.0
0.0
0.0
0.0
0.0
0.0
0
0
0
0
1.0
0
0
0.0
0.0
0.0
0.0
0.0
0.0
0.0
0.0
0.0
0.0
0.0
0.0
0.0
0.0
0.0
0.0
0.0
0
0.0
0.0
0
0
0
0
1.0
0.0
0.0
0.0
0.0
0.0
0.0
0.0
0.0
0.0
0.0
0.0
0.0
0.0
0.0
0.0
0.0
0.0
0.0
0.0
0
0
0
0
0
0.142857142857
0.0
0.0
0.0
0.0
0.0
0.0
0.25
0.0
0.0
0.0
0.0
0.0
0.0
0.0
0.0
0.0
0.0
0.0
0
0
0
0.0
0.0
0.0
0.0
0.551724137931
0.0
0.0
0.0
0.0
0.0
0.0
0.0
0.0
0.0
0.0
0.0
0.0
0.0
0.0
0.0
0.0
0
0.0
0
0
0.0
0.0
0.0
0.0
0.0
0.15
0.3
0.368421052632
0.0
0.0
0.0
0.0
0.0
0.0
0.0
0.0
0.0
0.0
0.0
0.0
0.0
0
0
0.0
0.0
0.238095238095
0.272727272727
0.0
0.25
0.0
0.0454545454545
0.107142857143
0.0
0.0
0.0
0.0
0.0
0.0
0.0
0.0
0.0
0.0
0.0
0
0.0
0
0.0
0.0
0.0
0.142857142857
0.0555555555556
0.0714285714286
0.125
0.0
0.0
0.0
0.0
0.0
0.0
0.0
0.0
0.0
0.0
0.0
0.0
0.0
0.0
0
0
0
0
0.5
0.0
0.0
0.0
0.0
0.0
0.0
0.0
0.0
0.0
0.0
0.0
0.0
0.0
0.0
0.0
0.0
0.0
0.0
0.0
0.0
0.0
0
0
0
0.666666666667
0.0
0.0
0.0
0.0
0.0
0.0714285714286
0.333333333333
0.0
0.0
0.0
0.0
0.0
0.0
0.0
0.0
0.0
0.0
0.0
0
0
0.0
0
0.0
0.0
0.0
0.0625
0.0
0.0
0.0
0.05
0.173913043478
0.0
0.0
0.0
0.0
0.0
0.0
0.0
0.0
0.0
0.0
0.0
0.0
0
0
0
0.0
0.0
0.166666666667
0.111111111111
0.333333333333
0.157894736842
0.0
0.0
0.0555555555556
0.214285714286
0.0
0.0
0.0
0.0
0.0833333333333
0.0
0.0
0.0
0.0
0.0
0
0
0
0
1.0
0.0
0.142857142857
0.3
0.235294117647
0.0
0.0
0.0952380952381
0.25
0.0
0.0
0.0
0.0
0.0
0.0
0.0
0.0
0.0
0.0
0.0
0.0
0
0.0
0.0
0.0
0.0
0.0
0.518518518519
0.0
0.0
0.0
0.0
0.133333333333
0.0833333333333
0.0
0.0
0.0
0.0
0.0
0.0
0.0
0.0
0.0
0
0
0
0
1.0
0
0.0
0.3
0.2
0.0
0.0
0.0
0.0
0.0666666666667
0.181818181818
0.0
0.0
0.0
0.0
0.0
0.0
0.0
0
0.0
0.0
0
0.0
0
0
0
1.0
0.0
0.0
0.0
0.0
0.0
0.0
0.0
0.0
0.0
0.0
0.0
0.0
0.0
0.0
0.0
0.0
0.0
0.0
0
0.0
0
0
0.0
0.0
0.0
0.0
0.0
0.0
0.0
0.0
0.0
0.1
0.0
0.0
0.0
0.0
0.0
0.0
0.0
0.0
0.0
0.0
0.0
0.0
0
0
0.0
0.0
0.0
0.25
0.157894736842
0.166666666667
0.0
0.0
0.0
0.0833333333333
0.105263157895
0.0
0.0
0.0
0.0
0.0
0.0
0.0
0.0
0
0.0
0
0
0
1.0
0.0
0.0909090909091
0.346153846154
0.25
0.0
0.0
0.333333333333
0.117647058824
0.0625
0.0
0.0
0.0
0.0
0.0
0.0
0.0
0.0
0.0
0.0
0.0
0
0.0
0
0.0
0.0
0.578947368421
0.105263157895
0.24
0.0
0.0
0.0
0.1
0.142857142857
0.0
0.0
0.0
0.0
0.0
0.0
0.0
0.0
0.0
0.0
0.0
0
0
0
0.0
0.0
0.0909090909091
0.291666666667
0.0
0.0
0.0
0.375
0.222222222222
0.125
0.125
0.0
0.0
0.0
0.0
0.0
0.0
0.0
0.0
0.0
0
0.0
0.0
0.0
0.0
0.0
0.166666666667
0.0
0.190476190476
0.0
0.0
0.0
0.0666666666667
0.0
0.0
0.0
0.0
0.0
0.0
0.0
0.0
0.0
0.0
0.0
0.0
0.0
0.0
0
0.0
0
0.0
0.0
0.0
0.0
0.0
0.0
0.0
0.0
0.0
0.0
0.0
0.0
0.0
0.0
0.0
0.0
0.0
0
0
0.0
0
0.0
0
0
0.0
0.0
0.0
0.0
0.2
0.0
0.0
0.0
0.0
0.0
0.0
0.0
0.0
0.0
0.0
0.0
0.0
0.0
0.0
0.0
0.0
0.0
0
0.0
0.0
0.363636363636
0.0
0.0
0.0
0.0
0.0
0.363636363636
0.0
0.0
0.0
0.0
0.0555555555556
0.0
0.0
0.0
0.0
0.0
0.0
0.0
0
0
0
0.25
0.217391304348
0.136363636364
0.0625
0.0
0.0
0.0
0.0
0.142857142857
0.0
0.0
0.0
0.0
0.0
0.0
0.142857142857
0.0
0.0
0
0.0
0.0
0
0
0
0.5
0.0
0.269230769231
0.0
0.0
0.0
0.0869565217391
0.133333333333
0.2
0.0
0.0
0.0
0.0
0.0
0.0
0.0
0.0
0.0
0
0.0
0
0.0
0.0
0.0
0.0
0.0
0.0666666666667
0.0
0.0
0.0
0.296296296296
0.0
0.0
0.0
0.0
0.0
0.0
0.0
0.0
0.0
0.0
0.0
0.0
0
0
0
0
0
0.333333333333
0.0
0.531914893617
0.0
0.0
0.0
0.222222222222
0.5
0.411764705882
0.0714285714286
0.0
0.0
0.0
0.0
0.0
0.0
0.0
0.0
0
0.0
0.0
0.0
0
0
0.0
0.0
0.0
0.0
0.0
0.0
0.0
0.0
0.0
0.0
0.0
0.0
0.0
0.0
0.0
0.0
0.0
0
0.0
0
0
0
0
0
1.0
0
0.0
0.0
0.0
0.0
0.0
0.0
0.0
0.0
0.0
0.0
0.0
0.0
0.0
0.0
0.0
0.0
0.0
0.0
0
0.0
0.0
0.0
0.0
0.166666666667
0.4
0.0
0.0
0.0
0.2
0.0
0.0
0.0
0.0
0.0
0.0
0.0
0.0
0.0666666666667
0.0
0.0
0.0
0.0
0
0
0.0
0.0
0.0
0.0
0.0625
0.214285714286
0.0
0.0
0.0
0.0
0.0
0.0
0.0
0.0
0.0
0.166666666667
0.0
0.0
0.0
0.0
0.0
0.0
0.0
0
0.0
0.0
0.0
0.3125
0.142857142857
0.15
0.0
0.0
0.333333333333
0.0
0.0
0.0
0.0
0.0
0.0
0.0
0.0
0.0
0.0
0.0
0.0
0
0
0
0
0.5
0.0
0.0
0.230769230769
0.0
0.0
0.0
0.0833333333333
0.388888888889
0.4375
0.0
0.0
0.0
0.0
0.0
0.0
0.0
0.0
0.0
0.0
0
0.0
0.0
0.0
0.0
0.0
0.0769230769231
0.153846153846
0.0
0.0
0.0
0.0
0.0
0.0
0.0
0.0
0.0
0.0
0.0
0.0
0.0
0.0
0.0
0.0
0
0.0
0
0
0
0.0
0.0
0.0
0.0
0.0
0.0
0.1
0.0
0.0
0.0
0.0
0.0
0.0
0.0
0.0
0.0
0.0
0.0
0.0
0
0
0
0.0
0
0
0.0
0
0.0
0.0
0.0
0.0
0.0
0.0
0.0
0.0
0.0
0.0
0.166666666667
0.0
0.0
0.0
0.0
0.0
0.0
0
0.0
0
0.0
0.0
0.25
0.275862068966
0.0
0.0
0.0
0.0
0.444444444444
0.0
0.0
0.0
0.0
0.0
0.0
0.0
0.0
0.0
0.0
0.0
0.0
0.0
0.0
0
0.0
0.0
0.0
0.2
0.0
0.0
0.0
0.0
0.0
0.0
0.0
0.0
0.0
0.0
0.0
0.0
0.0
0.1875
0.0
0.0
0.0
0.0
0
0.0
0
0.0
0.166666666667
0.166666666667
0.285714285714
0.0
0.0
0.0
0.0
0.0
0.0
0.0
0.0
0.0
0.0
0.0
0.0
0.0
0.0
0
0
0.0
0.0
0
0
0.0
0.0
0.0
0.25
0.0
0.0
0.0
0.0
0.0
0.0
0.0
0.0
0.0
0.0
0.0
0.0
0.0
0.0
0.0
0.0
0.0
0
0
0
0.5
0.285714285714
0.0
0.0
0.0
0.0
0.0
0.0
0.0
0.0
0.0
0.0
0.0
0.0
0.0
0.0
0.0
0
0
0
0
0
0
0
0
1.0
0
0.0
0.0
0.0
0.0
0.0
0.0
0.0
0.0
0.0
0.0
0.0
0.0
0.0
0.0
0.0
0
0
0.0
0
0
0
0.0
0
0.0
0.0
0.0
0.0
0.0
0.0
0.0
0.0
0.0
0.0
0.0
0.0
0.0
0.0
0.0
0.0
0.0
0.0
0
0
0
0
0.333333333333
0.0
0.0
0.0
0.0
0.0
0.0
0.0
0.0
0.0
0.0
0.0
0
0.0
0.0
0.0
0.0
0.0
0.0
0.0
0
0.0
0.0
0
0.0
0.0
0.0
0.0
0.0
0.0
0.0
0.0
0.0
0.0
0.0
0.0
0.0
0.0
0.0
0.0
0
0.0
0
0.0
0
0
0
0.0
0.0
0.0
0.0
0.0
0.0
0.0
0.0
0.0
0.0
0.0
0.0
0.0
0.0
0.0
0.0
0.0
0.0
0.0
0.0
0
0
0
1.0
0
0.0
0.0
0.0
0.0
0.0
0.0
0.0
0.0
0.0
0.0
0.0
0.0
0.0
0.0
0.0
0.0
0.0
0.0
0.0
0.0
0
0
0.0
0
0
0.0
0.463414634146
0.0
0.0
0.0
0.0
0.0
0.0
0.0
0.0
0.0
0.0
0.0
0.0
0.0
0.0
0.0
0.0
0.0
0
0.0
0
0.0
0
0.0
0.166666666667
0.0
0.0
0.0
0.0
0.0
0.0
0.0
0.0
0.0
0.0
0.0
0.0
0.0
0.0
0.0
0.0
0.0
0
0
0.0
0
0
0.0
0.0
0.0
0.0
0.0
0.0
0.0
0.0
0.0
0.0
0.0
0.0
0.0
0.0
0.0
0.0
0.0
0.0
0.0
0.0
0
0.0
0.0
0.0
0.0
0.0
0.0
0.0
0.0
0.0
0.0
0.0
0.0
0.0
0.0
0.0
0.0
0.0
0.0
0.0
0.0
0.0
0
0.0
0
0
0
0.0
0.0
0.0
0.0
0.0
0.0
0.0
0.0
0.0
0.0
0.0
0.153846153846
0.0
0.0
0.0
0.0
0.0
0.0
0.0
0.0
0.0
0.0
0.0
0
0.0
0.0
0.318181818182
0.0
0.0
0.0
0.0
0.0
0.0
0.0
0.0
0.0
0.0
0.0
0.0
0.0
0.0
0.0
0.0
0.0
0
0
0
0
0.3
0.0
0.297297297297
0.0
0.0
0.0
0.0
0.0
0.0
0.0
0.0
0.0
0.0
0.0
0.0
0.0
0.0
0.0
0.0
0.0
0.0
0
0.0
0.0
0.166666666667
0.166666666667
0.125
0.0
0.0
0.0
0.0
0.0
0.0
0.0
0.0
0.0
0.0
0.0
0.0
0.0
0.0
0.0
0.0
0.0
0.0
0.0
0
0
0
1.0
0.0
0.0
0.0
0.0
0.0
0.0
0.0
0.0
0.0
0.0
0.0
0.0
0.0
0.0
0.0
0.0
0
0.0
0.0
0
0
0.0
0
0
0.0
0.272727272727
0.0
0.0
0.0
0.0
0.0
0.0
0.0
0.0
0.0
0.0
0.0
0.0
0.0
0.0
0.0
0.0
0
0
0.0
0
0.0
0.222222222222
0.0
0.0
0.0
0.0
0.0
0.0
0.0
0.0
0.0
0.0
0.0
0.0
0.0
0.0
0.0
0.0
0.0
0.0
0.0
0.0
0
0.0
0.0
0.0
0.285714285714
0.105263157895
0.0
0.0
0.0
0.0
0.0
0.0
0.0
0.0
0.0
0.0
0.0
0.0357142857143
0.0357142857143
0.0
0.0
0.0
0.0
0.0
0.0
0.0
0.0
0.0909090909091
0.425531914894
0.0
0.0
0.0
0.0
0.0
0.0
0.0
0.0
0.0
0.0
0.0
0.0126582278481
0.0
0.0
0.0
0.0
0.0
0.0
0
0.0
0.0
0.0
0.176470588235
0.0
0.0
0.0851063829787
0.0
0.0
0.0
0.0
0.0
0.0
0.0
0.0
0.0
0.0581395348837
0.0
0.0
0.0
0.0
0.0
0.0
0.0
0.0
0.0
0.0
0.0
0.138888888889
0.078431372549
0.0588235294118
0.0
0.0
0.0
0.0
0.0
0.0
0.0
0.0
0.0
0.0
0.0
0.0
0.0
0.0
0.0
0
0.0
0
0
0
0.0
0.0
0.0
0.0
0.0
0.0
0.0
0.0
0.0
0.0
0.0
0.0
0.0
0.0
0.0
0.0
0.0
0.0
0.0
0.0
0
0
0
1.0
0.0
0.0
0.307692307692
0.28125
0.0
0.0
0.0
0.0
0.0
0.0
0.0
0.0
0.0
0.0
0.0
0.0
0.0
0.0
0.0
0.0
0.0
0.0
0.0
0.0
0.608695652174
0.0
0.0
0.0337078651685
0.0
0.0
0.0
0.0
0.0
0.0
0.0
0.0
0.0
0.0
0.0
0.0
0.0
0.0
0.0
0.0
0.0
0.0
0
0.333333333333
0.340909090909
0.0
0.106194690265
0.0
0.0
0.0
0.0
0.0
0.0
0.0
0.0
0.039603960396
0.0
0.0
0.0
0.0
0.0
0.0
0.0
0.0
0.0
0.0
0.0
0.0
0.461538461538
0.346153846154
0.237288135593
0.0
0.0
0.0
0.0
0.0
0.0
0.0
0.0
0.0
0.0
0.0
0.0
0.0
0.0
0.0
0.0
0.0
0.0
0
0.0
0.0
0.484848484848
0.1875
0.408163265306
0.0
0.0
0.0
0.0
0.0
0.0
0.0
0.0
0.0
0.0
0.0
0.0
0.0
0.0
0.0
0.0
0.0
0.0
0.0
0.0
0.0769230769231
0.0588235294118
0.0
0.34375
0.0
0.0
0.0
0.0
0.0
0.0
0.0
0.0
0.0
0.0
0.0
0.0
0.0
0.0
0.0
0
0
0.0
0.0
0.0
0.0
0.0
0.0
0.1875
0.0588235294118
0.0
0.0
0.0
0.0
0.0
0.0
0.0
0.0
0.0
0.0
0.0
0.0
0.0
0.0
0.0
0
0
0.0
0.0
0.0
0.0
0.0588235294118
0.136363636364
0.0
0.0
0.0
0.0
0.0961538461538
0.0
0.0
0.0
0.0
0.0
0.0
0.0
0.0
0.0
0.0
0.0
0.0
0.0
0.0
0.0
0.0
0.179487179487
0.0625
0.0
0.0
0.0
0.0
0.0
0.0
0.0
0.0
0.0
0.0
0.0
0.0
0.0
0.0
0.0
0.0
0.0
0.0
0.0
0.0
0.0
0.235294117647
0.0
0.0847457627119
0.0
0.0
0.0
0.0
0.0
0.0
0.0
0.0
0.0
0.0
0.0
0.00877192982456
0.0
0.0
0.0
0.0
0.0
0.0
0.0
0.0
0.0
0.0
0.0
0.0
0.0963855421687
0.015873015873
0.0
0.0
0.0
0.0
0.0
0.0
0.0
0.0
0.0
0.0
0.0
0.0
0.0
0.0
0.0
0.0
0.0
0.0
0.0
0.0952380952381
0.0952380952381
0.0238095238095
0.0729166666667
0.0
0.0
0.0
0.0
0.0
0.0
0.0
0.0
0.0
0.0
0.0
0.0
0.0
0.0
0.0
0.0
0.0
0.0
0.0
0.0
0.0
0.0
0.111111111111
0.0
0.03
0.0
0.0
0.0
0.0
0.0
0.0
0.0
0.0
0.0
0.0
0.0
0.0
0.0
0.0
0.0
0
0
0
0.0
0.0
0.25
0.0
0.0
0.0
0.0
0.0
0.0
0.0
0.0
0.0
0.0
0.0
0.0
0.0
0.0
0.0
0.0
0.0
0.0
0.0
0
0
0
0.0
0.0
0.117647058824
0.0
0.0
0.0
0.0
0.0454545454545
0.0
0.0
0.0
0.0
0.0
0.0
0.0
0.0
0.0
0.0
0.0
0.0
0.0
0.0
0.0
0.0
0.0
0.36
0.0416666666667
0.28125
0.0
0.0
0.0
0.0
0.0
0.0
0.0
0.0
0.0
0.0
0.0
0.0
0.0
0.0
0.0
0.0
0.0
0.0
0.0
0.0
0.0
0.142857142857
0.186046511628
0.0
0.0
0.0
0.0
0.0
0.0
0.0
0.0
0.0
0.0
0.0
0.0
0.0
0.0
0.0
0.0
0.0
0.0
0
0.0
0.0
0.0
0.435897435897
0.0
0.297619047619
0.0
0.0
0.0
0.0
0.0
0.0
0.0
0.0
0.0
0.0
0.0
0.0
0.0
0.0
0.0
0.0
0.0
0
0.0
0.0
0.352941176471
0.275862068966
0.121212121212
0.0217391304348
0.0
0.0405405405405
0.0
0.0
0.0
0.0
0.0
0.0
0.0
0.0
0.0
0.0
0.0
0.0
0.0
0.0
0.0
0.0
0.0
0.0
0.0
0.1
0.391304347826
0.253521126761
0.1
0.0
0.0
0.0
0.0
0.0
0.0
0.0
0.0
0.0
0.0
0.0
0.0
0.0
0.0
0.0
0
0.0
0.0
0
0.0
0.0
0.111111111111
0.333333333333
0.0
0.0588235294118
0.0
0.0
0.0
0.0
0.0
0.0
0.0
0.0
0.0
0.0
0.0
0.0
0.0
0.0
0.0
0.0
0.0
0
0.0
0.0
0.0
0.173913043478
0.1
0.0740740740741
0.138888888889
0.166666666667
0.0652173913043
0.0
0.0
0.0
0.0363636363636
0.0344827586207
0.0
0.0
0.0
0.0
0.0
0.0
0.0
0.0
0.0
0.0
0.133333333333
0.333333333333
0.0322580645161
0.262295081967
0.125
0.0
0.0
0.0
0.0
0.0
0.0
0.0
0.0
0.0
0.139534883721
0.0140845070423
0.0
0.0
0.0
0.0
0.0
0.0
0.0
0.0
0.0
0.08
0.108108108108
0.0
0.15
0.0
0.0
0.0
0.0
0.0
0.0
0.0
0.0
0.154929577465
0.302631578947
0.2
0.0
0.0
0.0
0.0
0.0
0.0
0.0
0.0
0.0
0.2
0.0
0.166666666667
0.0714285714286
0.0
0.0
0.0425531914894
0.0
0.0
0.0
0.0
0.0
0.0
0.0
0.0
0.0
0.0
0.0
0.0
0.0
0.0
0.0
0.0
0.111111111111
0.294117647059
0.219512195122
0.0277777777778
0.0
0.0
0.0
0.0
0.0
0.0
0.0
0.0
0.0
0.0
0.0
0.0
0.0
0.0
0.0
0.0
0.0
0.0
0.0
0.0
0.0
0.166666666667
0.0
0.0
0.0
0.0
0.0
0.0
0.0
0.0
0.0
0.0
0.0
0.0
0.0
0.0
0.0
0.0
0.0
0.0
0.0
0.0
0
0.0
0.0
0.0
0.0
0.0
0.0909090909091
0.0909090909091
0.0
0.0
0.352941176471
0.0
0.0
0.0
0.0
0.0
0.0
0.0
0.0
0.0
0.0
0.0
0.0
0.0
0
0.0
0.0
0.0
0.166666666667
0.111111111111
0.0588235294118
0.157894736842
0.0
0.0731707317073
0.170731707317
0.0
0.0
0.0
0.285714285714
0.0222222222222
0.05
0.0
0.0
0.0
0.0
0.0
0.0
0.0
0.0
0.0
0.0
0.533333333333
0.15625
0.047619047619
0.0
0.0
0.0
0.0
0.0
0.0
0.0
0.0
0.0483870967742
0.0454545454545
0.0
0.0188679245283
0.0
0.0
0.0
0.0
0.0
0.0
0.0
0.0
0.181818181818
0.586956521739
0.157894736842
0.06
0.0
0.0
0.0
0.0
0.0322580645161
0.0
0.0
0.0
0.0
0.162790697674
0.172043010753
0.0625
0.0
0.0
0.0
0.0
0.0
0.0
0.0
0
0.0
0.3
0.212765957447
0.152542372881
0.0169491525424
0.0
0.0
0.0
0.0
0.0
0.0
0.0
0.0
0.0
0.140625
0.0487804878049
0.0
0.0
0.0
0.0
0.0
0.0
0
0.0
0.0
0.454545454545
0.3
0.075
0.0
0.0
0.0
0.0
0.0
0.0
0.0
0.0
0.0
0.0
0.0
0.0
0.0
0.0
0.0
0.0
0.0
0.0
0
0.0
0.0
0.0
0.238095238095
0.0
0.0
0.0
0.0967741935484
0.40625
0.0454545454545
0.0
0.0
0.0
0.0
0.0
0.0
0.0
0.0
0.0
0.0
0.0
0.0
0.0
0
0
0.0
0.0
0.0
0.0
0.0
0.0555555555556
0.0909090909091
0.0666666666667
0.0
0.0952380952381
0.0
0.0
0.0
0.0
0.0
0.0
0.0
0.0
0.0
0.0
0.0
0
0.0
0.0
0.0
0.0
0.125
0.157894736842
0.142857142857
0.0714285714286
0.333333333333
0.0714285714286
0.285714285714
0.136363636364
0.0
0.0
0.0967741935484
0.264150943396
0.0
0.0
0.0
0.0
0.0
0.0
0.0
0.0
0.0
0.0
0.0833333333333
0.157894736842
0.0
0.157894736842
0.0
0.0
0.109756097561
0.0161290322581
0.142857142857
0.0
0.0
0.0
0.113924050633
0.0697674418605
0.141509433962
0.0
0.0
0.0
0.0
0.0
0.0
0.0
0.0
0.0
0.0833333333333
0.365853658537
0.166666666667
0.12962962963
0.0
0.0
0.0
0.0
0.0
0.0
0.0
0.0
0.0
0.11320754717
0.0826446280992
0.0
0.0
0.0
0.0
0.0
0.0
0.0
0.0
0.0
0.0
0.333333333333
0.173913043478
0.0
0.0
0.0
0.0
0.0
0.0
0.0
0.0
0.0
0.0721649484536
0.176470588235
0.0
0.0
0.0
0.0
0.0
0.0
0.0
0.0
0.0
0.0
0.0833333333333
0.297297297297
0.383561643836
0.0862068965517
0.0
0.0
0.0
0.0
0.0
0.0
0.0
0.0
0.0
0.164705882353
0.0
0.0
0.0
0.0
0.0
0.0
0.0
0.0
0.0
0.0
0.0
0.263157894737
0.260869565217
0.36170212766
0.256637168142
0.0697674418605
0.0322580645161
0.232258064516
0.0
0.0
0.0
0.0
0.0
0.0
0.0
0.0
0.0
0.0
0.0
0.0
0.0
0.0
0
0.0
0.0
0.0
0.0
0.133333333333
0.25
0.0
0.0
0.0
0.0
0.037037037037
0.151515151515
0.0
0.0
0.0
0.0
0.0
0.0
0.0
0.0
0.0
0.0
0
0
0
0.0
0.166666666667
0.266666666667
0.25
0.111111111111
0.0
0.0263157894737
0.105263157895
0.0487804878049
0.0576923076923
0.0
0.0
0.0
0.233333333333
0.0327868852459
0.0
0.0
0.0
0.0
0.0
0.0
0.0
0.0
0.0
0.272727272727
0.333333333333
0.27027027027
0.0
0.0
0.0
0.0
0.00961538461538
0.0
0.0
0.0
0.0
0.0
0.0724637681159
0.0
0.0
0.0
0.0
0.0
0.0
0.0
0.0
0.0
0.0
0.0
0.531914893617
0.3375
0.0
0.0
0.0
0.0
0.0
0.0731707317073
0.0
0.0
0.0
0.0
0.0
0.0
0.1875
0.0
0.0
0.0
0.0
0.0
0.0
0.0
0.0
0.166666666667
0.3125
0.166666666667
0.1875
0.0
0.0
0.0
0.0
0.0
0.0
0.05
0.0
0.0
0.0
0.0
0.0
0.0
0.0
0.0
0.0
0.0
0.0
0.0
0.0
0.0
0.25
0.371428571429
0.0
0.0
0.0
0.0
0.0
0.0
0.0
0.0
0.0
0.0
0.0
0.0847457627119
0.0
0.0
0.0
0.0
0.0
0.0
0.0
0.0
0.0
0.0
0.0
0.230769230769
0.15625
0.0
0.0144927536232
0.0
0.0
0.0
0.0
0.0
0.0
0.0
0.0
0.0
0.0
0.0
0.0
0.0
0.0
0.0
0.0
0
0.0
0.0
0.0
0.133333333333
0.263157894737
0.0285714285714
0.0
0.0
0.0
0.0
0.0
0.0
0.0
0.0
0.0
0.0
0.0
0.0
0.0
0.0
0.0
0.0
0.0
0.0
0.0
0
0.0
0.181818181818
0.421052631579
0.227272727273
0.0
0.0
0.111111111111
0.119047619048
0.230769230769
0.0
0.0
0.105263157895
0.134615384615
0.0576923076923
0.104166666667
0.0
0.0
0.0
0.0
0.0
0.0
0.0
0.0
0.0
0.192307692308
0.129032258065
0.0
0.0
0.0714285714286
0.0
0.0
0.0
0.0
0.0
0.0253164556962
0.166666666667
0.117647058824
0.147058823529
0.0
0.0
0.0
0.0
0.0
0.0
0.0
0.0
0.0
0.0
0.439024390244
0.526315789474
0.0
0.0
0.0
0.0
0.0
0.0
0.0
0.0
0.0
0.0
0.0
0.0
0.0
0.0
0.0
0.0
0.0
0.0
0.0
0.0
0.0
0.181818181818
0.0
0.117647058824
0.0
0.0416666666667
0.0
0.0
0.0212765957447
0.0
0.0
0.0
0.0
0.0
0.0175438596491
0.037037037037
0.0
0.0
0.0
0.0
0.0
0.0
0.0
0.0
0.0
0.0
0.0
0.366666666667
0.229166666667
0.0727272727273
0.0
0.0
0.0
0.0
0.0
0.0
0.0
0.0
0.272727272727
0.0
0.0
0.0
0.0
0.0
0.0
0.0
0.0
0.0
0.0
0.0
0.3
0.333333333333
0.3
0.0
0.0
0.0
0.0
0.0
0.0
0.0
0.161290322581
0.0
0.0
0.0
0.0
0.0
0.0
0.0
0.0
0.0
0.0
0
0
0.0
0.166666666667
0.111111111111
0.0
0.0
0.0
0.0769230769231
0.0
0.0
0.12
0.0
0.0
0.0
0.0
0.166666666667
0.0
0.0
0.0
0.0
0.0
0
0.0
0.0
0.0
0.0
0.4375
0.380952380952
0.0
0.0
0.318181818182
0.275862068966
0.242424242424
0.128205128205
0.166666666667
0.0
0.0
0.235294117647
0.0
0.0
0.0
0.0
0.0
0.0
0.0
0.0
0.0
0.0
0.0
0.0
0.5
0.161290322581
0.150943396226
0.0
0.0
0.0
0.0
0.0
0.0
0.0
0.0
0.15625
0.0178571428571
0.0
0.0
0.0
0.0
0.0
0.0
0.0
0.0
0.0
0.0
0.266666666667
0.693548387097
0.115384615385
0.109756097561
0.0
0.0
0.0
0.0
0.0
0.0
0.0
0.0
0.0
0.0
0.0754716981132
0.0
0.0
0.0
0.0
0.0
0.0
0.0
0.0
0.0
0.0
0.0
0.25641025641
0.352941176471
0.0
0.0
0.0
0.0
0.0
0.0
0.0
0.0
0.0
0.0886075949367
0.0
0.0
0.0
0.0
0.0
0.0
0.0
0.0
0.0
0.0
0.0
0.661764705882
0.25
0.294117647059
0.0
0.0
0.0
0.0
0.0
0.034188034188
0.0
0.0
0.0
0.112903225806
0.123966942149
0.0
0.0
0.0
0.0
0.0
0.0
0.0
0.0
0.0
0.25
0.393939393939
0.272727272727
0.168539325843
0.162162162162
0.078125
0.0
0.0
0.0
0.0
0.0
0.0
0.0
0.0
0.0
0.0
0.0
0.0
0.0
0.0
0.0
0.0
0.0
0.0
0.0
0.0
0.307692307692
0.15
0.3125
0.228571428571
0.0
0.0
0.0
0.0
0.0
0.0
0.0277777777778
0.0
0.0
0.0
0.0
0.0
0.0
0.0
0.0
0.0
0.0
0.0
0.0
0.3
0.0
0.0
0.260869565217
0.375
0.0882352941176
0.395833333333
0.0
0.0909090909091
0.0232558139535
0.191489361702
0.263157894737
0.107142857143
0.0
0.0
0.0
0.0
0.0
0.0
0.0
0.0
0.0
0.1
0.5
0.0869565217391
0.527027027027
0.228070175439
0.0
0.0
0.0
0.0
0.0
0.0
0.0
0.0
0.0
0.0
0.0
0.0
0.0
0.0
0.0
0.0
0.0
0.0
0.0
0.0
0.0714285714286
0.701492537313
0.140350877193
0.246153846154
0.0
0.0
0.0
0.0
0.155172413793
0.0
0.0
0.0
0.0
0.0
0.0
0.0
0.0
0.0
0.0
0.0
0.0
0.0
0.0
0.0
0.153846153846
0.333333333333
0.568181818182
0.0227272727273
0.153846153846
0.0
0.0
0.0
0.111111111111
0.0
0.0
0.0
0.111111111111
0.275
0.08
0.0
0.0
0.0
0.0
0.0
0.0
0.0
0.0
0.0
0.263157894737
0.483870967742
0.308823529412
0.2
0.0
0.0
0.0
0.0526315789474
0.0869565217391
0.0
0.0
0.0
0.0
0.093023255814
0.0
0.0
0.0
0.0
0.0
0.0
0.0
0.0
0.0
0.0
0.0
0.235294117647
0.444444444444
0.333333333333
0.0
0.0
0.0
0.0
0.0
0.0
0.0
0.0
0.0
0.0
0.0
0.0
0.0
0.0
0.0
0.0
0.0
0
0.0
0
0.125
0.0
0.294117647059
0.166666666667
0.0
0.0333333333333
0.0
0.0
0.0
0.0
0.0
0.0
0.0
0.0
0.0
0.037037037037
0.0
0.0
0.0
0.0
0.0
0.0
0.0
0.0
0.0
0.0
0.37037037037
0.30303030303
0.0769230769231
0.172413793103
0.163265306122
0.0
0.196428571429
0.0
0.12
0.111111111111
0.0
0.0
0.0
0.0
0.0
0.0
0.0
0.0
0.0
0.0
0.0
0.0
0.0
0.0625
0.424242424242
0.271186440678
0.153846153846
0.0
0.0967741935484
0.0
0.0
0.0
0.0
0.0
0.0
0.0555555555556
0.0
0.0
0.0
0.0
0.0
0.0
0.0
0
0.0
0.0
0.363636363636
0.347826086957
0.0212765957447
0.246153846154
0.0
0.0
0.0
0.0
0.0
0.0
0.0
0.0
0.0
0.111111111111
0.0526315789474
0.0
0.0
0.0
0.0
0.0
0.0
0.0
0.0
0.0
0.153846153846
0.458333333333
0.131578947368
0.315789473684
0.0
0.0
0.0
0.0
0.0
0.0
0.0
0.0
0.0
0.0
0.164383561644
0.12676056338
0.0
0.0
0.0
0.0
0.0
0.0
0.0
0.0
0.0769230769231
0.318181818182
0.384615384615
0.315068493151
0.0175438596491
0.0
0.0
0.0
0.0
0.0
0.0
0.0
0.0510204081633
0.100840336134
0.0
0.0
0.0
0.0
0.0
0.0
0.0
0.0
0.0
0.0
0.0
0.36
0.192307692308
0.046511627907
0.125
0.0909090909091
0.161290322581
0.0869565217391
0.0
0.0
0.0
0.0
0.0
0.0
0.0
0.0
0.0
0.0
0.0
0.0
0.0
0.0
0
0.0
0.0
0.0
0.285714285714
0.0
0.111111111111
0.0
0.216216216216
0.0
0.0
0.0
0.0
0.0
0.0
0.0
0.0
0.0
0.0
0.0
0.0
0.0
0.0
0.0
0.0
0.0
0.0
0.0
0.105263157895
0.407407407407
0.0740740740741
0.0
0.0975609756098
0.0
0.08
0.0
0.0
0.0
0.0
0.0
0.0
0.0
0.0
0.0
0.0
0.0
0.0
0.0
0.0
0.0
0.3
0.368421052632
0.1
0.0454545454545
0.0588235294118
0.2
0.0
0.0
0.0
0.0
0.0
0.0
0.0
0.0
0.0
0.0
0.0
0.0
0.0
0.0
0.0
0.0
0.0
0.0
0.0555555555556
0.529411764706
0.04
0.152542372881
0.0
0.0
0.0
0.0
0.0
0.0
0.0
0.0
0.0
0.0
0.0434782608696
0.111111111111
0.0
0.0
0.0
0.0
0.0
0
0.0
0.0
0.0
0.272727272727
0.157894736842
0.0689655172414
0.0714285714286
0.0
0.25
0.1
0.0322580645161
0.0
0.0
0.0
0.0
0.0
0.0
0.0
0.0
0.0
0.0
0.0
0.0
0.0
0
0.0
0.0
0.0
0.333333333333
0.222222222222
0.333333333333
0.0
0.0
0.0
0.0
0.0
0.0
0.0
0.277777777778
0.0
0.142857142857
0.0666666666667
0.0
0.0
0.0
0.0
0.0
0.0
0.0
0.0
0.0
0.0
0.0
0.466666666667
0.291666666667
0.0
0.0
0.08
0.387096774194
0.0
0.0
0.0
0.25
0.2
0.0
0.0
0.0
0.0
0.0
0.0
0.0
0.0
0.0
0.0
0.0
0.6
0.391304347826
0.136363636364
0.0526315789474
0.24
0.357142857143
0.0
0.27027027027
0.21875
0.0
0.0
0.0
0.0
0.148148148148
0.454545454545
0.0
0.0
0.0
0.0
0.0
0.0
0.0
0.0
0.0
0.25
0.588235294118
0.52
0.107142857143
0.346153846154
0.305555555556
0.138888888889
0.0
0.119047619048
0.363636363636
0.025
0.189189189189
0.150943396226
0.0169491525424
0.0
0.0
0.0
0.0
0.0
0.0
0.0
0.0
0.0
0.333333333333
0.487179487179
0.047619047619
0.0232558139535
0.111111111111
0.0
0.0
0.0
0.147058823529
0.0545454545455
0.0
0.0
0.0
0.0172413793103
0.0
0.0
0.0
0.0
0.0
0.0
0.0
0.0
0.0
0.0
0.190476190476
0.583333333333
0.2
0.0666666666667
0.0196078431373
0.0
0.0
0.0
0.0757575757576
0.0967741935484
0.0
0.0649350649351
0.333333333333
0.319444444444
0.0581395348837
0.0
0.0
0.0
0.0
0.0
0.0
0.0
0.0
0.0
0.333333333333
0.454545454545
0.355555555556
0.295454545455
0.138888888889
0.185714285714
0.140350877193
0.0454545454545
0.0606060606061
0.0847457627119
0.0
0.0
0.188235294118
0.0481927710843
0.0
0.0
0.0
0.0
0.0
0.0
0.0
0.0
0.0
0.0
0.176470588235
0.413793103448
0.384615384615
0.272727272727
0.0
0.0545454545455
0.0
0.0
0.0
0.0
0.0138888888889
0.164705882353
0.257425742574
0.0263157894737
0.0
0.0
0.0
0.0
0.0
0.0
0.0
0.0
0.0
0.0
0.4
0.564102564103
0.484375
0.0192307692308
0.016393442623
0.135593220339
0.0149253731343
0.253164556962
0.0581395348837
0.136363636364
0.0735294117647
0.0
0.0
0.0
0.0
0.0
0.0
0.0
0.0
0.0
0.0
0
0.0
0.0
0.0
0.5
0.384615384615
0.5
0.0
0.047619047619
0.0
0.0
0.0
0.0
0.0
0.133333333333
0.0555555555556
0.315789473684
0.0
0.0
0.0
0.0
0.0
0.0
0.0
0.0
0.0
0.0
0.3
0.571428571429
0.166666666667
0.473684210526
0.130434782609
0.48275862069
0.357142857143
0.0344827586207
0.0
0.0
0.09375
0.285714285714
0.352941176471
0.030303030303
0.0
0.0
0.0
0.0
0.0
0.0
0.0
0.0
0.0
0.0
0.608695652174
0.235294117647
0.1
0.0833333333333
0.0
0.0
0.0
0.0
0.0
0.0
0.0
0.0
0.0
0.0
0.0
0.0
0.0
0.0
0.0
0.0
0.0
0.0
0.0
0.0
0.0
0.5
0.458333333333
0.111111111111
0.0
0.0
0.0
0.0
0.0
0.0
0.0
0.0
0.0
0.0769230769231
0.227272727273
0.0
0.0
0.0
0.0
0.0
0.0
0.0
0.0
0.0
0.0
0.0588235294118
0.0
0.0
0.0
0.0555555555556
0.0
0.0
0.0
0.0
0.0
0.0
0.0
0.0
0.0
0.0
0.0
0.0
0.0
0.0
0
0.0
0.0
0.0
0.25
0.5
0.166666666667
0.214285714286
0.0
0.0
0.0
0.192307692308
0.0
0.0
0.0
0.0
0.0
0.0
0.0
0.0
0.0
0.0
0.0
0.0
0.0
0.0
0.0
0.0
0.111111111111
0.0
0.0625
0.0
0.0
0.0
0.0
0.0
0.0
0.0
0.0
0.0
0.0
0.375
0.0
0.0
0.0
0.0
0.0
0.0
0.0
0
0
0.0
0.0
0.0
0.0
0.555555555556
0.153846153846
0.0
0.0
0.0
0.0
0.0
0.0
0.0
0.0
0.0
0.0
0.0
0.0
0.0
0.0
0.0
0
0
0
0.0
0.0
0.0
0.0
0.0
0.0
0.0
0.0
0.0769230769231
0.0
0.0
0.0
0.0
0.15
0.0
0.0
0.0
0.0
0.0
0.0
0.0
0.0
0.0
0.0
0.0
0.0
0.6
0.0
0.0
0.0
0.0
0.0952380952381
0.181818181818
0.0
0.0
0.0
0.0
0.0
0.0
0.0
0.0
0.0
0.0
0.0
0
0
0.0
0.0
0.0
0.333333333333
0.0
0.3125
0.0
0.0
0.0
0.0
0.0
0.0
0.0
0.0
0.0
0.181818181818
0.0
0.0
0.0
0.0
0.0
0.0
0
0.0
0.0
0
0.0
0.0
0.125
0.0
0.0
0.333333333333
0.0
0.0
0.0
0.0
0.0
0.0
0.0
0.0
0.0
0.0
0.0
0.0
0.0
0.0
0
0
0.0
0.0
0.0
0.0
0.416666666667
0.222222222222
0.0
0.0
0.0
0.0
0.0
0.0
0.0
0.0
0.0
0.0
0.0
0.0
0.0
0.0
0.0
0.0
0
0.0
0
0
0.911111111111
0.2
0.0816326530612
0.0
0.0
0.0
0.0
0.0
0.0
0.0
0.0
0.0
0.0
0.0
0.0
0.0
0.0
0.0
0.0
0.0
0
0
0
0
0
0
1.0
0.4
0.0
0.0
0.0
0.0
0.0
0.0
0.0
0.0
0.0
0.0
0.0
0.0
0
0.0
0.0
0.0
0
0
0.0
0
0
0.0
0.0
0.4
0.0
0.0
0.0
0.0
0.0
0.166666666667
0.0
0.0
0.0
0.0
0.0
0.0
0.0
0.0
0
0
0.0
0.0
0
0
0.0
0
0.6
0.291666666667
0.0
0.0
0.0
0.0
0.0
0.0
0.0
0.0
0.0
0.0
0.0
0
0.0
0
0.0
0
0
0
0
0
1.0
0
0.0
0.25
0.0
0.0
0.0
0.0
0.0
0.0
0.0
0.0
0.0
0.0
0.0
0
0.0
0
0.0
0.0
0.0
0
0
0.0
0
0.0
0.0
0.0
0.333333333333
0.0
0.0
0.0
0.0
0
0.0
0.0
0
0.0
0.0
0.0
0
0
0.0
0.0
0.0
0
0.0
0.0
0
0
0.0
0.0
0.0
0.0
0.166666666667
0
0.0
0.0
0.0
0.0
0.0
0.25
0
0.0
0.0
0.0
0
0.0
0
0
0
0
0
0
0
1.0
1.0
0.0
0.0
0
0.0
0.0
0.0
0.0
0.0
0.0
0.0
0.0
0.0
0.0
0.0
0.0
0.0
0
0
0
0
0
1.0
0.0
0.0
0.0
0
0.0
0.0
0.0
0.0
0.0
0.0
0
0.0
0
0
0.0
0.0
0
0
0.0
0.0
0
0.0
0
0.0
0.0
0
0.0
0.25
0.0
0
0.0
0.0
0.0
0.0
0.0
0.0
0.0
0
0.0
0
0.0
0
0.0
0.0
0
0
0.0
0.0
0.0
0.0
0.0
0.0
0.0
0.0
0.0
0.0
0.0
0.0
0.0
0.0
0.0
0
0.0
0
0.0
0
0
0.0
0
0
0
0.0
0.0
0.0
0.0
0.0
0.0
0.0
0.0
0
0.0
0.0
0.0
0.0
0.0
0
0.0
0
0
0
0.0
0
0
0.0
0.0
0.0
0.0
0.0
0.0
0.0
0.0
0.0
0
0.0
0.0
0.0
0.0
0.0
0.0
0.0
0.0
0.0
0.0
0
0
0.0
0.0
0
0
0
0.0
0.5
0.0
0.0
0.0
0.0
0.0
0.0
0.0
0.0
0.0
0.0
0.0
0
0.0
0.0
0.0
0
0.0
0
0
0.0
0
0.0
0.0
0.0
0.0
0.0
0.0
0.0
0.0
0.0
0.0
0.0
0.0
0.0
0.0
0.0
0.0
0.0
0
0
0
0
0
1.0
1.0
0.0
0.0
0.0
0.0
0.0
0.0
0.0
0.0
0
0.0
0.0
0.0
0.0
0.0
0
0.0
0.0
0
0
0.0
0.0
0
0
0
0.0
0.0
0.0
0.0
0.285714285714
0.0
0.0
0.0
0.0
0.0
0.0
0.0
0.0
0.0
0.0
0
0.0
0
0
0
0
0
0
1.0
0.2
0.0
0.333333333333
0.0
0.0
0.0
0.0
0.0
0.0
0.0
0.0
0.0
0.0
0.0
0.0
0.0
0.0
0
0.0
0
0
0
0
1.0
0.636363636364
0.478260869565
0.0
0.0
0.0
0.0
0.0
0.0
0.0
0.0
0.0
0.0
0.0
0.0
0.0
0.0
0.0
0.0
0
0
0.0
0
0.0
0.166666666667
0.25
0.592592592593
0.3
0.0
0.0
0.0
0.0
0.0
0.0
0.0
0.0
0.0
0.0
0.0
0.0
0.0
0.0
0
0
0
0
0
1.0
0.714285714286
0.3
0.558823529412
0.0
0.0
0.0
0.0
0.0
0.0
0.0
0.0
0.0
0.0
0.0
0.0
0.0
0.0
0.0
0
0
0
0.0
0.0
0.0
0.0
0.153846153846
0.375
0.536585365854
0.0
0.0
0.0
0.0
0.0
0.0
0.0
0.0
0.0
0.0
0.0
0.0
0.0
0.0
0.0
0
0
0
0.0
0.0
0.333333333333
0.0
0.0
0.0
0.0
0.0
0.142857142857
0.0
0.0
0.0
0.0
0.0
0.0
0.0
0.0
0.0
0.0
0.0
0
0
0
0
0
0
1.0
0.857142857143
0.0
0.0
0.1875
0.526315789474
0.0
0.0
0.0
0.0
0.0
0.0
0.0
0.0
0.0
0.0
0.0
0.0
0
0.0
0.0
0
0.0
0.0
0.222222222222
0.36
0.571428571429
0.0
0.0
0.0
0.0
0.0
0.0
0.0
0.0
0.0
0.0
0.0
0.0
0.0
0.0
0.0
0
0
0
0.0
0
0.166666666667
0.0
0.796296296296
0.0909090909091
0.0
0.0
0.0
0.0
0.0
0.0
0.0
0.238095238095
0.0
0.0
0.0
0.0
0.0
0.0
0.0
0.0
0
0.0
0
0.0
0.0
0.454545454545
0.756756756757
0.546875
0.0508474576271
0.0
0.0
0.0
0.0
0.0
0.0
0.0
0.0
0.0
0.0
0.0
0.0
0.0
0.0
0.0
0.0
0.0
0.0
0.0
0.0
0.84
0.873563218391
0.0
0.16
0.0
0.0
0.0
0.0
0.0
0.0
0.0
0.0
0.0
0.0
0.0
0.0
0.0
0.0
0.0
0.0
0.0
0.0
0.0
0.0
0.315789473684
0.36
0.6
0.542168674699
0.0
0.0
0.0
0.0
0.0
0.0
0.0
0.0
0.0
0.0
0.0
0.0
0.0
0.0
0.0
0.0
0.0
0.0
0
0.0
0.166666666667
0.0
0.272727272727
0.466666666667
0.0
0.0
0.0666666666667
0.0869565217391
0.0384615384615
0.0588235294118
0.0
0.0
0.0
0.0
0.0
0.0
0.0
0.0
0.0
0.0
0.0
0
0.0
0.0
0.0
0.3
0.588235294118
0.411764705882
0.304347826087
0.210526315789
0.176470588235
0.0
0.0
0.0
0.0
0.0
0.0
0.0
0.0
0.0
0.0
0.0
0.0
0
0
0.0
0.0
0.0
0.0
0.733333333333
0.315789473684
0.366666666667
0.0833333333333
0.285714285714
0.09375
0.0
0.0
0.0
0.0
0.0
0.0
0.0980392156863
0.0294117647059
0.0
0.0
0.0
0.0
0.0
0.0
0.0
0.0
0.0
0.307692307692
0.315789473684
0.481481481481
0.0588235294118
0.0
0.0
0.189189189189
0.275
0.139534883721
0.0666666666667
0.0
0.172413793103
0.0454545454545
0.0
0.0
0.0
0.0
0.0
0.0
0.0
0
0
0.0
0.0
0.538461538462
0.428571428571
0.35
0.0
0.228070175439
0.0
0.229885057471
0.169230769231
0.0
0.0
0.0
0.0
0.108910891089
0.0121951219512
0.0
0.0
0.0
0.0
0.0
0.0
0.0
0.0
0.0
0.461538461538
0.611111111111
0.666666666667
0.222222222222
0.0
0.0
0.238095238095
0.0
0.0105263157895
0.0272727272727
0.0
0.0
0.0
0.0
0.010989010989
0.0
0.0
0.0
0.0
0.0
0
0.0
0.0
0.0
0.0
0.470588235294
0.222222222222
0.552631578947
0.475409836066
0.0
0.0625
0.105263157895
0.142857142857
0.0
0.0
0.0
0.0
0.0
0.0
0.0
0.0
0.0
0.0
0.0
0.0
0
0.0
0.0
0.0
0.0
0.333333333333
0.181818181818
0.0
0.0
0.0
0.4
0.0
0.0
0.0
0.0
0.0
0.0
0.0
0.0
0.0
0.0
0.0
0
0.0
0
0
0
0.0
0.0
0.363636363636
0.5
0.333333333333
0.25
0.620689655172
0.0322580645161
0.09375
0.0
0.0
0.0
0.0434782608696
0.0512820512821
0.0
0.0
0.0
0.0
0.0
0.0
0.0
0.0
0.0
0.0
0.0
0.111111111111
0.555555555556
0.685714285714
0.0
0.0
0.0
0.0
0.0
0.0
0.0
0.0
0.0
0.0
0.147540983607
0.0
0.0
0.0
0.0
0.0
0.0
0.0
0.0
0.0
0.733333333333
0.652173913043
0.54347826087
0.0540540540541
0.0
0.0
0.0
0.0
0.0377358490566
0.0
0.0
0.0
0.0
0.0
0.116666666667
0.0192307692308
0.0
0.0
0.0
0.0
0.0
0.0
0.0
0.0
0
0.142857142857
0.538461538462
0.698630136986
0.0769230769231
0.0
0.0
0.0
0.0408163265306
0.0188679245283
0.0
0.0
0.0
0.0
0.0
0.0185185185185
0.0
0.0
0.0
0.0
0.0
0.0
0
0.0
0.214285714286
0.851063829787
0.363636363636
0.261904761905
0.172413793103
0.0
0.0
0.0
0.0
0.0
0.0
0.0
0.0
0.0425531914894
0.102564102564
0.0
0.0
0.0
0.0
0.0
0.0
0
0.0
0.0
0.0
0.111111111111
0.529411764706
0.363636363636
0.0333333333333
0.0
0.0
0.105263157895
0.0
0.0
0.0
0.0
0.0
0.0
0.0
0.0
0.0
0.0
0.0
0
0
0.0
0
0.0
0.0
0.0
0.461538461538
0.571428571429
0.235294117647
0.210526315789
0.0
0.0454545454545
0.15
0.0
0.0
0.0
0.0
0.0
0.0
0.0
0.0
0.0
0.0
0.0
0.0
0.0
0.0
0.0
0.0
0.142857142857
0.714285714286
0.588235294118
0.125
0.208333333333
0.0869565217391
0.2
0.0
0.0
0.0
0.0
0.0
0.0
0.0
0.0
0.0
0.0
0.0
0.0
0.0
0.0
0.0
0.0
0.25
0.266666666667
0.727272727273
0.235294117647
0.0606060606061
0.0
0.0
0.0
0.0
0.0
0.0
0.0
0.0
0.0
0.0
0.0
0.0
0.0
0.0
0.0
0.0
0.0
0.0
0.0
0.69696969697
0.75
0.333333333333
0.046511627907
0.105263157895
0.0
0.0
0.0
0.0
0.0
0.0
0.0
0.0
0.0
0.0
0.0
0.0
0.0
0.0
0.0
0
0.0
0.0
0
0.0
0.72972972973
0.519230769231
0.36170212766
0.0793650793651
0.0
0.0
0.0
0.0
0.0
0.0
0.0
0.0
0.125
0.0
0.0
0.0
0.0
0.0
0.0
0.0
0.0
0.0
0.0
0.0
0.772727272727
0.766666666667
0.159090909091
0.0
0.0
0.0
0.0
0.0
0.0
0.0
0.0
0.0
0.0
0.0
0.0
0.0
0.0
0.0
0.0
0.0
0.0
0.0
0.0
0.0
0.451612903226
0.391304347826
0.375
0.31884057971
0.0
0.0
0.0
0.0
0.0
0.0
0.0
0.0
0.0
0.0
0.0
0.0
0.0
0.0
0.0
0
0
0
0.0
0.666666666667
0.0
0.636363636364
0.411764705882
0.0
0.0
0.0
0.0
0.235294117647
0.0
0.0
0.0
0.0
0.0
0.0
0.0
0.0
0.0
0.0
0.0
0.0
0.0
0.0
0.0
0.0
0.0
0.0
0.333333333333
0.52380952381
0.25
0.0
0.103448275862
0.0333333333333
0.264705882353
0.0
0.0
0.0
0.212765957447
0.0
0.0
0.0
0.0
0.0
0.0
0.0
0.0
0
0
0.0
0.681818181818
0.6875
0.435897435897
0.0
0.0
0.0
0.0
0.0217391304348
0.0769230769231
0.0
0.0
0.0
0.179487179487
0.02
0.0
0.0
0.0
0.0
0.0
0.0
0.0
0.0
0.0
0.538461538462
0.47619047619
0.161290322581
0.105263157895
0.170731707317
0.0923076923077
0.0263157894737
0.0166666666667
0.12
0.0
0.0
0.0
0.136363636364
0.190476190476
0.0
0.0
0.0
0.0
0.0
0.0
0.0
0.0
0.0
0.0
0.0
0.166666666667
0.702127659574
0.58064516129
0.0
0.0
0.0
0.0
0.0
0.0
0.0
0.145454545455
0.111111111111
0.0
0.0
0.0
0.0
0.0
0.0
0.0
0.0
0.0
0.0
0.0
0.52380952381
0.906976744186
0.4
0.09375
0.0851063829787
0.0
0.0
0.0
0.0
0.0
0.0
0.0
0.0
0.121212121212
0.129032258065
0.0
0.0
0.0
0.0
0.0
0.0
0.0
0.0
0.0
0.0
0.5625
0.483870967742
0.561403508772
0.423076923077
0.234042553191
0.0
0.0
0.0
0.0
0.0
0.0
0.0
0.0
0.0
0.0
0.0
0.0
0.0
0
0.0
0
0
0.0
0.0
0.0
0.0
0.461538461538
0.285714285714
0.0666666666667
0.0
0.0
0.0
0.0625
0.0
0.0
0.0
0.0
0.0
0.0
0.0
0.0
0.0
0
0.0
0.0
0.0
0.0
0.0
0.333333333333
0.125
0.411764705882
0.571428571429
0.230769230769
0.0909090909091
0.0
0.0
0.257142857143
0.0
0.0
0.0
0.125
0.0
0.0
0.0
0.0
0.0
0.0
0.0
0
0.0
0.0
0.357142857143
0.4
0.565217391304
0.4
0.0652173913043
0.0
0.0
0.0
0.0535714285714
0.155555555556
0.0
0.0
0.0454545454545
0.10447761194
0.0192307692308
0.0
0.0
0.0
0.0
0.0
0.0
0
0.0
0.0
0.277777777778
0.666666666667
0.185185185185
0.1
0.0
0.0
0.0
0.0
0.0612244897959
0.0
0.0
0.0
0.0
0.0441176470588
0.0
0.0
0.0
0.0
0.0
0.0
0.0
0.0
0.0
0.0
0.142857142857
0.653846153846
0.368421052632
0.285714285714
0.116279069767
0.0408163265306
0.0
0.0
0.0
0.0
0.0
0.0
0.0
0.0
0.222222222222
0.05
0.0
0.0
0.0
0.0
0.0
0.0
0.0
0.0
0.3125
0.727272727273
0.297297297297
0.302325581395
0.0731707317073
0.0
0.0
0.0
0.0
0.0
0.0
0.0
0.219512195122
0.238095238095
0.0
0.0
0.0
0.0
0.0
0
0
0.0
0
0.0
0.0
0.692307692308
0.741935483871
0.661016949153
0.157894736842
0.0555555555556
0.102941176471
0.243902439024
0.235294117647
0.0
0.0
0.0
0.0
0.0
0.0
0.0
0.0
0.0
0.0
0.0
0
0.0
0.0
0
0.0
0.333333333333
0.625
0.772727272727
0.0714285714286
0.0
0.0
0.217391304348
0.25
0.0666666666667
0.047619047619
0.0
0.0
0.0
0.0
0.0
0.0
0.0
0.0
0.0
0.0
0.0
0.0
0.0
0.0
0.25
0.533333333333
0.5
0.35
0.2
0.484848484848
0.409090909091
0.138888888889
0.171428571429
0.0
0.0
0.216216216216
0.1
0.0
0.0243902439024
0.0
0.0
0.0
0.0
0.0
0.0
0.0
0
0.0
0.285714285714
0.783783783784
0.64
0.25
0.0952380952381
0.0
0.0
0.0
0.255319148936
0.0
0.0
0.0
0.257575757576
0.245901639344
0.0
0.0
0.0
0.0
0.0
0.0
0.0
0.0
0.0
0.0
0.863636363636
0.424242424242
0.172413793103
0.166666666667
0.0
0.0
0.0416666666667
0.0
0.0
0.0
0.0
0.0204081632653
0.566037735849
0.0408163265306
0.139534883721
0.0
0.0
0.0
0.0
0.0
0
0.0
0.0
0.125
0.631578947368
0.321428571429
0.266666666667
0.105263157895
0.0540540540541
0.25
0.0487804878049
0.0
0.0
0.0
0.047619047619
0.362068965517
0.421052631579
0.063829787234
0.0983606557377
0.0975609756098
0.0
0.0
0.0
0.0
0.0
0.0
0.0
0.0
0.711111111111
0.522727272727
0.0882352941176
0.0
0.0
0.0
0.0
0.0
0.0
0.0
0.0
0.0188679245283
0.163636363636
0.0333333333333
0.0
0.0
0.0
0.0
0.0
0.0
0.0
0.0
0.0
0.0
0.5
0.7
0.538461538462
0.333333333333
0.130434782609
0.0
0.0675675675676
0.0
0.0
0.0
0.0
0.0
0.0
0.0294117647059
0.0
0.0
0.0
0.0
0.0
0.0
0
0.0
0.0
1.0
0.0
0.428571428571
0.428571428571
0.583333333333
0.391304347826
0.484848484848
0.227272727273
0.0
0.04
0.0
0.0
0.130434782609
0.0
0.0
0.0
0.0
0.0
0.0
0.0
0.0
0.0
0.0
0.0
0.571428571429
0.6
0.0
0.294117647059
0.368421052632
0.0588235294118
0.36
0.461538461538
0.393939393939
0.142857142857
0.344827586207
0.0606060606061
0.0
0.318181818182
0.0454545454545
0.0
0.0
0.0
0.0
0.0
0.0
0.0
0.0
0.0
0.5
0.5
0.444444444444
0.115384615385
0.285714285714
0.368421052632
0.12
0.0
0.0909090909091
0.0833333333333
0.192307692308
0.0967741935484
0.0384615384615
0.0
0.0833333333333
0.0
0.0
0.0
0.0
0.0
0
0
0.0
0.0
0.4
0.5625
0.153846153846
0.304347826087
0.0
0.0
0.125
0.3
0.0
0.0
0.0
0.0
0.0
0.588235294118
0.391304347826
0.0909090909091
0.0
0.0
0
0.0
0
0.0
0.0
0.2
0.0
0.357142857143
0.555555555556
0.0555555555556
0.210526315789
0.142857142857
0.0588235294118
0.0
0.0
0.0
0.0
0.266666666667
0.047619047619
0.0
0.0
0.0
0.0
0.0
0.0
0.0
0.0
0.0
0.0
0.0
0.0
0.5
0.555555555556
0.375
0.0
0.0606060606061
0.037037037037
0.0
0.047619047619
0.0
0.0
0.0
0.0
0.181818181818
0.0
0.0
0.0
0.0
0.0
0.0
0.0
0.0
0.0
0.0
0.285714285714
0.5
0.0
0.35
0.285714285714
0.0
0.0
0.04
0.05
0.0
0.0
0.0
0.0
0.0
0.0
0.0
0.0
0.0
0.0
0.0
0.0
0
0
0
0.0
0.5
0.714285714286
0.4
0.0625
0.388888888889
0.0
0.0
0.0
0.0
0.0
0.0
0.0
0.0
0.166666666667
0.0
0.0
0.0
0.0
0
0.0
0
0.0
0
0.0
0.0
0.6
0.6
0.166666666667
0.1
0.375
0.0
0.0
0.157894736842
0.0
0.0
0.0
0.631578947368
0.0
0.0
0.0
0.0
0.0
0.0
0
0.0
0
0.0
0.0
0.666666666667
0.735294117647
0.3125
0.0
0.148148148148
0.0322580645161
0.0
0.0
0.0
0.0
0.0263157894737
0.102040816327
0.122448979592
0.102040816327
0.0
0.0
0.0
0.0
0.0
0
0.0
0.0
0.0
0.0
0.1
0.481481481481
0.346153846154
0.515625
0.31914893617
0.0
0.0
0.0
0.0
0.0
0.1
0.193548387097
0.0641025641026
0.268292682927
0.0
0.0
0.0
0.0
0.0
0.0
0.0
0.0
0.0
0.0
0.538461538462
0.698113207547
0.3
0.0
0.0
0.0
0.156862745098
0.404255319149
0.183673469388
0.122807017544
0.0384615384615
0.132352941176
0.53125
0.185714285714
0.0
0.0
0.0
0.0
0.0
0.0
0.0
0.0
0.0
0.0
0.860465116279
0.604651162791
0.116279069767
0.0
0.0
0.0172413793103
0.158536585366
0.0
0.0595238095238
0.0
0.15
0.311111111111
0.141176470588
0.0759493670886
0.0
0.0
0.0
0.0
0.0
0.0
0.0
0.0
0.0
0.0
0.555555555556
0.652173913043
0.592592592593
0.510638297872
0.280701754386
0.0384615384615
0.308641975309
0.164179104478
0.0
0.0
0.0
0.0
0.0806451612903
0.0238095238095
0.0
0.0
0.0
0.0
0.0
0.0
0.0
0.0
0
0.142857142857
0.333333333333
0.8
0.375
0.380952380952
0.375
0.12
0.0
0.0277777777778
0.136363636364
0.0
0.0
0.0
0.0
0.0
0.0
0.0
0.0
0.0
0.0
0.0
0
0.0
0.0
0.0
0.571428571429
0.714285714286
0.357142857143
0.277777777778
0.375
0.189189189189
0.344827586207
0.255813953488
0.3125
0.175
0.0
0.355555555556
0.0892857142857
0.265306122449
0.0
0.0
0.0
0.0
0.0
0.0
0.0
0.0
0.0
0.277777777778
0.5625
0.444444444444
0.322580645161
0.0625
0.222222222222
0.152173913043
0.0
0.0
0.0
0.0
0.0
0.09375
0.14
0.214285714286
0.0
0.0
0.0
0.0
0.0
0.0
0.0
0.0
0
0.0
0.214285714286
0.52380952381
0.16
0.342105263158
0.375
0.025641025641
0.0
0.0
0.148936170213
0.0377358490566
0.0
0.0
0.078431372549
0.166666666667
0.0
0.0
0.0
0.0
0.0
0.0
0.0
0.0
0.0
0.0909090909091
0.592592592593
0.710526315789
0.333333333333
0.0
0.0
0.0
0.0576923076923
0.225
0.0
0.0
0.0
0.025641025641
0.320754716981
0.412698412698
0.0
0.030303030303
0.0
0.0
0.0
0.0
0.0
0.0
0.0
0.0
0.2
0.833333333333
0.47619047619
0.0
0.0
0.0
0.148148148148
0.0909090909091
0.0
0.0
0.0
0.0625
0.492063492063
0.160714285714
0.0
0.0
0.0
0.0
0.0
0.0
0
0.0
0.0
0.0909090909091
0.388888888889
0.354838709677
0.451612903226
0.131578947368
0.36
0.103448275862
0.3
0.122807017544
0.0
0.0
0.0
0.0
0.0181818181818
0.228571428571
0.0
0.0
0.0
0.0
0.0
0.0
0
0.0
0
0.0
0.571428571429
0.5
0.526315789474
0.35
0.137931034483
0.307692307692
0.166666666667
0.0
0.0
0.08
0.0
0.0
0.105263157895
0.0
0.0555555555556
0.0588235294118
0.166666666667
0.0
0.0
0.0
0
0.0
0.0
0.166666666667
0.2
0.428571428571
0.3125
0.117647058824
0.423076923077
0.08
0.394736842105
0.37037037037
0.25
0.0645161290323
0.0
0.0
0.25
0.270833333333
0.264705882353
0.0
0.0
0.0
0.0
0.0
0.0
0.0
0.0
0.166666666667
0.5
0.707317073171
0.413793103448
0.326530612245
0.205128205128
0.0
0.0
0.0
0.0
0.0
0.0
0.125
0.177419354839
0.256756756757
0.318181818182
0.0
0.0
0.0
0.0
0.0
0.0
0.0
0.0
0.2
0.65625
0.674418604651
0.369565217391
0.34
0.155172413793
0.132075471698
0.114754098361
0.127659574468
0.0
0.0
0.0
0.283018867925
0.16
0.357142857143
0.0
0.0
0.0
0.0
0.0
0.0
0.0
0.0
0.0
0.0
0.388888888889
0.606060606061
0.547169811321
0.333333333333
0.0
0.0
0.0
0.0
0.0
0.0
0.0
0.333333333333
0.318181818182
0.0
0.0
0.0
0.0
0.0
0.0
0.0
0.0
0.0
0.0
0.352941176471
0.428571428571
0.655172413793
0.290322580645
0.359375
0.177777777778
0.0
0.0
0.0294117647059
0.0
0.0
0.267857142857
0.416666666667
0.0
0.0
0.0
0.0
0.0
0.0
0.0
0.0
0.0
0.0
0.0
0.0
0.0
0.444444444444
0.590909090909
0.451612903226
0.333333333333
0.0
0.03125
0.037037037037
0.0263157894737
0.0
0.0
0.0
0.0
0.0
0.0
0.0
0.0
0.0
0.0
0.0
0.0
0
0.0
0.0
0.333333333333
0.958333333333
0.166666666667
0.0
0.157894736842
0.217391304348
0.0
0.208333333333
0.0
0.0
0.0
0.0
0.0
0.0
0.0
0.0
0.0
0.0
0.0
0.0
0
0.0
0.0
0.0
0.0
0.615384615385
0.416666666667
0.5
0.047619047619
0.558823529412
0.1
0.138888888889
0.36
0.1
0.0
0.030303030303
0.333333333333
0.238095238095
0.0
0.0
0.0
0.0
0.0
0.0
0.0
0.0
0.0
0.0
0.545454545455
0.692307692308
0.560975609756
0.0294117647059
0.0
0.0
0.0
0.0
0.0526315789474
0.0
0.0
0.166666666667
0.435483870968
0.163636363636
0.0
0.0
0.0
0.0
0.0
0.0
0.0
0.0
0.0
0.153846153846
0.636363636364
0.739130434783
0.25641025641
0.0
0.0
0.0222222222222
0.230769230769
0.159090909091
0.0
0.0
0.0
0.375
0.1875
0.290909090909
0.0263157894737
0.0
0.0
0.0
0.0
0.0
0.0
0.0
0.0
0.0714285714286
0.617647058824
0.566037735849
0.375
0.0
0.0
0.0
0.0
0.0
0.0
0.0
0.0
0.212765957447
0.412698412698
0.137254901961
0.0
0.0
0.0
0.0
0.0
0.0
0.0
0.0
0.0
0.0
0.627450980392
0.65306122449
0.133333333333
0.161290322581
0.0227272727273
0.0
0.178571428571
0.0
0.0
0.0
0.0
0.283018867925
0.307692307692
0.0
0.0
0.0
0.0
0.0
0.0
0.0
0
0
0.0
0.0
0.708333333333
0.64
0.322580645161
0.282051282051
0.146341463415
0.0980392156863
0.107692307692
0.0983606557377
0.0
0.0
0.0
0.0
0.0
0.0689655172414
0.0
0.0
0.0
0.0
0.0
0
0.0
0.0
0.0
0.4
0.5625
0.8
0.266666666667
0.04
0.0
0.0
0.0
0.0
0.0
0.0
0.0
0.230769230769
0.142857142857
0.0
0.0
0.0
0.0
0.0
0.0
0.0
0.0
0.0
0
0.0
0.545454545455
0.714285714286
0.428571428571
0.2
0.272727272727
0.40625
0.05
0.0
0.0
0.0
0.0
0.0612244897959
0.15
0.0
0.0
0.0
0.0
0.0
0.0
0.0
0
0.0
0.0
0.181818181818
0.766666666667
0.737704918033
0.325
0.0877192982456
0.0
0.0
0.0
0.0
0.0
0.0
0.0
0.119047619048
0.139534883721
0.0810810810811
0.0
0.0
0.0
0.0
0.0
0.0
0.0
0.0
0.0
0.0
0.725
0.636363636364
0.257142857143
0.0
0.0
0.0
0.269841269841
0.0
0.0
0.0
0.0
0.0869565217391
0.301886792453
0.2
0.0
0.0
0.0
0.0
0.0
0.0
0.0
0.0
0.0
0.0
0.694444444444
0.897058823529
0.3
0.0
0.0
0.15625
0.102040816327
0.127272727273
0.0
0.0196078431373
0.0434782608696
0.0909090909091
0.127272727273
0.254545454545
0.0
0.0
0.0
0.0
0.0
0.0
0.0
0.0
0.0909090909091
0.294117647059
0.666666666667
0.590909090909
0.0217391304348
0.0
0.0
0.314285714286
0.0789473684211
0.0
0.0
0.0
0.0
0.0
0.0
0.0
0.0
0.0
0.0
0.0
0.0
0.0
0.0
0.0
0.0
0.428571428571
0.363636363636
0.714285714286
0.71875
0.242424242424
0.490566037736
0.218181818182
0.236363636364
0.0217391304348
0.0
0.0
0.0
0.0
0.166666666667
0.0
0.0
0.0
0.0
0.0
0.0
0.0
0.0
0.0
0.0
0.4
0.5
0.794117647059
0.55
0.0
0.0
0.0
0.142857142857
0.277777777778
0.173913043478
0.185185185185
0.0
0.0416666666667
0.192307692308
0.125
0.0
0.0
0.0
0.0
0.0
0.0
0.0
0.0
0.0
0.0
0.333333333333
0.666666666667
0.0
0.368421052632
0.52380952381
0.6
0.32
0.115384615385
0.258064516129
0.166666666667
0.0277777777778
0.369565217391
0.0909090909091
0.162162162162
0.0
0.0
0.0
0.0
0.0
0.0
0.0
0.0
0.0
0.1875
0.521739130435
0.654545454545
0.526315789474
0.2
0.127659574468
0.0571428571429
0.0
0.276923076923
0.14
0.0
0.0
0.0722891566265
0.279411764706
0.0172413793103
0.0
0.0
0.0
0.0
0.0
0.0
0.0
0.0
0.0
0.0833333333333
0.621621621622
0.613636363636
0.0645161290323
0.0212765957447
0.178571428571
0.333333333333
0.246376811594
0.1875
0.0
0.0
0.0
0.0
0.316326530612
0.217948717949
0.0
0.0
0.0
0.0
0.0
0.0
0.0
0.0
0.0
0.0
0.7
0.727272727273
0.441860465116
0.133333333333
0.0
0.0
0.194444444444
0.0212765957447
0.0
0.0
0.0384615384615
0.157894736842
0.28125
0.0714285714286
0.137931034483
0.0
0.0
0.0
0.0
0.0
0.0
0.0
0.0
0.25
0.71875
0.615384615385
0.5
0.0
0.0
0.0
0.111111111111
0.0
0.162162162162
0.0
0.025
0.0
0.324324324324
0.325581395349
0.0
0.0
0.0
0.0
0.0
0.0
0.0
0.0
0.0
0.0909090909091
0.428571428571
0.36
0.459459459459
0.333333333333
0.0833333333333
0.156862745098
0.230769230769
0.0
0.0
0.0
0.0
0.0
0.0689655172414
0.0384615384615
0.0
0.0
0.0
0.0
0
0.0
0.0
0.0
0
0.0
0.333333333333
0.837209302326
0.6
0.125
0.0
0.0
0.0357142857143
0.2
0.0357142857143
0.0
0.0
0.161290322581
0.25
0.166666666667
0.0
0.0
0.0
0.0
0.0
0.0
0.0
0
0.0
0.0
0.769230769231
0.875
0.576923076923
0.2
0.0975609756098
0.607142857143
0.440677966102
0.0625
0.0487804878049
0.0
0.0
0.208333333333
0.2
0.192307692308
0.1
0.0
0.0
0.0
0.0
0.0
0.0
0.0
0.0
0.272727272727
0.75
0.727272727273
0.510638297872
0.390625
0.122807017544
0.0
0.0
0.0
0.0
0.0
0.0757575757576
0.35
0.457142857143
0.170212765957
0.0
0.0
0.0
0.0
0.0
0.0
0.0
0.0
0.0
0.722222222222
0.72
0.725490196078
0.45
0.0
0.0
0.210526315789
0.171875
0.120689655172
0.0
0.0
0.0
0.15873015873
0.244186046512
0.361445783133
0.0
0.0
0.0
0.0
0.0
0.0
0.0
0.0
0.0
0.545454545455
0.787878787879
0.660377358491
0.289473684211
0.0487804878049
0.0666666666667
0.0166666666667
0.0833333333333
0.109375
0.03125
0.0
0.138461538462
0.264705882353
0.336734693878
0.255813953488
0.0
0.0
0.0
0.0
0.0
0.0
0.0
0.0
0.0
0.347826086957
0.1875
0.219512195122
0.34328358209
0.0833333333333
0.225806451613
0.169014084507
0.289473684211
0.0
0.0
0.0
0.0
0.212121212121
0.0952380952381
0.056338028169
0.0
0.0
0.0
0.0
0.0
0.0
0
0.0
0.0
0.307692307692
0.5
0.78
0.457627118644
0.353846153846
0.227272727273
0.178082191781
0.0945945945946
0.0684931506849
0.0
0.0
0.0
0.0
0.186813186813
0.12
0.0
0.0
0.0
0.0
0.0
0.0
0.0
0
0.0
0.333333333333
0.666666666667
0.692307692308
0.473684210526
0.0
0.0
0.0
0.222222222222
0.0
0.0555555555556
0.0
0.0
0.0
0.0
0.0
0.181818181818
0.0
0.0
0.0
0
0.0
0.0
0.0
0.0
0.0
0.6
0.8
0.461538461538
0.285714285714
0.111111111111
0.296296296296
0.548387096774
0.12
0.310344827586
0.0769230769231
0.0
0.147058823529
0.305555555556
0.25
0.178571428571
0.0
0.0
0.0
0.0
0.0
0.0
0.0
0.125
0.666666666667
0.56
0.428571428571
0.294117647059
0.0
0.275
0.243902439024
0.0
0.0
0.0
0.0
0.0
0.0
0.0
0.0
0.0
0.0
0.0
0.0
0.0
0.0
0.0
0.0
0.0
0.0
0.8
0.529411764706
0.238095238095
0.235294117647
0.153846153846
0.0714285714286
0.0526315789474
0.0416666666667
0.0
0.0
0.0
0.0
0.242424242424
0.25
0.08
0.0
0.0
0.0
0.0
0.0
0.0
0.0
0.0
0.5
0.6
0.8
0.516129032258
0.0555555555556
0.0
0.0
0.0
0.0
0.166666666667
0.0
0.25
0.135135135135
0.25641025641
0.0555555555556
0.0
0.0
0.0
0.0
0.0
0.0
0.0
0.0
0.0
0.0
0.291666666667
0.6
0.513513513514
0.5
0.0
0.0
0.142857142857
0.0
0.0
0.0
0.0
0.0
0.0
0.148148148148
0.125
0.0
0.0
0.0
0.0
0.0
0.0
0.0
0.0
0.25
0.529411764706
0.611111111111
0.41935483871
0.125
0.0
0.0
0.0
0.0
0.0
0.0
0.0
0.0
0.0
0.16
0.142857142857
0.0
0.0
0
0.0
0.0
0
0.0
0.0
0.0
0.666666666667
0.913043478261
0.5
0.111111111111
0.0
0.473684210526
0.0666666666667
0.142857142857
0.0
0.0
0.0
0.0
0.117647058824
0.0
0.0
0.0
0.0
0.0
0.0
0
0.0
0.0
0.0
0.0
0.647058823529
0.692307692308
0.307692307692
0.25
0.130434782609
0.285714285714
0.52
0.192307692308
0.25
0.0
0.0
0.464285714286
0.103448275862
0.0
0.222222222222
0.0
0.0
0.0
0.0
0.0
0.0
0.0
0.0
0.0
0.533333333333
0.75
0.428571428571
0.0
0.107142857143
0.0
0.192307692308
0.194444444444
0.0
0.0
0.0
0.0
0.0
0.0
0.0
0.0
0.0
0.0
0.0
0.0
0.0
0.0
0.0
0.75
0.272727272727
0.55
0.111111111111
0.0
0.0
0.0
0.0
0.0
0.0
0.0
0.0
0.0
0.0
0.0
0.0
0.0
0.0
0.0
0.0
0.0
0.0
0.0
0.333333333333
0.2
0.6
0.823529411765
0.454545454545
0.0
0.0
0.0
0.0
0.0
0.0
0.0
0.0
0.0
0.0
0.0833333333333
0.0
0.0
0.0
0.0
0.0
0.0
0
0.0
0.0
0.0
0.0
0.2
0.454545454545
0.25
0.0
0.0
0.117647058824
0.0
0.0
0.0
0.0
0.0
0.0
0.0
0.0
0.0
0.0
0.0
0
0.0
0.0
0.0
0.0
0.142857142857
0.666666666667
0.461538461538
0.0
0.0
0.0
0.0
0.0
0.0
0.0
0.0
0.0
0.0
0.0
0.0
0.0
0.0
0.0
0
0.0
0.0
0.0
0.0
0.0
0.0
0.0
0.0
0.0
0
0.0
0.0
0.0
0.0
0.0
0.0
0.0
0.0
0.0
0.0
0.0
0.0
0
0.0
0.0
0
0.0
0
0.0
0
0.0
0.0
0.333333333333
0.0
0.0
0.0
0.0
0.0
0.0
0.0
0.0
0.0
0.0
0.0
0.0
0.0
0
0
0.0
0.0
0
0
0.0
0.0
0.3
0.923076923077
0.375
0.0
0.0
0.0
0.0
0.0
0.0
0.0
0.0
0.0
0.0
0.0
0.0
0.0
0
0.0
0.0
0.0
0.0
0.0
0.0
0.0
0.625
0.769230769231
0.5
0.0
0.0
0.0
0.0
0.0
0.0
0.0
0.0
0.0
0.0
0.0
0.0
0.0
0
0.0
0.0
0
0.0
0.0
0.0
0.0
0.727272727273
0.636363636364
0.454545454545
0.0
0.0
0.0
0.0
0.0
0.0
0.0
0.0
0.0
0.0
0.0
0.0
0.0
0
0
0
0
0
0.0
0.5
0.5
0.25
0.428571428571
0.0
0.0
0.0
0.0
0.0
0.0
0.0
0.0
0.0
0.0
0.0
0.0
0.0
0.0
0.0
0.0
0
0.0
0
0.0
0.0
0.0
0.5
0.333333333333
0.0
0.0
0.0
0.0
0.0
0.0
0.0
0.0
0.0
0.0
0.0
0.0
0.0
0.0
0.0
0.0
0.0
0
0.0
0
0.0
0.0
0.25
0.0
0.0
0.0
0.0
0.0
0.0
0.0
0.0
0.0
0.0
0
0.0
0.0
0.0
0.25
0.25
0
0
0
0
0
0
1.0
1.0
0.0
0.375
0.5
0.0
0.0
0.0
0.0
0.0
0.0
0.0
0.0
0
0.0
0.0
0.0
0.0
0.0
0
0
0
0.0
0.0
0.666666666667
0.5
0.181818181818
0.0
0.277777777778
0.166666666667
0.444444444444
0.0
0.0
0.0
0.0
0.0
0.0
0.0
0.0
0.0
0.0
0.0
0.0
0.0
0.0
0
0
0.0
0.4
0.5
0.733333333333
0.166666666667
0.0
0.0909090909091
0.0
0.142857142857
0.0
0.0
0.0
0.0
0.0
0.0
0.0
0.0
0.0
0.0
0
0
0.0
0
0
0.285714285714
0.5
0.538461538462
0.214285714286
0.1875
0.0
0.0
0.0
0.0
0.0
0.0
0.0
0.0
0.0
0.0
0.0
0.0
0.0
0.0
0.0
0
0
0
0.0
0.0
0.4
0.714285714286
0.4
0.222222222222
0.0
0.0
0.0
0.0
0.0
0.0
0.0
0.0
0.0
0.09375
0.0
0.0
0.0
0.0
0.0
0.0
0.0
0.0
0.0
0.0
0.375
0.736842105263
0.357142857143
0.0
0.0
0.0
0.0
0.0
0.0
0.0
0.0
0.0
0.0
0.0
0.0
0.0
0.0
0.0
0
0.0
0
0.0
0
0.0
0.0
0.571428571429
0.0
0.0
0.0
0.0
0.0
0.0
0.0
0.0
0.0
0.0
0.0
0.0
0.0
0.0
0.0
0
0.0
0
0
0
0
0
0.0
0.666666666667
0.25
0
0.0
0.0
0.0
0.0
0.142857142857
0.0
0.0
0.0
0.0
0
0.0
0.0
0.0
0.0
0.0
0.0
0
0.0
0.0
0
0.0
0.0
0.0
0.4
0.142857142857
0.0
0.1
0.25
0.0
0.0
0.0
0.0
0.0
0.166666666667
0.0
0.0
0.0
0.0
0.0
0.0
0.0
0
0.0
0.0
0.809523809524
0.538461538462
0.4
0.0
0.0
0.0
0.117647058824
0.0
0.0
0.0
0.0
0.0
0.0
0.0
0.0
0.0
0.0
0.0
0.0
0.0
0
0
0.0
0.0
0.8125
0.636363636364
0.35
0.5
0.3125
0.12
0.2
0.0
0.0
0.0
0.0
0.0
0.0
0.0
0.0
0.0
0.0
0.0
0.0
0.0
0.0
0
0.0
0.0
0.0
0.823529411765
0.72
0.241379310345
0.0
0.0
0.0
0.0
0.0
0.0
0.0
0.0
0.0
0.0
0.0
0.0
0.0
0.0
0.0
0.0
0
0.0
0.0
0.0
0.0
0.333333333333
0.666666666667
0.0
0.0
0.0
0.0666666666667
0.0
0.0
0.0
0.0
0.0
0.0
0.0
0.0
0.0
0.0
0.0
0.0
0
0
0.0
0
0.0
0.125
0.333333333333
0.333333333333
0.153846153846
0.0
0.0
0.0
0.0
0.0
0.0
0.0
0.0
0.0
0.176470588235
0.0
0.0
0.0
0.0
0.0
0.0
0
0
0
0.0
0.0
0.0
0.285714285714
0.5
0.0
0.272727272727
0.166666666667
0.285714285714
0.0
0.0
0.0
0.0
0.0526315789474
0.3
0.111111111111
0.0
0.0
0.0
0.0
0.0
0.0
0
0.0
0.0
0.0
0.545454545455
0.733333333333
0.0
0.105263157895
0.15
0.0
0.0
0.0
0.0
0.0
0.0
0.0
0.0
0.0
0.0
0.0
0.0
0.0
0.0
0.0
0
0.0
0.0
0.5
0.92
0.8
0.25
0.0
0.0
0.0
0.0
0.0
0.0
0.0
0.0
0.0
0.0
0.0555555555556
0.0
0.0
0.0
0
0
0.0
0.0
0.0
0.6
0.727272727273
0.470588235294
0.45
0.0625
0.1
0.212765957447
0.0952380952381
0.0
0.0
0.0
0.0
0.0714285714286
0.0625
0.0
0.0
0.0
0.0
0.0
0.0
0.0
0.0
0
0.0
0.125
0.838709677419
0.838709677419
0.222222222222
0.0
0.0
0.0
0.0
0.0
0.0
0.0
0.0
0.0
0.0
0.0
0.0
0.0
0.0
0.0
0.0
0.0
0.0
0.0
0.0
0.333333333333
0.96
0.75
0.0
0.15625
0.0
0.0
0.0
0.0
0.0
0.0
0.0
0.0
0.0
0.0
0.0
0.0
0
0.0
0.0
0.0
0
0
0.0
0.0
0.0
0.571428571429
0.0
0.0
0.0
0.0
0.0
0.0
0.0
0.0
0.0
0.0
0.0
0.0
0.0
0.0
0.0
0.0
0
0
0
0
0.0
0.0
0.333333333333
0.857142857143
0.0
0.285714285714
0.333333333333
0.3125
0.5
0.0
0.0
0.0
0.0
0.0
0.0
0.388888888889
0.0
0.0
0.0
0.0
0.0
0.0
0.0
0.0
0.0
0.454545454545
0.857142857143
0.789473684211
0.434782608696
0.0
0.0
0.0357142857143
0.269230769231
0.115384615385
0.258064516129
0.0714285714286
0.0
0.0
0.0
0.0
0.0
0.0
0.0
0.0
0.0
0.0
0.0
0.0
0.0
0.266666666667
0.810810810811
0.388888888889
0.0
0.0
0.0
0.0
0.0
0.0
0.0
0.0
0.0
0.0
0.0
0.0
0.0
0.0
0.0
0.0
0
0
0
0.0
0.0
0.722222222222
0.953488372093
0.125
0.0
0.0
0.0
0.0
0.166666666667
0.0
0.0
0.0
0.0
0.0
0.0
0.148148148148
0.0
0.0
0.0
0.0
0.0
0.0
0
0
0
0.25
0.888888888889
0.789473684211
0.461538461538
0.115384615385
0.0769230769231
0.0
0.0
0.0
0.0
0.0
0.0
0.0
0.0
0.0
0.0
0.0
0.0
0.0
0.0
0
0
0
0.0
0.666666666667
0.733333333333
0.857142857143
0.285714285714
0.0
0.0
0.25
0.0
0.0
0.0
0.0
0.0
0.0
0.0
0.0
0.0
0.0
0.0
0.0
0.0
0
0
0.0
0.0
0.0
0.0
0.5
0.615384615385
0.571428571429
0.0
0.0
0.235294117647
0.0
0.0
0.0
0.0
0.0
0.0
0.285714285714
0.0
0.4
0.0
0.0
0.0
0
0.0
0.0
0.0
0.0
0.0
0.375
0.25
0.615384615385
0.285714285714
0.153846153846
0.25
0.4
0.47619047619
0.545454545455
0.0
0.0
0.0
0.173913043478
0.473684210526
0.166666666667
0.0
0.0
0.0
0.0
0.0
0.0
0.0
0.0833333333333
0.230769230769
0.266666666667
0.222222222222
0.0
0.0
0.441176470588
0.263157894737
0.0
0.0
0.0
0.0
0.0
0.0
0.04
0.0
0.0
0.0
0.0
0.0
0
0.0
0
0.0
0.166666666667
0.888888888889
0.647058823529
0.6875
0.0869565217391
0.0
0.0
0.0
0.0
0.0
0.0
0.0
0.0
0.0
0.0
0.0
0.0
0.0
0.0
0.0
0.0
0.0
0.0
0.0
0.0
0.4
0.4375
0.470588235294
0.416666666667
0.117647058824
0.0
0.137931034483
0.0
0.0
0.0
0.0
0.0
0.0
0.0
0.0
0.0
0.0
0.0
0.0
0
0
0.0
0.0
0.0
0.6
0.8
0.611111111111
0.235294117647
0.0
0.0789473684211
0.352941176471
0.325581395349
0.09375
0.0
0.0
0.0
0.0
0.0
0.0
0.0
0.0
0
0.0
0.0
0.0
0.0
0.666666666667
0.272727272727
0.444444444444
0.411764705882
0.692307692308
0.333333333333
0.0
0.205128205128
0.0
0.0
0.0
0.0
0.0
0.0
0.0
0.0
0.0
0.0
0.0
0.0
0.0
0
0.0
0
0.0
0.0
0.0
0.166666666667
0.5
0.0
0.0
0.0
0.0
0.0
0.0
0.0
0.0
0.0
0.0
0.181818181818
0.0
0.0
0.0
0
0.0
0.0
0
0
0.0
0.0
0.0
0
0.571428571429
0.642857142857
0.214285714286
0.583333333333
0.230769230769
0.0
0.0
0.0
0.0
0.0
0.0
0.05
0.0
0.0
0.0
0.0
0.0
0.0
0.0
0.0
0.0
0.25
0.538461538462
0.789473684211
0.227272727273
0.0
0.0
0.0
0.0
0.0
0.0
0.0
0.0
0.0
0.0
0.0
0.0
0.0
0.0
0.0
0.0
0.0
0.0
0.0
0.0
0.0
0.285714285714
0.8
0.642857142857
0.125
0.0
0.0
0.0714285714286
0.625
0.545454545455
0.0
0.0
0.0
0.0
0.0
0.0
0.0
0.0
0.0
0.0
0.0
0.0
0.0
0.0
0.333333333333
0.285714285714
0.8
0.625
0.318181818182
0.0
0.0
0.0
0.0
0.0
0.0
0.0
0.0
0.0
0.0
0.0
0.0
0.0
0.0
0
0.0
0.0
0.0
0
0.0
0.444444444444
0.307692307692
0.444444444444
0.235294117647
0.166666666667
0.0
0.0
0.0
0.0
0.0
0.0
0.0
0.0
0.0
0.0
0.0
0.0
0.0
0
0
0
0
0.0
0.0
1.0
0.363636363636
0.6
0.272727272727
0.0
0.0
0.047619047619
0.1
0.0
0.0
0.0
0.0
0.0
0.0
0.0
0.0
0.0
0
0
0.0
0
0.0
0.0
0.0
0
0.0
0.333333333333
0.166666666667
0.0
0.0
0.0
0.0
0.0
0.0
0.0
0.0
0.0
0.0
0.0
0.0
0.0
0.0
0
0
0
0
0
1.0
1.0
1.0
0.0
0.0
0.0
0.0
0.0
0.0
0.0
0.0
0.0
0.0
0.0
0.0
0.0
0.0
0.0
0.0
0.0
0.0
0
0
0.0
0.5
0.75
0.666666666667
0.363636363636
0.153846153846
0.0
0.0
0.285714285714
0.55
0.0833333333333
0.0
0.0
0.0
0.0
0.0
0.0
0.0
0.0
0.0
