1.0
0
0
0
0
0
0
0.2
0.166666666667
0.0
0.0714285714286
0.0
0.0
0.0
0.0
0.0
0.0
0.0
0.0
0.0
0.0
0.0
0.0
0.0
0
0.0
0.0
0
0.0
0
0.0
0.0
0.0
0.0
0.0
0.0
0.0
0.0
0.0
0.0
0.0
0.0
0.0
0.0
0.0
0.0
0.0
0.0
0.0
0
0.0
0
0.0
0
0
0
0.142857142857
0.125
0.0909090909091
0.142857142857
0.0
0.0
0.0
0.0
0.0
0.0
0.0
0.0
0.0
0.0
0.0
0.0
0.0
0
0
0.0
0
0
0
0.0
0.0
0.0
0.0
0.0
0.0
0.0
0.0
0.0
0.0
0.0
0.0
0.0
0.0
0.0
0.0
0.0
0
0
0
0
1.0
0
0
0.0
0.0
0.0
0.0
0.0
0.0
0.0
0.0
0.0
0.0
0.0
0.0
0.0
0.0
0.0
0.0
0.0
0
0.0
0.0
0
0
0
0
1.0
0.0
0.0
0.0
0.0
0.0
0.0
0.0
0.0
0.0
0.0
0.0
0.0
0.0
0.0
0.0
0.0
0.0
0.0
0.0
0
0
0
0
0
0.142857142857
0.0
0.125
0.0
0.0
0.0
0.0
0.125
0.0
0.0
0.0
0.0
0.0
0.0
0.0
0.0
0.0
0.0
0.0
0
0
0
0.0
0.0
0.0
0.0
0.551724137931
0.0
0.0
0.0
0.0
0.0
0.0
0.0
0.0
0.0
0.0
0.0
0.0
0.0
0.0
0.0
0.0
0
0.0
0
0
0.0
0.0
0.0
0.153846153846
0.0
0.15
0.3
0.421052631579
0.0
0.0
0.0
0.0
0.0
0.0
0.0
0.0
0.0
0.0
0.0
0.0
0.0
0
0
0.0
0.0
0.238095238095
0.363636363636
0.166666666667
0.166666666667
0.0
0.0
0.0357142857143
0.0
0.0
0.0
0.0
0.0
0.0
0.0
0.0
0.0
0.0
0.0
0
0.0
0
0.0
0.0
0.0
0.142857142857
0.111111111111
0.214285714286
0.125
0.0
0.0
0.0
0.0
0.0
0.0
0.0
0.0
0.0
0.0
0.0
0.0
0.0
0.0
0
0
0
0
0.0
0.0
0.0
0.0
0.0
0.0
0.0
0.0
0.0
0.0
0.0
0.0
0.0
0.0
0.0
0.0
0.0
0.0
0.0
0.0
0.0
0.0
0
0
0
0.0
0.0
0.0
0.0
0.0
0.0
0.0714285714286
0.5
0.0
0.0
0.0
0.0
0.0
0.0
0.0
0.0
0.0
0.0
0.0
0
0
0.0
0
0.0
0.0
0.0
0.1875
0.0
0.0
0.0
0.15
0.260869565217
0.0
0.0
0.0
0.0
0.0
0.0
0.0
0.0
0.0
0.0
0.0
0.0
0
0
0
0.0
0.0
0.166666666667
0.222222222222
0.2
0.157894736842
0.0
0.0
0.0
0.0
0.0
0.0
0.0
0.0
0.0
0.0769230769231
0.0
0.0
0.0
0.0
0
0
0
0
1.0
0.0
0.142857142857
0.35
0.294117647059
0.0
0.0
0.0
0.125
0.0
0.0
0.0
0.0
0.0
0.0
0.0
0.0
0.0
0.0
0.0
0.0
0
0.0
0.0
0.0
0.0
0.0
0.407407407407
0.0
0.0
0.0
0.0454545454545
0.133333333333
0.0833333333333
0.0
0.0
0.0
0.0
0.0
0.0
0.0
0.0
0.0
0
0
0
0
1.0
0
0.0
0.3
0.35
0.0
0.0
0.0
0.0
0.0
0.0909090909091
0.0
0.0
0.0
0.0
0.0
0.0
0.0
0
0.0
0.0
0
0.0
0
0
0
0.0
0.0
0.0
0.0
0.0
0.0
0.0
0.0
0.0
0.0
0.0
0.0
0.0
0.0
0.0
0.0
0.0
0.0
0.0
0
0.0
0
0
0.0
0.0
0.0
0.0
0.0
0.0
0.0
0.0
0.0
0.0
0.0
0.0
0.0
0.0
0.0
0.0
0.0
0.0
0.0
0.0
0.0
0.0
0
0
0.0
0.0
0.0
0.3125
0.315789473684
0.166666666667
0.0
0.0
0.0
0.0
0.105263157895
0.0
0.0
0.0
0.0
0.0
0.0
0.0
0.0
0
0.0
0
0
0
1.0
0.0
0.181818181818
0.384615384615
0.25
0.0
0.0
0.277777777778
0.470588235294
0.125
0.0
0.0
0.0
0.0
0.0
0.0
0.0
0.0
0.0
0.0
0.0
0
0.0
0
0.0
0.0
0.578947368421
0.210526315789
0.32
0.0
0.0
0.0
0.0
0.142857142857
0.0
0.0
0.0
0.0
0.0
0.0
0.0
0.0
0.0
0.0
0.0
0
0
0
0.0
0.0
0.0909090909091
0.291666666667
0.0
0.0
0.0
0.3125
0.222222222222
0.375
0.0
0.0
0.0
0.0
0.0
0.0
0.0
0.0
0.0
0.0
0
0.0
0.0
0.0
0.0
0.0
0.166666666667
0.0
0.238095238095
0.0
0.0
0.0
0.0
0.047619047619
0.0
0.0
0.0
0.0
0.0
0.0
0.0
0.0
0.0
0.0
0.0
0.0
0.0
0
0.0
0
0.0
0.0
0.0
0.0
0.0
0.0
0.0
0.0
0.0
0.0
0.0
0.0
0.0
0.0
0.0
0.0
0.0
0
0
0.0
0
0.0
0
0
0.0
0.0
0.0
0.0
0.0
0.0
0.0
0.0
0.0
0.0
0.0
0.0
0.0
0.0
0.0
0.0
0.0
0.0
0.0
0.0
0.0
0.0
0
0.0
0.0
0.363636363636
0.0909090909091
0.0
0.0
0.0
0.0
0.363636363636
0.0
0.0
0.0
0.0
0.0
0.0
0.0
0.0
0.0
0.0
0.0
0.0
0
0
0
0.0
0.217391304348
0.272727272727
0.0625
0.0
0.0
0.0
0.0
0.0
0.0
0.0
0.0
0.0
0.0
0.0
0.0
0.0
0.0
0
0.0
0.0
0
0
0
0.0
0.2
0.230769230769
0.0
0.0
0.0
0.0
0.266666666667
0.2
0.0
0.0
0.0
0.0
0.0
0.0
0.0
0.0
0.0
0
0.0
0
0.0
0.0
0.0
0.0
0.0
0.0666666666667
0.0
0.0
0.0
0.296296296296
0.0
0.0
0.0
0.0
0.0
0.0
0.0
0.0
0.0
0.0
0.0
0.0
0
0
0
0
0
0.333333333333
0.0
0.531914893617
0.0
0.0
0.0
0.0
0.444444444444
0.352941176471
0.142857142857
0.0
0.0
0.0
0.0
0.0
0.0
0.0
0.0
0
0.0
0.0
0.0
0
0
0.0
0.0
0.0
0.0
0.0
0.0
0.0
0.0
0.0
0.0
0.0
0.0
0.0
0.0
0.0
0.0
0.0
0
0.0
0
0
0
0
0
1.0
0
0.0
0.0
0.0
0.0
0.0
0.0
0.0
0.0
0.0
0.0
0.0
0.0
0.0
0.0
0.0
0.0
0.0
0.0
0
0.0
0.0
0.0
0.0
0.166666666667
0.4
0.0
0.0
0.0
0.0
0.0714285714286
0.157894736842
0.0
0.0
0.0
0.0
0.0
0.0
0.2
0.0
0.0
0.0
0.0
0
0
0.0
0.0
0.0
0.0
0.1875
0.214285714286
0.0
0.0
0.0
0.0
0.0
0.0
0.0
0.0
0.0
0.125
0.0
0.0
0.0
0.0
0.0
0.0
0.0
0
0.0
0.0
0.0
0.3125
0.142857142857
0.2
0.0
0.0
0.380952380952
0.0
0.0
0.0
0.0
0.0
0.0
0.0
0.105263157895
0.0
0.0
0.0
0.0
0
0
0
0
0.5
0.0
0.0
0.307692307692
0.0
0.181818181818
0.0
0.166666666667
0.333333333333
0.125
0.0
0.0
0.0
0.0
0.0
0.0
0.0
0.0
0.0
0.0
0
0.0
0.0
0.0
0.0
0.0
0.0769230769231
0.153846153846
0.1
0.0
0.0
0.0
0.0
0.0833333333333
0.0
0.0
0.0
0.0
0.0
0.0
0.0
0.0
0.0
0.0
0
0.0
0
0
0
0.0
0.0
0.0
0.0
0.0
0.0
0.1
0.0
0.0
0.0
0.0
0.0
0.0
0.0
0.0
0.0
0.0
0.0
0.0
0
0
0
0.0
0
0
0.0
0
0.0
0.0
0.0
0.0
0.0
0.0
0.0
0.0
0.0
0.0
0.333333333333
0.0
0.0
0.0
0.0
0.0
0.0
0
0.0
0
0.0
0.0
0.25
0.310344827586
0.0
0.0
0.0
0.0
0.333333333333
0.0
0.0
0.0
0.0
0.0
0.0
0.0
0.0
0.0
0.0
0.0
0.0
0.0
0.0
0
0.0
0.0
0.0
0.3
0.0
0.0
0.0
0.0
0.0
0.0
0.0
0.0
0.0
0.0
0.0
0.0
0.0
0.1875
0.0
0.0
0.0
0.0
0
0.0
0
0.0
0.166666666667
0.166666666667
0.5
0.0
0.0
0.0
0.0
0.0
0.0
0.0
0.0
0.0
0.0
0.0
0.0
0.0
0.0
0
0
0.0
0.0
0
0
0.0
0.0
0.0
0.25
0.0
0.0
0.0
0.0
0.0
0.0
0.0
0.0
0.0
0.0
0.0
0.0
0.0
0.0
0.0
0.0
0.0
0
0
0
0.5
0.285714285714
0.0
0.0666666666667
0.0
0.0
0.0
0.0
0.0
0.0
0.0
0.0
0.0
0.0
0.0
0.0
0.0
0
0
0
0
0
0
0
0
1.0
0
0.0
0.0
0.0
0.0
0.0
0.0
0.0
0.0
0.0
0.0
0.0
0.0
0.0
0.0
0.0
0
0
0.0
0
0
0
0.0
0
0.0
0.0
0.0
0.0
0.0
0.0
0.0
0.0
0.0
0.0
0.0
0.0
0.0
0.0
0.0
0.0
0.0
0.0
0
0
0
0
0.333333333333
0.0
0.0
0.0
0.0
0.0
0.0
0.0
0.0
0.0
0.0
0.0
0
0.0
0.0
0.0
0.0
0.0
0.0
0.0
0
0.0
0.0
0
0.0
0.0
0.0
0.0
0.0
0.0
0.0
0.0
0.0
0.0
0.0
0.0
0.0
0.0
0.0
0.0
0
0.0
0
0.0
0
0
0
0.0
0.0
0.0
0.0
0.0
0.0
0.0
0.0
0.0
0.0
0.0
0.0
0.0
0.0
0.0
0.0
0.0
0.0
0.0
0.0
0
0
0
0.0
0
0.0
0.0
0.0
0.0
0.0
0.0
0.0
0.0
0.0
0.0
0.0
0.0
0.0
0.0
0.0
0.0
0.0
0.0
0.0
0.0
0
0
0.0
0
0
0.0
0.463414634146
0.0
0.0
0.0
0.0
0.0
0.0
0.0
0.0
0.0
0.0
0.0
0.0
0.0
0.0
0.0
0.0
0.0
0
0.0
0
0.0
0
0.0
0.166666666667
0.0
0.0
0.0
0.0
0.0
0.0
0.0
0.0
0.0
0.0
0.0
0.0
0.0
0.0
0.0
0.0
0.0
0
0
0.0
0
0
0.0
0.0
0.0
0.0
0.0
0.0
0.0
0.0
0.0
0.0
0.0
0.0
0.0
0.0
0.0
0.0
0.0
0.0
0.0
0.0
0
0.0
0.0
0.0
0.0
0.0
0.0
0.0
0.0
0.0
0.0
0.0
0.0
0.0
0.06
0.0
0.0
0.0
0.0
0.0
0.0
0.0
0
0.0
0
0
0
0.0
0.0
0.0625
0.0
0.0
0.0
0.0
0.0
0.0
0.0
0.0
0.153846153846
0.0
0.0
0.0
0.0
0.0
0.0
0.0
0.0
0.0
0.0
0.0
0
0.0
0.0
0.409090909091
0.0
0.0
0.0
0.0
0.0
0.0
0.0
0.0
0.0
0.0
0.0
0.0
0.0
0.0
0.0
0.0
0.0
0
0
0
0
0.2
0.0
0.378378378378
0.0
0.0
0.0
0.0
0.0
0.0
0.0
0.0
0.0
0.0
0.0
0.0
0.0
0.0
0.0
0.0
0.0
0.0
0
0.0
0.0
0.166666666667
0.277777777778
0.145833333333
0.0
0.0
0.0
0.0
0.0
0.0
0.0
0.0
0.0
0.0
0.0
0.0
0.0
0.0
0.0
0.0
0.0
0.0
0.0
0
0
0
1.0
0.0
0.0
0.0
0.0
0.0
0.0
0.0
0.0
0.0
0.0
0.0
0.0
0.0
0.0
0.0
0.0
0
0.0
0.0
0
0
0.0
0
0
0.0
0.272727272727
0.0
0.0
0.0
0.0
0.0
0.0
0.0
0.0
0.0
0.0
0.0
0.0
0.0
0.0
0.0
0.0
0
0
0.0
0
0.0
0.222222222222
0.0
0.0
0.0
0.0
0.0344827586207
0.0
0.0
0.0
0.0
0.0
0.0
0.0
0.0
0.0
0.0
0.0
0.0
0.0
0.0
0.0
0
0.0
0.0
0.0
0.285714285714
0.157894736842
0.0
0.0
0.0
0.0
0.0
0.0
0.0
0.0
0.0
0.0
0.0327868852459
0.0178571428571
0.0357142857143
0.0
0.0
0.0
0.0
0.0
0.0
0.0
0.0
0.0909090909091
0.468085106383
0.0
0.0
0.0
0.0
0.0
0.0
0.0
0.0
0.0
0.0
0.0
0.0379746835443
0.0
0.0
0.0
0.0
0.0
0.0
0
0.0
0.0
0.0
0.176470588235
0.0
0.0263157894737
0.148936170213
0.0
0.0
0.0
0.0
0.0
0.0
0.0
0.0
0.0
0.0813953488372
0.0
0.0
0.0
0.0
0.0
0.0
0.0
0.0
0.0
0.0
0.0
0.194444444444
0.117647058824
0.0882352941176
0.0
0.0
0.0
0.010101010101
0.0
0.0
0.0
0.0
0.0
0.0
0.0
0.0
0.0
0.0
0.0
0
0.0
0
0
0
0.0
0.0
0.0
0.0714285714286
0.0
0.0
0.0
0.0
0.0
0.0
0.0
0.0
0.0
0.0
0.0
0.0
0.0
0.0
0.0
0.0
0
0
0
0.0
0.0
0.111111111111
0.384615384615
0.34375
0.0
0.0285714285714
0.0
0.0
0.0
0.0
0.0
0.0
0.0
0.0
0.0
0.0
0.0
0.0
0.0
0.0
0.0
0.0
0.0
0.0
0.652173913043
0.0
0.0
0.112359550562
0.0
0.0
0.0
0.0
0.0
0.0
0.0
0.0
0.0
0.0
0.0
0.0
0.0
0.0
0.0
0.0
0.0
0.0
0
0.444444444444
0.318181818182
0.0363636363636
0.159292035398
0.0212765957447
0.0
0.0
0.0
0.0
0.0
0.0
0.0
0.019801980198
0.0
0.0
0.0
0.0
0.0
0.0
0.0
0.0
0.0
0.0
0.0
0.0
0.461538461538
0.384615384615
0.296610169492
0.0
0.0
0.0
0.0
0.0
0.0
0.0
0.0
0.0
0.0
0.0
0.0
0.0
0.0
0.0
0.0
0.0
0.0
0
0.0
0.0
0.484848484848
0.25
0.438775510204
0.0
0.0
0.0
0.0
0.0
0.0
0.0
0.0
0.0
0.0
0.0
0.0
0.0
0.0
0.0
0.0
0.0
0.0
0.0
0.0
0.0769230769231
0.0588235294118
0.0
0.385416666667
0.0
0.0
0.0
0.0
0.0
0.0
0.0
0.0
0.0
0.0
0.0
0.0
0.0
0.0
0.0
0
0
0.0
0.0
0.0
0.0
0.0
0.0
0.125
0.0588235294118
0.0
0.0
0.0
0.0
0.0
0.0
0.0
0.0
0.0
0.0
0.0
0.0
0.0
0.0
0.0
0
0
0.0
0.0
0.0
0.0
0.0588235294118
0.227272727273
0.0
0.0
0.0
0.0
0.134615384615
0.0
0.0
0.0
0.0
0.0
0.0
0.0
0.0
0.0
0.0
0.0
0.0
0.0
0.0
0.0
0.0
0.179487179487
0.104166666667
0.0138888888889
0.0
0.0
0.0
0.0
0.0
0.0
0.0
0.0
0.0
0.0
0.0
0.0
0.0
0.0
0.0
0.0
0.0
0.0
0.0
0.0
0.235294117647
0.03125
0.101694915254
0.0327868852459
0.0
0.0
0.0
0.0
0.0
0.0
0.0
0.0
0.0
0.0
0.0
0.0
0.0
0.0
0.0
0.0
0.0
0.0
0.0
0.0
0.0
0.0
0.025641025641
0.180722891566
0.047619047619
0.0
0.0
0.0
0.0
0.0
0.0
0.0
0.0
0.0
0.0
0.0
0.0
0.0
0.0
0.0
0.0
0.0
0.0
0.0
0.0952380952381
0.166666666667
0.0952380952381
0.125
0.0
0.0
0.0
0.0
0.0
0.0
0.0
0.0
0.0
0.0
0.0330578512397
0.0
0.0
0.0
0.0
0.0
0.0
0.0
0.0
0.0
0.0
0.0
0.155555555556
0.0128205128205
0.07
0.0
0.0
0.0
0.0
0.0
0.0
0.0
0.0
0.0
0.0
0.0
0.0
0.0
0.0
0.0
0
0
0
0.0
0.0
0.25
0.0
0.0
0.0
0.0
0.0
0.0
0.0
0.0
0.0
0.0
0.0
0.0
0.0
0.0
0.0
0.0
0.0
0.0
0.0
0
0
0
0.0
0.0
0.117647058824
0.0555555555556
0.0
0.0
0.0
0.0454545454545
0.05
0.0
0.0
0.0
0.0
0.0
0.0
0.0
0.0
0.0
0.0
0.0
0.0
0.0
0.0
0.0
0.0
0.44
0.0
0.28125
0.0
0.0
0.0
0.0
0.0
0.0
0.0
0.0
0.0
0.0
0.0
0.0
0.0
0.0
0.0
0.0
0.0
0.0
0.0
0.0
0.0
0.142857142857
0.255813953488
0.0
0.0
0.0
0.0
0.0
0.0
0.0
0.0
0.0
0.0
0.0
0.0
0.0
0.0
0.0
0.0
0.0
0.0
0
0.0
0.0
0.0
0.487179487179
0.0
0.357142857143
0.0
0.0
0.0
0.0
0.0
0.0
0.0
0.0
0.0
0.0
0.0
0.0307692307692
0.0
0.0
0.0
0.0
0.0
0
0.0
0.0
0.352941176471
0.344827586207
0.121212121212
0.0869565217391
0.0208333333333
0.0135135135135
0.0
0.0
0.0
0.0
0.0
0.0
0.0
0.0
0.0
0.0
0.0
0.0
0.0
0.0
0.0
0.0
0.0
0.0
0.0
0.1
0.45652173913
0.295774647887
0.14
0.0238095238095
0.0
0.0
0.0
0.0
0.0
0.0
0.0
0.0
0.0
0.0
0.0
0.0
0.0
0.0
0
0.0
0.0
0
0.0
0.0
0.222222222222
0.333333333333
0.0
0.117647058824
0.0
0.0
0.0
0.0
0.0
0.0
0.0
0.0434782608696
0.0
0.0
0.0
0.0
0.0
0.0
0.0
0.0
0.0
0
0.0
0.0
0.0
0.173913043478
0.3
0.148148148148
0.138888888889
0.111111111111
0.108695652174
0.0
0.0
0.0
0.0363636363636
0.0862068965517
0.0172413793103
0.0422535211268
0.0
0.0
0.0
0.0
0.0
0.0
0.0
0.0
0.266666666667
0.3
0.0322580645161
0.295081967213
0.160714285714
0.0
0.0
0.0
0.0
0.0
0.0
0.0
0.0
0.0147058823529
0.139534883721
0.0140845070423
0.0
0.0
0.0
0.0
0.0
0.0
0.0
0.0
0.0
0.16
0.135135135135
0.0
0.2
0.0
0.0
0.0
0.0
0.0153846153846
0.0
0.0
0.0
0.0704225352113
0.368421052632
0.2
0.0
0.0
0.0
0.0
0.0
0.0
0.0
0.0
0.0
0.1
0.0
0.25
0.166666666667
0.0
0.0
0.0425531914894
0.0
0.0
0.0
0.0
0.0
0.0
0.0
0.0
0.0
0.0
0.0
0.0
0.0
0.0
0.0
0.0
0.111111111111
0.294117647059
0.317073170732
0.0
0.0
0.0
0.0
0.0
0.0
0.0
0.0
0.0
0.0
0.0
0.0
0.0
0.0
0.0
0.0
0.0
0.0
0.0
0.0
0.0
0.0
0.166666666667
0.0
0.0
0.0
0.0
0.0
0.0
0.0
0.0
0.0
0.0
0.0
0.0
0.0
0.0
0.0
0.0
0.0
0.0
0.0
0.0
0
0.0
0.0
0.0
0.0
0.0
0.0909090909091
0.0909090909091
0.0
0.0
0.352941176471
0.0
0.0
0.0
0.0
0.0
0.0
0.0
0.0
0.0
0.0
0.0
0.0
0.0
0
0.0
0.0
0.0
0.333333333333
0.0
0.176470588235
0.157894736842
0.0
0.146341463415
0.146341463415
0.0
0.0
0.0
0.238095238095
0.111111111111
0.0
0.0
0.0
0.0
0.0
0.0
0.0
0.0
0.0
0.0
0.0
0.533333333333
0.25
0.142857142857
0.0
0.0
0.0
0.0
0.0
0.0
0.0
0.0
0.0483870967742
0.0757575757576
0.0
0.0377358490566
0.0
0.0
0.0
0.0
0.0
0.0
0.0
0.0
0.181818181818
0.630434782609
0.105263157895
0.18
0.0
0.0
0.0
0.0
0.0483870967742
0.0
0.0
0.0
0.0
0.209302325581
0.204301075269
0.075
0.0
0.0
0.0
0.0
0.0
0.0
0.0
0
0.0
0.3
0.234042553191
0.220338983051
0.0508474576271
0.0
0.0
0.0
0.0
0.0
0.0
0.0
0.0
0.0
0.140625
0.0487804878049
0.0
0.0
0.0
0.0
0.0
0.0
0
0.0
0.0
0.454545454545
0.325
0.075
0.0
0.0
0.0
0.0
0.0
0.0
0.0
0.0
0.0
0.0
0.0
0.0
0.0
0.0
0.0
0.0
0.0
0.0
0
0.0
0.0
0.0769230769231
0.285714285714
0.0
0.0
0.0
0.129032258065
0.28125
0.0454545454545
0.0
0.0
0.0
0.0
0.0
0.0
0.0
0.0
0.0
0.0
0.0
0.0
0.0
0
0
0.0
0.0
0.0
0.0
0.0
0.0555555555556
0.272727272727
0.0666666666667
0.0909090909091
0.142857142857
0.166666666667
0.0
0.0
0.0
0.0
0.0
0.0
0.0
0.0
0.0
0.0
0
0.0
0.0
0.0
0.0
0.125
0.157894736842
0.142857142857
0.0714285714286
0.428571428571
0.0714285714286
0.285714285714
0.227272727273
0.0
0.0
0.161290322581
0.283018867925
0.0
0.0
0.0
0.0
0.0
0.0
0.0
0.0
0.0
0.0
0.0833333333333
0.157894736842
0.0416666666667
0.210526315789
0.0
0.0491803278689
0.134146341463
0.0
0.107142857143
0.0
0.0
0.0
0.139240506329
0.0697674418605
0.198113207547
0.0
0.0
0.0
0.0
0.0
0.0
0.0
0.0
0.0
0.0
0.414634146341
0.222222222222
0.203703703704
0.0
0.0
0.0
0.0
0.0
0.0
0.0
0.0
0.0
0.0849056603774
0.115702479339
0.0112359550562
0.0
0.0
0.0
0.0
0.0
0.0
0.0
0.0
0.0
0.333333333333
0.239130434783
0.0
0.0
0.0
0.0
0.0
0.0
0.0
0.0
0.0
0.0515463917526
0.205882352941
0.0428571428571
0.0
0.0
0.0
0.0
0.0
0.0
0.0
0.0
0.0
0.0833333333333
0.351351351351
0.41095890411
0.0689655172414
0.0
0.0
0.0
0.0
0.0
0.0
0.0
0.0
0.0
0.141176470588
0.0454545454545
0.0535714285714
0.0
0.0
0.0
0.0
0.0
0.0
0.0
0.0
0.0
0.315789473684
0.347826086957
0.36170212766
0.29203539823
0.15503875969
0.0725806451613
0.2
0.0
0.0
0.0
0.0
0.0
0.0
0.0
0.0
0.0
0.0
0.0
0.0
0.0
0.0
0
0.0
0.0
0.0
0.0
0.0
0.583333333333
0.0
0.0
0.0
0.0
0.037037037037
0.212121212121
0.0
0.0
0.0
0.0
0.0
0.0
0.0
0.0
0.0
0.0
0
0
0
0.0
0.166666666667
0.333333333333
0.25
0.222222222222
0.0
0.0263157894737
0.0789473684211
0.0731707317073
0.0576923076923
0.0192307692308
0.0
0.0
0.183333333333
0.0491803278689
0.0
0.0
0.0
0.0
0.0
0.0
0.0
0.0
0.0
0.272727272727
0.435897435897
0.297297297297
0.0
0.0338983050847
0.0
0.0
0.0288461538462
0.0
0.0133333333333
0.0
0.0
0.0
0.0434782608696
0.0
0.0
0.0
0.0
0.0
0.0
0.0
0.0
0.0
0.0
0.0
0.574468085106
0.375
0.0
0.0
0.0
0.0
0.0
0.0731707317073
0.0
0.0
0.0
0.0
0.0
0.0144927536232
0.1875
0.0
0.0
0.0
0.0
0.0
0.0
0.0
0.0
0.166666666667
0.3125
0.266666666667
0.1875
0.0
0.0
0.0
0.0
0.0
0.0
0.0166666666667
0.0
0.0
0.0454545454545
0.0166666666667
0.0
0.0
0.0
0.0
0.0
0.0
0.0
0.0
0.0
0.0
0.25
0.414285714286
0.0
0.0
0.0
0.0
0.0
0.0
0.0
0.0
0.0
0.0
0.0
0.0847457627119
0.0
0.0
0.0
0.0
0.0
0.0
0.0
0.0
0.0
0.0
0.0
0.282051282051
0.203125
0.0
0.0724637681159
0.0
0.0
0.0
0.0
0.0
0.0
0.0
0.0
0.0
0.0
0.0
0.0
0.0
0.0
0.0
0.0
0
0.0
0.0
0.0
0.133333333333
0.315789473684
0.114285714286
0.0
0.0
0.0
0.0
0.0
0.0
0.0
0.0
0.0
0.0
0.0384615384615
0.0
0.0
0.0
0.0
0.0
0.0
0.0
0.0
0
0.0
0.0909090909091
0.473684210526
0.227272727273
0.0
0.115384615385
0.0888888888889
0.214285714286
0.211538461538
0.0
0.0444444444444
0.122807017544
0.0961538461538
0.115384615385
0.0833333333333
0.0
0.0
0.0
0.0
0.0
0.0
0.0
0.0
0.0
0.192307692308
0.193548387097
0.0975609756098
0.0
0.114285714286
0.0
0.0
0.0
0.0
0.0
0.0253164556962
0.196078431373
0.0980392156863
0.196078431373
0.0
0.0
0.0
0.0
0.0
0.0
0.0
0.0
0.0
0.0
0.487804878049
0.568421052632
0.0
0.0
0.0
0.0
0.0
0.0
0.0
0.0
0.0
0.0
0.0
0.0172413793103
0.0
0.0
0.0
0.0
0.0
0.0
0.0
0.0
0.0
0.181818181818
0.0
0.147058823529
0.111111111111
0.0625
0.0
0.0
0.0425531914894
0.0
0.0
0.0
0.0
0.0
0.0526315789474
0.0
0.0
0.0
0.0
0.0
0.0
0.0
0.0
0.0
0.0
0.0
0.0
0.366666666667
0.229166666667
0.109090909091
0.0
0.0
0.0
0.0
0.0
0.0
0.0
0.0
0.298701298701
0.0
0.0
0.0
0.0
0.0
0.0
0.0
0.0
0.0
0.0
0.0
0.3
0.333333333333
0.266666666667
0.0
0.0
0.0
0.0
0.0571428571429
0.0
0.0
0.258064516129
0.0
0.0
0.0
0.0
0.0
0.0
0.0
0.0
0.0
0.0
0
0
0.0
0.0
0.111111111111
0.0
0.0
0.0
0.0
0.0588235294118
0.0
0.2
0.0
0.0
0.0
0.0
0.0
0.0
0.0
0.0
0.0
0.0
0
0.0
0.0
0.0
0.0
0.5
0.333333333333
0.0
0.0
0.272727272727
0.310344827586
0.30303030303
0.0512820512821
0.190476190476
0.0
0.0
0.254901960784
0.0
0.0
0.0
0.0
0.0
0.0
0.0
0.0
0.0
0.0
0.0
0.0
0.5
0.258064516129
0.188679245283
0.030303030303
0.0
0.0
0.0
0.0
0.0
0.0
0.0
0.15625
0.0357142857143
0.0
0.0
0.0
0.0
0.0
0.0
0.0
0.0
0.0
0.0
0.333333333333
0.661290322581
0.153846153846
0.146341463415
0.0
0.0
0.0
0.0
0.0
0.0
0.0
0.0
0.0
0.0
0.0754716981132
0.0
0.0
0.0
0.0
0.0
0.0
0.0
0.0
0.0
0.0
0.0
0.307692307692
0.411764705882
0.0
0.0
0.0
0.0
0.0
0.0
0.051724137931
0.0
0.0375
0.0886075949367
0.0133333333333
0.0
0.0
0.0
0.0
0.0
0.0
0.0
0.0
0.0
0.0
0.661764705882
0.328947368421
0.317647058824
0.0
0.0
0.0
0.0
0.0
0.0854700854701
0.0
0.0
0.0
0.0564516129032
0.214876033058
0.0
0.0
0.0
0.0
0.0
0.0
0.0
0.0
0.0
0.125
0.484848484848
0.381818181818
0.23595505618
0.261261261261
0.0703125
0.0686274509804
0.0
0.0
0.0
0.0
0.0
0.0
0.0
0.0
0.0
0.0
0.0
0.0
0.0
0.0
0.0
0.0
0.0
0.0
0.0
0.307692307692
0.25
0.34375
0.228571428571
0.0
0.0588235294118
0.0
0.0
0.0
0.0
0.0277777777778
0.0
0.0
0.0
0.0
0.0
0.0
0.0
0.0
0.0
0.0
0.0
0.0
0.3
0.0
0.0
0.347826086957
0.3125
0.147058823529
0.458333333333
0.0
0.0606060606061
0.0232558139535
0.191489361702
0.350877192982
0.125
0.0
0.0
0.0
0.0
0.0
0.0
0.0
0.0
0.0
0.1
0.5
0.217391304348
0.567567567568
0.19298245614
0.0
0.0
0.0
0.0
0.0
0.0
0.0
0.0
0.0
0.0
0.0
0.0
0.0
0.0
0.0
0.0
0.0
0.0
0.0
0.0
0.0714285714286
0.716417910448
0.245614035088
0.276923076923
0.0
0.0
0.0
0.0
0.189655172414
0.0
0.0
0.0
0.0
0.0
0.0
0.0
0.0
0.0
0.0
0.0
0.0
0.0
0.0
0.0
0.230769230769
0.277777777778
0.590909090909
0.0681818181818
0.153846153846
0.0
0.0
0.0
0.0740740740741
0.0
0.0
0.0
0.111111111111
0.3
0.2
0.0
0.0
0.0
0.0
0.0
0.0
0.0
0.0
0.0
0.263157894737
0.548387096774
0.308823529412
0.266666666667
0.0
0.0
0.0
0.0
0.173913043478
0.0
0.0
0.0
0.0
0.116279069767
0.0
0.0
0.0
0.0
0.0
0.0
0.0
0.0
0.0
0.0
0.0
0.235294117647
0.488888888889
0.31746031746
0.0
0.0
0.0
0.0
0.0
0.0
0.0
0.0
0.0
0.0
0.0
0.0
0.0
0.0
0.0
0.0
0.0
0
0.0
0
0.125
0.0
0.294117647059
0.125
0.037037037037
0.1
0.0
0.0
0.0
0.0
0.0
0.0
0.0
0.0
0.0
0.037037037037
0.0
0.0
0.0
0.0
0.0
0.0
0.0
0.0
0.0
0.0
0.407407407407
0.272727272727
0.192307692308
0.103448275862
0.183673469388
0.0
0.232142857143
0.0217391304348
0.12
0.0925925925926
0.0
0.0
0.0
0.0
0.0
0.0
0.0
0.0
0.0
0.0
0.0
0.0
0.0
0.0625
0.484848484848
0.305084745763
0.269230769231
0.04
0.0860215053763
0.0
0.0
0.0
0.0
0.0
0.0
0.0555555555556
0.0
0.0
0.0
0.0
0.0
0.0
0.0
0
0.0
0.0
0.363636363636
0.478260869565
0.106382978723
0.261538461538
0.0
0.0
0.0
0.0
0.0
0.0
0.0
0.0
0.0
0.0740740740741
0.0526315789474
0.0
0.0
0.0
0.0
0.0
0.0
0.0
0.0
0.0
0.0769230769231
0.625
0.131578947368
0.350877192982
0.0
0.0
0.0
0.0
0.0
0.0161290322581
0.0
0.0
0.0
0.0
0.150684931507
0.140845070423
0.0
0.0
0.0
0.0
0.0
0.0
0.0
0.0
0.0769230769231
0.318181818182
0.435897435897
0.342465753425
0.0701754385965
0.0
0.0
0.0
0.0
0.0
0.0
0.0
0.0204081632653
0.109243697479
0.0
0.0
0.0
0.0
0.0
0.0
0.0
0.0
0.0
0.0
0.0
0.44
0.230769230769
0.046511627907
0.236111111111
0.151515151515
0.177419354839
0.0434782608696
0.0
0.0
0.0
0.0
0.0
0.0
0.0
0.0
0.0
0.0
0.0
0.0
0.0
0.0
0
0.0
0.0
0.0
0.357142857143
0.0
0.111111111111
0.0
0.243243243243
0.0
0.0
0.0
0.0
0.0
0.0
0.0
0.0
0.0
0.0
0.0
0.0
0.0
0.0
0.0
0.0
0.0
0.0
0.0
0.210526315789
0.37037037037
0.0740740740741
0.0333333333333
0.170731707317
0.0
0.12
0.0357142857143
0.0
0.0
0.0
0.0
0.0
0.0
0.0
0.0
0.0
0.0
0.0
0.0
0.0
0.0
0.25
0.473684210526
0.166666666667
0.0
0.0980392156863
0.15
0.0
0.0
0.0
0.0
0.0
0.0
0.0
0.0
0.0
0.0
0.0
0.0
0.0
0.0
0.0
0.0
0.0
0.0
0.111111111111
0.558823529412
0.1
0.254237288136
0.0
0.0
0.0
0.0
0.0
0.0
0.0
0.0
0.0
0.0
0.130434782609
0.111111111111
0.0
0.0
0.0
0.0
0.0
0
0.0
0.0
0.0
0.272727272727
0.157894736842
0.206896551724
0.0714285714286
0.0
0.321428571429
0.0
0.0322580645161
0.0
0.0
0.0
0.0
0.0
0.0
0.0
0.0
0.0
0.0
0.0
0.0
0.0
0
0.0
0.0
0.181818181818
0.166666666667
0.166666666667
0.333333333333
0.0
0.0
0.0
0.0
0.0
0.0
0.0
0.166666666667
0.0
0.142857142857
0.133333333333
0.0
0.0
0.0
0.0
0.0
0.0
0.0
0.0
0.0
0.0
0.0
0.533333333333
0.25
0.0
0.0
0.08
0.290322580645
0.0
0.0
0.0
0.25
0.2
0.0
0.0
0.0
0.0
0.0
0.0
0.0
0.0
0.0
0.0
0.0
0.6
0.391304347826
0.181818181818
0.0
0.24
0.321428571429
0.037037037037
0.324324324324
0.15625
0.0384615384615
0.0
0.0
0.0
0.0740740740741
0.318181818182
0.0
0.0
0.0
0.0
0.0
0.0
0.0
0.0
0.0
0.125
0.588235294118
0.48
0.214285714286
0.346153846154
0.361111111111
0.0555555555556
0.0434782608696
0.166666666667
0.272727272727
0.05
0.189189189189
0.150943396226
0.0677966101695
0.0
0.0
0.0
0.0
0.0
0.0
0.0
0.0
0.0
0.333333333333
0.487179487179
0.142857142857
0.0697674418605
0.126984126984
0.0
0.0
0.0
0.117647058824
0.0545454545455
0.0
0.0
0.0
0.0
0.0
0.0
0.0
0.0
0.0
0.0
0.0
0.0
0.0
0.0
0.190476190476
0.583333333333
0.228571428571
0.177777777778
0.0980392156863
0.0
0.0
0.030303030303
0.0757575757576
0.129032258065
0.0
0.0909090909091
0.308641975309
0.319444444444
0.0348837209302
0.0
0.0
0.0
0.0
0.0
0.0
0.0
0.0
0.0
0.333333333333
0.484848484848
0.4
0.431818181818
0.0555555555556
0.185714285714
0.157894736842
0.106060606061
0.0909090909091
0.118644067797
0.0
0.0
0.188235294118
0.0602409638554
0.0
0.0
0.0
0.0
0.0
0.0
0.0
0.0
0.0
0.0
0.294117647059
0.48275862069
0.403846153846
0.290909090909
0.015625
0.0727272727273
0.0
0.0
0.0
0.0
0.0
0.188235294118
0.277227722772
0.0
0.0
0.0
0.0
0.0
0.0
0.0
0.0
0.0
0.0
0.0
0.3
0.641025641026
0.515625
0.134615384615
0.0655737704918
0.169491525424
0.0
0.177215189873
0.104651162791
0.125
0.0735294117647
0.0
0.0
0.0
0.0
0.0
0.0
0.0
0.0
0.0
0.0
0
0.0
0.0
0.0
0.571428571429
0.538461538462
0.45
0.05
0.0
0.0
0.0
0.0
0.0
0.0
0.266666666667
0.0
0.210526315789
0.0
0.0
0.0
0.0
0.0
0.0
0.0
0.0
0.0
0.0
0.3
0.571428571429
0.333333333333
0.421052631579
0.173913043478
0.448275862069
0.428571428571
0.0344827586207
0.0
0.0
0.125
0.257142857143
0.382352941176
0.0606060606061
0.0714285714286
0.0
0.0
0.0
0.0
0.0
0.0
0.0
0.0
0.0
0.608695652174
0.235294117647
0.166666666667
0.0833333333333
0.0
0.0
0.0
0.0
0.0
0.0
0.0
0.0
0.0
0.0
0.0
0.0
0.0
0.0
0.0
0.0
0.0
0.0
0.0
0.0
0.125
0.357142857143
0.458333333333
0.259259259259
0.142857142857
0.0
0.0
0.0
0.0
0.0
0.0
0.0
0.0
0.0769230769231
0.227272727273
0.0
0.0
0.0
0.0
0.0
0.0
0.0
0.0
0.0
0.0
0.117647058824
0.0
0.117647058824
0.1
0.0
0.0
0.0
0.0
0.0
0.0
0.0
0.0
0.0
0.0
0.0
0.0
0.0
0.0
0.0
0
0.0
0.0
0.0
0.25
0.5
0.222222222222
0.285714285714
0.0
0.0833333333333
0.0
0.192307692308
0.0
0.0
0.0
0.0
0.0
0.0
0.0
0.0
0.0
0.0
0.0
0.0
0.0
0.0
0.0
0.0
0.111111111111
0.0
0.0625
0.0909090909091
0.0
0.0
0.0
0.0
0.0
0.0
0.0
0.0
0.0
0.375
0.0
0.0
0.0
0.0
0.0
0.0
0.0
0
0
0.0
0.0
0.0
0.0
0.555555555556
0.307692307692
0.2
0.0
0.0
0.0
0.0
0.0
0.0
0.0
0.0
0.0
0.0
0.0
0.0
0.0
0.0
0
0
0
0.0
0.0
0.0
0.0
0.0
0.0
0.0
0.0
0.153846153846
0.0
0.0
0.0
0.0
0.15
0.0
0.0
0.0
0.0
0.0
0.0
0.0
0.0
0.0
0.0
0.0
0.2
0.6
0.0
0.0
0.0
0.0
0.0
0.363636363636
0.0
0.0
0.0
0.0
0.142857142857
0.0
0.0
0.0
0.0
0.0
0.0
0
0
0.0
0.0
0.0
0.333333333333
0.0909090909091
0.25
0.428571428571
0.0
0.0
0.0
0.0
0.0
0.0
0.0
0.0
0.0
0.0
0.0
0.0
0.0
0.0
0.0
0
0.0
0.0
0
0.0
0.0
0.0
0.0
0.0
0.333333333333
0.0
0.0
0.0
0.0
0.0
0.0
0.0
0.0
0.0
0.0
0.0
0.0
0.0
0.0
0
0
0.0
0.0
0.0
0.0
0.416666666667
0.222222222222
0.0
0.0
0.0
0.0
0.0
0.0
0.0
0.0
0.0
0.0
0.0
0.0
0.0
0.0
0.0
0.0
0
0.0
0
0
0.911111111111
0.2
0.122448979592
0.0
0.0
0.0
0.0
0.0
0.0
0.0
0.0
0.0
0.0
0.0
0.0
0.0
0.0
0.0
0.0
0.0
0
0
0
0
0
0
1.0
0.4
0.0
0.0
0.0
0.0
0.0
0.0
0.0
0.0
0.0
0.0
0.0
0.0
0
0.0
0.0
0.0
0
0
0.0
0
0
0.0
0.0
0.0
0.0
0.0
0.0
0.0
0.0
0.166666666667
0.0
0.0
0.0
0.0
0.0
0.0
0.0
0.0
0
0
0.0
0.0
0
0
0.0
0
0.6
0.333333333333
0.0
0.0
0.0
0.0
0.0
0.0
0.0
0.0
0.0
0.0
0.0
0
0.0
0
0.0
0
0
0
0
0
1.0
0
0.0
0.25
0.0
0.0
0.0
0.0
0.0
0.0
0.0
0.0
0.0
0.0
0.0
0
0.0
0
0.0
0.0
0.0
0
0
0.0
0
0.0
0.0
0.0
0.333333333333
0.0
0.0
0.0
0.0
0
0.0
0.0
0
0.0
0.0
0.0
0
0
0.0
0.0
0.0
0
0.0
0.0
0
0
0.0
0.0
0.0
0.0
0.166666666667
0
0.0
0.0
0.0
0.0
0.0
0.25
0
0.0
0.0
0.0
0
0.0
0
0
0
0
0
0
0
1.0
1.0
0.0
0.0
0
0.0
0.0
0.0
0.0
0.0
0.0
0.0
0.0
0.0
0.0
0.0
0.0
0.0
0
0
0
0
0
1.0
0.0
0.0
0.0
0
0.0
0.0
0.0
0.0
0.0
0.0
0
0.0
0
0
0.0
0.0
0
0
0.0
0.0
0
0.0
0
0.0
0.0
0
0.0
0.25
0.0
0
0.0
0.0
0.0
0.0
0.0
0.0
0.0
0
0.0
0
0.0
0
0.0
0.0
0
0
0.0
0.0
0.0
0.0
0.0
0.0
0.0
0.0
0.0
0.0
0.0
0.0
0.0
0.0
0.0
0
0.0
0
0.0
0
0
0.0
0
0
0
0.0
0.0
0.0
0.0
0.0
0.0
0.0
0.0
0
0.0
0.0
0.0
0.0
0.0
0
0.0
0
0
0
0.0
0
0
0.0
0.0
0.0
0.0
0.0
0.0
0.0
0.0
0.0
0
0.0
0.0
0.0
0.0
0.0
0.0
0.0
0.0
0.0
0.0
0
0
0.0
0.0
0
0
0
0.0
0.0
0.0
0.0
0.0
0.0
0.0
0.0
0.0
0.0
0.0
0.0
0.0
0
0.0
0.0
0.0
0
0.0
0
0
0.0
0
0.0
0.0
0.0
0.0
0.0
0.0
0.0
0.0
0.0
0.0
0.0
0.0
0.0
0.0
0.0
0.0
0.0
0
0
0
0
0
1.0
1.0
0.0
0.0
0.0
0.0
0.0
0.0
0.0
0.0
0
0.0
0.0
0.0
0.0
0.0
0
0.0
0.0
0
0
0.0
0.0
0
0
0
0.0
0.0
0.0
0.0
0.285714285714
0.0
0.0
0.0
0.0
0.0
0.0
0.0
0.0
0.0
0.0
0
0.0
0
0
0
0
0
0
1.0
0.2
0.0
0.333333333333
0.0
0.0
0.0
0.0
0.0
0.0
0.0
0.0
0.0
0.0
0.0
0.0
0.0
0.0
0
0.0
0
0
0
0
1.0
0.636363636364
0.478260869565
0.0
0.0
0.0
0.0
0.0
0.0
0.0
0.0
0.0
0.0
0.0
0.0
0.0
0.0
0.0
0.0
0
0
0.0
0
0.0
0.166666666667
0.25
0.592592592593
0.3
0.0
0.0
0.0
0.0
0.0
0.0
0.0
0.0
0.0
0.0
0.0
0.0
0.0
0.0
0
0
0
0
0
1.0
0.714285714286
0.3
0.558823529412
0.0
0.0
0.0
0.0
0.0
0.0
0.0
0.0
0.0
0.0
0.0
0.0
0.0
0.0
0.0
0
0
0
0.0
0.0
0.0
0.0
0.153846153846
0.375
0.585365853659
0.0
0.0
0.0
0.0
0.0
0.0
0.0
0.0
0.0
0.0
0.0
0.0
0.0
0.0
0.0
0
0
0
0.0
0.0
0.333333333333
0.0
0.0
0.0
0.0
0.0
0.142857142857
0.0
0.0
0.0
0.0
0.0
0.0
0.0
0.0
0.0
0.0
0.0
0
0
0
0
0
0
1.0
0.857142857143
0.0
0.0
0.1875
0.578947368421
0.0
0.0
0.0
0.0
0.0
0.0
0.0
0.0
0.0
0.0
0.0
0.0
0
0.0
0.0
0
0.0
0.0
0.111111111111
0.48
0.628571428571
0.0
0.0
0.0
0.0
0.0
0.0
0.0
0.0
0.0
0.0
0.0
0.0
0.0
0.0
0.0
0
0
0
0.0
0
0.166666666667
0.0
0.851851851852
0.0909090909091
0.0
0.0
0.0
0.0
0.0
0.0
0.0
0.238095238095
0.0
0.0
0.0
0.0
0.0
0.0
0.0
0.0
0
0.0
0
0.0
0.0
0.454545454545
0.756756756757
0.578125
0.0508474576271
0.0
0.0
0.0
0.0
0.0
0.0
0.0
0.0
0.0
0.0
0.0
0.0
0.0
0.0
0.0
0.0
0.0
0.0
0.0
0.0
0.84
0.873563218391
0.0185185185185
0.26
0.0
0.0
0.0
0.0
0.0
0.0
0.0
0.0
0.0
0.0
0.0
0.0
0.0
0.0
0.0
0.0
0.0
0.0
0.0
0.0
0.315789473684
0.44
0.56
0.590361445783
0.0
0.0
0.0
0.0
0.0
0.0
0.0
0.0
0.0
0.0
0.0
0.0
0.0
0.0
0.0
0.0
0.0
0.0
0
0.0
0.166666666667
0.0
0.272727272727
0.466666666667
0.0
0.0
0.266666666667
0.0869565217391
0.0384615384615
0.0588235294118
0.0
0.0
0.0
0.0
0.0
0.0
0.0
0.0
0.0
0.0
0.0
0
0.0
0.0
0.0
0.3
0.588235294118
0.411764705882
0.304347826087
0.210526315789
0.147058823529
0.0
0.0
0.0
0.0
0.0
0.0
0.0
0.0
0.0
0.0
0.0
0.0
0
0
0.0
0.0
0.0
0.0
0.666666666667
0.315789473684
0.4
0.0
0.30612244898
0.09375
0.0
0.0
0.0
0.0
0.0
0.0
0.0588235294118
0.0882352941176
0.0
0.0
0.0
0.0
0.0
0.0
0.0
0.0
0.0
0.307692307692
0.263157894737
0.481481481481
0.117647058824
0.0
0.0
0.162162162162
0.225
0.209302325581
0.133333333333
0.0
0.206896551724
0.0454545454545
0.0
0.0
0.0
0.0
0.0
0.0
0.0
0
0
0.0
0.0
0.384615384615
0.52380952381
0.45
0.0
0.263157894737
0.0
0.32183908046
0.0769230769231
0.0
0.0
0.0
0.0
0.108910891089
0.0121951219512
0.0
0.0
0.0
0.0
0.0
0.0
0.0
0.0
0.0
0.307692307692
0.555555555556
0.714285714286
0.266666666667
0.0
0.0172413793103
0.301587301587
0.0
0.0
0.0181818181818
0.0
0.0
0.0
0.0
0.0
0.0
0.0
0.0
0.0
0.0
0
0.0
0.0
0.0
0.0
0.352941176471
0.222222222222
0.552631578947
0.524590163934
0.0
0.109375
0.136842105263
0.0909090909091
0.0
0.0
0.0
0.0
0.0
0.0
0.0
0.0
0.0
0.0
0.0
0.0
0
0.0
0.0
0.0
0.0
0.333333333333
0.181818181818
0.0
0.0
0.0
0.52
0.0
0.0
0.0
0.0
0.0
0.0
0.0
0.0
0.0
0.0
0.0
0
0.0
0
0
0
0.0
0.0
0.363636363636
0.5
0.333333333333
0.35
0.551724137931
0.0
0.0625
0.0
0.0
0.0
0.0652173913043
0.0769230769231
0.0
0.0
0.0
0.0
0.0
0.0
0.0
0.0
0.0
0.0
0.0
0.111111111111
0.555555555556
0.72380952381
0.0
0.0
0.0
0.0
0.0
0.0
0.0
0.0
0.0
0.0
0.147540983607
0.0
0.0
0.0
0.0
0.0
0.0
0.0
0.0
0.0
0.6
0.782608695652
0.521739130435
0.0810810810811
0.0
0.0
0.0
0.0
0.0377358490566
0.0
0.0
0.0
0.0
0.0
0.0833333333333
0.0192307692308
0.0
0.0
0.0
0.0
0.0
0.0
0.0
0.0
0
0.142857142857
0.538461538462
0.712328767123
0.0
0.0
0.0
0.0
0.0
0.0188679245283
0.0
0.0
0.0
0.0
0.0
0.0
0.0
0.0
0.0
0.0
0.0
0.0
0
0.0
0.214285714286
0.851063829787
0.386363636364
0.333333333333
0.206896551724
0.0
0.0
0.0
0.0
0.0
0.0
0.0
0.0
0.0851063829787
0.0897435897436
0.0
0.0
0.0
0.0
0.0
0.0
0
0.0
0.0
0.0
0.111111111111
0.529411764706
0.454545454545
0.0666666666667
0.0
0.0
0.157894736842
0.0
0.0
0.0
0.0
0.0
0.0
0.0
0.0
0.0
0.0
0.0
0
0
0.0
0
0.0
0.0
0.0
0.615384615385
0.428571428571
0.176470588235
0.315789473684
0.0
0.0454545454545
0.15
0.0
0.0
0.0
0.0
0.0
0.0
0.0
0.0
0.0
0.0
0.0
0.0
0.0
0.0
0.0
0.0
0.142857142857
0.714285714286
0.588235294118
0.1875
0.333333333333
0.173913043478
0.08
0.0
0.0
0.0
0.0
0.0
0.0
0.0
0.0
0.0
0.0
0.0
0.0
0.0
0.0
0.0
0.0
0.0
0.4
0.727272727273
0.294117647059
0.181818181818
0.0
0.0
0.0
0.0
0.0
0.0
0.0
0.0
0.0
0.0
0.0
0.0
0.0
0.0
0.0
0.0
0.0
0.0
0.0
0.666666666667
0.818181818182
0.333333333333
0.162790697674
0.157894736842
0.0
0.0
0.0
0.0
0.0
0.0
0.0
0.0
0.0
0.0
0.0
0.0
0.0
0.0
0.0
0
0.0
0.0
0
0.0
0.72972972973
0.519230769231
0.382978723404
0.126984126984
0.0
0.0
0.0
0.0
0.0
0.0
0.0
0.0
0.166666666667
0.0
0.0
0.0
0.0
0.0
0.0
0.0
0.0
0.0
0.0
0.0
0.681818181818
0.783333333333
0.204545454545
0.0
0.0126582278481
0.0
0.0
0.0
0.0
0.0
0.0
0.0
0.0
0.0
0.0
0.0
0.0
0.0
0.0
0.0
0.0
0.0
0.0
0.0
0.451612903226
0.478260869565
0.354166666667
0.347826086957
0.0
0.0
0.0
0.0
0.0
0.0
0.0
0.0
0.0
0.0
0.0
0.0
0.0
0.0
0.0
0
0
0
0.0
0.333333333333
0.333333333333
0.636363636364
0.235294117647
0.0
0.0
0.105263157895
0.0
0.235294117647
0.0
0.0
0.0
0.0
0.0
0.0
0.0
0.0
0.0
0.0
0.0
0.0
0.0
0.0
0.0
0.0
0.0
0.0
0.333333333333
0.428571428571
0.35
0.047619047619
0.206896551724
0.0333333333333
0.294117647059
0.0
0.0
0.0
0.255319148936
0.0
0.0
0.0
0.0
0.0
0.0
0.0
0.0
0
0
0.0
0.681818181818
0.65625
0.512820512821
0.0
0.0
0.0
0.0
0.0217391304348
0.153846153846
0.0
0.0
0.0
0.179487179487
0.02
0.0
0.0
0.0
0.0
0.0
0.0
0.0
0.0
0.0
0.538461538462
0.52380952381
0.193548387097
0.131578947368
0.19512195122
0.184615384615
0.0789473684211
0.0166666666667
0.12
0.0
0.0
0.0
0.136363636364
0.174603174603
0.02
0.0
0.0
0.0
0.0
0.0
0.0
0.0
0.0
0.0
0.0
0.111111111111
0.702127659574
0.709677419355
0.0
0.0444444444444
0.0
0.0
0.0
0.0
0.0
0.145454545455
0.12962962963
0.0
0.0
0.0
0.0
0.0
0.0
0.0
0.0
0.0
0.0
0.0
0.428571428571
0.860465116279
0.5
0.0625
0.127659574468
0.0
0.0
0.0
0.0
0.0
0.0
0.0
0.0
0.151515151515
0.161290322581
0.0
0.0
0.0
0.0
0.0
0.0
0.0
0.0
0.0
0.0
0.5625
0.483870967742
0.561403508772
0.423076923077
0.234042553191
0.0
0.0
0.0
0.0
0.0
0.0
0.0
0.0
0.0
0.0
0.0
0.0
0.0
0
0.0
0
0
0.0
0.0
0.0
0.0
0.538461538462
0.285714285714
0.0666666666667
0.0
0.0
0.0
0.0
0.0
0.0
0.0
0.0
0.0
0.0
0.0
0.0
0.0
0
0.0
0.0
0.0
0.0
0.0
0.0
0.375
0.470588235294
0.714285714286
0.230769230769
0.136363636364
0.0
0.0
0.285714285714
0.0
0.0
0.0
0.125
0.0
0.0
0.0
0.0
0.0
0.0
0.0
0
0.0
0.0
0.357142857143
0.4
0.565217391304
0.45
0.108695652174
0.0
0.0
0.0
0.0178571428571
0.2
0.0
0.0
0.0454545454545
0.0597014925373
0.0384615384615
0.0
0.0
0.0
0.0
0.0
0.0
0
0.0
0.0
0.277777777778
0.666666666667
0.259259259259
0.133333333333
0.0606060606061
0.0
0.0
0.0
0.102040816327
0.0
0.0
0.0
0.0
0.0147058823529
0.0181818181818
0.0
0.0
0.0
0.0
0.0
0.0
0.0
0.0
0.0
0.142857142857
0.653846153846
0.368421052632
0.285714285714
0.139534883721
0.0408163265306
0.0
0.0
0.0
0.0
0.0
0.0
0.0
0.0
0.222222222222
0.05
0.0
0.0
0.0
0.0
0.0
0.0
0.0
0.0
0.3125
0.727272727273
0.351351351351
0.325581395349
0.0731707317073
0.0
0.0
0.0
0.015873015873
0.0
0.0
0.0
0.182926829268
0.222222222222
0.0
0.0192307692308
0.0
0.0
0.0
0
0
0.0
0
0.0
0.0
0.692307692308
0.806451612903
0.627118644068
0.210526315789
0.111111111111
0.132352941176
0.292682926829
0.2
0.0
0.0
0.0
0.0
0.0
0.0
0.0
0.0
0.0
0.0
0.0
0
0.0
0.0
0
0.0
0.333333333333
0.625
0.772727272727
0.214285714286
0.0
0.0
0.260869565217
0.05
0.0666666666667
0.047619047619
0.0
0.0
0.0
0.0
0.0
0.0
0.0
0.0
0.0
0.0
0.0
0.0
0.0
0.0
0.25
0.533333333333
0.5
0.3
0.24
0.545454545455
0.431818181818
0.0833333333333
0.142857142857
0.0
0.0
0.216216216216
0.1
0.0
0.0731707317073
0.0
0.0
0.0
0.0
0.0
0.0
0.0
0
0.0
0.357142857143
0.783783783784
0.6
0.346153846154
0.142857142857
0.0263157894737
0.0540540540541
0.0
0.234042553191
0.0
0.0
0.0
0.318181818182
0.180327868852
0.0
0.0
0.0
0.0
0.0
0.0
0.0
0.0
0.0
0.0
0.863636363636
0.424242424242
0.172413793103
0.25
0.0
0.0
0.0833333333333
0.0
0.0
0.0
0.0
0.0
0.509433962264
0.0816326530612
0.116279069767
0.0
0.0
0.0
0.0
0.0
0
0.0
0.0
0.0
0.736842105263
0.321428571429
0.366666666667
0.131578947368
0.135135135135
0.211538461538
0.0487804878049
0.0
0.0
0.0
0.0
0.396551724138
0.421052631579
0.0425531914894
0.0983606557377
0.0975609756098
0.0
0.0
0.0
0.0
0.0
0.0
0.0
0.0
0.666666666667
0.636363636364
0.0882352941176
0.0
0.0454545454545
0.0
0.0
0.0
0.0
0.0
0.0
0.0566037735849
0.127272727273
0.0333333333333
0.0
0.0
0.0
0.0
0.0
0.0
0.0
0.0
0.0
0.0
0.318181818182
0.7
0.653846153846
0.294117647059
0.195652173913
0.0
0.0540540540541
0.0
0.0
0.0
0.0
0.0
0.0
0.0
0.0
0.0
0.0
0.0
0.0
0.0
0
0.0
0.0
0.6
0.25
0.571428571429
0.428571428571
0.5
0.434782608696
0.454545454545
0.227272727273
0.0
0.12
0.0
0.0
0.130434782609
0.0
0.0
0.0
0.0
0.0
0.0
0.0
0.0
0.0
0.0
0.0
0.571428571429
0.6
0.0
0.529411764706
0.421052631579
0.0
0.32
0.461538461538
0.363636363636
0.114285714286
0.51724137931
0.0606060606061
0.0
0.272727272727
0.0
0.0
0.0
0.0
0.0
0.0
0.0
0.0
0.0
0.0
0.5
0.5
0.444444444444
0.230769230769
0.464285714286
0.368421052632
0.08
0.0
0.181818181818
0.0
0.192307692308
0.161290322581
0.115384615385
0.0
0.0
0.0
0.0
0.0
0.0
0.0
0
0
0.0
0.0
0.4
0.5625
0.153846153846
0.521739130435
0.0
0.0
0.166666666667
0.2
0.05
0.0
0.0
0.0
0.0
0.441176470588
0.434782608696
0.0909090909091
0.0
0.0
0
0.0
0
0.0
0.0
0.2
0.0
0.285714285714
0.555555555556
0.166666666667
0.105263157895
0.214285714286
0.117647058824
0.0
0.0
0.0
0.0
0.266666666667
0.0952380952381
0.0
0.0
0.0
0.0
0.0
0.0
0.0
0.0
0.0
0.0
0.0
0.0
0.1
0.555555555556
0.375
0.0
0.151515151515
0.037037037037
0.0606060606061
0.047619047619
0.0
0.0
0.0
0.0
0.181818181818
0.0416666666667
0.0
0.0
0.0
0.0
0.0
0.0
0.0
0.0
0.0
0.285714285714
0.5
0.142857142857
0.3
0.238095238095
0.0
0.0
0.12
0.05
0.0
0.0
0.0
0.0
0.0
0.0
0.0
0.0
0.0
0.0
0.0
0.0
0
0
0
0.0
0.5
0.428571428571
0.8
0.125
0.222222222222
0.0
0.0
0.0
0.0625
0.0
0.0
0.0
0.0
0.0
0.0
0.0
0.0
0.0
0
0.0
0
0.0
0
0.0
0.0
0.6
0.6
0.166666666667
0.1
0.4375
0.0
0.0
0.157894736842
0.0
0.0
0.0
0.5
0.0
0.0
0.0
0.0
0.0
0.0
0
0.0
0
0.0
0.0
0.666666666667
0.735294117647
0.3125
0.0
0.222222222222
0.0645161290323
0.0
0.0
0.0
0.0
0.0
0.102040816327
0.163265306122
0.0408163265306
0.0
0.0
0.0
0.0
0.0
0
0.0
0.0
0.0
0.0
0.3
0.444444444444
0.307692307692
0.515625
0.36170212766
0.0
0.0
0.0
0.0
0.0
0.0666666666667
0.225806451613
0.0897435897436
0.243902439024
0.0
0.0
0.0
0.0
0.0
0.0
0.0
0.0
0.0
0.0
0.538461538462
0.698113207547
0.375
0.0
0.0
0.0
0.137254901961
0.382978723404
0.244897959184
0.175438596491
0.115384615385
0.102941176471
0.5390625
0.242857142857
0.0
0.0
0.0
0.0
0.0
0.0
0.0
0.0
0.0
0.0
0.860465116279
0.581395348837
0.162790697674
0.0
0.0338983050847
0.0344827586207
0.0975609756098
0.0
0.119047619048
0.0
0.15
0.266666666667
0.164705882353
0.0759493670886
0.0
0.0
0.0
0.0
0.0
0.0
0.0
0.0
0.0
0.0
0.222222222222
0.565217391304
0.703703703704
0.553191489362
0.280701754386
0.134615384615
0.358024691358
0.164179104478
0.0
0.0
0.0
0.0
0.0483870967742
0.0238095238095
0.0
0.0
0.0
0.0
0.0
0.0
0.0
0.0
0
0.142857142857
0.333333333333
0.8
0.375
0.428571428571
0.375
0.12
0.047619047619
0.0833333333333
0.227272727273
0.0
0.0
0.0
0.0
0.0
0.0
0.0
0.0
0.0
0.0
0.0
0
0.0
0.0
0.0
0.428571428571
0.571428571429
0.357142857143
0.333333333333
0.5
0.135135135135
0.379310344828
0.255813953488
0.333333333333
0.125
0.0714285714286
0.311111111111
0.142857142857
0.183673469388
0.0
0.0
0.0
0.0
0.0
0.0
0.0
0.0
0.0
0.166666666667
0.5625
0.5
0.516129032258
0.1875
0.266666666667
0.108695652174
0.0
0.0
0.0
0.0
0.0
0.0625
0.16
0.214285714286
0.0714285714286
0.0
0.0
0.0
0.0
0.0
0.0
0.0
0
0.0
0.214285714286
0.52380952381
0.28
0.394736842105
0.375
0.0769230769231
0.0
0.0392156862745
0.148936170213
0.0
0.0
0.0
0.117647058824
0.15
0.0454545454545
0.0
0.0
0.0
0.0
0.0
0.0
0.0
0.0
0.0909090909091
0.481481481481
0.815789473684
0.388888888889
0.0
0.0555555555556
0.0
0.0384615384615
0.175
0.0645161290323
0.0
0.0
0.025641025641
0.22641509434
0.428571428571
0.0882352941176
0.0
0.0
0.0
0.0
0.0
0.0
0.0
0.0
0.0
0.2
0.833333333333
0.571428571429
0.0
0.0
0.0
0.148148148148
0.151515151515
0.0
0.0
0.0
0.0
0.539682539683
0.196428571429
0.0
0.0
0.0
0.0
0.0
0.0
0
0.0
0.0
0.0
0.333333333333
0.41935483871
0.483870967742
0.105263157895
0.26
0.172413793103
0.266666666667
0.0526315789474
0.0
0.0
0.0
0.0
0.0181818181818
0.228571428571
0.0
0.0
0.0
0.0
0.0
0.0
0
0.0
0
0.0
0.285714285714
0.714285714286
0.631578947368
0.5
0.103448275862
0.153846153846
0.208333333333
0.0
0.0
0.16
0.0
0.0
0.105263157895
0.0
0.111111111111
0.0
0.166666666667
0.0
0.0
0.0
0
0.0
0.0
0.166666666667
0.2
0.47619047619
0.25
0.235294117647
0.461538461538
0.0
0.368421052632
0.444444444444
0.25
0.0645161290323
0.0
0.0
0.166666666667
0.25
0.205882352941
0.0
0.0
0.0
0.0
0.0
0.0
0.0
0.0
0.166666666667
0.444444444444
0.756097560976
0.413793103448
0.34693877551
0.25641025641
0.0
0.0
0.0
0.0
0.0
0.0
0.125
0.193548387097
0.283783783784
0.318181818182
0.0
0.0
0.0
0.0
0.0
0.0
0.0
0.0
0.0
0.75
0.627906976744
0.45652173913
0.44
0.189655172414
0.0377358490566
0.229508196721
0.148936170213
0.0
0.0
0.0
0.22641509434
0.2
0.371428571429
0.0
0.0
0.0
0.0
0.0
0.0
0.0
0.0
0.0
0.0
0.388888888889
0.636363636364
0.584905660377
0.357142857143
0.0
0.0
0.0181818181818
0.027027027027
0.0
0.0
0.0
0.269841269841
0.348484848485
0.0625
0.0
0.0
0.0
0.0
0.0
0.0
0.0
0.0
0.0
0.352941176471
0.285714285714
0.706896551724
0.322580645161
0.375
0.155555555556
0.0
0.0
0.0294117647059
0.0
0.0
0.267857142857
0.395833333333
0.0
0.0
0.0
0.0
0.0
0.0
0.0
0.0
0.0
0.0
0.0
0.0
0.0
0.444444444444
0.590909090909
0.516129032258
0.208333333333
0.0
0.0
0.0
0.0
0.0
0.0
0.0
0.0
0.0
0.0
0.0
0.0
0.0
0.0
0.0
0.0
0
0.0
0.0
0.333333333333
0.958333333333
0.166666666667
0.0
0.315789473684
0.217391304348
0.0
0.208333333333
0.0
0.0
0.0
0.0
0.0
0.0
0.0
0.0
0.0
0.0
0.0
0.0
0
0.0
0.0
0.0
0.0
0.615384615385
0.416666666667
0.5
0.0952380952381
0.588235294118
0.0
0.222222222222
0.44
0.1
0.0333333333333
0.0909090909091
0.333333333333
0.190476190476
0.0512820512821
0.0
0.0
0.0
0.0
0.0
0.0
0.0
0.0
0.0
0.363636363636
0.717948717949
0.536585365854
0.117647058824
0.0
0.0
0.0
0.0
0.0
0.0
0.0714285714286
0.104166666667
0.467741935484
0.163636363636
0.0512820512821
0.0
0.0
0.0
0.0
0.0
0.0
0.0
0.0
0.0
0.681818181818
0.739130434783
0.282051282051
0.0
0.0
0.0666666666667
0.25
0.113636363636
0.0
0.0
0.0
0.214285714286
0.145833333333
0.309090909091
0.0526315789474
0.0
0.0
0.0
0.0
0.0
0.0
0.0
0.0
0.0
0.617647058824
0.641509433962
0.416666666667
0.0
0.0
0.0
0.0
0.0
0.0
0.0
0.0
0.148936170213
0.444444444444
0.117647058824
0.0
0.0
0.0
0.0
0.0
0.0
0.0
0.0
0.0
0.0
0.627450980392
0.612244897959
0.177777777778
0.193548387097
0.0
0.0
0.0892857142857
0.0
0.0
0.0
0.0
0.150943396226
0.353846153846
0.0
0.0
0.0
0.0
0.0
0.0
0.0
0
0
0.0
0.0
0.625
0.68
0.354838709677
0.307692307692
0.219512195122
0.156862745098
0.138461538462
0.114754098361
0.0
0.0
0.0
0.0
0.0
0.0689655172414
0.0
0.0
0.0
0.0
0.0
0
0.0
0.0
0.0
0.2
0.5625
0.8
0.333333333333
0.0
0.0
0.0
0.0
0.0
0.0
0.0
0.0
0.153846153846
0.190476190476
0.0
0.0
0.0
0.0
0.0
0.0
0.0
0.0
0.0
0
0.0
0.545454545455
0.714285714286
0.428571428571
0.25
0.30303030303
0.46875
0.0
0.0
0.0
0.030303030303
0.0
0.102040816327
0.1
0.0
0.0
0.0
0.0
0.0
0.0
0.0
0
0.0
0.0
0.0
0.733333333333
0.803278688525
0.45
0.19298245614
0.0882352941176
0.0
0.0
0.0
0.0
0.0
0.0
0.119047619048
0.093023255814
0.108108108108
0.0
0.0
0.0
0.0
0.0
0.0
0.0
0.0
0.0
0.0
0.625
0.666666666667
0.285714285714
0.025641025641
0.0
0.0
0.190476190476
0.093023255814
0.0
0.0
0.0
0.0869565217391
0.245283018868
0.25
0.0
0.0
0.0
0.0
0.0
0.0
0.0
0.0
0.0
0.0
0.694444444444
0.867647058824
0.375
0.0
0.0
0.171875
0.102040816327
0.0909090909091
0.0
0.0588235294118
0.0
0.106060606061
0.0909090909091
0.163636363636
0.0
0.0
0.0
0.0
0.0
0.0
0.0
0.0
0.0
0.235294117647
0.705882352941
0.613636363636
0.108695652174
0.0238095238095
0.0192307692308
0.328571428571
0.0526315789474
0.0
0.0
0.0
0.0
0.0
0.0
0.0
0.0
0.0
0.0
0.0
0.0
0.0
0.0
0.0
0.0
0.428571428571
0.363636363636
0.714285714286
0.6875
0.30303030303
0.528301886792
0.236363636364
0.218181818182
0.108695652174
0.0
0.0
0.0
0.0
0.0555555555556
0.0
0.0
0.0
0.0
0.0
0.0
0.0
0.0
0.0
0.0
0.2
0.3
0.852941176471
0.55
0.0
0.0
0.0
0.178571428571
0.222222222222
0.173913043478
0.222222222222
0.0
0.0
0.192307692308
0.09375
0.0
0.0
0.0
0.0
0.0
0.0
0.0
0.0
0.0
0.0
0.333333333333
0.888888888889
0.0
0.526315789474
0.428571428571
0.675
0.24
0.115384615385
0.290322580645
0.0416666666667
0.0
0.391304347826
0.212121212121
0.135135135135
0.0
0.0
0.0
0.0
0.0
0.0
0.0
0.0
0.0
0.125
0.478260869565
0.690909090909
0.552631578947
0.2
0.170212765957
0.0285714285714
0.0
0.246153846154
0.12
0.0
0.0
0.10843373494
0.25
0.0172413793103
0.0
0.0
0.0
0.0
0.0
0.0
0.0
0.0
0.0
0.0833333333333
0.621621621622
0.613636363636
0.0322580645161
0.0851063829787
0.25
0.304347826087
0.202898550725
0.234375
0.0
0.0
0.0
0.0
0.326530612245
0.153846153846
0.0
0.0
0.0
0.0
0.0
0.0
0.0
0.0
0.0
0.0
0.666666666667
0.709090909091
0.418604651163
0.133333333333
0.0
0.0333333333333
0.222222222222
0.0212765957447
0.0
0.0
0.0384615384615
0.140350877193
0.28125
0.0714285714286
0.103448275862
0.0
0.0
0.0
0.0
0.0
0.0
0.0
0.0
0.166666666667
0.6875
0.653846153846
0.54347826087
0.0
0.0
0.0
0.155555555556
0.0
0.108108108108
0.0294117647059
0.025
0.0294117647059
0.27027027027
0.279069767442
0.0
0.0
0.0
0.0
0.0
0.0
0.0
0.0
0.0
0.0
0.52380952381
0.28
0.432432432432
0.333333333333
0.166666666667
0.176470588235
0.25641025641
0.0
0.0
0.0
0.0
0.0
0.0
0.0
0.0
0.0
0.0
0.0
0
0.0
0.0
0.0
0
0.0
0.333333333333
0.837209302326
0.6
0.125
0.0
0.103448275862
0.178571428571
0.2
0.107142857143
0.0
0.0
0.129032258065
0.208333333333
0.0416666666667
0.0
0.0
0.0
0.0
0.0
0.0
0.0
0
0.0
0.0
0.769230769231
0.833333333333
0.576923076923
0.2
0.121951219512
0.642857142857
0.389830508475
0.104166666667
0.0975609756098
0.0
0.0
0.125
0.261538461538
0.230769230769
0.12
0.0
0.0
0.0
0.0
0.0
0.0
0.0
0.0
0.272727272727
0.75
0.709090909091
0.510638297872
0.46875
0.210526315789
0.0
0.0
0.0
0.0
0.0
0.0757575757576
0.383333333333
0.442857142857
0.127659574468
0.0
0.0
0.0
0.0
0.0
0.0
0.0
0.0
0.0
0.722222222222
0.64
0.725490196078
0.575
0.0
0.0
0.333333333333
0.125
0.155172413793
0.0
0.0555555555556
0.0196078431373
0.174603174603
0.209302325581
0.373493975904
0.0571428571429
0.0
0.0
0.0
0.0
0.0
0.0
0.0
0.0
0.454545454545
0.727272727273
0.716981132075
0.394736842105
0.0243902439024
0.0666666666667
0.0
0.0625
0.09375
0.03125
0.0
0.107692307692
0.279411764706
0.377551020408
0.209302325581
0.0
0.0
0.0
0.0
0.0
0.0
0.0
0.0
0.0
0.391304347826
0.25
0.243902439024
0.358208955224
0.0
0.338709677419
0.154929577465
0.263157894737
0.0
0.0
0.0
0.0
0.191919191919
0.0952380952381
0.0704225352113
0.0
0.0
0.0
0.0
0.0
0.0
0
0.0
0.0
0.153846153846
0.423076923077
0.8
0.542372881356
0.4
0.272727272727
0.205479452055
0.121621621622
0.027397260274
0.0
0.0
0.0
0.0
0.142857142857
0.0666666666667
0.0
0.0
0.0
0.0
0.0
0.0
0.0
0
0.0
0.333333333333
0.666666666667
0.692307692308
0.473684210526
0.0
0.0
0.0
0.277777777778
0.0
0.0
0.0
0.0
0.0
0.0
0.0
0.181818181818
0.0
0.0
0.0
0
0.0
0.0
0.0
0.0
0.0
0.6
0.8
0.461538461538
0.47619047619
0.222222222222
0.444444444444
0.548387096774
0.16
0.172413793103
0.115384615385
0.0
0.176470588235
0.277777777778
0.25
0.142857142857
0.0
0.0
0.0
0.0
0.0
0.0
0.0
0.0
0.611111111111
0.64
0.571428571429
0.176470588235
0.0
0.35
0.19512195122
0.0
0.0
0.0
0.0
0.0
0.0
0.0
0.0
0.0
0.0
0.0
0.0
0.0
0.0
0.0
0.0
0.0
0.0
0.8
0.529411764706
0.285714285714
0.352941176471
0.153846153846
0.142857142857
0.0526315789474
0.0416666666667
0.0
0.0
0.0
0.0
0.181818181818
0.3125
0.08
0.0
0.0
0.0
0.0
0.0
0.0
0.0
0.0
0.5
0.6
0.8
0.612903225806
0.0555555555556
0.037037037037
0.0
0.0
0.0
0.166666666667
0.0
0.225
0.135135135135
0.230769230769
0.0
0.0
0.0
0.0
0.0
0.0
0.0
0.0
0.0
0.0
0.0
0.416666666667
0.3
0.594594594595
0.5
0.0
0.0
0.142857142857
0.0714285714286
0.0
0.0
0.0
0.0
0.0
0.0740740740741
0.166666666667
0.0
0.0
0.0
0.0
0.0
0.0
0.0
0.0
0.0
0.529411764706
0.666666666667
0.451612903226
0.0
0.0
0.0
0.0
0.0
0.0
0.0
0.0
0.0
0.0
0.08
0.047619047619
0.0
0.0
0
0.0
0.0
0
0.0
0.0
0.0
0.5
0.826086956522
0.625
0.333333333333
0.0
0.447368421053
0.0666666666667
0.0
0.0
0.0
0.105263157895
0.0
0.235294117647
0.0
0.0
0.0
0.0
0.0
0.0
0
0.0
0.0
0.0
0.0
0.647058823529
0.846153846154
0.0769230769231
0.25
0.217391304348
0.238095238095
0.4
0.269230769231
0.321428571429
0.0
0.0689655172414
0.428571428571
0.0689655172414
0.0
0.111111111111
0.0
0.0
0.0
0.0
0.0
0.0
0.0
0.0
0.0
0.4
0.785714285714
0.47619047619
0.0869565217391
0.107142857143
0.0
0.230769230769
0.166666666667
0.0
0.0
0.0
0.0
0.0
0.0
0.0
0.0
0.0
0.0
0.0
0.0
0.0
0.0
0.0
0.625
0.5
0.5
0.222222222222
0.0
0.0
0.0
0.0
0.0
0.0
0.0
0.0
0.0
0.0
0.0
0.0
0.0
0.0
0.0
0.0
0.0
0.0
0.0
0.333333333333
0.2
0.6
0.647058823529
0.545454545455
0.0
0.0
0.0
0.0
0.0
0.0
0.0
0.0
0.0
0.0
0.0833333333333
0.0
0.0
0.0
0.0
0.0
0.0
0
0.0
0.0
0.0
0.0
0.5
0.181818181818
0.25
0.0
0.0
0.117647058824
0.0
0.0
0.0
0.0
0.0
0.0
0.0
0.0
0.0
0.0
0.0
0
0.0
0.0
0.0
0.0
0.142857142857
0.666666666667
0.461538461538
0.0
0.0
0.0
0.0
0.0
0.0
0.0
0.0
0.0
0.0
0.0
0.0
0.0
0.0
0.0
0
0.0
0.0
0.0
0.0
0.0
0.0
0.0
0.0
0.0
0
0.0
0.0
0.0
0.0
0.0
0.0
0.0
0.0
0.0
0.0
0.0
0.0
0
0.0
0.0
0
0.0
0
0.0
0
0.0
0.0
0.0
0.0
0.0
0.0
0.0
0.0
0.0
0.0
0.0
0.0
0.0
0.0
0.0
0.0
0
0
0.0
0.0
0
0
0.0
0.0
0.3
0.846153846154
0.5
0.0
0.0
0.0
0.0
0.0
0.0
0.0
0.0
0.0
0.0
0.0
0.0
0.0
0
0.0
0.0
0.0
0.0
0.0
0.0
0.0
0.625
0.769230769231
0.5
0.0
0.0
0.0
0.0
0.0
0.0
0.0
0.0
0.0
0.0
0.0
0.0
0.0
0
0.0
0.0
0
0.0
0.0
0.0
0.0
0.727272727273
0.636363636364
0.454545454545
0.0
0.0
0.0
0.0
0.0
0.0
0.0
0.0
0.0
0.0
0.0
0.0
0.0
0
0
0
0
0
0.0
0.5
0.5
0.25
0.428571428571
0.0
0.0
0.0
0.0
0.0
0.0
0.0
0.0
0.0
0.0
0.0
0.0
0.0
0.0
0.0
0.0
0
0.0
0
0.0
0.0
0.0
0.5
0.333333333333
0.0
0.0
0.111111111111
0.0
0.0
0.0
0.0
0.0
0.0
0.0
0.0
0.0
0.0
0.0
0.0
0.0
0.0
0
0.0
0
0.0
0.0
0.25
0.0
0.166666666667
0.0
0.0
0.0
0.0
0.0
0.0
0.111111111111
0.0
0
0.0
0.0
0.0
0.25
0.25
0
0
0
0
0
0
1.0
1.0
0.0
0.375
0.5
0.0
0.0
0.0
0.0
0.0
0.0
0.0
0.0
0
0.0
0.0
0.0
0.0
0.0
0
0
0
0.0
0.0
0.666666666667
0.5
0.363636363636
0.0
0.333333333333
0.0
0.444444444444
0.0
0.0
0.0
0.0
0.0
0.0
0.0
0.0
0.0
0.0
0.0
0.0
0.0
0.0
0
0
0.0
0.4
0.428571428571
0.733333333333
0.166666666667
0.125
0.181818181818
0.0
0.142857142857
0.0
0.0
0.0
0.0
0.0
0.0
0.0
0.0
0.0
0.0
0
0
0.0
0
0
0.285714285714
0.5
0.538461538462
0.214285714286
0.1875
0.0833333333333
0.0
0.0
0.0
0.0
0.0
0.0
0.0
0.0
0.0
0.0
0.0
0.0
0.0
0.0
0
0
0
0.0
0.0
0.0
0.857142857143
0.6
0.333333333333
0.111111111111
0.0
0.0
0.0
0.0
0.0
0.0
0.0
0.0
0.15625
0.0
0.0
0.0
0.0
0.0
0.0
0.0
0.0
0.0
0.0
0.375
0.736842105263
0.357142857143
0.0
0.0
0.0
0.05
0.0
0.0
0.0
0.0
0.0
0.0
0.0
0.0
0.0
0.0
0.0
0
0.0
0
0.0
0
0.0
0.0
0.571428571429
0.0
0.0
0.0
0.0
0.0
0.0
0.0
0.0
0.0
0.0
0.0
0.0
0.0
0.0
0.0
0
0.0
0
0
0
0
0
0.0
0.666666666667
0.25
0
0.0
0.0
0.0
0.0
0.142857142857
0.0
0.0
0.0
0.0
0
0.0
0.0
0.0
0.0
0.0
0.0
0
0.0
0.0
0
0.0
0.0
0.0
0.0
0.142857142857
0.0
0.1
0.125
0.0
0.0
0.0
0.0
0.0
0.0
0.0
0.0
0.0
0.0
0.0
0.0
0.0
0
0.0
0.0
0.809523809524
0.538461538462
0.4
0.0
0.0
0.0
0.147058823529
0.0
0.0
0.0
0.0
0.0
0.0
0.0
0.0
0.0
0.0
0.0
0.0
0.0
0
0
0.0
0.0
0.6875
0.818181818182
0.35
0.5
0.375
0.2
0.05
0.0
0.0
0.0
0.0
0.0
0.0
0.0
0.0
0.0
0.0
0.0
0.0
0.0
0.0
0
0.0
0.0
0.0
0.794117647059
0.64
0.275862068966
0.0
0.0
0.0
0.0
0.0
0.0
0.0
0.0
0.0
0.0
0.0
0.0
0.0
0.0
0.0
0.0
0
0.0
0.0
0.0
0.0
0.0833333333333
0.809523809524
0.0833333333333
0.0
0.0740740740741
0.1
0.0
0.0
0.0
0.0
0.0
0.0
0.0
0.0
0.0
0.0
0.0
0.0
0
0
0.0
0
0.0
0.125
0.333333333333
0.333333333333
0.153846153846
0.0
0.0
0.0
0.0
0.0
0.0
0.0
0.0
0.0
0.176470588235
0.0
0.0
0.0
0.0
0.0
0.0
0
0
0
0.0
0.0
0.0
0.285714285714
0.5
0.111111111111
0.181818181818
0.0833333333333
0.214285714286
0.0
0.0
0.0
0.0
0.0526315789474
0.3
0.111111111111
0.0
0.0
0.0
0.0
0.0
0.0
0
0.0
0.0
0.0
0.454545454545
0.733333333333
0.0833333333333
0.0526315789474
0.3
0.0
0.0
0.0
0.0
0.0
0.0
0.0
0.0
0.0
0.0
0.0
0.0
0.0
0.0
0.0
0
0.0
0.0
0.5
0.92
0.75
0.3125
0.0
0.0
0.0
0.0
0.0
0.0
0.0
0.0
0.0
0.0
0.0555555555556
0.0
0.0
0.0
0
0
0.0
0.0
0.0
0.4
0.909090909091
0.647058823529
0.55
0.0625
0.1
0.234042553191
0.0952380952381
0.0
0.0
0.0
0.0
0.0
0.0
0.0
0.0
0.0
0.0
0.0
0.0
0.0
0.0
0
0.0
0.125
0.838709677419
0.838709677419
0.222222222222
0.0740740740741
0.0
0.0
0.0
0.0
0.0
0.0
0.0
0.0
0.0
0.0
0.0
0.0
0.0
0.0
0.0
0.0
0.0
0.0
0.0
0.333333333333
0.96
0.75
0.0
0.1875
0.0
0.0
0.0
0.0
0.0
0.0
0.0
0.0
0.0
0.0
0.0
0.0
0
0.0
0.0
0.0
0
0
0.0
0.0
0.0
0.571428571429
0.0
0.0
0.0
0.0
0.0
0.0
0.0
0.0
0.0
0.0
0.0
0.0
0.0
0.0
0.0
0.0
0
0
0
0
0.0
0.0
0.333333333333
0.857142857143
0.0
0.285714285714
0.333333333333
0.3125
0.583333333333
0.0
0.0
0.0
0.0
0.0
0.0
0.388888888889
0.0
0.0
0.0
0.0
0.0
0.0
0.0
0.0
0.0
0.272727272727
0.928571428571
0.789473684211
0.478260869565
0.0
0.0
0.0357142857143
0.230769230769
0.0769230769231
0.322580645161
0.0714285714286
0.0
0.0
0.0
0.0
0.0
0.0
0.0
0.0
0.0
0.0
0.0
0.0
0.0
0.266666666667
0.810810810811
0.388888888889
0.0
0.0
0.0
0.0
0.0
0.0
0.0
0.0
0.0
0.0
0.0
0.0
0.0
0.0
0.0
0.0
0
0
0
0.0
0.0
0.722222222222
0.953488372093
0.125
0.0
0.0
0.0
0.0
0.0333333333333
0.0
0.0
0.0
0.0
0.0
0.0
0.185185185185
0.0588235294118
0.0
0.0
0.0
0.0
0.0
0
0
0
0.0
0.666666666667
0.684210526316
0.769230769231
0.153846153846
0.0769230769231
0.0
0.0
0.0
0.0
0.0
0.0
0.0
0.0
0.0
0.0
0.0
0.0
0.0
0.0
0
0
0
0.0
0.666666666667
0.733333333333
0.857142857143
0.285714285714
0.0
0.0
0.28125
0.0
0.0
0.0
0.0
0.0
0.0
0.0
0.0
0.0
0.0
0.0
0.0
0.0
0
0
0.0
0.0
0.0
0.0
0.5
0.615384615385
0.571428571429
0.1
0.0
0.352941176471
0.0
0.0
0.0
0.0
0.0
0.0
0.0
0.3
0.6
0.0
0.0
0.0
0
0.0
0.0
0.0
0.0
0.0
0.625
0.166666666667
0.615384615385
0.428571428571
0.0
0.166666666667
0.3
0.52380952381
0.454545454545
0.0
0.0
0.0
0.173913043478
0.315789473684
0.111111111111
0.0
0.0
0.0
0.0
0.0
0.0
0.0
0.0
0.0769230769231
0.266666666667
0.333333333333
0.0909090909091
0.0
0.411764705882
0.263157894737
0.0
0.0
0.0
0.0
0.0
0.0
0.04
0.0
0.0
0.0
0.0
0.0
0
0.0
0
0.0
0.0
0.777777777778
0.647058823529
0.6875
0.173913043478
0.0
0.0
0.0
0.0
0.0
0.0
0.0
0.0
0.0
0.0
0.0
0.0
0.0
0.0
0.0
0.0
0.0
0.0
0.0
0.0
0.4
0.4375
0.529411764706
0.458333333333
0.235294117647
0.0
0.206896551724
0.0869565217391
0.0
0.0
0.0
0.0
0.0
0.0
0.0
0.0
0.0
0.0
0.0
0
0
0.0
0.0
0.0
0.4
0.8
0.722222222222
0.117647058824
0.0
0.0789473684211
0.382352941176
0.372093023256
0.0625
0.0
0.0
0.0
0.0
0.0
0.0
0.0
0.0
0
0.0
0.0
0.0
0.0
0.0
0.363636363636
0.555555555556
0.470588235294
0.692307692308
0.333333333333
0.0
0.282051282051
0.0
0.0
0.0
0.0
0.0
0.0
0.0
0.0
0.0
0.0
0.0
0.0
0.0
0
0.0
0
0.0
0.0
0.0
0.166666666667
0.5
0.0
0.0
0.0
0.0
0.0
0.0
0.0
0.0
0.0
0.0
0.454545454545
0.0
0.0
0.0
0
0.0
0.0
0
0
0.0
0.0
0.0
0
0.571428571429
0.642857142857
0.214285714286
0.583333333333
0.230769230769
0.0
0.0
0.0
0.0
0.0
0.0
0.05
0.0
0.0
0.0
0.0
0.0
0.0
0.0
0.0
0.0
0.25
0.538461538462
0.789473684211
0.227272727273
0.0
0.0
0.0
0.0
0.0
0.0
0.0
0.0
0.0
0.0
0.0
0.0
0.0
0.0
0.0
0.0
0.0
0.0
0.0
0.0
0.0
0.285714285714
0.866666666667
0.571428571429
0.25
0.0
0.0
0.142857142857
0.625
0.636363636364
0.0
0.0
0.0
0.0
0.0
0.0
0.0
0.0
0.0
0.0
0.0
0.0
0.0
0.0
0.0
0.142857142857
0.72
0.5625
0.318181818182
0.0
0.0
0.0
0.0
0.0
0.0
0.0
0.0
0.0
0.0
0.0
0.0
0.0
0.0
0
0.0
0.0
0.0
0
0.0
0.444444444444
0.230769230769
0.555555555556
0.352941176471
0.0
0.0
0.0
0.0
0.0
0.0
0.0
0.0
0.0
0.0
0.0
0.0
0.0
0.0
0
0
0
0
0.0
0.0
1.0
0.363636363636
0.6
0.272727272727
0.0
0.0
0.0
0.2
0.0
0.0
0.0
0.0
0.0
0.0
0.0
0.0
0.0
0
0
0.0
0
0.0
0.0
0.0
0
0.0
0.333333333333
0.166666666667
0.0
0.0
0.0
0.0
0.0
0.0
0.0
0.0
0.0
0.0
0.0
0.0
0.0
0.0
0
0
0
0
0
0.5
1.0
1.0
0.0
0.0
0.0
0.0
0.0
0.0
0.0
0.0
0.0
0.0
0.0
0.0
0.0
0.0
0.0
0.0
0.0
0.0
0
0
0.0
0.5
0.75
0.625
0.363636363636
0.230769230769
0.0
0.0
0.333333333333
0.45
0.0
0.0
0.0
0.0
0.0
0.0
0.0
0.0
0.0
0.0
