0.0623268698061
0.0403682719547
0.03367003367
0.0236966824645
0.051177904143
0.0528846153846
0.0665658093797
0.0227817745803
0.0122388059701
0.00708239765072
0.0101366917524
0.00407990996061
0.00831117021277
0.0119760479042
0.0160325436707
0.0124714828897
0.00930150930151
0.0137716570413
0.0250562158689
0.0247838616715
0.012136325852
0.0385438972163
0.0256361922714
0.0497996565541
0.144369586141
0.262345679012
0.26368159204
0.0756598240469
0.0559544441693
0.0453608247423
0.0398712233779
0.0434253246753
0.0463529411765
0.0481055768412
0.061678463094
0.0752405949256
0.0568093385214
0.0493066255778
0.0666023166023
0.0776383077638
0.0854700854701
0.0817571690055
0.0679667889554
0.0872285609128
0.10592808552
0.14463840399
0.1
0.0988505747126
0.113545816733
0.119131751641
0.0761339092873
0.143878462913
