0.0277008310249
0.0474504249292
0.026936026936
0.044233807267
0.0658001624695
0.0519230769231
0.0242057488654
0.0149880095923
0.00985074626866
0.0103644843669
0.00506834587621
0.00365785030951
0.00548537234043
0.0142791340396
0.0181861689399
0.0109505703422
0.0124605124605
0.0188804975566
0.0314808866046
0.0384245917387
0.0142975893599
0.0730728051392
0.0544769085768
0.0423583285633
0.0721847930703
0.0802469135802
0.0820895522388
0.0744868035191
0.0651151275068
0.0655670103093
0.0559683011392
0.0645292207792
0.0670588235294
0.0696040868455
0.104145601618
0.076990376203
0.100389105058
0.0867268324895
0.104488416988
0.112738261274
0.13787674314
0.138905836892
0.123769067388
0.12955465587
0.0952380952381
0.0847880299252
0.059842519685
0.0890804597701
0.131474103586
0.143866733973
0.0939524838013
0.132260947274
