0.0235457063712
0.0672804532578
0.0555555555556
0.065560821485
0.0763606823721
0.0721153846154
0.0332829046899
0.0143884892086
0.0164179104478
0.0260839523234
0.0379358009522
0.0135059088351
0.0395611702128
0.0414555504376
0.0732232591529
0.0623574144487
0.0517725517726
0.0621945801866
0.0827176357212
0.0831892411143
0.0561928512053
0.0971627408994
0.112158341188
0.0526617057813
0.0895091434071
0.0401234567901
0.0398009950249
0.105571847507
0.110175786086
0.0969072164948
0.0918771669143
0.096387987013
0.111058823529
0.118986802895
0.150657229525
0.118985126859
0.162451361868
0.15144177856
0.172538610039
0.156438865644
0.17926225821
0.18730933496
0.169530797451
0.168200220832
0.0981535471331
0.118453865337
0.0866141732283
0.124712643678
0.156374501992
0.150429076224
0.137149028078
0.163538873995
