0.0401662049861
0.0545325779037
0.0353535353535
0.0402843601896
0.0755483346872
0.05
0.036308623298
0.0167865707434
0.00985074626866
0.00898255311798
0.0107510367071
0.00211029825549
0.00797872340426
0.0138185168125
0.021536252692
0.0118631178707
0.014391014391
0.0182141270546
0.0248955991005
0.0330451488953
0.0172901080632
0.063704496788
0.0507068803016
0.0463651974814
0.0895091434071
0.126543209877
0.13184079602
0.0686217008798
0.0661054716514
0.0680412371134
0.0567112431897
0.0610795454545
0.0567058823529
0.0698169433802
0.0915065722952
0.0791776027997
0.0926070038911
0.0796830288356
0.100627413127
0.1059972106
0.130454340981
0.126703274354
0.111990731802
0.122193595878
0.10009718173
0.0972568578554
0.0685039370079
0.0936781609195
0.133964143426
0.143361938415
0.0880129589633
0.142984807864
