3
3.72
3.9216
3.258048
1.63225344
1.1770309632
1.769568669696
4.81547922751488
4.22833418370417
4.78393357143717
3.49950140000241
5.29986039200067
5.80396090976019
2.34510905473285
0.656630535325199
2.34385654989106
0.656279833969496
0.183758353511459
0.771452338983208
1.6560066549153
1.90368186337628
1.97303092174536
1.2724486580887
0.356285624264836
0.819759974794154
0.949532792942363
0.265869182023862
0.794443370966681
0.222444143870671
0.782284360283788
0.219039620879461
0.781331093846249
0.93877270627695
1.70285635775755
1.91679978017211
1.25670393844819
1.79187710276549
0.501725588774338
0.860483164856815
0.240935286159908
0.0674618801247743
0.738889326434937
0.206889011401782
0.777928923192499
0.2178200984939
0.0609896275782919
0.737077095721922
0.926381586802138
0.259386844304599
0.0726283164052876
0.0203359285934805
0.725694060006175
0.203194336801729
0.0568944143044841
0.0159304360052555
0.00446052208147155
0.721248946182812
0.201949704931187
0.0565459173807325
0.735832856866605
0.206033199922649
0.0576892959783418
0.0161530028739357
0.004522840804702
0.00126639542531656
0.000354590719088637
0.720099285401345
0.201627799912377
0.0564557839754654
0.0158076195131303
0.00442613346367649
0.00123931736982942
0.000347008863552237
9.71624817946264e-05
2.72054949024954e-05
7.61753857269871e-06
2.13291080035564e-06
5.97215024099579e-07
0.720000167220207
0.201600046821658
0.776448013110064
0.217405443670818
0.060873524227829
1.45704458678379
1.12797248429946
0.315832295603849
0.0884330427690778
0.0247612519753418
0.726933150553096
0.203541282154867
2.21699155900336
2.06075763652094
2.73701213822586
0.766363398703242
0.214581751636908
0.780082890458334
2.37842320932833
0.665958498611933
0.906468379611341
2.41381114629118
1.39586712096153
1.11084279386923
1.75103598228338
0.490290075039348
0.857281221011017
1.68003874188308
0.470410847727264
0.851715037363634
3.11848021046182
0.873174458929309
0.964488848500207
1.71005687758006
2.63881592572242
2.89886845920228
3.69168316857664
2.47367128720146
3.57262796041641
4.60033582891659
4.16809403209665
4.04706632898706
2.57317857211638
5.76049000019259
6.65293720005392
6.1828224160151
5.33119027648423
3.65273327741558
3.90276531767636
1.81277428894938
3.38757680090583
1.66852150425363
6.22718602119102
3.90361208593349
3.97301138406138
4.71244318753719
6.35948409251041
6.10065554590292
6.02818355285282
7.44789139479879
7.12540959054366
4.87511468535223
5.68503211189862
2.31180899133161
4.24730651757285
7.6692458249204
3.58738883097771
1.00446887267376
2.44125128434865
5.72355035961762
4.48259410069293
5.57512634819402
3.00103537749433
4.44028990569841
5.56328117359556
5.87771872860676
5.24576124400989
5.78881314832277
5.22086768153038
2.90184295082851
6.57251602623198
9.76030448734496
7.77288525645659
7.21640787180784
4.9005942041062
8.57216637714973
6.00020658560193
8.88005784396854
6.08641619631119
10.3441965349671
3.6163750297908
8.93258500834142
4.6611238023356
6.34511466465397
5.37663210610311
5.82545698970887
6.67112795711848
7.62791582799318
6.45581643183809
6.84762860091466
7.67733600825611
13.6696540823117
15.3475031430473
10.7773008800532
10.2176442464149
7.90094038899617
7.25226330891893
7.7906337264973
7.22137744341924
6.34198568415739
6.09575599156407
6.74681167763794
5.48910726973862
9.45695003552681
5.52794600994751
7.3078248827853
11.4061909671799
11.1137334708104
9.5918453718269
9.16571670411153
9.04640067715123
9.01299218960234
11.8836378130887
5.48741858766482
6.57647720454615
13.3614136172729
12.3811958128364
7.0667348275942
5.57868575172638
6.60203201048339
6.16856896293535
6.7671993096219
4.05481580669413
4.01534842587436
4.00429755924482
6.16120331658855
5.32513692864479
10.1310383400205
7.87669073520575
7.96547340585761
7.27033255364013
6.35569311501924
6.09959407220539
6.02788634021751
6.7278081752609
4.04378628907305
4.73226016094045
3.48503284506333
11.0558091966177
11.735626575053
8.32597544101483
5.21127312348415
5.05915647457556
7.17656381288116
4.16943786760672
6.20744260292988
9.65808392882037
9.1842635000697
6.17159378001952
8.92804625840546
7.53985295235353
13.631158826659
11.0167244714645
7.40468285201007
7.83331119856282
5.07332713559759
10.0605315979673
7.13694884743085
7.03834567728064
6.29073678963858
8.2414063010988
9.50759376430766
4.82212625400615
7.11019535112172
5.59085469831408
7.32543931552794
7.81112300834782
6.50711444233739
6.14199204385447
3.87975777227925
2.52633217623819
6.46737300934669
4.69086444261707
5.63344204393278
8.77736377230118
6.05766185624433
5.29614531974841
5.08292068952955
4.30321779306828
1.92490098205912
4.85897227497655
4.96051223699343
2.82894342635816
3.67210415938029
2.46818916462648
2.85109296609541
2.23830603050672
2.78672568854188
4.38028319279173
4.10647929398168
6.18981420231487
3.89314797664816
4.69008143346149
2.75322280136922
2.93090238438338
0.820652667627347
2.38978274693566
1.38913916914198
1.82895896735976
0.512108510860732
1.583390383041
1.88334930725148
4.84733780603042
3.51725458568852
2.42483128399278
2.83895275951798
2.95490677266503
2.26737389634621
2.07486469097694
1.30096211347354
3.24426939177259
1.62839542969633
0.455950720314971
1.56766620168819
1.15894653647269
0.324505030212354
0.810861408459459
0.227041194368649
1.50357153442322
1.8610000296385
1.24108000829878
0.347502402323659
0.0973006726506244
0.0272441883421748
0.727628372735809
0.203735944366027
0.0570460644224874
0.0159728980382965
0.724472411450723
0.202852275206202
1.49679863705774
1.13910361837617
1.03894901314533
0.290905723680691
0.801453602630594
0.224407008736566
0.0628339624462386
0.0175935094849468
0.0049261826557851
1.44137933114362
1.12358621272021
1.03460413956166
0.289689159077265
0.801112964541634
0.944311630071658
0.264407256420064
0.074034031797618
0.020729528903333
0.00580426809293325
0.721625195066021
0.202055054618486
0.0565754152931761
0.735841116282089
0.206035512558985
0.0576899435165158
0.0161531841846244
0.00452289157169484
0.00126640964007456
0.000354594699220876
9.92865157818452e-05
0.720027800224419
0.201607784062837
0.0564501795375945
0.0158060502705265
0.00442569407574741
0.00123919434120927
0.000346974415538597
0.720097152836351
0.201627202794178
0.0564556167823699
0.0158075726990636
0.0044261203557378
0.00123931369960658
0.72034700783589
0.201697162194049
0.0564752054143338
0.735813057516013
0.206027656104484
0.0576877437092555
0.0161525682385915
0.00452271910680563
0.00126636134990558
0.000354581177973561
9.92827298325972e-05
2.77991643531272e-05
0.720007783766019
0.201602179454485
0.0564486102472559
0.0158056108692316
0.00442557104338486
0.00123915989214776
0.000346964769801373
0.720097150135544
1.64162720203795
1.17965561657063
0.330303572639776
2.25248500033914
2.79069580009496
1.50139482402659
1.86039055072744
1.24090935420368
2.50745461917703
1.42208729336957
1.11818444214348
8.95309164380017
5.38686566026405
5.82832238487393
3.0719302677647
2.30014047497412
2.80403933299275
0.785131013237971
3.09983668370663
9.50795427143786
6.2622271960026
5.35342361488073
11.5789586121666
4.68210841140665
1.31099035519386
1.08707729945428
3.1843816438472
1.61162686027722
2.61125552087762
11.5311515458457
15.4687224328368
12.2512422811943
22.1503478387344
11.2420973948456
6.74778727055678
5.4893804357559
12.3370265220116
8.49436742616326
6.69842287932571
6.1955584062112
6.05475635373914
6.73533177904696
2.60589289813315
10.0896500114773
7.14510200321364
6.32062856089982
4.64977599705195
3.46193727917455
6.00934243816887
3.84261588268728
3.95593244715244
6.14766108520268
4.60134510385675
5.60837662907989
4.45034545614237
4.84609672771986
3.51690708376156
15.3847339834532
31.6677255153669
17.5069631443027
7.78194968040477
4.33894591051333
6.25490485494373
5.35137335938425
2.93838454062759
5.14274767137573
3.5999693479852
3.88799141743586
3.24863759688204
4.50961852712697
3.42269318759555
12.4783540925268
15.7339391459075
10.1655029608541
4.28634082903915
4.08017543213096
4.02244912099667
4.00628575387907
4.72176001108614
5.64209280310412
5.89978598486915
18.2119400757634
12.2993432212137
7.76381610193985
5.77386850854316
4.49668318239208
1.97907129106978
4.87413996149954
2.80475918921987
4.38533257298156
6.26789312043484
3.91501007372176
17.6562028206421
9.26373678977979
4.75384630113834
7.81107696431873
5.78710155000925
2.34038843400259
3.53530876152072
3.1498864532258
3.04196820690323
3.7317510979329
1.76489030742121
4.81416928607794
5.66796740010182
5.18703087202851
20.172368644168
9.96826322036704
6.39111370170277
6.10951183647678
19.7106633142135
10.5589857279798
7.99651600383434
5.11902448107362
7.91332685470061
15.1757315193162
6.40920482540853
6.11457735111439
14.672081658312
6.26818286432737
3.19509120201166
5.93462553656327
8.86169515023771
4.64127464206656
6.33955689977864
1.77507593193802
4.09702126094265
4.02716595306394
3.2876064668579
3.08052981072021
2.30254834700166
4.24471353716046
2.62851979040493
5.77598554131338
5.21727595156775
8.66083726643897
26.1850344346029
17.4118096416888
10.6353066996729
11.6178858759084
6.13300804525435
6.75724225267122
5.49202783074794
2.97776779260942
5.87377498193064
6.68465699494058
7.63170395858336
4.29687710840334
6.96312559035294
6.26967516529882
5.35550904628367
6.53954253295943
6.87107190922864
4.80390013458402
7.82509203768353
7.23102577055139
7.78468721575439
6.49971242041123
9.01991947771514
5.40557745376024
5.83356168705287
4.5133972723748
1.98375123626494
3.43545034615418
4.56192609692317
3.43733930713849
1.68245500599878
2.63108740167966
2.8967044724703
3.69107725229169
6.07350163064167
8.90058045657967
4.65216252784231
2.74260550779585
1.48792954218284
2.57662027181119
4.32145367610713
2.65000702931
2.9020019682068
2.2525605510979
4.23071695430741
1.18460074720608
3.2116882092177
3.77927269858096
3.93819635560267
3.26269497956875
3.79355459427925
2.50219528639819
2.86061468019149
3.68097211045362
1.75067219092701
1.21018821345956
3.93885269976868
1.10287875593523
0.308806051661864
1.52646569446532
1.14741039445029
3.20127491044608
0.896356974924903
2.41097995297897
1.39507438683411
1.11062082831355
2.47097383192779
3.57187267293978
2.44012434842314
0.683234817558479
2.35130574891637
4.97836560969658
2.11394237071504
1.31190386380021
1.08733308186406
0.304453262921937
0.805246913618142
2.38546913581308
2.82793135802766
2.23182078024775
3.50490981846937
1.70137474917142
1.916384929768
1.25658778033504
0.351844578493811
0.0985164819782671
0.747584614953915
1.6493236921871
0.461810633812387
0.849306977467468
0.237805953690891
0.786585667033449
0.220243986769366
0.781668316295422
0.218867128562718
0.781282795997561
0.218759182879317
0.0612525712062088
0.737150719937738
0.926402201582567
0.979392616443119
0.274229932604073
0.0767843811291405
0.741499626716159
0.207619895480525
0.0581335707345469
0.0162773998056731
0.00455767194558848
0.00127614814476477
0.720357321480534
0.20170005001455
0.0564760140040739
0.0158132839211407
0.00442771949791939
0.00123976145941743
0.000347133208636881
9.71972984183266e-05
2.72152435571314e-05
7.6202681959968e-06
2.13367509487911e-06
0.720000597429027
0.201600167280127
0.0564480468384357
0.015805453114762
0.00442552687213336
0.00123914752419734
0.000346961306775255
9.71491658970715e-05
2.720176645118e-05
7.61649460633041e-06
0.72000213261849
0.201600597133177
0.0564481671972896
0.0158054868152411
0.00442553630826751
0.0012391501663149
0.000346962046568173
9.71493730390883e-05
2.72018244509447e-05
7.61651084626453e-06
2.13262303695407e-06
5.97134450347139e-07
1.67197646097199e-07
0.720000046815341
1.6416000131083
0.459648003670323
0.12870144102769
0.756036403487753
0.211690192976571
0.0592732540334399
0.0165965111293632
1.44464702311622
0.404501166472542
0.113260326612312
8.67171289145145
3.14807960960641
1.60146229068979
1.16840944139314
11.1271546435901
8.15560330020522
5.16356892405746
2.16579929873609
0.606423803646105
2.32979866502091
3.53234362620585
3.86905621533764
3.24333574029454
6.66813400728247
4.02707752203909
4.00758170617095
5.44212287772786
3.6837944057638
3.19146243361387
5.21360948141188
2.17981065479533
4.21034698334269
4.05889715533595
5.45649120349407
5.84781753697834
3.79738891035394
4.6632688948991
3.46571529057175
19.6904002813601
23.5133120787808
13.7837273820586
11.0594436669764
3.0966442267534
5.18706038349095
2.89237690737747
7.28986553406569
12.1211623495384
12.0339254578708
4.08949912820381
16.2650597558971
8.87421673165118
5.36478068486233
5.82213859176145
12.4301988056932
4.9204556655941
8.57772758636635
7.44176372418258
4.24369384277112
6.22823427597591
3.18390559727326
5.21149356723651
2.17921819882622
1.33018109567134
2.53245070678798
5.74908619790063
8.08974413541218
20.9851283579154
13.0758359402163
5.82123406326057
4.50994553771296
19.2627847505596
11.8735797301567
5.48460232444388
8.01568865084428
10.1643928222364
9.32602999022619
10.5312883972633
7.98876075123373
4.39685301034545
5.55111884289673
7.31431327601108
6.3680077172831
6.10304216083927
6.028851805035
3.8480785054098
3.23746198151474
3.06648935482413
2.29861701935076
4.96361276541821
4.9898115743171
18.6771472408088
29.7096012274265
12.6386883436794
6.41883273623024
6.83727316614447
7.67443648652045
3.58884221622573
7.4848758205432
4.2557652297521
5.51161426433059
2.26325199401256
4.95371055832352
2.10703895633059
4.18997090777256
3.33319185417632
3.81329371916937
5.38772224136742
2.22856222758288
3.50399742372321
4.5811192786425
7.0427133980199
7.01195975144557
5.56334873040476
5.87773764451333
3.80576654046373
2.50561463132985
2.14157209677236
3.47964018709626
3.85429925238695
3.23920379066835
3.06697706138714
6.6187535771884
6.17325100161275
3.88851028045157
4.68878287852644
6.3528592059874
3.21880057767647
1.62126416174941
1.89395396528984
4.13030711028115
7.63648599087872
6.45821607744604
7.56830050168489
3.55912414047177
4.5965547593321
4.16703533261299
4.04676989313164
3.29309557007686
3.08206675962152
4.46297869269403
4.84963403395433
16.4778975295072
19.013811308262
12.5238671663134
15.0266828065677
7.08747118583897
5.58449193203491
7.32365774096978
4.21062416747154
6.21897476689203
8.94131293472977
6.82356762172433
7.67059893408281
8.62776770154319
13.2157749564321
8.02041698780099
7.28571675658428
8.5200006918436
7.42560019371621
12.1591680542405
7.00456705518735
6.28127877545246
5.35875805712669
7.26045225599547
3.47292663167873
6.73241945687005
7.64507744792361
3.58062168541861
5.32257407191721
8.69032074013682
3.87328980723831
3.24452114602673
1.62846592088748
7.6559704578485
8.62367172819758
6.73462808389532
5.48569586349069
5.85599484177739
6.67967855569767
4.75030999559535
1.3300867987667
4.69242430365468
5.63387880502331
5.89748606540653
3.81129609831383
3.22716290752787
0.903605614107804
3.13300957195018
5.19724268014605
3.61522795044089
5.33226382612345
3.65303387131457
3.18284948396808
1.61119785551106
3.3311353995431
5.25271791187207
3.63076101532418
1.73661308429077
0.486251663601416
6.6161504658084
4.73252213042635
3.48510619651938
3.13582973502543
2.31803232580712
1.36904905122599
2.54333373434328
1.43213344561612
1.12099736477251
1.0338792621363
2.44948619339817
1.40585613415149
3.27363971756242
1.63661912091748
1.89825335385689
1.97151093907993
0.55202306294238
0.874566457623867
0.244878608134683
0.0685660102777111
0.739198482877759
0.206975575205773
0.777953161057616
0.217826885096133
0.0609915278269171
0.0170776277915368
0.72478173578163
1.64293888601886
0.46002288808528
1.56880640866388
1.15926579442589
1.04459442243925
1.01248643828299
1.00349620271924
0.280978936761386
0.0786741022931882
2.18202874864209
2.77096804961979
1.49587105389354
0.418843895090191
0.117276290625254
0.032837361375071
0.00919446118501988
0.00257444913180557
0.000720845756905559
0.000201836811933556
0.720056514307341
0.201615824006056
0.776452430721696
0.217406680602075
0.0608738705685809
0.0170446837592027
0.00477251145257675
0.00133630320672149
0.000374164897882017
0.000104766171406965
2.93345279939501e-05
0.720008213667838
0.921602299826995
0.258048643951559
0.0722536203064364
0.0202310136858022
0.00566468383202461
0.721586111472967
0.922044111212431
0.258172351139481
0.0722882583190546
0.0202407123293353
0.00566739945221388
0.00158687184661989
0.000444324117053568
0.000124410752774999
3.48350107769998e-05
9.75380301755993e-06
2.73106484491678e-06
7.64698156576699e-07
2.14115483841476e-07
5.99523354756132e-08
0.720000016786654
0.201600004700263
0.0564480013160737
0.0158054403685006
0.72442552330318
1.64283914652489
0.459994961026969
0.128798589087551
0.0360636049445144
0.010097809384464
0.00282738662764993
0.00079166825574198
0.720221667111608
2.36166206679125
1.38126537870155
2.54675430603643
0.713091205690202
0.919665537593256
0.977506350526112
0.273701778147311
0.0766364978812472
2.18145821940675
2.05080830143389
1.29422632440149
1.80238337083242
1.22466734383308
1.78290685627326
0.499213919756513
0.859779897531824
0.240738371308911
3.66740674396649
3.90687388831062
3.25392468872697
1.63109891284355
1.17670769559619
1.04947815476693
1.73385388333474
2.64547908733373
2.18073414445344
4.21060556044696
2.61896955692515
2.17331147593904
6.36852721326293
5.38318761971362
6.54729253351981
2.55324190938555
5.03490773462795
6.44977416569583
9.00593676639483
9.72166229459055
5.60206544248535
8.0485783238959
5.85360193069085
3.79900854059344
4.66372239136616
4.90584226958253
4.25363583548311
4.79101803393527
7.10148504950188
4.86841581386053
5.68315642788095
2.31128379980667
4.24715946394587
3.34920464990484
5.97777730197336
8.15377764455254
5.16305774047471
2.16565616733292
3.48638372685322
4.5761874435189
2.00133248418529
4.16037309557188
3.32490446676013
5.25097325069284
6.51027251019399
6.14287630285432
8.20000536479921
5.17600150214378
9.36928042060026
8.38339851776807
4.50735158497506
8.46205844379302
3.80937636426204
6.10662538199337
7.46985510695814
11.4515594299483
6.80643664038552
4.78580225930795
2.78002463260622
1.49840689712974
5.45955393119633
6.56867510073497
5.43922902820579
5.84298412789762
3.07603555581133
7.34128995562717
6.37556118757561
5.38515713252117
7.98784399710593
8.71659631918966
11.0806469693731
5.98258115142447
11.0351227223989
9.56983436227168
9.15955362143607
7.6046750140021
11.4893090039206
8.97700652109776
6.11356182590737
8.19179731125406
6.61370324715114
7.61183690920232
6.45131433457665
6.12636801368146
10.3553830438308
9.37950725227263
6.94626203063634
9.14495336857817
4.00058694320189
4.72016434409653
10.681646016347
7.31086088457717
7.80704104768161
10.1059714933509
10.0296720181382
5.68830816507871
12.392726286222
8.50996336014217
3.82278974083981
8.27038112743515
6.63570671568184
2.57799788039092
6.48183940650946
3.97491503382265
5.43297620947034
5.1212333386517
6.47394533482248
6.13270469375029
9.63715731425008
5.57840404799002
9.48195313343721
6.97494687736242
7.71298512566148
5.75963583518521
5.21269803385186
7.21955544947852
7.06147552585399
7.73721314723912
5.76641968122695
3.05459751074355
10.2152873030082
5.74028044484229
5.92727852455584
7.41963798687564
6.39749863632518
7.55129961817105
7.15436389308789
4.16322189006461
4.76570212921809
6.37439659618107
6.1048310469307
7.4693526931406
11.4514187540794
14.7263972511422
9.88339123031982
10.6873495444895
12.3524578724571
8.49868820428798
11.7396326972006
10.4870971552162
12.2963872034605
9.20298841696895
7.61683675675131
8.61271429189037
9.6115600017293
10.6112368004842
10.8911463041356
8.08952096515796
8.74506587024423
9.64861844366838
11.3416131642271
8.2156516859836
7.34038247207541
6.37530709218112
6.82508598581071
5.511024076027
10.1830867412876
6.45126428756052
4.68635400051694
7.79217912014474
4.34181015364053
4.81570684301935
5.66839791604542
7.34715141649272
7.81720239661796
6.50881667105303
8.30246866789485
6.64469122701056
8.34051354356296
3.77534379219763
5.37709626181534
7.26558695330829
4.19436434692632
1.89442201713937
4.85043816479902
4.23812268614373
4.78667435212024
4.22026881859367
4.06167526920623
2.57726907537774
2.88163534110577
3.68685789550962
3.19232021074269
4.49384965900795
2.69827790452223
0.755517813266224
2.37154498771454
2.10403259656007
3.46912912703682
2.41135615557031
0.675179723559687
0.189050322596712
2.93293409032708
2.26122154529158
2.07314203268164
2.02047976915086
1.28573433536224
2.52000561390143
0.7056015718924
1.63756844012987
0.458519163236364
0.128385365706182
1.47594790239773
0.413265412671365
0.115714315547982
2.19240000835343
1.33387200233896
1.81348416065491
1.94777556498337
1.26537715819534
1.0743056042947
3.18080556920251
0.890625559376704
0.249375156625477
0.0698250438551336
0.0195510122794374
0.00547428343824248
0.721532799362708
0.202029183821558
0.0565681714700363
0.0158390880116102
0.00443494464325085
0.00124178450011024
0.000347699660030866
9.73559048086426e-05
2.72596533464199e-05
7.63270293699758e-06
2.13715682235932e-06
0.72000059840391
0.921600167553095
0.258048046914867
1.51225345313616
0.423430966878126
0.118560670725875
0.753196987803245
0.210895156584909
0.0590506438437744
0.0165341802762568
0.00462957047735192
0.00129627973365854
1.44036295832542
1.84330162833112
0.516124455932713
0.14451484766116
0.0404641573451247
0.0113299640566349
0.00317238993585778
0.000888269182040178
0.00024871537097125
6.964030387195e-05
1.9499285084146e-05
5.45979982356088e-06
1.44000152874395
1.12320042804831
0.314496119853526
0.808058913558987
0.226256495796516
0.0633518188230246
0.0177385092704469
0.724966782595725
0.922990699126803
0.258437395755505
0.0723624708115414
0.740261491827232
1.64727321771162
0.461236500959255
0.129146220268591
0.756160941675206
0.211725063669058
0.779283017827336
0.218199244991654
0.0610957885976632
0.0171068208073457
0.00478990982605679
1.4413411747513
1.84357552893036
0.516201148100502
0.14453632146814
2.20047017001108
3.4961316476031
2.41891686132887
2.11729672117208
0.592843081928183
3.04599606293989
3.01287889762317
3.00360609133449
2.28100970557366
2.79868271756062
2.94363116091697
2.26421672505675
4.23398068301589
9.82551459124445
6.35114408554845
2.49832034395356
5.019529696307
2.12546831496596
3.47513112819047
3.13303671589333
2.31725028045013
2.80883007852604
3.66647242198729
2.46661227815644
1.4106514378838
3.27498240260746
2.35699507273009
2.09995862036443
2.74798841370204
7.24943675583657
4.18984229163424
9.09315584165759
6.86608363566413
5.52250341798595
4.42630095703607
3.3993642679701
3.83182199503163
2.51291015860886
5.02361484441048
2.12661215643493
2.75545140380178
4.3715263930645
2.66402739005806
2.18592766921626
3.49205974738055
6.01777672926655
6.00497748419464
4.5613936955745
4.87719023476086
4.96561326573304
5.71037171440525
5.19890408003347
4.33569314240937
6.25399407987462
8.95111834236489
7.54631313586217
5.71296767804141
5.19963094985159
5.77589666595845
6.65725106646837
4.74403029861114
4.20832848361112
8.37833197541111
7.38593295311511
4.94806122687223
7.14545714352422
8.48072800018678
8.8546038400523
8.23928907521464
6.6270009410601
5.45556026349683
3.68755687377911
3.91251592465815
3.97550445890428
6.1531412484932
6.0428795495781
5.29200627388187
5.08176175668692
5.74289329187234
3.04801012172426
3.73344283408279
8.24536399354318
6.62870191819209
3.29603653709379
8.84289023038626
8.95600926450815
6.10768259406228
5.31015112633744
9.40684231537448
6.23391584830486
8.94549643752536
8.9847390025071
8.99572692070199
9.71880353779656
6.32126499058304
3.92995419736325
6.14038717526171
6.03930840907328
8.17100635454052
12.3678817792713
10.663006898196
9.46564193149487
8.41037974081856
5.9549063274292
8.86737377168017
8.24286465607045
5.18800210369973
7.21264058903592
8.49953936493006
6.69987102218042
5.47596388621052
7.29326988813894
7.0821155686789
7.74299235923009
5.04803786058443
3.57345060096364
3.88056616826982
8.28655852711555
8.80023638759235
3.18406618852586
6.65153853278724
5.46243078918043
7.28948062097052
4.92105457387175
6.41789528068409
7.55701067859154
7.87596299000563
4.36526963720158
8.42227549841644
10.2782371395566
5.03790639907585
5.01061379174124
7.88297186168755
6.52723212127251
6.1476249939563
9.64133499830777
8.45957379952617
7.40868066386733
9.99443058588285
7.8384405640472
8.67476335793322
6.0289337402213
6.00810144726196
10.3222684052334
12.2502351534653
10.6300658429703
8.73641843603168
6.76619716208887
8.37453520538488
10.9848698575078
13.8757635601022
11.8052137968286
5.46545986311201
4.41032876167136
9.87489205326798
9.24496977491503
5.46859153697621
10.8912056303533
9.52953757649894
8.4282705214197
10.2799157459975
12.9583764088793
10.8283453944862
8.79193671045614
8.94174227892772
13.3036878380998
8.76503259466793
8.93420912650702
8.98157855542197
11.1548419955182
12.4833557587451
8.53533961244862
7.42989509148561
8.56037062561597
8.87690377517247
5.36553305704829
6.54234925597352
8.31185779167259
5.92732018166832
5.97964965086713
8.1543019022428
5.16320453262798
9.36569726913584
5.50239523535803
3.70067066590025
1.75618778645207
2.65173258020658
2.90248512245784
2.2526958342882
5.67075483360069
3.74781135340819
3.92938717895429
1.8202284101072
1.94966395483002
1.9859059073524
1.99605365405867
1.99889502313643
5.5996906064782
2.2879133698139
0.640615743547891
1.61937240819341
2.61342427429415
1.45175879680236
1.84649246310466
1.23701788966931
2.50636500910741
1.42178220255007
1.83809901671402
0.514667724679926
0.864106962910379
1.68194994961491
0.470945985892174
0.131864876049809
0.0369221652939464
0.010338206282305
0.722894697759045
1.64241051537253
1.89987494430431
0.531964984405207
0.148950195633458
0.761706054777368
0.933277695337663
0.981317754694546
0.274768971314473
0.796935311968052
0.223141887351055
0.0624797284582953
0.0174943239683227
0.72489841071113
0.202971554999117
0.0568320353997526
0.0159129699119307
0.00445563157534061
0.721247576841095
0.201949321515507
0.776545810024342
0.217432826806816
0.0608811915059084
0.737046733621654
0.206373085414063
0.777784463915938
0.217779649896463
0.0609783019710095
0.0170739245518827
0.00478069887452715
0.0013385956848676
0.720374806791763
0.201704945901694
0.0564773848524742
0.0158136677586928
0.00442782697243398
0.00123979155228151
0.000347141634638824
9.71996576988707e-05
2.72159041556838e-05
7.62045316359147e-06
2.13372688580561e-06
5.97443528025571e-07
1.6728418784716e-07
4.68395725972048e-08
0.72000001311508
0.201600003672222
0.0564480010282223
0.0158054402879022
0.00442552328061263
0.00123914651857154
0.00034696102520003
9.71490870560085e-05
2.72017443756824e-05
7.61648842519107e-06
2.1326167590535e-06
5.9713269253498e-07
1.67197153909794e-07
4.68152030947424e-08
0.720000013108257
0.201600003670312
0.0564480010276873
0.0158054402877525
0.00442552328057069
0.00123914651855979
0.000346961025196742
9.71490870550878e-05
0.720027201744375
0.201607616488425
0.056450132616759
0.0158060371326925
0.00442569039715391
0.00123919331120309
0.000346974127136867
3.6000971527556
1.72802720277157
4.08384761677604
5.46347733269729
9.44977365315524
24.9659366228835
10.5904622544074
3.68532943123406
1.03189224074554
1.00892982740875
2.44250035167445
0.683900098468846
3.79149202757128
2.50161776771996
5.74045297496159
4.48732683298925
3.41645151323699
2.39660642370636
2.11104979863778
2.75109394361858
2.9303063042132
3.7004857651797
7.51613601425031
4.26451808399009
1.91406506351722
1.97593821778482
1.99326270097975
3.43811355627433
1.68267179575681
3.35114810281191
5.25832146878733
5.79233001126045
3.78185240315293
3.21891867288282
1.62129722840719
5.49396322395401
15.9383097027071
8.06272671675799
7.29756348069224
22.9233177745938
10.0185289768863
5.68518811352816
5.91185267178788
5.25531874810061
4.35148924946817
7.69841698985109
5.0355567571583
4.28995589200433
6.24118764976121
4.62753254193314
4.17570911174128
1.88919855128756
3.40897559436052
7.43451316642094
5.68166368659786
17.4308658322474
12.8006424330293
7.1841798812482
5.6115703667495
5.89123970268986
5.96954711675316
2.39147319269088
2.10961249395345
4.91069149830697
2.09499361952595
3.46659821346727
4.57064749977083
2.71978129993583
6.52153876398203
3.98603085391497
3.99608863909619
4.71890481894693
4.20129334930514
3.33636213780544
3.09418139858552
5.90637079160395
2.37378382164911
2.82465947006175
2.95090465161729
11.6262533024528
15.4953509246868
25.2186982589123
9.94123551249545
6.38354594349872
8.98739286417964
3.2364700019703
3.78621160055168
5.38013924815447
5.82643898948325
5.95140291705531
10.3063928167755
9.36578998869714
13.4224211968352
14.5582779351139
10.5563178218319
7.99576899011293
7.99881531723162
6.55966828882485
5.43670712087096
3.68227799384387
4.63103783827628
6.33669059471736
7.53427336652086
5.70959654262584
7.35868703193524
7.82043236894187
6.50972106330372
5.42272189772504
23.118362131363
9.35314139678164
9.81887959109886
9.22928628550768
11.2242001599422
13.9427760447838
24.0639772925395
13.9379136419111
10.3826158197351
9.38713242952583
5.50839708026723
5.14235118247482
5.03985833109295
5.01116033270603
4.28312489315769
5.51927497008415
2.98539699162356
2.2759111576546
4.23725512414329
4.78643143476012
2.78020080173283
4.37845622448519
6.98596774285585
11.3160709679996
8.2084998710399
5.17837996389117
7.20994638988953
19.2987849891691
9.72365979696734
8.48262474315085
9.57513492808224
7.72103777986303
2.88189057836165
3.68692936194126
7.51234022134355
2.8234552619762
5.11056747335333
9.35095889253893
5.4982684899109
5.13951517717505
8.63906424960901
7.45893798989052
6.40850263716935
6.11438073840742
6.03202660675408
7.44896744989114
4.96571088596952
6.43039904807147
6.84051173346001
6.9553432853688
4.10749611990327
4.03009891357291
7.60842769580042
7.89035975482412
10.1293007313508
6.43620420477821
6.8421371773379
4.07579840965461
6.18122355470329
8.93074259531692
8.26060792668874
8.07297021947285
4.4204316614524
4.83772086520667
6.39456184225787
7.5504773158322
9.31413364843302
8.36795742156124
10.2630280780371
6.4736478618504
6.85262140131811
9.11873399236907
6.15324551786334
3.16290874500174
2.32561444860049
4.25117204560814
3.35032817277028
5.25809188837568
5.07226572874519
4.30023440404865
4.80406563313362
4.22513837727741
3.34303874563768
3.09605084877855
3.02689423765799
5.88753038654424
5.24850850823239
3.62958238230507
3.17628306704542
3.04935925877272
0.853820592456361
3.83906976588778
2.51493953444858
3.5841830696456
2.44357125950077
2.84419995266022
5.83637598674486
1.63418527628856
1.8975718773608
1.25132012566102
2.51036963518509
2.14290349785182
2.76001297939851
2.21280363423158
1.33958501758484
1.81508380492376
4.10822346537865
1.15030257030602
1.04208471968569
1.73178372151199
0.484899442023358
0.13577184376654
0.758016116254631
0.212244512551297
1.49942846351436
0.419839969784022
0.117555191539526
0.0329154536310673
0.00921632701669885
0.00258057156467568
0.720722560038109
0.921802316810671
0.978104648706988
0.993869301637957
0.278283404458628
0.0779193532484158
0.0218174189095564
1.44610887729468
0.404910485642509
0.113374935979903
0.0317449820743727
0.00888859498082436
0.722488806594631
0.922296865846497
0.258243122437019
0.0723080742823654
0.0202462607990623
0.00566895302373745
0.00158730684664648
0.000444445917061016
0.000124444856777084
3.48445598975836e-05
9.75647677132342e-06
2.73181349597056e-06
7.64907778871756e-07
0.720000214174178
0.20160005996877
0.0564480167912556
0.0158054447015516
0.00442552451643444
0.00123914686460164
0.00034696112208846
0.720097149114185
0.921627201751972
0.258055616490552
0.792255572617355
0.941831560332859
0.263712836893201
0.0738395943300962
0.740675086412427
0.20738902419548
0.778068926774734
0.937859299496926
1.70260060385914
0.476728169080559
0.133483887342557
0.0373754884559158
0.0104651367676564
0.722930238294944
0.922420466722584
0.978277730682324
1.71391776459105
0.479896974085494
0.134371152743938
1.4776239227683
1.13373469837512
0.317445715545035
0.80888480035261
1.66648774409873
3.34661656834764
1.65705263913734
0.463974738958455
0.849912926908368
1.67797561953434
1.90983317346962
1.25475328857149
1.07133092080002
1.739972657824
1.92719234419072
1.9796138563734
4.15429187978455
4.76320172633967
2.05369648337511
2.73503501534503
4.36580980429661
4.10242674520305
1.14867948865685
1.04163025682392
2.4516564719107
2.846463812135
2.2370098673978
5.66636276287138
3.02658157360399
3.72744284060912
4.64368399537055
5.62023151870376
3.73366482523705
6.08542615106637
4.58391932229859
4.1634974102436
5.48577927486821
5.1360181969631
7.19808509514967
7.05546382664191
8.45552987145973
6.68754836400873
14.8325135419224
9.19310379173828
6.17406906168672
7.48873933727228
4.97684701443624
2.11351716404215
2.7517848059318
7.9704997456609
6.55173992878505
7.59448718005982
4.28645641041675
4.08020779491669
4.02245818257667
4.00628829112147
7.60176072151401
5.00849300202392
8.6023780405667
6.00866585135867
6.00242643838043
6.72067940274652
6.20179023276903
7.49650126517533
5.69902035424909
6.63572569918975
5.45800319577313
5.84824089481648
3.79750745054861
3.22330208615361
4.50252458412301
7.02070688355444
5.56579792739524
6.59842341967067
5.44755855750779
3.68531639610218
6.79188859090861
4.78172880545441
5.65888406552724
5.90448753834763
7.41325651073734
7.11571182300645
7.03239931044181
8.44907180692371
7.40574010593864
4.95360722966282
5.70701002430559
6.63796280680557
5.45862958590556
7.28841628405356
4.920756559535
4.2578118366698
6.23218731426754
3.18501244799491
5.21180348543858
4.3393049759228
6.25500539325838
7.51140151011235
6.42319242283146
3.95849387839281
3.26837828594999
3.795145920066
6.82264085761848
6.95033944013317
9.86609504323729
7.80250661210644
8.6647018513898
6.02611651838914
11.047312625149
8.13324753504171
9.47730930981168
8.41364660674727
5.95582104988924
5.26762989396899
10.1149363703113
4.99218218368717
8.59781101143241
8.88738708320107
5.3684683832963
5.10317114732296
6.46888792125043
4.69128861795012
5.63356081302603
5.89739702764729
5.97127116774124
5.27195592696755
7.95614765955091
8.70772134467425
6.75816197650879
6.21228535342246
8.93943989895829
6.82304317170832
8.39045208807833
8.10932658466193
5.87061144370534
3.8037712042375
8.2650559371865
4.47421566241222
8.45278038547542
7.40677850793312
10.7138979822213
9.47989143502196
5.53436960180615
5.14962348850572
7.2018945767816
7.77653048149885
7.93742853481968
5.10247998974951
9.34869439712986
6.21763443119636
14.700937640735
16.3562625394058
9.61975351103362
7.01353098308942
6.28378867526504
7.51946082907421
5.70544903214078
11.6775257289994
9.02970720411984
10.4483180171536
6.52552904480299
9.74714813254484
11.3692014771126
7.50337641359152
10.0209453958056
9.28586471082557
11.9600421190312
12.7088117933287
10.038467302132
8.57077084459697
6.71981583648715
7.6415484342164
9.33963356158059
7.65509739724257
10.7834272712279
5.17935963594382
7.21022069806427
7.778861795458
9.37808130272824
9.82586276476391
9.95124157413389
6.38634764075749
4.6681773394121
6.34708965503539
9.69718510340991
8.47521182895477
8.13305931210734
5.87725660739005
5.96563185006922
4.55037691801938
7.75410553704543
3.61114955037272
6.77112187410436
6.93591412474922
6.98205595492978
6.99497566738034
6.2785931868665
4.63800609232262
5.61864170585033
3.73321967763809
6.80530150973867
4.06548442272683
5.45833563836351
2.24833397874178
3.5095335140477
3.14266938393336
2.31994742750134
1.36958527970038
1.82348387831611
1.23057548592851
2.50456113605998
2.1412771180968
1.3195575930671
1.80947612605879
1.94665331529646
1.98506292828301
0.555817619919243
0.875628933577388
0.965176101401669
0.990249308392467
0.997269806349891
0.279235545777969
0.798185952817831
0.223492066788993
0.782577778700918
0.939121778036257
0.982954097850152
0.275227147398043
0.797063601271452
0.223177808356007
1.50248978633968
1.14069714017511
0.319395199249031
0.809430655789729
0.226640583621124
0.0634593634139147
0.737768621755896
0.206575214091651
0.777841059945662
0.217795496784785
0.78098273909974
0.938675166947927
0.98282904674542
0.275192133088718
0.0770537972648409
0.0215750632341555
0.726041017705564
0.923291484957558
0.258521615788116
0.0723860524206725
0.0202680946777883
0.00567506650978073
0.0015890186227386
0.000444925214366809
0.000124579060022707
3.48821368063579e-05
9.7669983057802e-06
2.73475952561846e-06
7.65732667173168e-07
2.14405146808487e-07
6.00334411063764e-08
1.68093635097854e-08
4.70662178273991e-09
1.31785409916717e-09
3.68999147766809e-10
1.03319761374707e-10
2.89295331849178e-11
8.10026929177699e-12
2.26807540169756e-12
0.720000000000635
1.64160000000018
1.17964800000005
0.330301440000014
0.0924844032000039
0.745895632896001
0.20885077721088
0.0584782176190465
0.736373900933333
0.206184692261333
1.49773171383317
0.419364879873289
0.117422166364521
0.752878206582066
0.930805897842978
0.260625651396034
3.67297518239089
1.74843305106945
1.20956125429945
1.05867715120384
1.01642960233708
0.284600288654381
2.23968808082323
1.3471126626305
0.377191545536541
2.26561363275023
2.07437181717006
2.74082410880762
2.92743075046613
4.41968061013052
1.95751057083655
3.42810295983423
2.39986882875358
2.831963272051
1.51294971617428
1.8636259205288
1.96181525774806
3.42930827216946
2.40020631620745
6.43205776853809
6.84097617519066
5.51547332905339
3.70433253213495
6.07721310899779
5.30161967051938
3.64445350774543
6.06044698216872
2.41692515500724
3.55673904340203
6.03588693215257
8.89004834100272
6.08921353548076
6.74497978993461
7.64859434118169
3.58160641553087
3.88284979634865
3.96719794297762
7.59081542403373
6.44542831872945
3.24471992924425
3.06852158018839
1.57918604245275
4.04217209188677
4.73180818572829
7.80490629200392
6.5053737617611
2.54150465329311
2.87162130292207
2.96405396481818
4.42993511014909
8.44038183084174
5.96330691263569
5.98972593553799
5.27712326195064
5.79759451334618
3.78332646373693
4.65933140984634
6.34461279475698
6.81649158253195
7.66861764310895
5.7472129400705
5.20921962321974
5.05858149450153
2.85640281846043
3.67979278916892
6.7903419809673
8.38129575467084
5.94676281130784
7.42509358716619
8.55902620440653
8.15652733723383
10.9238276544255
10.2586717432391
7.19242808810696
8.49387986466995
11.0182863621076
7.40512018139012
6.39343365078924
5.39016142222099
5.82924519822188
8.11218865550213
8.0314128235406
5.12879559059137
5.03606276536558
9.33009757430236
12.6924273208047
8.59387964982531
7.44628630195109
7.8449601645463
11.556588846073
7.55584487690043
9.31563656553212
7.64837823834899
7.90154590673772
4.37243285388656
8.42428119908824
7.39879873574471
6.39166364600852
6.10966582088239
8.19070642984707
6.61339780035718
8.33175138410001
8.812890387548
9.66760930851344
7.74693060638376
7.20914056978745
7.77855935954049
7.21799662067134
7.78103905378797
9.37869093506063
9.10603346181698
3.98968936930875
5.43711302340645
3.68239164655381
3.19106966103507
5.21349950508982
9.37977986142515
5.50633836119904
9.46177474113573
9.12929692751801
6.15620313970504
8.20373687911741
16.6970463261529
11.1551729713228
8.16344843197039
7.32576556095171
6.37121435706648
6.82394001997861
4.79070320559401
5.66139689756632
3.74519113131857
2.4886535167692
7.17682298469538
5.60951043571471
2.29066292200012
2.80138561816003
1.50438797308481
10.5012286324637
8.70034401708985
6.75609632478516
9.81170697093985
4.18727795186316
4.77243782652168
7.81628259142607
7.2285591255993
5.6239965551678
4.45471903544698
9.16732132992516
7.60684997237904
10.0499179922661
7.13397703783452
5.59751357059366
10.9273037997662
8.81964506393454
8.22950061790167
8.78426017301247
6.77959284844349
10.5382859975642
6.55072007931797
9.75420162220903
7.77117645421853
9.37592940718119
11.2652602340107
8.19427286552301
6.61439640234644
6.172030992657
11.088168677944
13.9046872298243
10.3733124243508
12.9845274788182
9.3956676940691
8.39078695433935
6.66942034721502
9.06743769722021
11.1788825552217
10.3300871154621
7.21242439232938
5.61947882985223
8.05345407235862
5.13496714026041
7.19779079927292
9.21538142379642
8.340306798663
5.93528590362564
6.70188005301518
8.35652641484425
5.93982739615639
2.38315167092379
4.98728246785866
7.87643909100042
7.24540294548012
5.62871282473443
8.05603959092564
3.69569108545918
5.35479350392857
9.4193421811
4.797415810708
2.78327642699824
2.21931739955951
4.94140887187666
3.54359448412547
1.71220645555513
2.63941780755544
1.45903698611552
0.408530356112346
0.114388499711457
1.47202877991921
1.85216805837738
1.23860705634567
1.78680997577679
3.3803067932175
1.6664859021009
0.466616052588252
0.85065249472471
2.39818269852292
0.671491155586417
2.3480175235642
0.657444906597975
0.184084573847433
2.21154368067728
1.33923223058964
0.374985024565099
0.104995806878228
0.0293988259259038
0.728231671259253
0.203904867952591
0.0570933630267254
0.0159861416474831
0.00447611966129528
0.00125331350516268
0.00035092778144555
9.82597788047539e-05
2.75127380653311e-05
0.720007703566658
0.201602156998664
0.056448603959626
0.735805609108695
0.206025570550435
0.0576871597541217
0.0161524047311541
0.724522673324723
0.202866348530922
0.776802577588658
0.217504721724824
0.0609013220829508
0.0170523701832262
0.00477466365130334
0.00133690582236494
0.000374333630262182
0.000104813416473411
2.93477566125551e-05
8.21737185151543e-06
1.44000230086412
0.403200644241953
0.832896180387747
0.233210930508569
0.0652990605423994
0.0182837369518718
0.00511944634652411
0.00143344497702675
0.720401364593568
0.201712382086199
0.0564794669841357
0.015814250755558
0.00442799021155624
0.00123983725923575
0.720347154432586
0.201697203241124
0.0564752169075148
0.0158130607341041
0.00442765700554916
1.44123974396155
0.403547128309235
0.112993195926586
0.031638094859444
0.728858666560644
0.20408042663698
0.0571425194583545
0.735999905448339
0.206079973525535
0.77770239258715
0.217756669924402
0.0609718675788326
0.0170721229220731
0.00478019441818047
0.721338454437091
0.201974767242385
0.0565529348278679
0.015834821751803
0.724433750090505
1.64284145002534
1.1799956060071
1.05039876968199
0.294111655510956
0.802351263543068
0.944658353792059
1.70450433906178
1.9172612149373
0.536833140182443
4.47031327925108
8.4516877181903
8.12647256109329
9.47541231710612
11.2931154487897
8.20207232566112
8.77658025118511
6.77744247033183
6.93768389169291
4.82255148967402
7.83031441710872
2.91248803679044
1.53549665030132
3.30993906208437
4.52678293738362
8.46749922246741
7.41089978229088
8.55505193904144
11.7554145429316
22.7315160720208
10.6848245001658
10.1917508600464
8.613690240813
5.29183326742764
5.08171331487974
5.74287972816633
3.04800632388657
5.89344177068824
3.09016369579271
2.30524583482196
4.96546883375015
4.27033127345004
4.07569275656601
1.86119397183848
2.68113431211478
4.35071760739214
4.0982009300698
1.86749626041954
4.12289895291747
2.59441170681689
2.88643527790873
3.68820187781444
3.91269652578804
3.97555502722065
5.43315540762178
3.6812835141341
4.63075938395755
4.89661262750811
5.69105153570227
7.35349442999664
5.65897844039906
8.78451396331173
6.05966390972729
6.73670589472364
6.92627765052262
6.25935774214633
5.35262016780097
5.81873364698427
7.3892454211556
5.66898871792357
3.7473168410186
4.64924871548521
10.6617896403359
10.185301099294
6.45188430780233
3.96652760618465
5.4306277297317
6.56057576432488
3.99696121401097
5.43914913992307
5.84296175917846
8.11602929256997
5.87248820191959
5.24429669653749
9.3884030750305
7.66875286100854
7.18725080108239
7.77243022430307
8.65628046280486
5.30375852958536
2.9250523882839
13.7790146687195
7.45812410724146
10.7282747500276
5.16391693000773
4.32589674040216
4.81125108731261
7.10715030444753
7.75000208524531
4.33000058386869
10.5724001634832
12.3202720457753
12.8096761728171
8.62670932838878
8.89547861194886
12.5707340113457
12.8798055231768
7.9263455464895
5.81937675301706
10.9894254908448
9.55703913743654
7.71597095848223
7.92047186837502
5.81773212314501
3.7889649944806
8.26091019845457
7.35305485556728
5.65885535955884
5.90447950067647
7.41325426018941
2.79571119285304
3.66279913399885
3.90558375751968
4.69356345210551
5.63419776658954
7.33757537464507
3.49452110490062
3.85846590937217
2.52037045462421
7.18570372729478
3.45199704364254
4.56655917221991
5.59863656822158
9.48761823910204
7.69653310694857
5.7550292699456
3.77140819558477
4.65599429476373
10.6636784025338
6.58582995270948
4.72403238675865
4.92272906829242
4.25836413912188
8.39234195895413
8.82985574850716
8.232359609582
14.545060690683
10.5526169933912
9.43473275814954
10.5617251722819
10.1572830482389
8.6040392535069
9.60913099098193
8.45055667747494
9.56615586969298
12.758523643514
10.0523866201839
10.7346682536515
10.2057071110224
10.7775979910863
11.6577274375042
9.74416368250116
9.92836583110033
9.25994243270809
7.63278388115827
10.7771794867243
10.2176102562828
9.34093087175919
13.4154606440926
13.1163289803459
13.0325721144969
7.24912019205912
8.50975365377655
10.3027310230574
10.8047646864561
11.6653341122077
6.14629355141816
6.76096219439708
4.77306941443118
6.37645943604073
6.1054086420914
6.74951441978559
6.92986403753997
4.10036193051119
7.62810134054313
7.17586837535208
6.32924314509858
8.9721880806276
5.39221266257573
7.2698195455212
7.79554947274594
4.34275385236886
6.97597107866328
5.55327190202572
2.2749161325672
4.23697651711882
2.62635342479327
4.33537895894211
4.81390610850379
7.10789371038106
4.8702102389067
3.52365886689388
5.30662448273029
2.92585485516448
3.69923935944605
2.4757870206449
2.85322036578057
2.95890170241856
0.828492476677197
0.951977893469615
1.70655381017149
3.35783506684802
3.10019381871745
4.46805426924088
2.69105519538745
2.19349545470849
0.614178727318376
0.171970043649145
0.768151612221761
0.215082451422093
1.50022308639819
1.14006246419149
0.319217489973618
2.24938089719261
0.629826651213932
0.896351462339901
1.69097840945517
0.473473954647448
0.132572707301286
0.75712035804436
0.931993700252421
0.260958236070678
0.0730683060997898
0.0204591257079412
0.00572855519822352
0.00160399545550259
0.000449118727540724
0.000125753243711403
3.52109082391928e-05
9.85905430697398e-06
2.76053520595272e-06
0.720000772949858
0.20160021642596
0.0564480605992689
0.0158054569677953
0.00442552795098268
0.00123914782627515
0.720346961391357
0.20169714918958
0.0564752017730824
0.0158130564964631
0.00442765581900966
0.00123974362932271
0.000347128216210357
9.71959005389001e-05
0.720027214852151
0.201607620158602
0.0564501336444086
0.0158060374204344
1.44442569047772
0.404439193333762
0.833242974133453
0.233308032757367
0.0653262491720628
0.0182913497681776
0.00512157793508972
0.00143404182182512
0.720401531710111
0.201712428878831
0.0564794800860727
0.7358142544241
0.926027991238748
0.259287837546849
0.0726005945131179
0.740328166463673
0.927291886609828
0.259641728250752
0.0726996839102106
0.020355911494859
0.00569965521856051
0.721595903461197
0.202046852969135
0.0565731188313578
0.73584047327278
0.926035332516378
1.69928989310459
1.19580117006928
1.0548243276194
1.73535081173343
2.64589822728536
3.6208515036399
1.01383842101917
4.60387475788537
3.4490849322079
1.68574378101821
4.0720082586851
5.46016231243183
3.68884544748091
3.19287672529466
2.3340054830825
2.8135215352631
3.66778602987367
1.74698008836463
6.9691544247421
3.39136323892779
1.66958170689978
1.90748287793194
2.69409520582094
2.91434665762986
5.13601706413636
4.31808477795818
4.80906373782829
3.50653784659192
3.14183059704574
3.75971256717281
3.21271951880839
4.49956146526635
10.6198772102746
8.01356561887688
8.72379837328553
8.20266354451995
10.2167457924656
8.62068882189036
10.3337928701293
8.6534620036362
5.30296936101814
6.52483142108508
5.42695279790382
5.11954678341307
4.31347309935566
4.80777246781958
4.94617629098948
6.42492936147706
6.11898022121358
6.0333144619398
6.72932804934314
5.48421185381608
2.9755793190685
2.99316220933918
5.15808541861497
3.60426391721219
4.60919389681941
5.61057429110944
5.89096080151064
7.40946902442298
7.11465132683843
7.75210237151476
5.05058866402413
15.0941648259268
9.98636615125949
6.39618252235266
6.83093110625874
8.39266070975245
10.2699449987307
7.19558459964459
4.89476368790049
7.13053383261214
9.9165494731314
9.25663385247679
9.7918574786935
9.94172009403418
8.54368162632957
5.27223085537228
7.95622463950424
10.1477428990612
7.88136801173713
5.0867830432864
6.46429925212019
4.69000379059365
5.63320106136622
10.9372962971825
8.82244296321111
10.3902840296991
5.78927952831575
5.22099826792841
6.50187951501995
11.1805262642056
9.61054735397756
7.01095325911372
4.12306691255184
7.63445873551452
9.33764844594406
6.21454156486434
8.94007163816201
11.1432200586854
8.8801016164319
4.64642845260093
9.22099996672826
6.18187999068391
11.0909263973915
5.98545939126962
12.4759286295555
9.25326001627554
9.79091280455715
7.061455585276
9.17720756387728
7.60961811788564
8.61069307300798
8.17099406044223
8.04787833692382
4.41340593433867
1.95575366161483
6.30761102525215
8.2461310870706
8.06891670437977
10.8992966772263
6.65180306962337
8.34250485949454
11.6959013606585
6.87485238098437
6.24495866667562
8.22858842666917
10.2240047594674
5.02272133265086
7.88636197314224
4.36818135247983
9.14309077869435
8.32006541803442
8.08961831704964
5.8650931287739
8.12222607605669
7.31422330129587
7.08798252436284
9.9046351068216
6.37329782991005
5.38452339237481
9.42766654986495
8.39974663396219
10.2719290575094
9.35614013610263
7.65971923810874
7.90472138667045
8.69332198826772
6.75413015671496
7.65115644388019
7.18232380428645
7.05105066520021
9.89429418625606
12.1304023721517
12.0365126642025
9.13022354597669
9.75646259287347
11.3718095260046
4.62410666728128
7.77474986683876
9.37692996271485
9.10554038956016
14.0695513090768
8.97947436654152
14.0342528226316
11.8495907903369
16.2778854212943
8.15780791796241
9.48418621702947
10.5755721407683
3.68116019941511
8.23072485583623
6.62460295963414
11.9348888286976
8.38176887203532
10.9868952841699
10.9963306795676
8.83897259027892
11.8349123252781
8.35377545107787
12.4190571263018
8.5173359953645
5.26485407870206
6.51415914203658
7.58396455977024
10.0435100767357
10.732182821486
8.76501119001608
6.7742031332045
4.77677687729726
4.21749752564323
6.22089930718011
6.78185180601043
8.37891850568292
6.66609718159122
4.02650721084554
6.16742201903675
7.48687816533029
5.69632588629248
4.47497124816189
