0
0
0
0
0
0
0
0
0
0
0
0
0
0
0
0
0
0
0
0
0
0
0
0
0
0
0
0
0
0
0
0
0
0
0
0
0
0
0
0
0
0
0
0
0
0
0
0
1.59183673469388
1.52816326530612
1.46703673469388
1.44835526530612
1.39042105469388
1.33480421250612
1.28141204400588
1.23015556224564
1.22094933975582
1.17211136616558
1.12522691151896
1.1202178350582
1.07540912165587
1.03239275678964
0.991097046518054
0.951453164657332
0.913395038071038
0.876859236548197
0.881784867086269
0.846513472402818
0.812652933506705
0.780146816166437
0.74894094351978
0.718983305778989
0.690223973547829
0.662615014605916
0.636110414021679
0.610665997460812
0.586239357562379
0.562789783259884
0.580278191929489
0.557067064252309
0.574784381682217
0.551793006414928
0.529721286158331
0.588532434711998
0.604991137323518
0.580791491830577
0.557559832157354
0.53525743887106
0.553847141316217
0.531693255663569
0.630425525437026
0.685208504419545
0.777800164242763
0.746688157673053
0.71682063136613
0.728147806111485
0.819021893867026
0.786261018112345
0.794810577387851
0.883018154292337
0.887697428120643
0.892189530995818
0.936501949755985
0.899041871765746
0.903080196895116
0.946956989019311
0.909078709458539
0.912715561080197
1.03620693863699
0.994758661091509
0.994968314647849
1.03516958206193
1.11376279877946
1.18921228682828
1.30164379535515
1.32957804354094
1.4363949217993
1.57893912492733
1.67578155993024
1.76875029753303
1.77800028563171
1.98688027420644
2.18740506323818
2.33990886070865
2.44631250628031
2.4684600060291
2.52972160578793
2.46853274155642
2.52979143189416
2.46859977461839
2.68985578363366
2.70226155228831
2.75417109019678
2.84400424658891
3.01024407672535
3.12983431365634
3.24464094111008
3.43485530346568
3.57746109132705
3.59436264767397
3.69058814176701
3.58296461609633
3.63964603145248
3.85406019019438
3.7798977825866
3.62870187128314
3.60355379643181
3.73941164457454
3.74983517879156
3.8398417716399
3.7662481007743
3.81559817674333
3.9029742496736
3.98685527968665
4.02738106849919
4.10628582575922
4.14203439272885
4.05635301701969
4.21409889633891
4.48553494048535
4.58611354286594
4.6826690011513
4.65536224110525
4.86914775146104
4.8743818414026
5.07940656774649
5.07623030503663
5.35318109283517
5.17905384912176
5.41189169515689
5.31541602735062
5.38279938625659
5.36748741080633
5.39278791437407
5.45707639779911
5.55879334188715
5.57644160821166
5.63338394388319
5.72804858612787
6.13892664268275
6.53336957697544
6.63203479389642
6.76675340214057
6.77608326605494
6.78503993541275
6.83363833799624
6.84029280447639
6.80668109229733
6.77441384860544
6.78343729466122
6.71209980287477
6.88361581075978
6.76827117832939
6.81754033119622
7.06483871794837
7.22224516923043
7.29335536246122
7.36162114796277
7.42715630204426
7.49007004996249
7.71046724796399
7.52204855804543
7.50116661572361
7.84111995109466
8.00747515305088
7.88717614692884
7.77168910105169
7.74082153700962
7.67118867552924
7.64434112850807
7.45856748336774
7.32022478403303
7.18741579267171
7.17991916096484
7.09272239452625
7.2890134987452
7.27745295879539
7.30635484044357
7.29410064682583
7.2423366209528
7.19264315611469
7.1449374298701
7.1391399326753
6.97357433536828
6.89463136195355
6.73884610747541
7.02929226317639
7.22812057264934
7.21899574974336
7.09023591975363
7.00662648296348
7.04636142364494
6.88450696669915
6.88912668803118
7.05356162050993
7.13141915568954
7.04616238946195
7.16431589388348
7.15774325812814
7.51143352780301
7.61097618669089
7.54653713922326
7.56467565365433
7.42208862750815
7.60520508240783
7.54099687911151
7.51935700394705
7.45858272378917
7.5202394148376
7.6194298382441
7.43465264471434
7.45726653892576
7.35897587736873
7.38461684227398
7.40923216858302
7.3528628818397
7.29874836656611
7.12679843190347
6.92172649462733
6.96485743484224
6.84626313744855
6.8124126119506
6.93991610747258
6.86231946317368
6.78782668464673
6.71631361726086
6.60766107257043
6.38335462966761
6.3680204444809
6.31329962670167
6.1407676416336
6.05513693596826
5.89293145852953
5.77721420018835
5.62612563218081
5.52108060689358
5.50023738261784
5.44022788731312
5.5026187718206
5.40251402094777
5.38641346010986
5.25095692170547
5.16091864483725
4.95448189904376
4.87630262308201
4.72125051815873
4.61240049743238
4.42790447753508
4.33078829843368
4.23755676649633
4.30805449583648
4.25573231600302
4.1655030233629
4.11888290242838
4.07412758633125
3.991162482878
3.91151598356288
3.79505534422036
3.80325313045155
3.69112300523349
3.54347808502415
3.48173896162318
3.38246940315825
3.24717062703192
3.15728380195065
3.03099244987262
2.98975275187771
2.95016264180261
2.8721561361305
2.75726989068528
2.64697909505787
2.54109993125555
2.47945593400533
2.38027769664512
2.28506658877931
2.19366392522814
2.14591736821902
2.06008067349026
2.05767744655065
2.01537034868862
1.97475553474107
1.89576531335143
1.85993470081737
1.78553731278468
1.71411582027329
1.64555118746236
1.57972913996387
1.59653997436531
1.5726783753907
1.54977124037507
1.48778039076007
1.46826917512967
1.44953840812448
1.3915568717995
1.33589459692752
1.28245881305042
1.2311604605284
1.22191404210727
1.17303748042297
1.12611598120606
1.12107134195781
1.0762284882795
1.03317934874832
0.991852174798388
0.952178087806453
0.914090964294194
0.877527325722427
0.842426232693529
0.848729183385788
0.814780016050357
0.782188815408343
0.750901262792009
0.720865212280328
0.692030603789115
0.664349379637551
0.677775404452049
0.650664388273967
0.624637812743008
0.599652300233288
0.575666208223956
0.552639559894998
0.570533977499198
0.54771261839923
0.525804113663261
0.54477194911673
0.522981071152061
0.502061828305979
0.481979355173739
0.46270018096679
0.444192173728118
0.426424486778993
0.409367507307834
0.39299280701552
0.4172730947349
0.400582170945504
0.384558884107683
0.369176528743376
0.354409467593641
0.340233088889895
0.3266237653343
0.353558814720928
0.41941646213209
0.442639803646807
0.424934211500934
0.527936843040897
0.626819369319261
0.641746594546491
0.696076730764631
0.708233661534046
0.799904315072684
0.807908142469777
0.815591816770986
1.26296814410015
1.37244941833614
1.55755144160269
1.57524938393859
1.59223940858104
1.6485498322378
1.58260783894829
1.67930352539036
2.09213138437474
2.20844612899975
2.32010828383976
2.78730395248617
2.75581179438673
2.64557932261126
2.57975614970681
2.63656590371854
2.57110326756979
2.588259136867
3.08472877139232
3.64133962053663
3.93568603571516
4.81825859428656
4.9055282505151
4.90930712049449
4.91293483567471
5.31641744224772
5.38376074455781
5.4084103147755
5.43207390218448
5.4547909460971
5.51659930825322
5.33593533592309
5.64249792248617
5.65679800558672
5.67052608536325
5.60370504194872
5.49955684027077
5.55957456665994
5.45719158399354
5.3989039206338
5.46294776380845
5.40442985325611
5.42825265912587
5.37112255276083
5.3562776506504
5.26202654462438
5.85154548283941
7.13748366352583
7.3319843169848
7.19870494430541
7.03075674653319
7.02952647667186
6.94834541760499
6.75041160090079
6.72039513686476
6.57157933139017
6.46871615813456
6.32996751180918
6.27676881133681
6.14569805888334
6.539870136528
6.95827533106688
6.99994431782421
6.79994654511124
6.68794868330679
6.58043073597452
6.47721350653554
6.41812496627412
6.40139996762315
6.38534396891822
7.0499302101615
7.16793300175504
7.12121568168483
7.03636705441744
6.91491237224074
6.67831587735111
6.65118324225707
6.46513591256679
6.40653047606411
6.43026925702155
6.29305848674069
6.96133614727106
6.92288270138022
6.76596739332501
6.85532869759201
6.78111554968833
6.54987092770079
6.44787609059276
6.30996104696905
6.17756260509029
6.09046010088668
5.88684169685121
5.89136802897716
5.89571330781808
5.85988477550535
6.66548938448514
6.63886980910573
6.5733150167415
6.55038241607184
7.28836711942897
7.27683243465181
7.26575913726574
7.13512877177511
7.2097236209041
7.64133467606794
7.45568128902522
7.39745403746421
7.82155587596564
7.62869364092702
7.40354589528994
7.38740405947834
7.49190789709921
7.31223158121524
7.29974231796663
7.00775262524796
6.92744252023804
6.81034481942852
6.65793102665138
6.51161378558533
6.33114923416191
6.27790326479544
6.10678713420362
6.14251564883547
6.09681502288205
6.25294242196677
7.3228247250881
7.58991173608458
7.60631526664119
7.78206265597555
7.63078014973652
7.60554894374706
7.50132698599718
7.28127390655729
7.270022950295
7.2592220322832
7.28885315099187
7.1172990249522
7.15260706395411
7.10650278139595
7.02224267014011
7.0213529633345
7.02049884480112
6.89967889100908
6.98369173536872
6.98434406595397
7.02497030331581
6.98397149118318
7.10461263153585
6.98042812627442
6.94121100122344
6.8235625611745
6.59062005872752
6.48699525637842
6.42751544612328
6.29041482827835
6.07879823514722
5.95564630574133
5.83742045351168
5.76392363537121
5.81336668995636
5.98083202235811
5.86159874146378
5.70713479180523
5.51884940013302
5.4180954241277
5.40137160716259
5.26531674287609
5.17470407316104
5.0477159102346
5.04580727382522
4.84397498287221
4.81021598355732
4.77780734421503
4.74669505044643
4.67682724842857
4.64975415849143
4.54376399215177
4.4820134324657
4.46273289516707
4.32422357936039
4.19125463618597
4.22360445073853
4.05466027270899
3.89247386180063
3.81677490732861
3.70410391103546
3.71593975459405
3.56730216441028
3.54461007783387
3.44282567472052
3.3451126477317
3.33130814182243
3.35805581614953
3.30373358350355
3.17158424016341
3.16472087055687
3.2781320357346
3.18700675430521
3.099526484133
3.01554542476768
2.89492360777698
2.8191266634659
2.82636159692726
2.83330713305017
2.79997484772816
2.84797585381904
2.77405681966628
2.74309454687962
2.67337076500444
2.56643593440426
2.46377849702809
2.40522735714697
2.38901826286109
2.29345753234665
2.24171923105278
2.15205046181067
2.10596844333824
2.02172970560471
1.98086051738052
1.9016260966853
1.86556105281789
1.79093861070517
1.71930106627697
1.69052902362589
1.66290786268085
1.63639154817362
1.57093588624667
1.50809845079681
1.48777451276493
1.42826353225434
1.37113299096416
1.3162876713256
1.26363616447257
1.21309071789367
1.20456708917792
1.15638440561081
1.11012902938637
1.06572386821092
1.02309491348248
0.982171116943183
0.942884272265455
0.905168901374837
0.868962145319844
0.83420365950705
0.800835513126768
0.808802092601697
0.776450008897629
0.745392008541724
0.715576328200055
0.686953275072053
0.659475144069171
0.633096138306404
0.607772292774148
0.583461401063182
0.560122945020654
0.577718027219828
0.554609306131035
0.532424933885794
0.511127936530362
0.490682819069147
0.471055506306382
0.452213286054126
0.434124754611961
0.416759764427483
0.400089373850383
0.384085798896368
0.368722366940513
0.353973472262893
0.379814533372377
0.444621952037482
0.426837073955983
0.409763590997743
0.433373047357834
0.41603812546352
0.399396600444979
0.38342073642718
0.448083906970093
0.430160550691289
0.412954128663638
0.876435963517092
0.881378524976408
0.886123383977352
0.890678448618258
1.45505131067353
1.67684925824659
1.76977528791672
1.73898427640005
1.66942490534405
1.72264790913029
1.81374199276508
1.90119231305447
1.9451446205323
2.187338835711
2.21984528228256
2.29105147099126
2.43940941215161
2.46183303566555
2.48335971423892
2.62402532566937
2.55906431264259
2.65670174013689
2.71043367053141
2.84201632371016
2.96833567076175
2.96960224393128
3.05081815417403
3.04878542800707
3.96683401088678
4.80816065045131
5.01583422443326
5.21520085545593
5.00659282123769
5.04632910838819
4.92447594405266
5.08749690629055
5.44399703003893
5.70623714883737
5.51798766288388
6.13726815636852
6.13177743011378
6.04650633290923
6.04464607959286
6.40286023640915
6.22674582695278
6.37767599387467
6.40256895411968
6.2664661959549
6.2958075481167
6.12397524619203
6.11901623634435
5.91425558689058
5.71768536341495
5.60897794887835
5.66461883092322
5.79803407768629
6.60611271457884
6.74186820599569
6.59219347775586
6.48850573864563
7.2289655090998
7.29980688873581
7.12781461318638
7.20270202865892
7.35459394751256
7.42041018961206
7.56359378202758
7.54105003074648
7.35940802951662
7.30503170833595
7.33283044000251
7.27951722240241
7.22833653350632
7.17920307216606
7.01203494927942
6.85155355130825
6.69749140925592
6.50959175288568
6.48920808277025
6.42963975945944
7.13245416908106
8.20715600231782
8.11886976222511
7.9541149717361
7.91595037286666
7.91931235795199
7.68253986363391
7.73523826908856
7.54582873832501
7.48399558879201
7.22463576524033
7.17565033463072
6.92862432124549
6.85147934839567
6.69742017445984
6.58952336748145
6.56594243278219
6.3433047354709
6.24957254605207
6.19958964420999
6.27160605844159
6.30074181610392
6.24871214345977
6.23876365772137
6.10921311141252
5.94484458695602
5.78705080347778
5.71556877133867
5.64694602048512
5.54106817966571
5.43942545247909
5.54184843437992
5.56017449700473
5.45776751712454
5.43945681643956
5.50187854378197
5.3618034020307
5.18733126594947
5.05983801531149
5.05744449469903
5.21514671491107
5.24654084631463
5.35667921246204
5.22241204396356
5.21351556220502
5.16497493971682
5.11837594212814
5.03364090444302
4.9522952682653
4.95420345753468
4.9560353192333
5.59779390646397
6.17388215020541
6.32692686419719
6.7138497896293
6.60529579804413
6.54108396612236
6.59944060747747
6.45546298317837
6.47724446385124
6.61815468529719
6.5934284978853
6.64969135796989
6.74370370365109
7.07395555550505
7.03099733328485
7.02975743995345
7.10856714235531
7.1042244566611
7.38005547839466
7.28485325925887
7.23345912888852
7.14412076373298
7.17835593318366
6.97122169585631
7.01237282802206
7.05187791490118
6.84980279830513
6.81581068637292
6.94317825891801
6.74545112856129
6.59563308341883
6.37180776008208
6.5169354496788
6.61625803169165
6.59160771042398
6.52794340200702
6.50682566592674
6.52655263928967
6.42549053371808
6.16847091236936
6.16173207587459
6.1552627928396
6.14905228112602
6.02309018988098
5.90216658228574
5.66607991899431
5.59943672223454
5.61545925334515
5.51084088321135
5.53040724788289
5.42919095796758
5.33202331964887
5.15874238686292
5.1123926913884
5.14789698373287
5.06198110438355
4.89950186020821
4.70352178579988
4.87538091436789
4.84036567779317
4.76675105068144
4.69608100865418
4.58823776830802
4.4447082575757
4.38691992727267
4.25144313018176
4.12138540497449
3.99652998877551
3.95666878922449
3.83840203765551
3.84486595614929
3.73107131790332
3.66182846518719
3.5953553265797
3.45154111351651
3.35347946897585
3.21934029021682
3.09056667860814
3.00694401146382
2.88666625100526
2.81119960096505
2.69875161692645
2.59080155224939
2.48716949015942
2.42768271055304
2.41057540213092
2.31415238604568
2.30158629060385
2.2495228389797
2.19954192542051
2.15156024840369
2.10549783846754
2.02127792492884
1.94042680793169
1.98280973561442
2.02349734618984
1.98255745234225
1.90325515424856
1.82712494807862
1.75403995015547
1.68387835214925
1.61652321806328
1.55186228934075
1.48978779776712
1.47019628585644
1.41138843442218
1.39493289704529
1.33913558116348
1.28557015791694
1.23414735160026
1.18478145753625
1.1373901992348
1.09189459126541
1.04821880761479
1.0062900553102
1.00603845309779
1.00579691497388
0.965565038374927
0.92694243683993
0.889864739366333
0.85427014979168
0.860099343800012
0.865695370048012
0.831067555246091
0.797824853036248
0.765911858914798
0.735275384558206
0.705864369175878
0.677629794408842
0.650524602632489
0.624503618527189
0.599523473786102
0.575542534834658
0.552520833441271
0.53042000010362
0.509203200099476
0.528835072095497
0.507681669211677
0.48737440244321
0.467879426345481
0.489164249291662
0.549597679319995
0.527613772147196
0.506509221261308
0.486248852410855
0.466798898314421
0.448126942381844
0.430201864686571
0.452993790099108
0.554874038495143
0.572679076955338
0.669771913877124
0.642981037322039
0.657261795829158
0.670971323995991
0.644132471036152
0.618367172194706
0.713632485306917
0.765087185894641
0.774483698458855
0.823504350520501
0.830564176499681
0.877341609439693
0.842247945062106
0.848558027259621
0.814615706169237
0.982031077922467
1.10274983480557
1.17863984141335
1.17149424775681
1.16463447784654
1.15804909873268
1.19172713478337
1.26405804939204
1.29349572741635
1.4417558983197
1.46408566238691
1.48552223589144
1.74610134645578
1.87625729259755
2.08120700089365
2.0379587208579
2.19644037202358
2.38858275714264
2.69303944685693
2.98531786898266
3.02590515422335
3.26486894805442
3.33427419013224
3.32090322252695
3.38806709362587
3.45254440988084
3.4744426334856
3.53546492814618
3.71404633102033
3.72548447777952
3.81646509866834
3.7038064947216
3.75565423493274
3.72542806553543
3.85641094291401
4.06215450519745
4.05966832498955
3.93728159198997
3.93979032831037
3.98219871517796
3.86291076657084
3.90839433590801
3.87205856247169
3.95717621997282
4.07888917117391
4.15573360432695
4.34950426015387
4.33552408974772
4.60210312615781
4.7380190011115
4.66849824106704
4.88175831142436
4.76648797896738
4.85582845980869
4.98159532141634
5.30233150855968
5.2902382482173
5.2386287182886
5.10908356955706
4.94472022677478
5.02693141770379
5.10585416099563
5.10161999455581
5.13755519477358
5.01205298698263
5.17157086750333
5.20470803280319
5.19651971149107
5.34865892303142
5.49471256611017
5.75492406346576
5.68472710092713
5.97733801689005
6.09824449621444
6.21431471636587
6.24574212771123
6.51591244260278
6.57527594489867
6.51226490710272
6.61177431081862
6.58730333838587
6.64381120485044
6.61805875665642
6.59333640639016
6.80960295013455
6.89721883212917
6.86133007884401
6.98687687569025
6.78740180066263
6.71590572863613
6.96726949949068
6.92857871951106
6.97143557073061
7.13257814790139
7.24727502198533
7.11738402110592
7.43268866026168
7.41538111385121
7.19876586929717
7.31081523452528
7.25838262514427
7.0080473201385
7.04772542733296
6.88581641023964
6.85038375383005
6.77636840367685
6.78531366752978
6.75390112082859
6.92374507599544
6.80679527295562
6.9745234620374
6.9355425235559
6.97812082261367
6.89899598970912
6.82303615012076
6.87011470411593
6.87531011595129
6.92029771131324
6.84348580286071
6.64974637074628
6.90375651591643
6.78760625527977
6.75610200506858
6.80585792486584
6.7736236078712
6.82267866355636
6.8297715170141
6.67658065633354
6.60951743008019
6.62513673287699
6.60013126356191
6.65612601301943
6.90988097249865
7.27348573359871
7.30254630425476
7.45044445208457
7.67242667400119
7.64552960704114
7.85970842275949
7.94532008584911
8.14750728241515
8.14160699111854
8.0959427114738
8.13210500301485
8.20682080289425
8.31854797077848
8.42580605194734
8.36877380986945
8.39402285747467
8.45826194317568
8.59993146544866
8.53593420683071
8.47449683855748
8.37551696501518
8.32049628641457
8.18767643495799
8.34016937755967
8.20656260245728
8.03830009835899
8.07676809442463
7.87369737064765
7.75874947582174
7.68839949678887
7.70086351691732
7.71282897624062
7.644315817191
7.69854318450336
7.63060145712322
7.68537739883829
7.45796230288476
7.39964381076937
7.4236580583386
7.24671173600505
6.99684326656485
6.95696953590226
6.83869075446617
6.76514312428752
6.65453739931602
6.54835590334338
6.36642166720964
6.23176480052126
6.14249420850041
6.01679444016039
5.97612266255397
5.81707775605182
5.58439464580974
5.48101885997735
5.34177810557826
5.28810698135513
5.15658270210092
4.95031939401689
4.75230661825621
4.72221435352596
4.61332577938492
4.50879274820953
4.40844103828115
4.2721033967499
4.2212192608799
4.05237049044471
3.97027567082692
3.81146464399384
3.65900605823409
3.59264581590472
3.44893998326854
3.31098238393779
3.29854308858028
3.20660136503707
3.15833731043559
3.11200381801816
3.02752366529744
2.94642271868554
2.98856580993812
2.86902317754059
2.75426225043897
2.64409176042141
2.53832809000455
2.43679496640437
2.3793231677482
2.28415024103827
2.19278423139674
2.10507286214087
2.02086994765523
1.94003514974902
1.86243374375906
1.7879363940087
1.71641893824835
1.64776218071842
1.58185169348968
1.55857762575009
1.53623452072009
1.47478513989129
1.49579373429563
1.43596198492381
1.37852350552686
1.36338256530578
1.30884726269355
1.25649337218581
1.20623363729838
1.15798429180644
1.11166492013418
1.14719832332882
1.18131039039566
1.13405797477984
1.08869565578864
1.0451478295571
1.00334191637481
0.963208239719822
0.924679910131029
0.887692713725787
0.852185005176756
0.818097604969686
0.785373700770898
0.833958752740062
0.84060040263046
0.806976386525241
0.814697331064232
0.782109437821662
0.750825060308796
0.720792057896444
0.731960375580586
0.742681960557363
0.712974682135068
0.684455694849665
0.697077467055679
0.749194368373452
0.719226593638513
0.690457529892973
0.702839228697254
0.674725659549364
0.687736633167389
0.660227167840694
0.633818081127066
0.608465357881983
0.584126743566704
0.640761673824036
0.695131206871074
0.667325958596231
0.640632920252382
0.735007603442287
0.865607299304595
0.910983007332411
0.954543687039115
0.91636193955755
1.03970746197525
1.11811916349624
1.19339439695639
1.22565862107813
1.29663227623501
1.36476698518561
1.39017630577818
1.53456925354706
1.95318648340517
2.07505902406897
2.03205666310621
2.19077439658196
2.14314342071868
2.21741768388993
2.24872097653434
2.23877213747296
2.26922125197404
2.33845240189508
2.32491430581928
2.27191773358651
2.34104102424305
2.32739938327333
2.31430340794239
2.3417312716247
2.60806202075971
2.62373953992932
2.95878995833215
3.08043835999886
3.15722082559891
3.19093199257495
3.18329471287195
3.21596292435707
3.16732440738279
3.28063143108748
3.18940617384398
3.18182992689022
3.25455672981461
3.20437446062203
3.15619948219715
3.18995150290926
3.34235344279289
3.44865930508117
3.47071293287793
3.53188441556281
3.5906090389403
3.68698467738269
3.73950529028738
3.74992507867588
3.87992807552885
4.12473095250769
4.23974171440739
4.27015204583109
4.29934596399785
4.36737212543793
4.47267724042042
4.4537701508036
4.43561934477145
4.6581945709806
4.75186678814137
4.72179211661572
4.85292043195109
5.01880361467305
5.17805147008612
5.29092941128268
5.31929223483137
5.30652054543812
5.21425972362059
5.16568933467577
5.11906176128874
5.19429929083719
5.2265273192037
5.21746622643555
5.20876757737813
5.24041687428301
5.11080019931169
5.06636819133922
5.26371346368565
5.29316492513822
5.16143832813269
5.39498079500739
5.53918156320709
5.51761430067881
5.49690972865166
5.71703333950559
5.68835200592537
5.86081792568835
5.98638520866082
6.10692980031439
6.26265260830181
6.21214650396974
6.08366064381095
6.12031421805851
6.11550164933617
6.23088158336272
6.54164632002821
6.67998046722709
6.772781248538
6.82186999859648
6.74899519865262
6.87903539070652
6.92387397507826
6.80691901607513
6.85464225543212
6.94045656521484
6.90283830260624
6.82672477050199
6.87365577968191
6.87870954849464
6.92356116655485
6.80661871989266
6.65435397109695
6.54817981225307
6.68625261976295
6.77880251497243
6.54765041437353
6.60574439779859
6.54151462188665
6.59985403701118
6.49585987553074
6.51602548050951
6.57538446128913
6.63236908283756
6.48707431952406
6.6275913467431
6.80248769287337
6.65038818515844
6.5843726577521
6.68099775144201
6.65375784138433
6.62760752772896
6.8025032266198
6.85040309755501
6.85638697365281
7.0221314947067
7.02124623491843
7.10039638552169
7.01638053010083
6.97572530889679
7.17669629654092
7.40962844467928
7.51324330689211
7.53271357461643
7.47140503163177
7.5325488303665
7.71124687715184
8.00279700206576
8.12268512198313
7.91777771710381
7.76106660841966
7.93062394408287
7.97339898631955
7.81446302686677
8.0218845057921
8.06100912556042
8.058568760538
8.17622601011648
8.40917696971182
8.47280989092335
8.45389749528641
8.47574159547496
8.73671193165596
8.66724345438972
8.68055371621413
8.69333156756556
8.82559830486294
8.99257437266842
8.91287139776169
8.83635654185122
8.84290228017717
8.84918618897008
8.65521874141128
8.58900999175482
8.60544959208463
8.46123160840124
8.36278234406519
8.38827105030258
8.21274020829048
8.32423059995886
8.15126137596051
7.94521092092209
7.6674024840852
7.4807063847218
7.30147812933292
7.08941900415961
7.08584224399322
6.92240855423349
6.80551221206415
6.57329172358159
6.39036005463833
6.21474565245279
6.04615582635468
5.88430959330049
5.92893720956847
5.73177972118573
5.5025085323383
5.36240819104477
5.26791186340298
5.09719538886686
4.97330757331219
4.8143752703797
4.74180025956451
4.59212824918193
4.48844311921465
4.30890539444607
4.17654917866822
4.08948721152149
3.92590772306063
3.76887141413821
3.61811655757268
3.47339189526977
3.37445621945898
3.31947797068062
3.2666988518534
3.13603089777926
3.01058966186809
2.93016607539337
2.85295943237763
2.77884105508253
2.66768741287923
2.60097991636406
2.4969407197095
2.39706309092112
2.30118056728427
2.2491333445929
2.15916801080918
2.07280129037682
1.98988923876174
1.91029366921127
1.87388192244282
1.79892664554511
1.76696957972331
1.69629079653437
1.628439164673
1.60330159808608
1.53916953416264
1.51760275279613
1.45689864268428
1.39862269697691
1.34267778909784
1.28897067753392
1.23741185043257
1.22791537641526
1.17879876135865
1.13164681090431
1.08638093846813
1.04292570092941
1.00120867289223
0.961160325976543
0.922713912937482
0.885805356419982
0.850373142163183
0.816358216476656
0.783703887817589
0.752355732304886
0.72226150301269
0.733371042892183
0.704036201176495
0.675874753129435
0.648839763004258
0.622886172484088
0.597970725584724
0.574051896561335
0.551089820698882
0.529046227870926
0.507884378756089
0.487569003605846
0.468066243461612
0.449343593723147
0.431369849974221
0.454115055975253
0.435950453736242
0.418512435586793
0.401771938163321
0.385701060636788
0.370273018211317
0.355462097482864
0.341243613583549
0.367593869040207
0.352890114278599
0.338774509707455
0.325223529319157
0.312214588146391
0.299726004620535
0.287736964435714
0.476227485858285
0.497178386423954
0.677291250966995
0.890199600928316
1.29459161689118
2.48280795221554
2.58349563412691
2.52015580876184
2.41934957641136
2.36257559335491
2.38807256962071
2.29254966683588
2.40084768016245
2.38481377295595
2.56942122203771
2.6266443731562
2.64157859822996
2.61591545430076
2.59127883612873
2.60762768268358
2.62332257537624
2.67838967236119
2.93125408546674
2.93400392204807
2.85664376516615
2.8223780145595
2.78948289397712
2.83790357821804
2.76438743508931
2.81381193768574
2.94125946017831
3.06360908177118
3.06106471850033
3.05862212976032
2.97627724456991
3.13722615478711
3.81173710859562
3.8592676242518
3.98489691928173
4.98550104251046
4.98608100081004
4.94663776077764
4.98877225034653
4.98922136033267
4.94965250591937
5.11166640568259
5.06719974945529
5.02451175947708
5.10353128909799
5.05939003753407
5.01701443603271
4.8563338585914
4.82208050424775
4.98919728407784
4.98962939271472
5.67004421700613
5.88324244832589
5.84791275039285
5.81399624037714
5.82143639076205
5.82857893513157
5.63543577772631
5.49001834661725
5.51041761275256
5.33000090824246
5.27680087191276
5.26572883703625
5.1350996835548
5.24969569621261
5.15970786836411
5.11331955362954
5.10878677148436
5.06443530062499
4.98185788859999
4.90258357305599
4.98648023013375
4.8270210209284
4.75394018009126
4.68378257288761
5.09643126997211
5.57257401917322
6.50967105840629
6.40928421607004
6.35291284742724
6.49879633353015
6.27884448018894
6.18769070098139
6.18018307294213
6.17297575002445
6.16605672002347
6.39941445122253
6.50343787317363
6.84330035824668
7.16956834391681
7.24278561016014
7.23307418575374
7.26375121832359
7.21320116959064
7.12467312280702
6.95968619789474
6.88129874997895
6.88604679997979
6.9306049279806
6.85338073086137
6.89924550162692
6.94327568156184
6.90554465429937
6.82932286812739
7.7561499534023
7.6059039552662
7.70166779705556
7.75360108517333
7.9234570417664
8.20651876009575
8.99825800969192
9.03832768930424
9.03679458173207
9.03532279846278
8.83390988652427
8.6805534910633
8.53333135142077
8.39199809736394
8.21631817346938
8.1276654465306
7.88255882866938
7.6472564755226
7.5413662165017
7.43971156784163
7.22212310512797
7.13323818092285
7.16790865368593
7.4011923075385
7.38514461523696
7.24973883062748
7.27974927740238
7.94855930630628
7.87061693405403
7.87579225669187
7.9607605664242
7.92233014376723
7.64543693801654
7.49961946049588
7.55963468207604
7.297249294793
7.24535932300128
7.39554495008123
7.25972315207798
7.16933422599486
7.28256085695507
7.27125842267686
7.22040808576979
7.171591762339
7.12472809184544
7.15973896817162
7.03334940944475
7.03201543306696
7.03073481574429
7.02950542311451
6.86832520618993
6.75359219794234
6.84344851002464
6.88971056962366
7.05412214683871
6.97195726096516
6.97307897052656
6.81415581170549
6.82158957923727
6.94872599606778
6.99077695622507
7.03114587797607
6.86990004285702
6.79510404114274
6.80329987949703
6.85116788431715
6.97712116894447
7.01803632218669
7.17731486929922
7.09022227452725
7.08661338354616
7.20314884820432
7.11502289427614
6.9104219785051
6.71400509936489
6.6454448953903
6.49962709957468
6.4796420155917
6.42045633496803
6.32363808156931
6.27069255830654
6.17986485597427
6.0526702617353
5.93056345126589
5.81334091321525
5.86080727668664
5.82637498561918
5.71331998619441
5.60478718674664
5.50059569927677
5.2805718713057
5.26934899645347
5.13857503659533
5.09303203513152
4.96931075372626
4.89053832357721
4.97491679063412
4.77592011900875
4.6648833142484
4.51828798167847
4.45755646241133
4.35925420391487
4.30488403575828
4.21268867432795
4.08418112735483
4.00081388226064
4.04078132697021
3.8791500738914
3.76398407093575
3.69342470809832
3.54568771977438
3.40386021098341
3.30770580254407
3.17539757044231
3.12838166762462
3.00324640091963
2.88311654488285
2.76779188308753
2.65708020776403
2.55079699945347
2.48876511947533
2.42921451469632
2.37204593410847
2.31716409674413
2.22447753287436
2.13549843155939
2.05007849429701
2.04807535452513
1.96615234034413
1.88750624673036
1.81200599686115
1.7395257569867
1.70994472670723
1.68154693763894
1.61428506013338
1.54971365772805
1.48772511141893
1.42821610696217
1.37108746268368
1.31624396417634
1.26359420560928
1.21305043738491
1.16452841988951
1.11794728309393
1.07322939177018
1.07030021609937
1.02748820745539
0.986388679157179
0.946933131990892
0.909055806711256
0.872693574442806
0.837785831465094
0.84427439820649
0.85050342227823
0.816483285387101
0.823823953971617
0.830870995812752
0.797636155980242
0.765730709741033
0.775101481351391
0.744097422097336
0.754333525213442
0.764160184204904
0.813593776836708
0.78105002576324
0.74980802473271
0.719815703743402
0.691023075593666
0.703382152569919
0.715246866467122
0.726636991808437
0.7775715121361
0.746468651650656
0.71660990558463
0.767945509361244
0.777227688986795
0.746138581427323
0.75629303817023
0.80604131664342
0.933799663977684
0.936447677418576
0.898989770321833
0.90303017950896
0.946908972328601
0.989032613435457
0.989471308898039
0.989892456542117
1.03029675828043
1.06908488794922
1.10632149243125
1.262068632734
1.41158588742464
1.39512245192765
1.45931755385054
1.60094485169652
1.69690705762866
1.62903077532352
1.60386954431057
1.65971476253815
1.71332617203663
1.72479312515516
1.93580140014895
1.938369344143
2.02083457037728
2.14000118756219
2.2944011400597
2.32262509445731
2.50972009067902
2.56933128705186
2.62655803556978
2.76149571414699
2.85103588558111
3.05699445015787
3.21471467215155
3.44612608526549
3.54828104185487
4.12634980018068
4.24129580817345
4.27164397584651
4.42077821681265
4.40394708814014
4.26778920461454
4.21707763642996
4.44839453097276
4.51045874973385
4.65004039974449
4.58403878375471
4.56067723240453
4.53825014310834
4.51672013738401
4.69605133188865
4.6682092786131
4.88148090746858
4.88622167116984
4.93077280432304
5.01354189215012
5.05300021646412
5.17088020780555
5.16404499949333
5.2374831995136
5.22798387153305
5.25886451667173
5.16850993600486
5.08176953856467
5.07849875702208
5.1953588067412
5.18754445447155
5.26004267629269
5.24964096924098
5.15965533047134
5.27326911725249
5.22233835256239
5.25344481845989
5.2833070257215
5.39197474469264
5.45629575490493
5.51804392470873
5.65732216772038
5.71102928101157
5.64258810977111
5.65688458538026
5.71060920196505
5.68218483388645
5.77489744053099
5.70390154290975
5.63574548119336
5.69031566194563
5.5427030354678
5.56099491404909
5.49855511748713
5.55861291278764
5.65626839627614
5.67001766042509
5.56321695400809
5.46068827584776
5.40226074481385
5.5061703150213
5.56592350242045
5.78328656232363
5.83195509983068
5.95867689583746
5.92032982000396
6.2035166272038
6.23537596211565
6.38596092363102
6.45052248668578
6.39250158721835
6.33680152372962
6.56332946278043
6.42079628426921
6.56396443289845
6.66140585558251
6.55494962135921
6.49275163650484
6.51304157104465
6.41251990820286
6.39601911187475
6.38017834739976
6.36497121350377
6.31037236496361
6.41795747036507
6.52123917155047
6.50038960468845
6.48037402050091
6.62115905968087
6.59631269729364
6.69246018940189
6.74476178182582
6.67497131055279
6.52797245813067
6.66685355980545
6.52017941741323
6.6593722407167
6.67299735108803
6.88607745704451
6.97063435876273
6.85180898441222
6.77773662503573
6.8266271600343
6.87356207363293
6.91861959068761
6.80187480706011
6.9697998147777
6.8910078221866
7.33536750929913
7.72195280892717
7.69307469657008
7.62535170870728
7.56033764035899
7.57792413474463
7.47480716935484
7.73581488258065
7.74638228727742
7.87652699578632
7.76146591595487
7.89100727931668
8.05536698814401
7.97315230861825
8.09422621627352
8.13045716762258
8.32523888091767
8.51222932568097
8.53174015265373
8.51047054654758
8.41005172468568
8.39364965569825
8.45790366947032
8.3995875226915
8.54360402178384
8.32185986091249
8.30898546647599
8.29662604781695
8.36476100590427
8.4301705656681
8.49296374304138
8.35324519331972
8.17911538558693
8.13195077016345
8.24667273935691
8.23680582978264
8.22733359659133
8.09824025272768
8.01431064261857
7.85373821691383
7.89958868823727
7.66360514070778
7.67706093507947
7.64997849767629
7.62397935776924
7.59902018345847
7.53505937612013
7.39365700107533
7.33791072103231
7.16439429219102
7.19781852050338
7.02990577968325
6.98870954849592
6.74916116655608
6.63919471989384
6.49362693109808
6.31388185385416
6.10132657969999
5.93727351651199
5.73978257585151
5.63019127281745
5.48498362190475
5.30558427702856
5.17336090594742
5.04642646970952
4.92456941092114
4.7275866344843
4.57848316910493
4.43534384234073
4.2979300886471
4.16601288510122
3.99937236969717
3.87939747490928
3.72422157591291
3.61525271287639
3.51064260436134
3.41021690018688
3.27380822417941
3.18285589521223
3.05554165940374
3.01331999302759
2.93278719330649
2.81547570557423
2.74285667735126
2.63314241025721
2.52781671384692
2.46670404529304
2.36803588348132
2.31331444814207
2.22078187021639
2.17195059540773
2.12507257159142
2.08006966872776
1.99686688197865
1.91699220669951
1.84031251843153
1.80670001769427
1.7744320169865
1.70345473630704
1.63531654685475
1.56990388498056
1.50710772958134
1.44682342039809
1.38895048358216
1.33339246423888
1.28005676566932
1.22885449504255
1.17970031524085
1.13251230263121
1.08721181052596
1.04372333810493
1.00197440458073
0.961895428397499
0.923419611261599
0.886482826811135
0.85102351373869
0.816982573189142
0.784303270261577
0.752931139451114
0.762813893873069
0.812301338118146
0.81980928459342
0.787016913209684
0.755536236681296
0.765314787214044
0.734702195725483
0.705314107896463
0.717101543580605
0.68841748183738
0.740880782563885
0.71124555126133
0.682795729210877
0.695483900042442
0.707664544040744
0.679357962279114
0.85218364378795
0.858096298036432
0.863772446114974
0.869221548270375
0.87445268633956
0.839474578885978
0.925895595730539
0.928859771901317
0.891705381025264
0.976037165784254
1.01699567915288
1.09631585198677
1.1724632179073
1.32556468919101
1.31254210162337
1.42004041755843
1.44323880085609
1.50550924882185
1.48528887886898
1.50587732371422
1.52564223076565
1.62461654153502
1.63963187987362
1.89404660467868
2.09828474049153
2.21435335087187
2.24577921683699
2.43594804816351
2.53851012623697
2.55696972118749
2.73469093234
2.6653032950464
2.71869116324454
2.88994351671476
3.17434577604617
3.24737194500432
3.39747706720415
3.58157798451598
3.51831486513534
3.53758227052993
3.55607897970873
3.77383582052038
3.86288238769957
3.78836709219158
3.75683240850392
3.64655911216376
3.70069674767721
3.75266887777012
3.96256212265932
4.04405963775295
3.92229725224283
3.88540536215312
3.84998914766699
3.89598958176031
4.1401499984899
4.1745439985503
4.24756223860829
4.27765974906396
4.3465533591014
4.29269122473734
4.32098357574785
4.42814423271794
4.53101846340922
4.66977772487285
4.68298661587794
4.69566715124282
4.70784046519311
4.59952684658538
4.57554577272197
4.71252394181309
4.88402298414057
4.88866206477494
5.01311558218395
5.17259095889659
5.28568732054072
5.5542598277191
5.73208943461033
5.74280585722592
5.87309362293688
6.1181698780194
6.11344308289863
6.10890535958268
6.06454914519938
6.0619671793914
6.17948849221575
6.25230895252712
6.16221659442603
6.11572793064899
6.31109881342303
6.61865486088611
6.63390866645066
6.64855231979264
6.70261022700093
6.95450581792089
6.91632558520406
7.0396725617959
7.03808565932406
7.0765622329511
6.91349974363305
7.03695975388773
7.03548136373222
6.99406210918293
6.95429962481562
7.03612763982299
6.99468253423007
7.07489523286087
7.15189942354644
7.26582344660458
7.2551905087404
7.24498288839078
7.27518357285515
7.26417622994094
7.2936091807433
7.40186481351357
7.46579022097303
7.24715861213411
7.19727226764874
7.02938137694279
6.86820612186508
6.83347787699048
7.00013876191086
6.88013321143443
7.04492788297705
7.12313076765797
7.03820553695165
7.11667731547358
7.63201022285464
7.68672981394045
7.65926062138283
7.63289019652752
7.56757458866642
7.54487160511976
7.40307674091497
7.34695367127837
7.17307552442724
6.96615250345015
7.04750640331214
6.96560614717966
6.72698190129247
6.57790262524077
6.35478652023114
6.66059505942189
6.71417125704502
6.68560440676322
6.85818023049269
6.66385302127298
6.59729890042206
6.69340694440518
6.70567066662897
6.63744383996381
6.53194608636526
6.71066824291065
6.72224151319422
6.89335185266645
6.8576177785598
6.7833130674174
7.03198054472071
7.07070132293188
7.10787327001461
7.18355833921402
7.13621600564546
7.33076736541964
7.23753667080286
7.38803520397074
7.37251379581191
7.47761324397943
7.65850871422026
7.63216836565145
7.56688163102539
7.50420636578437
7.724038111153
8.01507658670688
8.0544735232386
8.29229458230906
8.28060279901669
8.26937868705603
8.17860353957378
8.25145939799083
8.4014010220712
8.46534498118835
8.36673118194082
8.23206193466318
8.26277945727665
8.09226827898559
8.08857754782616
8.16503444591312
8.15843306807659
8.03209574535353
7.99081191553939
8.03117943891781
7.9099322613611
7.63353497090666
7.56819357207039
7.62546582918757
7.60044719602007
7.49642930817927
7.5565721358521
7.33430925041801
7.28093688040129
7.42969940518524
7.25251142897783
7.04241097181872
6.84071453294597
6.80708595162813
6.654802513563
6.42861041302048
6.29146599649966
6.07980735663968
5.83661506237409
5.60315045987913
5.45902444148396
5.3206634638246
5.14783692527162
5.02192344826075
4.98104651033032
4.82180464991711
4.62893246392043
4.48377516536361
4.42442415874906
4.2474471923991
4.19754930470314
4.02964733251501
3.86846143921441
3.83372298164583
3.72037406238
3.5715590998848
3.42869673588941
3.29154886645383
3.19988691179568
3.07189143532385
2.9490157779109
2.83105514679446
2.71781294092268
2.60910042328578
2.50473640635434
2.40454695010017
2.30836507209616
2.25603046921232
2.16578925044382
2.07915768042607
2.03599137320903
1.95455171828067
1.87636964954944
1.80131486356746
1.76926226902476
1.69849177826377
1.67055210713322
1.60373002284789
1.53958082193398
1.47799758905662
1.41887768549435
1.36212257807458
1.3076376749516
1.25533216795353
1.20511888123539
1.15691412598598
1.19063756094654
1.14301205850868
1.13729157616833
1.09179991312159
1.04812791659673
1.00620279993286
0.965954687935548
0.927316500418126
0.9302238404014
0.893014886785344
0.857294291313931
0.823002519661373
0.790082418874918
0.758479122119922
0.768139957235125
0.73741435894572
0.707917784587891
0.679601073204375
0.6524170302762
0.706320349065152
0.678067535102546
0.650944833698444
0.624907040350506
0.639910758736486
0.614314328387027
0.589741755251546
0.606152085041484
0.581906001639824
0.598629761574231
0.574684571111262
0.551697188266812
0.529629300736139
0.508444128706694
0.528106363558426
0.506982109016089
0.486702824655445
0.467234711669227
0.488545323202458
0.54900351027436
0.567043369863386
0.58436163506885
0.560987169666096
0.578547682879452
0.595405775564274
0.651589544541703
0.705525962760035
0.677304924249634
0.890212727279648
1.25460421818846
1.52442004946092
1.86344324748249
2.26890551758319
2.45814929687986
2.71982332500467
2.85103039200448
3.0169891763243
3.05630960927133
3.29405722490047
3.20229493590445
3.11420313846828
3.14963501292954
3.22364961241236
3.49470362791587
3.63491548279923
3.84951886348726
4.21553810894777
5.12691658458986
5.16183992120627
5.35536632435802
5.4611516713837
5.40270560452835
5.38659738034722
5.41113348513333
5.27468814572799
5.34370061989887
5.20995259510292
5.0815544912988
5.11829231164685
5.07356061918098
5.03061819441374
4.86939346663719
4.7946177279717
4.80283301885283
4.77071969809872
4.61989091017477
4.63509527376778
4.52969146281707
4.46850380430438
4.44976365213221
4.43177310604692
4.41450218180504
4.47792209453284
4.41880521075153
4.44205300232147
4.46437088222861
4.52579604693946
4.66476420506189
4.67817363685941
4.89104669138503
4.89540482372963
4.97958863078045
5.06040508554923
5.09798888212726
5.09406932684217
5.13030655376848
5.24509429161774
5.23529051995303
5.14587889915491
5.14004374318872
5.45444199346117
5.63626431372272
5.61081374117381
5.50638119152686
5.52612594386578
5.58508090611115
5.48167766986671
5.50241056307204
5.52231414054916
5.66142157492719
5.6349647119301
5.6095661234529
5.82518347851478
5.87217613937419
5.91728909379922
6.00059753004725
6.12057362884536
6.03575068369155
5.87432065634389
6.35934783009013
6.30497391688653
6.53277496021106
6.39146396180262
6.29580540333052
6.2439731871973
6.3142142597094
6.38164568932103
6.24637986174819
6.51652466727826
6.77586368058713
7.02482913336364
7.0238359680291
7.10288252930793
7.37876722813562
7.60361653901019
7.53947187744978
7.43789300235179
7.66037728225772
7.71396219096741
7.68540370332871
7.69798755519557
7.59006805298774
7.40646533086823
7.5102067176335
7.48979844892816
7.39020651097104
7.3345982505322
7.36121432051091
7.10676574769047
6.98249511778285
6.86319531307154
6.78866750054868
6.75712080052673
6.80683596850566
6.61456252976544
6.50998002857482
6.32958082743183
6.43639759433455
6.25894169056117
6.20858402293872
6.20024066202117
6.39223103554033
6.41654179411871
6.35988012235396
6.22548491745981
6.17646552076141
6.44940689993096
6.39143062393372
6.29577339897637
6.24394246301732
6.15418476449662
6.30801737391676
6.41569667896009
6.47906881180168
6.89990605932962
6.98390981695643
7.06455342427817
7.22197128730705
7.33309243581477
7.35976873838217
7.46537798884689
7.48676286929301
7.58729235452129
7.84380066034044
7.89004863392682
8.01444668856975
8.09386882102696
8.21011406818588
8.36170950545844
8.38724112524011
8.4517514802305
8.47368142102128
8.41473416418043
8.55814479761321
8.61581900570868
8.63118624548034
8.88593879566112
9.05050124383468
9.20848119408129
9.04014194631804
9.03853626846531
9.1169948177267
9.19231502501763
9.30462242401692
9.09243752705625
9.008740025974
8.80839042493504
8.73605480793763
8.62661261562013
8.56154811099532
8.49908618655551
8.27912273909329
8.30795782952955
8.25563951634837
8.16541393569444
8.23879737826666
8.06924548313599
8.06647566381055
8.06381663725813
7.8612639717678
7.86681341289709
7.75214087638121
7.48205524132596
7.38277303167292
7.167462110406
7.08076362598976
6.99753308095017
7.03763175771217
6.91612648740368
6.75948142790753
6.72910217079123
6.53993808395958
6.4383405606012
6.26080693817715
6.13037466065006
6.00515967422406
5.7649532872551
5.57435515576489
5.4313809495343
5.37412571155293
5.27916068309081
5.26799425576718
5.13727448553649
5.01178350611503
4.81131216587043
4.61885967923561
4.47410529206619
4.29514108038354
4.2033354371682
4.07520201968147
3.91219393889421
3.87570618133844
3.7206779340849
3.61185081672151
3.54737678405265
3.40548171269054
3.26926244418292
3.1784919464156
3.09135226855898
2.96769817781662
2.84899025070396
2.7350306406758
2.62562941504877
2.52060423844681
2.41978006890894
2.32298886615258
2.23006931150648
2.14086653904622
2.05523187748437
2.013022602385
1.9325016982896
1.85520163035801
1.78099356514369
1.70975382253794
1.64136366963643
1.61570912285097
1.55108075793693
1.48903752761945
1.42947602651468
1.37229698545409
1.31740510603592
1.26470890179449
1.21412054572271
1.2055557238938
1.15733349493805
1.11104015514053
1.0665985489349
1.10393460697751
1.05977722269841
1.05738613379047
1.01509068843885
0.974487060901299
0.935507578465247
0.898087275326637
0.862163784313572
0.867677232941029
0.832970143623388
0.799651337878452
0.807665284363314
0.815358672988781
0.78274432606923
0.751434553026461
0.761377170905402
0.770922084069186
0.740085200706419
0.710481792678162
0.682062520971035
0.654780020132194
0.668588819326906
0.64184526655383
0.616171455891677
0.63152459765601
0.646263613749769
0.700413069199778
0.712396546431787
0.723900684574516
0.774944657191535
0.863946870903874
0.989388996067719
0.94981343622501
1.15182089877601
1.22574806282497
1.21671814031197
1.36804941469949
1.55332743811151
1.61119434058705
1.66674656696357
1.68007670428503
1.73287363611363
1.82355869066908
1.79061634304232
2.07899168932062
2.0758320217478
2.03279874087789
2.03148679124277
2.07022731959306
2.10741822680934
2.26312149773696
2.33259663782749
2.43929277231439
2.46172106142181
2.48325221896494
2.54392213020634
2.56216524499809
2.65967863519816
3.07329148979024
3.23035983019863
3.46114543699068
3.64269961951105
3.93699163473061
4.09951196934139
4.37553149056773
4.52051023094502
4.49968982170722
4.59970222883893
4.61571413968538
4.63108557409796
4.60584215113404
4.62160846508868
4.63674412648513
4.73127436142573
4.7820233869687
4.83074245148995
4.91751275343035
4.92081224329314
4.80397975356141
4.73182056341896
4.7825477408822
4.71124583124691
4.72279599799703
4.77388415807715
4.82292879175407
4.9500116400839
5.03201117448055
5.15073072750133
5.10470149840127
5.66051343846522
5.75409290092661
5.72392918488955
5.77497201749397
5.90397313679421
6.10781421132244
6.10350164286954
6.01936157715476
6.09858711406857
6.29464362950583
6.40285788432559
6.54674356895257
6.68487382619447
6.73747887314669
6.62797971822082
6.72286052949199
6.89394610831231
6.89818826397982
6.78226073342062
6.7909703040838
6.67933149192045
6.65215823224363
6.90607190295388
6.94982902683573
7.1118358657623
6.98736243113181
6.90786793388654
6.91155321653107
7.15509108786983
7.22888744435504
7.17973194658084
7.0125426687176
7.0920409619689
7.20835932349014
7.12002495055054
7.23522395252852
7.42581499442738
7.44878239465028
7.27083109886427
7.4199978549097
7.32319794071331
7.55027002308478
7.40825922216139
7.71192885327493
7.72345169914393
7.81451363117818
7.74193308593105
7.83225576249381
7.79896553199405
7.84700691071429
7.85312663428572
7.85900156891429
7.66464150615772
7.39805584591141
7.42213361207495
7.48524826759196
7.50583833688828
7.68560480341275
7.57818061127624
7.63505338682519
7.84965125135218
7.73566520129809
7.66623859324617
7.71958904951632
7.85080548753567
7.65677326803424
7.71050233731287
7.52208224382036
7.66119895406754
7.67475099590484
7.68776095606865
7.5802505178259
7.63704049711287
7.61155887722835
7.58709652213922
7.72361266125365
7.6146681548035
7.51008142861136
7.64967817146691
7.66369104460823
7.7971434028239
7.84525766671095
7.81144736004251
7.81898946564081
7.86622988701518
7.79158069153457
7.79991746387319
7.76792076531826
7.73720393470553
7.86771577731731
8.07300714622462
8.23008686037563
8.2208833859606
8.29204805052218
8.44036612850129
8.18275148336124
8.21544142402679
8.28682376706572
8.31535081638309
8.62273678372777
8.55782731237865
8.85551421988351
8.94129365108817
9.30364190504464
9.13149622884285
9.16623637968914
9.23958692450157
8.91000344752151
8.95360330962065
8.83545917723582
9.04204081014639
8.96035917774053
9.08194481063091
9.15866701820567
9.11232033747745
9.26782752397835
9.17711442301921
9.37002984609845
9.27522865225451
9.06421950616433
8.98165072591775
8.94238469688104
9.0246893090058
9.10370173664557
9.05955366717974
8.93717152049255
8.73968465967285
8.55009727328594
8.4880933823545
8.42856964706032
8.4514268611779
8.35336978673079
8.13923499526155
8.09366559545109
8.08991897163305
7.96632221276773
7.80766932425702
