3
3.87
3.9831
3.127803
1.27661439
1.0359598707
1.874674783191
5.46370772181483
4.19028200383593
4.89473666049867
3.24631576586483
5.64202104956243
5.95346273644312
1.64395015573761
0.213713520245889
2.63778275763197
0.342911758492155
0.0445785286039802
0.875795208718517
1.85385337713341
1.98100093902734
1.99753012207355
1.12967891586956
0.146858259063043
0.889091573678196
0.985581904578165
0.128125647595162
0.886656334187371
0.115265323444358
0.884984492047767
0.11504798396621
0.884956237915607
0.985044310929029
1.86805576042077
1.9828472488547
1.12777014235111
1.88661011850564
0.245259315405734
0.901883711002745
0.117244882430357
0.0152418347159464
0.871981438513073
0.113357587006699
0.884736486310871
0.115015743220413
0.0149520466186537
0.871943766060425
0.983352689587855
0.127835849646421
0.0166186604540348
0.00216042585902452
0.870280855361673
0.113136511197018
0.0147077464556123
0.0019120070392296
0.000248560915099848
0.870032312918963
0.113104200679465
0.0147035460883305
0.871911460991483
0.113348489928893
0.0147353036907561
0.00191558947979829
0.000249026632373777
3.23734622085911e-05
4.20855008711684e-06
0.870000547111511
0.113100071124496
0.0147030092461845
0.00191139120200399
0.000248480856260519
3.23025113138674e-05
4.19932647080277e-06
5.4591244120436e-07
7.09686173565668e-08
9.22592025635368e-09
1.19936963332598e-09
1.55918052332377e-10
0.870000000020269
0.113100000002635
0.884703000000343
0.115011390000045
0.0149514807000058
1.741943692491
1.09645268002383
0.142538848403098
0.0185300502924027
0.00240890653801235
0.870313157849942
0.113140710520492
2.62470829236766
2.0812120780078
2.88055757014101
0.374472484118332
0.0486814229353831
0.8763285849816
2.72392271604761
0.354109953086189
0.916034293901205
2.72908445820716
1.22478097956693
1.0292215273437
1.87379879855468
0.243593843812109
0.901667199695574
1.85721673596042
0.241438175674855
0.901386962837731
3.59718030516891
0.467633439671958
0.930792347157354
1.86100300513046
2.85193039066696
2.9807509507867
3.86749762360227
2.2427746910683
3.77156070983888
4.84030289227905
4.10923937599628
4.01420111887952
2.26184614545434
6.38403999890906
6.91992519985818
6.11959027598156
5.1455467358776
3.27892107566409
3.90625973983633
1.37781376617872
3.65911578960323
1.34568505264842
7.13493905684429
3.53754207738976
3.93988047006067
4.86218446110789
6.72208397994403
6.09387091739272
6.01220321926105
7.74158641850394
7.09640623440551
4.40253281047272
5.79232926536145
1.62300280449699
4.56099036458461
8.422928747396
2.83498073716148
0.368547495830992
2.65791117445803
6.43552845267954
4.31661869884834
5.78116043085028
2.49155085601054
4.67390161128137
5.82760720946658
5.97758893723065
5.12708656183998
5.8865212530392
5.1152477628951
2.40498220917636
7.27264768719293
10.5154441993351
7.45700774591356
7.05941100696876
4.39772343090594
9.27170404601777
5.55532152598231
9.4221917983777
5.5748849337891
11.1647350413926
2.32141555538104
9.87178402219953
3.89333192288594
6.59613314997517
5.20749730949677
5.89697465023458
6.8566067045305
7.85135887158896
6.24067665330656
6.90128796492985
7.85716743544088
14.9414317666073
15.862386129659
9.89211019685566
9.98597432559124
7.38817666232686
7.05046296610249
7.87656018559332
7.11395282412713
6.14481386713653
6.01882580272775
6.87244735435461
5.2434181560661
10.2516443602886
4.81271376683752
7.58565278968888
12.2961348626596
11.1684975321457
9.28190467917895
9.03664760829326
9.00476418907812
9.00061934458016
12.4800805147954
4.2324104669234
6.64021336070004
14.783227736891
12.3618196057958
5.95703654875346
5.12441475133795
6.75617391767393
6.09830260929761
6.88277933920869
3.50476131409713
3.93561897083263
3.99163046620824
6.60891196060707
5.20915855487892
11.1171906121343
7.53523477957745
7.93958052134507
7.12214546777486
6.14587891081073
6.0189642584054
6.0024653535927
6.87032049596705
3.50314166447572
4.80540841638184
3.23470309412964
12.6005114022369
12.0780664822908
7.6601486426978
4.47581932355071
4.93185651206159
7.60114134656801
3.59814837505384
6.557759288757
10.4225087075384
9.18492613197999
5.5440403971574
9.42072525163046
7.31469428271196
14.8709102567526
10.6332183333778
6.60231838333912
7.81830138983408
4.49637918067843
11.0245292934882
6.65318880815347
6.95491454505995
6.12413889085779
8.62613805581151
9.8213979472555
3.88678173314321
7.46528162530862
5.32048661129012
7.65166325946772
7.9547162237308
6.254113109085
6.03303470418105
3.39429451154354
2.18125828650066
7.24356357724509
4.42166326504186
5.79481622445544
9.45332610917921
5.5789323941933
5.07526121124513
5.00978395746187
4.13127191447004
1.40706534888111
5.40291849535454
5.05237940439609
2.39680932257149
3.79158521193429
2.23290607755146
2.90027779008169
2.11703611271062
2.88521469465238
4.72507791030481
4.09426012833963
6.62225381668415
3.47089299616894
4.80121608950196
2.36415809163526
2.91734055191258
0.379254271748636
2.65930305532732
1.21570939719255
1.89804222163503
0.246745488812554
1.77207691354563
1.97036999876093
5.47614809983892
3.32189925297906
2.17184690288728
2.89234009737535
2.98600421265879
2.12818054764564
2.01666347119393
1.13216625125521
3.62718161266318
1.34153360964621
0.174399369254008
1.76267191800302
1.09914734934039
0.142889155414251
0.888575590203853
0.115514826726501
1.75501692747445
1.96815220057168
1.12585978607432
0.146361772189661
0.019027030384656
0.00247351395000528
0.870321556813501
0.113141802385755
0.0147084343101482
0.00191209646031926
0.870248572539841
0.113132314430179
1.75470720087592
1.09811193611387
1.0127545516948
0.131658091720324
0.887115551923642
0.115325021750073
0.0149922528275096
0.00194899286757624
0.000253369072784911
1.74003293797946
1.09620428193733
1.01250655665185
0.131625852364741
0.887111360807416
0.985324476904964
0.128092181997645
0.0166519836596939
0.00216475787576021
0.000281418523848827
0.8700365844081
0.113104755973053
0.0147036182764969
0.871911470375945
0.113348491148873
0.0147353038493535
0.00191558950041595
0.000249026635054074
3.23734625570296e-05
4.20855013241384e-06
5.471115172138e-07
0.870000071124497
0.113100009246185
0.014703001202004
0.00191139015626052
0.000248480720313868
3.23024936408028e-05
4.19932417330436e-06
0.870000545912142
0.113100070968579
0.0147030092259152
0.00191139119936898
0.000248480855917967
3.23025112693357e-05
0.870004199326465
0.11310054591244
0.0147030709686173
0.87191139922592
0.11334848189937
0.0147353026469181
0.00191558934409935
0.000249026614732915
3.2373459915279e-05
4.20854978898627e-06
5.47111472568215e-07
7.11244914338679e-08
0.870000009246184
0.113100001202004
0.0147030001562605
0.00191139002031387
0.000248480702640803
3.23024913433044e-05
4.19932387462957e-06
0.870000545912104
1.85310007096857
1.11090300922591
0.144417391199369
2.62877426085592
2.95174065391127
1.25372628500846
1.9029844170511
1.11738797421664
2.75526043664816
1.22818385676426
1.02966390137935
10.5738563071793
4.85460131993331
5.85109817159133
2.50064276230687
2.06508355909989
2.87846086268299
0.374199912148788
3.52864598857934
10.8987239785153
5.76683411720699
5.09968843523691
12.8429594965808
3.4095847345555
0.443246015492216
0.927621982013988
3.60059085766182
1.33807681149604
2.78394998549448
13.4119134981143
16.5335487547549
11.7193613381181
24.1435169739554
9.2286572066142
5.54972543685984
5.07146430679178
13.7092903598829
7.87220774678478
6.24338700708202
6.03164031092066
6.00411324041969
6.87053472125456
1.76316951376309
11.5392120367892
6.7200975647826
6.09361268342174
4.27216964884483
3.16538205434983
6.50149966706548
3.45519495671851
3.92917534437341
6.60079279476854
4.33810306331991
5.78395339823159
4.23191394177011
4.90014881243011
3.24701934561591
17.8221125149301
35.3768746269409
15.0389937015023
5.4350691811953
3.31655899355539
6.5211526691622
5.19774984699109
2.41570748010884
5.53404197241415
3.32942545641384
3.9128253093338
3.11866729021339
4.75542674772774
3.22820547720461
14.3396667120366
16.6541566725648
9.12504036743342
2.92625524776634
3.86041318220962
3.98185371368725
3.99764098277934
4.86969332776131
5.85306013260897
5.98089781723917
20.7875167162411
11.4023771731113
6.70230903250447
5.22130017422558
4.15876902264933
1.41063997294441
5.40338319648277
2.44243981554276
4.66751717602056
6.69677723288267
3.48058104027475
20.4624755352357
7.88012181958064
3.63441583654548
8.30247405875091
5.42932162763762
1.57581181159289
3.68485553550708
3.08903121961592
3.01157405855007
3.87150462761151
1.3732956015895
5.39852842820663
5.92180869566686
5.11983513043669
23.2855785669568
8.24712521370438
5.42212627778157
5.9248764161116
22.5202339340945
9.01763041143229
7.2622919534862
4.42409795395321
8.40513273401392
16.7526672554218
4.78784674320483
5.84242007661663
16.4195146099602
4.74453689929482
2.35678979690833
6.39638267359808
9.53152974756775
3.84909886718381
6.5903828527339
0.856749770855406
4.4613774702112
4.05997907112746
3.13779727924657
3.01791364630205
2.13232877401927
4.6272027406225
2.34153635628093
6.39439972631652
5.18127196442115
9.37356535537475
29.9285634961987
16.0707132545058
9.04919272308576
11.6163950540011
4.99013135702015
6.73871707641262
5.22603321993364
2.41938431859137
6.40451996141688
6.92258759498419
7.85993638734795
3.63179173035523
7.43213292494618
6.186177280243
5.15420304643159
6.76004639603611
6.96880603148469
4.38594478409301
8.40017282193209
7.18202246685117
7.89366292069065
6.24617617968979
9.51200290335967
4.71656037743676
5.83315284906678
4.23830987037868
1.42098028314923
3.6647274368094
4.82641456678522
3.23743389368208
1.29086640617867
2.77781263280323
2.97111564226442
3.86624503349437
6.59261185435427
9.55703954106605
3.85241514033859
2.24081396824402
1.16130581587172
2.76096975606332
4.70892606828823
2.35216038887747
2.91578085055407
2.11905151057203
4.62547669637436
0.601311970528667
3.55817055616873
3.94256217230193
3.99253308239925
3.1290293007119
3.88677380909255
2.24528059518203
2.90188647737366
3.85724524205858
1.37144188146761
1.04828744459079
4.4862773677968
0.583216057813584
0.075818087515766
1.74985635137705
1.09748132567902
3.62267257233827
0.470947434403975
2.67122316647252
1.21725901164143
1.02824367151339
2.74367167729674
3.83667731804858
2.23876805134632
0.291039846675021
2.64783518006775
5.56421857340881
1.59334841454314
1.07713529389061
1.01002758820578
0.131303586466751
0.887069466240678
2.72531903061129
2.96429147397947
2.12535789161733
3.75629652591025
1.35831854836833
1.91658141128788
1.11915558346742
0.145490225850765
0.0189137293605995
0.872458784816878
1.85341964202619
0.240944553463405
0.901322791950243
0.117171962953532
0.885232355183959
0.115080206173915
0.884960426802609
0.115044855484339
0.884955831212964
0.115044258057685
0.0149557535474991
0.871944247961175
0.983352752234953
0.997835857790544
0.129718661512771
0.0168634259966602
0.872192245379566
0.113384991899344
0.0147400489469147
0.00191620636309891
0.000249106827202858
3.23838875363715e-05
0.87000420990538
0.113100547287699
0.0147030711474009
0.00191139924916212
0.000248481902391076
3.23026473108398e-05
4.19934415040918e-06
5.45914739553193e-07
7.09689161419151e-08
9.22595909844896e-09
1.19937468279837e-09
0.870000000155919
0.113100000020269
0.014703000002635
0.00191139000034255
0.000248480700044532
3.23024910057892e-05
4.19932383075259e-06
5.45912097997837e-07
7.09685727397188e-08
9.22591445616344e-09
0.870000001199369
0.113100000155918
0.0147030000202693
0.00191139000263501
0.000248480700342552
3.23024910445317e-05
4.19932383578913e-06
5.45912098652586e-07
7.09685728248362e-08
9.22591446722871e-09
1.19936888073973e-09
1.55917954496165e-10
2.02693340845015e-11
0.870000000002635
1.85310000000034
0.240903000000045
0.0313173900000058
0.874071260700001
0.113629263891
0.01477180430583
0.0019203345597579
1.74024964349277
0.22623245365406
0.0294102189750278
10.4438233284668
2.22769703270068
1.15960061425109
1.02074807985264
13.1826972503808
7.80375064254951
4.49448758353144
1.45428338585909
0.189056840161681
2.63457738922102
3.82249506059873
3.97692435787784
3.12700016652412
7.36651002164814
3.56764630281426
3.94379401936585
5.73269322251756
3.35525011892728
3.04618251546055
5.61600372700987
1.60008048451128
4.55801046298647
4.07254136018824
5.74943037682447
5.96742594898718
3.38576537336833
4.79014949853788
3.23271943480992
23.0402535265253
24.7452329584483
11.9168802845983
10.2491944369978
1.33239527680971
5.39321138598526
2.44111748017808
8.14734527242315
13.239154885415
12.161090135104
2.45094171756351
18.5886224232833
7.63652091502682
4.47274771895349
5.80145720346395
13.8041894364503
3.53454462673854
9.15949080147601
7.28073380419188
3.55649539454494
6.55234440129084
2.59180477216781
5.55693462038182
1.59240150064964
1.07701219508445
2.75001158536098
6.44750150609693
8.6681751957926
23.746862775453
11.7870921608089
4.14232198090516
4.01850185751767
22.2724052414773
10.725412681392
4.00430364858097
8.35055947431553
10.655572731661
9.21522445511593
10.7679791791651
7.48983729329146
3.58367884812789
5.68587825025662
7.69916417253336
6.22089134242934
6.02871587451581
6.00373306368706
3.39048529827932
3.05076308877631
3.00659920154092
2.13085789620032
5.49701152650604
5.06461149844579
21.538399494798
32.3799919343237
9.42939895146209
4.70582186369007
6.70175684227971
7.83122838949636
2.75805969063453
8.18854775978249
3.67451120877172
5.69768645714032
1.61069923942824
5.42939090112567
1.57582081714634
4.55485670622902
3.20213137180977
3.89627707833527
5.72651602018358
1.61444708262387
3.6898781207411
4.82968415569634
7.58785894024052
7.07642166223127
5.26993481609006
5.90509152609171
3.37766189839192
2.17909604679095
2.02328248608282
3.74302672319077
3.9665934740148
3.12565715162192
3.01633542971085
7.35212360586241
6.17577606876211
3.41285088893907
4.79367061556208
6.71317718002307
2.612713033403
1.20965269434239
1.89725485026451
4.59664313053439
8.42756360696947
6.31558326890603
7.78102582495778
2.75153335724451
4.70769933644179
4.09200091373743
4.01196011878587
3.13155481544216
3.01710212600748
4.74222327638097
4.96648902592953
18.9156435733708
19.8590336645382
11.28167437639
15.3866176689307
5.48026029696099
5.06243383860493
7.61811639901864
3.60035513187242
6.55804616714341
9.55254600172864
6.46183098022472
7.80003802742921
8.8440049435658
14.1997206426636
7.06596368354626
7.00857527886101
8.74111478625193
7.22634492221275
13.1194248398877
6.0555252291854
6.0072182797941
5.13093837637323
7.62702198892852
2.73151285856071
7.31509667161289
7.91096256730968
2.76842513375026
5.57989526738753
9.42538638476038
2.96530023001885
2.99548902990245
1.25941357388732
8.86372376460535
8.9822840893987
6.38769693162183
5.18040060111084
5.89345207814441
6.85614877015877
4.37129934012064
0.568268914215683
5.29387495884804
5.90820374465024
5.98806648680453
3.38844864328459
3.050498323627
0.39656478207151
3.5315534216693
5.67910194481701
3.34828325282621
5.65527682286741
3.34518598697276
3.04487417830646
1.26583364317984
3.64455837361338
5.69379258856974
3.35019303651407
1.30552509474683
0.169718262317088
7.85206337410122
4.50076823863316
3.19509987102231
3.0253629832329
2.13329718782028
1.14732863441664
2.75915272247416
1.22868985392164
1.02972968100981
1.00386485853128
2.74050243160907
1.22626531610918
3.63941449109419
1.34312388384225
1.91460610489949
1.98889879363693
0.258556843172801
0.903612389612464
0.11746961064962
0.0152710493844506
0.871985236419979
0.113358080734597
0.884736550495498
0.115015751564415
0.0149520477033739
0.00194376620143861
0.870252689606187
1.8531328496488
0.240907270454345
1.77131794515906
1.10027133287068
1.01303527327319
1.00169458552551
1.00022029611832
0.130028638495381
0.0169037230043996
2.61219748399057
2.94958567291877
1.25344613747944
0.162947997872327
0.0211832397234025
0.00275382116404233
0.000357996751325503
4.65395776723154e-05
6.050145097401e-06
7.8651886266213e-07
0.870000102247452
0.113100013292169
0.884703001727982
0.115011390224638
0.0149514807292029
0.00194369249479638
0.000252680024323529
3.28484031620588e-05
4.27029241106764e-06
5.55138013438793e-07
7.21679417470431e-08
0.870000009381832
0.983100001219638
0.127803000158553
0.0166143900206119
0.00215987070267955
0.000280783191348341
0.870036501814875
0.983104745235934
0.127803616880671
0.0166144701944873
0.00215988112528335
0.000280784546286835
3.65019910172886e-05
4.74525883224751e-06
6.16883648192177e-07
8.0194874264983e-08
1.04253336544478e-08
1.35529337507821e-09
1.76188138760168e-10
2.29044580388218e-11
2.97757954504683e-12
0.870000000000387
0.11310000000005
0.0147030000000065
0.00191139000000085
0.8702484807
1.853132302491
0.24090719932383
0.0313179359120979
0.00407133166857273
0.000529273116914455
6.88055051988791e-05
8.94471567585428e-06
0.870001162813038
2.72310015116569
1.22400301965154
2.7691203925547
0.359985651032111
0.916798134634174
0.989183757502443
0.128593888475318
0.0167172055017913
2.61217323671523
2.07958252077298
1.14034572770049
1.88824494460106
1.11547184279814
1.88501133956376
0.245051474143289
0.901856691638627
0.117241369913022
4.36524137808869
4.04748137915153
3.1361725792897
1.27770243530766
1.03610131659
1.0046931711567
1.87061011225037
2.85317931459255
2.11091331089703
4.62441873041661
2.34117443495416
2.04435267654404
7.22576584795073
5.28934956023359
6.77761544283037
1.75109000756795
5.44764170098383
6.7981934211279
9.58376514474663
9.94588946881706
4.77296563094622
8.45048553202301
5.44856311916299
3.31831320549119
4.78138071671385
4.9715794931728
4.12630533411246
4.88641969343462
7.5952345601465
4.46738049281904
5.80075946406648
1.62409873032864
4.56113283494272
3.20294726854255
6.50638314491053
8.67582980883837
4.60785787514899
1.46902152376937
3.67097279809002
4.8272264637517
1.49753944028772
4.5446801272374
3.20080841654086
5.63610509415031
6.82269366223954
6.10695017609114
8.62390352289185
4.60110745797594
10.1681439695369
8.28185871603979
3.68664163308517
9.17926341230107
2.93330424359914
6.47132955166789
7.80127284171683
12.3241654694232
5.95214151102501
4.25377839643325
2.29299119153632
1.16808885489972
6.24185155113696
6.90144070164781
5.24718729121421
5.90213434785785
2.50727746522152
8.1559460704788
6.28027298916224
5.16643548859109
8.50163661351684
8.93521275975719
11.6015776587684
4.9882050956399
11.9584666624332
9.38460066611631
9.04999808659512
7.26649975125737
12.2546449676635
8.55310384579625
5.46190349995351
8.54004745499396
6.33020616914921
7.7829268019894
6.23178048425862
6.03013146295362
11.223917090184
9.28910922172392
6.42758419882411
9.53558594584713
2.97962617296013
4.73735140248482
11.925855682323
6.77036123870199
7.84014696103126
10.5892191049341
10.0765984836414
4.78995780287339
13.6726945143735
7.86745028686856
2.76276853729291
9.05915990984808
6.39769078828025
1.70169980247643
7.18122097432194
3.54355872666185
5.68066263446604
5.08848614248059
6.75150319852248
6.09769541580792
10.362700404055
4.82715105252715
10.1975296368285
6.54567885278771
7.8109382508624
5.36542197261211
5.04750485643957
7.61617563133714
7.08010283207383
7.8804133681696
5.37445373786205
2.43867898592207
11.6270282681699
4.99151367486208
5.86889677773207
7.72295658110517
6.22398435554367
7.76911796622068
7.09998533560869
3.53299809362913
4.80928975217179
6.71520766778233
6.0929769968117
7.75208700958552
12.3177713112461
15.521310270462
8.97777033516006
10.7371101435708
12.7058243186642
7.74175716142635
12.3164284309854
10.3011356960281
12.6491476404837
8.60438919326288
7.20857059512417
8.76711417736614
9.8397248430576
10.8491642295975
10.9803913498477
7.5174508754802
8.80726861381243
9.84494491979562
11.7198428395734
7.61357956914455
7.07976534398879
6.14036949471854
6.88824803431341
5.24547224446074
11.1219113917799
5.79584848093139
4.23346030252108
8.38034983932774
3.69944547911261
4.83092791228464
5.848020628597
7.72024268171761
7.96363154862329
6.25527210132103
8.64318537317173
6.34361409851233
8.6546698328066
2.86510707826486
5.59246392017443
7.68702030962268
3.60931264025095
1.33921064323262
5.39409738362024
4.18123265987063
4.89356024578318
4.11616283195181
4.01510116815374
2.26196315185999
2.9040552097418
3.85752717726643
3.11147853304464
4.7544922092958
2.35808398720845
0.306550918337099
2.64985161938382
2.0844807105199
3.75098249236759
2.22762772400779
0.289591604121012
0.0376469085357316
3.48489409810965
2.19303623275425
2.02509471025805
2.00326231233355
1.13042410060336
2.75695513307844
0.358404167300197
1.78659254174903
0.232257030427373
0.0301934139555585
1.74392514381422
0.226710268695849
0.0294723349304604
2.61383140354096
1.20979808246032
1.89727375071984
1.98664558759358
1.12826392638717
1.01667431043033
3.61216766035594
0.469581795846273
0.0610456334600154
0.00793593234980201
0.00103167120547426
0.000134117256711654
0.870017435243372
0.113102266581638
0.014703294655613
0.00191142830522969
0.00024848567967986
3.23031383583818e-05
4.19940798658963e-06
5.45923038256652e-07
7.09699949733647e-08
9.22609934653741e-09
1.19939291504986e-09
0.870000000155921
0.98310000002027
0.127803000002635
1.75661439000034
0.228359870700045
0.0296867831910058
0.873859281814831
0.113601706635928
0.0147682218626706
0.00191986884214718
0.000249582949479134
3.24457834322874e-05
1.74000421795185
1.96620054833374
0.255606071283386
0.0332287892668402
0.00431974260468923
0.000561566538609599
7.30036500192479e-05
9.49047450250223e-06
1.23376168532529e-06
1.60389019092288e-07
2.08505724819974e-08
2.71057442265966e-09
1.74000000035237
1.09620000004581
0.142506000005955
0.888525780000774
0.115508351400101
0.0150160856820131
0.0019520911386617
0.870253771848026
0.983132990340243
0.127807288744232
0.0166149475367501
0.872159943179778
1.85338079261337
0.240939503039738
0.031322135395166
0.874071877601372
0.113629344088178
0.884771814731463
0.11502033591509
0.0149526436689617
0.00194384367696502
0.000252699678005453
1.74003285095814
1.96620427062456
0.255606555181193
0.033228852173555
2.61431975078256
3.81986156760173
2.23658200378823
2.03075566049247
0.263998235864021
3.51431977066232
3.0668615701861
3.00869200412419
2.13112996053615
2.8870468948697
2.98531609633306
2.1280910925233
4.62665184202803
11.0414647394636
5.78539041613027
1.62210075409694
5.4308730980326
1.57601350274424
3.68488175535675
3.08903462819638
2.14157450166553
2.88840468521652
3.85549260907815
2.24121403918016
1.16135782509342
3.63097651726214
2.21202694724408
2.02756350314173
2.87358325540842
8.2035658232031
3.6764635570164
10.0479402624121
6.52623223411358
5.19841019043476
4.15579332475652
3.15025313221835
3.88953290718839
2.24563927793449
5.51193310613148
1.58655130379709
2.81625166949362
4.71611271703417
2.35309465321444
2.04590230491788
3.74596729963932
6.57697574895311
6.0750068473639
4.26975089015731
4.90506761572045
4.98765879004366
5.86839564270567
5.11289143355174
4.14467588636173
6.62880786522702
9.56174502247951
7.33302685292234
5.3032934908799
5.03942815381439
5.87512565999587
6.85376633579946
4.37098962365393
4.04822865107501
9.22626972463975
7.28941506420317
4.42762395834641
7.53559111458503
8.80962684489606
8.97525148983649
8.12678269367874
6.27648175017824
5.16594262752317
3.28157254157801
3.90660443040514
3.98785857595267
6.60842161487385
6.0790948099336
5.14028232529137
5.01823670228788
5.87237077129742
2.50340820026867
3.80544306603493
9.19470759858454
6.41531198781599
2.57399055841608
9.90461877259409
9.11760044043723
5.53528805725684
5.06958744744339
10.2290463681676
5.67977602786179
9.43837088362203
9.05698821487086
9.00740846793321
9.87096310083132
5.63322520310807
3.34231927640405
6.52450150593253
6.06818519577123
8.61886407545026
13.3004523298085
10.4290588028751
9.18577764437376
8.15415109376859
5.41003964218992
9.40330515348469
8.18242966995301
4.54371585709389
7.55068306142221
8.81158879798489
6.36550654373803
5.17751585068594
7.63307706058917
7.08230001787659
7.88069900232396
4.50449087030211
3.19558381313927
3.89542589570811
9.20640536644205
9.02683269763747
2.04348825069287
7.22565347259007
5.28933495143671
7.64761354368677
4.47418976067928
6.67164466888831
7.82731380695548
7.97755079490421
3.64708160333755
9.17412060843388
10.7626356790964
4.00914263828253
4.87118854297673
8.46325451058697
6.32022308637631
6.04162900122892
10.3554117701598
8.30620353012077
7.1698064589157
10.502074839659
7.45526972915568
8.79918506479024
5.49389405842273
5.93420622759495
11.2114468095873
12.7674880852464
10.359773451082
8.30677054864066
6.29988017132329
8.64898442227203
11.5643679748954
14.5533678367364
11.4619378187757
4.10005191644085
4.01300674913731
10.9616908773879
9.25501981406042
4.68315257582785
11.9188098348576
9.37944527853149
8.17932788620909
10.6333126252072
13.5623306412769
10.463102983366
8.32020338783758
8.91162644041889
14.2085114372545
7.93710648684308
8.8618238432896
8.98203709962765
11.6076648229516
12.8189964269837
7.75646953550788
7.09834103961602
8.75278433515008
8.96786196356951
4.64582205526404
6.69395686718432
8.70021439273396
5.48102787105541
5.9325336232372
8.60122937102084
4.59815981823271
10.1677607763703
4.80180890092813
3.23423515712066
1.29045057042569
2.77775857415534
2.97110861464019
2.12624411990323
6.36641173558742
3.43763352562636
3.92689235833143
1.38049600658309
1.9194644808558
1.98953038251125
1.99863894972646
1.99982306346444
6.34997699825038
1.69549700977255
0.220414611270431
1.76865389946516
2.83992500693047
1.23919025090096
1.90109473261713
1.11714231524023
2.75522850098123
1.22817970512756
1.89966336166658
0.246956237016656
0.902104310812165
1.85727356040558
0.241445562852726
0.0313879231708543
0.00408043001221106
0.000530455901587438
0.870068959267206
1.85310896470474
1.98090416541162
0.25751754150351
0.0334772803954563
0.874352046451409
0.983665766038683
0.997876549585029
0.129723951446054
0.886864113687987
0.115292334779438
0.014988003521327
0.00194844045777251
0.87025329725951
0.113132928643736
0.0147072807236857
0.00191194649407914
0.000248553044230289
0.87003231189575
0.113104200546448
0.884703546071038
0.115011460989235
0.0149514899286005
0.871943693690718
0.113352680179793
0.884735848423373
0.115015660295039
0.014952035838355
0.00194376465898615
0.0002526894056682
3.28496227368659e-05
0.870004270450956
0.113100555158624
0.0147030721706212
0.00191139938218075
0.000248481919683497
3.23026495588547e-05
4.19934444265111e-06
5.45914777544644e-07
7.09689210808037e-08
9.22595974050448e-09
1.19937476626558e-09
1.55918719614526e-10
2.02694335498883e-11
2.63502636148549e-12
0.870000000000342
0.113100000000045
0.0147030000000058
0.00191139000000075
0.000248480700000098
3.23024910000127e-05
4.19932383000165e-06
5.45912097900215e-07
7.09685727270279e-08
9.22591445451363e-09
1.19936887908677e-09
1.5591795428128e-10
2.02693340565665e-11
2.63501342735364e-12
0.870000000000342
0.113100000000045
0.0147030000000058
0.00191139000000075
0.000248480700000098
3.23024910000127e-05
4.19932383000165e-06
5.45912097900215e-07
0.870000070968573
0.113100009225914
0.0147030011993689
0.00191139015591795
0.000248480720269334
3.23024936350134e-05
4.19932417255175e-06
4.35000054591214
1.43550007096858
4.53661500922591
5.80975995119937
10.3252687936559
28.3122849431753
8.03059704261278
1.91397761553966
0.248817090020156
0.90234622170262
2.72730500882134
0.354549651146774
4.39609145464908
2.31149188910438
6.39049394558357
4.31076421292586
3.17039934768036
2.15215191519845
2.0197797489758
2.87257136736685
2.98343427775769
3.8678464561085
8.33282003929411
3.69326660510823
1.35012465866407
1.91551620562633
1.98901710673142
3.73857222387509
1.35601438910376
3.65628187058349
5.69531664317585
5.96039116361286
3.38485085126967
3.05003061066506
1.26650397938646
6.25464551732024
18.2131039172516
6.71770350924271
6.96330145620155
26.1352291893062
7.74757979460981
4.48718537329927
5.80333409852891
5.10443343280876
4.14357634626514
8.36866492501447
4.56792644025188
4.07383043723274
6.61959795684026
4.34054773438923
4.0442712054706
1.39575525671118
3.66144818337245
8.30598826383842
5.42977847429899
19.8458712016589
12.1499632562157
5.92949522330803
5.12083437903004
5.88570846927391
5.98514210100561
1.64806847313073
1.95424890150699
5.47405235719591
1.58162680643547
3.68561148483661
4.82912949302876
2.36778683409374
7.26781228843219
3.55481559749618
3.9421260276745
4.86247638359769
4.1121219298677
3.1445758508828
3.01879486061476
6.48244333187992
1.71271763314439
2.83265329230877
2.97824492800014
13.43717184064
16.5368323392832
27.3797882041068
7.03937246653389
5.26511842064941
9.38446539468442
2.08998050130897
3.75169746517017
5.70772067047212
5.96200368716138
5.99506047933098
11.219357862313
9.28851652210069
14.2575071478731
14.9034759292235
9.76745187079906
7.35976874320388
7.9167699366165
6.24918009176015
5.16239341192882
3.28111114355075
4.7765444486616
6.71095077832601
7.83242360118238
5.36821506815371
7.65786795885998
7.9555228346518
6.25421796850473
5.16304833590562
26.7711962836677
6.9602555168768
9.60483321719398
9.07862831823522
11.6202216813706
14.5606288185782
26.2528817464152
12.112874627034
9.40467370151442
9.05260758119687
4.65683898555559
4.95538906812223
4.99420057885589
4.99924607525127
4.12990198978266
5.75688725867175
2.48839534362733
2.06349139467155
4.6182538813073
4.95037300456995
2.38354849059409
4.65986130377723
7.56578196949104
12.2935516560338
7.6881617152844
4.47946102298697
7.54232993298831
21.8605028912885
8.0618653758675
8.00804249886277
9.74104552485216
7.35633591823078
1.82632366937
3.7174220770181
8.31326487001235
1.95072443310161
5.47359417630321
10.2815672429194
4.81660374157952
4.97615848640534
9.34690060323269
7.30509707842025
6.16966262019463
6.0220561406253
6.00286729828129
7.74037274877657
4.48624845734095
6.67321229945432
6.95751759892906
6.99447728786078
3.5192820474219
3.93750666616485
8.34187586660143
8.04444386265819
10.6157777021456
5.73005110127892
6.83490664316626
3.49853786361161
6.54480992226951
9.55082528989504
8.20160728768635
8.02620894739923
3.6534071631619
4.82494293121105
6.71724258105744
7.83324153553747
9.71832139961987
8.22338178195058
10.6390396316536
5.73307515211496
6.83529976977495
9.58858897007074
5.5965165661092
2.4675471535942
2.06078112996725
4.61790154689574
3.21032720109645
5.63734253614254
5.08285452969853
4.14077108886081
4.8883002415519
4.11547903140175
3.14501227408223
3.01885159563069
3.00245070743199
6.48031859196616
5.1924414169556
3.28501738420423
3.03705225994655
3.00481679379305
0.390626183193097
4.4007814038151
2.31210158249596
3.78057320572448
2.23147451674418
2.90009168717674
6.46701191933298
0.840711549513287
1.84929250143673
1.11040802518677
2.75435304327428
2.09806589562566
2.88274856643134
2.11475731363607
1.14491845077269
1.88883939860045
4.59554912181806
0.597421385836348
0.947664780158725
1.86319642142063
0.242215534784682
0.0314880195220087
0.874093442537861
0.113632147529922
1.75477217917889
0.228120383293256
0.0296556498281232
0.00385523447765602
0.000501180482095283
6.51534626723868e-05
0.870008469950147
0.983101101093519
0.997803143142157
0.99971440860848
0.129962873119102
0.0168951735054833
0.00219637255571283
1.74028552843224
0.226237118696192
0.0294108254305049
0.00382340730596564
0.000497042949775533
0.870064615583471
0.983108400025851
0.127804092003361
0.0166145319604369
0.0021598891548568
0.000280785590131383
3.65021267170798e-05
4.74527647322038e-06
6.16885941518649e-07
8.01951723974244e-08
1.04253724116652e-08
1.35529841351647e-09
1.76188793757142e-10
0.870000000022905
0.113100000002978
0.0147030000003871
0.00191139000005032
0.000248480700006542
3.23024910008504e-05
4.19932383011056e-06
0.870000545912098
0.983100070968573
0.127803009225914
0.886614391199369
0.985259870855918
0.128083783211269
0.016650891817465
0.87216461593627
0.113381400071715
0.884739582009323
0.985016145661212
1.86805209893596
0.242846772861674
0.0315700804720177
0.0041041104613623
0.000533534359977099
0.870069359466797
0.983109016730684
0.997804172174989
1.86971454238275
0.243062890509757
0.0315981757662685
1.74410776284961
1.09673400917045
0.142575421192158
0.888534804754981
1.85550952461815
3.72121623820036
1.35375811096605
0.175988554425586
0.892878512075326
1.85607420656979
1.98128964685407
1.12756765409103
1.01658379503183
1.87215589335414
1.98338026613604
1.99783943459768
4.6097191264977
4.9492634864447
1.51340425323781
2.80674255292092
4.71487653187972
4.09293394914436
0.532081413388767
0.93917058374054
2.73209217588627
2.96517198286521
2.12547235777248
6.36631140651042
2.56762048284635
3.81379066277003
4.8457927861601
5.84995306220081
3.37049389808611
6.52816420675119
4.32866134687765
4.0427259750941
5.74555437676223
5.09692206897909
7.62259986896728
7.08093798296575
8.75052193778555
6.35756785191212
16.4864838207486
8.23324289669731
5.42032157657065
7.66464180495418
4.47640343464404
1.45193244650373
2.79875121804548
9.06383765834591
6.39829889558497
7.79177885642605
3.62293125133539
3.9509810626736
3.99362753814757
3.99917157995918
8.34989230539469
4.56548599970131
9.29351317996117
5.55815671339495
5.94256037274134
6.86253284845637
6.11212927029933
7.75457680513891
5.35809498466806
6.78655234800685
5.23225180524089
5.90019273468132
3.37702505550857
3.04901325721611
4.74637172343809
7.57702832404695
5.3350136821261
6.78355177867639
5.23186173122793
3.29014202505963
7.38771846325775
4.44040340022351
5.79725244202906
5.97364281746378
7.73657356627029
7.09575456361514
7.01244809326997
8.7416182521251
7.22641037277626
4.41943334846091
5.79452633529992
6.84328842358899
5.23962749506657
7.64115157435865
4.47334970466663
4.06153546160666
6.61799961000887
2.60033994930115
5.55804419340915
4.20254574514319
6.63633094686861
7.82272302309292
6.23695399300208
3.42080401909027
3.05470452248173
3.87711158792263
7.46402450642994
7.06032318583589
10.4878420141587
7.45341946184063
8.79894453003928
5.49386278890511
12.0242021625577
7.6531462811325
9.69490901654722
8.22033817215114
5.41864396237965
5.05442371510935
11.0970750829642
4.05261976078535
9.22684056890209
9.02948927395727
4.65383360561445
4.95499836872988
6.73414978793488
4.35543947243154
5.7862071314161
5.97220692708409
5.99638690052093
5.12953029706772
8.4968389386188
8.93458906202044
6.38149657806266
6.04959455514815
9.48644729216926
6.453238147982
8.66892095923766
8.0869597247009
5.40130476421112
3.31216961934745
9.13058205051517
3.79697566656697
9.19360683665371
7.28516888876498
11.3870719555394
9.31031935422013
4.69034151604862
4.95974439708632
7.60476677162122
7.94861968031076
7.9933205584404
4.51913167259725
10.1574871174376
5.67047332526689
16.3971615322847
16.921630999197
8.28981202989561
6.29767556388643
6.03869782330524
7.74503071702968
5.35685399321386
12.8763910191178
8.63393083248531
10.6924110082231
5.740013431069
10.316201746039
11.7811062269851
6.75154380950806
10.447700695236
9.18820109038069
12.5044661417495
12.9355805984274
9.51162547779557
8.19651131211342
6.28554647057475
7.77712104117472
9.71102573535271
7.35243334559585
11.3958163349275
4.09145612354057
7.49188929606027
7.93394560848784
9.73141292910342
9.96508368078344
9.99546087850185
5.64940991420524
4.21442328884668
6.63787502755007
10.4329237535815
8.3162800879656
8.04111641143553
5.39534513348662
5.92139486735326
4.24978133275592
8.38247157325827
2.82972130452358
7.32786376958807
7.04262229004645
7.00554089770604
7.00072031670179
6.13009364117123
4.27691217335226
5.77599858253579
3.36087981572965
7.39691437604485
3.57159886888583
5.68430785295516
1.60896002088417
3.68916480271494
3.08959142435294
2.14164688516588
1.14841409507156
1.8892938323593
1.11560819820671
2.75502906576687
2.09815377854969
1.14275999121146
1.88855879885749
1.98551264385147
1.99811664370069
0.25975516368109
0.903768171278542
0.98748986226621
0.998373682094607
0.999788578672299
0.129972515227399
0.886896426979562
0.115296535507343
0.884988549615955
0.985048511450074
0.99805630648851
0.129747319843506
0.886867151579656
0.115292729705355
1.7549880548617
1.09814844713202
0.142759298127163
0.888558708756531
0.115512632138349
0.0150166421779854
0.871952163483138
0.113353781252808
0.884735991562865
0.115015678903172
0.884952038257412
0.985043764973464
0.99805568944655
0.129747239628052
0.0168671411516467
0.00219272834971407
0.870285054685463
0.98313705710911
0.127807817424184
0.016615016265144
0.00215995211446872
0.000280793774880933
3.65031907345213e-05
4.74541479548777e-06
6.1690392341341e-07
8.01975100437433e-08
1.04256763056866e-08
1.35533791973926e-09
1.76193929566104e-10
2.29052108435935e-11
2.97767740966716e-12
3.87098063256731e-13
5.0322748223375e-14
6.54195726903875e-15
8.50454444975037e-16
1.10559077846755e-16
1.43726801200781e-17
1.86844841561016e-18
2.4289829402932e-19
0.87
1.8531
1.110903
0.14441739
0.0187742607
0.872440653891
0.11341728500583
0.0147442470507579
0.871916752116598
0.113349177775158
1.75473539311077
0.2281156011044
0.029655028143572
0.873855153658664
0.983601169975626
0.127868152096831
4.36662285977259
1.43766097177044
1.05689592633016
1.00739647042292
1.00096154115498
0.130125000350147
2.62691625004552
1.21149911250592
0.157494884625769
2.63047433500135
2.08196166355018
2.88065501626152
2.984485152114
4.73798306977482
1.48593779907073
3.67317191387919
2.2175123488043
2.89827660534456
1.24677595869479
1.90208087463032
1.98727051370194
3.73834516678125
2.22598487168156
7.2493780333186
7.03241914433142
5.26421448876308
3.2943478835392
6.5182652248601
5.19737447923181
3.28565868230014
6.51713562869902
1.71722763173087
3.70323959212501
6.57142114697625
9.55428474910691
5.5920570173839
6.81696741225991
7.84620576359379
2.76000674926719
3.83880087740474
3.97904411406262
8.34727573482814
6.30514584552766
2.5596689599186
2.94275696478942
1.25255840542262
4.51283259270494
4.93666823705164
8.47176687081671
6.32132969320617
1.6917728601168
2.82993047181518
2.97789096133597
4.73712582497368
9.31582635724658
5.56105742644205
5.94293746543747
5.12258187050687
5.88593564316589
3.37517163361157
4.7887723123695
6.71254040060804
6.96263025207904
7.86514193277028
5.37246845126014
5.04842089866382
5.0062947168263
2.39081831318742
3.79080638071436
7.45280482949287
8.79886462783407
5.49385240161843
7.6742008122104
8.82764610558735
8.10759399372636
11.4939872191844
10.194218338494
6.54524838400422
8.68088228992055
11.5685146976897
6.72390691069966
6.09410789839096
5.14223402679082
5.88849042348281
8.59550375505276
8.07741548815686
4.53006401346039
4.93890832174985
10.2120580818275
13.5075675506376
7.84598378158288
7.10997789160577
7.88429712590875
12.3349586263681
6.82354462142786
9.58706080078562
7.33631790410213
7.91372132753328
3.63878377257933
9.17304189043531
7.28249544575659
6.16672440794836
6.02167417303329
8.61281764249433
6.33966629352426
8.65415661815815
8.95504036036056
9.86415524684687
7.37234018209009
7.04840422367171
7.87629254907732
7.11391803138005
7.88480934407941
9.72502521473032
9.09425327791494
2.92225292612894
5.59989288039676
3.33798607445158
3.0439381896787
5.61571196465823
10.3000425554056
4.81900553220272
10.1964707191864
9.15554119349423
5.54022035515425
8.55022864617005
18.5115297240021
10.2364988641203
7.42074485233564
7.05469683080363
6.13711058800447
6.88782437644058
4.37541716893728
5.78880423196185
3.36254455015504
2.17713079152016
8.11302700289762
5.40469351037669
1.57261015634897
2.81443932032537
1.2358771116423
12.3406640245135
8.56428632318675
6.33335722201428
10.3933364388619
3.09113373705204
4.75184738581676
8.44774016015618
7.1882062208203
5.28446680870664
4.16698068513186
10.1117074890671
7.40452197357873
10.5325878565652
6.58923642135348
5.20660073477595
11.9868580955209
8.51829155241771
8.0673779018143
8.87875912723586
6.37423868654066
11.2686510292503
5.81492463380254
10.3259402023943
7.43237222631126
9.66620838942046
11.6966070906247
7.61055892178121
6.20937265983156
6.0272184457781
12.0935383979512
14.6221599917336
9.73088079892537
13.4450145038603
8.70785188550184
8.09202074511524
6.27196269686498
9.51535515059245
11.676996169577
10.218009502045
6.54834123526585
5.20128436058456
8.50616696687599
4.58580170569388
7.5561542217402
9.68230004882623
8.21869900634741
5.41843087082516
6.79439601320727
8.71327148171695
5.4827252926232
1.58275428804102
5.42575805744533
8.53534854746789
7.19959531117083
5.28594739045221
8.51717316075879
2.84723251089864
5.59014022641682
10.2967182294342
3.94857336982644
2.25331453807744
2.03293088995007
5.48428101569351
3.32295653204016
1.30198434916522
2.77925796539148
1.23130353550089
0.160069459615116
0.0208090297499651
1.7427051738675
1.96655167260277
1.12565171743836
1.88633472326699
3.72522351402471
1.35427905682321
0.176056277387018
0.892887316060312
2.72607535108784
0.354389795641419
2.65607067343338
0.34528918754634
0.0448875943810242
2.61583538726953
1.21005860034504
0.157307618044855
0.0204499903458312
0.00265849874495805
0.870345604836845
0.11314492862879
0.0147088407217427
0.00191214929382655
0.000248579408197451
3.23153230656687e-05
4.20099199853693e-06
5.46128959809801e-07
7.09967647752741e-08
0.870000009229579
0.113100001199845
0.0147030001559799
0.871911390020277
0.113348480702636
0.0147353024913427
0.00191558932387455
0.870249026612104
0.113132373459573
0.884707208549744
0.115011937111467
0.0149515518244907
0.00194370173718379
0.000252681225833893
3.2848559358406e-05
4.27031271659278e-06
5.55140653157062e-07
7.2168284910418e-08
9.38187703835435e-09
1.74000000121964
0.226200000158554
0.899406000020612
0.11692278000268
0.0151999614003483
0.00197599498204528
0.000256879347665887
3.33943151965653e-05
0.870004341260976
0.113100564363927
0.0147030733673105
0.00191139953775036
0.000248481939907547
3.23026521879811e-05
0.870004199344784
0.113100545914822
0.0147030709689269
0.00191139922596049
0.000248481899374864
1.74003230264692
0.226204199344099
0.0294065459147329
0.00382285096891528
0.870496970625959
0.113164606181375
0.0147113988035787
0.871912481844465
0.11334862263978
0.884735320943171
0.115015591722612
0.0149520269239396
0.00194376350011215
0.000252689255014579
0.870032849603152
0.11310427044841
0.0147035551582933
0.00191146217057812
0.870248490082175
1.85313230371068
1.11090719948239
1.01441793593271
0.131874331671252
0.887143663117263
0.985328676205244
1.86809272790668
1.98285205462787
0.257770767101623
5.25351019972321
9.38295632596402
8.17978432237532
9.76337196190879
11.7092383550481
7.61220098615626
8.81958612820031
6.36654619666604
6.91765100556658
4.37929463072366
8.39930830199408
1.96191007925923
1.1250483103037
3.62625628033948
4.82141331644413
9.32678373113774
7.30248188504791
8.77932264505623
12.4513119438573
25.1086705527014
8.48412717185119
9.80293653234065
8.23438174920429
4.55046962739656
4.94156105156155
5.862402936703
2.50211238177139
6.41527460963028
2.57398569925194
2.07461814090275
5.48970035831736
4.19366104658126
4.02517593605556
1.39327287168722
2.79112547331934
4.71284631153151
4.0926700204991
1.40204710266488
4.53226612334643
2.32919459603504
2.91279529748455
3.85866338867299
3.98162624052749
3.99761141126857
5.73968948346491
3.35615963285044
4.78630075227056
4.97221909779517
5.86638848271337
7.72263050275274
5.35394196535786
9.39601245549652
5.57148161921455
6.81429261049789
6.97585803936473
6.12686154511741
5.14649200086526
5.88904396011248
7.72557571481462
5.3543248429259
3.30606222958037
4.77978808984545
11.9313724516799
10.2510784187184
5.68264019443339
3.34874322527634
5.65533661928592
6.82519376050717
3.49727518886593
5.67464577455257
5.95770395069183
8.60450151358994
5.46858519676669
5.06091607557967
10.2279190898254
7.4196294816773
7.05455183261805
7.87709173824035
8.85402192597125
4.63102285037626
2.34203297054891
15.9644642861714
6.42538035720228
11.2752994464363
4.07578892803672
4.00985256064477
4.87128083288382
7.5932665082749
7.94712464607574
3.64312620398985
11.7836064065187
12.8418688328474
12.9794429482702
7.77732758327512
8.84105258582577
13.3293368361573
13.0428137887005
6.91556579253106
5.24902355302904
11.9923730618938
9.38900849804619
7.31057110474601
7.91037424361698
5.37834865167021
3.30918532471713
9.13019409221322
7.27692523198772
5.2960002801584
5.90848003642059
7.72810240473468
1.87465331261551
3.72370493064002
3.9640816409832
4.86533061332782
5.85249297973262
7.72082408736524
2.74370713135748
3.83668192707647
2.23876865051994
8.12103992456759
2.79573519019379
4.71344557472519
5.83274792471427
10.3282572302129
7.43267343992767
5.3162475471906
3.30111218113478
4.77914458354752
11.9312887958612
5.90106754346195
4.24713878065005
4.90212804148451
4.11727664539299
9.23524596390109
9.03058197530714
8.13397565678993
15.8474168353827
9.89016418859975
9.11572134451797
10.7550437747873
10.0981556907224
8.27276023979391
9.77545883117321
8.23080964805252
9.77000525424683
13.4501006830521
9.57851308879677
10.8152067015436
10.1059768712007
10.8837769932561
11.8548910091233
9.37113583118603
9.91824765805418
9.11937219554704
7.27551838542112
11.3858173901047
10.1801562607136
9.15342031389277
14.2399446408061
13.1611928033048
13.0209550644296
6.04272415837585
8.61555414058886
10.6900220382766
10.959702864976
11.8647613724469
5.02241897841809
6.74291446719435
4.35657888073527
6.65635525449558
6.08532618308443
6.88109240380098
6.98454201249413
3.51799046162424
8.28733876001115
7.16735403880145
6.15175602504419
9.49972828325574
4.71496467682325
7.57294540798702
7.94448290303831
3.64278277739498
7.43356176106135
5.31636302893797
1.56112719376194
4.55294653518905
2.33188304957458
4.65314479644469
4.95490882353781
7.60413814705992
4.46853795911779
3.19090993468531
5.63481829150909
2.47252637789618
3.8014284291265
2.23418569578645
2.90044414045224
2.98705773825879
0.388317505973643
0.920481275776574
1.85966256585095
3.72175613356062
3.09382829736288
4.75219767865717
2.35778569822543
2.04651214076931
0.26604657830001
0.0345860551790013
0.87449618717327
0.113684504332525
1.75477898556323
1.09812126812322
0.142755764856019
2.62855824943128
0.341712572426067
0.914422634415389
1.858874942474
0.24165374252162
0.0314149865278106
0.874083948248615
0.98363091327232
0.127872018725402
0.0166233624343022
0.00216103711645929
0.000280934825139707
3.6521527268162e-05
4.74779854486105e-06
6.17213810831937e-07
8.02377954081518e-08
1.04309134030597e-08
1.35601874239777e-09
0.870000000176282
0.113100000022917
0.0147030000029792
0.00191139000038729
0.000248480700050348
3.23024910065453e-05
0.870004199323831
0.113100545912098
0.0147030709685727
0.00191139922591446
0.000248481899368879
3.23026469179543e-05
4.19934409933406e-06
5.45914732913428e-07
0.870000070968915
0.113100009225959
0.0147030011993747
0.00191139015591871
1.74024848072027
0.226232302493635
0.899410199324173
0.116923325912142
0.0152000323685785
0.00197600420791521
0.000256880547028977
3.3394471113767e-05
0.870004341281245
0.113100564366562
0.014703073367653
0.871911399537795
0.983348481939913
0.127835302652189
0.0166185893447845
0.872160416614822
0.983380854159927
0.12783951104079
0.0166191364353028
0.00216048773658936
0.000280863405756617
0.870036512242748
0.113104746591557
0.0147036170569024
0.871911470217397
0.983348491128262
1.86783530384667
1.11281858950007
1.01466641663501
1.87190663416255
2.85334786244113
3.85093522211735
0.500621578875255
5.28508080525378
3.29706050468299
1.29861786560879
4.51882032252914
5.80744664192879
3.36496806345074
3.0474458482486
2.13616796027232
2.8877018348354
3.8554012385286
1.37120216100872
8.00825628093113
2.78107331652105
1.23153953114774
1.90010013904921
2.8570130180764
2.98141169234993
5.60758352000549
4.20898585760071
4.89716816148809
3.24663186099345
3.03206214192915
3.87416807845079
3.1136418501986
4.75477344052582
11.9281205472684
7.64065567114489
8.82328523724884
8.10702708084235
10.6239135205095
8.34110875766624
10.6543441384966
8.34506473800456
4.56485841594059
6.68343159407228
5.2188461072294
5.02844999393982
4.13369849921218
4.88738080489758
4.98535950463669
6.73809673560277
6.09595257562836
6.01247383483169
6.87162159852812
5.24331080780865
2.42163040501512
2.92481195265197
5.60022555384475
3.33802932199982
4.78394381185998
5.8419126955418
5.97944865042043
7.73732832455466
7.09585268219211
7.88246084868497
4.50471991032905
17.1156135883428
9.18502976648456
5.54405386964299
6.81072700305359
8.71539451039697
10.7030012863516
6.61139016722571
4.33948072173934
7.52413249382611
10.5481372241974
9.20125783914566
9.89616351908893
9.98650125748156
8.2582451634726
4.55357187125144
8.42196434326269
10.6648553646241
7.47643119740114
4.45193605566215
6.66875168723608
4.34693771934069
5.78510190351429
12.0620632474569
8.52806822216939
10.678648868882
4.86822435295466
4.98286916588411
6.73777299156493
12.1859104889034
9.41416836355745
6.44384188726247
3.44769944534412
8.27820092789474
9.77616612062631
5.62090159568142
9.43071720743858
11.665993236967
8.47657912080571
3.71195528570474
10.0525541871416
5.65683204432841
12.0453881657627
5.04590046154915
13.7059670600014
8.74177571780018
9.83643084331402
6.49873600963082
9.54483568125201
7.33082863856276
8.78300772301316
8.10179100399171
8.01323283051892
3.65172026796746
1.34472363483577
7.13481407252865
8.75752582942872
8.09847835782573
11.4928021865173
5.84406428424725
8.58972835695214
12.4266646864038
5.96546640923249
5.99551063320022
8.60941638231603
10.6892241297011
3.99959913686114
8.34994788779195
3.69549322541295
10.0504141193037
8.26655383550948
8.03465199861623
5.39450475982011
8.53128561877661
7.19906713044096
7.02587872695733
10.4833642345045
5.71283735048558
5.09266885556312
10.2320469512232
8.29016610365902
10.6477215934757
9.21420380715184
7.28784649492974
7.90742004434087
8.85796460576431
6.37153539874936
7.78829960183742
7.10247894823886
7.01332226327105
10.4817318942252
12.6726251462493
12.0874412690124
8.53136736497161
9.80907775744631
11.715180108468
3.26297341410084
8.25418654383311
9.7730442506983
9.10049575259078
15.1030644478368
8.05339837821878
14.9669417891684
11.5157024325919
17.1570413162369
6.5804153711108
9.5554539982444
10.8122090197718
2.27558717257033
8.99582633243414
6.38945742321644
13.0106294650181
7.78138183045236
11.4515796379588
11.0587053529346
8.3976316958815
12.4016921204646
7.7022199756604
13.1812885968359
7.80356751758866
4.49446377728653
6.67428029104725
7.82765643783614
10.5875953369187
10.9463873937994
8.38303036119393
6.30979394695521
4.30027321310418
4.03903551770354
6.61507461730146
6.94995970024919
8.73349476103239
6.35535431893421
3.43619606146145
6.53670548798999
7.8097717134387
5.36527032274703
4.17748514195711
