0
0
0
0
0
0
0
0
0
0
0
0
0
0
0
0
3.05882352941176
2.72235294117647
2.53289411764706
2.47427576470588
2.42210543058824
2.37567383322353
2.22434971156894
1.97967124329636
1.87190740653376
1.77599759181505
1.58063785671539
1.5167676924767
1.34992324630426
1.31143168921079
1.1671742033976
1.14878504102387
1.13241868651124
1.22785263099501
1.31278884158556
1.27838206901114
1.35776004141992
1.20840643686373
1.18548172880872
1.05507873863976
0.939020077389385
0.945727868876553
0.841697803300132
0.859111044937118
0.764608829994035
0.680501858694691
0.715646654238275
0.746925522272065
0.664763714822137
0.591639706191702
0.526559338510615
0.578637811274447
0.514987652034258
0.45833901031049
0.407921719176336
0.363050330066939
0.433114793759576
0.385472166446022
0.34307022813696
0.415332503041894
0.369645927707286
0.328984875659484
0.292796539336941
0.260588920009878
0.231924138808791
0.206412483539824
0.293707110350443
0.261399328211895
0.232645402108586
0.207054407876642
0.184278423010211
0.164007796479088
0.145966938866388
0.129910575591086
0.115620412276066
0.102902166925699
0.091582928563872
0.0815088064218461
0.182542837715443
0.162463125566744
0.254592181754402
0.226587041761418
0.201662467167662
0.399479595779219
0.465536840243505
0.41432778781672
0.36875173115688
0.328189040729624
0.402088246249365
0.357858539161935
0.648494099854122
0.797159748870168
1.03947217649445
0.92513023708006
0.823365911001254
0.842795660791116
1.08008813810409
0.961278442912643
0.965537814192252
1.1893286546311
1.16850250262168
1.1499672273333
1.24347083232664
1.10668904077071
1.09495324628593
1.19450838919448
1.06311246638308
1.05617009508094
1.37999138462204
1.22819233231362
1.20309117575912
1.29075114642562
1.4787685203188
1.64610398308373
1.90503254494452
1.91547896500062
2.14477627885055
2.45885088817699
2.62837729047752
2.779255788525
2.69353765178725
3.16724851009065
3.58885117398068
3.8540775448428
3.9801290149101
3.87231482326998
3.88636019271029
3.56886057151215
3.61628590864582
3.32849445869478
3.84236006823835
3.74970046073213
3.7772334100516
3.91173773494592
4.25144658410187
4.44378745985067
4.61497083926709
4.98732404694771
5.20871840178346
5.07575937758728
5.17742584605268
4.71790900298689
4.74893901265833
5.21655572126591
4.86273459192666
4.32783378681473
4.18177207026511
4.49177714253595
4.43768165685699
4.60953667460273
4.32248764039643
4.39701399995282
4.57334245995801
4.73027478936263
4.75994456253274
4.89635066065414
4.90775208798218
4.58789935830414
4.96323042889069
5.62727508171271
5.77827482272431
5.91266459222464
5.70227148707993
6.17502162350114
6.04576924491601
6.48073462797525
6.31785381889797
6.9428898988192
6.28917200994908
6.80736308885469
6.38855314908067
6.4558123026818
6.2956729493868
6.26314892495425
6.34420254320928
6.52634026345626
6.46844283447607
6.5269141226837
6.6889535691885
7.71316867657776
8.62472012215421
8.66600090871725
8.81274080875835
8.61333931979493
8.43587199461749
8.38792607520957
8.23525420693651
7.9893762441735
7.77054485731441
7.68578492300983
7.39034858147875
7.78741023751609
7.37079511138932
7.44000764913649
8.05160680773148
8.37593005888101
8.4445777524041
8.50567419963965
8.56005003767929
8.60844453353457
9.09151563484577
8.42144891501273
8.26508953436133
9.11592968558159
9.43317742016761
8.94552790394918
8.51151983451477
8.34525265271814
8.08727486091915
7.96767462621804
7.42123041733406
7.04489507142731
6.70995661357031
6.74186138607757
6.55025663360904
7.14972840391205
7.13325827948172
7.22859986873873
7.20345388317747
7.07107395602795
6.95325582086487
6.84839768056974
6.86507393570707
6.43991580277929
6.28152506447357
5.92055730738148
6.80929600356951
7.38027344317687
7.33844336442741
6.9712145943404
6.75438098896295
6.89139908017703
6.46334518135756
6.52237721140822
7.01491571815332
7.23327498915646
6.98761474034924
7.31897711891083
7.28388963583064
8.24266177588927
8.43596898054145
8.16801239268189
8.14953102948688
7.69308261624332
8.16684352845656
7.92849074032634
7.82635675889044
7.62545751541249
7.77665718871712
8.02122489795824
7.46889015918283
7.52731224167272
7.24930789508872
7.33188402662896
7.40537678369977
7.2507853374928
7.11319895036859
6.66074706582805
6.14806488858696
6.3517777508424
6.09308219824973
6.08284315644226
6.51373040923361
6.34722006421792
6.19902585715394
6.06713301286701
5.83974838145164
5.30737605949196
5.38356469294784
5.34137257672358
4.97382159328399
4.86670121802275
4.55136408404025
4.38071403479582
4.11883549096828
3.99576358696177
4.10622959239597
4.09454433723242
4.41414446013685
4.2585885695218
4.3401438268744
4.08272800591822
3.96362792526721
3.52762885348782
3.46958967960416
3.1979348148477
3.06616198521446
2.72888416684086
2.64870690848837
2.57734914855465
2.95384074221364
2.95891826057014
2.85343725190742
2.86955915419761
2.88390764723587
2.78667780603992
2.70014324737553
2.51312749016422
2.67668346624616
2.49224828495908
2.21810097361358
2.19410986651609
2.06275778119932
1.83585442526739
1.74391043848798
1.5520802902543
1.60135145832633
1.64520279791043
1.57423049014029
1.40106513622485
1.24694797124012
1.10978369440371
1.0977074880193
0.976959664337177
0.869494101260087
0.773849750121478
0.798726277608115
0.710866387071223
0.852671084493388
0.868877265199115
0.883300766027213
0.786137681764219
0.809662536770155
0.720599657725438
0.64133369537564
0.57078698888432
0.508000420107044
0.672120373895269
0.70818713276679
0.740286548162443
0.658855027864574
0.696380974799471
0.729779067571529
0.649503370138661
0.578057999423408
0.514471619486833
0.457879741343282
0.517512969795521
0.460586543118013
0.409922023375032
0.474830600803778
0.422599234715363
0.376113318896673
0.334740853818039
0.297919359898055
0.265148230309269
0.235981924975249
0.210023913227972
0.296921282772895
0.264259941667876
0.23519134808441
0.209320299795125
0.186295066817661
0.165802609467718
0.147564322426269
0.24133224695938
0.214785699793848
0.191159272816525
0.170131752806707
0.151417259997969
0.134761361398193
0.229937611644391
0.204644474363508
0.182133582183522
0.272098888143335
0.242168010447568
0.215529529298336
0.191821281075519
0.170720940157212
0.151941636739918
0.135228056698527
0.120352970461689
0.107114143710904
0.205331587902704
0.182745113233407
0.162643150777732
0.144752404192181
0.128829639731042
0.114658379360627
0.102045957630958
0.200820902291553
0.398730603039482
0.464870236705139
0.413734510667574
0.698223714494141
0.951419105899785
0.956763004250809
1.07151907378322
1.06365197566707
1.27665025834369
1.24621872992588
1.21913466963404
2.40502985597429
2.58047657181712
2.95662414891724
2.85139549253634
2.75774198835734
2.78439036963804
2.47810742897785
2.64551561179029
3.67450889449336
3.82031291609909
3.95007849532819
5.05556986084209
4.71945717614946
4.20031688677302
3.84828202922799
3.86497100601291
3.54982419535149
3.48934353386282
4.75551574513791
6.10240901317274
6.64114402172374
8.77061817933413
8.57585017960738
8.18250665985056
7.832430927267
8.62086352526763
8.44256853748819
8.17388599836449
7.9347585385444
7.72193509930451
7.64252223838102
6.91184479215911
7.5815418650216
7.40757225986923
7.25273931128361
6.89493798704242
6.46649480846775
6.5251803795363
6.13741053778731
5.9022953786307
6.02304288698133
5.80050816941338
5.82245227077791
5.62198252099234
5.55356444368318
5.27267235487803
6.89267839584145
10.3144837722989
10.499890557346
9.78490259603795
9.03856331047378
8.81432134632166
8.39474599822628
7.69132393842139
7.50527830519504
7.00969769162358
6.67863094554499
6.27398154153504
6.13384357196619
5.78912077904991
6.91231749335442
8.02196256908543
8.01954668648603
7.35739655097257
6.98808293036559
6.65939380802537
6.36686048914258
6.2165058353369
6.19269019344984
6.17149427217036
8.02262990223162
8.24014061298614
7.99372514555767
7.66441537954632
7.26132968779623
6.57258342213864
6.50959924570339
6.01354332867602
5.90205356252166
6.02282767064427
5.6903166268734
7.59438179791733
7.41899980014642
6.93290982213032
7.16028974169598
6.92265787010942
6.27116550439739
6.02133729891368
5.68899019603317
5.39320127446952
5.23994913427788
4.77355472950731
4.90846370926151
5.02853270124274
5.02539410410604
7.33260075265438
7.18601466986239
6.94555305617753
6.841542219998
8.83897257579822
8.63668559246042
8.45665017728977
7.9664186577879
8.08011260543123
9.17130021883379
8.49245719476208
8.21828690333825
9.29427534397104
8.60190505613423
7.87569549995946
7.77936899496392
8.02363840551789
7.47103818091092
7.41922398101072
6.60310934309954
6.42676731535859
6.15982291066915
5.81224239049554
5.50289572754103
5.11757719751152
5.10464370578525
4.76313289814887
5.0091882793525
5.00817756862372
5.55727803607511
8.57597745210685
9.1726199323751
9.04363173981384
9.36883224843432
8.77826070110654
8.58265202398482
8.18856030134649
7.50781866819838
7.45195861469656
7.40224316707993
7.46799641870114
6.97651681264402
7.08909996325317
6.96929896729532
6.75267608089284
6.77988171199463
6.80409472367522
6.49564430407094
6.77112343062314
6.7962998532546
6.92870686939659
6.82654911376297
7.17562871124904
6.82630955301165
6.73541550218036
6.43451979694053
5.83672261927707
5.63468313115659
5.56486798672937
5.28273250818914
4.81163193228833
4.61235241973662
4.43499365356559
4.38714435167337
4.6745584729893
5.26035704096048
5.01171776645483
4.6804288121448
4.27558164280887
4.13526766209989
4.2303882192689
3.98504551514933
3.8766905084829
3.67025455254978
3.81652655176931
3.39670863107468
3.46307068165647
3.52213290667426
3.57469828694009
3.51148147537668
3.56521851308524
3.39304447664587
3.34980958421482
3.42133052995119
3.15498417165656
2.91793591277434
3.14696296236916
2.80079703650855
2.49270936249261
2.43851133261843
2.2802750860304
2.46944482656705
2.19780589564468
2.28604724712376
2.14458204994015
2.01867802444673
2.12662344175759
2.33269486316426
2.29609842821619
2.04352760111241
2.14873956499004
2.57237821284114
2.39941660942861
2.24548078239147
2.1084778963284
1.87654532773228
1.78012534168173
1.91431155409674
2.0337372831461
2.03002618200003
2.24672330198002
2.10958373876222
2.09752952749838
1.97680127947356
1.75935313873146
1.565824293471
1.50358362118919
1.55818942285838
1.38678858634396
1.34424184184612
1.19637523924305
1.17477396292632
1.04554882700442
1.04053845603393
0.926079225870202
0.934210511024479
0.831447354811787
0.73998814578249
0.768589449746416
0.794044610274311
0.816699703144136
0.726862735798281
0.64690783486047
0.685747973025819
0.610315695992979
0.543180969433751
0.483431062796038
0.430253645888474
0.382925744840742
0.45080391290826
0.401215482488352
0.357081779414633
0.317802783679023
0.282844477474331
0.251731584952154
0.224041110607417
0.199396588440602
0.177462963712135
0.157942037703801
0.140568413556382
0.23510588806518
0.209244240378011
0.186227373936429
0.165742362803422
0.147510702895046
0.131284525576591
0.116843227763166
0.103990472709218
0.0925515207112036
0.0823708534329712
0.183310059555344
0.163145953004256
0.145199898173788
0.129227909374672
0.115012839343458
0.102361427015677
0.0911016700439528
0.081080486339118
0.072161632841815
0.0642238532292154
0.0571592293740017
0.0508717141428615
0.0452758255871467
0.150295484772561
0.353762981447579
0.314849053488345
0.280215657604627
0.359391935268118
0.319858822388625
0.284674351925876
0.25336017321403
0.445490554160487
0.396486593202833
0.352873067950522
1.63405703047596
1.56431075712361
1.50223657384001
1.44699055071761
2.93782159013867
3.38466121522342
3.45234848154884
3.18259014857847
2.83250523223484
2.85092965668901
2.97732739445322
3.08982138106336
3.07994102914639
3.62114751594029
3.55282128918686
3.6020109473763
3.86578974316491
3.77055287141677
3.68579205556093
3.94035492944922
3.61691588720981
3.76905513961673
3.79445907425889
4.03706857609041
4.25299103272047
4.11516201912122
4.21249419701788
4.07911983534591
6.49041665345786
8.5264708215775
8.68855903120397
8.83281753777154
7.86120760861667
7.65647477166883
7.03426254678526
7.25049366663888
7.99293936330861
8.43371603334466
7.61600726967675
9.08824647001231
8.74853935831095
8.22620002889675
7.98131802571811
8.75337304288911
8.01050200817131
8.22934678727247
8.0941186406725
7.53376559019852
7.47505137527668
6.87279572399625
6.77678819435666
6.14134149297743
5.57579392874991
5.29245659658742
5.48028637096281
5.8674548701569
8.08203483443964
8.29301100265128
7.71077979235964
7.30259401520008
9.24930867352807
9.22188471943998
8.53747740030158
8.58835488626841
8.85363584877889
8.86973590541321
9.10406495581775
8.8726178106778
8.22662985150324
7.98170056783789
7.98371350537572
7.76550501978439
7.57129946760811
7.39845652617122
6.91462630829238
6.48401741438022
6.1007754987984
5.64969019393057
5.68822427259821
5.61251960261241
7.63514244632504
10.5352767772293
10.0363963317341
9.37239273524332
9.11142953436655
8.98917228558623
8.22036333417175
8.30612336741286
7.72244979699744
7.53298031932772
6.81435248420168
6.72477371093949
6.09504860273615
5.97459325643517
5.6473879982273
5.4661753184223
5.52489603339585
5.0271574697223
4.91417014805285
4.92361143176704
5.26201417427266
5.45319261510267
5.40334142744138
5.46897387042283
5.19738674467632
4.84567420276192
4.53265004045811
4.47405853600772
4.42191209704687
4.26550176637171
4.12629657207082
4.55240394914303
4.7116395147373
4.5233591681162
4.57578965962341
4.84245279706484
4.52978298938771
4.14150686055506
3.905941105894
4.02628758424566
4.57339594997864
4.73032239548099
5.08998693197808
4.75008836946049
4.77757864881984
4.69204499744966
4.61592004773019
4.43816884247987
4.27997026980709
4.35917354012831
4.42966445071419
6.25240136113563
7.76463721141071
8.01052711815553
8.88936913515843
8.351538530291
7.98286929195899
7.9847536698435
7.43643076616072
7.38842338188304
7.6756968098759
7.49137016078955
7.5473194431027
7.70711430436141
8.50933173088165
8.23330524048467
8.09764166403136
8.19690108098791
8.06524196207924
8.71806534625052
8.30907815816296
8.05507956076504
7.71902080908088
7.74992852008199
7.11743638287297
7.21451838075694
7.30092135887368
6.71782000939757
6.63885980836384
7.00858522944382
6.457640854205
6.07730036024245
5.51879732061578
6.01172961534805
6.34043935765976
6.30299102831719
6.1596620152023
6.14209919353004
6.23646828224174
5.99045677119515
5.33150652636368
5.40504080846368
5.47048631953267
5.52873282438408
5.25057221370183
5.00300927019463
4.45267825047322
4.40288364292117
4.57856644219984
4.40492413355786
4.58038247886649
4.40654040619118
4.25182096151015
3.89412065574403
3.90576738361219
4.13613297141485
4.01115834455921
3.6799309266577
3.27513852472535
3.90487328700556
3.91533722543495
3.81465013063711
3.72503861626703
3.53528436847765
3.25640308794511
3.22819874827115
2.98309688596132
2.76495622850558
2.57081104336996
2.61802182859927
2.44003942745335
2.61163509043348
2.4343552304858
2.38657615513236
2.3440527780678
2.08620697248034
1.9667242055075
1.75038454290168
1.55784224318249
1.49647959643242
1.33186684082485
1.29536148833412
1.15287172461737
1.02605583490946
0.913189693069416
0.92273882683178
1.04123755588028
0.926701424733453
1.04476426801277
1.03984019853137
1.03545777669292
1.0315574212567
1.02808610491846
0.91499663337743
0.814347003705913
1.05476883329826
1.26874426163545
1.23918239285555
1.10287232964144
0.981556373380884
0.873585172308987
0.777490803354998
0.691966814985948
0.615850465337494
0.54810691415037
0.597815153593829
0.532055486698508
0.583529383161672
0.519341151013888
0.46221362440236
0.411370125718101
0.36611941188911
0.325846276581308
0.290003186157364
0.258102835680054
0.229711523755248
0.314443256142171
0.389854497966532
0.346970503190213
0.30880374783929
0.274835335576968
0.244603448663502
0.327697069310516
0.40165039168636
0.35746884860086
0.318147275254765
0.283151074976741
0.2520044567293
0.224283966489077
0.199612730175278
0.177655329855998
0.158113243571838
0.140720786778936
0.125241500233253
0.111464935207595
0.0992037923347596
0.088291375177936
0.188579323908363
0.167835598278443
0.149373682467814
0.132942577396355
0.228318893882756
0.423203815555653
0.376651395844531
0.335219742301632
0.298345570648453
0.265527557877123
0.23631952651064
0.210324378594469
0.297188696949078
0.594497940284679
0.639103166853364
0.898801818499494
0.79993361846455
0.821940920433449
0.84152741918577
0.748959403075335
0.666573868737048
0.923250743175973
1.04169316142662
1.03710691366969
1.14302515316602
1.12729238631776
1.22329022382281
1.0887282992023
1.07896818629005
0.96028168579814
1.40465070036035
1.69013912332071
1.83422381975543
1.74245919958233
1.66078868762828
1.58810193198917
1.63341071947036
1.78373554032862
1.80752463089247
2.1586969214943
2.14124026012993
2.12570383151563
2.77187641004891
3.01697000494353
3.45510330439975
3.18504194091577
3.49468732741504
3.88027172139938
4.55344183204545
5.15256323052045
5.0257812751632
5.46294533489525
5.41202134805677
5.14669899977053
5.13056210979577
5.11620027771824
4.99341824716923
4.99414223998062
5.32478659358275
5.17906006828865
5.2693634607769
4.79973348009144
4.82176279728138
4.62136888958043
4.88301831172658
5.33588629743666
5.18893880471863
4.72815553619958
4.64805842721762
4.68677200022369
4.28122708019908
4.36029210137718
4.21065997022569
4.40748737350087
4.69266376241577
4.83647074855004
5.29445896620953
5.15206847992648
5.79534094713457
6.03785344294977
5.70368956422529
6.17628371216051
5.71689250382286
5.85803432840234
6.09365055227808
6.85334899152749
6.64948060245947
6.35803773618893
5.87865358520815
5.34200169083525
5.52438150484337
5.6866995393106
5.61116258998644
5.65393470508793
5.25200188752826
5.66428167990015
5.70121069511113
5.62407751864891
5.99542899159753
6.3259318025218
6.9500793042444
6.62557058077752
7.32675781689199
7.51081445703387
7.67462486676015
7.60041613141653
8.19437035696071
8.17298961769503
7.82396075974858
7.95332507617624
7.73845931779685
7.7672287928392
7.57283362562689
7.39982192680793
7.90584151485906
8.02619894822456
7.80331706391986
8.04495218688867
7.38000744633092
7.11820662723452
7.76520389823872
7.57103146943246
7.61821800779489
7.99021402693745
8.21129048397433
7.74804853073716
8.54576319235607
8.3757292411969
7.67439902466524
7.93021513195207
7.71789146743734
6.97892340601923
7.09124183135712
6.64120522990783
6.57067265461797
6.39789866261
6.4641298097229
6.41307553065338
6.91763722228151
6.59669712783054
7.08106044376918
6.96214379495457
7.07630797750957
6.84791409998352
6.64464354898533
6.79373275859694
6.81642215515128
6.94661571808464
6.73248798909533
6.21191431029484
6.95860373616241
6.63315732518454
6.56351001941424
6.72152391727868
6.64215628637802
6.79151909487644
6.81445199444003
6.39486227505163
6.24142742479595
6.3248704080684
6.28913466318087
6.47732985023098
7.19482356670557
8.16339297436796
8.14541974718748
8.45942357499686
8.9588869817472
8.74340941375501
9.21163437824196
9.29835459663535
9.70553559100546
9.51792667599486
9.24095474163542
9.21444972005553
9.30086025084942
9.48776562325599
9.65411140469783
9.36215915018106
9.32232164366115
9.39686626285842
9.683210973944
9.38805776681016
9.12537141246104
8.78158055709033
8.58560669581039
8.19118995927125
8.61015906375141
8.21304156673876
7.74960699439749
7.88715022501377
7.34956370026226
7.09111169323341
6.97108940697773
7.08426957221018
7.18499991926706
7.05464992814769
7.26863843605144
7.12908820808578
7.33488850519635
6.74805076962475
6.66576518496603
6.81253101461976
6.39315260301159
5.79990581668032
5.82191617684548
5.62150539739248
5.55313980367931
5.38229442527458
5.23024203849438
4.87491541426
4.6686747186914
4.59512049963534
4.41965724467546
4.48349494776116
4.21031050350743
3.74717634812161
3.66498694982824
3.48183838534713
3.53883616295895
3.36956418503346
2.99891212467978
2.669031790965
2.81543829395885
2.72574008162338
2.64590867264481
2.57485871865388
2.40162425960195
2.46744559104574
2.19602657603071
2.17446365266733
1.93527265087392
1.72239265927779
1.75292946675723
1.56010722541394
1.38849543061841
1.56576093325038
1.50352723059284
1.55813923522763
1.60674391935259
1.5400020882238
1.48060185851919
1.75773565408207
1.56438473213305
1.39230241159841
1.23914914632259
1.1028427402271
0.981530038802121
0.983561734533888
0.87536994373516
0.779079249924292
0.69338053243262
0.617108673865032
0.549226719739878
0.488811780568492
0.435042484705958
0.387187811388302
0.344597152135589
0.306691465400674
0.3829554042066
0.450830309743874
0.401238975672048
0.577102688348123
0.513621392629829
0.457123039440548
0.516839505102088
0.459987159540858
0.409388571991364
0.364355829072314
0.324276687874359
0.28860625220818
0.47685956446528
0.644405012374099
0.573520461012948
0.510433210301524
0.454285557168356
0.404314145879837
0.359839589833055
0.320257234951419
0.285028939106763
0.253675755805019
0.225771422666467
0.200936566173156
0.398833543894109
0.464961854065757
0.413816050118523
0.478296284605486
0.425683693298882
0.378858487036005
0.337184053462045
0.41009380758122
0.474983488747286
0.422735304985084
0.376234421436725
0.444848635078685
0.61591528522003
0.548164603845827
0.487866497422786
0.544201182706279
0.484339052608589
0.541061756821644
0.481544963571263
0.428575017578424
0.381431765644797
0.33947427142387
0.522132101567244
0.684697570394847
0.609380837651414
0.542348945509759
0.812690561503685
1.16329459973828
1.25533219376707
1.33724565245269
1.1901486306829
1.49923228130778
1.66431673036392
1.81124189002389
1.83200528212126
1.96048470108792
2.07483138396825
2.06659993173174
2.38927393924125
3.44645380592471
3.617343887273
3.32943605967297
3.62319809310894
3.33464630286696
3.40783520955159
3.36297333650092
3.21304626948582
3.18961117984238
3.27875395005971
3.13809101555315
2.9029010038423
3.02358189341965
2.91098788514349
2.8107792177777
2.83159350382216
3.51011821840172
3.45400521437753
4.284064640796
4.47281753030844
4.53080760197451
4.47241876575732
4.31045270152401
4.27630290435637
4.02590958487717
4.24305953054068
3.88632298218121
3.78882745414127
3.92205643418573
3.7106302264253
3.52246090151852
3.57499020235148
3.95174128009282
4.17704973928261
4.15757426796152
4.25024109848576
4.33271457765232
4.51611597411057
4.5693432169584
4.50671546309298
4.78097676215275
5.35506931831595
5.5360116933012
5.47705040703806
5.42457486226388
5.48787162741485
5.65420574839922
5.4722431160753
5.31029637330702
5.82616377224325
5.95528575729649
5.74020432399388
5.98878184835455
6.32001584503555
6.61481410208164
6.76718455085266
6.68279425025887
6.49768688273039
6.11294132563005
5.88051777981074
5.67366082403156
5.81955813338809
5.8394067387154
5.74707199745671
5.66489407773647
5.70175572918546
5.29456259897506
5.1521607130878
5.68542303464814
5.72002650083685
5.31082358574479
5.93663299131287
6.27360336226845
6.13350699241892
6.00882122325284
6.55785088869503
6.38648729093858
6.78397368893533
7.02773658315245
7.24468555900568
7.54777014751505
7.2675154312884
6.79808873384667
6.82029897312354
6.73006608607995
6.97975881661116
7.75198534678393
7.9992669586377
8.10934759318755
8.09731935793692
7.75661422856386
8.00338666342183
8.00301413044543
7.56268257609643
7.61078749272583
7.76360086852599
7.56960477298813
7.28694824795943
7.3653839406839
7.32519170720867
7.39942061941571
7.02548435127999
6.58268107263919
6.29858615464888
6.7057416776375
6.95811009309738
6.30271798285667
6.48941900474243
6.32558291422076
6.50976879365648
6.23369422635427
6.3179878614553
6.50300919669522
6.66767818505874
6.26423358470228
6.67516789038503
7.15089942244268
6.69430048597398
6.50792743251684
6.78205541493999
6.69602931929659
6.61946609417397
7.10132482381483
7.2001790931952
7.17815939294373
7.59856185971992
7.53272005515073
7.69412084908415
7.39776755568489
7.24401312455955
7.767171680858
8.34278279596362
8.52507668840762
8.46731825268279
8.19591324488768
8.28436278795003
8.69308288127553
9.38684376433522
9.56429095025835
8.84221894572993
8.30957486169964
8.71552162691268
8.74681424795228
8.22466468067753
8.749951565803
8.77745689356467
8.69193663527256
8.94582360539258
9.5017830087994
9.55658687783146
9.38536232127
9.3429724659303
9.96524549467797
9.63906849026339
9.56877095633442
9.50620615113763
9.7805234745125
10.1346658923161
9.78985264416135
9.4829688533036
9.42984227944021
9.38255962870178
8.79047806954459
8.59352548189468
8.63823767888627
8.23803153420878
7.99184806544581
8.10274477824677
7.65144285263963
8.01978413884927
7.57760788357585
7.07407101638251
6.40592320458043
6.03127165207658
5.69783177034816
5.29107027560986
5.47905254529278
5.20635676531057
5.07365752112641
4.62555519380251
4.33674412248423
4.07970226901096
3.85093501941976
3.64733216728358
4.01612562888239
3.68435180970533
3.27907311063774
3.13837506846759
3.12315381093615
2.88960689173318
2.79175013364253
2.59465761894185
2.63924528085825
2.45892829996384
2.40844618696782
2.14351710640136
2.01773022469721
2.01577989998052
1.79404411098266
1.59669925877457
1.42106234030936
1.26474548287533
1.23562347975905
1.31970489698555
1.39453735831714
1.24113824890226
1.10461304152301
1.09310560695548
1.08286399019037
1.07374895126943
0.955636566629796
0.960516544300518
0.854859724427461
0.76082515474044
0.677134387718992
0.712649605069903
0.634258148512214
0.56448975217587
0.502395879436524
0.447132332698507
0.507947776101671
0.452073520730487
0.512345433450134
0.455987435770619
0.405828817835851
0.471187647873907
0.419357006607777
0.483227735880922
0.430072684934021
0.382764689591278
0.340660573736238
0.303187910625252
0.269837240456474
0.350155144006262
0.311638078165573
0.27735788956736
0.24684852171495
0.219695184326306
0.195528714050412
0.174020555504867
0.154878294399331
0.137841682015405
0.12267909699371
0.109184396324402
0.0971741127287181
0.0864849603285591
0.0769716146924176
0.178504737076252
0.158869215997864
0.141393602238099
0.125840305991908
0.111997872332798
0.0996781063761904
0.0887135146748095
0.0789550280605804
0.0702699749739166
0.0625402777267857
0.0556608471768393
0.049538153987387
0.0440889570487744
0.0392391717734092
0.144922862878334
0.128981347961717
0.114793399685929
0.102166125720476
0.090927851891224
0.0809257881831894
0.0720239514830385
0.0641013168199043
0.167050171969715
0.148674653053046
0.132320441217211
0.117765192683318
0.104811021488153
0.0932818091244561
0.0830208101207659
0.623888521007482
0.665260783696659
1.14208209749003
1.67645306676612
2.70204322942185
5.81481847418545
5.72518844202505
5.20541771340229
4.63282176492804
4.23321137078596
4.0975581199995
3.64682672679956
3.79567578685161
3.59815145029793
3.97235479076516
3.97539576378099
3.86810222976508
3.66261098449092
3.47972377619692
3.42695416081526
3.37998920312558
3.44819039078177
4.05888944779577
3.94241160853824
3.61874633159903
3.44068423512314
3.28220896925959
3.36116598264104
3.10143772455052
3.20027957484997
3.50824882161647
3.78234145123866
3.69628389160241
3.61969266352614
3.33152647053827
3.73505855877906
5.52420211731336
5.46653988440889
5.63522049712391
8.20534624244028
7.85275815577185
7.42895475863695
7.27176973518688
7.02187506431633
6.68946880724153
6.94362723844496
6.61982824221602
6.33164713557226
6.40516595065931
6.14059769608678
5.90513194951724
5.36556743507034
5.2153550172126
5.63166596531922
5.5621827091341
7.37034261112935
7.76960492390512
7.46494838227556
7.19380406022525
7.06248561360047
6.94561219610442
6.29159485453293
5.81951942053431
5.83937228427554
5.30704133300523
5.16326678637465
5.14530743987344
4.79932362148736
5.15139802312375
4.91474424058014
4.81412237411633
4.83456891296353
4.74276633253754
4.55106203595841
4.38044521200299
4.66859623868266
4.26505065242757
4.12589508066053
4.00204662178788
5.21182149339121
6.50852112911818
8.98258380491518
8.43449958637451
8.05670463187331
8.27046712236725
7.47071573890685
7.0889370076271
6.96915393678812
6.86254700374143
6.76766683332987
7.34322348166358
7.52546889868059
8.34766731982572
9.0794239146449
9.07068728403396
8.84291168279022
8.7501913976833
8.44767034393813
8.06842660610494
7.5108996794334
7.23470071469572
7.20888363607919
7.29590643611048
7.04335672813833
7.14858748804311
7.24224286435837
7.10559614927895
6.87398057285827
9.41784270984386
8.82188001176103
8.95147321046732
8.95681115731591
9.29156193001116
9.91949011770994
11.9083462047618
11.698428122238
11.4016010287919
11.1374249156248
10.352308174906
9.76355427566637
9.23956330534307
8.77321134175533
8.24815809416224
8.0008607038044
7.34076602638591
6.75328176348346
6.56042076950028
6.38877448485525
5.90600929152117
5.80634826945384
6.04764995981392
6.81240846423439
6.83304353316861
6.52140874452006
6.68405378262285
8.58880786653434
8.30403900121556
8.27059471108185
8.46082929286285
8.30013807064793
7.49712288287666
7.11243936576023
7.3200710355266
6.62486322161868
6.55612826724062
7.04495415784416
6.7100092004813
6.52190818842836
6.90449828770124
6.9150034760541
6.81435309368815
6.72477425338245
6.64504908551038
6.79409368610424
6.48674338063278
6.54320160876317
6.59344943179922
6.63816999430131
6.23797129492816
5.99179445248607
6.3226970627126
6.50720038581421
7.00140834337465
6.78125342560344
6.80531554878706
6.38673083842048
6.45419044619423
6.84422949711286
6.97136425243045
7.0845141846631
6.63521762435016
6.45534368567164
6.51525588024776
6.67857773342051
7.04393418274425
7.14910142264238
7.57270026615172
7.28970323687503
7.25783588081878
7.55947393392871
7.27793180119656
6.69735930306493
6.18064977972779
6.05077830395773
5.71519269052238
5.74652149456492
5.66440413016278
5.48131967584488
5.42837451150194
5.27125331523673
5.02141545056069
4.79905975099901
4.60116317838912
4.86503522876632
4.87988135360202
4.6730944047058
4.48905402018816
4.32525807796746
3.84947968939104
3.97603692355803
3.75867286196664
3.78521884715031
3.58884477396378
3.52407184882776
3.90642394545671
3.47671731145647
3.31427840719626
3.05970778240467
3.05313992634016
2.93729453444274
2.94419213565404
2.8403310007321
2.63789459065156
2.56772618567989
2.8352763052551
2.52339591167704
2.35582236139257
2.31668190163939
2.06184689245905
1.83504373428856
1.74318892351682
1.55143814192997
1.60077994631767
1.42469415222273
1.26797779547823
1.12850023797562
1.0043652117983
0.89388503850049
0.905557684265436
0.915946338996238
0.925192241706652
0.93342109511892
0.830744774655839
0.739362849443697
0.65803293600489
0.805649313044352
0.717027888609473
0.638154820862431
0.567957790567564
0.505482433605132
0.559879365908567
0.608292635658625
0.541380445736176
0.481828596705197
0.428827451067625
0.381656431450187
0.339674223990666
0.302310059351693
0.269055952823007
0.239459798012476
0.213119220231103
0.189676106005682
0.168811734345057
0.260242443567101
0.23161577477472
0.206138039549501
0.183462855199056
0.163281941127159
0.145320927603172
0.129335625566823
0.225108706754472
0.31034674901148
0.276208606620218
0.355825659891994
0.426684837303874
0.379749505200448
0.337977059628399
0.410799583069275
0.365611628931655
0.435394349749173
0.497500971276764
0.66277586443632
0.589870519348325
0.524984762220009
0.467236438375808
0.415840430154469
0.480097982837477
0.537287204725355
0.588185612205566
0.743485194862954
0.661701823428029
0.588914622850946
0.744134014337342
0.772279272760234
0.687328552756608
0.721722411953381
0.862332946638509
1.20747632250827
1.18465392703236
1.0543419950588
1.04836437560234
1.15304429428608
1.24620942191461
1.219126385504
1.19502248309856
1.28357000995772
1.36237730886237
1.43251580488751
1.82493906634988
2.1741957690514
2.04503423445574
2.15008046866561
2.46357161711239
2.63257873923003
2.34299507791473
2.19526561934411
2.28378640121626
2.36256989708247
2.3226872084034
2.83719161547902
2.74510053777633
2.88313947862093
3.11599413597263
3.43323478101564
3.38557895510392
3.78316527004249
3.80701709033782
3.82824521040066
4.06713823725658
4.16975303115836
4.59108019773094
4.85606137598054
5.31189462462268
5.38758621591418
6.77495173216362
6.79970704162563
6.60173926704681
6.75554794767166
6.45243767342778
5.85266952935072
5.53887588112214
6.02959953419871
6.02634358543685
6.24344579103879
5.88666675402453
5.67913341108183
5.49442873586283
5.33004157491792
5.73373700167695
5.54302593149248
6.03329307902831
5.9196308403352
5.92847144789833
6.04633958862951
6.04124223388026
6.25670558815343
6.11846797345656
6.21543649637634
6.08173848177494
6.0727472487797
5.73474505141393
5.4339230957584
5.38619155522497
5.67371048415023
5.5996023308937
5.75364607449539
5.6707450063009
5.3769630556078
5.66549711949094
5.48229243634694
5.53924026834878
5.58992383883041
5.85503221655907
5.98097867273757
6.09307101873644
6.41283320667543
6.47742155394113
6.20490518300761
6.18236561287677
6.27230539546033
6.13235180195969
6.33779310374412
6.08063586233227
5.85176591747572
5.97807166655339
5.54048378323252
5.59103056707694
5.41601720469848
5.59025531218165
5.85532722784167
5.87124123277908
5.55540469717338
5.27431018048431
5.13413606063104
5.44938109396162
5.61994917362584
6.211754764527
6.29846174042903
6.59563094898184
6.42011154459384
7.14389927468851
7.12807035447278
7.44398261548077
7.50514452777789
7.22957862972232
6.98432498045286
7.53604923260305
7.03708381701671
7.36300459714488
7.54307409145894
7.15333594139846
6.91646898784463
6.92565739918172
6.60383508527173
6.53741322589184
6.47829777104374
6.42568501622893
6.26885966444374
6.56928510135493
6.83666374020589
6.74463072878324
6.66272134861709
7.02982200026921
6.9165415802396
7.14572200641324
7.23969258570778
6.99332640127993
6.55406049713914
6.93311384245383
6.50047131978391
6.88541947460768
6.89802333240084
7.45924076583674
7.6287242815947
7.22956461061929
6.98431250345117
7.09603812807154
7.19547393398367
7.28397180124546
6.92273490310846
7.37123406376653
7.11039831675221
8.30825450190947
9.26434650669943
9.01526839096249
8.68358886795662
8.38839409248139
8.34567074230844
7.97764696065451
8.64010579498251
8.56969415753444
8.83702780020565
8.41495474218303
8.6993097205429
9.06238565128318
8.72552322964203
8.97571567438141
8.97838695019945
9.42076438567751
9.81448030325299
9.72488746989516
9.53514984820669
9.14628336490395
9.02019219476452
9.12797105334042
8.89389423747298
9.23556587135095
8.54965362550234
8.48919172669709
8.43538063676041
8.60748876671676
8.76066500237792
8.89699185211635
8.46832274838355
7.97680724606136
7.86935844899461
8.2137290196052
8.19021882744863
8.16929475642928
7.82067233322206
7.62039837656763
7.2221545551452
7.41771755407922
6.82176862313051
6.95137407458615
6.95672292638168
6.96148340447969
6.96572022998693
6.85949100468836
6.54494699417265
6.48500282481365
6.10165251408415
6.3104707375349
5.94631895640606
5.95222387120139
5.40747924536924
5.25265652837862
5.00486431025697
4.67432923612871
4.27015302015455
4.02043618793755
3.68818820726442
3.61248750446533
3.43511387897415
3.16725135228699
3.03885370353542
2.92457979614653
2.82287601857041
2.51235965652766
2.34600009430962
2.19794008393556
2.06616667470265
1.94888834048536
1.73451062303197
1.65371445449845
1.47180586450362
1.41990721940822
1.37371742527332
1.33260850849325
1.186021572559
1.16555919957751
1.03734768762398
1.14323944198534
1.12748310336696
1.00345996199659
1.00307936617697
0.8927406358975
0.794539165948775
0.817139857694409
0.727254473348024
0.757256481279742
0.67395826833897
0.709822858821683
0.741742344351298
0.770150686472655
0.685434110960663
0.61003635875499
0.542932359291942
0.593209799769828
0.637956721795147
0.567781482397681
0.505325519333936
0.449739712207203
0.400268343864411
0.356238826039325
0.317052555175
0.28217677410575
0.251137328954117
0.223512222769164
0.198925878264556
0.177044031655455
0.157569188173355
0.140236577474286
0.124810553952114
0.111081393017382
0.0988624397854699
0.0879875714090682
0.0783089385540707
0.0696949553131229
0.0620285102286794
0.0552053741035247
0.159132782952137
0.361628176827402
0.431849077376388
0.384345678864985
0.342067654189837
0.414440212228955
0.36885178888377
0.328278092106555
0.402167501974834
0.357929076757602
0.538556878314266
0.479315621699697
0.42659090331273
0.48966590394833
0.545802654514014
0.485764362517472
0.98233028264055
0.98427395155009
0.98600381687958
0.987543397022826
0.988913623350315
0.880133124781781
1.11331848105578
1.10085344813965
0.979759568844287
1.20198601627142
1.28976755448156
1.47789312348859
1.64532487990484
2.01433914311531
1.90276183737263
2.13345803526164
2.11877765138286
2.21571210973074
2.08198377766036
2.07296556211772
2.06493935028477
2.27779602175345
2.24723845936057
2.88004222883091
3.33323758365951
3.51658144945696
3.4597574900167
3.84918416611486
3.97577390784222
3.86843877797958
4.21291051240183
3.85949035603763
3.87494641687349
4.2187023110174
4.85464505680549
4.87063410055689
5.10486434949563
5.42332927105111
5.04676305123549
4.93161911559958
4.82914101288363
5.28793550146643
5.36626259630512
4.99597371071156
4.77641660253329
4.36101077625463
4.43129959086662
4.49385663587129
4.98953240592545
5.10068384127365
4.64960861873355
4.46815167067286
4.30665498689884
4.38292293833997
5.00080141512257
5.00071325945909
5.11063480091859
5.09846497281755
5.19763382580762
4.95589410496878
4.96074575342221
5.18506372054577
5.38470671128574
5.6723889730443
5.59842618600943
5.53259930554839
5.47401338193807
5.09187190992488
4.97176599983315
5.3048717398515
5.71133584846783
5.63308890513637
5.89344912557137
6.23516972175852
6.42930105236508
7.04207793660493
7.36744936357838
7.21702993358476
7.41315664089044
7.91770941039249
7.70676137524932
7.51901762397189
7.24192568533498
7.10531385994814
7.31372933535384
7.38921910846492
7.01640500653378
6.79460045581506
7.25719440567541
7.99890302105111
7.88902368873549
7.79123108297459
7.81419566384738
8.38463414082417
8.12232438533351
8.32886870294682
8.18269314562267
8.16259689960418
7.59471124064772
7.85929300417647
7.76477077371706
7.57064598860818
7.39787492986128
7.57410868757654
7.40095673194312
7.57685149142938
7.73339782737215
7.98272406636121
7.87462441906148
7.77841573296472
7.8027900023386
7.71448310208135
7.7458899608524
7.99384206515864
8.10451943799119
7.43302229981216
7.27538984683282
6.80509696368121
6.38653629767628
6.34401730493189
6.85617540138938
6.54199610723655
7.03237653544053
7.24881511654207
7.00144545372244
7.22128645381297
8.62694494389355
8.66798100006526
8.48450309005808
8.32120775015169
8.065874897635
7.94862865889515
7.51427950641669
7.34770876071085
6.86946079703266
6.33382010935907
6.62709989732957
6.44811890862332
5.84882582867475
5.53545498752053
5.03655493889327
6.02253389561501
6.24005516709736
6.21364909871665
6.74014769785782
6.21873145109346
6.08467099147318
6.40535718241113
6.47076789234591
6.30898342418786
6.05499524752719
6.5989457702992
6.64306173556629
7.122324944654
6.99886920074206
6.77899358866043
7.46330429390778
7.52234082157793
7.57488333120436
7.73164616477188
7.54116508664697
8.0316369271158
7.69815686513306
8.06135960996843
7.9446100528719
8.17070294705599
8.59192562287983
8.41681380436305
8.15096428588312
7.91435821443597
8.47377881084802
9.19166314165474
9.17058019607271
9.70181637450472
9.5146165733092
9.34800875024519
8.97972778771822
9.09195773106921
9.4118423806516
9.47653971877992
9.09412034971413
8.64376711124558
8.68295272900856
8.16782792881762
8.14936685664768
8.35293650241644
8.31411348715063
7.94956100356406
7.84510929317202
7.97214727092309
7.64521107112155
6.91423785329818
6.81367168943538
7.05416780359749
7.04820934520177
6.82290631722957
7.06238662233432
6.50552409387755
6.44991644355102
6.9504256347604
6.51587881493676
6.01913214529371
5.57702760931141
5.62355457228715
5.33496356933556
4.85811757670865
4.6537246432707
4.25181493251092
3.78411528993472
3.3678626080419
3.21739772115729
3.08348397182999
2.85430073492869
2.76032765408654
2.89669161213702
2.68805553480195
2.39236942597373
2.23920878911662
2.32289582231379
2.06737728185928
2.16996578085475
1.93126954496073
1.71882989501505
1.8597586065634
1.76518515984142
1.57101479225887
1.39820316511039
1.24440081694825
1.21751672708394
1.08358988710471
0.96439499952319
0.858311549575639
0.763897279122319
0.679868578418864
0.605083034792789
0.538523900965582
0.479286271859368
0.536564781954837
0.477542655939805
0.425012963786427
0.48826153776992
0.434552768615229
0.386751964067553
0.344209248020123
0.416346230737909
0.370548145356739
0.439787849367498
0.391411185937073
0.348355955483995
0.310036800380756
0.275932752338872
0.245580149581597
0.218566333127621
0.194524036483583
0.173126392470389
0.154082489298646
0.357133415475795
0.317848739773457
0.392885378398377
0.349667986774556
0.311204508229354
0.276972012324125
0.246505090968472
0.21938953096194
0.305256682556126
0.271678447474953
0.241793818252708
0.21519649824491
0.19152488343797
0.170457146259793
0.261706860171216
0.232919105552382
0.20729800394162
0.184495223508042
0.164200748922157
0.36613866654072
0.325863413221241
0.290018437766904
0.258116409612545
0.339723604555165
0.302354008054097
0.269095067168146
0.34949460977965
0.311050202703889
0.386834680406461
0.34428286556175
0.306411750349958
0.272706457811462
0.242708747452201
0.326010785232459
0.290149598856889
0.258233142982631
0.229827497254542
0.314546472556542
0.499946360575322
0.554952260912037
0.603907512211713
0.537477685868425
0.588355140422898
0.633636074976379
0.783936106728978
0.91770313498879
0.816755790140023
1.38691265322462
2.33435226136991
2.95757351261922
3.73224042623111
4.64169397934569
4.90110764161766
5.35198580103972
5.42326736292535
5.59670795300356
5.42107007817317
5.81475236957412
5.28512960892097
4.81376535193966
4.7242511632263
4.75458353527141
5.33157934639155
5.51510561828848
5.89844400027675
6.67961516024631
8.91485749261921
8.5942231684311
8.74885861990368
8.66648417171428
8.15317091282571
7.80632211241488
7.60762668004924
6.99078774524382
6.991801093267
6.44270297300763
5.95400564597679
5.95906502491935
5.74356787217822
5.55177540623862
5.05108011155237
4.82546129928161
4.84466055636063
4.75174789516096
4.33905562669326
4.411759507757
4.14646596190373
4.02035470609432
4.01811568842394
4.01612296269731
4.0143494368006
4.23277099875254
4.09716618888976
4.19647790811189
4.28486533821958
4.47353015101542
4.86144183440373
4.87668323261932
5.44024807703119
5.39182078855776
5.56872050181641
5.7261612466166
5.75628350948878
5.67309232344501
5.70905216786606
5.96105642940079
5.85534022216671
5.54125279772837
5.48171498997825
6.30872634108064
6.71476644356177
6.52614213476997
6.13826649994528
6.1230571849513
6.21952089460665
5.86537359619992
5.88018250061793
5.89336242554996
6.23509255873946
6.09923237727812
5.97831681577753
6.530701966042
6.58232474977738
6.62826902730187
6.77915943429866
7.02345189652581
6.69087218790797
6.17487624723809
7.4756398600419
7.20331947543729
7.73095433313919
7.21054935649388
6.85738892727955
6.6530761452788
6.80123776929813
6.93310161467534
6.50046043706105
7.21540978898434
7.85171471219606
8.41802609385449
8.2620432235305
8.34321846894214
8.96546443735851
9.40926334924907
9.03424438083167
8.59047749894019
9.07552497405677
9.06721722691053
8.83982333195037
8.74744276543583
8.33522406123789
7.74834941450172
7.99603097890653
7.88646757122681
7.56895613839186
7.39637096316876
7.46277015722019
6.75186543992597
6.44916024153412
6.17975261496537
6.04997982731918
6.04448204631407
6.25958902121952
5.79103422888537
5.59402046370798
5.1986782127001
5.61682360930309
5.21897301227975
5.19488598092898
5.28344852302679
5.91226918549384
6.03191957508952
5.91840842182967
5.59738349542841
5.53167131093128
6.35318746672884
6.20433684538867
5.96185979239592
5.85605521523237
5.65188914155681
6.13018133598556
6.44586138902715
6.61681663623416
7.7589668062484
7.89548045756108
8.01697760722936
8.34511007043413
8.52714796268638
8.46916168679088
8.63755390124388
8.56742297210705
8.72500644517528
9.305255736206
9.27167760522334
9.46179306864877
9.52099583109741
9.68368628967669
9.93848079781225
9.83524791005291
9.85337063994709
9.75949986955291
9.45595488390209
9.73579984667286
9.76486186353884
9.68072705854957
10.2658470821091
10.5666039030771
10.8342774737386
10.1925069516274
10.0613311869484
10.164584756384
10.2564804331818
10.4482675855318
9.73895815112331
9.43767275449974
8.83952875150477
8.63718058883924
8.34709072406693
8.19891074441957
8.06703056253341
7.50965720065474
7.67359490858272
7.59949946863862
7.42355452708837
7.70696352910865
7.2991975409067
7.37628581140696
7.4448943721522
6.95595599121545
7.07080083218175
6.84301274064176
6.20028133917117
6.06825039186234
5.62074284875748
5.55246113539416
5.4916904105008
5.76760446534571
5.57316797415769
5.29011949700034
5.3682063523303
4.99770365357397
4.88795625168083
4.57028106399594
4.39755014695639
4.24381963079119
3.77699947140416
3.4715295295497
3.30966128129923
3.38559854035632
3.34318270091712
3.52543260381624
3.35763501739645
3.20829516548284
2.85538269727973
2.54129060057896
2.37174863451527
2.11085628471859
2.09866209339955
1.9778092631256
1.76025024418178
1.89662271732179
1.68799421841639
1.61231485439059
1.65496022040762
1.47291459616278
1.31089399058488
1.27669565162054
1.24625912994228
1.10917062564863
0.987161856827282
0.878574052576281
0.78193090679289
0.695918507045672
0.619367471270648
0.551237049430877
0.49060097399348
0.436634866854198
0.388605031500236
0.45585847803521
0.405714045451337
0.36108550045169
0.321366095402004
0.286015824907784
0.254554084167927
0.336553134909455
0.299532290069415
0.26658373816178
0.237259526963984
0.211160978997946
0.187933271308172
0.167260611464273
0.148861944203203
0.24248713034085
0.215813546003357
0.192074055942988
0.170945909789259
0.372141859712441
0.331206255144072
0.404773567078224
0.360248474699619
0.320621142482661
0.285352816809569
0.253964006960516
0.226027966194859
0.311164889913425
0.276936752022948
0.246473709300424
0.329361601277377
0.403131825136866
0.35878732437181
0.319320718690911
0.394195439634911
0.460833941275071
0.410142207734813
0.365026564883984
0.324873642746745
0.289137542044603
0.367332412419697
0.32692584705353
0.290964003877642
0.368957963451101
0.43837258747148
0.610151602849617
0.653034926536159
0.691201084617182
0.835168965309292
1.07330037912527
1.39523733742149
1.24176123030513
1.76516749497156
1.90099907052469
1.80188917276697
2.15368136376261
2.57677641374872
2.62333100823636
2.66476459733036
2.59164049162402
2.63656003754538
2.78653843341539
2.5900192057397
3.29511709310833
3.15265421286641
2.91586224945111
2.81511740201149
2.83545448779022
2.8535544941333
3.19966349977864
3.28770051480299
3.47605345817466
3.42368757777544
3.37708194422015
3.44560293035593
3.39658660801678
3.57296208113493
4.60993625221009
4.87284326446698
5.32683050537561
5.62087914978429
6.21258244330802
6.40919837454414
6.91418655334428
7.03362603247641
6.69992716890401
6.73293518032457
6.54231231048886
6.37265795633509
6.11166558113823
5.98938236721303
5.88055030681959
6.00368977306944
6.0032838980318
6.0029226692483
6.11260117563099
5.99021504631158
5.55129139121731
5.2706493381834
5.35087791098323
5.09228134077507
5.08213039328982
5.18309605002794
5.27295548452486
5.57293038122713
5.72990803929214
5.97961815497001
5.76186015792331
7.21805554055174
7.30406943109105
7.05062179367104
7.04505339636722
7.26009752276683
7.67148679526248
7.48762324778361
7.10398469052741
7.20254637456939
7.62026627336676
7.77203698329642
8.01711291513381
8.23523049446909
8.20935514007749
7.74632607466897
7.88423020645538
8.22696488374529
8.09199874653331
7.64187888441464
7.57127220712903
7.17843226434484
7.04880471526691
7.70343619658755
7.73605821496292
8.095091811317
7.64463171207213
7.35372222374419
7.31481277913233
7.94018337342778
8.05676320235072
7.83051925009214
7.29916213258201
7.48625429799799
7.76276632521821
7.4588620294442
7.73838720620534
8.20716461352275
8.18437650603525
7.61409509037138
7.98654463043052
7.65802472108317
8.24564200176402
7.77862138156998
8.57297302959728
8.50994599634158
8.673851936744
8.37972822370216
8.55795811909493
8.38658272599448
8.45405862613509
8.40411217726023
8.35965983776161
7.77009725560783
7.02538655749097
7.13259403616696
7.3380086921886
7.41082773604785
7.91563668508259
7.5949166497235
7.74947581825392
8.32703347824599
7.96105979563893
7.74534321811865
7.8833554641256
8.22618636307178
7.65130586313388
7.79966221818916
7.27169937418835
7.68181244302763
7.71681307429459
7.74796363612219
7.44568763614875
7.61666199617238
7.54882917659342
7.48845796716815
7.87472759077965
7.55850755579389
7.27707172465656
7.68659383494434
7.72106851310046
8.08175097665941
8.18275836922687
8.05265494861192
8.04686290426461
8.1517079847955
7.915020106468
7.92436789475652
7.8226874263333
7.73219180943664
8.09165071039861
8.63156913225476
9.00209652770674
8.891865909659
9.01376065959651
9.34224698704089
8.53459981846639
8.58579383843509
8.74135651620723
8.76980729942443
9.56512849648775
9.28296436187409
10.0218382820679
10.1294360710405
10.995198103226
10.3357263118712
10.2987964175653
10.3759288116331
9.3445766423535
9.41667321169461
9.04083915840821
9.5863468509833
9.30184869737514
9.59864534066388
9.75279435319085
9.55998697433986
9.93838840716247
9.6151656823746
10.0974974573134
9.75677273700892
9.12352773593794
8.88993968498477
8.79204631963644
9.03492122447643
9.25107988978403
9.11346110190778
8.77098038069793
8.24617253882116
7.77909355955083
7.69339326800024
7.61712000852021
7.76923680758299
7.57462075874886
7.07141247528649
7.06355710300497
7.16656582167443
6.92824358129024
6.60613678734831
