0
0
3.66666666666667
3.38
2.3566
1.773262
1.87075934
3.6463328238
3.798409709566
4.31509353445262
3.74960331463799
4.71727388934366
5.26884611692588
3.43324228664775
1.95694810338922
2.40546041893186
1.37111243879116
0.78153409011096
0.875474431363247
1.35902042587705
1.63464164274992
1.79174573636745
1.45129506972945
0.827238189745786
0.901525768155098
0.943869687848406
0.538005722073592
0.736663261581947
0.41989805910171
0.669341893687975
0.381524879402146
0.647469181259223
0.799057433317757
1.31546273699112
1.60981376008494
1.34759384324842
1.6281284906516
0.92803323967141
0.958978946612704
0.546617999569241
0.311572259754468
0.607596188060047
0.346329827194227
0.627408001500709
0.357622560855404
0.20384485968758
0.546191570021921
0.741329194912495
0.422557641100122
0.24085785542707
0.13728897759343
0.508254717228255
0.289705188820105
0.16513195762746
0.0941252158476523
0.0536513730331618
0.460581282628902
0.262531331098474
0.14964285872613
0.515296429473894
0.29371896480012
0.167419809936068
0.0954292916635589
0.0543946962482286
0.0310049768614903
0.0176728368110495
0.440073516982298
0.25084190467991
0.142979885667549
0.0814985348305028
0.0464541648533866
0.0264788739664304
0.0150929581608653
0.00860298615169322
0.00490370210646514
0.00279511020068513
0.00159321281439052
0.000908131304202599
0.430517634843395
0.245395051860735
0.569875179560619
0.324828852349553
0.185152445839245
0.96553689412837
0.980356029653171
0.558802936902307
0.318517674034315
0.18155507419956
0.533486392293749
0.304087243607437
1.46332972885624
1.69409794544806
2.25563582890539
1.28571242247607
0.732856080811362
0.847727966062476
1.77320494065561
1.0107268161737
1.00611428521901
1.86348514257483
1.49218653126766
1.28054632282256
1.58991140400886
0.906249500285051
0.946562215162479
1.39954046264261
0.79773806370629
0.884710696312585
2.22428509689817
1.26784250523196
1.15267022798222
1.51702202994986
2.15470255707142
2.51818045753071
3.15536286079251
2.65855683065173
3.23537739347149
3.99416511427875
3.99667411513889
3.99810424562916
3.13891942000862
4.79918406940492
5.7455349195608
5.85495490414966
5.4873242953653
4.41777484835822
4.23813166356419
2.84573504823159
3.342068977492
2.33497931717044
4.77093821078715
4.00943478014868
4.00537782468475
4.43306536007031
5.53684725524007
5.73600293548684
5.8495216732275
6.77422735373968
6.87130959163161
5.63664646723002
5.79288848632111
3.73194643720303
4.27720946920573
6.30800939744727
4.45556535654494
2.53967225323062
2.73761318434145
4.57043951507463
4.32515052359254
5.04533579844775
3.73584140511522
4.27942960091567
5.01927487252193
5.4409866773375
5.25136240608238
5.57327657146696
5.32676764573617
3.89625755806961
5.66086680809968
7.95669408061682
7.54531562595159
7.3108299067924
5.88717304687167
7.65568863671685
6.51374252292861
8.01283323806931
6.7173149456995
8.98886951904872
5.55365562585777
7.89558370673893
5.79048271284119
6.31057514631948
5.7470278334021
5.8558058650392
6.34780934307234
7.05825132555124
6.60320325556421
6.7738258556716
7.30108073773281
11.0416160205077
13.1737211316894
11.379021045063
10.7860419956859
9.15804393754095
8.23008504439834
8.13114847530706
7.64475463092502
6.93751013962726
6.53438077958754
6.7345970443649
5.98872031528799
8.14357057971415
6.36183523043707
7.06624608134913
9.617760266369
10.2121233518303
9.69091031054329
9.39381887700968
9.22447675989552
9.12795175314044
10.7929324992901
7.44197152459533
7.25192376901934
11.013596548341
11.4377500325544
8.669517518556
7.09162498557692
7.05222624177884
6.59976895781394
6.77186830595395
5.14996493439375
4.65548001260444
4.37362360718453
5.50296545609518
5.28669030997425
8.17341347668533
7.66884568171064
7.81124203857506
7.46240796198779
6.83357253833304
6.47513634684983
6.2708277177044
6.58437179909151
5.04309192548216
5.02456239752483
4.15400056658916
8.38778032295582
9.94103478408482
8.67638982692835
6.66554220134916
5.94935905476902
6.83113466121834
5.18374675689446
5.96473565142984
8.12989932131501
8.50404261314955
6.99730428949525
8.28846344501229
7.73442416365701
11.2886217732845
10.7345144107722
8.69867321414013
8.39824373205988
6.50699892727413
8.86898938854625
7.63532395147137
7.36213465233868
6.77641675183305
7.73255754854484
8.70755780267056
6.25330794752222
7.00438553008767
6.14249975214997
6.94122485872548
7.39649816947353
6.79600395659991
6.45372225526195
4.96862168549931
3.69211436073461
5.54450518561873
4.88036795580267
5.36180973480753
7.35623154884029
6.34305198283896
5.76553963021821
5.43635758922438
4.8187238258579
3.176672580739
4.39070337102123
4.6527009214821
3.5120395252448
3.72186252938954
2.98146164175204
2.98943313579866
2.56397688740524
2.75146682582099
3.71833609071796
3.83945157170924
5.19848739587427
4.25313781564833
4.57428855491955
3.46734447630414
3.26638635149336
1.86184022035122
2.35124892560019
1.77021188759211
1.8690207759275
1.06534184227868
1.46724485009885
1.69632956455634
3.54690785179712
3.31173747552436
2.74769036104888
2.85618350579786
2.91802459830478
2.52327402103373
2.29826619198922
1.74001172943386
2.7118066857773
1.97572981089306
1.12616599220904
1.50191461555916
1.28609133086872
0.73307205859517
0.847851073399247
0.483275111837571
1.13546681374742
1.50721608383603
1.28911316778654
0.734794505638325
0.418832868213845
0.238734734881892
0.566078798882678
0.322664915363127
0.183919001756982
0.10483383100148
0.489755283670844
0.279160511692381
1.01912149166466
1.01089925024885
1.00621257264185
0.573541166405853
0.756918464851336
0.431443524965262
0.245922809230199
0.140176001261214
0.0799003207188917
0.905543182809768
0.946159614201568
0.969310980094894
0.55250725865409
0.744929137432831
0.854609608336714
0.487127476751927
0.277662661748598
0.158267717196701
0.0902125988021196
0.481421181317208
0.274410073350809
0.156413741809961
0.519155832831678
0.295918824714056
0.168673730087012
0.0961440261495969
0.0548020949052703
0.031237194096004
0.0178052006347223
0.0101489643617917
0.435784909686221
0.248397398521146
0.141586517157053
0.0807043147795204
0.0460014594243266
0.0262208318718662
0.0149458741669637
0.438519148275169
0.249955914516847
0.142474871274603
0.0812106766265235
0.0462900856771184
0.0263853488359575
0.445039648836496
0.253672599836803
0.144593381906978
0.512418227686977
0.292078389781577
0.166484682175499
0.0948962688400344
0.0540908732388196
0.0308317977461272
0.0175741247152925
0.0100172510877167
0.00570983311999853
0.433254604878399
0.246955124780688
0.140764421124992
0.0802357200412454
0.0457343604235099
0.0260685854414006
0.0148590937015984
0.438469683409911
1.10992771954365
1.06265880013988
0.605715516079732
1.63525784416545
2.22209697117431
1.69659527356935
1.82705930593453
1.47142380438268
2.12871156849813
1.64336559404393
1.36671838860504
5.93902948150487
5.10524680445778
5.48999067854093
3.98929468676833
3.13389797145795
3.07632184373103
1.75350345092669
2.71949696702821
6.71011327120608
5.97476456458747
5.55561580181486
9.18670100703447
6.09641957400965
3.4749591571855
2.41072671959574
3.09411423016957
2.19364511119665
2.54037771338209
7.89801529662779
11.8118687190778
11.4627651698744
17.7137761468284
13.1068524036922
9.62090587010455
7.63391634595959
10.801332317197
9.16675942080227
7.8050528698573
7.02888013581866
6.58646167741664
6.76428315612748
4.28564139899267
8.03281559742582
7.15870489053272
6.66046178760365
5.51646321893408
4.43438403479243
5.53759889983168
4.44643137290406
4.25446588255531
5.43504555305653
4.81797596524222
5.32624630018807
4.7559603911072
4.8608974229311
4.06071153107073
10.9146055727103
22.5613251764449
18.0199553505736
11.9913745498269
8.12508349340136
7.64129759123878
6.5055396270061
4.56815758739348
5.18384982481428
4.24479440014414
4.13953280808216
3.64953370060683
4.23023420934589
3.70123349932716
8.98970309461648
12.4341307639314
10.5274545354409
6.86064908520131
5.63056997856475
4.92942488778191
4.52977218603569
4.73197014604034
5.27722298324299
5.58801710044851
13.0751697472557
11.7528467559357
9.27912265088336
7.43909991100352
5.960286949272
3.82736356108504
4.76159722981848
3.57411042099653
4.18724293996802
5.39672847578177
4.36613523119561
12.3786970817815
9.63585733661546
6.78243868187081
7.73599004866636
6.55951432773983
4.1689231668117
4.09628620508267
3.62488313689712
3.35618338803136
3.63302453117788
2.50082398277139
4.00546967017969
4.86311771200243
4.92197709584138
13.9855269446296
10.5517503584389
8.16449770431015
7.23376369145679
14.8732453041304
11.4877498233543
9.55801739931196
7.16806991760782
7.95579985303646
12.2748059162308
8.28663937225155
7.30338444218338
11.9029291320445
8.07466960526538
5.46256167500127
6.12366015475072
7.79048628820791
5.73057718427851
6.27642899503875
3.57756452717209
4.18921178048809
4.10785071487821
3.63147490748058
3.35994069726393
2.77516619744044
3.73184473254105
2.9871514975484
4.71267635360259
4.83622552155347
7.05664854728548
18.2122896719527
16.4010051130131
12.7885729144174
12.4494865612179
8.81620733989423
8.03523818373971
6.73008576473164
4.69614888589703
5.68680486496131
6.25147877302795
7.00334290062593
5.28190545335678
6.45068610841336
6.25689108179562
5.7164279166235
6.2683639124754
6.58296743011098
5.47229143516326
6.98920611804306
6.99384748728454
7.42649306775219
6.81310104861875
8.18346759771269
6.38457653069623
6.21920862249685
5.26494891482321
3.43102088144923
3.67568190242606
4.24513868438285
3.70972905009823
2.54454555855599
2.74039096837691
2.85202285197484
3.34565302562566
4.91702222460663
7.10270266802578
5.33854052077469
3.90296809684158
2.6546918151997
2.80317433466383
3.74780937075838
2.99625134133228
2.9978632645594
2.56878206079886
3.61420577465535
2.06009729155355
2.89425545618552
3.36972561002575
3.64074359771468
3.36522385069737
3.6381775948975
2.93376122909157
2.9622439005822
3.40847902333185
2.37283304329916
1.78251483468052
3.1660334557679
1.8046390697877
1.02864426977899
1.44632723377402
1.25440652325119
2.43501171825318
1.38795667940431
2.08113530726046
1.61624712513846
1.35126086132892
2.06021869095749
2.89432465384577
2.50976505269209
1.43056608003449
2.10542266561966
3.78009091940321
2.58465182405983
1.9032515397141
1.51485337763704
0.863466425253112
0.922175862394274
1.81564024156474
2.3249149376919
2.18520151448438
2.9655648632561
2.12037197205598
2.06861202407191
1.60910885372099
0.917192046620963
0.522799466573949
0.727995695947151
1.27495754668988
0.726725801613229
0.844233706919541
0.481213212944138
0.704291531378159
0.401446172885551
0.658824318544764
0.375529861570515
0.644052021095194
0.367109652024261
0.209252501653829
0.549273925942682
0.743086137787329
0.853559098538778
0.486528686167103
0.277321351115249
0.588073170135692
0.335201706977344
0.191064972977086
0.108907034596939
0.0620770097202554
0.0353838955405456
0.450168820458111
0.256596227661123
0.14625984976684
0.083368114367099
0.0475198251892464
0.0270863003578705
0.0154391912039862
0.00880033898627212
0.00501619322217511
0.00285923013663981
0.00162976117788469
0.430928963871394
0.245629509406695
0.140008820361816
0.0798050276062352
0.045488865735554
0.0259286534692658
0.0147793324774815
0.00842421951216446
0.00480180512193374
0.00273702891950223
0.431560106484116
0.245989260695946
0.140213878596689
0.079921910800113
0.0455554891560644
0.0259666288189567
0.0148009784268053
0.00843655770327904
0.00480883789086905
0.00274103759779536
0.00156239143074336
0.000890563115523713
0.000507620975848516
0.430289343956234
1.10526492605505
0.63000100785138
0.359100574475287
0.634687327450913
0.361771776647021
0.206209912688802
0.117539650232617
0.926997600632592
0.528388632360577
0.301181520445529
5.33167346665395
3.46905387599275
2.40736070931587
1.80219560431005
7.47725149445673
7.27203335184033
5.86505901054899
3.77308363601293
2.15065767252737
2.5158748733406
3.15404867780414
3.51780774634836
3.29515041541857
5.31823573678858
4.32139436996949
4.18319479088261
4.96442103080309
4.11971998755776
3.63824039290792
4.65379702395752
3.08266430365579
3.9071186530838
3.94705763225777
4.82982285038693
5.33299902472055
4.32980944409071
4.61799138313171
3.92225508838507
13.4156854003795
18.3969406782163
14.7862561865833
12.7281660263525
7.25505463502091
6.71538114196192
4.6877672509183
6.54202733302343
9.74895557982335
10.7169046804993
6.53863566788461
12.7570223306942
9.85150272849571
7.33535655524256
6.76115323648826
10.3038573447983
6.73319868653504
8.13792325132497
7.64861625325523
5.64971126435548
6.23033542068262
4.4112911897891
5.09443597817978
3.33382850756248
2.33028224931061
2.61826088210705
4.50240870280102
6.43637296059658
14.8487325875401
12.7637775748978
8.56535321769177
6.60225133408431
14.5132832604281
12.142571458444
8.21126573131308
8.55042146684846
9.60374023610362
9.34413193457906
10.0561552027101
8.74200846554474
6.2729448253605
6.15557855045549
6.94867977375963
6.54074747104299
6.3082260584945
6.17568885334187
4.81014264640486
4.03178130845077
3.58811534581694
2.90522574711566
4.23597867585592
4.56450784523788
12.9217694717856
21.9854085989178
15.1116829013831
10.3336592537884
8.90018577465938
8.51310589155585
5.71247035818683
7.1261081041665
5.3518816193749
5.63057252304369
3.63942633813491
4.6544730127369
3.08304961726003
3.90733828183822
3.51718282064778
3.72479420776924
4.70313269842847
3.11078563810423
3.49314781371941
4.14109425382006
5.80042372467744
6.31624152306614
5.7502576681477
5.85764687084419
4.62885871638119
3.49844946833728
2.85411619695225
3.34684623226278
3.62770235238979
3.35779034086218
3.20394049429144
5.26624608174612
5.58176026659529
4.47160335195932
4.69881391061681
5.68832392905158
4.1023446395594
2.76833644454886
2.43795177339285
3.53963251083392
5.88759053117534
5.93592660276994
6.82347816357887
4.74938255323995
4.85714805534677
4.48857439154766
4.27848740318217
3.72873781981384
3.41538055729389
4.09676691765752
4.48515714306478
11.5865395715469
15.2043275557817
12.9664667067956
14.2708860228735
9.85440503303789
7.7670108688316
7.86719619523401
5.77430183128339
6.30135204383153
7.89177066498397
7.07830927904087
7.47463628905329
8.13054268476038
11.0844093303134
8.89811331827865
8.08192459141883
8.47669701710873
7.84171729975198
10.4897788608586
8.12917395068942
7.21362915189297
6.26176861657899
7.00920811145003
4.85524862352652
6.20749171541011
6.97827027778377
4.83761405833675
5.33744001325195
7.34234080755361
5.04513426030556
4.16572652837417
2.80446412117328
5.89854454906877
7.2321703929692
6.70233712399244
5.97033216067569
5.98308933158515
6.42036091900353
5.37960572383201
3.06637526258425
4.32783389967302
5.04686532281362
5.45671323400377
4.40032654338215
3.79818612972782
2.16496609394486
2.95403067354857
4.26379748392269
3.72036456583593
4.70060780252648
3.96934644744009
3.55252747504085
2.45494066077329
3.11931617664077
4.35801022068524
3.77406582579059
2.58121752070064
1.47129398679936
4.70863757247564
4.40392341631111
3.80023634729733
3.45613471795948
2.8299967892369
2.04309816986504
2.45456595682307
1.82910259538915
1.47258847937182
1.26937543324194
2.0135439969479
1.5777200782603
2.61930044460837
1.92300125342677
1.95611071445326
1.97498310723836
1.12574037112586
1.07167201154174
0.610853046578793
0.348186236549912
0.62846615483345
0.358225708255067
0.634188653705388
0.361487532612071
0.206047893588881
0.117447299345662
0.496944960627027
1.14325862755741
0.651657417707721
1.2314447280934
1.13192349501324
1.07519639215755
1.0428619435298
1.02443130781199
0.583925845452832
0.332837731908114
1.47971750718763
2.13343897909695
1.64606021808526
0.938254324308598
0.534804964855901
0.304838829967864
0.173758133081682
0.0990421358565589
0.0564540174382386
0.032178789939796
0.448341910265684
0.25555488885144
0.575666286645321
0.328129783387833
0.187033976531065
0.106609366622707
0.0607673389749429
0.0346373832157175
0.019743308432959
0.0112536858067866
0.00641460090986837
0.433656322518625
0.677184103835616
0.385994939186301
0.220017115336192
0.125409755741629
0.0714835607727287
0.470745629640455
0.69832500889506
0.398045255070184
0.226885795390005
0.129324903372303
0.0737151949222126
0.0420176611056612
0.0239500668302269
0.0136515380932293
0.00778137671314072
0.00443538472649021
0.00252816929409942
0.00144105649763667
0.000821402203652901
0.000468199256082154
0.430266873575967
0.245252117938301
0.139793707224832
0.079682413118154
0.475418975477348
1.13098881602209
0.64466362513259
0.367458266325577
0.209451211805579
0.11938719072918
0.0680506987156325
0.0387888982679105
0.452109672012709
1.54770251304724
1.31219043243693
2.03794854648905
1.16163067149876
1.09212948275429
1.05251380516995
0.59993286894687
0.341961735299716
1.48491818912084
1.70640336779888
1.40264991964536
1.65951045419786
1.37592095889278
1.64427494656888
0.937236719544264
0.96422493014023
0.549608210179931
2.46327667980256
3.12406770748746
3.07071859326785
2.18030959816268
1.67277647095273
1.38348258844305
1.64858507541254
2.22969349298515
2.13092529100153
3.36462741587088
2.7778376270464
2.44336744741645
4.83271944502738
4.9046500836656
5.80565054768939
3.73922081218296
4.71135586294428
5.69547284187824
7.5464195198706
8.60145912632624
6.62283170200596
7.6450140701434
6.50765801998174
4.99936507138959
4.99963809069207
4.99979371169448
4.56988241566585
4.75483297692954
6.15025479684984
5.22564523420441
5.55861778349651
3.59841213659301
4.20109491785802
3.68462410317907
5.11023573881207
6.78283437112288
5.58621559154004
3.61414288717782
3.78006144569136
4.30463502404408
2.88364196370512
3.79367591931192
3.45239527400779
4.54786530618444
5.60228322452513
5.77330143797933
7.16078181964822
5.80164563719948
8.03693801320371
8.02105466752611
5.86200116048988
7.64134066147923
5.21556417704316
5.9828715809146
6.85023680112132
9.49463497663915
7.56194193668432
6.03030690391006
4.29727493522874
2.87944671308038
4.65128462645582
5.66123223707982
5.3769023751355
5.64483435382723
4.07755558168152
6.19420668155847
6.11069780848833
5.63309775083835
7.08086571797786
7.90609345924738
9.66647327177101
7.22988976490947
9.7110371659984
9.40529118461909
9.23101597523288
8.27167910588274
10.3048570903532
9.3137685415013
7.45884806865574
8.12154339913377
7.20927973750625
7.54928945037856
6.88309498671578
6.503364142428
8.86691756118396
8.92414300987486
7.66676151562867
8.67005406390834
5.80193081642776
5.45710056536382
8.70054732225738
7.53931197368671
7.73740782500142
9.14032246025081
9.50998380234296
7.14069076733549
10.5201937373812
9.0065104303073
5.99371094527516
7.71641523880684
6.9783566861199
4.40766331108834
5.95236808732036
4.6828498097726
5.24922439157038
5.14205790319512
5.94097300482122
5.96635461274809
8.13082212926641
6.35456861368186
8.35210410979866
7.34069934258524
7.62419862527358
6.49579321640594
5.85260213335139
6.77598321601029
6.87231043312587
7.35721694688174
6.34361365972259
4.47585978604188
8.14124007804387
6.36050684448501
6.20548890135646
6.97712867377318
6.55696334405071
7.17746910610891
7.10115739048208
5.33765971257478
5.19246603616763
5.96970564061555
5.98273221515086
6.85015736263599
9.49458969670252
12.2919161271204
10.4463921924586
10.6844435497014
11.6801328233298
9.667675709298
11.1005751542999
10.6273278379509
11.647576867632
10.0791188145503
8.75509772429364
8.86040570284738
9.35043125062301
10.0597458128551
10.4640551133274
8.97451141459663
8.98547150632008
9.42171875860245
10.5303796924034
9.01231642466993
8.14702036206186
7.22380160637526
7.1275669156339
6.21271314191132
8.70124649088945
7.10971049980699
5.77253498488998
7.16034494138729
5.37139661659076
5.21169607145673
5.55066676073034
6.60388005361629
7.20421163056129
6.68640062941993
7.68124835876936
6.95831156449854
7.83623759176417
5.32665542730558
5.61619359356418
6.64123034833158
5.075501298549
3.32303574017293
4.47413037189857
4.27025431198219
4.58404495782985
4.33290562596301
4.18975620679892
3.24816103787538
3.14145179158897
3.51062752120571
3.29105768708726
4.02590288163974
3.15476464253465
1.79821584624475
2.31498303235951
2.17954032844492
2.9623379872136
2.54853265271175
1.4526636120457
0.828018258866049
2.19197040755365
2.10942313230558
2.06237118541418
2.03555157568608
1.59026439814107
2.19645070694041
1.25197690295603
1.57362683468494
0.896967295770415
0.511271358589137
1.15142467439581
0.656312064405611
0.374097876711198
1.50323578972538
1.28684440014347
1.59350130808178
1.76829574560661
1.43792857499577
1.24961928774759
2.43228299401613
1.38640130658919
0.790248744755839
0.450441784510829
0.256751817171172
0.146348535787568
0.513418665398914
0.292648639277381
0.166809724388107
0.0950815429012211
0.054196479453696
0.0308919932886067
0.0176084361745058
0.0100368086194683
0.00572098091309695
0.00326095912046526
0.0018587466986652
0.431059485618239
0.675703906802396
0.385151226877366
1.0795361993201
0.615335633612456
0.3507413111591
0.629922547360687
0.359055851995592
0.204661835637487
0.116657246313368
0.0664946303986196
0.0379019393272132
0.881604105416511
1.36251434008741
0.776633173849825
0.4426809090944
0.252328118183808
0.143827027364771
0.0819814055979193
0.046729401190814
0.026635758678764
0.0151823824468955
0.00865395799473042
0.00493275605699634
0.862811670952488
0.921802652442918
0.525427511892463
0.729493681778704
0.415811398613861
0.237012497209901
0.135097123409644
0.507005360343497
0.718993055395793
0.409826041575602
0.233600843698093
0.563152480907913
1.18099691411751
0.673168241046981
0.383705897396779
0.648712361516164
0.369766046064214
0.640766646256602
0.365236988366263
0.20818508336877
0.118665497520199
0.0676393335865134
0.898554420144313
1.37217601948226
0.782140331104887
0.445819988729786
1.54411739357598
2.60014691433831
2.34208374117284
2.19498773246852
1.25114300750705
2.43315151427902
2.67689636313904
2.81583092698925
2.46502362838388
2.69506346817881
2.82618617686192
2.4709261208113
3.55842788886244
7.18830389665159
6.24733322109141
3.9909799360221
4.8548585635326
3.19726938121358
3.54244354729174
3.30919282195629
2.74623990851509
2.8553567478536
3.34755334627655
2.76810540737763
2.00782008220525
2.86445744685699
2.49274074470849
2.28086222448384
2.59009146795579
5.3463521367348
4.33742071793884
7.20232980922514
6.68532799125833
5.96063695501725
5.11756306435983
4.2070109466851
4.11799623961051
3.20725785657799
4.40813697824945
2.94263807760219
2.96730370423325
3.84136311141295
3.04957697350538
2.59825887489807
3.2010075586919
4.83457430845438
5.335707355819
4.76135319281683
4.86397131990559
4.92246365234619
5.38580428183733
5.21990844064728
4.69534781116895
5.6863482523663
7.54121850384879
7.30849454719381
6.31584189190047
5.75002987838327
5.85751703067846
6.34878470748672
5.33880728326743
4.76312015146244
7.01497848633359
7.00853773721015
5.71486651020978
6.69747391081958
7.68756012916716
8.25190927362528
8.14358828596641
7.22184532300085
6.26645183411049
4.86187754544298
4.4912702009025
4.28002401451442
5.44961368827322
5.68627980231574
5.39117948731997
5.22297230777238
5.55709421543026
4.02754370279525
4.01569991059329
6.58894894903818
6.33570090095176
4.4713495135425
7.27866922271923
8.01884145694996
6.72073963046148
5.98082158936304
8.13906830593693
6.78926893438405
8.16988329259891
8.52683347678138
8.73029508176539
9.27626819660627
7.43747287206557
5.52935953707738
6.16173493613411
6.09218891359644
7.34254768074997
10.2052521780275
10.1169937414757
9.63668643264113
8.93291126660545
7.2417594219651
8.42780287052011
8.24384763619646
6.41899315263198
7.09882609700023
7.91633087529013
7.09230859891538
6.19261590138176
6.96979106378761
6.98278090635893
7.42018511662459
5.94950551647602
4.68121814439133
4.38829434230306
6.80132777511274
7.74675683181426
4.84565139413413
6.20202129465646
5.68515213795418
6.68053671863388
5.52790592962131
6.16090637988415
6.95171663653397
7.40247848282436
5.50941273520989
7.44036525906963
8.97100819766969
6.40347467267172
5.79998056342288
7.17598892115104
6.6703136850561
6.38207880048197
8.36778491627473
8.20963740227659
7.68949331929766
9.11301119199967
8.20441637943981
8.54651733628069
7.02151488167999
6.5822634825576
8.91189018505783
10.669777405483
10.3817731211253
9.35761067904142
7.91383808705361
8.38088770962056
9.93710599448372
12.1141504168557
11.6350657376078
7.92198747043642
6.23553285814876
8.7142537291448
8.83712462561254
6.75716103659915
9.44158179086151
9.25170162079106
8.71346992385091
9.69667785659502
11.5471063782592
10.8818506356077
9.6426548622964
9.36631327150895
11.7887985647601
9.72961518191326
9.41588065369056
9.23705197260362
10.4251196243841
11.5323181858989
9.58342136596238
8.47255017859856
8.69935360180118
8.82863155302667
6.7523199852252
6.85882239157837
7.77952876319967
6.58433139502381
6.33306889516357
7.47984927024324
5.98351408403865
8.14060302790203
6.36014372590416
4.91528192376537
3.23171069654626
3.13207509703137
3.07528280530788
2.61291119902549
4.49935938344453
3.85463484856338
3.91714186368113
2.66277086229824
2.37777939151
2.2153342531607
2.1227405243016
2.06996209885191
4.18987839634559
2.81823068591699
1.60639149097268
1.77564314985443
2.30211659541702
1.7422064593877
1.85305768185099
1.48624287865507
2.13715844083339
1.64818031127503
1.79946277742677
1.02569378313326
1.01464545638596
1.43834791014
0.819858308779797
0.467319236004485
0.266371964522556
0.151832019777857
0.516544251273379
1.15443022322583
1.51802522723872
0.865274379526071
0.493206396329861
0.71112764590802
0.835342758167572
0.906145372155516
0.516502862128644
0.724406631413327
0.412911779905597
0.23535971454619
0.134155037291328
0.506468371256057
0.288686971615953
0.164551573821093
0.093794397078023
0.0534628063344731
0.46047379961065
0.26247006577807
0.5796079374935
0.330376524371295
0.188314618891638
0.537339332768234
0.306283419677893
0.604581549216399
0.344611483053348
0.196428545340408
0.111964270844033
0.0638196343810986
0.0363771915972262
0.450734999210419
0.256918949549939
0.146443801243465
0.0834729667087751
0.0475795910240018
0.0271203668836811
0.0154586091236982
0.00881140720050798
0.00502250210428955
0.00286282619944504
0.00163181093368367
0.000930132232199694
0.000530175372353826
0.000302199962241681
0.430172253978478
0.245198184767732
0.139762965317607
0.0796648902310363
0.0454089874316907
0.0258831228360637
0.0147533800165563
0.00840942660943709
0.00479337316737914
0.00273222270540611
0.00155736694208148
0.000887699156986446
0.000505988519482274
0.000288413456104896
0.43016439566998
0.245193705531888
0.139760412153176
0.0796634349273106
0.045408157908567
0.0258826500078832
0.0147531105044934
0.00840927298756126
0.43479328560291
0.247832172793659
0.141264338492385
0.0805206729406597
0.045896783576176
0.0261611666384204
0.0149118649838996
2.15849976304082
1.66034486493327
3.09639657301196
4.34494604661682
7.20661924657159
17.4377729705458
12.0895305932111
7.32103243813033
4.17298848973429
2.80860343914855
2.89090396031467
1.64781525737936
3.08925469670624
2.62087517712256
4.50389885095986
4.28722234504712
3.73371673667686
2.98821853990581
2.56328456774631
2.7510722036154
2.85811115606078
3.34912335895464
5.77900031460415
4.58403017932436
3.04289720221489
2.59445140526249
2.33883730099962
3.05313726156978
2.17028823909478
2.95706429628402
4.26552664888189
5.01135018986268
4.14646960822173
3.65348767668638
2.51248797571124
4.44211814615541
11.1320073433086
8.49524418568589
7.85228918584096
16.9458048359293
11.8091087564797
8.45119199119345
7.39717943498027
6.36639227793875
5.34884359842509
6.9188408511023
5.66373928512831
4.94833139252314
5.83054889373819
5.04341286943077
4.59474533557554
3.04900484127806
3.45793275952849
5.84102167293124
5.47938235357081
12.5832479415354
11.9024513266752
8.93439725620484
7.24260643603676
6.70828566854095
6.40372283106834
4.08012201370896
3.18566954781411
4.39583164225404
2.9356240360848
3.39330570056834
4.08418424932395
3.18798502211465
5.25715146260535
4.28657633368505
4.16334851020048
4.52310865081427
4.29817193096414
3.73995800064956
3.42177606037025
4.96041235441104
3.25743504201429
3.14673797394815
3.08364064515044
8.20767516773575
11.9883748456094
19.3033736619973
12.7229229873385
9.40206610278294
9.65917767858628
5.93573127679418
5.10336682777268
5.48891909183043
5.70868388234334
5.83394981293571
8.48535139337335
8.70665029422281
11.412790667707
12.955290680593
11.254515687938
9.42507394212466
8.81229214701106
7.6030065237963
6.48371371856389
4.98571681958142
4.99185858716141
5.855359394682
6.77755485496874
6.01320626733218
6.86752757237934
7.35449071625623
6.77205970826605
6.01007403371165
16.3257421992156
11.0256730535529
10.5846336405252
9.90324117509934
10.8048474698066
12.6087630577898
19.2269949429402
15.2593871174759
12.5678506569613
11.0336748744679
8.00919467844671
6.71524096671463
5.97768735102734
5.55728179008558
4.88765062034878
5.36596085359881
3.91859768655132
3.09360068133425
3.91335238836052
4.3806108613655
3.35694819097833
4.06346046885765
5.75617246724886
8.87101830633185
8.06648043460916
6.31789384772722
7.04119949320452
14.3334837111266
10.7500857153421
9.56754885774503
9.75350284891466
8.56949662388136
5.31461307561238
4.74932945309905
6.57711778826646
4.17895713931188
4.96200556940777
7.55834317456243
6.02825560950059
5.58610569741533
7.48408024752674
7.27592574109024
6.72727767242144
6.41454827328022
6.23629251576973
6.99468673398874
5.70697143837358
6.26297371987294
6.57989502032758
6.76054016158672
5.14350789210443
4.65179949849953
6.52152571414473
7.1572696570625
8.80964370452562
7.17149691157961
7.09775323960038
5.33571934657221
6.05136002754616
7.74927521570131
7.85708687294975
7.91853951758136
5.80356752502137
5.45803348926218
6.12107908887944
6.92901508066128
8.24953859597693
8.14223699970685
9.37107508983291
7.49151280120476
7.28016229668671
8.44969250911143
6.96632473019351
4.8308050962103
3.61355890483987
4.20972857575873
3.68954528818248
4.68304081426401
4.81933326413049
4.46701996055438
4.696201377516
4.39683478518412
3.79619582755495
3.45383162170632
3.2586840243726
4.86744989389238
4.92444643951866
4.09693447052564
3.62525264819961
3.35639400947378
1.91314458540005
3.24049241367803
2.70708067579648
3.26303598520399
2.71993051156628
2.84036039159278
4.62900542320788
2.63853309122849
2.36396386200024
1.77745940134014
2.30315185876388
2.17279655949541
2.52849403891238
2.30124160218006
1.74170771324263
1.8527733965483
3.20608083603253
1.82746607653854
1.47165566362697
1.69884372826737
0.968340925112403
0.551954327314069
0.74461396656902
0.424429960944341
1.10192507773827
0.628097294310817
0.358015457757165
0.204068810921584
0.116319222225303
0.0663019566684228
0.467792115301001
0.696641505721571
0.827085658261295
0.901438825208938
0.513820130369095
0.292877474310384
0.166940160356919
0.955155891403444
0.544438858099963
0.310330149116979
0.176888184996678
0.100826265448106
0.487470971305421
0.70785845364409
0.403479318577131
0.229983211588965
0.13109043060571
0.0747215454452547
0.0425912809037952
0.0242770301151633
0.0138379071656431
0.00788760708441654
0.00449593603811743
0.00256268354172694
0.00146072961878435
0.430832615882707
0.245574591053143
0.139977516900292
0.0797871846331662
0.0454786952409047
0.0259228562873157
0.01477602808377
0.438422336007749
0.679900731524417
0.387543416968918
0.650899747672283
0.801012856173201
0.456577328018725
0.260249076970673
0.578341973873284
0.329654925107772
0.61790330731143
0.782204885167515
1.30585678454548
0.744338367190926
0.424272869298828
0.241835535500332
0.137846255235189
0.508572365484058
0.719886248325913
0.84033516154577
1.33899104208109
0.763224893986221
0.435038189572146
1.10797176805612
1.06154390779199
0.605080027441435
0.774895615641618
1.30169050091572
2.46196358552196
1.83331924374752
1.04499196893609
1.02564542229357
1.44461789070733
1.68343219770318
1.38955635269081
1.22204712103376
1.55656685898925
1.74724310962387
1.85592857248561
3.2078792863168
3.97849119320057
2.69773998012433
2.82771178867087
3.76179571954239
3.86422356013916
2.20260742927932
1.68548623468921
2.25072715377285
2.57291447765053
2.3265612522608
4.33613991378866
3.33159975085953
3.61901185798993
4.21283675905426
4.98131695266093
4.12935066301673
5.36372987791954
4.77732603041414
4.44307583733606
5.11255322728155
5.06415533955049
6.32656854354378
6.61614406981995
7.64120211979737
6.9354852082845
11.6932265687222
9.67513914417164
7.66482931217783
7.80895270794137
6.17110304352658
3.94752873481015
3.54009137884179
6.31785208593982
6.1811756889857
6.96327014272185
5.25906398135145
4.71766646937033
4.40906988754109
4.23316983589842
6.2829068064621
5.3012568796834
7.32171642141954
6.32337836020914
6.18432566531921
6.53506562923195
6.30498740866221
7.03384282293746
6.15929040907435
6.52079553317238
5.86685345390826
5.92410646872771
4.66674068717479
3.95004219168963
4.40152404926309
5.94886870807996
5.54085516360558
6.16828744325518
5.66592384265545
4.51957659031361
6.01615865647876
5.14921043419289
5.51504994748995
5.72357847006927
6.70243972793948
6.83039064492551
6.90332266760754
7.8048939205363
7.45878953470569
5.97151003478224
5.98376071982588
6.42074361030075
5.80982385787143
6.75159959898672
5.56841177142243
4.89399470971078
5.79957698453515
4.16575888118503
4.95448256227547
4.54405506049702
5.6001113844833
6.63206348915548
6.36027618881862
4.91535742762662
4.09175373374717
4.05229962823589
5.74981078809446
6.28739214921384
8.31381352505189
7.74887370927958
8.28685801428936
6.87350906814494
9.50790016884261
8.42950309624029
9.10481676485696
8.62974555596847
7.06895496690203
6.17930433113416
8.68220346874647
6.23885597718549
7.85614790699573
8.34800430698757
6.47836245498291
5.84266659934026
6.34031996162395
5.33398237812565
5.62036995553162
5.78361087465303
5.87665819855222
5.49969517317477
7.00482624870962
7.86275096176448
7.06176804820576
6.60520778747728
8.06496843886205
7.17703201015137
7.96090824578628
7.97771770009818
6.69729908905596
5.1074604807619
7.21125247403428
5.40041391019954
7.37823592881374
7.21559447942383
9.27288885327158
9.1555466463648
6.93866158842794
6.10503710540392
6.91987115008024
7.38432655554574
7.64906613666107
6.07996769789681
8.19558158780118
6.82148150504667
11.6282444578766
13.9380993409897
10.9547166243641
8.82418847588754
7.6097874312559
7.77757883581586
6.58321993641504
9.77243536375657
9.01028815734125
9.86586424968451
7.77354262232017
9.1609192947225
10.3817239979918
8.49758267885534
9.57362212694754
9.3269646123601
10.9063698290453
11.8066308025558
10.5997795574568
9.48187434775038
7.98466837821772
7.9912609755841
8.85501875608294
8.05736069096728
9.75269559385135
6.84903648849527
7.3439507984423
7.62605195511211
8.64684961441391
9.22870428021593
9.56036143972308
7.59940602064215
6.05166143176603
6.45944701610664
8.41188479918078
8.23477433553305
8.13382137125384
6.78627818161469
6.44817856352037
5.39546178120661
6.94541321528777
4.81888553271403
6.186764753647
6.53645590957879
6.73577986845991
6.84939452502215
6.48415487926263
5.4159682811797
5.66710192027243
4.52024809455528
6.01654141389651
4.71942860592101
5.27007430537498
3.43394235406374
3.67734714181633
3.38608787083531
2.79007008637613
2.02033994923439
2.0115937710636
1.57660844950625
2.18866681621857
2.10754008524458
1.63129784858941
1.78983977369596
1.8802086710067
1.93171894247382
1.10107979721008
1.05761548440974
1.03284082611355
1.01871927088473
1.01066998440429
0.576081891110448
0.758366677932955
0.432269006421785
0.676393333660417
0.815544200186438
0.89486019410627
0.510070310640574
0.720740077065127
0.410821843927123
1.09416845103846
1.05367601709192
0.600595329742396
0.772339337953166
0.440233422633304
0.250933050900984
0.573031839013561
0.32662814823773
0.616178044495506
0.351221485362438
0.63019624665659
0.789211860594256
0.879850760538726
0.501514933507074
0.285863512099032
0.162942201896448
0.522877055080976
0.728039921396156
0.414982755195809
0.236540170461611
0.134827897163118
0.0768519013829775
0.0438055837882972
0.0249691827593294
0.0142324341728178
0.00811248747850612
0.00462411786274849
0.00263574718176664
0.00150237589360698
0.000856354259355981
0.000488121927832909
0.000278229498864758
0.000158590814352912
9.039676418116e-05
5.15261555832612e-05
2.93699086824589e-05
1.67408479490016e-05
9.5422833309309e-06
5.43910149863061e-06
0.430003100287854
1.10510176716408
1.05990800728352
0.604147564151609
0.344364111566417
0.626287543592858
0.356983899847929
0.203480822913319
0.545984069060592
0.311210919364538
1.03739022403779
0.591312427701538
0.337048083789877
0.62211740776023
0.784606922423331
0.447225945781299
2.40491878909534
1.80080370978434
1.45645811457708
1.26018112530893
1.14830324142609
0.654532847612873
1.66308372313934
1.37795772218942
0.785435901647971
1.73769846393934
1.85048812444543
2.34477823093389
2.62652359163232
3.64711844723042
2.50885751492134
3.15004878350516
2.65552780659794
2.80365084976083
2.02808098436367
2.01600616108729
2.00912351181976
2.86520040173726
2.49316422899024
4.86110361052444
5.78082905799893
5.44507256305939
4.39369136094385
5.514404075738
5.29321032317066
4.30712988420728
5.46506403399815
3.54508649937894
3.740699304646
5.14219860364822
7.23105320407949
6.27170032632531
6.58486918600543
7.19337543602309
4.96022399853316
4.5473276791639
4.31197677712343
6.32782676296035
6.1868612548874
4.38651091528582
3.79031122171292
2.59047739637636
3.62657211593453
4.21714610608268
6.27377328046713
6.15605076986626
3.93894893882377
3.53520089512955
3.30506451022384
4.03388677082759
6.59931545937173
5.91160981184188
5.94961759274987
5.54128202786743
5.73853075588443
4.56096253085413
4.74974864258685
5.71735672627451
6.26889333397647
7.01326920036659
6.14756344420895
5.6541111631991
5.37284336302349
3.92252071692339
3.95583680864633
5.69482698092841
7.11605137912919
6.20614928610364
6.97750509307908
7.84717790305507
7.91289140474139
9.67034810070259
9.81209841740048
8.17289609791827
8.52855077581342
10.0212739422136
8.29212614706178
7.30651190382522
6.31471178518037
6.17938571755281
7.3922498590051
7.65358241963291
6.08254197919076
5.61704892813873
7.93171788903908
10.5410791967523
9.0184151421488
8.15049663102482
8.08578307968414
10.19889635542
8.39337092258938
9.08422142587595
8.18800621274929
8.1071635412671
5.91108321852224
7.66931743455768
7.38151093769788
6.78746123448779
6.44885290365804
7.54584615508508
6.8811323083985
7.79224541578714
8.31157988699867
9.03760053558924
8.16143230528587
7.66201641401295
7.80734935598738
7.46018913291281
7.6923078057603
8.68461544928337
8.82023080609152
5.88753155947217
5.93589298889914
4.67345900367251
3.95387163209333
4.8337068302932
7.48521289326712
5.98657134916226
8.14234566902249
8.51113703134282
7.00134810786541
7.86076842148328
13.0806380002455
11.3259636601399
9.46579928627975
8.40550559317946
7.37113818811229
7.21154876722401
5.83058279731768
5.90343219447108
4.65495635084852
3.51332511998365
5.87259531839068
5.49737933148269
3.56350621894513
3.32119854479873
2.32308317053527
7.34415740720511
7.62616972210691
6.92691674160094
8.67834254271254
5.80665524934615
5.4597934921273
6.98208229051256
6.98978690559216
6.13417853618753
5.21648176562689
7.70339460640733
7.40093492565218
8.94853290762174
7.68066375734439
6.52797834168631
9.31094765476119
8.74724016321388
8.42592689303191
8.67277832902819
7.52348364754607
9.44838567910126
7.53557983708772
9.02528050714
8.1544098890698
8.94801363676979
10.2603677729588
8.8584096305865
7.62929348943431
6.92869728897756
9.53935745471721
11.8874337491888
10.6458372370376
12.0881272251114
10.3302325183135
9.32823253543871
7.89709254520007
8.80134275076404
10.1767653679355
10.1007562597232
8.33743106804225
6.90233570878408
7.80433135400693
6.16846887178395
6.95602725691685
8.26493553644261
8.15101325577229
6.7960775557902
6.88376420680042
7.79374559787624
6.59243499078946
4.18768794474999
4.9669821285075
6.70117981324927
6.82967249355208
6.04291332132469
7.31446059315507
5.02924253809839
5.44666824671608
7.83460090062817
5.75572251335806
4.14076183261409
3.22023424459003
4.41553351941632
3.8068541060673
2.59990684045836
2.77194689906127
2.01000973246492
1.14570554750501
0.653052162077853
1.23223973238438
1.56237664745909
1.32055468905168
1.61271617275946
2.63924821847289
1.93437148452955
1.10259174618184
1.05847729532365
1.89333205833448
1.07919927325065
1.90514358575287
1.08593184387914
0.618981151011109
1.64281925607633
1.36640697596351
0.7788519762992
0.443945626490544
0.25304900709961
0.574237934046778
0.327315622406663
0.186569904771798
0.106344845719925
0.0606165620603572
0.0345514403744036
0.0196943210134101
0.0112257629776437
0.00639868489725693
0.433647250391436
0.247178932723119
0.140891991652178
0.510308435241741
0.290875808087793
0.165799210610042
0.0945055500477238
0.483868163527203
0.275804853210506
0.587208766329988
0.334708996808093
0.190784128180613
0.10874695306295
0.0619857632458812
0.0353318850501523
0.0201391744785868
0.0114793294527945
0.00654321778809286
0.00372963413921293
0.862125891459351
0.49141175813183
0.710104702135143
0.404759680217032
0.230713017723708
0.131506420102514
0.0749586594584328
0.0427264358913067
0.454354068458045
0.258981819021086
0.147619636842019
0.0841431929999507
0.0479616200099719
0.027338123405684
0.44558273034124
0.253982156294507
0.144769829087869
0.0825188025800853
0.0470357174706486
0.88681035895827
0.505481904606214
0.288124685625542
0.164231070806559
0.523611710359739
0.298458674905051
0.170121444695879
0.526969223476651
0.300372457381691
0.601212300707564
0.342691011403312
0.195333876499888
0.111340309604936
0.0634639764748135
0.466174466590644
0.265719445956667
0.1514600841953
0.0863322479913211
0.479209381355053
1.13314934737238
1.07589512800226
1.04326022296129
0.594658327087933
0.768955246440122
0.86830449047087
1.3549335595684
1.63231212895399
0.930417913503772
3.11033821069715
6.07289278009738
6.9015488846555
8.23388286425364
9.85331323262457
8.62638854259601
8.78704146927972
7.58861363748944
7.33550977336898
5.90124057082032
7.23370712536758
4.55321306145952
3.02533144503193
3.4444389236682
4.11333018649087
6.6445982062998
6.79742097759089
7.74452995722681
10.0043820756193
17.312497783103
12.4481237363687
11.3954305297302
9.93539540194619
7.38317537910933
6.35840996609232
6.20429368067262
4.39644739798339
5.51597501685054
4.00410575960481
3.14234028297474
4.3711339612956
4.21154635793849
4.12058142402494
2.77873141169422
2.8738769046657
3.78810983565945
3.87922260632589
2.64115688560576
3.65545942479528
2.94361187213331
2.96785876711599
3.41167949725611
3.66465731343598
3.80885466865851
4.75104716113535
3.99809688184715
4.42891522265288
4.67448167691214
5.24445455583992
6.42933909682875
5.81472328519239
7.61439227255966
6.49020359535901
6.70941604935464
6.83436714813214
6.47558927443532
5.84108588642813
5.90941895526404
6.8083688045005
6.03077021856529
4.72753902458221
4.84469724401186
8.35147742908676
9.06034213457945
7.31439501671029
5.45920515952487
5.69174694092917
6.25429575632963
4.85494858110789
5.3473206912315
5.62797279400195
7.07794449258111
6.18442836077124
5.6751241656396
7.96482077441457
7.54994784141631
7.3134702696073
7.60867805367616
8.20694649059541
6.39795949963938
4.50683691479445
10.3088970414328
8.02607131361672
9.73486064876153
6.83887056979407
5.61815622478262
5.35234904812609
6.49083895743187
7.13977820573617
5.35967357726962
8.64501393904368
10.5176579452549
11.5850650287953
9.61348706641332
9.34968762785559
11.3493219478777
12.0591135102903
9.45369470086546
7.53860597949331
9.88700540831119
9.50559308273738
8.42818805716031
8.24406719258137
6.84911829977138
5.19399743086969
7.26057853559572
7.14852976528956
6.22466196621505
6.12805732074258
6.93299267282327
4.38180582350926
4.21762931940028
4.12404871205816
4.50070776587315
5.1454034265477
6.37287995313219
4.49254157328535
4.28074869677265
3.30002675716041
5.75101525158143
4.13807869340142
4.50870485523881
5.14996176748612
7.66547820746709
7.37932257825624
6.35621386960606
4.91304190567545
4.95043388623501
8.41174731515395
6.94469596963775
5.67847670269352
5.38673172053531
4.79043708070513
7.03054913600192
7.8774130075211
7.93012541428702
11.8301714861436
10.6131977471019
9.91952271584806
10.3841279480334
10.218952930379
9.26480317031605
9.58093780708015
8.90113455003569
9.37364669352034
11.3629786153066
10.3468978107248
10.6277317521131
10.3578070987045
10.6339500462615
11.2213515263691
10.2661703700304
10.1517171109173
9.65647875322287
8.51419288933704
10.0130899469221
10.0074612697456
9.574252923755
11.9073241665403
12.377174774928
12.644989621709
9.35764408437411
9.20385712809324
9.97619856301315
10.4164331809175
11.097366913123
8.04549914048009
7.59593451007365
6.04968267074198
6.45831912232293
6.26124189972407
6.57890788284272
6.75997749322035
5.1431871711356
6.80161668754729
6.88692151190196
6.50554526178412
8.00816079921695
6.28465165555366
7.02225144366559
7.44268332288939
5.53232949404695
6.59342781160676
5.90825385261585
3.79770469599104
4.31469167671489
3.31937425572749
4.04204332576467
4.45396469568586
5.97875987654094
5.12789312962834
4.21289908388815
4.98135247781625
3.69937091235526
3.8286414200425
3.04232560942422
3.02412559737181
3.01375159050193
1.7178384065861
1.40916789175408
1.66322569829982
2.6680386480309
2.81078202937761
3.75214575674524
2.99872308134479
2.56927215636653
1.46448512912892
0.834756523603485
0.905811218453987
0.516312394518772
1.1542980648757
1.08794989697915
0.620131441278115
1.64347492152853
0.93678070527126
0.963965002004618
1.40946005114263
0.803392229151301
0.457933570616241
0.691022135251258
0.823882617093217
0.469613091743134
0.267679462293586
0.152577293507344
0.0869690572991862
0.0495723626605361
0.0282562467165056
0.0161060606284082
0.00918045455819267
0.00523285909816982
0.0029827296859568
0.431700155920995
0.246069088874967
0.140259380658731
0.0799478469754769
0.0455702727760219
0.0259750554823325
0.44480578162493
0.25353929552621
0.14451739844994
0.0823749171164656
0.0469537027563854
0.0267636105711397
0.0152552580255496
0.00869549707456328
0.434956433332501
0.247925166999526
0.14131734518973
0.0805508867581459
0.905914005452143
0.516370983107722
0.724331460371401
0.412868932411699
0.235335291474668
0.134141116140561
0.0764604362001198
0.0435824486340683
0.454841995721419
0.259259937561209
0.147778164409889
0.514233553713637
0.723113125616773
0.412174481601561
0.23493945451289
0.563915489072347
0.751431828771238
0.428316142399606
0.244140201167775
0.139159914665632
0.0793211513594102
0.475213056274864
0.270871442076672
0.154396721983703
0.518006131530711
0.725263494972505
1.27340019213433
1.15583810951657
1.08882772242444
1.48063180178193
2.1339601270157
2.93635727239895
1.6737236452674
3.53402247780242
3.30439281234738
2.31350390303801
3.46869722473166
4.55715741809705
3.88757972831532
3.50592044513973
2.85837465372965
2.9192735526259
3.38398592499676
2.35887197724816
5.21455702703145
3.83229750540793
2.61440957808252
2.35021345950704
2.62962167191901
2.78888435299384
4.16966408120649
4.0967085262877
4.48512385998399
3.84652060019087
3.4825167421088
3.70503454300202
3.40186968951115
4.08906572302136
7.92076746212217
7.52483745340964
8.15915734844349
8.09071968861279
9.34171022250929
8.7647748268303
9.72592165129327
8.98377534123716
6.84075194450518
6.90922860836796
6.08826030676973
5.62030837485875
4.92357577366949
4.95643819099161
4.97516976886522
5.84584676825317
5.91213265790431
5.94991561500546
6.40145190055311
5.79882758331527
4.16533172248971
3.66423908181913
4.66861627663691
3.95111127768304
4.40213342827933
5.08921605411922
5.48085315084796
6.56408629598334
6.7515291887105
7.28837163756499
5.87437183341204
11.5183919450449
10.0054834086756
7.85312554294508
7.48628155947869
8.13718048890286
9.36819287867463
7.91986994084454
6.23432586628139
6.99356574378039
8.71633247395482
8.83830951015425
9.33783642078792
9.62256675984912
8.924863053114
6.80717194027498
7.75008800595674
9.14755016339534
8.22410359313534
6.40773904808715
6.66241125740967
5.51757441672352
5.7250174175324
8.85325992799347
8.48635815895628
9.56722415060508
7.1733177658449
6.23879112653159
6.56611094212301
9.33268323701011
9.18962944509576
7.81808878370459
5.74631060671162
7.14539704582562
8.3728763161206
6.92253950018874
8.24584751510758
9.86013308361132
9.06027585765846
6.45435723886532
8.40898362615323
6.94312066690734
9.54757878013719
7.1621199046782
10.5324083456666
9.44347275702995
9.68277947150707
8.09918429875903
8.91653505029265
8.09242497866681
8.48268223784008
8.27512887556885
8.15682345907424
5.93938937167232
3.81545194185322
5.61480760685634
7.07044033590811
7.47015099146762
9.41798606513655
7.51825205712783
8.15540367256287
10.2385800933608
7.98599065321568
7.13201467233294
7.93524836322977
9.25309156704097
6.56426219321335
7.61162945013161
5.62862878657502
7.93831840834776
7.96484149275822
7.97995965087219
6.69857700099715
7.68818889056837
7.39226766762397
7.22359257054567
8.84744776521103
7.19304522617029
6.25003577891706
8.29252039398273
8.16673662457015
9.38503987600499
9.21947272932285
8.26509945571402
8.15110668975699
8.51613081316149
7.43419456350205
7.67749090119617
7.38616981368182
7.22011679379864
8.84546657246522
10.6319159463052
11.220192089394
9.83550949095455
9.9062404098441
10.8065570336111
7.01973750915835
7.87125038022026
8.78661271672555
8.87836924853356
11.9406704716641
9.81618216884856
12.4752238362437
11.8408775866589
14.4893002243956
10.4089011279055
10.2330736429061
10.5628519764565
6.4508256265802
7.97697060715071
7.12687324607591
10.0823177502633
8.75692111765006
10.1514450370605
10.5163236711245
9.43430449254097
10.9675535607484
9.26150552962656
11.2990581518871
9.45046314657567
7.10676399354813
7.06085547632244
7.46468762150379
8.98487194425716
9.85137700822658
9.05528489468915
7.74151238997282
6.13266206228451
5.21561737550217
5.98290190403624
6.42025408530066
7.52954482862137
6.87184055231418
5.20694911481909
5.97796099544688
6.84743776740472
6.05303952742069
5.17023253062979
