0
3.5
3.805
3.31395
1.9024405
1.351951795
1.74726120005
4.3414318680195
4.13315842852761
4.66193178712577
3.64815339697905
5.08277982482183
5.64228413168051
2.8104908113554
1.09609141642861
2.25747565240716
0.880415504438791
0.343362046731129
0.74391119822514
1.5101253673078
1.80894889325004
1.92549006836752
1.36094112666333
0.530767039398699
0.816999145365493
0.928629666692542
0.362165570010091
0.751244572303936
0.292985383198535
0.724264299447429
0.282463076784497
0.720160599945954
0.890862633978922
1.56743642725178
1.83130020662819
1.324207080585
1.73644076142815
0.677211896956978
0.874112639813221
0.340903929527156
0.132952532515591
0.66185148768108
0.258122080195621
0.710667611276292
0.277160368397754
0.108092543675124
0.652156092033298
0.864340875892986
0.337092941598265
0.131466247223323
0.0512718364170961
0.629996016202667
0.24569844631904
0.0958223940644257
0.037370733685126
0.0145745861371992
0.615684088593508
0.240116794551468
0.0936455498750725
0.646521764451278
0.252143488135999
0.0983359603730394
0.0383510245454854
0.0149568995727393
0.00583319083336833
0.00227494442501365
0.610887228325755
0.238246019047045
0.0929159474283474
0.0362372194970555
0.0141325156038516
0.00551168108550214
0.00214955562334583
0.000838326693104875
0.000326947410310901
0.000127509490021252
4.97287011082881e-05
1.93941934322324e-05
0.610007563735439
0.237902949856821
0.70278215044416
0.274085038673222
0.106893165082557
1.2616883343822
1.10205845040906
0.429802795659532
0.167623090307218
0.0653730052198148
0.635495472035728
0.247843234093934
1.92665886129663
1.97139695590569
2.59884481280322
1.01354947699326
0.39528429602737
0.764160875450674
2.12802274142576
0.829928869156048
0.933672258970859
2.19413218099863
1.46571155058947
1.18162750472989
1.68083472684466
0.655525543469417
0.865654961953072
1.5576054351617
0.607466119713062
0.846911786688094
2.77029559680836
1.08041528275526
1.03136196027455
1.62223116450707
2.46267015415776
2.79044136012153
3.5282721304474
2.59602613087448
3.45245019104105
4.39645557450601
4.15461767405734
4.06030089288236
2.80351734822412
5.36337176580741
6.36171498866489
6.14106884557931
5.44501684977593
3.95355657141261
3.98188706285092
2.16293595451186
3.28354502225962
1.89058255868125
5.61732719788569
4.02075760717542
4.00809546679841
4.61315723205138
6.06913132050004
6.02696121499502
6.01051487384806
7.22410080080074
7.08739931231229
5.20408573180179
5.6895934354027
2.82894143980705
4.15328716152475
7.10978199299465
3.99281497726791
1.55719784113449
2.43730715804245
5.22054979163656
4.47601441873826
5.40564562330792
3.32820179309009
4.34799869930513
5.355719492729
5.74873060216431
5.29200493484408
5.72388192458919
5.28231395058978
3.28010244073002
6.15923995188471
9.11210358123504
7.82372039668166
7.32125095470585
5.29528787233528
8.16516227021076
6.2344132853822
8.53142118129906
6.37725426070663
9.80712916167559
4.43478037305348
8.43956434549086
5.12143009474143
6.26735773694916
5.49426951741017
5.80276511178997
6.53307839359809
7.42790057350325
6.55688122366627
6.82718367722985
7.54260163411964
12.7016146373067
14.7136297085496
11.2283155863343
10.4790430786704
8.35682680068145
7.52916245226577
7.81637335638365
7.31838560898962
6.51417038750595
6.20052645112732
6.68820531593965
5.65840007321647
8.91677602855442
5.91754265113623
7.18784163394313
10.7332582372378
10.8959707125228
9.73942857788387
9.28837714537471
9.11246708669614
9.04386216381149
11.4571062438865
6.29827143511573
6.72632585969513
12.3832670852811
12.1494741632596
7.78829492367126
6.08743502023179
6.6440996578904
6.25119886657725
6.70796755796513
4.4461073476064
4.1739818655665
4.06785292757093
5.85646264175266
5.33402043028354
9.40026796781058
7.93610450744613
7.97508075790399
7.38028149558255
6.5383097832772
6.20994081547811
6.08187691803646
6.64193199803422
4.42035347923335
4.773937856901
3.69183576419139
9.97981594803464
11.2121282197335
8.64273000569607
5.81066470222147
5.31615923386637
6.95330210120789
4.54178781947108
6.04129724959372
9.06610592734155
9.02578131166321
6.57005471154865
8.66232133750397
7.64830532162655
12.7428390754344
11.0697072394194
7.97718582337357
7.99110247111569
5.55652996373512
9.4870466858567
7.35994820748411
7.1403798009188
6.44474812235833
8.00345176771975
9.2213461894107
5.42632501387017
6.99626675540937
5.77854403460965
7.13363217349777
7.66211654766413
6.64822545358901
6.25280792689971
4.26859509149089
2.88475208568145
6.00505331341576
4.78197079223215
5.52496860897054
8.25473775749851
6.26934772542442
5.49504561291552
5.19306778903705
4.46529643772445
2.35146561071254
4.57707158817789
4.83505791938938
3.10567258856186
3.65121230953912
2.64397280072026
2.8611493922809
2.33584826298955
2.74098082256593
4.11898252080071
4.04640318311228
5.84809724141379
4.11075792415138
4.65319559041904
3.03474628026342
3.01355104930274
1.17528490922807
2.28836111459895
1.50246083469359
1.8059597255305
0.704324292956895
1.49468647425319
1.80292772495874
4.36314181273391
3.53162530696622
2.59733386971683
2.84296020918956
2.93875448158393
2.36611424781773
2.14278455664892
1.44568597709308
3.0038175310663
1.78148883711586
0.694780646475184
1.49096445212532
1.19147613632888
0.464675693168261
0.791223520335622
0.308577172930893
1.34034509744305
1.74273458800279
1.28966648932109
0.502969930835224
0.196158273025737
0.0765017264800376
0.639835673327215
0.249535912597614
0.0973190059130694
0.0379544123060971
0.624802220799378
0.243672866111757
1.31503241778359
1.1228626429356
1.04791643074488
0.408687407990504
0.769388089116297
0.300061354755356
0.117023928354589
0.0456393320582896
0.0177993395027329
1.22694174240607
1.08850727953837
1.03451783901996
0.403461957217785
0.767350163314936
0.909266563692825
0.354613959840202
0.138299444337679
0.0539367832916947
0.0210353454837609
0.618203784738667
0.24109947604808
0.0940287956587512
0.646671230306913
0.252201779819696
0.0983586941296815
0.0383598907105758
0.0149603573771246
0.00583453937707858
0.00227547035706064
0.000887433439253651
0.610346099041309
0.23803497862611
0.0928336416641831
0.0362051202490314
0.0141199968971222
0.00550679878987768
0.00214765152805229
0.61083758409594
0.238226657797417
0.0929083965409925
0.0362342746509871
0.014131367113885
0.00551123317441514
0.612149380938022
0.238738258565829
0.0931079208406731
0.646312089127863
0.252061714759866
0.0983040687563479
0.0383385868149757
0.0149520488578405
0.0058312990545578
0.00227420663127754
0.000886940586198242
0.000345906828617314
0.610134903663161
0.237952612428633
0.0928015188471668
0.036192592350395
0.0141151110166541
0.00550489329649509
0.00214690838563308
0.610837294270397
1.45822654476545
1.17870835245853
0.459696257458826
2.00928154040894
2.61361980075949
1.6293117222962
1.85543157169552
1.33361831296125
2.35011114205489
1.52654334540141
1.20535190470655
7.79008724283555
5.47813402470587
5.79647226963529
3.48062418515776
2.57744343221153
2.8352029385625
1.10572914603937
2.87123436695536
8.43978140311259
6.34151474721391
5.52319075141342
10.6940443930512
5.39067731328998
2.10236415218309
1.42992201935141
2.99766958754705
1.77909113914335
2.52384554426591
10.1342997622637
14.3223769072828
12.2957269938403
20.6553335275977
12.3255800757631
7.85697622954761
6.11422072952357
11.5345460845142
8.76847297296053
7.07970445945461
6.4210847391873
6.16422304828305
6.67404698883039
3.21287832564385
9.1830225470011
7.24137879333043
6.48413772939887
4.96881371446556
3.76783734864157
5.73945656597021
4.06838806072838
4.02667134368407
5.84040182403679
4.71775671137435
5.499925117436
4.58497079580004
4.83813861036201
3.71687405804119
13.6495808826361
28.5033365442281
18.4363012522489
9.63015748837709
5.58576142046707
6.44844695398216
5.56489431205304
3.39030878170069
4.98222042486327
3.77306596569667
3.9114957266217
3.35548333338246
4.35863850001916
3.52986901500747
11.1366489158529
14.7132930771826
10.6181843001012
5.36109187703948
4.5308258320454
4.20702207449771
4.08073860905411
4.6414880575311
5.47018034243713
5.79337033355048
16.2894144300847
12.452871627733
8.51661993481588
6.37148177457819
4.9248778920855
2.53070237791334
4.6469739273862
3.03231983168062
4.23260473435544
5.92071584639862
4.13907918009546
15.6442408802372
9.76125394329252
5.63688903788408
7.68838672477479
6.04847082266217
2.96890362083825
3.59787241212692
3.2331702407295
3.0909363938845
3.64546519361496
2.03173142550983
4.45237525594884
5.39642634982005
5.15460627642982
17.8702964478076
10.629415614645
7.19547208971154
6.4662341149875
17.7718313048451
11.2010142088896
8.63839554146694
5.80897426117211
7.75549996185712
14.0046449851243
7.29181154419847
6.5038065022374
13.5164845358726
7.10142896899031
3.98955729790622
5.82592734618343
8.37211166501154
5.0951235493545
6.25709818424825
2.44026829185682
4.00170463382416
4.00066480719142
3.39025927480465
3.15220111717382
2.44935843569779
4.00524978992214
2.78204741806963
5.35499849304716
5.13844941228839
8.10399527079247
23.2905581556091
17.6233176806875
11.7530938954681
11.9037066192326
7.0824455815007
7.03215377678527
5.79253997294626
3.47909058944904
5.62684532988512
6.4644696786552
7.40114317467553
4.71644583812346
6.71941387686815
6.28057141197858
5.49942285067165
6.41477491176194
6.77176221558716
5.08098726407899
7.47158503299081
7.18391816286641
7.6817280835179
6.65587395257198
8.69579084150307
5.8313584281862
5.93422978699262
4.75434961692712
2.46419635060158
3.40103657673462
4.3764042649265
3.53679766332133
1.98935108869532
2.60584692459117
2.84628030059056
3.55004931723032
5.65451923371982
8.30526250115073
5.06905237544879
3.19693042642503
1.85680286630576
2.55415311785925
4.04611971596511
2.79798668922639
2.92121480879829
2.35927377543133
3.97011677241822
1.54834554124311
3.04385476108481
3.62710335682308
3.854570309161
3.33328242057279
3.73998014402339
2.67859225616912
2.87465097990596
3.56111388216332
1.9988344140437
1.38954542147704
3.59192271437605
1.40084985860666
0.546331444856597
1.43306926349407
1.16889701276269
2.89586983497745
1.1293892356412
2.27046180190007
1.49548010274103
1.193237240069
2.29536252362691
3.33519138421449
2.52072463984365
0.983082609539025
2.21340221772022
4.52322686491089
2.37405847731525
1.53588280615295
1.20899429439965
0.471507774815863
0.793888032178187
2.13961633254949
2.6644503696943
2.25913564418078
3.3210629012305
1.9052145314799
1.96303366727716
1.37558313023809
0.536477420792856
0.209226194109214
0.691598215702593
1.48972330412401
0.580992088608364
0.836586914557262
0.326268896677332
0.73724486970416
0.287525499184622
0.722134944682003
0.281632628425981
0.719836725086133
0.280736322783592
0.109487165885601
0.652699994695384
0.8645529979312
0.947175669193168
0.369398510985336
0.144065419284281
0.66618551352087
0.259812350273139
0.101326816606524
0.0395174584765445
0.0154118088058523
0.00601060543428241
0.61234413611937
0.238814213086554
0.0931375431037562
0.0363236418104649
0.0141662203060813
0.00552482591937171
0.00215468210855497
0.000840326022336438
0.000327727148711211
0.000127813587997372
4.98472993189752e-05
0.610019440446734
0.237907581774226
0.0927839568919483
0.0361857431878598
0.0141124398432653
0.00550385153887348
0.00214650210016066
0.000837135819062657
0.000326482969434436
0.00012732835807943
0.610049658059651
0.237919366643264
0.0927885529908729
0.0361875356664404
0.0141131389099118
0.00550412417486559
0.00214660842819758
0.000837177286997056
0.000326499141928852
0.000127334665352252
4.96605194873784e-05
1.93676026000776e-05
7.55336501403025e-06
0.610002945812355
1.45790114886682
0.568581448058059
0.221746764742643
0.696481238249631
0.271627682917356
0.105934796337769
0.0413145705717299
1.23611268252297
0.48208394618396
0.188012739011744
7.39332496821458
3.49339673760369
1.97242472766544
1.37924564378952
9.68790580107791
8.04828326242039
5.57883047234395
2.78574388421414
1.08644011484351
2.25371164478897
3.3189475414677
3.7343895411724
3.28641192105724
6.16170064921232
4.23306325319281
4.09089466874519
5.25544892081063
3.87962507911614
3.3430537808553
4.96379097453357
2.54587848006809
4.04289260722656
4.01672811681836
5.22652396555916
5.69834434656807
4.05235429516155
4.630418175113
3.63586308829407
17.2779866044347
21.9884147757295
14.6754817625345
11.8234378873885
4.6111407760815
5.45834490267178
3.348754512042
6.79601425969638
11.1904455612816
11.6842737688998
5.16686676987093
14.8250780402497
9.44178043569737
6.12229436992197
6.04769480426957
11.5086009736651
5.7083543797294
8.32625820809447
7.51724070115684
4.76172387345117
6.12707231064596
3.60955820115192
5.06772769844925
2.58641380239521
1.61870138293413
2.46129353934431
5.22990448034428
7.52966274733427
18.7965684714604
13.4306617038695
7.06795806450912
5.19650364515856
17.2766364216118
12.2278882044286
6.59887639972716
8.06356179589359
9.8547891003985
9.33336774915542
10.3500134221706
8.30650523464654
5.06953704151215
5.63711944618974
7.078476584014
6.42060586776546
6.16403628842853
6.06397415248713
4.19494991946998
3.46603046859329
3.18175188275138
2.46088323427304
4.61974446136649
4.85170033993293
16.5321631325738
27.1875436217038
14.2631420124645
8.00262538486115
7.39102390009585
7.76249932103738
4.24737473520458
7.14647614672979
4.61712569722462
5.4606790219176
2.73966481854786
4.72846927923367
2.45410301890113
4.00710017737144
3.39276906917486
3.7631799369782
5.1276401754215
2.60977966841438
3.45781407068161
4.39854748756583
6.59543352015067
6.84221907285876
5.71846543841492
5.89020152098182
4.12717859318291
2.82959965134133
2.32354386402312
3.34618210696902
3.74501102171792
3.29055429846999
3.1133161764033
6.09419330879729
6.03673539043094
4.18432680226807
4.68188745288455
6.09593610662497
3.59741508158374
2.01299188181766
2.00506683390889
3.83197606522447
6.98447066543754
6.38394355952064
7.36973798821305
4.09419781540309
4.6467371480072
4.25222748772281
4.0983687202119
3.42836380088264
3.16706188234423
4.28515413411425
4.72121011230456
14.6512719437988
17.9139960580815
13.0864584626518
14.8637188004342
8.23685033216934
6.26237162954604
7.32232493552296
4.68570672485395
6.09742562269304
8.47799599285029
6.96641843721161
7.59690319051253
8.45279224429989
12.446588975277
8.51416970035801
7.59052618313962
8.45030521142445
7.56561903245554
11.4905914226577
7.53133065483649
6.59721895538623
5.62291539260063
7.07293700311425
3.97844543121456
6.43159371817368
7.38832155008773
4.10144540453422
5.25956370776834
8.15122984602965
4.39897963995157
3.54560205958111
1.99278480323663
6.87718607326229
8.17210256857229
6.84712000174319
5.72037680067985
5.89094695226514
6.5674693113834
5.00131303143953
1.95051208226142
4.42069971208195
5.38407288771196
5.75978842620767
4.07631748622099
3.41976381962619
1.33370788965421
2.96014607696514
4.81445697001641
3.7076382183064
5.1059789051395
3.8213317730044
3.32031939147172
1.90492456267397
3.18292057944285
4.90133902598271
3.74152222013326
2.06919366585197
0.806985529682268
5.80472435657609
4.70384249906467
3.66449857463522
3.25915444410774
2.49107023320202
1.58151739094879
2.44679178247003
1.56424879516331
1.22005703011369
1.08582224174434
2.25347067428029
1.48885356296931
3.02065288955803
1.78805462692763
1.91734130450178
1.96776310875569
0.76742761241472
0.909296768841741
0.354625739848279
0.138304038540829
0.663938575030923
0.25893604426206
0.710985057262203
0.277284172332259
0.108140827209581
0.0421749226117366
0.626448219818577
1.46431480572924
0.571082774234406
1.44272228195142
1.17266168996105
1.06733805908481
1.02626184304308
1.0102421187868
0.393994426326852
0.153657826267472
1.88992655224431
2.56707135537528
1.61115782859636
0.628351553152581
0.245057105729506
0.0955722712345075
0.0372731857814579
0.0145365424547686
0.00566925155735975
0.0022110081073703
0.610862293161874
0.238236294333131
0.702912154789921
0.274135740368069
0.106912938743547
0.0416960461099833
0.0162614579828935
0.00634196861332847
0.0024733677591981
0.00096461342608726
0.000376199236174031
0.610146717702108
0.847957219903822
0.330703315762491
0.128974293147371
0.0502999743274748
0.0196169899877152
0.617650626095209
0.850883744177132
0.331844660229081
0.129419417489342
0.0504735728208433
0.0196846934001289
0.00767703042605026
0.0029940418661596
0.00116767632780224
0.000455393767842875
0.000177603569458721
6.92653920889014e-05
2.70135029146715e-05
1.05352661367219e-05
4.10875379332154e-06
0.610001602413979
0.237900624941452
0.0927812437271663
0.0361846850535948
0.624112027170902
1.46340369059665
0.570727439332694
0.222583701339751
0.0868076435225028
0.0338549809737761
0.0132034425797727
0.00514934260611134
0.612008243616383
2.06868321501039
1.41678645385405
2.38254671700308
0.929193219631201
0.972385355656169
0.989230288705906
0.385799812595303
0.150461926912168
1.88868015149575
1.95658525908334
1.3730682510425
1.75549661790658
1.29464368098356
1.72491103558359
0.6727153038776
0.872358968512264
0.340219997719783
3.18268579911072
3.68124746165318
3.26568651004474
1.88361773891745
1.3446109181778
1.13439825808934
1.66241532065484
2.47834197505539
2.1865533702716
3.90275581440592
2.74207476761831
2.28940915937114
5.77286957215474
5.30141913314035
6.33755346192474
3.08164585015065
4.86184188155875
6.16611833380791
8.50478615018509
9.41686659857218
6.11257797344315
7.87390540964283
6.1208231097607
4.21712101280667
4.6946771949946
4.8809241060479
4.34356040135868
4.74398855652989
6.73015553704666
5.0647606594482
5.6352566571848
2.80775009630207
4.14502253755781
3.44655878964755
5.61415792796254
7.67952159190539
5.4350134208431
2.72965523412881
3.50456554131024
4.41678056111099
2.33254441883329
3.95969232334498
3.37428000610454
4.97596920238077
6.2106279889285
6.08214491568212
7.86203651711603
5.50619424167525
8.85741575425335
8.33439214415881
5.08041293622193
8.08136104512655
4.37173080759936
5.97497501496375
7.21024025583586
10.741993699776
7.23937754291263
5.26335724173593
3.27270932427701
1.88635663646803
5.00567908822253
6.22221484440679
5.47666378931865
5.79589887783427
3.48040056235537
6.84735621931859
6.33046892553425
5.51888288095836
7.64236432357376
8.47052208619377
10.6235036136156
6.58316640931007
10.4974348996309
9.58399961085606
9.22775984823386
7.86882634081121
10.9988422729164
9.16954848643739
6.62612390971058
8.07418832478713
6.80893344666698
7.53548404420012
6.59883877723805
6.23354712312284
9.75108337801791
9.29292251742698
7.28423978179652
8.94085351490064
4.70693287081125
4.88570381961639
9.83542448965039
7.49581555096365
7.80336806487582
9.75331354530157
9.90379228266761
6.30247899024037
11.6079668061937
8.79710705441556
4.65087175122207
7.91383998297661
6.74639759336088
3.24109506141074
6.14402707395019
4.22617055884057
5.30820651794782
5.12020054199965
6.26687821137986
6.10408250243815
9.09059217595088
5.98533094862084
9.04427906996213
7.18726883728523
7.68303484654124
6.04638359015108
5.40808960015892
6.98915494406198
6.99577042818417
7.60835046699183
6.01725668212681
3.56673010602946
9.32102474135149
6.07519964912708
6.02932786315956
7.23143786663223
6.48026076798657
7.40730169951476
7.15884766281076
4.6219505884962
4.85256072951352
6.16249868451027
6.06337448695901
7.24471604991401
10.7554392594665
13.9546213111919
10.3223023113648
10.7356979014323
12.1169221815586
8.99559965080785
11.4382838638151
10.5609307068879
12.0487629756863
9.57901756051765
8.00581684860188
8.61226857095473
9.45878474267235
10.3989260496422
10.7655811593605
8.46857665215058
8.79274489433873
9.5291705087921
11.0363764984289
8.57418683438728
7.61393286541104
6.62943381751031
6.85547918882902
5.72363688364332
9.55221838462089
6.77536517000215
5.08239241630084
7.47213304235733
4.74413188651936
4.90021143574255
5.57108245993959
7.05272215937644
7.63056164215681
6.63591904044116
8.07800842577205
6.8104232860511
8.14606508155993
4.39696538180837
5.37481649890527
6.97617843457305
4.55070958948349
2.38477673989856
4.59006292856044
4.23012454213857
4.69974857143404
4.27290194285928
4.10643175771512
2.8215083855089
2.93038827034847
3.5828514254359
3.22731205592
4.3086517018088
2.90037416370543
1.13114592384512
2.2711469102996
2.10574729501684
3.26124144505657
2.49188416357206
0.971834823793104
0.379015581279311
2.58781607669893
2.22924826991258
2.08940682526591
2.0348686618537
1.40359877812294
2.37740352346795
0.9271873741525
1.58160307591948
0.616825199608595
0.240561827847352
1.31381911286047
0.512389454015582
0.199831887066077
1.90793443595577
1.35409443002275
1.74809682770887
1.90175776280646
1.35168552749452
1.13715735572286
2.88349136873192
1.12456163380545
0.438579037184124
0.171045824501809
0.0667078715557053
0.0260160699067251
0.620146267263623
0.241857044232813
0.094324247250797
0.0367864564278108
0.0143467180068462
0.00559522002267003
0.00218213580884131
0.000851032965448111
0.000331902856524763
0.000129442114044658
5.04824244774165e-05
0.610019688145546
0.847907678376763
0.330683994566938
1.34896675788111
0.526097035573631
0.205177843873716
0.690019359110749
0.269107550053192
0.104951944520745
0.0409312583630905
0.0159631907616053
0.00622564439702607
1.22242800131484
1.69674692051279
0.661731298999987
0.258075206609995
0.100649330577898
0.0392532389253802
0.0153087631808983
0.00597041764055033
0.00232846287981463
0.000908100523127706
0.000354159204019805
0.000138122089567724
1.22005386761493
1.08582100836982
0.423470193264231
0.77515337537305
0.30230981639549
0.117900828394241
0.045981323073754
0.627932715998764
0.854893759239518
0.333408566103412
0.130029340780331
0.660711442904329
1.47767746273269
0.576294210465748
0.224754742081642
0.69765434941184
0.272085196270618
0.716113226545541
0.279284158352761
0.108920821757577
0.0424791204854549
0.0165668569893274
1.22646107422584
1.69831981894808
0.66234472938975
0.258314444462002
1.93074263334018
3.19298962700267
2.46526595453104
2.18145372226711
0.850766951684171
2.77179911115683
2.91100165335116
2.96529064480695
2.37646335147471
2.75682070707514
2.9051600757593
2.35301242954613
3.96767484752299
8.86739319053397
6.50828334430825
3.14823050428022
4.88780989666928
2.51624585970102
3.4213358852834
3.16432099526053
2.45408518815161
2.78709322337913
3.52696635711786
2.59551687927596
1.62225158291763
3.07267811733787
2.41834446576177
2.16315434164709
2.67363019324237
6.53271577536452
4.37775915239216
8.41732606943294
6.94275716707885
5.75767529516075
4.68549336511269
3.65734241239395
3.86636354083364
2.72788178092512
4.7238738945608
2.45231081887871
2.7864012193627
4.13669647555145
2.83331162546507
2.32499153393138
3.34674669823324
5.57523121231096
5.83434017280128
4.7153926673925
4.88900314028307
4.9567112247104
5.59311737763706
5.23131577727845
4.4802131531386
6.01728312972405
8.44674042059238
7.56422876403103
6.0000492179721
5.39001919500912
5.76210748605356
6.51722191956089
4.98171654862875
4.38286945396521
7.80931908704643
7.31563444394811
5.29309743313976
6.94430799892451
8.19828011958056
8.68732924663642
8.2680584061882
6.8845427784134
5.73497168358123
4.06663895659668
4.0259891930727
4.01013578529835
5.83395295626636
5.93524165294388
5.36474424464811
5.14225025541276
5.66547759961098
3.42953626384828
3.77751914290083
7.57323246573132
6.61356066163522
3.79928865803773
8.19172257663472
8.68477180488754
6.43706100390614
5.5604537915234
8.87857697869412
6.51264502169071
8.63993155845938
8.85957330779916
8.94523359004167
9.58864110011625
6.78957002904534
4.47793231132768
6.0163936014178
6.00639350455294
7.83249346677565
11.5946724520425
10.6219222562966
9.63254967995566
8.63669437518271
6.41831080632126
8.60314121446529
8.23522507364146
5.65173777872017
7.08417773370087
8.25282931614334
6.8786034332959
5.7326553389854
7.11573558220431
7.04513687705968
7.62760338205327
5.41476531900078
3.9417584744103
3.97728580502002
7.65114146395781
8.47394517094354
3.91483861666798
6.40678706050051
5.5486469535952
7.04397231190213
5.18714920164183
6.29298818864031
7.33426539356972
7.74036350349219
4.84874176636196
7.99100928888116
9.82649362266365
5.66233251283882
5.25830968000714
7.54074077520279
6.60088890232909
6.23434667190834
9.14139520204425
8.44514412879726
7.56360621023093
9.65980642199006
8.03732450457612
8.62455655678469
6.41357705714603
6.16129505228695
9.72290507039191
11.7219329774528
10.6715538612066
9.04190600587058
7.18634334228953
8.29267390349291
10.5541428223622
13.2661157007213
11.8837851232813
6.46467619807971
4.96122371725109
9.25487724972792
9.09940212739389
5.98876682968362
10.2656190635766
9.49359143479488
8.58250065957
10.0571752572323
12.4622983503206
10.960296356625
9.15451557908376
9.06026107584267
12.6835018195786
9.21656570963567
9.08446062675791
9.03293964443559
10.8428464613299
12.1587101199187
9.01189694676827
7.78463980923963
8.52600952560345
8.81514371498535
5.87790604884429
6.56238335904927
8.04932951002922
6.18923850891139
6.07380301847544
7.85878317720542
5.50492543911012
8.85692092125294
5.89419915928865
4.12873767212257
2.2202076921278
2.69588099992984
2.88139358997264
2.34374350008933
5.18405996503484
3.85178338636359
3.9421955206818
2.1474562530659
2.0575079386957
2.02242809609132
2.00874695747562
2.00341131341549
5.05133041223204
2.5800188607705
1.00620735570049
1.61242086872319
2.45884413880204
1.5689492141328
1.83189019351179
1.3244371754696
2.34653049843314
1.52514689438893
1.81480728881168
0.707774842636556
0.886032188628257
1.56555255356502
0.610565495890358
0.23812054339724
0.0928670119249234
0.0362181346507201
0.624125072513781
1.46340877828037
1.79072942352935
0.698384475176445
0.272369945318814
0.716224278674337
0.889327468682992
0.956837712786367
0.373166707986683
0.755535016114806
0.294658656284775
0.114916875951062
0.0448175816209142
0.627478856832157
0.244716754164541
0.095439534124171
0.0372214183084267
0.0145163531402864
0.615661377724712
0.240107937312638
0.703642095551929
0.274420417265252
0.107023962733448
0.651739345466045
0.254178344731757
0.709129554445385
0.2765605262337
0.107858605231143
0.0420648560401458
0.0164052938556569
0.00639806460370618
0.612495245195445
0.238873145626224
0.0931605267942273
0.0363326054497486
0.014169716125402
0.00552618928890677
0.00215521382267364
0.000840533390842719
0.000327808022428661
0.000127845128747178
4.98596002113993e-05
1.94452440824457e-05
7.58364519215383e-06
2.95762162493999e-06
0.610001153472434
0.237900449854249
0.0927811754431572
0.0361846584228313
0.0141120167849042
0.00550368654611264
0.00214643775298393
0.000837110723663732
0.000326473182228856
0.000127324541069254
4.9656571017009e-05
1.93660626966335e-05
7.55276445168706e-06
2.94557813615795e-06
0.610001148775473
0.237900448022435
0.0927811747287495
0.0361846581442123
0.0141120166762428
0.00550368650373469
0.00214643773645653
0.000837110717218046
0.610326473179715
0.238027324540089
0.0928306565706346
0.0362039560625475
0.0141195428643935
0.00550662171711348
0.00214758246967426
3.05083755716317
1.79982664729364
3.75193239244452
5.12325363305336
8.70806891689081
22.3061468775874
11.7493972822591
5.19226494008105
2.02498332663161
1.39974349738633
2.37589996398067
0.92660098595246
3.41137438452146
2.55043600996337
5.26467004388571
4.49322131711543
3.58235631367502
2.61711896233326
2.24067639530997
2.70386379417089
2.88450687972665
3.56495768309339
6.88033349640642
4.51333006359851
2.37019872480342
2.14437750267333
2.0563072260426
3.24195981815661
1.87436432908108
3.17100208834162
4.89669081445323
5.56970941763676
4.00218667287834
3.39085280242255
1.93243259294479
5.02364871124847
14.1592229973869
8.57209696898089
7.61311781790255
20.659115948982
11.107055220103
6.77175153584016
6.30098309897766
5.50738340860129
4.5878795293545
7.27927301644826
5.27891647641482
4.49877742580178
6.02452319606269
4.78956404646445
4.30792997812114
2.29009269146724
3.33313614967222
6.78992309837217
5.69807000836515
15.6422473032624
12.8104764482723
8.04608581482621
6.18797346778222
6.07330965243507
6.02859076444968
2.96115039813537
2.3748486552728
4.58619097555639
2.39861448046699
3.37545964738213
4.36642926247903
2.92290741236682
6.01993389082306
4.17777421742099
4.06933194479419
4.63703945846973
4.2484453888032
3.48689370163325
3.18988854363697
5.51405653201842
2.76048204748718
2.90658799852
2.9635693194228
10.3057920345749
14.3892588934842
23.3018109684588
11.5277062776989
7.54580544830259
9.04286412483801
4.13671700868682
4.05331963338786
5.24079465702127
5.70390991623829
5.88452486733294
9.61496469825985
9.23983623232134
12.7535361306053
14.1238790909361
10.9983128454651
8.55934200973138
8.21814338379524
6.86507591968014
5.72737960867526
4.06367804738335
4.63483443847951
6.07758543100701
7.25025831809273
5.87760074405617
7.1722642901819
7.67718307317094
6.65410139853667
5.6450995454293
20.5015888227174
10.4356196408598
10.1698916599353
9.45625774737477
11.0079405214762
13.4430968033757
22.3228077533165
14.8058950237934
11.2642990592794
9.88307663311898
6.2943998869164
5.5048159558974
5.19687822279998
5.07678250689199
4.41994517768788
5.38377861929827
3.31967366152633
2.51467272799527
4.03072236391815
4.62198172192808
3.02257287155195
4.22880341990526
6.52923333376305
10.4764010001676
8.35579639006536
5.69876059212549
7.10251663092894
17.4099814860623
10.4498927795643
8.95545818403007
9.59262869177173
8.01112518979097
3.73433882401848
3.89639214136721
7.00959293513321
3.34374124470195
4.96405908543376
8.64598304331917
5.81193338689448
5.31665402088885
8.17349506814665
7.45766307657719
6.56848859986511
6.22171055394739
6.08646711603948
7.2537221752554
5.26895164834961
6.32489114285635
6.73670754571397
6.89731594282845
4.5199532177031
4.20278175490421
7.12908488441264
7.66034310492093
9.69753381091916
6.83203818625847
6.9344948926408
4.53445300812991
6.03843667317067
8.45499030253656
8.17744621798926
8.06920402501581
4.97698956975617
4.9910259322049
6.21650011355991
7.30443504428837
8.94872966727246
8.37000457023626
9.97430178239214
6.93997769513294
6.97659130110184
8.82087060742972
6.49013953689759
3.75115441939006
2.68295022356212
4.09635058718923
3.4275767290038
4.99675492431148
4.99873442048148
4.38950642398778
4.76190750535523
4.29714392708854
3.50588613156453
3.19729559131017
3.07694528061097
5.47000865943828
5.18330337718093
3.85148831710056
3.33208044366922
3.129511373031
1.22050943548209
3.52599867983801
2.59513948513683
3.45210439920336
2.56632071568931
2.83086507911883
5.37403738085634
2.09587457853397
2.03739108562825
1.40458252339502
2.37778718412406
2.14733700180838
2.66746143070527
2.26030995797506
1.49152088361027
1.80169314460801
3.75266032639712
1.46353752729488
1.180779635645
1.68050405790155
0.655396582581605
0.255604667206826
0.709685820210662
0.276777469882158
1.32794321325404
0.517897853169076
0.20198016273594
0.0787722634670165
0.0307211827521364
0.0119812612733332
0.6146726918966
0.849722349839674
0.941391716437473
0.977142769410614
0.38108568007014
0.148623415227354
0.0579631319386682
1.24260562145608
0.484616192367871
0.18900031502347
0.0737101228591533
0.0287469479150698
0.621211309686877
0.852272410777882
0.332386240203374
0.129630633679316
0.0505559471349332
0.0197168193826239
0.00768955955922334
0.0029989282280971
0.00116958200895787
0.000456136983493569
0.000177893423562492
6.93784351893719e-05
2.7057589723855e-05
0.610010552459992
0.237904115459397
0.0927826050291648
0.0361852159613743
0.014112234224936
0.00550377134772503
0.00214647082561276
0.610837123621989
0.848226478212576
0.330808326502905
0.739015247336133
0.898215946461092
0.350304219119826
0.136618645456732
0.663281271728125
0.258679695973969
0.710885081429848
0.887245181757641
1.56602562088548
0.610749992145337
0.238192496936682
0.0928950738053058
0.0362290787840693
0.624129340725787
0.853410442883057
0.942830072724392
1.58770372836251
0.61920445406138
0.241489737083938
1.31418099746274
1.12253058901047
0.437786929714082
0.780736902588492
1.52448739200951
3.03455008288371
1.79347453232465
0.699455067606612
0.882787476366579
1.56428711578297
1.83007197515536
1.32372807031059
1.12625394742113
1.65923903949424
1.86710322540275
1.94817025790707
3.80978640058376
4.53581669622767
2.37896851152879
2.75779771949623
4.12554111060353
4.04896103313538
1.5790948029228
1.22584697313989
2.30808031952456
2.73015132461458
2.28475901659969
5.16105601647388
3.23281184642481
3.70079662010568
4.49331068184121
5.41239116591807
3.94083255470805
5.80692469633614
4.70470063157109
4.27483324631273
5.32718496606196
5.12760213676417
6.87976483333802
6.95310828500183
8.20171223115071
6.85866777014878
13.654880430358
9.59540336783963
6.79220731345745
7.52896085224841
5.37629473237688
2.70675494562698
2.88563442879452
7.22539742722986
6.47790499661965
7.40638294868166
4.71848934998585
4.28021084649448
4.10928223013285
4.04262006975181
7.06662182720321
5.19598251260925
8.12643317991761
6.21930894016787
6.08553048666547
6.64335688979953
6.25090918702182
7.31785458293851
5.90396328734602
6.57254568206495
5.61329281600533
5.84918419824208
4.11118183731441
3.43336091655262
4.38901075745552
6.59171419540765
5.62076853620898
6.4620997291215
5.57021889435739
4.00238536879938
6.44093029383176
4.95196281459439
5.59126549769181
5.84059354409981
7.15783148219892
7.06155427805758
7.02400616844246
8.22936240569256
7.4794513382201
5.35698602190584
5.74922454854328
6.51219757393188
5.58975705383343
7.06000525099504
5.19340204788806
4.46542679867635
6.01151645148377
3.56449141607867
5.05015165227068
4.40955914438557
5.98972806631037
7.21599394586104
6.47423763888581
4.35495267916546
3.52843154487453
3.81608830250107
6.36827443797542
6.75362703081041
9.34391454201606
7.91412667138626
8.57650940184064
6.39483866671785
10.42398708002
8.33535496120778
9.35078843487103
8.5268074895997
6.37545492094388
5.53642741916812
9.47920669347556
5.52689061045547
8.25548733807763
8.70964006185028
5.83675962412161
5.32633625340743
6.3472711388289
4.91543574414327
5.57701994021588
5.83503777668419
5.93566473290683
5.36490924583367
7.58231460587513
8.4471026962913
6.95437005155361
6.37220432010591
8.5851596848413
7.00821227708811
8.22320278806436
8.0870490873451
6.20394914406459
4.24954016618519
7.75732066481222
4.85535505927677
7.99358847311794
7.387499504516
10.2011248067612
9.46843867463688
6.13269108310839
5.44174952241227
7.00228231374079
7.61089010235891
7.84824713991997
5.50081638456879
8.85531838998183
6.50357417209291
13.5163939271162
15.6413936315753
10.3701435163144
7.70435597136261
6.66469882883142
7.47923254324425
5.96690069186526
10.8670912698275
9.11816559523271
10.2660845821408
7.0537729870349
9.46097146494361
11.009778871328
7.95381375981792
9.81198736632899
9.31667507286831
11.5635032784186
12.4397662785833
10.3415088486475
8.91318845097252
7.13614349587928
7.66309596339292
9.08860742572324
7.81455689603206
10.3676771894525
5.87339410388648
7.17062370051573
7.67654324320113
9.09385186484844
9.64660222729089
9.86217486864345
6.89624819877094
5.12953679752067
6.27051935103306
9.15550254690289
8.45064599329213
8.17575193738393
6.23854325557973
6.0930318696761
4.81628242917368
7.36835014737773
4.09365655747732
6.47652605741615
6.7958451623923
6.920379613333
6.96894804919987
6.37788973918795
4.9273769982833
5.58167702933049
4.00685404143889
6.44267307616117
4.34264249970285
5.35363057488411
2.6979159242048
3.49218721043987
3.19195301207155
2.4648616747079
1.57129605313608
1.83280546072307
1.324794129682
2.34666971057598
2.13520118712463
1.44272846297861
1.78266410056166
1.91523899921905
1.96694320969543
0.767107851781217
0.909172062194675
0.964577104255923
0.98618507065981
0.994612177557326
0.387898749247357
0.761280512206469
0.296899399760523
0.725790765906604
0.893058398703576
0.958292775494395
0.373734182442814
0.755756331152697
0.294744969149552
1.33495053796833
1.13063070980765
0.440945976824982
0.781968930961743
0.30496788307508
0.118937474399281
0.65638561501572
0.255990389856131
0.709836252043891
0.276836138297118
0.717966093935876
0.890006776634992
0.957102642887647
0.373270030726182
0.145575311983211
0.0567743716734523
0.632142004952646
0.856535381931532
0.334048798953298
0.130279031591786
0.0508088223207966
0.0198154407051107
0.00772802187499316
0.00301392853124733
0.00117543212718646
0.000458418529602719
0.00017878322654506
6.97254583525736e-05
2.71929287575037e-05
1.06052422154264e-05
4.13604446401631e-06
1.61305734096636e-06
6.29092362976881e-07
2.45346021560984e-07
9.56849484087836e-08
3.73171298794256e-08
1.4553680652976e-08
5.67593545466064e-09
2.21361482731765e-09
0.61000000086331
1.45790000033669
1.17858100013131
0.459646590051211
0.179262170119972
0.679912246346789
0.265165776075248
0.103414652669347
0.650331714541045
0.253629368671008
1.31891545378169
0.51437702697486
0.200607040520196
0.688236745802876
0.878412330863122
0.342580809036617
3.18360651552428
1.85160654105447
1.33212655101124
1.12952935489438
1.05051644840881
0.409701414879436
1.98978355180298
1.38601558520316
0.540546078229233
2.0408129705094
2.01591705849867
2.61620765281448
2.85032098459765
4.16162518399308
2.2330338217573
3.31088319048535
2.51124444428929
2.80938533327282
1.7056602799764
1.8852075091908
1.95523092858441
3.20254006214792
2.46899062423769
5.8429063434527
6.54873347394655
5.60400605483916
4.01556236138727
5.83606932094104
5.326067035167
3.90716614371513
5.7937947960489
2.86957997045907
3.55913618847904
5.65806311350682
8.30664461426766
6.28959139956439
6.72294064583011
7.50194685187374
4.14575927223076
4.05684611617
4.0221699853063
7.05864629426946
6.41287205476509
3.72102010135839
3.28119783952977
1.88966715741661
3.78697019139248
4.52691837464307
7.2554981661108
6.48964428478321
3.14096127106545
3.05497489571553
3.02144020932906
4.22836168163833
7.74906105583895
6.07213381177719
6.0281321865931
5.40097155277131
5.76637890558081
4.07888777317652
4.64076623153884
6.07989883030015
6.64116054381706
7.47005261208865
5.96332051871457
5.37569500229868
5.14652105089649
3.22714320984963
3.69858585184136
6.32244848221813
7.95575490806507
6.15274441414538
7.2795703215167
8.32903242539151
8.12832264590269
10.490045831902
10.1911178744418
7.6345359710323
8.4674690287026
10.622312921194
7.80270203926567
6.70305379531361
5.66419098017231
5.8690344822672
7.77892344808421
7.91378014475284
5.52637425645361
5.20528596001691
8.74006152440659
11.9486239945186
8.92996335786224
7.75268570956627
7.90354742673085
11.012383496425
7.95482956360576
9.20238352980625
7.85892957662444
7.94498253488353
4.92854318860458
8.02213184355579
7.39863141898676
6.54546625340484
6.21273183882789
7.91296541714288
6.74605651268572
8.12096203994743
8.6571751955795
9.476298326276
7.96575634724764
7.37664497542658
7.75689154041637
7.29518770076238
7.72512320329733
9.11279804928596
9.04399123922152
4.74715658329639
5.51139106748559
3.97944251631938
3.38198258136456
4.97897320673218
8.65179955062555
5.81420182474396
8.97753871165015
8.99124009754356
6.55658363804199
8.04706761883638
15.3383563713462
11.471958984825
8.74406400408176
7.68018496159188
6.65527213502084
6.86555613265813
5.11756689173667
5.6558510877773
4.03578192423315
2.79395495045093
6.57964243067586
5.61606054796359
2.8002636137058
2.92210280934526
1.74962009564465
9.22235183730141
8.47671721654755
6.96591971445355
9.42670868863688
4.89641638856838
4.95960239154167
7.42424493270125
7.16545552375349
5.84452765426386
4.71936578516291
8.55055265621353
7.60471553592328
9.67583905901008
7.43357723301393
5.94909512087543
10.2501470971414
8.87755736788515
8.34224737347521
8.74347647565533
7.06995582550558
10.0772827719472
6.9801402810594
9.43225470961317
7.94857933674913
9.19994594133216
10.9079789171195
8.52411177767662
6.98440359329388
6.38391740138461
10.41972778654
13.2136938367506
10.6433405963327
12.6909028325698
9.82945210470221
8.71348632083386
7.05825966512521
8.85272126939883
10.7725612950655
10.3012989050756
7.67750657297947
6.04422756346199
7.84724874975018
5.50042701240257
7.025166534837
8.83981494858643
8.32752782994871
6.29773585368
6.7261169829352
8.11318562334473
6.21414239310444
3.03351553331073
4.84307105799119
7.37879771261656
7.14773110792046
5.83761513208898
7.7666699015147
4.24900126159073
5.31711049202039
8.78367309188795
5.2556325058363
3.26969667727616
2.4951817041377
4.6331208646137
3.63691713719934
2.02839768350774
2.62107509656802
1.63221928766153
0.636565522187996
0.248260553653318
1.31682161592479
1.73356043021067
1.28608856778216
1.72157454143504
3.11141407115967
1.82345148775227
0.711146080223385
0.88734697128712
2.17606531880198
0.848665474332771
2.16097953498978
0.842782018646015
0.328684987271946
1.95818714503606
1.37369298656406
0.535740264759985
0.208938703256394
0.0814860942699937
0.641779576765298
0.250294034938466
0.0976146736260017
0.0380697227141407
0.0148471918585149
0.0057904048248208
0.00225825788168011
0.000880720573855243
0.000343481023803545
0.610133957599283
0.237952243463721
0.092801374950851
0.646192536230832
0.252015089130024
0.0982858847607095
0.0383314950566767
0.624949283072104
0.243730220398121
0.705054785955267
0.274971366522554
0.107238832943796
0.0418231448480805
0.0163110264907514
0.00636130033139304
0.00248090712924329
0.000967553780404882
0.000377345974357904
0.000147164929999583
1.2200573943227
0.475822383785853
0.795570729676483
0.310272584573828
0.121006307983793
0.0471924601136793
0.0184050594443349
0.00717797318329062
0.612799409541483
0.238991769721179
0.0932067901912596
0.0363506481745913
0.0141767527880906
0.00552893358735533
0.612156284099069
0.238740950798637
0.0931089708114683
0.0363124986164726
0.0141618744604243
1.22552313103957
0.477954021105431
0.186402068231118
0.072696806610136
0.638351754577953
0.248957184285402
0.0970933018713067
0.64786638772981
0.252667891214626
0.708540477573704
0.276330786253745
0.10776900663896
0.0420299125891945
0.0163916659097859
0.616392749704817
0.240393172384878
0.0937533372301026
0.03656380151974
0.624259882592699
1.46346135421115
1.18074992814235
1.07049247197552
0.417492064070451
0.772821904987476
0.911400542945116
1.5754462117486
1.83442402258195
0.715425368806961
3.93901589383472
7.63621619859554
7.85812431745226
9.16466848380638
10.8942207086845
8.51874607638695
8.81231096979091
7.09680127821846
7.0377524985052
5.18472347441703
7.51204215502264
3.53969644045883
1.99048161177894
3.21628782859379
4.30435225315158
7.77869737872911
7.30369197770435
8.3384398713047
11.1819915498088
20.8309767044254
11.7840809147259
10.6957915567431
9.05135870712981
5.97002989578063
5.37831165935444
5.75754154714823
3.46544120338781
5.62152206932125
3.41239360703529
2.55083350674376
4.65482506763007
4.25538177637573
4.09959889278653
2.20884356818675
2.69144899159283
4.0996651067212
4.03886939162127
2.1851590627323
3.9022120344656
2.74186269344158
2.89932645044222
3.57073731567246
3.83258755311226
3.93470914571378
5.19453656682838
3.85586926106307
4.5537890118146
4.82597771460769
5.542131308697
7.04143121039183
5.79615817205281
8.3605016871006
6.31059565796923
6.731132306608
6.89514159957712
6.34910522383508
5.52615103729568
5.81519890454532
7.14792757277267
5.83769175338134
4.10669978381872
4.6516129156893
9.74412903711883
9.90021032447634
6.91108202654577
4.52532199035285
5.42487557623761
6.38570147473267
4.32042357514574
5.34496519430684
5.74453642577967
7.73036920605407
6.06484399036109
5.41528915624082
8.82196277093392
7.71056548066423
7.27712053745905
7.71807700960903
8.50005003374752
5.75501951316153
3.464457610133
12.3311384679519
7.85914400250123
10.3850661609755
5.88017580278044
4.73326856308437
4.8959747396029
6.78943014844513
7.5278777578936
4.7658723255785
9.78869020697562
11.7475891807205
12.511559780481
9.14950831438759
9.05830824261116
12.0727402146184
12.6383686837012
8.58896378664345
6.39969587679095
10.4258813919485
9.5560937428599
7.99687655971536
7.99878185828899
6.16952492473271
4.23611472064576
7.75208474105184
7.29331304901022
5.89439208911399
5.95881291475445
7.20393703675424
3.41953544433415
3.77361882329032
3.91171134108322
4.57556742302246
5.44447129497876
7.00334380504172
3.95130408396627
3.98100859274684
2.77259335117127
6.5713114069568
3.78281144871315
4.52529646499813
5.42486562134927
8.82569759232621
7.71202206100722
6.05768860379282
4.1924985554792
4.68507443663689
9.75717903028839
6.85529982181247
5.11356693050686
5.04429110289768
4.40727353013009
7.81883667675074
8.53934630393279
8.21034505853379
13.5720345728282
10.783093483403
9.69540645852717
10.4912085188256
10.191571322342
8.85471281571337
9.55333799812822
8.60580181927
9.4562627095153
12.227942456711
10.2588975581173
10.7109700476657
10.2772783185896
10.71813854425
11.5000740322575
9.97502887258042
9.99026126030636
9.38620189151948
7.9306187376926
10.4129413077001
10.161047110003
9.45280837290119
12.8365952654315
12.9362721535183
12.9751461398721
8.11030699455013
8.65301972787455
10.0846776938711
10.6430243006097
11.4707794772378
6.91360399612274
6.96630555848787
5.15685916781027
6.281175075446
6.10965827942394
6.65276672897534
6.86457902430038
4.50718581947715
7.24780246959609
7.09664296314247
6.42769075562556
8.60679939469397
5.79665176393065
7.14069418793295
7.66487073329385
4.8192995859846
6.759526838534
5.68621546702826
2.82762403214102
4.152773372535
2.83958161528865
4.15743682996257
4.6714003636854
6.70184614183731
5.05371999531655
3.80095079817345
5.14237081128765
3.22552461640218
3.69795460039685
2.66220229415477
2.86825889472036
2.94862096894094
1.14996217788697
1.05848524937592
1.63280924725661
3.07679560643008
3.02995028650773
4.23168061173801
2.87035543857783
2.33943862104535
0.912381062207687
0.355828614260998
0.748773159561789
0.292021532229098
1.33388839756935
1.13021647505205
0.440784425270298
2.00190592585542
0.780743311083612
0.914489891322609
1.57665105761582
0.614893912470169
0.239808625863366
0.703525364086713
0.884374891993818
0.344906207877589
0.13451342107226
0.0524602342181813
0.0204594913450907
0.00797920162458537
0.0031118886335883
0.00121363656709944
0.00047331826116878
0.000184594121855824
7.19917075237714e-05
0.610028076765934
0.237910949938714
0.0927852704760986
0.0361862554856785
0.0141126396394146
0.00550392945937169
0.612146532489155
0.23873714767077
0.0931074875916005
0.0363119201607242
0.0141616488626824
0.00552304305644615
0.002153986792014
0.000840054848885459
0.610327621391065
0.238027772342515
0.092830831213581
0.0362040241732966
1.23411956942759
0.481306632076758
0.797709586509936
0.311106738738875
0.121331628108161
0.0473193349621829
0.0184545406352513
0.00719727084774802
0.612806935630622
0.238994704895942
0.0932079349094176
0.646351094614673
0.862076926899722
0.336210001490892
0.131121900581448
0.661137541226765
0.867843641078438
0.338459020020591
0.13199901780803
0.0514796169451319
0.0200770506086014
0.617830049737355
0.240953719397568
0.0939719505650516
0.64664906072037
0.862193133680944
1.55625532213557
1.21693957563287
1.08460643449682
1.64299650945376
2.47076863868697
3.40359976908792
1.32740390994429
4.17768752487827
3.45929813470253
1.95912627253399
3.81405924628825
5.14748310605242
3.83751841136044
3.32663218043057
2.51738655036792
2.81178075464349
3.53659449431096
1.98927185278127
6.2658160225847
3.66366824880803
2.03883061703513
2.0151439406437
2.61590613685104
2.85020339337191
4.77157932341504
4.30091593613187
4.72735721509143
3.67366931388566
3.26273103241541
3.71246510264201
3.27786139003038
4.32836594211185
9.61806271742362
8.02104445979521
8.61820733932013
8.24110086233485
9.92402933631059
8.75037144116113
10.1226448620528
8.82783149620061
5.88285428351824
6.56431317057211
5.61008213652312
5.23793203324402
4.48279349296517
4.79828946225641
4.92133289028
6.1893198272092
6.07383473261159
6.02879554571852
6.62123026283022
5.63227980250379
3.41658912297648
3.16246975796083
4.89336320560472
3.73841165018584
4.50798054357248
5.41811241199327
5.77306384067737
7.13149489786418
7.05128301016703
7.63000037396514
5.4157001458464
13.7021230568801
10.2238279921832
7.03729291695146
7.01454423761107
8.22567225266832
9.91801217854064
7.52802474963085
5.37592965235603
6.97661256441885
9.43087890012335
9.16804277104811
9.67553668070876
9.87345930547642
8.7306491291358
5.84495316036296
7.76953173254156
9.74011737569121
8.06864577651957
5.58677185284263
6.44884102260863
4.95504799881736
5.59246871953877
10.1110628006201
8.82331449224185
10.1510926519743
6.39892613426998
5.54558119236529
6.43277666502246
10.4387828993588
9.56112533074992
7.38883887899247
4.71164716280706
7.32754239349475
8.95774153346295
6.54351919805055
8.65197248723971
10.6942692700235
9.05076501530916
5.35979835597057
8.80032135882852
6.48212532994312
10.4580288786778
6.51863126268435
11.6922661924469
9.43998381505429
9.78159368787117
7.47482153826976
9.0151803999252
7.78592035597083
8.52650893882862
8.20533848614316
8.08008200959583
4.98123198374238
2.55268047365953
5.87554538472722
7.78146270004361
7.91477045301701
10.4067604766766
7.10863658590389
8.26236826850252
11.152323624716
7.39940621363923
6.5457684233193
8.04284968509453
9.84671137718687
5.67021743710288
7.70138480047012
4.83354007218335
8.59508062815151
8.23208144497909
8.09051176354184
6.20529958778132
7.91006683923471
7.35492606730154
7.1384211662476
9.49398425483656
6.75265385938626
5.68353500516064
8.92657865201265
8.36136567428493
9.97093261297112
9.37866371905874
7.92767885043291
7.97179475166883
8.59899995315085
7.01360998172883
7.61530789287424
7.23997007822095
7.09358833050617
9.47649944889741
11.62583478507
11.8540755661773
9.50308947080915
9.80620489361557
11.1444199085101
5.56632376431893
7.66086626808438
9.08773784455291
9.03421775937563
13.2833449261565
9.45050452120103
13.4456967632684
11.9538217376747
15.6419904776931
9.15037628630032
9.66864675165712
10.4807722331463
4.69750117092705
7.93202545666155
6.753489928098
11.1738610719582
8.62780581806371
10.6848442690448
10.8770892649275
9.12206481332172
11.4876052771955
8.75016605810623
11.9525647626614
8.93150025743796
5.9232851004008
6.58008118915631
7.44623166377096
9.61403034887067
10.4594718360596
8.95919401606323
7.15408566626466
5.23009340984322
4.47973642983886
6.01709720763715
6.61666791097849
8.07050048528161
6.80749518925983
4.48492312381133
6.01912001828642
7.2274568071317
5.86870815478136
4.72879618036473
