0
0
0
0
0
0
0
0
0
3.3
3.249
3.71667
4.1048361
3.577013963
2.96892158929
2.9742049191107
2.46859008286188
2.04892976877536
1.87061170808355
1.89260771770935
1.91086440569876
1.92601745672997
1.76859448908587
1.46793342594128
1.38838474353126
1.32235933713094
1.09755824981868
1.08097334734951
0.897207878300091
0.914682538989076
0.759186507360933
0.800124801109574
0.834103584920947
1.03230597548439
1.19681395965204
1.16335558651119
1.30558513680429
1.08363566354756
1.06941760074448
0.887616608617915
0.736721785152869
0.781479081676881
0.648627637791812
0.708360939367204
0.587939579674779
0.487989851130066
0.575031576437955
0.647276208443503
0.537239253008107
0.445908579996729
0.370104121397285
0.477186420759747
0.39606472923059
0.328733725261389
0.272848991966953
0.226464663332571
0.357965670566034
0.297111506569808
0.246602550452941
0.374680116875941
0.310984497007031
0.258117132515836
0.214237219988144
0.177816892590159
0.147588020849832
0.122498057305361
0.271673387563449
0.225488911677663
0.18715579669246
0.155339311254742
0.128931628341436
0.107013251523392
0.0888209987644152
0.0737214289744646
0.0611887860488056
0.0507866924205086
0.0421529547090222
0.0349869524084884
0.199039170499045
0.165202511514208
0.307118084556792
0.254908010182138
0.211573648451174
0.515606128214475
0.597953086418014
0.496301061726952
0.41192988123337
0.341901801423697
0.453778495181668
0.376636151000785
0.822608005330651
1.02276464442444
1.35889465487229
1.127882563544
0.936142527741518
0.94699829802546
1.29600858736113
1.07568712750974
1.06282031583308
1.39214086214146
1.32547691557741
1.27014583992925
1.39422104714128
1.15720346912726
1.13047887937563
1.27829746988177
1.06098690000187
1.05061912700155
1.55201387541129
1.28817151659137
1.23918235877084
1.36852135777979
1.64587272695723
1.8760743633745
2.23714172160083
2.19682762892869
2.50336693201081
2.92779455356898
3.11006947946225
3.26135766795367
3.04692686440154
3.71894929745328
4.27672791688622
4.56968417101557
4.64283786194292
4.36355542541262
4.30175100309248
3.74045333256675
3.78457626603041
3.31119830080524
4.10829458966835
3.91988450942473
3.93350414282252
4.1148084385427
4.60529100399044
4.84239153331206
5.03918497264901
5.54252352729868
5.79029452765791
5.48594445795606
5.57333390010353
4.79586713708593
4.83056972378132
5.5393728707385
4.93767948271295
4.09827397065175
3.91156739564095
4.43660093838199
4.36237877885705
4.64077438645135
4.19184274075462
4.32922947482634
4.61326046410586
4.84900618520786
4.87467513372253
5.0659803609897
5.05476369962145
4.5354538706858
5.12442671266922
6.12327417151545
6.27231756235782
6.39602357675699
5.9886995687083
6.67062064202789
6.38661513288315
7.00089056029301
6.6607391650432
7.56841350698586
6.45178321079826
7.22498006496256
6.50673345391892
6.59058876675271
6.32018867640475
6.26575660141594
6.39057797917523
6.66417972271544
6.55126916985382
6.62755341097867
6.86086933111229
8.4145215448232
9.70405288220326
9.5843638922287
9.65502203054982
9.20366828535635
8.82904467684577
8.68810708178199
8.40112887787905
7.99293696863961
7.65413768397088
7.54293427769583
7.11063545048754
7.77182742390466
7.13061676184086
7.27841191232792
8.25108188723217
8.7183979664027
8.76627031211424
8.80600435905482
8.8389836180155
8.86635640295287
9.56907581445088
8.45233292599423
8.20543632857521
9.53051215271742
9.95032508675546
9.10876982200703
8.41027895226584
8.17053153038064
7.80154117021593
7.66527917127923
6.87218171216176
6.38391082109426
5.97864598150823
6.15227616465183
5.95638921666102
6.98380304982865
6.98655653135778
7.15884192102696
7.13183879445237
6.93942619939547
6.77972374549824
6.64717070876354
6.70715168827374
6.0769359012672
5.89385679805178
5.40190114238297
6.86357794817787
7.73676969698763
7.61151884849973
6.99756064425478
6.65797533473146
6.88611952782712
6.22547920809651
6.3571477427201
7.14643262645768
7.46153907995988
7.0430774363667
7.54575427218436
7.45297604591302
8.9059701181078
9.09195519802948
8.56632281436447
8.47004793592251
7.71013978681568
8.43941602305701
8.02471529913732
7.85051369828398
7.5359263695757
7.78481888674783
8.1613996760007
7.28396173108058
7.40568823679688
6.99672123654141
7.16727862632937
7.30884125985338
7.0863382456783
6.90166074391299
6.23837841744778
5.51785408648166
5.93981889177978
5.61004968017721
5.67634123454709
6.41136322467408
6.17143147647949
5.97228812547798
5.80699914414672
5.49980928964178
4.73484171040267
4.94991861963422
4.9584324542964
4.45549893706601
4.37806411776479
3.97379321774478
3.80824837072816
3.50084614770438
3.41570230259463
3.68503291115354
3.73857731625744
4.29301917249368
4.07320591316975
4.23076090793089
3.85153155358264
3.70677118947359
3.07662008726308
3.06359467242836
2.71278357811554
2.5916103698359
2.15103660696379
2.12536038377995
2.10404911853736
2.76636076838601
2.80607943776038
2.66904593334112
2.72530812467313
2.7720057434787
2.64076476708732
2.53183475668247
2.27142284804645
2.56528096387856
2.2991832000192
1.90832205601594
1.92390730649323
1.76684306438938
1.46647974344318
1.38717818705784
1.15135789525801
1.29562705306415
1.41537045404324
1.34475747685589
1.11614870579039
0.926403425806024
0.768914843419
0.80819932003777
0.670805435631349
0.556768511574019
0.462117864606436
0.553557827623342
0.459452996927374
0.72134598744972
0.768717169583268
0.808035250754112
0.670669258125913
0.726655484244508
0.603124051922941
0.500592963096041
0.415492159369714
0.344858492276863
0.626232548589796
0.689773015329531
0.742511602723511
0.616284630260514
0.681516243116226
0.735658481786468
0.610596539882768
0.506795128102698
0.420639956325239
0.349131163749948
0.459778865912457
0.381616458707339
0.316741660727092
0.432895578403486
0.359303330074893
0.298221763962162
0.247524064088594
0.205444973193533
0.170519327750632
0.141531042033025
0.117470764887411
0.267500734856551
0.222025609930937
0.184281256242678
0.152953442681423
0.126951357425581
0.105369626663232
0.0874567901304826
0.242589135808301
0.201348982720889
0.167119655658338
0.138709314196421
0.115128730783029
0.0955568465499142
0.249312182636429
0.206929111588236
0.171751162618236
0.312553464973136
0.259419375927703
0.215318082019993
0.178714008076594
0.148332626703573
0.123116080163966
0.102186346536092
0.0848146676249561
0.0703961741287135
0.228428824526832
0.189595924357271
0.157364617216535
0.130612632289724
0.108408484800471
0.0899790423843907
0.0746826051790443
0.231986562298607
0.532548846707844
0.61201554276751
0.507972900497033
0.931617507412538
1.28324253115241
1.2350913008565
1.36512577971089
1.30305439716004
1.59153514964283
1.49097417420355
1.40750856458895
3.20823210860883
3.34283265014533
3.79455109962062
3.48947741268511
3.23626625252864
3.19610098959877
2.65276382136698
2.8817939717346
4.43188899653971
4.52846786712796
4.60862832971621
6.20516151366445
5.4902840563415
4.55693576676344
3.95225668641366
3.96037304972333
3.45710963127037
3.3794009939544
5.35490282498216
7.33456934473519
7.95769255613021
11.0248848215881
10.3406544019181
9.43274315359202
8.67917681748138
9.75371675850954
9.28558490956292
8.72703547493722
8.26343944419789
7.87865473868425
7.72928343310793
6.58530524947958
7.67580335706805
7.39091678636648
7.15446093268418
6.61820257412787
6.00310813652613
6.17257975331669
5.63324119525285
5.35559019205987
5.63513985940969
5.35716608331004
5.46644784914733
5.21715171479229
5.1802359232776
4.8095958163204
7.39196452754594
12.5953305578631
12.4941243630264
11.0501232213119
9.68160227368888
9.22572988716177
8.50735580634427
7.40110531926574
7.16291741499057
6.45522145444217
6.037833807187
5.52140205996521
5.43276370977112
5.01919387911003
6.88593091966133
8.6053226633189
8.50241781055469
7.39700678276039
6.81951562969112
6.34019797264363
5.94236431729421
5.7821623833542
5.81919477818398
5.84993166589271
8.76544328269095
8.97531792463348
8.46951387744579
7.87969651828001
7.2201481101724
6.1627229314431
6.13506003309777
5.43209982747115
5.35864285680105
5.63767357114487
5.18926906405024
8.2170933231617
7.84018745822421
7.0173555903261
7.35440513997066
6.95415626617565
5.94194970092579
5.6118182517684
5.16780914896777
4.79928159364325
4.6634037227239
4.04062508986084
4.37371882458449
4.65018662440513
4.70965489825626
8.32901356555269
7.93308125940873
7.43445744530925
7.19059967960668
10.2181977340735
9.67110411928104
9.21701641900326
8.33012362777271
8.44400261105135
10.0685221671726
8.86687339875327
8.37950492096522
10.0149890844011
8.82244094005294
7.66262598024394
7.54997956360247
7.96648303779005
7.12218092136574
7.10141016473356
5.89417043672886
5.74216146248495
5.44599401386251
5.03017503150588
4.68504527614988
4.2285875792044
4.35972769073965
3.95857398331391
4.47561640615055
4.56476161710495
5.48875214219711
10.1656642780236
10.8175013507596
10.3385261211305
10.6209766805383
9.49541064484677
9.07119083522282
8.37908839323494
7.294643366385
7.24455399409955
7.20297981510263
7.33847324653518
6.6009327946242
6.83877421953809
6.69618260221661
6.40783155983979
6.50850019466702
6.59205516157363
6.15140578410611
6.63566680080807
6.6976034446707
6.91901085907668
6.76277901303365
7.31310658081793
6.74987846207888
6.62239912352547
6.17659127252614
5.29657075619669
5.07615372764326
5.0632075939439
4.71246230297344
4.08134371146795
3.8975152805184
3.74493768283027
3.78829827674913
4.33428756970178
5.29745868285247
4.90689070676755
4.41271928661707
3.83255700789217
3.6910223165505
3.91354852273691
3.58824527387164
3.48824357731346
3.23524216917017
3.53525100041124
2.93425833034133
3.1154344141833
3.26581056377214
3.39062276793088
3.32421689738263
3.43910002482758
3.19445302060689
3.16139600710372
3.30395868589609
2.91228570929375
2.58719713871381
2.99737362513247
2.48782010885995
2.06489069035376
2.05385927299362
1.8747031965847
2.2360036531653
1.8558830321272
2.05038291666558
1.87181782083243
1.72360879129092
1.94059529677146
2.29069409632031
2.24127609994586
1.86025916295506
2.0540151052527
2.72483253735974
2.43161100600859
2.18823713498713
1.98623682203931
1.64857656229263
1.53831854670288
1.78680439376339
1.99304764682362
1.9942295468636
2.33521052389679
2.10822473483434
2.0898265299125
1.90455601982737
1.58078149645672
1.31204864205908
1.25900037290903
1.3849703095145
1.14952535689703
1.12410604622454
0.933008018366366
0.944396655244084
0.78384922385259
0.82059485579765
0.681093730312049
0.735307796159001
0.610305470811971
0.506553540773936
0.590439438842366
0.660064734239164
0.717853729418506
0.59581859541736
0.494529434196409
0.58045943038302
0.481781327217906
0.399878501590862
0.331899156320416
0.275476299745945
0.228645328789134
0.359775622894981
0.298613767002835
0.247849426612353
0.205715024088253
0.17074346999325
0.141717080094397
0.11762517647835
0.0976288964770303
0.0810319840759351
0.0672565467830262
0.0558229338299117
0.216333035078827
0.179556419115426
0.149031827865804
0.123696417128617
0.102668026216752
0.0852144617599043
0.0707280032607206
0.0587042427063981
0.0487245214463104
0.0404413528004376
0.203566322824363
0.168960047944221
0.140236839793704
0.116396577028774
0.0966091589338826
0.0801856019151225
0.0665540495895517
0.0552398611593279
0.0458490847622422
0.038054740352661
0.0315854344927086
0.0262159106289482
0.021759205822027
0.188060140832282
0.496089916890794
0.411754631019359
0.341756343746068
0.453657765309237
0.376535945206666
0.312524834521533
0.259395612652872
0.555298358501884
0.460897637556564
0.382545039171948
2.35751238251272
2.12673527748556
1.93519028031301
1.7762079326598
4.02425258410763
4.53012964480934
4.44000760519175
3.85520631230915
3.19982123921659
3.16585162854977
3.30765685169631
3.42535518690794
3.35304480513359
4.14302718826088
3.94871256625653
3.95743142999292
4.30466808689412
4.08287451212212
3.89878584506136
4.25599225140093
3.70247356866277
3.9230530619901
3.93613404145178
4.28699125440498
4.57820274115613
4.30990827515959
4.42722386838246
4.18459581075744
7.89321452292868
10.8013680540308
10.6651354848456
10.5520624524218
8.75821183551011
8.28931582347339
7.22013213348291
7.52270967079082
8.62384902675638
9.19779469220779
7.80416959453247
10.0474607634619
9.35939243367342
8.44829571994894
8.03208544755762
9.21663092147282
7.98980366482244
8.33153704180263
8.10517574469618
7.23729586809783
7.1969555705212
6.31347312353259
6.26018269253205
5.3659516348016
4.62373985688533
4.34770408121482
4.7985943874083
5.51283334154889
8.99565167348558
9.16639088899303
8.11810443786421
7.4180266834273
10.4069621472447
10.1677785822131
8.94925622323684
8.95788266528658
9.30504261218786
9.25318536811592
9.55014385553622
9.11661940009506
8.0767941020789
7.72373910472549
7.77070345692215
7.46968386924539
7.21983761147367
7.01246521752315
6.33034613054421
5.7641872883517
5.29427544933191
4.73424862294548
4.94942635704475
4.95802387634714
8.19515981736813
12.5819826484155
11.4630455981849
10.1943278464935
9.65129211258958
9.37057245344935
8.11757513636296
8.26758736318125
7.37209751144044
7.13884093449557
6.09523797563132
6.07904751977399
5.21560944141241
5.1789558363723
4.80853334418901
4.67108267567688
4.89699862081181
4.2345088552738
4.19464234987726
4.33155315039812
4.95518911483044
5.30280696530927
5.25132978120669
5.37860371840155
4.97424108627329
4.46862010160683
4.04895468433367
4.04063238799694
4.03372488203746
3.8579916520911
3.71213307123561
4.44107044912556
4.70608847277421
4.41605343240259
4.51532434889415
4.93771920958215
4.43830694395318
3.85379476348114
3.53864965368935
3.78707921256216
4.67327574642659
4.89881886953407
5.42601966171328
4.84359631922202
4.87018494495428
4.72225350431205
4.599470408579
4.32756043912057
4.10187516447007
4.25455638651016
4.38128180080343
7.20646389466685
9.38136503257349
9.48653297703599
10.5938223709399
9.47287256788009
8.71248423134048
8.5913619120126
7.64083038697045
7.53188922118548
7.95146805358395
7.61971848447467
7.68436634211398
7.9080240639546
9.11365997308232
8.58433777765832
8.31500035545641
8.43145029502882
8.18810374487392
9.17612610824535
8.46618466984364
8.04693327597022
7.52895461905528
7.60903233381589
6.65549683706718
6.88406237476576
7.07377177105558
6.21123056997613
6.17532137308019
6.82551673965656
6.00517889391494
5.4942984819494
4.730267740018
5.62612222421494
6.1996814460984
6.16573560026167
5.96756054821719
5.97307525502027
6.14765246166682
5.78255154318346
4.79951778084227
5.00359975809909
5.17298779922224
5.31357987335446
4.9202712948842
4.59382517475389
3.81287489504573
3.84468616288795
4.211089515197
4.00520429761351
4.34431956701921
4.11578524062595
3.92610174971954
3.42866445226721
3.52579149538179
3.94640694116688
3.78551776116851
3.31197974176987
2.74894318566899
3.81162284410526
3.84364696060737
3.70022697730411
3.58118839116241
3.3123863646648
2.91928068267179
2.93300296661758
2.60439246229259
2.33164574370285
2.10526596727337
2.25737075283689
2.04361772485462
2.37620271162934
2.14224825065235
2.11806604804145
2.0979948198744
1.74133570049575
1.61530863141148
1.34070616407153
1.11278611617937
1.09361247642887
0.907698355435965
0.923389635011851
0.766413397059836
0.636123119559664
0.527982189234521
0.608225217064652
0.844826930163662
0.701206352035839
0.922001272189746
0.93526105591749
0.946266676411516
0.955401341421559
0.962983113379894
0.799275984105312
0.663399066807409
1.06062122545015
1.39031561712362
1.32396196221261
1.09888842863646
0.912077395768265
0.75702423848766
0.628330117944758
0.521513997894149
0.432856618252144
0.359270993149279
0.468194924313902
0.388601787180538
0.492539483359847
0.408807771188673
0.339310450086598
0.281627673571877
0.233750969064658
0.194013304323666
0.161031042588643
0.133655765348573
0.110934285239316
0.262075456748632
0.387522629101365
0.321643782154133
0.26696433918793
0.221580401525982
0.183911733266565
0.322646738611249
0.437796793047337
0.363371338229289
0.30159821073031
0.250326514906157
0.207771007372111
0.172449936118852
0.143133446978647
0.118800760992277
0.0986046316235899
0.0818418442475796
0.0679287307254911
0.0563808465021576
0.0467961025967908
0.0388407651553364
0.202237835078929
0.167857403115511
0.139321644585874
0.115636965006276
0.265978680955209
0.560762305192823
0.465432713310043
0.386309152047336
0.320636596199289
0.26612837484541
0.22088655112169
0.183335837431003
0.322168745067732
0.777400058406218
0.815242048477161
1.18665090023604
0.984920247195916
0.98748380517261
0.989611558293266
0.821377593383411
0.681743402508231
1.07584702408183
1.23295302998792
1.19335101488997
1.33048134235868
1.2742995141577
1.39766859675089
1.16006493530324
1.13285389630169
0.940268733930403
1.63042304916223
2.03325113080465
2.19759843856786
1.99400670401133
1.8250255643294
1.6847712183934
1.73836011126652
1.95283889235121
1.96085628065151
2.47751071294075
2.39633389174082
2.32895713014488
3.29303441802025
3.58321856695681
4.16407141057415
3.62617927077655
4.02972879474453
4.53467489963796
5.46378016669951
6.23493753836059
5.85499815683929
6.38964847017661
6.15340823024659
5.61732883110467
5.51238292981687
5.42527783174801
5.18298060035084
5.1518738982912
5.6360553355817
5.35792592853281
5.46707852068223
4.70767517216625
4.75737039289799
4.45861742610533
4.89065246366742
5.58924154484396
5.31907048222049
4.584828500243
4.48540765520169
4.57288835381741
3.96549733366845
4.14136278694481
3.94733111316419
4.29628482392628
4.75591640385881
4.96741061520281
5.65295081061834
5.37194917281322
6.32871781343497
6.61283578515103
5.99865370167535
6.67888257239054
5.88347253508415
6.07328220411984
6.40082422941947
7.52268411041816
7.09382781164707
6.56787708366707
5.79133797944367
4.97681052293825
5.32075273403874
5.60622476925216
5.50316655847929
5.58762824353781
4.97773144213638
5.6615170969732
5.71905919048776
5.59681912810484
6.17535987632701
6.65554869735142
7.56410541880168
6.95820749760539
7.98531222301248
8.15780914510036
8.30098159043329
8.07981472005963
8.9162462176495
8.76048436064908
8.12120201933874
8.27059767605115
7.88459607112246
7.90421473903164
7.58049823339626
7.3118135337189
8.10880523298668
8.26030834337895
7.87605592500453
8.23712641775376
7.17681492673562
6.80675638919056
7.85960780302817
7.54347447651338
7.6210838155061
8.19549956687007
8.50226464050215
7.73687965161679
8.97161011084193
8.6364363919988
7.50824220535901
7.93184103044798
7.60342805527182
6.48084528587561
6.73910158727676
6.10345431743971
6.08586708347496
5.90126967928421
6.0880538338059
6.07308468205889
6.91066028610888
6.41584803747037
7.19515387110041
6.99197771301334
7.16334150180107
6.79557344649489
6.49032596059076
6.74697054729033
6.78998555425097
6.99568801002831
6.6564210483235
5.8648294701085
7.07780846019006
6.55458102195775
6.46030224822493
6.72205086602669
6.59930221880215
6.83742084160579
6.8650592985328
6.20799921778223
6.00263935075925
6.17219066113018
6.14291824873805
6.45862214645258
7.57065638155564
9.00364479669118
8.83302518125368
9.20141090044055
9.84717104736566
9.3631519693135
9.9814161345302
9.98457539166007
10.4971975750779
10.0726739873146
9.55031940947113
9.45676510986104
9.54911504118466
9.79576548418327
10.0004853518721
9.49040284205385
9.4070343589047
9.5078385178909
9.93150596984945
9.43314995497504
9.01951446262928
8.5061970039823
8.25014351330531
7.69761911604341
8.42902386631603
7.8460898090423
7.19225454150511
7.49957126944924
6.73464415364287
6.43975464752358
6.36499635744457
6.642946976679
6.87364599064357
6.72512617223416
7.11185472295435
6.92283942005211
7.27595671864325
6.3790440764739
6.31460658347334
6.60112346428287
5.98893247535478
5.14081395454447
5.28687558227191
5.06810673328568
5.05652858862712
4.87691872856051
4.72784254470522
4.26410931210533
4.04921072904743
4.04084490510936
3.86390127124077
4.05703805512984
3.70734158575777
3.07709351617895
3.06398761842853
2.88310972329568
3.07298107033541
2.89057428837839
2.39917665935406
1.99131662726387
2.33279280062902
2.27621802452208
2.22926096035333
2.19028659709326
1.98793787558741
2.15998843673755
1.79279040249216
1.8280160340685
1.51725330827685
1.25932024586979
1.38523580407192
1.1497457173797
0.954288945425148
1.30205982470287
1.25070965450338
1.37808901323781
1.48381388098738
1.40156552121953
1.33329938261221
1.78663848756813
1.48290994468155
1.23081525408569
1.02157666089112
0.847908628539629
0.703764161687892
0.754124254200951
0.625923130986789
0.519516198719035
0.431198444936799
0.357894709297543
0.297052608716961
0.246553665235077
0.204639542145114
0.169850819980445
0.140976180583769
0.117010229884528
0.267118490804159
0.391708347367452
0.325117928314985
0.609847880501437
0.506173740816193
0.42012420487744
0.518703090048275
0.430523564740068
0.357334558734257
0.296587683749433
0.246167777512029
0.204319255334984
0.509584981928037
0.762955535000271
0.633253094050225
0.525600068061687
0.4362480564912
0.362085886887696
0.300531286116788
0.249440967476934
0.207036003005855
0.17183988249486
0.142627102470733
0.118380495050709
0.438255810892088
0.533752323040433
0.44301442812356
0.537701975342554
0.44629263953432
0.370422890813486
0.307450999375193
0.42518432948141
0.52290299346957
0.434009484579743
0.360227872201187
0.468989133926985
0.729260981159398
0.6052866143623
0.502387889920709
0.586981948634189
0.487195017366376
0.574371864414092
0.476728647463697
0.395684777394868
0.328418365237741
0.272587243147325
0.56624741181228
0.809985351804192
0.672287841997479
0.557998908857908
0.973139094352063
1.48770544831221
1.57479552209914
1.64708028334228
1.3670766351741
1.8146736071945
2.01617909397143
2.18342864799629
2.15224577783692
2.29636399560464
2.41598211635185
2.34526515657204
2.79657007995479
4.36115316636248
4.46975712808086
3.87989841630711
4.2403156855349
3.68946201899397
3.74225347576499
3.61607038488494
3.3413384194545
3.28331088814724
3.40514803716221
3.16627287084463
2.79800648280104
3.00234538072487
2.83194666600164
2.69051573278136
2.74312805820853
3.80679628831308
3.66964091929986
4.91580196301888
5.10011562930567
5.08309597232371
4.89896965702868
4.5761448153338
4.47820019672706
4.05690616328346
4.38723211552527
3.81140265588597
3.67346420438536
3.89897528963985
3.57614949040107
3.30820407703289
3.4258093839373
4.03342178866796
4.3677400845944
4.30522427021335
4.42333614427708
4.52136899974998
4.77273626979248
4.81137110392776
4.67343801626004
5.06895355349583
5.90723144940154
6.09300210300328
5.90719174549272
5.75296914875896
5.79496439346994
5.99982044658005
5.65985097066144
5.37767630564899
6.16347133368866
6.30568120696159
5.91371540177812
6.26838378347584
6.73275854028495
7.11818958843651
7.2680973584023
7.05252080747391
6.70359227020334
6.07398158426878
5.72140471494308
5.42876591340276
5.69587570812429
5.74757683774316
5.62048877532682
5.51500568352126
5.59745471732265
4.9858874153778
4.81828655476357
5.69917784045376
5.75031760757662
5.1127636142886
6.11359379985954
6.60428285388342
6.33155476872323
6.10519045804029
6.93730808017344
6.60796570654395
7.18461153643148
7.49322757523813
7.74937888744765
8.13198447658155
7.59954711556268
6.81762410591703
6.84862800791113
6.70436124656624
7.09461983464998
8.26853446275948
8.56288360409037
8.63719339139501
8.52887051485786
7.92896252733202
8.28103889768558
8.23326228507903
7.51360769661559
7.59629438819094
7.83492434219848
7.52298720402474
7.09407937934053
7.24808588485264
7.20591128442769
7.34090636607499
6.77295228384224
6.13155039558906
5.76918682833892
6.4884250675213
6.91539280604268
5.90977602901542
6.2651141040828
6.05004470638873
6.38153710630264
5.97667579823119
6.15064091253189
6.46503195740147
6.72597652464322
6.09256051545387
6.75682522782671
7.47816493909617
6.71687689944982
6.42500782654335
6.86275649603098
6.71608789170572
6.59435295011574
7.34331294859607
7.45494974733474
7.37760829028783
7.9934148809389
7.82453435117929
8.02436351147881
7.51022171452741
7.25348402305775
8.06039173913793
8.90012514348448
9.08710386909212
8.90229621134646
8.40890585541756
8.50939185999658
9.10279524379716
10.1053200523516
10.2574156434519
9.02365498406504
8.16963363677399
8.82079591852241
8.8512606123736
8.02654630827008
8.87203343586417
8.89378775176726
8.74184383396683
9.12573038219247
9.95435621721975
9.96211566029239
9.62855599804268
9.52170147837543
10.4530122270516
9.86600014845283
9.71878012321585
9.59658750226915
10.0051676268834
10.5142891303132
9.91685997815997
9.42099378187278
9.3494248389544
9.29002261633215
8.39071877155569
8.15429658039122
8.29806616172471
7.73739491423151
7.44203777881215
7.70689135641409
7.07671982582369
7.74367745543366
7.10725228800994
6.40901939904825
5.48948610121005
5.06627346400434
4.7150069751236
4.25345578935259
4.72036830516265
4.427905693285
4.35516172542655
3.78478423210404
3.48137091264635
3.22953785749647
3.02051642172207
2.84702863002932
3.55303376292433
3.1190180232272
2.58878495927857
2.48869151620122
2.57561395844701
2.30775958551102
2.25544045597414
2.04201557845854
2.20487293012059
2.00004453200009
2.00003696156007
1.66003067809486
1.54782546281873
1.62469513413955
1.34849696133583
1.11925247790874
0.92897955666425
0.771053032031328
0.809974016586002
1.01227843376638
1.1801911000261
0.97955861302166
0.813033648807978
0.844817928510622
0.871198880663816
0.893095070950967
0.741268908889303
0.785253194378121
0.651760151333841
0.540960925607088
0.448997568253883
0.542667981650723
0.4504144247701
0.373843972559183
0.310290497224122
0.257541112696021
0.383759123537697
0.318520072536289
0.43437166020512
0.360528477970249
0.299238636715307
0.418368068473705
0.347245496833175
0.458213762371535
0.380317422768374
0.315663460897751
0.262000672545133
0.21746055821246
0.180492263316342
0.319808578552564
0.265441120198628
0.220316129764861
0.182862387704835
0.151775781795013
0.125973898889861
0.104558336078584
0.0867834189452251
0.0720302377245368
0.0597850973113655
0.0496216307684334
0.0411859535377997
0.0341843414363738
0.0283730033921902
0.193549592815518
0.16064616203688
0.13333631449061
0.110669141027207
0.0918553870525814
0.0762399712536426
0.0632791761405233
0.0525217161966344
0.0435930244432065
0.0361822102878614
0.030031234538925
0.0249259246673077
0.0206885174738654
0.0171714695033083
0.184252319687746
0.152929425340829
0.126931423032888
0.105353081117297
0.0874430573273566
0.072577737581706
0.060239522192816
0.0499988034200372
0.211499006838631
0.175544175676064
0.145701665811133
0.12093238262324
0.100373877577289
0.0833103183891502
0.0691475642629947
0.907392478338286
0.923135757020777
1.61620267832724
2.36144822301161
3.83000202509964
8.4489016808327
7.86258839509114
6.69594836792565
5.55763714537829
4.78283883066398
4.4797562294511
3.71819767044441
3.93610406646886
3.60696637516916
4.1837820913904
4.15253913585403
3.95660748275885
3.62398421068984
3.34790689487257
3.28876272274423
3.23967305987771
3.3689286396985
4.32621077094976
4.1007549398883
3.57362660010729
3.30611007808905
3.08407136481391
3.23977923279554
2.8590167632203
3.05298391347285
3.55397664818247
3.96980061799145
3.8049345129329
3.66809564573431
3.21451938595948
3.85805109034636
6.60218240498748
6.32981139613961
6.44374345879588
10.2783070708006
9.38099486876448
8.46622574107452
8.04696736509185
7.52898291302624
6.92905581781177
7.28111632878377
6.72332655289053
6.26036103889914
6.38609966228629
5.98046271969762
5.64378405734902
4.85434076759969
4.70910283710774
5.43855535479942
5.36400094448352
8.19212078392132
8.6694602506547
8.0456520080434
7.52789116667602
7.2681496683411
7.05256422472311
6.02362830652018
5.33961149441175
5.45187754036175
4.69505835850025
4.57689843755521
4.64882570317082
4.19852533363178
4.84477602691438
4.53116410233894
4.44086620494132
4.53591895010129
4.44481272858407
4.19919456472478
3.99533148872157
4.5061251356389
3.91008386258029
3.75536960594164
3.62695677293156
5.56037412153319
7.50511052087255
11.1592417323242
9.9421706378291
9.10200162939815
9.25466135240046
7.85136892249239
7.19663620566868
6.993208050705
6.82436268208515
6.68422102613068
7.58790345168846
7.82795986490142
9.04720668786818
10.0591815509306
9.87912068727239
9.38967017043608
9.15342624146195
8.61734378041342
8.00239533774313
7.1519881303268
6.78615014817125
6.82250462298213
7.02267883707517
6.67882343477239
6.90342345086109
7.0898414642147
6.9045684152982
6.58079178469751
10.5620571812989
9.44650746047811
9.54060119219683
9.44869898952337
9.8824201613044
10.7524087338826
13.6844992491226
13.0581343767718
12.3682515327206
11.7956487721581
10.4703884808912
9.54042243913969
8.76855062448594
8.12789701832333
7.42615452520836
7.18370825592294
6.30247785241604
5.57105661750531
5.47397699252941
5.39340090379941
4.81652275015351
4.84771388262741
5.38360252258075
6.67839009374203
6.73306377780588
6.26844293557888
6.56280763653047
9.52713033832029
8.92751818080584
8.76984009006885
8.97896727475714
8.64254283804843
7.34331055558019
6.77494776113156
7.1532066417392
6.10716151264353
6.08894405549413
6.92382356606013
6.42677355982991
6.18422205465882
6.83290430536682
6.86131057345446
6.7148877759672
6.59335685405278
6.49248618886381
6.74876353675696
6.28147373550828
6.40362320047187
6.50500725639165
6.58915602280507
5.97899949892821
5.64256958411041
6.21333275481164
6.51706618649366
7.27916493478974
6.89170689587549
6.91011672357665
6.24539688056862
6.37367941087196
6.99015391102372
7.16182774614969
7.30431702930424
6.57258313432252
6.30524400148769
6.42335252123478
6.69138259262487
7.25384755187864
7.38069346805927
7.9959755784892
7.48665973014603
7.40392757602121
7.8452598880976
7.36156570712101
6.45009953691044
5.69358261563566
5.5756735709776
5.13780906391141
5.28438152304647
5.23603666412857
5.02591043122671
5.02150565791817
4.84784969607208
4.53371524773983
4.27298365562406
4.05657643416797
4.55695844035941
4.63227550549831
4.3547886695636
4.12447459573779
3.93331391446236
3.26465054900376
3.55965995567312
3.29451776320869
3.41444974346321
3.17399328707447
3.14441442827181
3.7998639754656
3.15388709963645
2.95772629269825
2.62491282293955
2.68867764303983
2.57160244372305
2.64443002829014
2.53487692348081
2.27394784648907
2.22737671258593
2.69872267144632
2.23993981730045
2.02915004835937
2.02419454013828
1.68008146831477
1.39446761870126
1.32740812352205
1.1017487425233
1.25445145629434
1.0411947087243
0.864191608241169
0.71727903484017
0.595341598917341
0.494133527101393
0.580130827494156
0.65150858682015
0.710752127060724
0.759924265460401
0.630737140332133
0.52351182647567
0.434514815974806
0.700647297259089
0.581537256725044
0.482675923081787
0.400621016157883
0.332515443411043
0.445987818031165
0.540169888965867
0.44834100784167
0.372123036508586
0.308862120302126
0.256355559850765
0.212775114676135
0.176603345181192
0.146580776500389
0.121662044495323
0.100979496931118
0.0838129824528281
0.0695647754358473
0.227738763611753
0.189023173797755
0.156889234252137
0.130218064429274
0.108080993476297
0.0897072245853265
0.074456996405821
0.231799307016831
0.36239342482397
0.300786542603895
0.419652830361233
0.518311849199823
0.430198834835853
0.357065032913758
0.466363977318419
0.387082101174288
0.491278143974659
0.577760859498967
0.819541513384143
0.680219456108838
0.564582148570336
0.468603183313379
0.388940642150104
0.492820732984587
0.579041208377207
0.650604202953082
0.880001488451058
0.730401235414378
0.606233025393934
0.843173411076965
0.869833931193881
0.721962162890921
0.769228595199465
0.978459734015556
1.49212157923291
1.40846091076332
1.16902255593355
1.14028872142485
1.28643963878262
1.40774490018958
1.33842826715735
1.2808954617406
1.4031432332447
1.5046088835931
1.58882537338227
2.16872505990729
2.65004179972305
2.36953469377013
2.47671379582921
2.90567245053824
3.09170813394674
2.56611775117579
2.29987773347591
2.418898518785
2.51768577059155
2.42967918959099
3.20663372736052
3.00150599370923
3.17124997477866
3.48213747906629
3.91017410762502
3.75544450932877
4.30701894274288
4.25482572247659
4.21150534965557
4.51554944021412
4.59790603537772
5.17626200936351
5.48629746777171
6.08362689825052
6.06941032554793
8.09761057020478
7.91101677326997
7.41614392181407
7.51539945510568
6.91778154773772
5.9117586846223
5.41675970823651
6.1959105578363
6.16260576300413
6.47496278329343
5.88421911013355
5.56390186141084
5.298038544971
5.07737199232593
5.74421875363052
5.44770156551333
6.22159229937607
6.01392160848213
6.01155493504017
6.17959059608334
6.14906019474917
6.46371996164181
6.21488756816271
6.34835668157505
6.11913604570729
6.09888291793705
5.57207282188775
5.13482044216683
5.11190096699847
5.60287780260873
5.50038857616525
5.75532251821715
5.62691769012024
5.1803416827998
5.65968359672383
5.37753738528078
5.48335602978305
5.57118550471993
5.98408396891754
6.15678969420156
6.3001354461873
6.75911242033546
6.80006330887843
6.32405254636909
6.26896361348635
6.39323979919367
6.15638903333075
6.46980289766452
6.04993640506155
5.70144721620109
5.9222011894469
5.25542698724093
5.38200439940997
5.14706365151027
5.46206283075353
5.89351214952543
5.9116150841061
5.41664051980807
5.00581163144069
4.83482365409578
5.37290363289949
5.64951001530658
6.55909331270446
6.6340474495447
7.0362593831221
6.69009528799135
7.76277908903282
7.63310664389724
8.03547851443471
8.02944716698081
7.51444114859407
7.08698615333308
7.92219850726645
7.08542476103116
7.58090255165586
7.82214911787436
7.17238376783572
6.80307852730365
6.83655517766203
6.35434079745948
6.29410286189137
6.24410537536984
6.20260746155697
5.99816419309228
6.50847628026659
6.93203531262127
6.77358930947566
6.64207912686479
7.21292567529778
7.00672831049716
7.34558449771264
7.45683513310149
7.03917316047424
6.35251372319362
6.9725863902507
6.29724670390808
6.92671476424371
6.93917325432228
7.79951380108749
8.00359645490262
7.32298505756917
6.92807759778241
7.1103044061594
7.2615526571123
7.38708870540321
6.81128362548467
7.52336540915227
7.09439328959639
8.948346430365
10.3171275372029
9.75321585587845
9.11516916037911
8.58559040311466
8.48604003458517
7.89341322870569
8.93153297982572
8.77317237325535
9.15173306980194
8.44593844793561
8.88012891178655
9.41050699678284
8.83072080732976
9.1994982700837
9.16558356416947
9.81743435826066
10.3584705173563
10.1275305294058
9.76585033940678
9.12565578170763
8.93429429881733
9.11546426801839
8.75583534245526
9.30734333423787
8.23509496741743
8.19512882295646
8.16195692305386
8.47442424613471
8.73377212429181
8.9490308631622
8.27769561642463
7.55048736163244
7.45690451015492
8.05923074342859
8.04916151704573
8.04080405914795
7.5238673690928
7.26480991634702
6.70979223056803
7.09912755137147
6.23227586763832
6.5327889701398
6.61221484521604
6.67813832152931
6.73285480686933
6.60826948970154
6.16486367645228
6.13683685145539
5.60357458670797
6.01096690696762
5.49910253278312
5.58425510220999
4.80493173483429
4.66809333991246
4.38451747212734
3.97914950186569
3.47269408654853
3.22233609183528
2.84453895622328
2.87096733366532
2.72290288694222
2.43000939616204
2.35690779881449
2.29623347301603
2.2458737826033
1.86407523956074
1.71718244883542
1.5952614325334
1.49406698900272
1.41007560087226
1.17036274872397
1.1414010814409
0.947362897595944
0.956311205004634
0.963738300153846
0.969902789127692
0.805019314975985
0.838166031430067
0.695677806086956
0.917412579052173
0.931452440613304
0.773105525709042
0.811677586338505
0.673692396660959
0.559164689228596
0.634106692059735
0.52630855440958
0.606836100159951
0.503673963132759
0.58804938940019
0.658080993202158
0.716207224357791
0.594451996216967
0.493395156860082
0.409517980193868
0.509899923560911
0.593216936555556
0.492370057341111
0.408667147593122
0.339193732502292
0.281530797976902
0.233670562320829
0.193946566726288
0.160975650382819
0.13360978981774
0.110896125548724
0.0920437842054408
0.0763963408905159
0.0634089629391282
0.0526294392394764
0.0436824345687654
0.0362564206920753
0.0300928291744225
0.0249770482147707
0.0207309500182596
0.0172066885151555
0.0142815514675791
0.0118536877180906
0.179838560806015
0.489266005468993
0.576090784539264
0.478155351167589
0.396868941469099
0.499401221419352
0.414503013778062
0.344037501435792
0.455551126191707
0.378107434739117
0.653829170833467
0.542678211791778
0.450422915787175
0.543851020103356
0.621396346685785
0.515758967749202
1.27807994323184
1.23080635288242
1.19156927289241
1.1590024965007
1.13197207209558
0.939536819839334
1.28981556046665
1.24054691518732
1.02965393960547
1.36461276987254
1.47262859899421
1.73228173716519
1.94779384184711
2.4666688887331
2.21733517764847
2.52038819744823
2.43192220388203
2.52849542922209
2.26865120625433
2.2229805011911
2.18507381598861
2.49361126727055
2.40969735183455
3.36004880202268
3.97884050567882
4.15243761971342
3.95652322436214
4.47391427622058
4.56334884926308
4.29757954488836
4.75699102225733
4.11830254847359
4.09819111523308
4.59149862564345
5.51094385928407
5.42408340320578
5.69198922466079
6.08435105646846
5.39001137686882
5.15370944280112
4.95757883752493
5.64479043514569
5.70517606117092
5.07529613077187
4.72249578854065
4.08967150448874
4.24442734872565
4.37287469944229
5.1594860005371
5.3023733804458
4.57096990577001
4.30390502178911
4.08224116808496
4.23826016951052
5.21775594069373
5.18073743077579
5.32001206754391
5.26561001606144
5.390456313331
4.98407874006473
4.98678535425372
5.32903184403059
5.61309643054539
6.01887003735267
5.84566213100272
5.70189956873226
5.58257664204777
4.97353861289965
4.80803704870671
5.35067075042657
5.97105672285405
5.80597707996886
6.17896097637416
6.65853761039055
6.88658621662416
7.75586655979805
8.13736924463238
7.77401647304488
7.98243367262725
8.66541994828061
8.21229855707291
7.83620780237051
7.35405247596753
7.12386355505305
7.44280675069403
7.53752960307604
6.93614957055312
6.60700414355909
7.35381343915404
8.48366515449785
8.23144207823322
8.02209692493357
8.01834044769486
8.86522257158673
8.37813473441699
8.6538518295661
8.37269701853986
8.30933852538809
7.40675097607211
7.84760331013985
7.70351074741608
7.41391392035534
7.17354855389493
7.4840452997328
7.23175759877822
7.53235880698592
7.78185780979832
8.1589419821326
7.96192184517006
7.79839513149115
7.83266795913766
7.69111440608425
7.74362495704993
8.12720871435144
8.2755832329117
7.20873408331671
7.00324928915287
6.32269690999688
5.75783843529741
5.79900590129685
6.68317489807638
6.2270351654034
7.03843918728482
7.3719045254464
6.96868075612051
7.31400502758003
9.47062417289142
9.39061806349988
8.9842129927049
8.64689678394507
8.1969243306744
7.99344719445976
7.3145611714016
7.09108577226332
6.39560119097856
5.6483489885122
6.21812966046513
6.01104761818606
5.15916952309443
4.79211070416837
4.14745188445975
5.82238506410159
6.19257960320432
6.15984107065959
6.98266808864746
6.13561451357739
5.94256004626923
6.46232483840346
6.55372961587487
6.28959558117615
5.9003643323762
6.76730239587225
6.80686098857396
7.51969462051639
7.2613465350286
6.87691762407374
7.9178416279812
7.9318085512244
7.94340109751625
8.12302291093849
7.76210901607895
8.48255048334553
7.89051690117679
8.41912902797673
8.17787709322069
8.48763798737317
9.08473952951973
8.73033380950138
8.26617706188614
7.8809269613655
8.75116937793336
9.81347058368469
9.67518058445829
10.4103998851004
10.0006319046333
9.66052448084565
9.03823531910189
9.20173531485457
9.67744031132929
9.73227545840331
9.09778863047475
8.40116456329404
8.50296658753405
7.73746226765326
7.78209368215221
8.15913775618633
8.13208433763466
7.59963000023676
7.49769290019651
7.75308510716311
7.28506063894538
6.21660033032466
6.17977827416947
6.65921596756066
6.71714925307535
6.42523388005254
6.86294412044361
6.03624361996819
6.0300822045736
6.87496822979609
6.21622363073075
5.49946561350652
4.90455645921041
5.09078186114464
4.73534894475005
4.10033962414254
3.91328188803831
3.4180239670718
2.83695989266959
2.35467671091576
2.29438167006008
2.24433678614987
2.03279953250439
2.02722361197864
2.36259559794227
2.13095434629209
1.76869210742243
1.63801444916062
1.86955199280331
1.55172815402675
1.7979343678422
1.49228552530903
1.23859698600649
1.53803549838539
1.44656946365987
1.20065265483769
0.996541703515286
0.827129613917688
0.856517579551681
0.710909591027895
0.590054960553153
0.489745617259117
0.406488862325067
0.337385755729806
0.280030177255739
0.232425047122263
0.192912789111478
0.330117614962527
0.273997620418897
0.227418024947685
0.358756960706578
0.29776827738646
0.247147670230762
0.205132566291532
0.340260030021972
0.282415824918237
0.404405134682136
0.335656261786173
0.278594697282524
0.231233598744495
0.191923886957931
0.159296826175082
0.132216365725318
0.109739583552014
0.0910838543481718
0.0755995991089826
0.402747667260456
0.334280563826178
0.447452867975728
0.371385880419854
0.308250280748479
0.255847733021237
0.212353618407627
0.17625350327833
0.316290407721014
0.262521038408442
0.217892461879007
0.180850743359576
0.150106116988448
0.124588077100412
0.273408103993342
0.226928726314474
0.188350842841013
0.156331199558041
0.129754895633174
0.447696563375534
0.371588147601693
0.308418162509406
0.255987074882807
0.382469272152729
0.317449495886765
0.263483081586015
0.388690957716393
0.322613494904606
0.437769200770823
0.363348436639783
0.30157920241102
0.250310738001147
0.207757912540952
0.34243906740899
0.284224425949462
0.235906273538053
0.195802207036584
0.332515831840365
0.615988140427503
0.681270156554827
0.735454229940507
0.610427010850621
0.676654419006015
0.731623167774992
0.947247229253244
1.12621520028019
0.93475861623256
1.79584965147302
3.19055521072261
4.00816082489977
5.02677348466681
6.21222199227345
6.34614425358696
6.79729973047718
6.66175877629606
6.71925978432573
6.25698562099035
6.72329806542199
5.75033739430025
4.94278003726921
4.78250743093344
4.81948116767476
5.70016936917005
5.92114057641114
6.44454667842125
7.55897374308964
10.8639482067644
10.0370770116144
10.03077391964
9.68554235330119
8.71900015323999
8.08677012718919
7.73201920556703
6.75757594062063
6.79878803071513
5.98299406549355
5.30588507435965
5.42388461171851
5.18182422772636
4.98091410901288
4.30415871048069
4.08245172969897
4.23843493565015
4.19790099658962
3.65425782716939
3.88303399655059
3.56291821713699
3.4672221202237
3.55779435978567
3.63296931862211
3.69536453445635
4.08715256359877
3.90233662778698
4.08893940106319
4.24381970288245
4.54237035339243
5.13016739331572
5.10803893645205
5.9396723172552
5.77992802332182
5.98734025935711
6.1594924152664
6.13237870467111
5.93987432487702
5.95009568964793
6.29857942240778
6.07782092059846
5.55459136409672
5.46031083220028
6.74205799072623
7.29590813230277
6.9056037498113
6.24165111234338
6.200570423245
6.33647345129335
5.76927296457348
5.80849656059599
5.84105214529467
6.37807328059458
6.1438008228935
5.94935468300161
6.80796438689133
6.84061044111981
6.86770666612944
7.06019653288743
7.38996312229657
6.81366939150615
5.99534559495011
8.03613684380859
7.51999358036113
8.28159467169974
7.38372357751078
6.80849056933395
6.50104717254718
6.75586915321416
6.96737139716775
6.29291825964923
7.43312215550886
8.37949138907236
9.16497785293006
8.79693161793195
8.83145324288352
9.71010619159332
10.2693881390225
9.54359215538864
8.77118148897257
9.49008063584723
9.4067669277532
8.99761655003516
8.82802173652918
8.17725804131922
7.29712417429495
7.75661306466481
7.62798884367179
7.18123074024759
6.9804215144055
7.15374985695656
6.10761238127395
5.74931827645738
5.45193416945962
5.37510536065149
5.48133744934073
5.90951008295281
5.24489336885083
5.03326149614619
4.51760704180134
5.27961384469511
4.72207949109694
4.76932597761046
4.97854056141668
6.00218866597585
6.17181659275995
5.97260777199076
5.46726445075233
5.38782949412443
6.68189848012328
6.39597573850232
5.98865986295693
5.82058768625425
5.51108777959103
6.27420285706055
6.73758837136026
6.95219834822901
8.66032462903008
8.71806944209497
8.76599763693882
9.14577803865922
9.29099577208715
9.07152649083234
9.22936698739084
9.0203745995344
9.18691091761355
10.0051360616192
9.83426293114397
10.0324382328495
10.0269237332651
10.19234669861
10.4996477598463
10.2447076406724
10.2031073417581
9.99857909365924
9.48882064773717
9.91572113762185
9.93004854422614
9.77194029170769
10.6607104421174
11.0583896669574
11.3884634235747
10.302424641567
10.0810124525006
10.2372403355755
10.3669094785277
10.644534867178
9.5149639397577
9.08742006999889
8.22255865809908
8.01472368622224
7.67222065956446
7.5579431474385
7.46309281237395
6.70436703427038
7.09462463844442
7.07853844990887
6.89518691342436
7.42300513814222
6.84109426465804
7.03810823966617
7.20162983892292
6.48735276630603
6.744502796034
6.44793732070822
5.52178797618782
5.43308402023589
4.84945973679579
4.87505158154051
4.89629281267862
5.42392303452325
5.1818561186543
4.81094057848307
5.01308068014095
4.50085696451699
4.4157112805491
4.00504036285575
3.83418350117027
3.69237230597133
3.0646690139562
2.71367528158365
2.59235048371443
2.83165090148297
2.86027024823087
3.22402430603162
3.01594017400625
2.84323034442518
2.3598811858729
1.95870138427451
1.79572214894784
1.49044938362671
1.57707298841017
1.47897058038044
1.22754558171576
1.52886283282408
1.26895615124399
1.22323360553251
1.35528389259198
1.12488563085135
0.933655073606618
0.944933711093493
0.954294980207599
0.792064833572307
0.657413811865015
0.545653463847963
0.452892374993809
0.375900671244861
0.311997557133235
0.258957972420585
0.214935117109085
0.178396147200541
0.148068802176449
0.292897105806453
0.243104597819356
0.201776816190065
0.167474757437754
0.139004048673336
0.115373360398869
0.265759889131061
0.220580707978781
0.183081987622388
0.151958049726582
0.126125181273063
0.104683900456642
0.0868876373790131
0.0721167390245809
0.229856893390402
0.190781221514034
0.158348413856648
0.131429183501018
0.449086222305845
0.372741564513851
0.479375498546497
0.397881663793592
0.330241780948681
0.274100678187406
0.227503562895547
0.188827957203304
0.326727204478742
0.271183579717356
0.225082371165405
0.356818368067287
0.466159245495848
0.386912173761554
0.32113710422209
0.436543796504334
0.532331351098597
0.441835021411836
0.366723067771824
0.304380146250614
0.252635521388009
0.379687482752048
0.3151406106842
0.261566706867886
0.387100366700345
0.491293304361286
0.747773442619868
0.79065195737449
0.826241124620827
1.02578013343529
1.36139751075129
1.80995993392357
1.50226674515656
2.26688139847995
2.39151156073836
2.15495459541284
2.63861231419265
3.2100482207799
3.17434002324732
3.14470221929527
2.95010284201508
2.95858535887251
3.13562584786419
2.77256945372728
3.83123264659364
3.51992309667272
3.09153617023836
2.90597502129784
2.9219592676772
2.93522619217208
3.45623773950282
3.54867732378734
3.7954021787435
3.6601838083571
3.54795256093639
3.62480062557721
3.51858451922908
3.77042515096014
5.33945287529691
5.62174588649644
6.19604908579204
6.5027207412074
7.26725821520214
7.39182431861778
8.00521418445275
8.00432777309578
7.3235920516695
7.26858140288568
6.88292256439512
6.56282572844795
6.1271453546118
5.93553064432779
5.77649043479206
5.98448706087741
5.98712426052825
5.98931313623845
6.16112990307791
5.96373781955467
5.28990239023037
4.90061898389121
5.0875137566297
4.73263641800265
4.7780882269422
4.98581322836203
5.15822497954048
5.6413267330186
5.87230118840544
6.23400998637651
5.85422828869251
8.08900947961478
8.07387786808027
7.55131863050662
7.4575944633205
7.71980340455601
8.27743682578149
7.89027256539864
7.22892622928087
7.36000877030312
7.97880727935159
8.15241004186182
8.46650033474531
8.72719527783861
8.60357208060604
7.82096482690302
8.0214008063295
8.52776266925349
8.26804301548039
7.54247570284873
7.45025483336444
6.86371151169249
6.71688055470477
7.78501086040496
7.82155901413611
8.36189398173297
7.62037200483837
7.17490876401584
7.14517427413315
8.14049464753051
8.28661055745033
7.89788676268377
7.06524601302753
7.39415419081285
7.83714797837467
7.35483282205097
7.80451124230231
8.51774433111091
8.42972779482206
7.50667406970231
8.10053947785291
7.57344776661792
8.49596164629287
7.73164816642308
8.96726797813116
8.80283242184886
9.00635091013456
8.49527125541168
8.7510751419917
8.45339236785311
8.54631566531808
8.453442002214
8.37635686183762
7.46237619532523
6.36377224211994
6.64193096095955
7.04280269759643
7.20552623900503
8.02058677837418
7.50708702605057
7.76088223162197
8.65153225224623
8.03077176936437
7.68554056857243
7.90899867191512
8.43446889768955
7.51060918508232
7.76380562361833
6.95395866760321
7.64178569411067
7.70268212611185
7.75322616467284
7.28517771667845
7.57669750484312
7.47865892901979
7.39728691108642
8.00974813620173
7.49809095304744
7.07341549102937
7.74093485755438
7.78497593177013
8.33153002336921
8.44516991939645
8.19949103309905
8.16557755747221
8.30742937270193
7.9151663793426
7.92958809485436
7.77155811872912
7.64039323854517
8.21152638799249
9.02556690203377
9.53122052868803
9.27091303881106
9.39485782221318
9.83773199243694
8.50531755372266
8.58941356958981
8.82921326275954
8.85824700809042
10.072345016715
9.55004636387349
10.646538482015
10.7066269400724
11.9465003602601
10.7655952990159
10.6354440981832
10.6974186014921
9.04885743923841
9.21055167456788
8.66475788989134
9.57174904860981
9.13455171034614
9.6216779195873
9.85599267325746
9.54047391880369
10.1285933526071
9.59673248266386
10.345287960611
9.77658900730713
8.79456887606492
8.48949216713388
8.40627849872112
8.84721115393853
9.21318525776898
9.00694376394825
8.49576332407705
7.73148355898395
7.09713135395668
7.08061902378404
7.06691378974076
7.39553844548483
7.15829690975241
6.4513864350945
6.54465074112843
6.7920601151366
6.48740989556338
6.0645502133176
