0
0
0
0
0
0
0
0
0
0
0
0
0
0
0
0
0
0
0
0
0
0
0
0
0
0
2.2962962962963
2.20555555555556
2.05116666666667
1.977585
1.83915405
1.7804132665
1.725784337845
1.74497943419585
1.76283087380214
1.70943271263599
1.72977242275147
1.60868835315887
1.56608016843775
1.45645455664711
1.35450273768181
1.32968754604408
1.236609417821
1.22004675857353
1.13464348547338
1.05521844149024
1.05135315058593
1.04775843004491
0.974415339941768
0.906206266145844
0.842771827515635
0.853777799589541
0.794013353618273
0.738432418864994
0.686742149544444
0.638670199076333
0.66396328514099
0.617485855181121
0.574261845318442
0.604063516146151
0.561779070015921
0.522454535114806
0.48588271765677
0.451870927420796
0.42023996250134
0.390823165126247
0.433465543567409
0.403122955517691
0.374904348631452
0.348661044227251
0.324254771131343
0.301556937152149
0.280447951551499
0.260816594942894
0.242559433296891
0.225580272966109
0.209789653858481
0.195104378088388
0.251447071622201
0.233845776608646
0.287476572246041
0.267353212188818
0.248638487335601
0.371233793222109
0.415247427696561
0.386180107757802
0.359147500214756
0.334007175199723
0.380626672935743
0.353982805830241
0.539204009422124
0.641459728762575
0.806557547749195
0.750098519406751
0.697591623048279
0.718760209434899
0.878446994774456
0.816955705140244
0.829768805780427
0.981684989375797
0.982967040119491
0.984159347311127
1.05526819299935
0.981399419489394
0.982701460125136
1.05391235791638
0.98013849286223
0.981528798361874
1.19282178247654
1.10932425770319
1.10167155966396
1.16455455048749
1.29303573195336
1.41252323071663
1.59364660456646
1.62209134224681
1.78854494828953
2.01334680190927
2.15241252577562
2.28174364897132
2.26202159354333
2.5936800819953
2.90212247625563
3.11897390291773
3.25064572971349
3.23310052863355
3.2867834916292
3.12670864721516
3.18783904191009
3.03469030897639
3.38226198734804
3.35550364823368
3.40061839285732
3.51257510535731
3.7566948479823
3.91372620862354
4.05976537401989
4.3355817978385
4.5220910719898
4.48554469695052
4.59155656816398
4.3401476083925
4.38633727580503
4.70929366649868
4.51964310984377
4.2032680921547
4.11903932570388
4.3207065729046
4.29825711280128
4.41737911490519
4.24816257686183
4.3007911964815
4.4197358127278
4.53035430583685
4.56322950442827
4.66380343911829
4.68733719838001
4.49922359449341
4.74427794287887
5.18217848687735
5.30942599279594
5.42776617330022
5.32782254116921
5.65487496328736
5.60903371585725
5.91640135574724
5.85225326084493
6.28259553258579
5.91281384530479
6.26891687613345
6.04009269480411
6.10728620616782
6.02977617173607
6.02769183971455
6.09575341093453
6.22905067216911
6.21301712511728
6.26810592635907
6.38933851151393
7.06208481570796
7.6877388786084
7.77959715710581
7.93502535610841
7.86957358118082
7.80870343049816
7.82209419036329
7.76454759703786
7.64102926524521
7.52615721667804
7.48932621151058
7.31507337670484
7.5730182403355
7.32290696351202
7.37030347606618
7.76438223274155
7.99087547644964
8.06151419309816
8.12720819958129
8.1883036256106
8.24512237181786
8.57796380579061
8.18750633938527
8.1043808956283
8.65707423293432
8.89107903662892
8.61870350406489
8.36539425878035
8.26981666066573
8.11092949441912
8.03316442980979
7.6808429197231
7.42318391534249
7.18356104126851
7.17071176837972
7.01876194459314
7.36744860847162
7.34172720587861
7.3878063014671
7.36065986036441
7.2654136701389
7.17683471322918
7.09445628330313
7.08784434347192
6.80169523942888
6.67557657266886
6.41828621258204
6.9490061777013
7.30257574526221
7.28139544309385
7.05169776207728
6.90807891873187
6.98451339442064
6.7055974568112
6.72620563483442
7.02537124039601
7.16359525356829
7.01214358581851
7.22129353481121
7.20580298737443
7.82139677825822
7.97389900378014
7.83572607351553
7.84722524836945
7.57791948098359
7.88746511731473
7.7553425591027
7.70246857996551
7.58329577936793
7.68246507481217
7.84469251957532
7.50556404320505
7.5401745601807
7.36236234096805
7.40699697710028
7.44850718870326
7.34711168549404
7.25281386750945
6.95511689678379
6.60825871400893
6.7056806040283
6.51628296174632
6.48014315442408
6.72653313361439
6.60567581426139
6.49327850726309
6.38874901175467
6.22153658093185
5.85602902026662
5.86610698884795
5.8054794996286
5.5390959346546
5.43135921922878
5.19116407388276
5.03778258871097
4.8251378075012
4.69737816097612
4.71856168970779
4.66826237142824
4.83148400542827
4.70328012504829
4.72405051629491
4.53336698015426
4.42603129154346
4.11620910113542
4.03807446405594
3.82540925157203
3.69763060396199
3.43879646168465
3.33808070936672
3.24441505971105
3.43730600553128
3.40669458514409
3.308225964184
3.28665014669112
3.26658463642274
3.17792371187315
3.09546905204203
2.94878621839909
3.02237118311115
2.88080520029337
2.67914883627284
2.63160841773374
2.51739582849238
2.34117812049791
2.24729565206306
2.08998495641864
2.08368600946934
2.07782798880648
2.00238002959003
1.86221342751873
1.73185848759242
1.61062839346095
1.56788440591868
1.45813249750437
1.35606322267907
1.26113879709153
1.24285908129513
1.15585894560447
1.21494881941215
1.1999024020533
1.18590923390957
1.1028955875359
1.09569289640839
1.0189943936598
0.947664786103617
0.881328251076363
0.819635273501018
0.902260804355947
0.909102548051031
0.915465369687458
0.851382793809336
0.861785998242683
0.871460978365695
0.810458709880096
0.75372660018849
0.700965738175295
0.651898136503025
0.676265266947813
0.628926698261466
0.584901829383163
0.613958701326342
0.570981592233498
0.531012880777153
0.493841979122753
0.45927304058416
0.427123927743269
0.39722525280124
0.369419485105153
0.413560121147792
0.384610912667447
0.357688148780726
0.332649978366075
0.30936447988045
0.287708966288818
0.267569338648601
0.318839484943199
0.296520720997175
0.275764270527373
0.256460771590457
0.238508517579125
0.221812921348586
0.276286016854185
0.256945995674392
0.238959775977185
0.292232591658782
0.271776310242667
0.25275196852568
0.235059330728883
0.218605177577861
0.203302815147411
0.189071618087092
0.175836604820996
0.163528042483526
0.222081079509679
0.206535403944002
0.192077925667921
0.178632470871167
0.166128197910185
0.154499224056472
0.143684278372519
0.203626378886443
0.329372532364392
0.376316455098885
0.349974303241963
0.535476102015025
0.707992774873973
0.728433280632795
0.8174429509885
0.830221944419305
0.982106408309953
0.983358959728257
0.984523832547279
1.75560716426897
1.91271466277014
2.19882463637623
2.1849069118299
2.1719634280018
2.22992598804168
2.07383116887876
2.20866298705725
2.89405657796324
3.04147261750581
3.17856953428041
3.93606966688078
3.80054479019912
3.53450665488519
3.35709118904322
3.4020948058102
3.23394816940348
3.21757179754524
4.04234177171707
4.94937784769688
5.3729213983581
6.81681690047303
6.82963971743992
6.70156493721912
6.58245539161379
7.17168351420082
7.15966566820676
7.07848907143229
7.00299483643203
6.93278519788179
6.93749023403006
6.52186591764796
6.9753353034126
6.90706183217372
6.84356750392156
6.64451777864705
6.38940153414176
6.43214342675184
6.19189338687921
6.03846084979766
6.10576859031183
5.95836478899
5.9612792537607
5.82398970599745
5.76631042657763
5.5726686967172
6.58258188794699
8.7818011557907
9.00707507488536
8.65657981964338
8.26061923226834
8.17237588600956
7.95030957398889
7.53378790380967
7.42642275054299
7.11657315800498
6.89841303694463
6.62552412435851
6.51173743565341
6.26591581515768
6.94730170809664
7.65099058852988
7.67542124733278
7.27814176001949
7.04867183681813
6.83526480824086
6.636796271664
6.52222053264752
6.48566509536219
6.45166853868684
7.61005174097876
7.77734811911025
7.65293375077253
7.46722838821845
7.22452240104316
6.78880583297014
6.73358942466223
6.40223816493588
6.30408149339036
6.35279578885304
6.11810008363333
7.29983307777899
7.20884476233446
6.91422562897105
7.06022983494308
6.91601374649706
6.50189278424227
6.32676028934531
6.09388706909114
5.87731497425476
5.74590292605693
5.41368972123294
5.45473144074664
5.49290023989437
5.45839722310177
6.89630941748464
6.83356775826072
6.70521801518247
6.65585275411969
7.93994306133132
7.87414704703812
7.81295675374546
7.54604978098327
7.64782629631445
8.37247845557243
7.99640496368236
7.8566566162246
8.56669065308888
8.17702230737266
7.74463074585657
7.69250659364661
7.85403113209135
7.51424895284495
7.47825152614581
6.9547739193156
6.81793974496351
6.62068396281606
6.36723608541894
6.13152955943962
5.84232249027884
5.78335991595932
5.51852472184217
5.62222799131322
5.57867203192129
5.8881649896868
7.78599344040873
8.22097389958012
8.20550572660951
8.47112032574684
8.15814190294456
8.07707196973844
7.86167693185675
7.45135954662678
7.41976437836291
7.3903808718775
7.43305421084608
7.12274041608685
7.18414858696077
7.10125818587352
6.95417011286237
6.95737820496201
6.96036173061467
6.75313640947164
6.91041686080863
6.91668768055202
6.99251954291338
6.92304317490944
7.13843015266578
6.91874004197918
6.85442823904064
6.65461826230779
6.25879498394625
6.10067933507001
6.02363178161511
5.81197755690205
5.47513912791891
5.30187938896459
5.14074783173707
5.06089548351547
5.19663279966939
5.53286850369253
5.35556770843406
5.12067796884367
4.83223051102462
4.70397437525289
4.72469616898519
4.53396743715623
4.42658971655529
4.25672843639642
4.30875744584867
4.00714442463926
4.00664431491452
4.0061792128705
4.00574666796957
3.9353444012117
3.93987029312688
3.804079372608
3.74779381652544
3.76544824936866
3.57186687191285
3.39183619087895
3.50440765751742
3.25909912149121
3.03096218298682
2.95879483017774
2.8216791920653
2.90416164862073
2.70087033321728
2.72180940989207
2.60128275119962
2.48919295861565
2.52494945151256
2.62820298990668
2.58422878061321
2.40333276597028
2.44509947235237
2.6939425092877
2.57536653363756
2.46509087628293
2.36253451494313
2.19715709889711
2.11335610197431
2.17542117483611
2.23314169259758
2.21682177411575
2.34164424992765
2.24772915243271
2.23038811176242
2.14426094393905
1.99416267786332
1.85457129041289
1.79475130008399
1.80911870907811
1.68248039944264
1.63470677148165
1.52027729747794
1.48385788665448
1.37998783458867
1.35338868616746
1.25865147813574
1.24054587466624
1.1537076634396
1.07294812699883
1.06784175810891
1.06309283504129
1.0586763365884
0.98456899302721
0.915649163515306
0.921553722069234
0.857044961524388
0.797051814217681
0.741258187222443
0.689370114116872
0.641114206128691
0.666236211699683
0.619599676880705
0.576227699499056
0.535891760534122
0.498379337296733
0.463492783685962
0.431048288827945
0.400874908609989
0.372813665007289
0.346716708456779
0.322446538864805
0.369875281144268
0.34398401146417
0.319905130661678
0.29751177151536
0.276685947509285
0.257317931183635
0.239305676000781
0.222554278680726
0.206975479173075
0.19248719563096
0.249013091936793
0.231582175501217
0.215371423216132
0.200295423591003
0.186274743939633
0.173235511863858
0.161109026033388
0.149831394211051
0.139343196616278
0.129589172853138
0.120517930753418
0.112081675600679
0.104235958308632
0.166939441227027
0.295253680341136
0.274585922717256
0.255364908127048
0.307489364558155
0.285965109039084
0.265947551406348
0.247331222807904
0.37001803721135
0.344116774606556
0.320028600384097
1.13762659835721
1.12799273647221
1.11903324491915
1.11070091777481
2.08295185353057
2.42714522378343
2.53724505811859
2.42963790405029
2.25956325076677
2.3113938232131
2.42959625558818
2.53952451769701
2.57175780145822
2.95173475535614
2.95511332248121
3.02825538990753
3.236277512614
3.21973808673102
3.20435642065985
3.40005147121366
3.2320478682287
3.35580451745269
3.40089820123101
3.58283532714484
3.7520368542447
3.69939427444757
3.79043667523624
3.7351061079697
5.29364868041182
6.673093272783
6.90597674368819
7.12255837163001
6.62397928561591
6.5803007356228
6.2596796841292
6.45150210624016
6.97989695880335
7.33130417168711
6.88811287966902
7.87594497809219
7.74462882962573
7.48250481155193
7.3787294747433
7.91221841151127
7.49836312270548
7.6734777041161
7.62633426482797
7.30249086629001
7.28131650564971
6.91162435025423
6.84781064573644
6.43846390053489
6.05777142749745
5.84372742757262
5.92466650764254
6.13993985210756
7.53014406246004
7.70303397808783
7.37382159962169
7.13765408764817
8.3880183015128
8.4308570204069
8.05069702897842
8.11714823694993
8.31894786036344
8.366621510138
8.55095800442834
8.44239094411835
8.06142357803007
7.91712392756796
7.92292525263821
7.78832048495353
7.66313805100679
7.54671838743631
7.22844810031577
6.93245673329367
6.65718476196311
6.33118182862569
6.30799910062189
6.21643916357836
7.46128842212788
9.31899823257893
9.0866683562984
8.73060157135751
8.60945946136249
8.56679729906712
8.10712148813242
8.16962298396315
7.80774937508573
7.68120691882973
7.21352243451165
7.12857586409583
6.69957555360912
6.58060526485649
6.32996289631653
6.16686549357438
6.15518490902417
5.79432196539248
5.66871942781501
5.62190906786796
5.7883754331172
5.87318915279899
5.81206591210306
5.82522129825585
5.62745580737794
5.37353390086149
5.13738652780118
5.0577694708551
4.98372560789524
4.84486481534258
4.7157242782686
4.94562357878979
5.01942992827451
4.87806983329529
4.88660494496462
5.0345425988171
4.8221246168999
4.55457589371691
4.37575558115673
4.41945269047575
4.74009100214245
4.82828463199248
5.05030470775301
4.8367833782103
4.84820854173558
4.78883394381409
4.7336155677471
4.6122624780048
4.49940410454447
4.53444581722635
4.56703461002051
5.71734218731907
6.71712823420674
6.94692925781227
7.58064420976541
7.32999911508183
7.1668991770261
7.22521623463428
6.92945109820988
6.93438952133519
7.14898225484172
7.0685534970028
7.13375475221261
7.26439191955772
7.80588448518868
7.67947257122548
7.63190949123969
7.72767582685292
7.67673851897321
8.11936682264509
7.90101114505993
7.76794036490574
7.57418453936234
7.60399162160697
7.21171220809449
7.26689235352787
7.31820988878092
6.94593519656626
6.87971973280662
7.09813935151016
6.74126959690444
6.47938072512113
6.09582407436266
6.36911638915727
6.55327824191626
6.51454876498212
6.40853035143337
6.37993322683304
6.42333790095473
6.2537042478879
5.81594495053574
5.82882880399824
5.84081078771837
5.85195403257808
5.65231725029761
5.46665504277678
5.08398918978241
5.00810994649764
5.07754225024281
4.93211429272581
5.006866292235
4.86638565177855
4.73573865615405
4.47423695022327
4.44104036370764
4.55016753824811
4.44165581057074
4.20073990383079
3.90668811056263
4.26321994282325
4.24479454682562
4.15765892854783
4.07662280354948
3.93125920730102
3.72607106278995
3.67524608839465
3.48797886220703
3.31382034185253
3.15185291792286
3.14122321366826
2.99133758871148
3.06194395750168
2.91760788047656
2.8533753288432
2.79363905582418
2.59808432191648
2.48621841938233
2.31218313002557
2.15033031092378
2.06980718915911
1.92492068591797
1.86017623790372
1.72996390125046
1.60886642816292
1.49624577819152
1.46150857371811
1.49920297355785
1.3942587654088
1.43666065183018
1.40609440620207
1.37766779776792
1.35123105192417
1.32664487828948
1.23377973680921
1.14741515523257
1.27709609436629
1.39769936776065
1.3698604120174
1.27397018317619
1.18479227035385
1.10185681142908
1.02472683462905
0.952995956205014
0.886286239270663
0.824246202521717
0.836548968345197
0.777990540561033
0.793531202721761
0.737984018531237
0.686325137234051
0.638282377627667
0.593602611193731
0.55205042841017
0.513406898421458
0.477468415531956
0.444045626444719
0.482962432593589
0.519155062312037
0.482814207950195
0.449017213393681
0.417586008456124
0.388354987864195
0.431170138713701
0.470988229003742
0.43801905297348
0.407357719265337
0.378842678916763
0.35232369139259
0.327661032995108
0.304724760685451
0.283394027437469
0.263556445516846
0.245107494330667
0.227949969727521
0.211993471846594
0.197153928817333
0.183353153800119
0.240518433034111
0.223682142721723
0.208024392731203
0.193462685240018
0.249920297273217
0.372425876464092
0.346356065111605
0.322111140553793
0.299563360715028
0.278593925464976
0.259092350682427
0.240955886134658
0.294088974105232
0.483502745917865
0.519657553703615
0.693281524944362
0.644751818198257
0.669619190924379
0.692745847559672
0.644253638230495
0.59915588355436
0.767214971705555
0.853509923686166
0.863764229028135
0.943300732996165
0.947269681686434
1.02096080396838
0.949493547690597
0.953028999352255
0.886316969397597
1.17427478153977
1.37207554683198
1.48603025855374
1.45200814045498
1.42036757062313
1.39094184067951
1.43357591183195
1.54322559800371
1.57519980614345
1.81493581971341
1.82789031233347
1.83993799047013
2.27114233113722
2.46216236795761
2.77981100220058
2.65522423204654
2.88935853580328
3.17710343829705
3.65470619761626
4.09887676378312
4.0919553903183
4.43551851299602
4.4750322170863
4.37177996189026
4.41575536455794
4.45665248903888
4.42468681480616
4.46495873776973
4.71241162612585
4.66254281229704
4.75616481543625
4.49323327835571
4.52870694887081
4.42169746244985
4.60217864007836
4.91002613527288
4.84632430580378
4.57708160439751
4.53668589208969
4.56911787964341
4.31927962806837
4.36693005410359
4.27124495031634
4.39225780379419
4.5747997575286
4.6745637745016
4.97734431028649
4.90893020856643
5.33530509396678
5.52183373738911
5.34530537577187
5.67113399946784
5.41415461950509
5.52516379613973
5.69840233040995
6.20951416728126
6.12484817557157
5.97610880328156
5.69778118705185
5.36893650395822
5.48311094868115
5.58929318227347
5.54804265951432
5.57967967334832
5.32910209621394
5.58606494947896
5.61504040301544
5.57198757480436
5.81194844456805
6.03511205344829
6.45265420970691
6.28096841502742
6.7513006259755
6.90870958215722
7.05509991140621
7.05124291760778
7.46765591337524
7.50491999943897
7.32957559947824
7.44650530751476
7.34524993598873
7.39108244046952
7.29370666963665
7.20314720276209
7.53892689856874
7.64120201566893
7.52631787457211
7.69947562335206
7.30051232971741
7.1394764666372
7.54971311397259
7.44123319599451
7.4803468722749
7.72672259121565
7.88585200983056
7.61384236914242
8.13087340330245
8.05171226507128
7.62809240651629
7.79412593806015
7.66853712239594
7.20173952382822
7.25761775716025
6.95958451415903
6.8924135981679
6.75994464629615
6.77674852105542
6.72237612458154
7.02180979586083
6.81028311015057
7.10356329244003
7.02631386196923
7.09447189163138
6.94785885921719
6.81150873907198
6.89470312733695
6.90207390842336
6.97892873483372
6.84040372339536
6.50157546275769
6.95646518036465
6.74951261773912
6.69704673449739
6.78825346308257
6.73307572066679
6.82176042022011
6.83423719080471
6.56584058744838
6.45623174632699
6.4942955240841
6.45969483739822
6.56751619878034
7.01779006486572
7.64654476032512
7.67128662710236
7.90429656320519
8.26099580378083
8.17272609751617
8.51063527069004
8.61489080174174
8.92184844561982
8.85731905442643
8.72730672061658
8.74639525017342
8.83414758266128
8.98575725187499
9.12675424424374
8.97788144714668
8.97942974584641
9.05086966363717
9.25730878718256
9.09929717207979
8.9523463700342
8.74568212413181
8.62348437544258
8.3698404691616
8.62395163632029
8.37027502177787
8.06435577025342
8.12985086633568
7.77076130569218
7.57680801429373
7.46643145329317
7.50378125156265
7.53851656395326
7.43082040447653
7.54066297616318
7.43281656783175
7.54251940808353
7.15454304951768
7.07372503605145
7.13856428352785
6.8488647836809
6.43944424882323
6.40868315140561
6.24007533080722
6.15327005765071
6.00254115361516
5.8623632728621
5.59199784376175
5.41055799469843
5.31181893506954
5.14999160961467
5.13949219694165
4.91972774315573
4.57534680113483
4.46507252505539
4.29251744830151
4.27204122692041
4.11299834103598
3.82508845716346
3.55733226516202
3.58831900660068
3.47713667613863
3.37373710880893
3.2775755111923
3.11814522540884
3.10987505963022
2.89218380545611
2.82973093907418
2.63164977333899
2.44743428920526
2.41611388896089
2.24698591673363
2.08969690256227
2.15341811938292
2.07267885102611
2.06759133145428
2.06285993825248
1.98845974257481
1.91926756059457
2.06491883135295
1.92037451315825
1.78594829723717
1.66093191643057
1.54466668228043
1.4365400145208
1.40598221350434
1.30756345855904
1.21603401645991
1.13091163530771
1.05174782083617
0.978125473377641
0.909656690241206
0.845980721924321
0.786762071389619
0.731688726392346
0.680470515544881
0.70283757945674
0.723638948894768
0.672984222472134
0.765875326899085
0.712264054016149
0.662405570235019
0.686037180318567
0.638014577696268
0.593353557257529
0.551818808249502
0.513191491672037
0.477268087254994
0.583859321147145
0.682989168666845
0.635179926860166
0.590717331979954
0.549367118741357
0.510911420429462
0.4751476209994
0.441887287529442
0.410955177402381
0.382188314984214
0.355435132935319
0.330554673629847
0.447415846475758
0.486096737222455
0.452069965616883
0.490425068023701
0.456095313262042
0.424168641333699
0.39447683644034
0.436863457889516
0.47628301583725
0.442943204728643
0.411937180397638
0.453101577769803
0.561384467325917
0.522087554613103
0.485541425790186
0.521553525984873
0.485044779165932
0.521091644624316
0.484615229500614
0.450692163435571
0.419143711995081
0.389803652155426
0.502517396504546
0.607341178749228
0.564827296236782
0.525289385500207
0.698519128515193
0.929622789519129
1.00454919425279
1.07423075065509
0.999034598109238
1.20910217624159
1.33446502390468
1.45105247223135
1.48947879917516
1.5952152832329
1.69355021340659
1.71500169846813
1.94495157957536
2.64880496900509
2.81338862117473
2.6864514176925
2.91839981845403
2.78411183116224
2.86922400298089
2.87837832277222
2.81689184017817
2.8297094113657
2.9116297525701
2.84781566989019
2.71846857299788
2.80817577288803
2.75160346878587
2.69899122597086
2.7200618401529
3.15965751134219
3.14848148554824
3.69808778155986
3.85922163685067
3.93907612227113
3.94334079371215
3.8773069381523
3.88589545248164
3.75388277080792
3.91111097685137
3.70733320847177
3.65781988387875
3.75177249200724
3.62914841756673
3.51510802833706
3.54905046635346
3.79061693370872
3.94527374834911
3.94910458596467
4.02266726494715
4.09108055640085
4.22470491745279
4.27897557323109
4.25944728310492
4.45128597328757
4.83969595515744
4.99091723829642
4.99155303161567
4.99214431940257
5.06269421704439
5.19830562185129
5.1144242283217
5.03641453233918
5.38386551507544
5.49699492902016
5.39220528398875
5.57475091410953
5.81451835012187
6.03750206561334
6.1748769210204
6.16263553654897
6.08125104899055
5.86556347556121
5.73497403227192
5.61352585001289
5.71057904051199
5.73083850767615
5.67967981213882
5.6321022252891
5.65785506951886
5.40180521465254
5.30367884962687
5.63242133015298
5.65815183704228
5.40208120844932
5.79393552385786
6.01836003718781
5.94707483458467
5.88077959616374
6.23912502443228
6.15238627272202
6.42171923363148
6.60219888727728
6.77004496516787
6.99614181760612
6.85641189037369
6.58646305804753
6.6154106439842
6.57233189890531
6.74226866598194
7.2503098593632
7.44278816920778
7.55179299736323
7.58316748754781
7.40234576341946
7.5841815599801
7.61328885078149
7.36035863122679
7.40513352704091
7.51677418014805
7.41059998753769
7.24185798841005
7.29492792922134
7.27428297417585
7.32508316598354
7.09232734436469
6.80586443025916
6.60945392014102
6.84679214573115
6.99751669552997
6.57769052684287
6.67725218996387
6.5598445366664
6.66065541909975
6.47440953976277
6.51120087197938
6.61541681094082
6.71233763417496
6.45247399978272
6.70080081979793
7.00174476241207
6.72162262904323
6.6011090450102
6.76903141185949
6.71519921302932
6.66513526811727
6.96857579934906
7.04077549339463
7.037921208857
7.31526672423701
7.29319805354042
7.41267418979259
7.24378699650711
7.15672190675162
7.495751373279
7.88104877714947
8.02937536274901
8.02731908735658
7.88540675124162
7.96342827865471
8.24598829914888
8.71876911820846
8.87845527993387
8.46696341033849
8.1542759716148
8.42347665360176
8.46383328784964
8.15136495770017
8.49076941066115
8.52641555191487
8.48956646328083
8.66529681085117
9.03872603409159
9.10601521170518
9.02859414688582
9.02659255660381
9.44473107764155
9.27359990220664
9.25444790905217
9.23663655541852
9.43007199653923
9.67996695678148
9.49236926980678
9.31790342092031
9.29565018145588
9.27495466875397
8.90570784194119
8.77230829300531
8.78824671249494
8.52306944262029
8.34645458163687
8.39220276092229
8.08474856765773
8.28881616792169
7.98859903616717
7.63939710363547
7.17463930638099
6.88241455493432
6.61064553608892
6.28790034856269
6.33774732416331
6.10410501147187
5.95681766066884
5.60984042442203
5.35715159471248
5.12215098308261
4.90360041426683
4.70034838526815
4.86132399829938
4.59103131841842
4.26965912612913
4.11078298730009
4.03302817818909
3.82071620571585
3.69326607131574
3.50473744632364
3.46940582508099
3.29654741732532
3.20578909811254
2.98138386124467
2.84268699095754
2.78369890159051
2.58883997847918
2.40762117998563
2.23908769738664
2.08235155856958
2.00658694946971
2.00612586300683
2.00569705259635
1.8652982589146
1.73472738079058
1.68329646413524
1.63546571164577
1.59098311183057
1.47961429400243
1.44604129342226
1.3448184028827
1.25068111468091
1.16313343665325
1.15171409608752
1.0710941093614
0.996117521706098
0.926389295186671
0.861542044523604
0.871234101406952
0.810247714308465
0.823530374306873
0.765883248105392
0.712271420738014
0.732412421286353
0.681143551796309
0.703463503170567
0.654221057948627
0.608425583892223
0.565835793019768
0.526227287508384
0.489391377382797
0.525133980966002
0.488374602298381
0.454188380137495
0.42239519352787
0.392827529980919
0.365329602882255
0.339756530680497
0.315973573532862
0.293855423385562
0.273285543748573
0.254155555686173
0.236364666788141
0.219819140112971
0.204431800305063
0.260121574283708
0.241913064083849
0.224979149597979
0.209230609126121
0.194584466487292
0.180963553833182
0.168296105064859
0.156515377710319
0.145559301270597
0.135370150181655
0.125894239668939
0.117081642892113
0.108885927889665
0.101263912937389
0.164175439031772
0.152683158299548
0.141995337218579
0.132055663613279
0.122811767160349
0.114214943459125
0.106219897416986
0.0987845045977971
0.161869589275951
0.150538718026635
0.14000100776477
0.130200937221236
0.12108687161575
0.112610790602647
0.104728035260462
0.44739707279223
0.486079277696774
0.802053728257999
1.16590996727994
1.85429626957034
3.89449553070042
3.97188084355139
3.76384918450279
3.5003797415876
3.32535315967647
3.30257843849911
3.07139794780418
3.20640009145788
3.12195208505583
3.39341543910192
3.43587635836479
3.40536501327925
3.30698946234971
3.21550019998523
3.20041518598626
3.18638612296722
3.24333909435952
3.64630535775435
3.60106398271155
3.41898950392174
3.31966023864722
3.22728402194191
3.28137414040598
3.12167795057756
3.18316049403713
3.38033925945453
3.56371551129271
3.52425542550222
3.48755754571707
3.31342851751687
3.57148852129069
4.72148432480035
4.74098042206432
4.89911179251982
6.58617396704343
6.47514178935039
6.30188186409586
6.28075013360915
6.19109762425651
6.03772079055856
6.24508033521946
6.0879247117541
5.94176998193131
6.01584608319612
5.87473685737239
5.74350527735633
5.41145990794138
5.31265771438549
5.5707716743785
5.53081765717201
6.68366042116997
6.98580419168807
6.8467978982699
6.71752204539101
6.66729550221364
6.62058481705869
6.22714387986458
5.93124380827406
5.93605674169487
5.59053276977623
5.4791954758919
5.44565179257946
5.2044561670989
5.40014423540198
5.23213413892384
5.14588474919917
5.13567281675523
5.05617571958236
4.9122434192116
4.77838637986679
4.93389933327611
4.65852637994679
4.54242953335051
4.43445946601598
5.17404730339486
6.00186399215722
7.61173351270621
7.35891216681678
7.1937883151396
7.39022313307983
6.94290751376424
6.73690398780075
6.6853207086547
6.63734825904887
6.59273388091545
6.97124250925137
7.11325553360377
7.66532764625151
8.1787547110139
8.23624188124293
8.14970494955592
8.13922560308701
7.98947981087092
7.78021622410995
7.44560108842226
7.2744090122327
7.25520038137641
7.30733635468006
7.14582280985246
7.20561521316279
7.26122214824139
7.17293659786449
7.02083103601398
8.629372863493
8.30531676304849
8.4239445896351
8.46426846836064
8.7117696755754
9.15194579828512
10.4713095924052
10.4383179209368
10.3376356664712
10.2440011698182
9.80692108793096
9.4704366117758
9.15750604895149
8.86648062552489
8.52582698173814
8.34901909301647
7.90458775650532
7.49126661354995
7.31687795060145
7.15469649405935
6.79386773947519
6.66829699771193
6.7615162078721
7.19821007332105
7.18433536818858
6.96143189241538
7.0341316599463
8.22174244375006
8.06622047268756
8.06158503959943
8.19727408682747
8.11346490074954
7.61552235769708
7.36243579265828
7.4770652871722
7.02367071707015
6.95201376687524
7.23537280319397
7.00889670697039
6.86827393748247
7.08749476185869
7.08137012852859
7.00567421953158
6.93527702416437
6.86980763247287
6.94892109819977
6.74249662132578
6.76052185783298
6.77728532778467
6.79287535483975
6.52737408000096
6.3504578944009
6.53592584179283
6.63841103286734
6.94372226056662
6.80766170232696
6.82112538316407
6.55364660634259
6.58489134389861
6.8239489498257
6.90627252333791
6.98283344670425
6.70403510543496
6.58475264805451
6.61381996269069
6.71085256530235
6.94109288573118
7.01521638373
7.2941512368689
7.13356065028808
7.12421140476791
7.32551660643416
7.16273044398377
6.8013393129049
6.46524556100156
6.36267837173145
6.12729088571025
6.11838052371053
6.04009388705079
5.89728731495724
5.83447720291023
5.70606379870652
5.51663933279706
5.34047457950127
5.17664135893618
5.30427646381065
5.2829771113439
5.12316871354983
4.97454690360134
4.83632862034925
4.4977856169248
4.53294062374006
4.35563478007826
4.33074034547278
4.16758852128969
4.08585732479941
4.28984731206345
3.98955800021901
3.85028894020368
3.65076871438942
3.60521490438216
3.49284986107541
3.45835037080013
3.35626584484412
3.19132723570503
3.10793432920568
3.24037892616128
3.01355240132999
2.87260373323689
2.81152147191031
2.61471496887659
2.43168492105523
2.33146697658136
2.16826428822067
2.15648578804522
2.00553178288206
1.86514455808031
1.73458443901469
1.61316352828366
1.50024208130381
1.46522513561254
1.43265937611966
1.40237321979129
1.3742070944059
1.27801259779748
1.18855171595166
1.10535309583504
1.16797837912659
1.08621989258773
1.01018450010659
0.939471585099127
0.873708574142188
0.882548973952235
0.890770545775578
0.828416607571288
0.770427445041298
0.716497523888407
0.666342697216219
0.619698708411083
0.576319798822307
0.535977412904746
0.498458994001414
0.463566864421315
0.431117183911823
0.400938981037995
0.442873252365336
0.411872124699762
0.383041075970779
0.356228200652824
0.331292226607127
0.308101770744628
0.286534646792504
0.336477221517029
0.382923816010837
0.356119148890078
0.401190808467773
0.443107451875029
0.412089930243777
0.383243635126712
0.426416580667842
0.396567420021093
0.438807700619617
0.478091161576244
0.584624780265907
0.543701045647293
0.505641972451983
0.470247034380344
0.43732974197372
0.47671666003556
0.51334649383307
0.547412239264755
0.649093382516223
0.603656845740087
0.561400866538281
0.662102805880601
0.685755609468959
0.637752716806132
0.663110026629703
0.756692324765624
0.98372386203203
0.984863191689788
0.915922768271503
0.921808174492498
0.997281602278023
1.06747189011856
1.06274885781026
1.05835643776354
1.1242714871201
1.18557248302169
1.24258240921017
1.50560164056546
1.75020952572588
1.69769485892507
1.78885621880031
2.01363628348429
2.15268174364039
2.00199402158556
1.93185444007457
2.00662462926935
2.0761609052205
2.07082964185506
2.41587156692521
2.38676055724044
2.49968731823361
2.67470920595726
2.90747956154025
2.91395599223243
3.19997907277616
3.25598053768183
3.3080619000441
3.49649756704102
3.60174273734815
3.90962074573378
4.12594729353241
4.46713098298514
4.57443181417618
5.51422158718385
5.61822607608098
5.57495025075531
5.74470373320244
5.62257447187827
5.29899425884679
5.13806466072752
5.47840013447659
5.51491212506323
5.6888682763088
5.50064749696719
5.39560217217948
5.29791002012692
5.20705631871804
5.47256237640777
5.36948301005923
5.69361919935508
5.64506585540023
5.66991124552221
5.76301745833566
5.77960623625216
5.93503379971451
5.8695814337345
5.94871073337308
5.88230098203697
5.89053991329438
5.68820211936377
5.50002797100831
5.46502601303773
5.64247419212509
5.59750099867633
5.69567592876899
5.64697861375516
5.4616901107923
5.63937180303684
5.52461577682426
5.55789267244656
5.5888401853753
5.75762137239903
5.8445878763311
5.92546672498792
6.14068405423877
6.20083617044205
6.04677763851111
6.04350320381533
6.11045797954826
6.03272592097988
6.17043510651129
6.0185046490555
5.87720932362162
5.9558046709681
5.67889834400034
5.70137545992031
5.58227917772589
5.68151963528508
5.84381326081512
5.85474633255807
5.654914089279
5.46907010302947
5.36623519581741
5.55059873211019
5.65205682086248
6.0264128434021
6.09456394436396
6.29794446825848
6.20708835548039
6.68259217059676
6.70481071865499
6.93547396834914
7.0099907905647
6.86929143522517
6.73844103475941
7.10675016232625
6.81927765096341
7.04192821539597
7.17899324031826
6.95646371349598
6.81951125355126
6.83214546580267
6.63389528319649
6.58952261337273
6.54825603043664
6.50987810830608
6.40418664072465
6.58589357587393
6.75488102556275
6.70203935377336
6.65289659900922
6.88719383707858
6.82509026848308
6.97733394968926
7.04892057321102
6.90549613308624
6.63211140377021
6.86786360550629
6.59711315312085
6.83531523240239
6.84684316613423
7.20756414450483
7.33303465438949
7.09972222858223
6.95274167258147
7.02604975550077
7.09422627261572
7.15763043353262
6.93659630318533
7.22103456196236
7.065562142625
7.83097279264125
8.47280469715636
8.36970836835541
8.20382878257054
8.0495607677906
8.04609151404526
7.83286510806209
8.26456455049774
8.2460450319629
8.4388218797255
8.19810434814471
8.39423704377458
8.64664045071036
8.46137561916064
8.6390793258194
8.66434377301204
8.9678397089012
9.25009092927811
9.23258456422865
9.14630364473264
8.92606238960136
8.86123802232926
8.94095136076621
8.80508476551258
9.0287288319267
8.60671781369183
8.5642475667334
8.52475023706207
8.62801772046772
8.72405648003498
8.81337252643253
8.54643644958225
8.2281858981115
8.14221288524369
8.34225798327663
8.31829992444727
8.29601892973596
8.06529760465444
7.92072677232863
7.64627589826563
7.74103658538704
7.33916402440994
7.38542254270125
7.35844296471216
7.33335195718231
7.31001732017955
7.21831610776698
6.99303398022329
6.92352160160766
6.64887508949513
6.74345383323047
6.48141206490434
6.44771322036103
6.06637329493576
5.92172716429026
5.71720626278994
5.45700182439464
5.14501169668702
4.92486087791893
4.6501206164646
4.53461217331208
4.35718932118024
4.12218606869762
3.97363304388879
3.83547873081657
3.70699521965941
3.44750555428325
3.27618016548343
3.11684755389959
2.96866822512661
2.83086144936775
2.63270114791201
2.51841206755817
2.3421232228291
2.24817459723106
2.16080237542489
2.07954620914514
1.93397797450498
1.86859951628964
1.73779755014936
1.75615172163891
1.70322110112418
1.58399562404549
1.54311593036231
1.43509781523694
1.33464096817036
1.31121610039843
1.21943097337054
1.20407080523461
1.11978584886818
1.11140083944741
1.10360278068609
1.09635058603807
1.0196060450154
0.948233621864323
0.88185726833382
0.890127259550453
0.897818351381921
0.834971066785187
0.776523092110224
0.722166475662508
0.671614822366132
0.624601784800503
0.580879659864468
0.540218083673955
0.502402817816778
0.467234620569604
0.434528197129732
0.404111223330651
0.375823437697505
0.34951579705868
0.325049691264572
0.302296212876052
0.281135477974728
0.261455994516497
0.243154074900343
0.226133289657319
0.210303959381306
0.195582682224615
0.251891894468892
0.374259461856069
0.418061299526145
0.388797008559315
0.361581217960163
0.406270532702951
0.377831595413745
0.351383383734783
0.396786546873348
0.369011488592213
0.483180684390758
0.449358036483405
0.417902973929567
0.458649765754497
0.496544282151683
0.461786182401065
0.77946114963299
0.794898869158681
0.809255948317573
0.822608031935343
0.835025469699869
0.776573686820878
0.932213528743417
0.936958581731378
0.871371481010181
1.02037547733947
1.08894919392571
1.22272275035091
1.34713215782634
1.6028329067785
1.560634603304
1.73139018107272
1.75019286839763
1.8376793676098
1.77904181187711
1.79450888504572
1.80889326309252
1.96227073467604
1.96491178324872
2.38736795842131
2.71025220133181
2.87053454723859
2.87959712893189
3.16802532990665
3.29626355681319
3.27552510783627
3.53623835028773
3.35870166576759
3.40359254916386
3.65534107072239
4.09946719577182
4.16250449206779
4.36112917762305
4.61585013518943
4.43274062572617
4.40244878192534
4.37427736719057
4.69807795148723
4.78921249488312
4.5939676202413
4.48238988682441
4.2386225947467
4.29191901311443
4.34148468219642
4.66758075444267
4.76085010163169
4.49759059451747
4.39275925290125
4.29526610519816
4.34459747783429
4.74047565438589
4.75864235857888
4.84553739347835
4.85634977593487
4.93640529161943
4.80085692120607
4.81479693672165
4.96776115115113
5.11001787057055
5.31231661963061
5.29045445625647
5.27012264431852
5.25121405921622
5.02362907507109
4.95197503981611
5.16533678702898
5.43376321193695
5.40339978710137
5.58516180200427
5.82420047586397
5.97650644255349
6.39815099157475
6.65028042216452
6.604760792613
6.77242753713009
7.13835760953099
7.05867257686382
6.98456549648335
6.84564591172952
6.78645069790845
6.94139914905486
7.01550120862102
6.80441612401755
6.67810699533632
6.98063950566278
7.47199474026638
7.43895510844774
7.4082282508564
7.44965227329645
7.8381766141657
7.7095042511741
7.86983895359191
7.80895022684048
7.82232371096165
7.48476105119433
7.66082777761073
7.61456983317798
7.50154994485552
7.39644144871563
7.50869054730554
7.40308220899415
7.51486645436456
7.61882580255904
7.78550799637991
7.73052243663332
7.67938586606899
7.70182885544416
7.65270083556307
7.67701177707365
7.8396209526785
7.920847485991
7.50638816197163
7.40094099063362
7.09287512128927
6.80637386279902
6.74992769240309
7.04743275393487
6.83411246115943
7.12572458887827
7.25692386765679
7.09893919692082
7.23201345313636
8.12577251141681
8.18696843561764
8.1038806451244
8.02660899996569
7.8847463699681
7.82281412407033
7.55521713538541
7.44635193590843
7.13510730039484
6.7756497893672
6.9313543041115
6.79615950282369
6.39042833762603
6.15309835399221
5.79238146921276
6.36691476636786
6.48123073272211
6.44754458143157
6.76621646073136
6.43258130848016
6.33230061688655
6.51903957370449
6.55270680354518
6.44401732729702
6.27293611438623
6.60383058637919
6.63156244533265
6.93735307415936
6.87173835896821
6.74071667384043
7.1788665066716
7.23634585120459
7.28980164162027
7.40951552670685
7.31084943983737
7.63908997904875
7.45435368051534
7.70254892287927
7.65337049827772
7.81763456339828
8.1104001439604
8.03267213388317
7.89038508451135
7.75805812859555
8.12499405959387
8.6062444754223
8.63380736214274
9.00944084679275
8.93877998751725
8.87306538839105
8.67195081120368
8.76491425441942
8.99137025661006
9.06197433864735
8.84763613494204
8.5783016054961
8.60782049311137
8.28527305859358
8.26530394449203
8.38673266837758
8.35966138159115
8.12448508487977
8.04577112893819
8.11256714991252
7.89468744941864
7.41205932795934
7.31321517500218
7.43129011275203
7.40109980485939
7.23302281851923
7.35671122122289
6.98174143573729
6.91301953523568
7.19910816776918
6.90517059602534
6.56180865430356
6.24248204850231
6.22550830510715
5.99972272374965
5.64974213308718
5.46426018377108
5.1517619709071
4.7911386329436
4.45575892863755
4.28385580363292
4.12398589737862
3.90530688456212
3.77193540264277
3.78789992445777
3.59274692974573
3.34125464466353
3.17736681953708
3.16495114216949
2.94340456221762
2.94736624286239
2.74105060586202
2.54917706345168
2.58073466901006
2.47008324217936
2.2971774152268
2.13637499616093
1.98682874642966
1.91775073417959
1.78350818278702
1.65866260999192
1.54255622729249
1.43457729138202
1.33415688098527
1.24076589931631
1.15391228636416
1.07313842631867
1.06801873647637
0.99325742492302
0.923729405178409
0.92906834681592
0.864033562538806
0.803551213161089
0.747302628239813
0.764991444263026
0.711442043164614
0.731641100143091
0.680426223133075
0.63279638751376
0.588500640387797
0.547305595560651
0.508994203871405
0.473364609600407
0.440229086928379
0.409413050843392
0.380754137284355
0.49410134767445
0.459514253337238
0.497348255603632
0.462533877711377
0.430156506271581
0.40004555083257
0.37204236227429
0.34599939691509
0.391779439131034
0.364354878391862
0.338850036904431
0.315130534321121
0.293071396918643
0.272556399134338
0.323477451194934
0.300834029611289
0.279775647538498
0.260191352210804
0.241977957556047
0.365039500527124
0.339486735490225
0.31572266400591
0.293622077525496
0.343068532098711
0.319053734851801
0.296719973412175
0.345949575273323
0.321733105004191
0.369211787653897
0.343366962518124
0.319331275141856
0.296978085881926
0.276189619870191
0.326856346479278
0.303976402225728
0.282698054069927
0.262909190285032
0.31450554696508
0.432490158677524
0.472215847570098
0.509160738240191
0.473519486563378
0.510373122503941
0.544647003928665
0.646521713653659
0.741265193697903
0.689376630139049
1.06112026602932
1.68684184740726
2.12876291808876
2.67974951382254
3.33216704785496
3.58891535450512
3.96769127968976
4.10995289011148
4.31225618780367
4.29039825465742
4.6200703768314
4.3666654504532
4.13099886892148
4.12182894809697
4.18330092173019
4.59046985720907
4.75913696720444
5.05599737950013
5.61207756293512
7.10923213352966
7.03158588418258
7.2393748722898
7.29261863122952
7.06213532704345
6.91778585415041
6.85354084435988
6.51379298525469
6.54782747628686
6.22947955294678
5.93341598424051
5.93807686534367
5.80241148476962
5.67624268083574
5.34890569317724
5.18448229465484
5.171568534029
5.08955873664697
4.80328962508168
4.81705935132596
4.61986519673315
4.50647463296183
4.4710214086545
4.43804991004868
4.40738641634528
4.51886936720111
4.41254851149703
4.45367011569224
4.49191320759378
4.59747928306222
4.83565573324786
4.84715983192051
5.20785864368607
5.19330853862805
5.31977694092409
5.4373925550594
5.47677507620524
5.44340082087088
5.48236276340992
5.65859736997122
5.61249555407324
5.42962086528811
5.39954740471794
5.93157908638769
6.21636855034055
6.13122275181671
5.91203715918954
5.91819455804627
5.99392093898304
5.78434647325422
5.79944222012643
5.81348126471758
6.03653757618735
5.96397994585423
5.89650134964444
6.25374625516933
6.30598401730747
6.35456513609595
6.46974557656923
6.64686338620939
6.46158294917473
6.1492721427325
6.97882309274123
6.84030547624934
7.20148409291189
6.90738020640805
6.70386359195949
6.58459314052233
6.68367162068576
6.77581460723776
6.51150758473112
6.96570205379994
7.38810291003394
7.78093570633157
7.72627020688836
7.81543129240617
8.24835110193774
8.5809665248021
8.40029886806595
8.16227794730134
8.50091849099024
8.53585419662093
8.42834440285746
8.39836029465744
8.16047507403142
7.79924181884922
7.95329489152978
7.88656424912269
7.6845047516841
7.56658941906622
7.59692815973158
7.13514318855037
6.91568316535185
6.71158534377722
6.59177436971281
6.55035016383292
6.65182565236461
6.32619785669909
6.16336400673015
5.87192852625904
6.09089352942091
5.80453098236145
5.74821381359614
5.76583884664441
6.13223012737931
6.19297401846275
6.10946583717036
5.89180322856844
5.82937700256865
6.33132061238884
6.23812816952162
6.08145919765511
6.00575705381925
5.8653540600519
6.15477927584827
6.35394472653889
6.46916859568117
7.20632679398349
7.33188391840464
7.44865204411632
7.69724640102818
7.8584391529562
7.86834841224927
8.01756402339182
8.01633454175439
8.15519112383159
8.56432774516338
8.59482480300194
8.76318706679181
8.84976397211638
9.00028049406823
9.21026085948346
9.19554259931962
9.25185461736724
9.23422479415154
9.07782905856093
9.28238102446167
9.33261435274935
9.30933134805689
9.70767815369291
9.93814068293441
10.152470835129
9.79179787666997
9.73637202530307
9.82482598353185
9.90708816468462
10.0535919931567
9.62984055363573
9.44575171488123
9.06454909483955
8.92003065820078
8.71562851212672
8.59553451627785
8.4838471001384
8.09997780312872
8.16297935690971
8.08157080192603
7.9358608457912
8.08035058658582
7.79472604552481
7.80909522233808
7.82245855677441
7.4848864578002
7.52094440575419
7.34447829735139
6.9003648165368
6.76733927937922
6.43362552982268
6.33327174273509
6.23994272074363
6.36314673029158
6.19772645917117
5.97388560702919
5.97571361453714
5.69741366151954
5.57859470521318
5.32809307584825
5.16512656053888
5.01356770130116
4.66261796221007
4.40623470485537
4.23779827551549
4.22115239622941
4.13567172849335
4.19617470749882
4.0424424779739
3.89947150451573
3.62650849919963
3.37265290425565
3.20656720095776
2.98210749689071
2.91335997210836
2.77942477406078
2.58486503987652
2.61392448708517
2.43094977298921
2.33078328887996
2.30762845865836
2.14609446655228
1.99586785389362
1.92615710412107
1.86132610683259
1.73103327935431
1.60986094979951
1.49717068331354
1.3923687354816
1.29490292399788
1.20425971931803
1.11996153896577
1.04156423123817
0.968654735051494
0.90084890359789
0.907789480346038
0.844244216721815
0.785147121551288
0.730186823042698
0.679073745429709
0.63153858324963
0.657330882422155
0.611317720652605
0.568525480206922
0.528728696592438
0.491717687830967
0.457297449682799
0.425286628205003
0.395516564230653
0.437830404734508
0.407182276403092
0.378679517054876
0.352171950861034
0.467519914300762
0.434793520299709
0.474357973878729
0.441152915707218
0.410272211607713
0.381553156795173
0.354844435819511
0.330005325312145
0.376904952540295
0.350521605862474
0.325985093452101
0.373166136910454
0.417044507326722
0.387851391813852
0.360701794386882
0.4054526687798
0.447070981965214
0.415776013227649
0.386671692301714
0.359604673840594
0.334432346671752
0.38102208240473
0.354350536636399
0.329545999071851
0.376477779136821
0.420124334597244
0.530715631175437
0.563565536993156
0.594115949403635
0.692527832945381
0.854050884639204
1.07426732271446
0.999068610124448
1.34913380741574
1.46469444089663
1.43216583003387
1.6819142219315
1.98418022639629
2.05528761054855
2.12141747781016
2.11291825436344
2.175013976558
2.30276299819894
2.21156958832502
2.68675971714227
2.63868653694231
2.52397847935635
2.4872999858014
2.5231889867953
2.55656575771963
2.79760615467926
2.88177372385171
3.03004956318209
3.02794609375934
3.02598986719619
3.09417057649246
3.08757863613799
3.22144813160833
3.90594676239574
4.12253048902804
4.46395335479608
4.71147661996035
5.15167325656313
5.35105612860371
5.74648219960145
5.90422844562935
5.77093245443529
5.85696718262482
5.79697947984109
5.74119091625221
5.61930755211456
5.57595602346654
5.53563910182388
5.63814436469621
5.66347425916747
5.68703106102575
5.77893888675395
5.72441316468117
5.46370424315349
5.29124494613275
5.34085779990345
5.17699775391021
5.1646079111365
5.22308535735694
5.27746938234196
5.46804652557802
5.57528326878756
5.74501343997243
5.62286249917436
6.55926212423216
6.66011377553591
6.54390581124839
6.57583240446101
6.74552413614874
7.04333744661832
6.97030382535504
6.76238255758019
6.84901577854958
7.1395846740511
7.26981374686753
7.4609267845868
7.63866190966573
7.66395557598913
7.40747868566989
7.518955177673
7.76262831523589
7.70924433316937
7.44959722984752
7.41812542375819
7.17885664409512
7.09633667900846
7.50959311147787
7.54392159367442
7.78584708211721
7.52083778636901
7.34437914132318
7.32027260143055
7.71785351933041
7.80760377297729
7.68107150886888
7.35339650324805
7.46865874802069
7.64585263565924
7.4606429511631
7.63839794458168
7.94371008846096
7.9476503822687
7.60131485550989
7.8392228156242
7.6404772185305
8.01564381323337
7.73454874630703
8.24313033406554
8.22611121068095
8.35028342593329
8.18576358611796
8.3127601350897
8.22086692563342
8.27540624083908
8.25612780398035
8.23819885770172
7.8715249376626
7.39051819202622
7.43318191858439
7.54285918428348
7.57485904138364
7.88461890848678
7.68269558489271
7.77490689395022
8.1406634113737
7.92081697257754
7.78635978449712
7.87131459958232
8.09032257761156
7.73399999717875
7.82261999737623
7.4850365975599
7.73108403573071
7.74990815322956
7.76741458250349
7.57369556172824
7.67353687240727
7.62638929133876
7.58254204094505
7.82176409807889
7.62424061121337
7.44054376842843
7.68970570463844
7.71142630531375
7.94162646394179
8.01571261146587
7.94461272866326
7.94848983765683
8.02209554902085
7.88054886058939
7.88891044034813
7.82668670952376
7.7688186398571
7.9950013350671
8.34535124161241
8.60117665469954
8.55909428887057
8.65995768864963
8.89376065044416
8.41119740491307
8.45241358656915
8.56074463550931
8.59149251102366
9.11008803525201
8.96238187278437
9.45501514168946
9.5631640817712
10.1537425960472
9.79298061432391
9.80747197132123
9.89094893332875
9.26858250799574
9.31978173243603
9.08739701116551
9.43127922038393
9.26108967495705
9.45281339771006
9.56111645987036
9.45183830767943
9.70020962614187
9.51119495231194
9.82541130565011
9.6276325142546
9.23369823825678
9.0773393615788
9.00192560626829
9.14179081382951
9.27186545686144
9.18283487488114
8.96003643363946
8.6128338832847
8.28993551145477
8.19964002565294
8.11566522385723
8.17756865818723
8.02513885211413
7.67337913246614
7.62624259319351
7.65240561166996
7.46673721885306
7.22406561353335
