0
3.5
3.765
3.35955
2.1089885
1.521224595
1.77497555965
4.0142385130355
4.00669210112668
4.53314528752954
3.72057828513888
4.92867179401528
5.49647574318718
3.11334359929797
1.46327149167005
2.27773760108492
1.07053667250991
0.503152236079659
0.76648155095744
1.42024632895
1.7275157746065
1.87193241406505
1.40980823461058
0.66260987026697
0.841426639025476
0.925470520341974
0.434971144560728
0.734436437943542
0.345185125833465
0.692237009141728
0.325351394296612
0.682915155319408
0.850970123000122
1.45995595781006
1.74617930017073
1.35070427108024
1.69483100740771
0.796570573481625
0.904388169536364
0.425062439682091
0.199779346650583
0.623896292925774
0.293231257675114
0.667818691107303
0.313874784820433
0.147521148865603
0.599334939966834
0.811687421784412
0.381493088238674
0.179301751472177
0.084271823191923
0.569607756900204
0.267715645743096
0.125826353499255
0.0591383861446498
0.0277950414879854
0.543063669499353
0.255239924664696
0.119962764592407
0.586382499358431
0.275599774698463
0.129531894108277
0.0608799902308904
0.0286135954085185
0.0134483898420037
0.00632074322574173
0.532970749316099
0.250496252178566
0.117733238523926
0.0553346221062453
0.0260072723899353
0.0122234180232696
0.0057450064709367
0.00270015304134025
0.00126907192942992
0.000596463806832061
0.000280337989211069
0.000131758854929202
0.530061926661817
0.249129105531054
0.647090679599595
0.30413261941181
0.142942331123551
1.12718289562807
1.05977596094519
0.49809470164424
0.234104509772793
0.110029119593213
0.58171368620881
0.273405432518141
1.71850055328353
1.86769526004326
2.46781677222033
1.15987388294356
0.545140724983471
0.786216140742231
1.95952158614885
0.920975145489959
0.962858318380281
2.04254340963873
1.4899954025302
1.2302978391892
1.63823998441892
0.769972792676893
0.89188721255814
1.47918698990233
0.695217885254093
0.856752406069424
2.52267363085263
1.18565660650074
1.08725860505535
1.57101154437601
2.32837542585673
2.68433645015266
3.38163813157175
2.64936992183872
3.3652038632642
4.23164581573417
4.10887353339506
4.05117056069568
2.96405016352697
5.10310357685768
6.10845868112311
6.05097558012786
5.49395852266009
4.17216050565024
4.08091543765561
2.44803025569814
3.27057422017813
2.06716988348372
5.21156984523735
4.03943782726155
4.01853577881293
4.53871181604208
5.84319455353978
5.92630144016369
5.96536167687694
7.04371998813216
7.02054839442212
5.41965774537839
5.72723914032785
3.22180239595409
4.16424712609842
6.72719614926626
4.22178219015514
1.98423762937292
2.52259168580527
4.89561809232848
4.42094050339438
5.25784203659536
3.53118575719982
4.30965730588392
5.20553893376544
5.62660329886976
5.29450355046879
5.66841666872033
5.31415583429856
3.55765324212032
5.91209702379655
8.60868560118438
7.75608223255666
7.35535864930163
5.57701856517177
7.92119872563073
6.37296340104644
8.29529279849183
6.54878761529116
9.43793017918684
4.96582718421782
8.16393877658237
5.42705122499372
6.26071407574705
5.59253561560111
5.80849173933252
6.43999111748628
7.26679582521855
6.59539403785272
6.80983519779078
7.44062254296167
11.977092595192
14.1092335197402
11.4013397542779
10.6586296845106
8.71955595171999
7.80819129730839
7.90984990973495
7.42762945757542
6.67098584506045
6.31536334717841
6.67822077317385
5.78876376339171
8.5507189687941
6.13883791533323
7.12525382020662
10.2388692954971
10.6422685688836
9.77186622737531
9.3627771268664
9.17050524962721
9.08013746732479
11.1576646096427
6.83410236653205
6.92202811227006
11.7333532127669
11.8746760100005
8.23109772470021
6.5186159306091
6.77374948738628
6.36366225907155
6.70092126176363
4.73943299302891
4.34753350672359
4.16334074816008
5.66677015163524
5.31338197126856
8.85728952649622
7.87292607745322
7.94027525640302
7.44192937050942
6.67770680413943
6.31852219794553
6.1497054330344
6.60036155352617
4.6921699301573
4.85531986717393
3.87200033757175
9.23984015865872
10.7027248745696
8.74028069104771
6.22793192479242
5.57712800465244
6.86125016218665
4.81478757622772
5.97295016082703
8.6372865755887
8.82952469052669
6.79987660454754
8.49594200413735
7.70309274194455
12.1004535887139
10.9872131866956
8.34399019774691
8.16167539294105
5.95598743468229
9.15931409430068
7.48487762432132
7.22789248343102
6.57710946721258
7.86124144958991
8.99478348130726
5.81754823621441
6.97424767102077
5.92789640537976
7.02611131052849
7.54227231594839
6.72486798849574
6.340687954593
4.57012333865871
3.20795796916959
5.74774024550971
4.82143791538956
5.44607582023309
7.85965563550955
6.34403814868949
5.63169792988406
5.29689802704551
4.60954207271139
2.69648477417435
4.44734784386195
4.74025348661512
3.2879191387091
3.66532199519328
2.78270133774084
2.8978696287382
2.42199872550695
2.72833940098827
3.93231951846449
3.96819017367831
5.5750493816288
4.21027320936554
4.6288284084018
3.23554935194885
3.11070819541596
1.4620328518455
2.27715544036739
1.60026305697267
1.81212363677716
0.851698109285263
1.46029811136407
1.74634011234111
4.00077985280032
3.47036653081615
2.69107226948359
2.85480396665729
2.93175786432893
2.43792619623459
2.20582531223026
1.56673789674822
2.85636681147166
1.87249240139168
0.880071428654091
1.47363357146742
1.22260777858969
0.574625655937154
0.800074058290462
0.376034807396517
1.23673635947636
1.64126608895389
1.30139506180833
0.611655679049914
0.28747816915346
0.135114739502126
0.593503927565999
0.27894684595602
0.131105017599329
0.0616193582716847
0.558961098387692
0.262711716242215
1.18347450663384
1.08623301811791
1.04052951851542
0.489048873702245
0.759852970640055
0.357130896200826
0.167851521214388
0.0788902149707625
0.0370784010362584
1.07742684848704
1.03639061878891
1.01710359083079
0.47803868769047
0.754678183214521
0.884698746110825
0.415808410672088
0.195429953015881
0.0918520779174642
0.0431704766212082
0.550290124011968
0.258636358285625
0.121559088394244
0.587132771545295
0.275952402626288
0.129697629234356
0.0609578857401471
0.0286502062978691
0.0134655969599985
0.00632883057119929
0.00297455036846367
0.531398038673178
0.249757078176394
0.117385826742905
0.0551713385691653
0.0259305291275077
0.0121873486899286
0.00572805388426645
0.532692185325605
0.250365327103034
0.117671703738426
0.0553057007570603
0.0259936793558183
0.0122170292972346
0.5357420037697
0.251798741771759
0.118345408632727
0.585622342057382
0.275242500766969
0.129363975360476
0.0608010684194235
0.0285765021571291
0.0134309560138507
0.00631254932650981
0.00296689818345961
0.00139444214622602
0.530655387808726
0.249408032270101
0.117221775166948
0.0550942343284654
0.0258942901343787
0.012170316363158
0.00572004869068426
0.532688422884622
1.31036355875577
1.14587087261521
0.53855931012915
1.8431228757607
2.45626775160753
1.68444584325554
1.8516895463301
1.40029408677515
2.24813822078432
1.58662496376863
1.27571373297126
6.95958545449649
5.39100516361335
5.71377242689827
3.74547304064219
2.82037232910183
2.91557499467786
1.37032024749859
2.76405051632434
7.65910374267244
6.24977875905605
5.58739601675634
10.0460761278755
5.78165578010148
2.71737821664769
1.80716776182442
2.96936884805748
1.92560335858701
2.4950335785359
9.12266578191187
13.2976529174986
12.0798968712243
19.4575515294754
12.8550492188535
8.69187313286112
6.73518037244473
11.115534775049
8.93430134427304
7.37912163180833
6.64818716694991
6.30464796846646
6.67318454517924
3.66639673623424
8.61320646603009
7.22820703903414
6.57725730834605
5.21131093492264
4.03931613941364
5.60847858552441
4.22598493519647
4.10621291954234
5.6399200721849
4.7707624339269
5.42225834394564
4.66846142165445
4.84417686817759
3.86676312804347
12.4173786701804
25.9761679749848
18.5687989482429
10.8473355056741
6.68824768766685
6.85347641320342
5.87113391420561
3.81943293967664
4.97513348164802
3.92831273637457
3.96630698609605
3.45416428346514
4.27345721322862
3.59852489021745
10.1713066984022
13.790514148249
10.721541649677
6.09912457534821
4.98658855041366
4.46369661869442
4.21793741078638
4.6324305830696
5.35724237404271
5.69790391580007
14.868014840426
12.2879669750002
8.95534447825011
6.85901190477755
5.34373559524545
3.04155572976536
4.60953119298972
3.22647966070517
4.16644544053143
5.66822935704977
4.25406779781339
14.1894118649723
9.84902357653698
6.21904108097238
7.69294930805702
6.2656861747868
3.4748725021498
3.7531900760104
3.35399933572489
3.1663796877907
3.60819845326163
2.22585327303296
4.22615103832549
5.16629098801298
5.0781567643661
16.1667336792521
10.7783648292485
7.71583146974678
6.80644079078099
16.4490271716671
11.4410427706835
9.08729010222125
6.39102634804399
7.77378238358068
13.1936777202829
7.79102852853297
6.8417834084105
12.7556382019529
7.58514995491788
4.6250204788114
5.88375962504136
8.06536702376944
5.38072250117164
6.23893957555067
2.93230160050881
4.02818175223914
4.0132454235524
3.47622534906963
3.22382591406272
2.57519817960948
3.86034314441646
2.87436127787573
5.06094980060159
5.02864640628275
7.66346381095289
21.0918279911479
17.3331591558395
12.3865848032446
12.1816948575249
7.84539658303672
7.39733639402726
6.12674810519281
3.93957160944062
5.56159865643709
6.32395136852543
7.21225714320695
4.97976085730727
6.58048760293442
6.27282917337918
5.59822971148821
6.34116796439946
6.69034894326775
5.26446400333584
7.24429808156784
7.11482009833689
7.58396544621834
6.74446375972262
8.46989796706963
6.10085204452273
6.04740046092568
4.96227821663507
2.86227076181848
3.46526725805469
4.2786756112857
3.60097753730428
2.22245944253301
2.63455593799052
2.82824129085554
3.4492734067021
5.33115850114999
7.8056444955405
5.25865291290403
3.5315668690649
2.1898364284605
2.61922312137643
3.88103486704692
2.88408638751205
2.94552060213067
2.44439468300141
3.79886550101066
1.78546678547501
2.95916938917326
3.51080961291143
3.77008051806837
3.36193784349213
3.7001107864413
2.79905206962741
2.90555447272488
3.4856106021807
2.16823698302493
1.54907138202172
3.37806354955021
1.5876898682886
0.746214238095641
1.41072069190495
1.19303872519533
2.6807282008418
1.25994225439565
2.18217285956595
1.555621243996
1.26114198467812
2.18273673279872
3.1458862644154
2.53856654427524
1.19312627580936
2.1507693496304
4.19086159432629
2.49970494933336
1.70486132618668
1.33128482330774
0.625703866954637
0.824080817468679
1.97731798421028
2.51933945257883
2.24408954271205
3.17472208507466
2.02211937998509
2.01039610859299
1.47488617103871
0.693196500388192
0.32580235518245
0.683127106935752
1.3810697402598
0.649102777922108
0.835078305623391
0.392486803642994
0.714468797712207
0.335800334924737
0.687826157414626
0.323278293984874
0.681940798172891
0.320512175141259
0.150640722316392
0.600801139488704
0.812376535559691
0.911816971713055
0.428553976705136
0.201420369051414
0.624667573454164
0.293593759523457
0.137989066976025
0.0648548614787317
0.0304817848950039
0.0143264389006518
0.536733426283306
0.252264710353154
0.118564413865982
0.0557252745170117
0.0261908790229955
0.0123097131408079
0.0057855651761797
0.00271921563280446
0.0012780313474181
0.000600674733286505
0.000282317124644658
0.530132689048583
0.249162363852834
0.117106311010832
0.055039966175091
0.0258687841022928
0.0121583285280776
0.00571441440819647
0.00268577477185234
0.0012623141427706
0.000593287647102182
0.530278845194138
0.249231057241245
0.117138596903385
0.055055140544591
0.0258759160559578
0.0121616805463001
0.00571598985676107
0.0026865152326777
0.00126266215935852
0.000593451214898504
0.000278922071002297
0.00013109337337108
6.16138854844074e-05
0.530028958526178
1.3091136105073
0.615283396938433
0.289183196561063
0.6659161023837
0.312980568120339
0.147100867016559
0.0691374074977828
1.09249458152396
0.51347245331626
0.241332053058642
6.47342606493756
3.57251025052065
2.20907981774471
1.56826751434001
8.68708573173981
7.79293029391771
5.78267723814132
3.24785830192642
1.52649340190542
2.30745189889555
3.20450239248091
3.62611612446603
3.29427457849903
5.78830905189455
4.31050525439044
4.1459374695635
5.12859061069485
4.00043758702658
3.47020566590249
4.81099666297417
2.79116843159786
3.96184916285099
3.98206910653997
5.05157248007379
5.55423906563468
4.2004923608483
4.6242314095987
3.76338876251139
15.5487927183804
20.5579325776388
14.9622283114902
12.3322473064004
5.79615623400819
5.90419342998385
3.83497091209241
6.57243632868343
10.5090450744812
11.2992511850062
5.8406480569529
13.8751045867679
9.7012991557809
6.67961060321702
6.319416983512
10.9201259822506
6.1924592116578
8.21045582947917
7.56891423985521
5.14738969273195
6.12927315558401
3.94075838312449
5.03215644006851
2.8951135268322
1.89070335761113
2.47863057807723
4.8749563716963
7.06122949469726
17.0987778625077
13.3364255953786
7.85812002982795
5.81331641401914
15.982258714589
12.2816615958568
7.36238095005271
8.23031904652477
9.69824995186664
9.32817747737732
10.2142434143673
8.51069440475265
5.59002637023374
5.80731239400986
6.96943682518464
6.45563530783678
6.21414859468329
6.10064983950114
4.45730542456554
3.6849335495458
3.32191876828653
2.62130182109467
4.41201185591449
4.72364557227981
14.9401134189715
25.0418533069166
14.9496710542508
9.14634539549788
8.008782335884
8.00412769786548
4.82194001799678
7.03631180845849
4.89706654997549
5.48162127848848
3.10636200088959
4.6399901404181
2.71079536599651
3.92407382201836
3.43431469634863
3.73412790728386
4.93504011642341
2.849468854719
3.45925036171793
4.27584767000743
6.24964840490349
6.64733475030464
5.77424733264318
5.8938962463423
4.36013123578088
3.10926168081701
2.521352989984
3.30503590529248
3.67336687548746
3.31648243147911
3.14874674279518
5.71991096911374
5.86835815548346
4.34812833307722
4.6936203165463
5.91600154877676
3.84052072792508
2.33504474212479
2.15747102879865
3.66401138353537
6.49208535026162
6.23128011462296
7.16870165387279
4.42928977732021
4.7317661953405
4.34393011181004
4.16164715255072
3.54597416169884
3.25660785599845
4.18060569231927
4.61488467539006
13.2989957974333
16.8505280247937
13.219748171653
14.6932816406769
9.02584237111815
6.89214591442553
7.47930857978
5.1052750324966
6.1094792652734
8.1714552546785
7.02058396969889
7.53967446575848
8.31364699890649
11.857414089486
8.75298462205844
7.82390277236747
8.44723430301271
7.68020012241597
11.0296940575355
7.83395620704169
6.86195941730959
5.87512092613551
7.00130683528369
4.35061421258333
6.28478867991417
7.19385067955966
4.44110981939304
5.26732161511473
7.77564115910392
4.71455134477884
3.80583913204606
2.31874439206165
6.38980986426897
7.77321063620642
6.83340899901702
5.861702229538
5.93500004788286
6.49945002250494
5.17474151057732
2.43212850997134
4.32310039968653
5.21185718785267
5.62957287829076
4.23589925279665
3.58087264881443
1.68301014494278
2.91101476812311
4.54817694101786
3.72764316227839
4.93199228627085
3.9080363745473
3.42677709603723
2.1405852351375
3.12607506051462
4.64925527844187
3.77514998086768
2.30432049100781
1.08303063077367
5.27902439646363
4.6011414663379
3.75253648917881
3.35369214991404
2.6362353104596
1.76903059591601
2.42144438008053
1.66807885863785
1.31399706355979
1.1475786198731
2.12936195134036
1.53080011712997
2.83947605505108
1.86455374587401
1.93634026056078
1.97007992246357
0.925937563557877
0.965190654872202
0.453639607789935
0.213210615661269
0.630208989360797
0.296198224999574
0.6692131657498
0.314530187902406
0.147829188314131
0.0694797185076415
0.562655467698592
1.32444806981834
0.622490592814619
1.35257057862287
1.16570817195275
1.07788284081779
1.03660493518436
1.01720431953665
0.478086030182226
0.224700434185646
1.69560920406725
2.38693632591161
1.65186007317846
0.776374234393874
0.364895890165121
0.171501068377607
0.0806055021374752
0.0378845860046133
0.0178057554221683
0.00836870504841909
0.533933291372757
0.250948646945196
0.647945864064242
0.304534556110194
0.143131241371791
0.0672716834447418
0.0316176912190286
0.0148603148729435
0.00698434799028343
0.00328264355543321
0.00154284247105361
0.530725135961395
0.779440813901856
0.366337182533872
0.17217847579092
0.0809238836217324
0.0380342253022142
0.547876085892041
0.787501760369259
0.370125827373552
0.173959138865569
0.0817607952668176
0.0384275737754043
0.01806095967444
0.0084886510469868
0.0039896659920838
0.00187514301627938
0.00088131721765131
0.000414219092296116
0.000194682973379174
9.1500997488212e-05
4.30054688194596e-05
0.530020212570345
0.249109499908062
0.117081464956789
0.0550282885296909
0.555863295608955
1.32125574893621
0.620990202000018
0.291865394940009
0.137176735621804
0.0644730657422479
0.0303023408988565
0.0142421002224626
0.536693787104557
1.84224607993914
1.3958556575714
2.24605215905856
1.05564451475752
1.02615292193604
1.01229187330994
0.47577718045567
0.223615274814165
1.69509917916266
1.85669661420645
1.40264740867703
1.7192442820782
1.33804481257676
1.68888106191108
0.793774099098205
0.903073826576156
0.424444698490793
2.84948900829067
3.45925983389662
3.21585212193141
2.04145049730776
1.48948173373465
1.23005641485528
1.63812651498198
2.35991946204153
2.16916214715952
3.66950620916497
2.78466791830754
2.36879392160454
5.35333314315413
5.16606657728244
6.13805129132275
3.41488410692169
4.7849955302532
5.958947899219
8.10070551263293
9.10733159093748
6.40044584774061
7.77820954843809
6.3057584877659
4.55370648924997
4.79024204994749
4.90141376347532
4.4236644688334
4.7291223003517
6.4626874811653
5.15746311614769
5.60400766458941
3.16388360235702
4.1370252931078
3.53440188776067
5.37116888724751
7.29444937700633
5.54839120719298
3.1377438673807
3.59473961766893
4.3395276203044
2.56957798154307
3.85770165132524
3.40311977612286
4.77946629477775
5.95634915854554
5.9794841045164
7.58035752912271
5.68276803868767
8.50090097818321
8.23542345974611
5.46064902608067
7.86650504225792
4.75725736986122
5.94591096383477
7.03457815300234
10.1962517319111
7.44223831399822
5.61785200757916
3.70039044356221
2.26918350847424
4.77651624898289
5.95496263702196
5.44883243940032
5.74095124651815
3.75824708586353
6.53637613035586
6.25209678126725
5.58848548719561
7.39658817898194
8.24639644412151
10.2358063287371
6.93082897450644
10.147489618018
9.53932012046847
9.25348045662018
8.05913581461149
10.6777938328674
9.25856310144768
7.00152465768041
8.06071658910979
6.9685367968816
7.51521229453435
6.71214977843115
6.33471039586264
9.33731388605544
9.15853752644606
7.48451263742965
8.81772093959193
5.20432884160821
5.09603455555586
9.28513624111125
7.54401403332229
7.78568659566148
9.48927269996089
9.75995816898162
6.70718033942136
11.102374759528
8.92811613697818
5.25621458437974
7.77042085465848
6.83209780168949
3.74108596679406
5.99831040439321
4.40920589006481
5.25232676833046
5.11859358111532
6.1157389831242
6.05439732206837
8.67556674137214
6.1975163684449
8.7428326931691
7.28913136578948
7.66589174192105
6.2529691187029
5.58889548579036
6.86678087832147
6.93738701281109
7.50057189602121
6.17526879112997
3.96237633183109
8.75231687596061
6.23358893170149
6.1097867978997
7.11159979501286
6.52245190365604
7.30555239471834
7.14360962551762
4.94749652399328
4.97532336627684
6.04840198215012
6.02274893161055
7.07069199785696
10.2132252389928
13.2802158623266
10.4817014552935
10.7563996839879
11.9455078514743
9.32438869019294
11.2724626843907
10.5980574616636
11.8710870069819
9.81941089328149
8.3251231198423
8.68280786632588
9.38091969717316
10.2390322576714
10.6423451611056
8.71190222571961
8.86459404608822
9.46635920166146
10.8091888247809
8.79031874764702
7.8414498113941
6.86548141135523
6.93677626333696
5.91028484376837
9.13783387657113
6.94478192198843
5.38404750333456
7.30050232656725
5.02123609348661
5.0099809639387
5.53469105305119
6.84130479493406
7.45541325361901
6.68404422920093
7.91150078772444
6.89840537023049
8.01225052400833
4.82575774628391
5.44810614075344
6.80060988615412
4.78628664649244
2.77955472385144
4.48639072021018
4.22860363849878
4.63744371009443
4.29959854374438
4.14081131555986
3.00618131831313
3.00290521960717
3.53136545321537
3.24974176301122
4.17737862861528
3.02336795544918
1.42098293906111
2.25786198135872
2.1211951312386
3.11696171168214
2.52497200449061
1.18673684211059
0.557766315791975
2.38215016842223
2.17961057915845
2.08441697220447
2.0396759769361
1.48864770915997
2.28966442330518
1.07614227895344
1.56578687110812
0.735919829420814
0.345882319827783
1.22256469031906
0.574605404449957
0.27006454009148
1.716930333843
1.33695725690621
1.68836991074592
1.85353385805058
1.40116091328377
1.18854562924337
2.67861644574439
1.25894972949986
0.591706372864935
0.278101995246519
0.130707937765864
0.0614327307499561
0.558873383452479
0.262670490222665
0.123455130404653
0.0580239112901868
0.0272712383063878
0.0128174820040023
0.00602421654188106
0.0028313817746841
0.00133074943410153
0.000625452234027717
0.000293962549993027
0.530138162398497
0.779164936327293
0.366207520073828
1.2321175344347
0.579095241184309
0.272174763356625
0.657922138777614
0.309223405225478
0.145335000455975
0.0683074502143082
0.0321045016007248
0.0150891157523407
1.0670918844036
1.56153318566969
0.733920597264755
0.344942680714435
0.162123059935784
0.0761978381698187
0.0358129839398148
0.0168321024517129
0.00791108815230508
0.00371821143158339
0.00174755937284419
0.00082135290523677
1.06038603586546
1.02838143685677
0.48333927532268
0.75716945940166
0.35586964591878
0.167258733581827
0.0786116047834585
0.566947454248226
0.796465303496666
0.374338692643433
0.175939185542414
0.612691417204934
1.34796496608632
0.63354353406057
0.297765461008468
0.66994976667398
0.314876390336771
0.677991903458282
0.318656194625393
0.149768411473935
0.0703911533927492
0.0330838420945921
1.07554940578446
1.5655082207187
0.735788863737787
0.34582076595676
1.75253575999968
2.94369180719985
2.44353514938393
2.20846152021045
1.03797691449891
2.60784914981449
2.81568910041281
2.91337387719402
2.42928572228119
2.73176428947216
2.87392921605191
2.4107467315444
3.78305096382587
8.13803395299816
6.47487595790913
3.57319170021729
4.85940009910213
2.813918046578
3.44254148189166
3.20799449648908
2.56775741334987
2.79684598427444
3.43451761260899
2.67422327792622
1.78688494062532
2.9598359220939
2.45112288338413
2.21202775519054
2.62965304493956
6.00593693112159
4.41279035762715
7.90401146808476
6.89488538999984
5.89059613329992
4.88858018265096
3.88763268584595
3.9471873623476
2.91517806030337
4.55013368834258
2.66856283352101
2.84422453175488
3.98678552992479
2.93378919906465
2.43888092356039
3.26627403407338
5.24514879601449
5.64521993412681
4.7732533690396
4.89342908344861
4.94991166922085
5.5064584845338
5.23803548773089
4.58187667923352
5.86348203923975
8.05583655844268
7.49624318246806
6.17323429575999
5.5514201190072
5.78916745593338
6.43090870428869
5.14252709101568
4.53698773277737
7.43238423440537
7.20322059017052
5.50551367738015
6.82759142836867
7.97896797133327
8.52011494652664
8.24445402486752
7.05489339168773
5.96579989409324
4.39392595022382
4.1851451966052
4.08701824240444
5.63089857393009
5.82652232974714
5.38846549498116
5.18257878264114
5.61581202784134
3.69943165308543
3.85873287695015
7.11360445216657
6.52339409251829
4.1259952234836
7.76921775503729
8.42153234486753
6.60812020208774
5.75581649498124
8.53523375264118
6.66155986374136
8.43093313595844
8.73253857390047
8.87429312973322
9.47091777097461
7.10133135235807
4.92762573560829
6.0259840957359
6.01221252499587
7.59573988674806
10.9899977467716
10.4652989409826
9.68869050226184
8.79368453606307
6.78303173194964
8.48802491401633
8.22937170958768
5.98780470350621
7.05426821064792
8.08550605900452
6.98018784773213
5.9306882884341
7.02742349556403
7.01288904291509
7.53605785017009
5.66194718957994
4.25111517910257
4.11802413417821
7.23547134306376
8.17067153123997
4.37021561968279
6.29400134125091
5.60818063038793
6.87584489628233
5.35164710125269
6.22527413758877
7.16587884466672
7.60796305699336
5.16574263678688
7.72789903928983
9.46211254846622
6.03719289777912
5.48748066195619
7.34911591111941
6.63408447822612
6.29801970476628
8.79006926124015
8.37133255278287
7.64452629980795
9.42292736090974
8.13877585962758
8.59522465402496
6.68975558739173
6.32418512607411
9.33236700925483
11.2762124943498
10.5998198723444
9.22191534000186
7.51430020980088
8.30172109860641
10.261808916345
12.7730501906822
11.8333335896206
7.15166678712169
5.48128338994719
8.93620319327518
8.97001550083933
6.33590728539449
9.86787642413541
9.40790191934364
8.66171390209151
9.90100553398301
12.073472600972
10.9745321224568
9.39803009755472
9.18707414585072
12.2679248485498
9.47592467881842
9.22368459904466
9.10513176155099
10.639411927929
11.8905236061266
9.29854609487951
8.08031666459337
8.56774883235888
8.79684195120868
6.25451571706808
6.649622387022
7.89532252190034
6.36080158529316
6.16957674508778
7.66970107019126
5.72475950298989
8.52063696640525
6.12469937421047
4.46860870587892
2.63024609176309
2.82621566312865
2.91832136167047
2.43161103998512
4.85285718879301
3.87084287873271
3.93929615300438
2.38146919191206
2.17929052019867
2.08426654449337
2.03960527591189
2.01861447967859
4.65874880544894
2.719611938561
1.27821761112367
1.66076227722812
2.37055827029722
1.64416238703969
1.83275632190866
1.39139547129707
2.24395587150962
1.58465925960952
1.80478985201648
0.848251230447743
0.928678078310439
1.49647869680591
0.703344987498776
0.330572144124425
0.15536890773848
0.0730233866370854
0.56432099171943
1.32523086610813
1.68285850707082
0.790943498323286
0.371743444211945
0.704719418779614
0.861218126826419
0.934772519608417
0.439343084215956
0.736491249581499
0.346150887303305
0.162690917032553
0.0764647310053
0.565938423572491
0.265991059079071
0.125015797767163
0.0587574249505667
0.0276159897267664
0.54297951517158
0.255200372130643
0.649944174901402
0.305473762203659
0.14357266823572
0.597479154070788
0.280815202413271
0.661983145134237
0.311132078213091
0.146232076760153
0.0687290760772719
0.0323026657563178
0.0151822529054694
0.537135658865571
0.252453759666818
0.118653267043405
0.0557670355104001
0.0262105066898881
0.0123189381442474
0.00578990092779627
0.00272125343606425
0.0012789891149502
0.000601124884026592
0.000282528695492498
0.000132788486881474
6.24105888342929e-05
2.93329767521176e-05
0.530013786499073
0.249106479654565
0.117080045437645
0.0550276213556933
0.0258629820371758
0.0121556015574726
0.00571313273201214
0.00268517238404571
0.00126203102050148
0.000593154579635697
0.000278782652428778
0.000131027846641525
6.1583087921517e-05
2.8944051323113e-05
0.530013603704122
0.249106393740937
0.117080005058241
0.055027602377373
0.0258629731173653
0.0121555973651617
0.005713130761626
0.00268517145796422
0.531262030585243
0.249693154375064
0.11735578255628
0.0551572178014517
0.0259238923666823
0.0121842294123407
0.00572658782380012
2.65269149627719
1.77676500325028
3.48507955152763
4.81798738921799
8.09445407293245
20.2343934142783
12.1601649047108
6.24527750521406
2.93528042745061
1.90958180090179
2.48750344642384
1.1691266198192
3.19948951131503
2.56376007031806
4.91496723304949
4.43003459953326
3.67211626178063
2.7858946430369
2.36937048222734
2.70360412664685
2.86069393952402
3.46452615157629
6.39832729124086
4.5972138268832
2.6906904986351
2.3246245343585
2.15257353114849
3.13170955963979
2.0019034930307
3.06089464172443
4.61862048161048
5.35075162635693
4.10485326438776
3.51928103426224
2.18406208610326
4.73650918046853
12.8261593148202
8.6782948779655
7.78879859264378
19.0307353385426
11.594445609115
7.56938943628406
6.73761303505351
5.81667812647515
4.85383871944332
7.05130419813836
5.43411297312503
4.67403309736876
5.90679555576332
4.89619391120876
4.42121113826812
2.60796923498602
3.34574554044343
6.34250040400841
5.63097518988395
14.3065583392455
12.5540824194454
8.55041873713932
6.66869680645548
6.31428749903408
6.14771512454602
3.41942610853663
2.66713027101221
4.43355122737574
2.6137690768666
3.3484714661273
4.22378158907983
3.04517734686752
5.67123335302774
4.25547967592304
4.12007544768383
4.5864354604114
4.27562466639336
3.59954359320488
3.28178548880629
5.25243917973896
2.99864641447731
2.99936381480434
2.99970099295804
9.35985946669028
13.4091339493444
21.6722929561919
12.3059776894102
8.43380951402279
9.26389047159071
4.88402852164763
4.41549340517439
5.25528190043196
5.64998249320302
5.83549177180542
9.10268113274855
9.04826013239182
12.2026822622242
13.6852606632454
11.2020725117253
8.9749740805109
8.45823781784012
7.15537177438486
6.01302473396088
4.41612162496162
4.72557716373196
5.93102126695402
7.02757999546839
5.95296259787014
7.03789242099897
7.54780943786951
6.72747043579867
5.81191110482538
18.6315982192679
10.8768511630559
10.4121200466363
9.66369642191905
10.901937318302
13.0739105396019
20.9847379536129
15.1628268381981
11.8965286139531
10.361368448558
6.98984317082224
5.93522629028645
5.43955635643463
5.20659148752428
4.56709799913641
5.32653605959411
3.56347194800923
2.73483181556434
3.93537095331524
4.49962434805816
3.17482344358734
4.14216701848605
6.18681849868844
9.79780469438357
8.31496820636028
6.02803505698933
7.07317647678498
16.0443929440889
10.7208646837218
9.27880640134925
9.66103900863415
8.25068833405805
4.40782351700728
4.19167705299342
6.74008821490691
3.69784146100625
4.91798548667294
8.14145317873628
5.94648299400605
5.44484700718284
7.85907809337594
7.40376670388669
6.65977035082674
6.31009206488857
6.14574327049763
7.12849933713388
5.47039468845293
6.28108550357287
6.66211018667925
6.84119178773925
4.80536014023745
4.3785192659116
6.82790405497845
7.44911490583987
9.33108400574474
7.03560948270003
7.01673645686901
4.88786613472844
6.00729708332237
8.12342962916151
8.05801192570591
8.02726560508178
5.36281483438844
5.17052297216257
6.14014579691641
7.12586852455071
8.64915820653884
8.30510435707325
9.73339904782443
7.22469755247748
7.10560784966442
8.63963568934228
6.71062877399087
4.21399552377571
3.04057789617458
4.07907161120205
3.50716365726497
4.82836691891453
4.91933245188983
4.43208625238822
4.73308053862246
4.34454785315256
3.6319374909817
3.2970106207614
3.13959499175786
5.18560964612619
5.08723653367931
3.98100117082928
3.46107055028976
3.21670315863619
1.51185048455901
3.36056972774273
2.63946777203908
3.36054985285837
2.63945843084343
2.83054546249641
5.04035636737331
2.36896749266546
2.17341472155277
1.5515049191298
2.31920731199101
2.15002743663577
2.60051289521881
2.28224106075284
1.60265329855384
1.8132470503203
3.50222611365054
1.64604627341575
1.3036417485054
1.67271162179754
0.786174462244844
0.369501997255077
0.703665938709886
0.330722991193646
1.21543980586101
0.571256708754676
0.268490653114698
0.126190606963908
0.0593095852730368
0.0278755050783273
0.543101487386814
0.785257699071803
0.899071118563747
0.952563425724961
0.447704810090732
0.210421260742644
0.0988979925490426
1.10648205649805
0.520046566554083
0.244421886280419
0.114878286551797
0.0539927946793446
0.555376613499292
0.791027008344667
0.371782693921994
0.174737866143337
0.0821267970873684
0.0385995946310631
0.0181418094765997
0.00852665045400185
0.00400752571338087
0.00188353708528901
0.000885262430085834
0.000416073342140342
0.000195554470805961
0.530091910601279
0.249143197982601
0.117097303051822
0.0550357324343566
0.0258667942441476
0.0121573932947494
0.0057139748485322
0.53268556817881
0.780362217044041
0.366770242010699
0.702382013745029
0.860119546460163
0.404256186836277
0.19000040781305
0.619300191672134
0.291071090085903
0.666803412340374
0.843397603799976
1.45639687378599
0.684506530679415
0.321718069419325
0.151207492627083
0.0710675215347289
0.563401735121323
0.794798815507022
0.9035554432883
1.4846710583455
0.697795397422385
0.327963836788521
1.21414300329061
1.10064721154658
0.517304189426895
0.77313296903064
1.4233724954444
2.78898507285887
1.84082298424367
0.865186802594524
0.936637797219426
1.50021976469313
1.76510328940577
1.35959854602071
1.16901131662973
1.60943531881598
1.81643459984351
1.91372426192645
3.54945040310543
4.31824168945955
2.55957359404599
2.79299958920162
3.96270980692476
3.98247360925464
1.87176259634968
1.40972842028435
2.25257235753364
2.64870900804081
2.30489323377918
4.79329981987622
3.31285091534182
3.67703993021066
4.37820876719901
5.23775812058353
4.05174631667426
5.6143207688369
4.75873076135334
4.35660345783607
5.22760362518295
5.10697370383599
6.64027764080291
6.83093049117737
7.98053733085336
6.93085254550108
12.7975006963855
9.72482532730119
7.22066790383156
7.63371391480083
5.70784553995639
3.2126874037795
3.09996307977637
6.75698264749489
6.3557818443226
7.22721746683162
4.98679220941086
4.46379233842311
4.21798239905886
4.10245172755766
6.6981523119521
5.26813158661749
7.77602184571022
6.3047302674838
6.14322322571739
6.59731491608717
6.28073801056097
7.19194686496366
6.03021502653292
6.54420106247047
5.72577449936112
5.87111401469973
4.34942358690887
3.63422908584717
4.35808767034817
6.28830120506364
5.60550156637991
6.34458573619856
5.63195529601332
4.23701898912626
6.23139892488934
5.04875749469799
5.55291602250806
5.78987053057879
6.96123914937203
6.98178240020485
6.99143772809628
8.05597573220525
7.49630859413647
5.64326503924414
5.83233456844475
6.45119724716903
5.68206270616944
6.91056947189964
5.36796765179283
4.64294479634263
5.89218405428104
3.82932650551209
4.97978345759068
4.46049822506762
5.80643416578178
6.96902405791744
6.4554413072212
4.62405741439396
3.76330698476516
3.88875428283963
6.06771451293462
6.56182582107927
8.91405813590726
7.89960732387641
8.48281544222191
6.6369232578443
10.0093539311868
8.41439634765781
9.25476628339917
8.58974015319761
6.68717787200288
5.79297359984135
9.08269759192544
5.85886786820496
8.05366789805633
8.55522391208648
6.14095523868064
5.5362489621799
6.31203701222455
5.08665739574554
5.5707289760004
5.79824261872019
5.90517403079849
5.42543179447529
7.31995294340339
8.21037788339959
7.03887760519781
6.48827247444297
8.3494880629882
7.10425938960445
8.10900191311409
8.05123089916362
6.4340785226069
4.61401690562524
7.46858794564386
5.10023633445262
7.69711107719273
7.32764220628058
9.80399183695187
9.37787616336738
6.52760179678267
5.71797284448785
6.92744723690929
7.49590020134737
7.76307309463326
5.76864435447763
8.54126284660449
6.66439353790411
12.6722649628149
14.965964532523
10.7440033302858
8.22968156523433
7.04795033566014
7.55253665776026
6.19969222914732
10.3338553476992
9.09691201341864
10.1055486463068
7.39960786376418
9.30781569596916
10.7346733771055
8.22529648723959
9.69588934900261
9.32706799403122
11.2737219571947
12.1886493198815
10.4986651803443
9.17437263476182
7.49195513833806
7.76121891501889
8.94777289005888
7.91545325832767
10.080263031414
6.32772362476458
7.21403010363935
7.6305941487105
8.88637924989393
9.47659824745015
9.75400117630157
7.23438055286174
5.52015885984502
6.30447466412716
8.79310309213976
8.37275845330569
8.17519647305367
6.49234234233523
6.23140090089756
5.04875842342185
7.14291645900827
4.41717073573389
6.31607024579493
6.67855301552362
6.8489199172961
6.92899236112917
6.43662640973071
5.14521441257343
5.59825077390951
4.22117786373747
6.22395359595661
4.51525819009961
5.30217134934682
3.022020534193
3.54034965107071
3.25396433600323
2.58936323792152
1.74700072182311
1.88109033925686
1.41411245945073
2.25463285594184
2.11967744229267
1.52624839787755
1.77733674700245
1.89534827109115
1.95081368741284
0.916882433084035
0.960934743549497
0.981639329468263
0.991370484850084
0.995944127879539
0.468093740103383
0.75000405784859
0.352501907188837
0.695675896378754
0.856967671298014
0.932774805510067
0.438404158589731
0.736049954537174
0.345943478632472
1.22259343495726
1.10461891442991
0.519170889782059
0.774010318197568
0.363784849552857
0.170978879289843
0.610360073266226
0.286869234435126
0.664828540184509
0.312469413886719
0.676860624526758
0.848124493527576
0.928618511957961
0.436450700620242
0.205131829291514
0.0964119597670114
0.575313621090495
0.800397401912533
0.37618677889889
0.176807786082478
0.0830996594587649
0.0390568399456195
0.0183567147744412
0.00862765594398734
0.00405499829367405
0.0019058491980268
0.000895749123072598
0.000421002087844121
0.000197870981286737
9.29993612047663e-05
4.37096997662402e-05
2.05435588901329e-05
9.65547267836245e-06
4.53807215883035e-06
2.13289391465027e-06
1.00246013988562e-06
4.71156265746243e-07
2.21443444900734e-07
1.04078419103345e-07
0.530000048916857
1.30910002299092
1.14527701080573
0.538280195078695
0.252991691686987
0.648906095092884
0.304985864693655
0.143343356406018
0.597371377510828
0.280764547430089
1.19195933729214
0.560220888527307
0.263303817607834
0.653752794275682
0.837263813309571
0.393513992255498
2.83495157636008
1.86242724088924
1.40534080321794
1.19051017751243
1.08953978343084
0.512083698212496
1.83067933815987
1.39041928893514
0.653497065799516
1.89714362092577
1.95165750183511
2.5072790258625
2.76842114215538
3.95115793681303
2.38704423030212
3.241910788242
2.58369807047374
2.80433809312266
1.84803890376765
1.9285782847708
1.96643179384227
3.04422294310587
2.49078478325976
5.41066884813209
6.25301435862208
5.58891674855238
4.21679087181962
5.69189170975522
5.32518910358495
4.09283887868493
5.63363427298192
3.1778081083015
3.6135698109017
5.4083778111238
7.84193757122819
6.33571065847725
6.68778400948431
7.38325848445762
4.53013148769508
4.24916179921669
4.11710604563184
6.70503984144697
6.33136872548007
4.03574330097563
3.48679935145855
2.16879569518552
3.66933397673719
4.37458696906648
6.82605587546125
6.38824626146679
3.53247574288939
3.25026359915801
3.11762389160427
4.11528322905401
7.23418311765538
6.05006606529803
6.02353105069007
5.48105959382434
5.75609800909744
4.2953660642758
4.66882205020962
5.90434636359852
6.48504279089131
7.28797011171891
6.07534595250789
5.50541259767871
5.23754392090899
3.52164564282723
3.7751734521288
6.01433152250053
7.59673581557525
6.22046583332037
7.16361894166057
8.13690090258047
8.06434342421282
10.15024140938
10.0706134624086
7.91318832733205
8.48919851384606
10.3499233015076
8.04446395170859
6.96089805730304
5.92162208693243
5.96316238085824
7.57268631900337
7.79916256993159
5.78560640786784
5.36923501169789
8.35354045549801
11.3461640140841
9.04269708661951
7.96006763071117
7.98123178643425
10.6411789396241
8.18135410162333
9.14523642776296
8.00826112104859
8.00388272689284
5.35182488163963
7.81535769437063
7.3832181163542
6.65011251468647
6.30555288190264
7.73360985449424
6.81479663161229
7.97295441685778
8.51728857592316
9.30312563068388
8.08246904642142
7.50876045181807
7.76911741235449
7.36148518380661
7.69989803638911
8.91895207710288
8.96190747623836
5.27209651383203
5.65788536150105
4.2492061199055
3.58712687635558
4.86594963188712
8.11699632698695
5.93498827368387
8.61944448863142
8.82113890965677
6.79593528753868
7.96408958514318
14.3431221050173
11.5112673893581
9.12029567299832
7.99653896630921
6.93837331416533
6.9710354576577
5.39638666509912
5.71630173259659
4.2766618143204
3.07003105273059
6.21291459478338
5.57006985954819
3.14793283398765
3.06952843197419
1.97267836302787
8.3471588306231
8.16316465039286
7.01668738568464
9.12784307127178
5.35008624349774
5.16454053444394
7.19733405118865
7.09274700405867
5.98359109190757
4.93228781319656
8.14817527220238
7.53964237793512
9.37363191762951
7.58560700128587
6.21523529060436
9.81116058658405
8.8512454756945
8.40008537357642
8.71804012558092
7.27747885902303
9.78041506374083
7.24679507995819
9.23599368758035
8.05091703316276
9.0839310055865
10.6294475726257
8.70584035913406
7.27174496879301
6.59772013533271
9.99092846360637
12.645736377895
10.7134960976106
12.455343165877
10.0940112879622
8.98418530534223
7.40256709351085
8.7792065339501
10.4862270709565
10.2285267233496
7.9874075599743
6.40408155318792
7.77991832999832
5.77656161509921
6.95498395909663
8.56884246077542
8.26735595656445
6.53565729958529
6.78175893080509
7.95742669747839
6.38999054781484
3.53329555747298
4.8406489120123
7.04510498864578
7.02119934466352
5.94996369199185
7.56648293523617
4.616246979561
5.34963608039367
8.34432895778502
5.51183461015896
3.65056226677471
2.77576426538411
4.48460920473053
3.69776632622335
2.26795017332497
2.65593658146274
1.77829019328749
0.835796390845119
0.392824303697206
1.24462742273769
1.64497488868671
1.30313819768275
1.67247495291089
2.90606322786812
1.89584971709802
0.891049367036068
0.948793202506952
2.03593280517827
0.956888418433786
2.03973755666388
0.958676651632023
0.450578026267051
1.80177167234551
1.37683268600239
0.647111362421124
0.304142340337928
0.142946899958826
0.597185042980648
0.280676970200905
0.131918175994425
0.0620015427173798
0.0291407250771685
0.0136961407862692
0.00643718616954653
0.00302547749968687
0.00142197442485283
0.530668327979681
0.24941411415045
0.117224633650711
0.585095577815834
0.274994921573442
0.129247613139518
0.0607463781755734
0.558550797742519
0.262518874938984
0.653383871221323
0.307090419474022
0.14433249715279
0.0678362736618114
0.0318830486210513
0.0149850328518941
0.00704296544039024
0.00331019375698341
0.0015557910657822
0.000731221800917636
1.06034367424643
0.498361526895823
0.764229917641037
0.359188061291287
0.168818388806905
0.0793446427392454
0.0372919820874453
0.0175272315810993
0.538237798843117
0.252971765456265
0.118896729764444
0.0558814629892889
0.0262642876049658
0.0123442151743339
0.535801781131937
0.25182683713201
0.118358613452045
0.0556285483224611
0.0261454177115567
1.07228834632443
0.503975522772483
0.236868495703067
0.111328192980441
0.582324250700808
0.27369239782938
0.128635426979808
0.59045865068051
0.27751556581984
0.660432315935325
0.310403188489603
0.145889498590113
0.0685680643373532
0.032226990238556
0.545146685412121
0.256218942143697
0.120422902807538
0.0565987643195427
0.556601419230185
1.32160266703819
1.15115325350795
1.07104202914874
0.503389753699906
0.766593184238956
0.890298796592309
1.47844043439839
1.75486700416724
0.824787491958603
3.56765012122054
6.97679555697366
7.51909391177762
8.83397413853548
10.5119678451117
8.65062488720249
8.83579369698517
7.33282303758303
7.15642682766402
5.48352060900209
7.34725468623098
3.98320970252856
2.40210856018842
3.24899102328856
4.17702578094562
7.26320211704444
7.12370499501089
8.11814134765512
10.7055264333979
19.341597423697
12.2705507891376
11.0671588708947
9.4415646693205
6.55753539458063
5.7320416354529
5.87405956866286
3.82080799727154
5.50577975871763
3.64771648659728
2.77442674870072
4.48398057188934
4.22747086878799
4.10691130833036
2.46024831491527
2.74631670801018
3.94076885276478
3.97216136079945
2.39691583957574
3.7765504446006
2.83497870896228
2.92243999321227
3.49354679680977
3.76196699450059
3.88812448741528
5.00741850908518
3.94348669927003
4.50343874865692
4.76661621186875
5.42030961957831
6.78754552120181
5.84014639496485
8.04486880563348
6.43108833864774
6.73261151916444
6.87432741400728
6.41093388458342
5.66313892575421
5.84167529510448
6.9855873886991
5.93322607268858
4.37861625416363
4.70794963945691
9.10273633054475
9.57828607535603
7.15179445541734
4.95134339404615
5.50713139520169
6.29835175574479
4.55022532520005
5.31860590284403
5.67974477433669
7.43948004393825
6.14655562065098
5.53888114170596
8.4332741366018
7.67363884420285
7.31661025677534
7.67880682068441
8.37903920572167
6.05814842668919
3.90732976054392
11.3764449874556
7.99692914410415
10.118556697729
6.34572164793261
5.10248917452833
5.04816991202831
6.61263985865331
7.34794073356705
5.04353214477652
9.26046010804496
11.2424162507811
12.1739356378671
9.43174974979755
9.20292238240485
11.7453735197303
12.4103255542732
9.01285301050842
6.88604091493896
10.1264392300213
9.52942643811001
8.18883042591171
8.0887503001785
6.4517126410839
4.62230494130943
7.47248332241543
7.22206716153525
6.04437156592157
6.02085463598314
7.06980167891208
3.85280678908868
3.93081919087168
3.96748501970969
4.51471795926355
5.30191744085387
6.73190119720132
4.22399356268462
4.10527697446177
2.98948017799703
6.17505568365861
3.96227617131954
4.51226980052019
5.30076680624449
8.32136039893491
7.62103938749941
6.23188851212472
4.51898760069862
4.77392417232835
9.13374436099433
6.94285984966733
5.38314412934365
5.18007774079151
4.55463653817201
7.44067917294085
8.2671192112822
8.12554602930263
12.8290066337722
10.799633117873
9.84582756540029
10.4575389557381
10.2150433091969
9.04107035532255
9.5493030670016
8.72817244149075
9.40224104750065
11.8390532923253
10.3343550473929
10.6871468722747
10.3229590299691
10.6817907440855
11.3804416497202
10.1188075753685
10.0558395604232
9.4962445933989
8.17323495889748
10.2014204306818
10.0946676024205
9.51449377313761
12.4218120733747
12.7282516744861
12.8722782870085
8.69997079489398
8.85898627360017
9.99372354859208
10.5270500678383
11.307713531884
7.43462535998548
7.20427391919317
5.50600874202079
6.29782410874977
6.13997733111239
6.59578934562282
6.81002099244273
4.79070986644808
7.0216336372306
7.01016780949838
6.47477887046424
8.34314606911819
6.04127865248555
7.07940096666821
7.56731845433406
5.14663967353701
6.65892064656239
5.77969270388432
3.24645557082563
4.17583411828805
3.02264203559538
4.07064175672983
4.56320162566302
6.38470476406162
5.12081123910896
3.99678128238121
5.05848720271917
3.43748898527801
3.73561982308066
2.81574131684791
2.91339841891852
2.9592972568917
1.3908697107391
1.18370876404738
1.61634311910227
2.87968126597807
2.94345019500969
4.03342159165456
2.95570814807764
2.44918282959649
1.15111592991035
0.541024487057865
0.784281508917197
0.368612309191082
1.23324778531981
1.10962645910031
0.521524435777146
1.83511648481526
0.862504747863171
0.935377231495691
1.49962729880297
0.704824830437398
0.331267670305577
0.685695805043621
0.852277028370502
0.400570203334136
0.188267995567044
0.0884859579165106
0.04158840022076
0.0195465481037572
0.00918687760876588
0.00431783247611996
0.00202938126377638
0.0009538091939749
0.000448290321168203
0.530210696450949
0.249199027331946
0.117123542846015
0.0550480651376269
0.0258725906146846
0.0121601175889018
0.535715255266784
0.251786169975388
0.118339499888433
0.0556195649475633
0.0261411955253547
0.0122863618969167
0.00577459009155086
0.00271405734302891
0.531275606951224
0.249699535267075
0.117358781575525
0.0551586273404969
1.08592455485003
0.510384540779516
0.769880734166372
0.361843945058195
0.170066654177352
0.0799313274633553
0.037567723907777
0.0176568302366552
0.538298710211228
0.253000393799277
0.11891018508566
0.58588778699026
0.805367259885422
0.378522612146148
0.17790562770869
0.613615645023084
0.81839935316085
0.384647695985599
0.180784417113232
0.0849686760432189
0.0399352777403129
0.548769580537947
0.257921702852835
0.121223200340832
0.586974904160191
0.80587820495529
1.43876275632899
1.20621849547462
1.09692269287307
1.57555366565034
2.33051022285566
3.21533980474216
1.51120970822882
3.89026856286754
3.41842622454775
2.13666032553744
3.6542303530026
4.89748826591122
3.89181948497827
3.41915515793979
2.6670029242317
2.8434913743889
3.45644094596278
2.15452724460251
5.78262780496318
3.77783506833269
2.30558248211637
2.14362376659469
2.59750317029951
2.81082649004077
4.50108845031916
4.23551157165001
4.6406904386755
3.77112450617749
3.36242851790342
3.70034140341461
3.32916045960487
4.21470541601429
8.87091154552671
7.87932842639756
8.47328436040685
8.22244364939122
9.69454851521387
8.79643780215052
9.96432576701075
8.92323311049505
6.31391956193267
6.67754219410836
5.78844483123093
5.37056907067854
4.64416746321891
4.83275870771289
4.92139659262506
6.02305639853378
6.01083650731088
6.00509315843611
6.53239378446497
5.72022507869854
3.74850578698831
3.35179771988451
4.75534492834572
3.82501211632249
4.44775569467157
5.27044517649564
5.65710923295295
6.89884133948789
6.95245542955931
7.50765405189287
5.64859740438965
12.7248407800631
10.2206751666297
7.45371732831595
7.21324714430849
8.16022615782499
9.66530629417775
7.72269395826354
5.74966616038386
6.94234309538042
9.0929012548288
9.04366358976953
9.55052188719168
9.78874528698009
8.84071028488064
6.2751338338939
7.71931290193013
9.45807706390716
8.15529622003637
5.95298922341709
6.50790493500603
5.17871531945284
5.61399620014283
9.52857821406713
8.71843176061155
9.92766292748743
6.78600157591909
5.83942074068197
6.45452774812053
9.92362804161665
9.43410517955983
7.61402943439312
5.16859383416477
7.19923910205744
8.683642377967
6.73131191764449
8.46371660129291
10.3379468026077
9.0988349972256
5.86645244869603
8.58723265088713
6.68599934591695
10.032419692581
6.83523725551306
11.1625615100911
9.48640390974283
9.75860983757913
7.76654662366219
8.95027691312123
7.91663014916698
8.49081617010848
8.23068359995099
8.10842129197696
5.40095800722917
3.06845026339771
5.68217162379692
7.44062066318456
7.73709171169674
9.99643310449747
7.34832355911381
8.22371207278349
10.7551446742082
7.70491799687787
6.8013114585326
7.96661638551032
9.57430970118985
6.08992555955923
7.63226501299284
5.17716455610663
8.26326734137012
8.12373565044395
8.05815575570866
6.43733320518307
7.79554660643604
7.37390690502494
7.17573624536172
9.20259603532001
6.9752201366004
5.92835346420219
8.61632612817503
8.28967328024226
9.72614644171386
9.34128882760552
8.10040574897459
8.04719070201806
8.55217962994849
7.19952442607579
7.62377648025562
7.29317494572014
7.13779222448847
9.18476234550958
11.2068383023895
11.6272140021231
9.70479058099784
9.86125157306899
10.9947882393424
6.22755047249094
7.69694872207074
8.91756589937325
8.96125597270543
12.6917903071716
9.67514144437063
13.0273164788542
11.9528387450615
15.1578342101789
9.77418207878408
9.89386557702852
10.4801168212034
5.4556549059656
7.86415780580383
6.8761541687278
10.6517924593021
8.71634245587197
10.4566809542598
10.7446400485021
9.289980822796
11.2562909867141
9.00045676375564
11.6502146789651
9.18560089911362
6.4372324225834
6.7354992386142
7.40568464214867
9.31067178180988
10.2060157374506
9.0368273966018
7.42730887640285
5.61083517190934
4.75709253079739
5.94583348947477
6.50454174005314
7.82713461782498
6.85875327037774
4.81361403707754
5.97239859742644
7.04702734079043
5.9621028501715
4.92218833958061
