0
0
0
0
0
0
0
0
0
0
0
0
0
0
0
0
0
0
0
0
0
0
0
0
0
0
0
0
0
0
0
0
0
0
0
0
0
0
0
0
0
0
0
0
0
0
0
0
0
0
0
0
0
0
0
0
0
0
0
0
0
0
0
0
1.24615384615385
1.20876923076923
1.20250615384615
1.16643096923077
1.13143804015385
1.09749489894923
1.06457005198075
1.03263295042133
1.00165396190869
0.97160434305143
0.942456212759887
0.91418252637709
0.886757050585778
0.860154339068204
0.864349708896158
0.838419217629273
0.843266641100395
0.817968641867383
0.793429582611362
0.829626695133021
0.83473789427903
0.809695757450659
0.785404884727139
0.761842738185325
0.768987456039765
0.745917832358572
0.813540297387815
0.849134088466181
0.913660065812195
0.886250263837829
0.859662755922694
0.863872873245013
0.927956687047663
0.900117986436233
0.903114446843146
0.966021013437852
0.967040383034716
0.968029171543675
0.998988296397364
0.969018647505443
0.96994808808028
1.00084964543787
0.970824156074735
0.971699431392493
1.06254844845072
1.0306719949972
1.02975183514728
1.05885928009286
1.11709350169008
1.17358069663937
1.25837327574019
1.28062207746799
1.36220341514395
1.47133731268963
1.54719719330894
1.62078127750967
1.63215783918438
1.79319310400885
1.94939731088858
2.07091539156193
2.15878792981507
2.18402429192062
2.238503563163
2.20134845626811
2.25530800258006
2.21764876250266
2.39111929962758
2.40938572063876
2.45710414901959
2.533391024549
2.66738929381253
2.76736761499816
2.86434658654821
3.01841618895177
3.13786370328321
3.16372779218472
3.24881595841918
3.1813514796666
3.2359109352766
3.4088336072183
3.36656859900176
3.2655715410317
3.25760439480075
3.36987626295673
3.38877997506803
3.46711657581599
3.42310307854151
3.47040998618526
3.5462976865997
3.61990875600171
3.66131149332166
3.73147214852201
3.76952798406635
3.71644214454436
3.84494888020803
4.05960041380179
4.14781240138773
4.2333780293461
4.22637668846572
4.39958538781175
4.41759782617739
4.58506989139207
4.59751779465031
4.8195922608108
4.70500449298648
4.89385435819688
4.83703872745098
4.90192756562745
4.90486973865862
4.93772364649886
4.9995919371039
5.08960417899078
5.11691605362106
5.17340857201243
5.25820631485205
5.58046012540649
5.8930463216443
5.98625493199497
6.10666728403512
6.13346726551406
6.15946324754864
6.21467935012218
6.23823896961852
6.23109180052996
6.22415904651406
6.24743427511864
6.21001124686508
6.35371090945913
6.28309958217535
6.33460659471009
6.53456839686879
6.66853134496273
6.73847540461384
6.80632114247543
6.87213150820117
6.93596756295513
7.11788853606648
6.99435187998448
6.99452132358495
7.2646856838774
7.40674511336108
7.33454275996025
7.26450647716144
7.2565712828466
7.2188741443612
7.21230792003036
7.08593868242945
6.99336052195657
6.90355970629787
6.90645291510893
6.84925932765567
7.003781547826
7.00366810139121
7.03355805834948
7.03255131659899
7.00157477710102
6.97152753378799
6.94238170777435
6.94411025654112
6.82578694884489
6.77101334037954
6.65788294016815
6.87814645196311
7.03180205840422
7.03084799665209
6.93992255675253
6.88172488004995
6.91527313364845
6.797814939639
6.80388049144983
6.92976407670633
6.99187115440514
6.93211501977299
7.0241515691798
7.0234270221044
7.29272421144127
7.37394248509803
7.33272421054509
7.35274248422874
7.25216020970188
7.39459540341082
7.3527575413085
7.34217481506924
7.30190957061716
7.35285228349865
7.43226671499369
7.29929871354388
7.32031975213756
7.25071015957344
7.27318885478623
7.29499318914265
7.25614339346837
7.21845909166431
7.09190531891438
6.93914815934695
6.97097371456654
6.88184450312955
6.85538916803566
6.94972749299459
6.89123566820475
6.83449859815861
6.77946364021385
6.69607973100744
6.52519733907721
6.5094414189049
6.46415817633775
6.33023343104762
6.26032642811619
6.1325166352727
6.03854113621452
5.91738490212808
5.82986335506424
5.80496745441231
5.75081843077994
5.78829387785655
5.70464506152085
5.68350570967522
5.57300053838497
5.49581052223342
5.33093620656641
5.26100812036942
5.13317787675834
5.03918254045559
4.88800706424192
4.80136685231466
4.71732584674522
4.75580607134286
4.70313188920258
4.6220379325265
4.5733767945507
4.52617549071418
4.45039022599276
4.37687851921297
4.27557216363659
4.26730499872749
4.16928584876566
4.04420727330269
3.98288105510361
3.8933946234505
3.77659278474699
3.69329500120458
3.58249615116844
3.53502126663339
3.48897062863439
3.41430150977535
3.31187246448209
3.21251629054763
3.1161408018312
3.05265657777626
2.96107688044298
2.87224457402969
2.7860772368088
2.73249491970453
2.6505200721134
2.63100446994999
2.58207433585149
2.53461210577595
2.45857374260267
2.41481653032459
2.34237203441485
2.27210087338241
2.20393784718093
2.13781971176551
2.13368512041254
2.09967456680016
2.06668432979616
2.00468379990227
1.97454328590521
1.94530698732805
1.88694777770821
1.83033934437696
1.77542916404565
1.72216628912428
1.70050130045055
1.64948626143704
1.60000167359393
1.58200162338611
1.53454157468453
1.48850532744399
1.44385016762067
1.40053466259205
1.35851862271429
1.31776306403286
1.27823017211187
1.26988326694852
1.23178676894006
1.19483316587186
1.1589881708957
1.12421852576883
1.09049196999577
1.05777721089589
1.05604389456902
1.02436257773195
0.993631700399989
0.963822749387989
0.93490806690635
0.906860824899159
0.909655000152184
0.882365350147619
0.85589438964319
0.860217557953895
0.834411031215278
0.809378700278819
0.785097339270455
0.761544419092341
0.738698086519571
0.716537143923984
0.695041029606264
0.674189798718076
0.683964104756534
0.663445181613838
0.643541826165423
0.62423557138046
0.605508504239046
0.587343249111875
0.569722951638519
0.582631263089363
0.625152325196682
0.636397755440782
0.617305822777558
0.688786648094231
0.758123048651404
0.765379357191862
0.802417976476106
0.808345437181823
0.874095074066368
0.877872221844377
0.881536055189046
1.21508997353337
1.29863727432737
1.43967815609755
1.45648781141463
1.47279317707219
1.51860938176002
1.47305110030722
1.548859567298
1.86239378027906
1.95652196687069
2.04782630786457
2.40639151862863
2.39419977306977
2.32237377987768
2.28270256648135
2.33422148948691
2.2941948448023
2.31536899945823
2.69590792947449
3.12503069159025
3.36127977084254
4.04044137771727
4.12922813638575
4.15535129229418
4.18069075352535
4.50527003091959
4.580111929992
4.62270857209224
4.66402731492947
4.70410649548159
4.77298330061714
4.65979380159863
4.90999998755067
4.94269998792415
4.97441898828642
4.94518641863783
4.8868308260787
4.95022590129633
4.89171912425744
4.86496755052972
4.92901852401383
4.90114796829342
4.93411352924461
4.90609012336727
4.90890741966626
4.85164019707627
5.30609099116398
6.28690826142906
6.45830101358619
6.3845519831786
6.28301542368324
6.30452496097275
6.26538921214356
6.13742753577926
6.13330470970588
6.0393055684147
5.97812640136226
5.88878260932139
5.86211913104175
5.7762555571105
6.08296789039718
6.41047885368527
6.45816448807471
6.32441955343247
6.25468696682949
6.18704635782461
6.12143496708987
6.08779191807717
6.08515816053486
6.08260341571881
6.59012531324725
6.69242155384983
6.67164890723434
6.62149944001731
6.54285445681679
6.37656882311228
6.36527175841892
6.23431360566635
6.19728419749636
6.22136567157147
6.12472470142432
6.63098296038159
6.61205347157014
6.50369186742304
6.57858111140035
6.53122367805834
6.36528696771659
6.29432835868509
6.19549850792454
6.0996335526868
6.03664454610619
5.88554520972301
5.88897885343132
5.89230948782838
5.86554020319353
6.46957399709772
6.45548677718479
6.41182217386925
6.39946750865317
6.95748348339357
6.95875897889176
6.95999620952501
6.87119632323926
6.93506043354208
7.26700862053582
7.13899836191974
7.10482841106215
7.43168355873029
7.29873305196838
7.13977106040933
7.13557792859705
7.22151059073913
7.09486527301696
7.09201931482645
6.87925873538166
6.82288097332021
6.7381945441206
6.62604870779698
6.51726724656307
6.38174922916618
6.34029675229119
6.21008784972246
6.23378521423078
6.19677165780386
6.31086850806974
7.11154245282765
7.31819617924282
7.33865029386554
7.47849078504957
7.37413606149808
7.36291197965314
7.29202462026355
7.13326388165564
7.12926596520597
7.12538798624979
7.1516263466623
7.02707755626243
7.05626522957456
7.02457727268732
6.9638399545067
6.9649247558715
6.96597701319535
6.87699770279949
6.94068777171551
6.94246713856404
6.97419312440712
6.94496733067491
7.03661831075466
6.94551976143202
6.91715416858906
6.82963954353139
6.65475035722544
6.57510784650868
6.52785461111342
6.42201897278002
6.25935840359662
6.16157765148872
6.06673032194406
6.00472841228574
6.03458655991716
6.15354896311965
6.05894249422606
5.93717421939928
5.7890589928173
5.70538722303278
5.6842256063418
5.57369883815154
5.49648787300699
5.39159323681678
5.37984543971228
5.21845007652091
5.18189657422529
5.14643967699853
5.11204648668857
5.04868509208791
5.01722453932528
4.92670780314552
4.86890656905115
4.84283937197962
4.72755419082023
4.61572756509562
4.62725573814275
4.48843806599847
4.35378492401852
4.28317137629796
4.18467623500902
4.17913594795875
4.05376186951999
4.02214901343439
3.93148454303136
3.84354000674042
3.8182338065382
3.82368679234206
3.7689761885718
3.65590690291464
3.6362296958272
3.70714280495239
3.62592852080381
3.5471506651797
3.47073614522431
3.36661406086758
3.29561563904155
3.2867471698703
3.27814475477419
3.23980041213097
3.26260639976704
3.19472820777403
3.15888636154081
3.09411977069458
3.00129617757375
2.91125729224653
2.85391957347914
2.82830198627476
2.74345292668652
2.69114933888592
2.61041485871935
2.56210241295777
2.48523934056903
2.44068216035196
2.3674616955414
2.32643784467516
2.25664470933491
2.18894536805486
2.15327700701321
2.11867869680282
2.08511833589873
2.02256478582177
1.96188784224712
1.9330312069797
1.87504027077031
1.8187890626472
1.76422539076779
1.71129862904475
1.65995967017341
1.64016088006821
1.59095605366616
1.54322737205618
1.49693055089449
1.45202263436766
1.40846195533663
1.36620809667653
1.32522185377623
1.28546519816294
1.24690124221806
1.20949420495151
1.20320937880297
1.16711309743888
1.13209970451571
1.09813671338024
1.06519261197883
1.03323683361947
1.00223972861089
0.972172536752559
0.943007360649982
0.914717139830482
0.917275625635568
0.889757356866501
0.863064636160506
0.837172697075691
0.81205751616342
0.787695790678517
0.764064916958162
0.741142969449417
0.718908680365934
0.697341419954956
0.676421177356308
0.656128542035618
0.63644468577455
0.647351345201313
0.687930804845274
0.667292880699915
0.647274094278918
0.65785587145055
0.638120195307034
0.618976589447823
0.600407291764388
0.642395073011456
0.623123220821113
0.604429524196479
0.946296638470585
0.947907739316467
0.949470507136973
0.950986391922864
1.37245680016518
1.54128309616022
1.61504460327542
1.59659326517715
1.54869546722184
1.59223460320518
1.66446756510903
1.73453353815576
1.77249753201108
1.95932260605075
1.99054292786923
2.05082664003315
2.16930184083216
2.19422278560719
2.21839610203898
2.33184421897781
2.29188889240847
2.37313222563622
2.42193825886713
2.52928011110112
2.63340170776808
2.64439965653504
2.71506766683899
2.72361563683382
3.42190716772881
4.06924995269694
4.24717245411603
4.41975728049255
4.28716456207778
4.33854962521544
4.26839313645898
4.41034134236521
4.69803110209425
4.91709016903143
4.79957746396048
5.28559014004167
5.30702243584042
5.26781176276521
5.28977740988225
5.58108408758578
5.47365156495821
5.60944201800946
5.65115875746918
5.5716239947451
5.61447527490275
5.50604101665567
5.52085978615599
5.38523399257131
5.25367697279418
5.18606666361035
5.24048466370204
5.35327012379098
5.97267202007725
6.09349185947493
6.00068710369068
5.94066649057996
6.51244649586256
6.58707310098669
6.47946090795709
6.55507708071837
6.68842476829682
6.75777202524792
6.88503886449048
6.88848769855576
6.77183306759909
6.74867807557112
6.78621773330398
6.76263120130486
6.73975226526572
6.71755969730775
6.60603290638851
6.49785191919686
6.39291636162095
6.26112887077232
6.25329500464915
6.21569615450968
6.74922526987439
7.56674851177816
7.51974605642481
7.41415367473207
7.4017290644901
7.4196771925554
7.25708687677874
7.30937427047538
7.18009304236111
7.14469025109028
6.96034954355757
6.93153905725084
6.75359288553332
6.70098509896732
6.5899555459983
6.51225687961835
6.4968891732298
6.33198249803291
6.26202302309192
6.22416233239916
6.27743746242719
6.29911433855437
6.26014090839774
6.25233668114581
6.15476658071143
6.03012358329009
5.90921987579139
5.85194327951764
5.79638498113211
5.71249343169815
5.63111862874721
5.70218506988479
5.71111951778825
5.6297859322546
5.61089235428696
5.65256558365835
5.5429886161486
5.40669895766414
5.30449798893422
5.29536304926619
5.40650215778821
5.42430709305456
5.50157788026292
5.39653054385503
5.38463462753938
5.3430955887132
5.3028027210518
5.23371863942025
5.16670708023764
5.16170586783051
5.1568546917956
5.63214905104173
6.06318457951048
6.18128904212516
6.47585037086141
6.40157485973556
6.3595276139435
6.40874178552519
6.30647953195944
6.32728514600065
6.43746659162063
6.42434259387201
6.47161231605585
6.54746394657418
6.80104002817695
6.77700882733164
6.78369856251169
6.85018760563634
6.85468197746725
7.06904151814323
7.00697027259894
6.97676116442097
6.91745832948834
6.94993457960369
6.80143654221558
6.83739344594911
6.87227164257064
6.72610349329352
6.70432038849471
6.80319077683987
6.65909505353467
6.54932220192863
6.38284253587077
6.49135725979465
6.56661654200081
6.54961804574079
6.50312950436856
6.48803561923751
6.50339455066038
6.42829271414057
6.23544393271635
6.22838061473486
6.22152919629281
6.21488332040403
6.11843682079191
6.02488371616815
5.84413720468311
5.78881308854261
5.79514869588633
5.71129423500974
5.71995540795945
5.63835674572067
5.55920604334905
5.42242986204857
5.37975696618712
5.3983642572015
5.32641332948546
5.19662092960089
5.04072230171287
5.15950063266148
5.12471561368164
5.06097414527119
4.99914492091305
4.90917057328566
4.79189545608709
4.73813859240448
4.62599443463234
4.51721460159337
4.41169816354557
4.3693472186392
4.26826680208003
4.26021879801763
4.1624122340771
4.09753986705479
4.03461367104314
3.91357526091185
3.82616800308449
3.71138296299196
3.6000414741022
3.52204022987913
3.41637902298276
3.34388765229327
3.24357102272448
3.14626389204274
3.05187597528146
2.99031969602302
2.96061010514233
2.87179180198806
2.84563804792841
2.79026890649056
2.73656083929584
2.68446401411697
2.63393009369346
2.55491219088265
2.47826482515618
2.49391688040149
2.50909937398944
2.46382639276976
2.38991160098667
2.31821425295707
2.24866782536836
2.18120779060731
2.11577155688909
2.05229841018241
1.99072945787694
1.96100757414063
1.90217734691641
1.87511202650892
1.81885866571365
1.76429290574224
1.71136411856998
1.66002319501288
1.61022249916249
1.56191582418762
1.51505834946199
1.46960659897813
1.45551840100878
1.44185284897852
1.39859726350917
1.35663934560389
1.31594016523577
1.2764619602787
1.26816810147034
1.26012305842623
1.22231936667344
1.18564978567324
1.15008029210304
1.11557788333995
1.08211054683975
1.04964723043456
1.01815781352152
0.987613079115877
0.9579846867424
0.929245146140128
0.901367791755925
0.874326758003247
0.848096955263149
0.852654046605255
0.827074425207097
0.802262192450884
0.778194326677358
0.784848496877037
0.821303041970726
0.796663950711604
0.772764032190256
0.749581111224548
0.727093677887812
0.705280867551177
0.684122441524642
0.693598768278903
0.762790805230536
0.76990708107362
0.836809868641411
0.811705572582169
0.817354405404704
0.822833773242562
0.798148760045286
0.774204297243927
0.840978168326609
0.875748823276811
0.879476358578507
0.913092067821151
0.915699305786517
0.948228326612921
0.919781476814534
0.922188032510098
0.894522391534795
1.01768671978875
1.10715611819509
1.16394143464924
1.15902319160976
1.15425249586147
1.14962492098562
1.17513617335605
1.22988208815537
1.25298562551071
1.36539605674539
1.38443417504303
1.40290114979174
1.60081411529798
1.70278969183904
1.86170600108387
1.83585482105136
1.96077917641982
2.11195580112722
2.3485971270934
2.5781392132806
2.62079503688218
2.81217118577572
2.87780605020245
2.88147186869637
2.94502771263548
3.00667688125642
3.03647657481873
3.09538227757416
3.24252080924694
3.26524518496953
3.34728782942044
3.27686919453783
3.3285631187017
3.31870622514064
3.42914503838642
3.59627068723483
3.60838256661779
3.53013108961925
3.54422715693068
3.58790034222275
3.51026333195607
3.55495543199739
3.53830676903747
3.61215756596634
3.71379283898735
3.78237905381773
3.9389076822032
3.9407404517371
4.15251823818499
4.26794269103944
4.22990441030826
4.40300727799901
4.33091705965904
4.41098954786927
4.51865986143319
4.77310006559019
4.77990706362249
4.75650985171381
4.6738145561624
4.56360011947753
4.6366921158932
4.70759135241641
4.71636361184391
4.7548727034886
4.67222652238394
4.80205972671242
4.83799793491105
4.84285799686371
4.9675722569578
5.08854508924907
5.29588873657159
5.25701207447445
5.48930171224021
5.59462266087301
5.69678398104682
5.73588046161541
5.95380404776695
6.01518992633394
5.98473422854392
6.0751922016876
6.07293643563698
6.13074834256787
6.12682589229083
6.12302111552211
6.29933048205644
6.38035056759475
6.36894005056691
6.4778718490499
6.3435356935784
6.30322962277105
6.50413273408792
6.48900875206528
6.53433848950332
6.66830833481822
6.76825908477367
6.68521131223046
6.93465497286355
6.93661532367764
6.78851686396731
6.88486135804829
6.85831551730684
6.68256605178764
6.72208907023401
6.61042639812699
6.59211360618318
6.54435019799768
6.55801969205775
6.54127910129602
6.67504072825714
6.59478950640943
6.72694582121714
6.70513744658063
6.74398332318321
6.69166382348771
6.64091390878308
6.68168649151959
6.691235896774
6.73049881987078
6.67858385527466
6.53822633961642
6.73207954942792
6.65011716294509
6.63061364805673
6.67169523861503
6.65154438145658
6.69199805001288
6.7012381085125
6.59020096525712
6.54249493629941
6.55622008821043
6.53953348556411
6.58334748099719
6.77584705656727
7.05257164487026
7.08099449552415
7.19856466065842
7.37260772083867
7.36142948921351
7.5305866045371
7.60466900640099
7.76652893620896
7.77353306812269
7.75032707607901
7.78781726379664
7.85418274588274
7.94855726350626
8.04010054560107
8.00889752923304
8.03863060335605
8.09747168525536
8.2145475346977
8.17811110865677
8.14276777539707
8.07848474213516
8.0461301998711
7.95474629387497
8.07610390505872
7.98382078790696
7.86430616426975
7.89837697934166
7.75142566996141
7.66888289986257
7.61881641286669
7.63025192048069
7.64134436286627
7.59210403198028
7.63434091102087
7.58531068369024
7.62775136317954
7.45891882228415
7.41515125761563
7.43269671988716
7.29971581829054
7.11072434374183
7.07740261342957
6.98508053502668
6.92552811897588
6.83776227540661
6.75262940714441
6.61005052493008
6.50174900918217
6.42669653890671
6.32389564273951
6.28417877345732
6.1556534102536
5.97098380794599
5.88185429370761
5.76539866489638
5.71243670494949
5.60106360380101
5.43303169568698
5.27004074481637
5.23193952247188
5.13498133679772
5.04093189669379
4.94970393979297
4.83121282159918
4.77627643695121
4.63298814384267
4.55399849952739
4.41737854454157
4.28485718820532
4.21631147255916
4.08982212838239
3.96712746453091
3.93811364059499
3.84997023137714
3.79447112443582
3.74063699070275
3.65841788098167
3.57866534455222
3.59130538421565
3.48356622268918
3.3790592360085
3.27768745892825
3.1793568351604
3.08397613010559
3.02145684620242
2.93081314081635
2.84288874659186
2.7576020841941
2.67487402166828
2.59462780101823
2.51678896698768
2.44128529797805
2.36804673903871
2.29700533686755
2.22809517676152
2.19125232145868
2.15551475181492
2.09084930926047
2.08812382998265
2.02548011508317
1.96471571163068
1.93577424028176
1.87770101307331
1.82136998268111
1.76672888320067
1.71372701670465
1.66231520620351
1.67244575001741
1.68227237751689
1.63180420619138
1.58285008000564
1.53536457760547
1.4893036402773
1.44462453106899
1.40128579513692
1.35924722128281
1.31846980464432
1.27891571050499
1.24054823918984
1.26333179201415
1.25543183825373
1.21776888310611
1.21123581661293
1.17489874211454
1.13965177985111
1.10546222645557
1.10229835966191
1.09922940887205
1.06625252660589
1.03426495080771
1.03323700228348
1.06223989221497
1.03037269544853
0.999461514585069
0.999477669147517
0.969493339073092
0.970408538900899
0.941296282733872
0.913057394251856
0.8856656724243
0.859095702251571
0.893322831184024
0.926523146248503
0.898727451861048
0.871765628305217
0.93561265945606
1.02754427967238
1.05671795128221
1.08501641274374
1.05246592036143
1.14089194275059
1.19666518446807
1.25076522893403
1.27324227206601
1.32504500390403
1.3752936537869
1.3940348441733
1.5022137988481
1.81714738488266
1.91263296333618
1.88525397443609
2.00869635520301
1.97843546454692
2.03908240061051
2.06790992859219
2.06587263073443
2.0938964518124
2.15107955825802
2.14654717151028
2.11215075636497
2.16878623367403
2.1637226466638
2.15881096726389
2.18404663824597
2.38852523909859
2.40686948192564
2.66466339746787
2.76472349554383
2.83178179067752
2.86682833695719
2.87082348684848
2.90469878224302
2.87755781877573
2.97123108421246
2.91209415168608
2.9147313271355
2.97728938732144
2.94797070570179
2.91953158453074
2.95194563699482
3.07338726788497
3.16118564984842
3.18635008035297
3.24075957794238
3.29353679060411
3.37473068688599
3.42348876627941
3.44078410329102
3.54756058019229
3.74113376278653
3.83889974990293
3.87373275740584
3.90752077468367
3.97029515144316
4.06118629689986
4.05935070799287
4.05757018675308
4.23584308115049
4.31876778871597
4.30920475505449
4.41992861240286
4.55733075403077
4.69061083140985
4.78989250646755
4.82619573127353
4.83140985933532
4.77646756355526
4.7531735366486
4.73057833054914
4.79866098063267
4.83470115121369
4.83966011667728
4.84447031317696
4.87913620378165
4.7927621176682
4.76897925413816
4.92590987651401
4.95813258021859
4.86938860281203
5.05330694472767
5.17170773638584
5.16655650429427
5.16155980916544
5.33671301489048
5.32661162444376
5.46681327571045
5.57280887743913
5.67562461111596
5.80535587278248
5.78119519659901
5.69775934070104
5.73682656048001
5.7447217636656
5.84238011075564
6.08710870743297
6.20449544620998
6.28836058282368
6.33970976533897
6.2995184723788
6.41053291820743
6.45821693066121
6.38447042274137
6.43293631005913
6.50994822075736
6.49464977413464
6.4498102809106
6.49631597248328
6.51142649330878
6.55608369850952
6.47940118755423
6.37501915192761
6.30376857736978
6.41465552004868
6.49221585444722
6.32744937881381
6.37762589744939
6.33629712052591
6.38620820691013
6.31462196070283
6.33518330188175
6.38512780282529
6.43357396874053
6.33056674967832
6.44064974718797
6.57743025477233
6.47010734712916
6.42600412671528
6.50322400291383
6.48812728282641
6.47348346434162
6.60927896041137
6.65100059159903
6.66147057385106
6.79162645663552
6.79787766293646
6.86394133304836
6.80802309305691
6.78378240026521
6.94026892825725
7.12206086040953
7.20839903459725
7.23214706355933
7.19518265165255
7.24932717210297
7.39184735693988
7.62009193623169
7.72148917814473
7.57984450280039
7.47244916771638
7.60827569268489
7.65002742190434
7.54052659924721
7.70431080126979
7.7431814772317
7.75088603291475
7.84835945192731
8.03290866836949
8.0919214083184
8.08916376606885
8.11648885308679
8.32299418749418
8.28330436186936
8.30480523101328
8.32566107408288
8.43589124186039
8.57281450460458
8.52563006946644
8.47986116738245
8.49546533236098
8.51060137239014
8.37528333121844
8.33402483128189
8.35400408634343
8.25338396375313
8.18578244484053
8.21020897149532
8.08390270235046
8.17138562127994
8.04624405264154
7.89485673106229
7.68801102913043
7.54737069825651
7.41094957730882
7.24862108998955
7.24116245728986
7.11392758357117
7.02050975606403
6.83989446338211
6.69469762948065
6.55385670059623
6.41724099957834
6.28472376959099
6.30618205650326
6.14699659480816
5.96258669696392
5.843709096055
5.75839782317335
5.61564588847815
5.5071765118238
5.37196121646909
5.30080237997502
5.17177830857577
5.07662495931849
4.92432621053894
4.80659642422277
4.72239853149609
4.5807265755512
4.44330477828467
4.31000563493613
4.18070546588804
4.0852843019114
4.02272577285406
3.96204399966844
3.84318267967838
3.72788719928803
3.64605058330939
3.56666906581011
3.48966899383581
3.38497892402073
3.31342955630011
3.21402666961111
3.11760586952277
3.02407769343709
2.96335536263398
2.87445470175496
2.78822106070231
2.70457442888124
2.6234371960148
2.57473408013436
2.49749205773033
2.45256729599842
2.37899027711846
2.30762056880491
2.26839195174076
2.20034019318854
2.16432998739288
2.0994000877711
2.03641808513796
1.97532554258383
1.91606577630631
1.85858380301712
1.83282628892661
1.77784150025881
1.72450625525104
1.67277106759351
1.62258793556571
1.57391029749874
1.52669298857377
1.48089219891656
1.43646543294906
1.39337146996059
1.35157032586177
1.31102321608592
1.27169251960334
1.23354174401524
1.22653549169479
1.18973942694394
1.15404724413562
1.11942582681156
1.08584305200721
1.05326776044699
1.02166972763358
0.991019635804575
0.961289046730438
0.932450375328525
0.904476864068669
0.877342558146609
0.851022281402211
0.825491612960144
0.83072686457134
0.8058050586342
0.781630906875174
0.758181979668919
0.735436520278851
0.713373424670485
0.691972221930371
0.67121305527246
0.681076663614286
0.660644363705857
0.640825032794682
0.621600281810841
0.602952273356516
0.58486370515582
0.567317794001146
0.700298260181111
0.709289312375678
0.838010633004408
0.992870314014275
1.29308420459385
2.18429167845603
2.26876292810235
2.23070004025928
2.1637790390515
2.12886566787996
2.15499969784356
2.09034970690825
2.177639215701
2.17231003922997
2.31714073805307
2.36762651591148
2.38659772043414
2.37499978882111
2.36374979515648
2.38283730130178
2.40135218226273
2.44931161679485
2.645832268291
2.65645730024227
2.606763581235
2.58856067379795
2.57090385358402
2.6137767379765
2.5653634358372
2.60840253276208
2.71015045677922
2.80884594307585
2.81458056478357
2.82014314784006
2.76553885340486
2.89257268780271
3.40579550716863
3.45362164195357
3.56001299269497
4.32321260291412
4.34351622482669
4.33321073808189
4.38321441593944
4.40171798346125
4.38966644395741
4.52797645063869
4.51213715711953
4.49677304240594
4.57186985113377
4.55471375559975
4.53807234293176
4.43193017264381
4.41897226746449
4.55640309944056
4.56971100645734
5.09261967626362
5.26984108597571
5.26174585339644
5.25389347779455
5.27627667346071
5.29798837325689
5.16904872205918
5.07397726039741
5.10175794258548
4.97870520430792
4.94934404817868
4.95086372673332
4.86233781493132
4.95646768048338
4.89777365006888
4.87084044056681
4.87471522734981
4.84847377052932
4.79301955741344
4.73922897069103
4.8070521015703
4.69284053852319
4.6420553223675
4.59279366269647
4.90500985281558
5.26785955723111
5.97982377051418
5.92042905739875
5.89281618567679
6.01603170010648
5.86555074910329
5.80958422663019
5.81529669983129
5.82083779883635
5.82621266487126
6.01142628492512
6.10108349637737
6.36805099148604
6.62700946174146
6.69819917788922
6.70725320255254
6.74603560647597
6.72365453828169
6.67194490213324
6.56178655506924
6.51493295841716
6.52948496966465
6.57360042057471
6.52639240795747
6.57060063571874
6.61348261664718
6.59507813814776
6.54722579400333
7.25080902018323
7.15328474957773
7.2386862070904
7.29152562087769
7.43277985225136
7.65979645668382
8.27000256298331
8.32190248609381
8.34224541151099
8.36197804916566
8.23111870769069
8.13418514645997
8.04015959206617
7.94895480430419
7.83048616017506
7.77557157536981
7.60230442810871
7.43423529526545
7.36120823640749
7.29037198931526
7.13166082963581
7.06771100474673
7.09567967460433
7.2728092843662
7.26462500583521
7.16668625566016
7.19168566799035
7.69593509795064
7.64505704501212
7.65570533366176
7.72603417365191
7.70425314844235
7.50312555398908
7.3980317873694
7.44609083374832
7.25270810873587
7.2151268654738
7.32867305950958
7.22881286772429
7.16194848169256
7.24709002724179
7.23967732642453
7.2024870066318
7.16641239643284
7.13142002453986
7.15747742380366
7.06275310108955
7.06087050805686
7.05904439281516
7.0572730610307
6.93555486919978
6.84748822312379
6.91206357643008
6.94470166913717
7.06636061906306
7.00436980049117
7.00423870647643
6.88411154528214
6.88758819892367
6.98096055295596
7.01153173636728
7.04118578427626
6.91995021074798
6.86235170442554
6.86648115329277
6.90048671869399
6.99347211713317
7.02366795361917
7.1429579150106
7.07866917756028
7.07630910223347
7.16401982916647
7.09909923429147
6.94612625726273
6.79774246954485
6.7438101954585
6.63149588959474
6.6125510129069
6.56417448251969
6.4872492480441
6.44263177060278
6.3693528174847
6.26827223296016
6.17022406597135
6.07511734399221
6.10286382367244
6.06977790896227
5.9776845716934
5.8883540345426
5.80170341350632
5.62765231110113
5.6088227417681
5.50055805951506
5.4555413177296
5.35187507819771
5.28131882585178
5.33287926107623
5.17289288324394
5.07770609674662
4.95537491384422
4.8967136664289
4.80981225643603
4.75551788874295
4.67285235208066
4.56266678151824
4.48578677807269
4.50121317473051
4.3661767794886
4.26519147610394
4.19723573182082
4.0713186598662
3.94917910007021
3.8607037270681
3.74488261525606
3.69253613679838
3.58176005269443
3.47430725111359
3.37007803358019
3.26897569257278
3.1709064217956
3.10577922914173
3.04260585226748
2.98132767669945
2.92188784639847
2.83423121100651
2.74920427467632
2.66672814643603
2.64672630204295
2.56732451298166
2.49030477759221
2.41559563426444
2.34312776523651
2.30283393227941
2.26374891431103
2.1958364468817
2.12996135347525
2.06606251287099
2.00408063748486
1.94395821836032
1.88563947180951
1.82907028765522
1.77419817902556
1.7209722336548
1.66934306664515
1.6192627746458
1.60068489140642
1.55266434466423
1.50608441432431
1.46090188189458
1.41707482543774
1.37456258067461
1.33332570325437
1.32332593215674
1.31362615419204
1.27421736956627
1.26599084847929
1.25801112302491
1.22027078933416
1.18366266565414
1.17815278568451
1.14280820211398
1.13852395605056
1.13436823736904
1.16033719024797
1.12552707454053
1.09176126230431
1.05900842443518
1.02723817170213
1.02642102655106
1.02562839575453
1.0248595438819
1.05411375756544
1.02249034483848
0.991815634493322
1.02206116545852
1.02139933049477
0.990757350579924
0.991034630062526
1.02130359116065
1.11066448342583
1.10734454892306
1.07412421245536
1.0719004860817
1.09974347149925
1.12675116735427
1.12294863233365
1.11926017336364
1.14568236816273
1.17131189711785
1.19617254020431
1.31028736399818
1.42097874307824
1.40834938078589
1.45609889936231
1.56241593238144
1.63554345441
1.5864771507777
1.56888283625437
1.61181635116674
1.65346186063174
1.66385800481278
1.8239422646684
1.82922399672835
1.8943472768265
1.9875168585217
2.10789135276605
2.13465461218307
2.28061497381758
2.33219652460305
2.38223062886496
2.49076370999901
2.56604079869904
2.72905957473807
2.85718778749593
3.04147215387105
3.13022798925492
3.57632114957727
3.67903151508995
3.71866056963725
3.84710075254814
3.85168772997169
3.76613709807254
3.74315298513036
3.93085839557645
3.99293264370916
4.11314466439788
4.07975032446595
4.07735781473197
4.07503708029001
4.07278596788131
4.22060238884487
4.21398431717952
4.38756478766414
4.40593784403421
4.45375970871319
4.53014691745179
4.57424250992824
4.67701523463039
4.68670477759148
4.75610363426373
4.76342052523582
4.80051790947875
4.74650237219439
4.69410730102855
4.7032840819977
4.80218555953777
4.80811999275163
4.87387639296908
4.87766010118001
4.82133029814461
4.91669038920027
4.88918967752426
4.92251398719854
4.95483856758258
5.0461934105551
5.10480760823845
5.1616633799913
5.27681347859156
5.32850907423381
5.2886538020068
5.30999418794659
5.36069436230819
5.34987353143895
5.42937732549578
5.38649600573091
5.34490112555898
5.39455409179221
5.29271746903844
5.31393594496729
5.27451786661827
5.32628233061972
5.40649386070113
5.4242990448801
5.35157007353369
5.28102297132768
5.24259228218785
5.32531451372222
5.37555507831055
5.54428842596123
5.5879597731824
5.69032097998692
5.66961135058732
5.8895230100697
5.92283731976761
6.04515220017458
6.10379763416934
6.07068370514426
6.03856319398993
6.21740629817023
6.12088410922513
6.23725758594837
6.32013985836992
6.25053566261882
6.21301959274026
6.23662900495805
6.16953013480931
6.16444423076503
6.15951090384208
6.15472557672682
6.12008380942501
6.20648129514226
6.290286856288
6.28157825059936
6.27313090308137
6.38493697598893
6.37338886670926
6.45218720070799
6.49862158468675
6.45366293714614
6.35005304903176
6.45955145756081
6.35576491383398
6.46509196641896
6.48113920742639
6.6467050312036
6.71730388026749
6.63578476385947
6.58671122094368
6.62910988431537
6.67023658778591
6.71012949015234
6.62882560544777
6.75996083728433
6.7071620121658
7.04594715180083
7.3445687372468
7.3342316751294
7.29420472487552
7.25537858312925
7.27771722563537
7.20938570886631
7.41310413760032
7.43071101347231
7.53778968306814
7.4616559925761
7.56780631279882
7.70077212341485
7.64974895971241
7.75025649092103
7.7877487961934
7.9441163323076
8.09579284233837
8.12291905706822
8.11923148535617
8.05565454079549
8.05398490457162
8.11236535743448
8.07899439671144
8.1966245648101
8.0407258278658
8.03950405302982
8.03831893143893
8.09716936349576
8.15425428259089
8.20962665411316
8.11333785448976
7.98993771885507
7.96023958728942
8.05143239967074
8.04988942768061
8.04839274485019
7.95694096250469
7.89823273362955
7.78128575162066
7.81784717907204
7.64331176369988
7.65401241078888
7.63439203846522
7.61536027731126
7.59689946899192
7.54899248492216
7.4425227103745
7.39924702906326
7.26726961819136
7.28925152964562
7.16057398375625
7.12575676424357
6.94198406131626
6.85372453947677
6.73811280329247
6.59596941919369
6.42809033661788
6.29524762651935
6.13639019772376
6.04229849179205
5.92102953703829
5.77339865092714
5.66019669139933
5.55039079065735
5.44387906693763
5.2805626949295
5.15214581408161
5.02758143965916
4.90675399646939
4.78955137657531
4.64586483527805
4.53648889021971
4.40039422351312
4.29838239680772
4.19943092490349
4.10344799715639
3.98034455724169
3.89093422052444
3.77420619390871
3.72098000809145
3.63935060784871
3.53017008961324
3.45426498692485
3.3506370373171
3.25011792619759
3.18261438841166
3.08713595675931
3.02452187805653
2.93378622171483
2.87577263506339
2.81949945601149
2.76491447233114
2.68196703816121
2.60150802701637
2.52346278620588
2.4777589026197
2.43342613554111
2.36042335147488
2.28961065093063
2.22092233140271
2.15429466146063
2.08966582161681
2.02697584696831
1.96616657155926
1.90718157441248
1.84996612718011
1.7944671433647
1.74063312906376
1.68841413519185
1.63776171113609
1.58862885980201
1.54096999400795
1.49474089418771
1.44989866736208
1.40640170734122
1.36420965612098
1.32328336643735
1.28358486544423
1.2750773194809
1.29682499989648
1.28792024989958
1.2492826424026
1.21180416313052
1.2054500382366
1.1692865370895
1.13420794097682
1.13018170274751
1.09627625166509
1.12338796411514
1.08968632519168
1.05699573543593
1.05528586337285
1.05362728747167
1.02201846884752
1.14135791478209
1.13711717733863
1.13300366201847
1.12901355215792
1.12514314559318
1.09138885122538
1.14864718568862
1.14418777011796
1.10986213701442
1.16656627290399
1.19156928471687
1.24582220617537
1.29844753999011
1.4094941137904
1.39720929037669
1.47529301166539
1.49103422131543
1.53630319467596
1.52021409883569
1.53460767587062
1.5485694455945
1.62211236222666
1.63344899135986
1.82444552161907
1.97971215597049
2.07032079129138
2.09821116755264
2.24526483252606
2.32790688755028
2.34806968092377
2.48762759049605
2.44299876278117
2.48970879989774
2.62501753590081
2.84626700982378
2.91087899952907
3.0335526295432
3.1825460506569
3.14706966913719
3.17265757906308
3.19747785169118
3.37155351614045
3.45040691065624
3.40689470333655
3.39468786223645
3.32284722636936
3.37316180957828
3.42196695529093
3.5893079466322
3.66162870823323
3.58177984698624
3.56432645157665
3.54739665802935
3.59097475828847
3.78324551553982
3.81974815007362
3.88515570557141
3.91860103440427
3.98104300337214
3.95161171327098
3.98306336187285
4.07357146101666
4.16136431718616
4.27652338767058
4.29822768604046
4.31928085545925
4.33970242979547
4.2695113569016
4.26142601619456
4.37358323570872
4.51237573863746
4.52700446647834
4.63119433248399
4.76225850250947
4.85939074743418
5.07360902501116
5.22140075426082
5.244758731633
5.35741596968401
5.55669349059349
5.56999268587568
5.58289290529941
5.56540611814043
5.57844393459622
5.68109061655833
5.75065789806158
5.69813816111973
5.67719401628614
5.83687819579756
6.08177184992363
6.10931869442592
6.13603913359314
6.19195795958535
6.39619922079779
6.38431324417385
6.49278384684864
6.50800033144318
6.55276032149988
6.44617751185489
6.55279218649924
6.56620842090426
6.54922216827713
6.53274550322882
6.60676313813195
6.588560243988
6.66090343666836
6.73107633356831
6.82914404356126
6.83426972225442
6.83924163058678
6.87406438166918
6.8778424502191
6.91150717671253
7.00416196141116
7.06403710256882
6.91211598949176
6.884752509807
6.76820993451279
6.65516363647741
6.63550872738309
6.76644346556159
6.68345016159475
6.8129466567469
6.8785582570445
6.82220150933316
6.88753546405317
7.28090940013157
7.33248211812762
7.32250765458379
7.31283242494628
7.27344745219789
7.26524402863195
7.16728670777299
7.1322681065398
7.00830006334361
6.8580510614433
6.9223095296
6.864640243712
6.68870103640064
6.57804000530862
6.41069880514936
6.63837784099488
6.67922650576504
6.65884971059208
6.78908421927432
6.64541169269609
6.59604934191521
6.66816786165775
6.67812282580802
6.62777914103378
6.54894576680277
6.68247739379868
6.69200307198472
6.82124297982518
6.79660569043042
6.74270751971751
6.93042629412599
6.96251350530221
6.99363810014314
7.05382895713885
7.02221408842468
7.17154766577194
7.10640123579878
7.22320919872482
7.21651292276307
7.30001753508018
7.44101700902778
7.42778649875694
7.38495290379423
7.34340431668041
7.51310218717999
7.73770912156459
7.77557784791766
7.96231051248013
7.96344119710572
7.96453796119255
7.90560182235677
7.96843376768607
8.08938075465549
8.14669933201582
8.08229835205535
7.98982940149369
8.02013451944888
7.89953048386541
7.90254456934945
7.96546823226897
7.9665041853009
7.87750905974187
7.85118378794961
7.88564827431113
7.79907882608179
7.59510646129934
7.54725326746036
7.59083566943655
7.57311059935345
7.49591728137285
7.54103976293166
7.37480857004371
7.3335643129424
7.44355738355413
7.31025066204751
7.15094314218608
6.9964148479205
6.96652240248288
6.8475267304084
6.67210092849614
6.56193790064126
6.39507976362202
6.20322737071336
6.01713054959196
5.8966166331042
5.77971813411107
5.63632659008774
5.52723679238511
5.48141968861355
5.34697709795515
5.18656778501649
5.060970751466
4.99914162892202
4.84916738005436
4.79369235865273
4.64988158789314
4.51038514025635
4.46507358604866
4.3611213784672
4.23028773711318
4.10337910499979
3.98027773184979
3.8908693998943
3.77414331789747
3.66091901836055
3.55109144780973
3.44455870437544
3.34122194324417
3.24098528494685
3.14375572639844
3.04944305460649
2.98795976296829
2.89832097007925
2.81137134097687
2.75703020074756
2.67431929472514
2.59408971588338
2.51626702440688
2.47077901367467
2.39665564326443
2.3547559739665
2.2841132947475
2.21558989590508
2.14912219902793
2.08464853305709
2.02210907706538
1.96144580475341
1.90260243061081
1.84552435769249
1.79015862696171
1.79645386815286
1.74256025210828
1.72028344454503
1.66867494120868
1.61861469297242
1.57005625218324
1.52295456461775
1.47726592767921
1.46294794984884
1.41905951135337
1.37648772601277
1.33519309423239
1.29513730140542
1.25628318236325
1.24859468689236
1.21113684628559
1.17480274089702
1.13955865867011
1.10537189891
1.1322107419427
1.09824441968442
1.06529708709389
1.03333817448107
1.03233802924664
1.00136788836924
0.971326851718165
0.97218704616662
0.943021434781621
0.944730791738173
0.916388867986027
0.888897201946447
0.862230285888053
0.836363377311412
0.841272475992069
0.816034301712307
0.791553272660938
0.76780667448111
0.774772474246676
0.811529300019276
0.817183421018698
0.822667918388137
0.797987880836493
0.804048244411398
0.809926797079056
0.845628993166684
0.880260123371684
0.853852319670533
1.00823675008042
1.277989647578
1.47964995815066
1.73526045940614
2.04320264562396
2.19190656625524
2.39614936926758
2.50426488818956
2.63913694154387
2.67996283329755
2.86956394829863
2.81347702984967
2.75907271895418
2.79630053738555
2.86241152126399
3.07653917562607
3.19424300035728
3.36841571034657
3.65736323903617
4.35764234186508
4.40691307160913
4.57470567946086
4.67746450907703
4.65714057380472
4.66742635659058
4.70740356589286
4.62618145891608
4.69739601514859
4.61647413469413
4.53797991065331
4.58184051333371
4.5643852979337
4.54745373899569
4.44103012682582
4.39779922302104
4.41586524633041
4.4033892889405
4.30128761027228
4.32224898196412
4.25258151250519
4.21500406713004
4.20855394511613
4.20229732676265
4.19622840695977
4.25034155475098
4.21283130810845
4.23644636886519
4.25935297779924
4.31157238846526
4.4222252168113
4.43955846030696
4.60637170649775
4.61818055530282
4.68963513864374
4.75894608448442
4.79617770194989
4.80229237089139
4.83822359976465
4.93307689177171
4.93508458501856
4.87703204746801
4.88072108604397
5.12429945346265
5.27057046985877
5.262453355763
5.19457975509011
5.21874236243741
5.27218009156429
5.20401468881736
5.22789424815284
5.25105742070825
5.363525698087
5.35261992714439
5.34204132933006
5.51178008945016
5.55642668676666
5.59973388616365
5.67174186957875
5.77158961349138
5.71844192508664
5.60688866733404
5.97868200731402
5.9493215470946
6.13084190068176
6.03691664366131
5.97580914435147
5.94653487002093
6.0081388239203
6.06789465920269
5.97585781942661
6.18658208484381
6.39098462229849
6.58925508362954
6.60157743112065
6.67353010818703
6.89332420494142
7.07652447879318
7.04422874442938
6.9829018820965
7.16341482563361
7.2185123808646
7.21195700943866
7.2355982991555
7.16853035018083
7.04347443967541
7.13217020648515
7.12820510029059
7.06435894728187
7.03242817886342
7.06145533349751
6.87961167349259
6.79322332328781
6.70942662358918
6.6581438248815
6.63839951013506
6.67924752483101
6.53887009908607
6.46270399611349
6.32882287623009
6.40895818994318
6.27668944424489
6.23838876091754
6.23123709809002
6.37429998514732
6.3930709855929
6.35127885602511
6.25074049034436
6.21321827563403
6.416821727365
6.37431707554405
6.30308756327773
6.2639949363794
6.19607508828802
6.31019283563938
6.3908870505702
6.43916043905309
6.7559856258815
6.82330605710505
6.8886068753919
7.01194866913014
7.10159020905624
7.12854250278455
7.21468622770101
7.23824564086998
7.32109827164388
7.52146532349457
7.56582136378973
7.66884672287604
7.73878132118976
7.83661788155406
7.96151934510744
7.99267376475422
8.05289355181159
8.08130674525724
8.04886754289953
8.16740151661254
8.22237947111416
8.24570808698074
8.44833684437132
8.58488673904018
8.71734013686897
8.6058199327629
8.61764533478002
8.68911597473662
8.75844249549452
8.85568922062968
8.71001854401079
8.65871798769047
8.51895644805975
8.47338775461796
8.39918612197942
8.35721053832004
8.31649422217044
8.15699939550533
8.18228941364016
8.14682073123096
8.08241610929403
8.13994362601521
8.01574531723475
8.01527295771771
8.01481476898618
7.86437032591659
7.8684392161391
7.78238603965492
7.57891445846527
7.50154702471132
7.33650061396998
7.26640559555088
7.19841342768435
7.22246102485382
7.12578719410821
7.00201357828496
6.97195317093641
6.82279457580832
6.73811073853407
6.59596741637805
6.4880883938867
6.3834457420701
6.191942369808
6.03618409871376
5.91509857575235
5.85764561847978
5.77191624992538
5.74875876242762
5.63629599955479
5.52720711956815
5.3613909059811
5.20054917880167
5.07453270343762
4.92229672233449
4.83462782066445
4.71958898604452
4.57800131646319
4.53066127696929
4.39474143866021
4.29289919550041
4.22411221963539
4.09738885304633
3.97446718745494
3.88523317183129
3.79867617667635
3.68471589137606
3.57417441463478
3.46694918219574
3.36294070672986
3.26205248552797
3.16419091096213
3.06926518363327
2.97718722812427
2.88787161128054
2.80123546294212
2.74719839905386
2.66478244708224
2.58483897366978
2.50729380445968
2.43207499032589
2.35911274061611
2.31833935839763
2.2487891776457
2.18132550231633
2.11588573724684
2.05240916512944
1.99083689017555
1.93111178347029
1.87317842996618
1.84698307706719
1.79157358475518
1.73782637721252
1.68569158589615
1.69512083831926
1.64426721316968
1.62493919677459
1.57619102087135
1.52890529024521
1.48303813153786
1.43854698759172
1.39539057796397
1.38352886062505
1.3420229948063
1.30176230496211
1.29270943581325
1.28392815273885
1.24541030815668
1.20804799891198
1.20180655894462
1.19575236217629
1.159879791311
1.12508339757167
1.09133089564452
1.05859096877518
1.05683323971193
1.02512824252057
0.994374395244951
0.994543163387603
0.994706868485974
1.0248656624314
1.02411969255845
1.0233961017817
1.05269421872825
1.1111133921664
1.19777999040141
1.16184659068937
1.30699119296869
1.35778145717962
1.34704801346424
1.45663657306031
1.5929374758685
1.63514935159244
1.67609487104467
1.68581202491333
1.72523766416593
1.79348053424095
1.76967611821372
1.98658583466731
1.98698825962729
1.95737861183847
1.95865725348332
1.98989753587882
2.02020060980246
2.13959459150838
2.19540675376313
2.27954455115024
2.30115821461573
2.32212346817726
2.37245976413194
2.39128597120798
2.46954739207174
2.78546097030959
2.9118971412003
3.09454022696429
3.24170402015536
3.4744528995507
3.61021931256418
3.83191273318726
3.95695535119164
3.95824669065589
4.04949928993621
4.07801431123813
4.10567388190098
4.10250366544395
4.12942855548063
4.15554569881622
4.24087932785173
4.29365294801618
4.34484335957569
4.42449805878842
4.44176311702477
4.36851022351402
4.3274549168086
4.37763126930435
4.33630233122521
4.35621326128846
4.4055268634498
4.45336105754631
4.55976022581992
4.63296741904532
4.73397839647396
4.71195904457974
5.14060027324235
5.22638226504508
5.21959079709373
5.27300307318092
5.38481298098549
5.55326859155593
5.56667053380925
5.51967041779497
5.59408030526112
5.75625789610329
5.85357015922019
5.97796305444358
6.09862416281027
6.15566543792597
6.09099547478819
6.17826561054454
6.32291764222821
6.34323011296136
6.27293320957252
6.29474521328534
6.22590285688678
6.21912577118018
6.42255199804477
6.46987543810343
6.60577917496033
6.52760579971152
6.48177762572017
6.49732429694857
6.69240456804011
6.7616324309989
6.73878345806894
6.62661995432687
6.69782135569706
6.79688671502615
6.74298011357537
6.8406907101681
6.99546998886306
7.02560588919717
6.90483771252125
7.02769258114562
6.96686180371125
7.14785594959991
7.05342027111191
7.29181766297855
7.3130631330892
7.39367123909652
7.35186110192363
7.43130526886592
7.41836611079994
7.46581512747594
7.48184067365166
7.49738545344211
7.36246388983885
7.17158997314368
7.19644227394937
7.25054900573089
7.27303253555896
7.41484155949219
7.34239631270743
7.39212442332621
7.56036069062642
7.48354986990763
7.4390433738104
7.48587207259608
7.5912959104182
7.45355703310566
7.49995032211249
7.36495181244911
7.47400325807564
7.48978316033337
7.50508966552337
7.42993697555767
7.47703886629094
7.46272770030221
7.44884586929314
7.55538049321435
7.47871907841792
7.40435750606538
7.51222678088342
7.52685997745691
7.63105417813321
7.67212255278921
7.65195887620553
7.66240010991937
7.70252810662179
7.65145226342313
7.66190869552044
7.64205143465482
7.62278989161518
7.72410619486672
7.88238300902072
8.0059115187501
8.0057341731876
8.06556214799197
8.18359528355221
7.99808742504564
8.02814480229427
8.08730045822544
8.11468144447868
8.35124100114432
8.31070377110999
8.54138265797669
8.61514117823739
8.89668694289027
8.77978633460356
8.81639274456545
8.88190096222849
8.64544393336163
8.68608061536079
8.60549819689996
8.76733325099296
8.71431325346317
8.81288385585928
8.8784973401835
8.85214241997799
8.97657814737866
8.9172808029573
9.06976237886858
9.00766950750252
8.85743942227744
8.80171623960912
8.77766475242085
8.84433480984822
8.90900476555277
8.88173462258619
8.7952825839086
8.65142410639134
8.5118813831996
8.46652494170361
8.42252919345251
8.43985331764893
8.36665771811946
8.20565798657588
8.1694882469786
8.16440359956924
8.06947149158217
7.9473873468347
