0
0
0
3.5
2.65
2.089
2.05874
3.3987684
3.603187144
4.07810351504
3.7115483199264
4.48962189115142
5.00315044815994
3.64207929578556
2.40377233521847
2.60648974124419
1.72028322922116
1.13538693128597
1.08935537464874
1.39897454726817
1.60332320119699
1.73819331279001
1.48720758644141
0.98155700705133
0.987827624653878
0.991966232271559
0.654697713299229
0.772100490777491
0.509586323913144
0.676326973782675
0.446375802696566
0.634608029779733
0.758841299654624
1.18083525777205
1.45935127012955
1.30317183828551
1.54009341326843
1.01646165275717
1.01086469081973
0.667170695941022
0.440332659321074
0.630619555151909
0.41620890640026
0.614697878224171
0.405700599627953
0.267762395754449
0.516723181197936
0.681037299590638
0.449484617729821
0.296659847701682
0.19579549948311
0.469225029658853
0.309688519574843
0.204394422919396
0.134900319126801
0.0890342106236889
0.398762579011635
0.263183302147679
0.173700979417468
0.454642646415529
0.300064146634249
0.198042336778604
0.130707942273879
0.08626724190076
0.0569363796545016
0.0375780105719711
0.364801486977501
0.240768981405151
0.158907527727399
0.104878968300084
0.0692201190780551
0.0456852785915164
0.0301522838704008
0.0199005073544645
0.0131343348539466
0.00866866100360475
0.00572131626237913
0.00377606873317023
0.342492205363892
0.226044855540169
0.489189604656512
0.322865139073298
0.213090991788376
0.820640054580328
0.881622436023017
0.581870807775191
0.384034733131626
0.253462923866873
0.507285529752136
0.33480844963641
1.24097357676003
1.49904256066162
2.00936809003667
1.3261829394242
0.875280740019973
0.917685288413182
1.6256722903527
1.07294371163278
1.04814284967764
1.71177428078724
1.46977102531958
1.31004887671092
1.54463225862921
1.01945729069528
1.01284181185888
1.34847559582686
0.889993893245729
0.927395969542181
1.97208133989784
1.30157368433257
1.1990386316595
1.47136549689527
1.99110122795088
2.33412681044758
2.9005236948954
2.59434563863097
3.07226812149644
3.72769696018765
3.82027999372385
3.88138479585774
3.24171396526611
4.51953121707563
5.36289060326992
5.57950779815814
5.38247514678437
4.57243359687769
4.37780617393927
3.22935207479992
3.49137236936795
2.64430576378284
4.46524180409668
3.96705959070381
3.97825932986451
4.32565115771058
5.23492976408898
5.49505364429873
5.66673540523716
6.46004536745653
6.64362994252131
5.74479576206406
5.83156520296228
4.1888330339551
4.46462980241037
6.00665566959084
4.64439274192996
3.06529920967377
3.04309747838469
4.38844433573389
4.25637326158437
4.84920635264568
3.88047619274615
4.26111428721246
4.85233542956022
5.24254138350975
5.16007731311643
5.44565102665684
5.29412967759352
4.17412558721172
5.47492288755974
7.35344910578942
7.23327640982102
7.15396243048187
6.08161520411804
7.4138660347179
6.59315158291382
7.75148004472312
6.81597682951726
8.57854470748139
6.00183950693772
7.70121407457889
6.10280128922207
6.40784885088656
5.92918024158513
5.95325895944619
6.30915091323448
6.88403960273476
6.58346613780494
6.72508765095126
7.15855784962783
10.1646481807544
12.1486677992979
11.0781207475366
10.7115596933742
9.44962939762694
8.61675540243378
8.4070585656063
7.92865865330015
7.2729147111781
6.84012370937755
6.89448164818918
6.25035788780486
7.86523620595121
6.5510558959278
7.04369689131235
9.06883994826615
9.72543436585566
9.47878668146473
9.31599920976672
9.20855947844604
9.13764925577438
10.4508485088111
7.91756001581532
7.60558961043811
10.4596891428892
10.9833948343068
8.94904059064251
7.60636678982406
7.40020208128388
6.92413337364736
6.94992802660726
5.60695249756079
5.06058864839012
4.69998850793748
5.48199241523874
5.31811499405756
7.58995589607799
7.38937089141147
7.59698478833157
7.39400996029884
6.92004657379723
6.60723073870617
6.40077228754607
6.60450970978041
5.37897640845507
5.25012442958035
4.48508212352303
7.7201542015252
9.17530177300663
8.43569917018438
6.92756145232169
6.27219055853231
6.85964576863133
5.54736620729667
6.04126169681581
7.72723271989843
8.15997359513296
7.08558257278776
8.07648449803992
7.71047976870635
10.5289166473462
10.3490849872485
8.870396091584
8.57446142044544
7.01914453749399
8.71263539474603
7.79033936053238
7.52162397795137
7.0042718254479
7.68281940479562
8.47066080716511
6.61063613272897
7.08301984760112
6.37479309941674
6.92736344561505
7.29205987410593
6.85275951690991
6.56282128116054
5.35146204556596
4.21196495007353
5.49989686704853
4.98993193225203
5.33335507528634
6.92001434968898
6.26720947079473
5.83635825072452
5.55199644547818
5.0243176540156
3.6560496516503
4.4529927700892
4.63897522825887
3.74172365065085
3.82953760942956
3.20749482222351
3.13694658266752
2.75038474456056
2.83525393140997
3.57126759473058
3.71703661252218
4.83324416426464
4.20994114841466
4.47856115795368
3.63585036424943
3.41966124040462
2.25697641866705
2.50960443632025
1.99633892797137
1.9975836924611
1.31840523702433
1.55014745643606
1.7030973212478
3.16404423202355
3.10826919313554
2.73145766746946
2.82276206052984
2.88302295994969
2.5827951535668
2.38464480135409
1.9138655688937
2.62315127546984
2.07127984181009
1.36704469559466
1.58224949909248
1.38428466940103
0.913627881804683
0.942994401991091
0.62237630531412
1.09076836150732
1.39990711859483
1.26393869827259
0.834199540859908
0.550571696967539
0.363377319998576
0.57982903119906
0.38268716059138
0.252573525990311
0.166698527153605
0.450021027921379
0.29701387842811
0.876029159762553
0.918179245443285
0.945998301992568
0.624358879315095
0.752076860347963
0.496370727829655
0.327604680367572
0.216219089042598
0.142704598768115
0.774185035186956
0.850962123223391
0.901635001327438
0.595079100876109
0.732752206578232
0.823616456341633
0.543586861185478
0.358767328382415
0.236786436732394
0.15627904824338
0.443144171840631
0.292475153414816
0.193033601253779
0.467402176827494
0.308485436706146
0.203600388226056
0.134376256229197
0.0886883291112701
0.0585342972134383
0.0386326361608693
0.0254975398661737
0.356828376311675
0.235506728365705
0.155434440721365
0.102586730876101
0.0677072423782268
0.0446867799696297
0.0294932747799556
0.359465561354771
0.237247270494149
0.156583198526138
0.103344911027251
0.0682076412779857
0.0450170432434706
0.369711248540691
0.244009424036856
0.161046219864325
0.446290505110454
0.2945517333729
0.194404144026114
0.128306735057235
0.0846824451377752
0.0558904137909316
0.0368876731020149
0.0243458642473298
0.0160682704032377
0.350605058466137
0.23139933858765
0.152723563467849
0.10079755188878
0.0665263842465951
0.0439074136027527
0.0289788929778168
0.359126069365359
0.917023205781137
0.94523531581555
0.623855308438263
1.43174450356925
1.96495137235571
1.63686790575477
1.76033281779815
1.50181965974678
2.01120097543287
1.6673926437857
1.44047914489856
5.03071623563305
4.68027271551781
5.12897999224175
4.06512679487956
3.36298368462051
3.23956923184954
2.13811569302069
2.77115635739366
5.90896319587981
5.59991570928068
5.39594436812525
8.32132328296266
6.17207336675536
4.07356842205853
3.02855515855863
3.3588464046487
2.55683862706814
2.70751349386497
6.88695890595088
10.3253928779276
10.5547592994322
15.8061411376253
12.8120531508327
10.1559550795496
8.40293035250271
10.6459340326518
9.40631646155018
8.24816886462312
7.48379145065126
6.97930235742983
6.98633955590369
4.95098410689643
7.68764951055164
7.11384867696408
6.7351401267963
5.80519248368555
4.85142703923247
5.58194184589343
4.70408161828966
4.46469386807118
5.32669795292698
4.8756206489318
5.25790962829499
4.83022035467469
4.8879454340853
4.2460439864963
9.60238903108756
19.2575767605178
16.7900006619417
12.4414004368815
9.23132428834182
8.4726740303056
7.29196486000169
5.49269680760112
5.66517989301674
4.75901872939105
4.50095236139809
3.99062855852274
4.33381484862501
3.8803178000925
8.00100974806105
11.0606664337203
10.0200398462554
7.29322629852856
6.17352935702885
5.43452937563904
4.94678938792177
4.96488099602837
5.31682145737872
5.54910216186996
11.4824074268342
10.9783889017106
9.28573667512896
7.82858620558511
6.52686689568618
4.64773215115287
5.1075032197609
4.05095212504219
4.37362840252785
5.26659474566838
4.49595253214113
10.7873286712131
9.15963692300068
7.06536036918044
7.72313784365909
6.797270976815
4.8261988446979
4.54529123750061
4.0198922167504
3.67312886305527
3.78426504961648
2.83761493274687
3.91282585561294
4.62246506470454
4.75082694270499
11.9755457821853
9.9438602162423
8.26294774271991
7.49354551019514
13.4457400367288
11.254188424241
9.80776435999906
7.83312447759938
8.22986215521559
11.5517090224423
8.64412795481191
7.74512445017586
11.2317821371161
8.4329762104966
6.24576429892776
6.50220443729232
7.69145492861293
6.09636025288453
6.40359776690379
4.2263745261565
4.48940718726329
4.32300874359377
3.87318577077189
3.57630260870945
3.04035972174823
3.70663741635383
3.12638069479353
4.44341125856373
4.63265143065206
6.45754994423036
15.481982963192
14.9781087557067
12.6055517787665
12.3996641739859
9.54377835483066
8.67889371418824
7.42806985136424
5.5825261019004
6.06446722725426
6.38254836998781
6.93248192419195
5.59543806996669
6.41298912617802
6.27257282327749
5.83989806336314
6.23433272181967
6.49465959640098
5.64647533362465
6.78667372019227
6.8592046553269
7.24707507251575
6.8230695478604
7.90322590158786
6.57612909504799
6.38024520273167
5.5709618338029
4.01683481030992
4.01111097480454
4.347333243371
3.88923994062486
2.90689836081241
2.93855291813619
2.95944492596988
3.31323365114012
4.56673420975248
6.41404457843664
5.25326942176818
4.147157818367
3.07712416012222
3.05090194568066
3.71359528414924
3.1309728875385
3.08644210577541
2.71705178981177
3.49325418127577
2.30554775964201
2.88166152136372
3.26189660410006
3.51285175870604
3.33848216074598
3.56339822609235
3.03184282922095
3.02101626728583
3.35387073640865
2.55355468602971
2.02534609277961
3.03672842123454
2.0042407580148
1.32279890028977
1.55304727419125
1.36501120096622
2.26090739263771
1.49219887914089
2.00485126023298
1.66320183175377
1.43771320895749
1.96889071791194
2.65946787382188
2.43524879672244
1.60726420583681
2.0807943758523
3.41332428806251
2.59279403012126
2.05124405988003
1.69382107952082
1.11792191248374
1.07782846223927
1.73136678507792
2.16270207815143
2.10738337157994
2.75087302524276
2.15557619666022
2.10268028979575
1.72776899126519
1.14032753423503
0.752616172595118
0.836726673912778
1.23223960478243
0.813278139156406
0.876763571843228
0.57866395741653
0.72191821189491
0.476466019850641
0.654467573101423
0.431948598246939
0.62508607484298
0.412556809396367
0.272287494201602
0.519709746173057
0.683008432474218
0.790785565432984
0.521918473185769
0.344466192302608
0.567347686919721
0.374449473367016
0.24713665242223
0.163110190598672
0.107652725795124
0.0710507990247815
0.386893527356356
0.255349728055195
0.168530820516429
0.111230341540843
0.0734120254169563
0.0484519367751911
0.0319782782716262
0.0211056636592733
0.0139297380151203
0.00919362708997943
0.00606779387938642
0.344004743960395
0.227043131013861
0.149848466469148
0.0988999878696377
0.0652739919939609
0.0430808347160142
0.0284333509125693
0.0187660116022958
0.0123855676575152
0.00817447465396003
0.345395153271614
0.227960801159265
0.150454128765115
0.0992997249849758
0.065537818490084
0.0432549602034554
0.0285482737342806
0.0188418606646252
0.0124356280386526
0.00820751450551073
0.00541695957363708
0.00357519331860047
0.00235962759027631
0.341557354209582
0.905427853778324
0.597582383493694
0.394404373105838
0.600306886249853
0.396202544924903
0.261493679650436
0.172585828569288
0.79390664685573
0.523978386924782
0.345825735370356
4.30824498534443
3.18344169032733
2.44107151561604
1.95110720030658
6.38773075220235
6.59590229645355
5.71329551565934
4.11077504033516
2.71311152662121
2.81065360757
3.2150313809962
3.48192071145749
3.31806766956194
4.90992466191088
4.26055027686118
4.17196318272838
4.79349570060073
4.18370716239648
3.78124672718168
4.53562283993991
3.33351107436034
3.90011730907782
3.93407742399136
4.6364910998343
5.10008412589064
4.38605552308782
4.59479664523796
4.05256578585705
11.5146934186657
16.0996976563193
14.0258004531708
12.6570282990927
8.35363867740118
7.55340152708478
5.66524500787595
6.79906170519813
9.24738072543077
10.1832712787843
7.06095904399764
11.8002329690384
9.82815375956537
7.84658148131314
7.21874377766667
9.86437089326001
7.1904847895516
8.14571996110406
7.75617517432868
6.13907561505693
6.43178990593757
4.9249813379188
5.2904876830264
3.83172187079743
2.8689364347263
2.91349804691936
4.30290871096678
5.89991974923807
12.7339470344971
11.8044050427681
8.81090732822695
7.17519883662978
13.2356312321757
11.7955166132359
8.80504096473572
8.87132703672557
9.59507584423888
9.39275005719766
9.93921503775045
8.9398819249153
6.9203220704441
6.6074125664931
7.08089229388545
6.71338891396439
6.4708366832165
6.31075221092289
5.18509645920911
4.44216366307801
3.95182801763149
3.28820649163678
4.21021628448027
4.47874274775698
11.1159702135196
18.8965403409229
14.5117166250091
10.937732972506
9.59890376185398
9.05527648282363
6.65648247866359
7.45327843591797
5.93916376770586
5.95984808668587
4.27349973721267
4.86050982656036
3.54793648552984
4.04163808044969
3.6874811330968
3.79373754784389
4.54386678157696
3.3389520758408
3.56370837005493
4.05204752423625
5.39435136599593
5.94027190155731
5.62057945502782
5.74958244031836
4.81472441061012
3.85771811100268
3.22609395326177
3.48922200915277
3.66288652604083
3.43750510718694
3.28875337074338
4.89057722469063
5.26778096829582
4.49673543907524
4.66784538978966
5.46077795726117
4.28411345179237
3.16751487818297
2.77055981960076
3.5285694809365
5.38885585741809
5.59664486589594
6.41378561149132
4.91309850358427
4.94264501236562
4.62214570816131
4.41061616738646
3.93100667047507
3.61446440251354
4.08554650565894
4.3964606937349
10.041664057865
13.4274982781909
12.262148863606
13.53301824998
10.2917920449868
8.49258274969127
8.32510461479624
6.51456904576552
6.67961557020524
7.80854627633546
7.1936405423814
7.46780275797173
7.98874982026134
10.3725748813725
8.88589942170584
8.24469361832585
8.50149778809506
7.99098854014274
10.0340524364942
8.32247460808618
7.53283324133688
6.67166993928234
7.12330215992634
5.38137942555139
6.27171042086391
6.85932887777018
5.20715705932832
5.47672365915669
7.01463761504342
5.30966082592865
4.52437614511291
3.32608825577452
5.59521824881118
6.75284404421538
6.49687706918215
5.98793886566022
5.99203965133574
6.33474616988159
5.54093247212185
3.65701543160042
4.45363018485628
4.97939592200514
5.32640130852339
4.53542486362544
4.01338040999279
2.64883107059524
3.10822850659286
4.09143081435129
3.72034433747185
4.49542726273142
3.98698199340274
3.65140811564581
2.74992935632623
3.17495337517531
4.13546922761571
3.74940969022637
2.8146103955494
1.8576428610626
4.28604428830132
4.18878923027887
3.78460089198405
3.51783658870948
3.00177214854825
2.32116961804185
2.55197194790762
2.02430148561903
1.67603898050856
1.44618572713565
1.97448257990953
1.64315850274029
2.44448461180859
1.95335984379367
1.96921749690382
1.97968354795652
1.3065911416513
1.20235015348986
0.793551101303308
0.523743726860183
0.685670859727721
0.452542767420296
0.638678226497395
0.421527629488281
0.278208235462265
0.183617435405095
0.461187507367363
0.984383754862459
0.649693278209223
1.10879756361809
1.07180639198794
1.04739221871204
1.03127886434995
1.02064405047096
0.673625073310836
0.444592548385152
1.3134310819342
1.88686451407657
1.58533057929054
1.04631818233175
0.690570000338958
0.455776200223712
0.30081229214765
0.198536112817449
0.131033834459516
0.0864823307432808
0.397078338290565
0.262071703271773
0.51296732415937
0.338558433945184
0.223448566403822
0.147476053826522
0.0973341955255047
0.0642405690468331
0.0423987755709098
0.0279831918768005
0.0184689066386883
0.352189478381534
0.572445055731813
0.377813736782996
0.249357066276778
0.164575663742673
0.108619938070164
0.411689159126308
0.611714845023364
0.40373179771542
0.266462986492177
0.175865571084837
0.116071276915992
0.0766070427645549
0.0505606482246062
0.0333700278282401
0.0220242183666385
0.0145359841219814
0.00959374952050772
0.00633187468353509
0.00417903729113316
0.00275816461214789
0.341820388644018
0.225601456505052
0.148896961293334
0.0982719944536005
0.404859516339376
0.947207280783988
0.625156805317432
0.412603491509505
0.272318304396273
0.17973008090154
0.118621853395017
0.078290423240711
0.391671679338869
1.27850330836365
1.18381218352001
1.80131604112321
1.18886858714132
1.12465326751327
1.08227115655876
0.71429896332878
0.471437315796995
1.33114862842602
1.55855809476117
1.36864834254237
1.58330790607797
1.38498321801146
1.59408892388756
1.05209868976579
1.03438513524542
0.682694189261978
2.15057816491291
2.77938158884252
2.85439184863606
2.2238986200998
1.80777308926587
1.53313023891547
1.69186595768421
2.13663153207158
2.09017681116724
3.07951669537038
2.71248101894445
2.47023747250334
4.3503567318522
4.57123544302245
5.39701539239482
3.90203015898058
4.61533990492718
5.42612433725194
6.98124206258628
8.00761976130694
6.64502904246258
7.4457191680253
6.6141746508967
5.38535526959182
5.2543344779306
5.1678607554342
4.77078809858657
4.84872014506714
5.92015529574431
5.26730249519124
5.51641964682622
3.9808369669053
4.3273523981575
3.87605258278395
4.93819470463741
6.31920850506069
5.53067761334005
3.99024722480444
3.99356316837093
4.33575169112481
3.20159611614238
3.81305343665397
3.53661526819162
4.37416607700647
5.26694961082427
5.51618674314402
6.70068325047505
5.78245094531353
7.55641762390693
7.70723563177857
6.10677551697386
7.43047184120275
5.58411141519381
6.06551353402792
6.72323893245842
8.85733769542256
7.54584287897889
6.34025630012607
4.8645691580832
3.55061564433491
4.72340632526104
5.49744817467229
5.32831579528371
5.55668842488725
4.34741436042558
5.92929347788088
5.95333369540138
5.62920023896491
6.77527215771684
7.53167962409312
9.05090855190146
7.33359964425496
9.26017576520827
9.17171600503746
9.11333256332472
8.39479949179432
9.96056766458425
9.2939746586256
7.8340232746929
8.23045536129731
7.47210053845622
7.65158635538111
7.09004699455153
6.71943101640401
8.51482447082665
8.67978415074559
7.76865753949209
8.52731397606478
6.30802722420275
5.86329796797382
8.28977665886272
7.51125259484939
7.6774267126006
8.8071016303164
9.21268707600882
7.44037347016582
10.0106464903094
8.98702668360423
6.61143761117879
7.763548823378
7.16394222342948
5.06820186746346
6.06501323252588
5.02290873346708
5.35511976408827
5.23437904429826
5.83469016923685
5.89089551169632
7.62799103771957
6.39447408489492
7.96035289603064
7.29383291138022
7.53392972151095
6.67239361619723
6.10377978669017
6.74849465921551
6.83400647508224
7.23044427355428
6.47209322054582
4.95158152556024
7.68804380686976
6.43410891253404
6.28651188227247
6.86909784229983
6.57360457591789
7.0585790201058
7.03866215326983
5.66551702115809
5.43924123396434
5.96989921441646
5.98013348151487
6.66688809779981
8.82014614454787
11.2612964554016
10.1524556605651
10.4406207359729
11.3108096857421
9.84513439258981
10.9177886991093
10.6057405414121
11.419788757332
10.2570605798391
9.14965998269382
9.09877558857792
9.40519188846142
9.94742664638454
10.3053015866138
9.1814990471651
9.11978937112897
9.41906098494512
10.2965802500638
9.17574296504209
8.43599035692778
7.60775363557233
7.40111739947774
6.58473748365531
8.4259267392125
7.26111164788025
6.15233368760097
7.12054023381664
5.71955655431898
5.47490732585053
5.65343883506135
6.45126963114049
6.97783795655272
6.6453730513248
7.44594621387436
6.95432450115708
7.64985417076367
5.72890375270402
5.82107647678466
6.56191047467787
5.35086091328739
3.87156820276968
4.59523501382799
4.39285510912647
4.59928437202347
4.39552768553549
4.26104827245342
3.49229185981926
3.32491262748071
3.55444233413727
3.3659319405306
3.92151508075019
3.26819995329513
2.15701196917478
2.44362789965536
2.29279441377254
2.87324431308987
2.57634124663932
1.70038522278195
1.12225424703609
2.10068780304382
2.06645395000892
2.04385960700589
2.02894734062389
1.67910524481176
2.12820946157576
1.40461824464
1.6070480414624
1.06065170736519
0.700030126861022
1.14201988372827
0.753733123260661
0.497463861352036
1.34832614849234
1.22989525800495
1.49173087028327
1.66454237438695
1.43859796709539
1.28947465828296
2.21105327446675
1.45929516114806
0.963134806357717
0.635668972196093
0.419541521649421
0.276897404288618
0.522752286830488
0.345016509308122
0.22771089614336
0.150289191454618
0.0991908663600478
0.0654659717976316
0.0432075413864368
0.0285169773150483
0.0188212050279319
0.012421995318435
0.00819851691016712
0.34541102116071
0.567971273966069
0.374861040817605
0.92740828693962
0.612089469380149
0.403979049790898
0.606626172861993
0.400373274088915
0.264246360898684
0.174402598193131
0.115105714807467
0.075969771772928
0.730140049370133
1.16189243258429
0.76684900550563
0.506120343633715
0.334039426798252
0.220466021686846
0.145507574313319
0.0960349990467903
0.0633830993708816
0.0418328455847818
0.027609678085956
0.018222387536731
0.692026775774242
0.796737672011
0.52584686352726
0.687058929927992
0.453458893752474
0.299282869876633
0.197526694118578
0.470367618118261
0.650442627958052
0.429292134452315
0.283332808738528
0.526999653767428
1.0278197714865
0.678361049181092
0.44771829245952
0.635494073023284
0.419426088195367
0.616821218208942
0.407102004017902
0.268687322651815
0.177333632950198
0.117040197747131
0.757246530513106
1.17978271013865
0.778656588691509
0.513913348536396
1.35918281003402
2.25706065462245
2.16966003205082
2.11197562115354
1.39390390996134
2.27997658057448
2.52478454317916
2.68635779849824
2.45299614700884
2.63897745702583
2.76172512163705
2.50273858028045
3.3518074629851
6.29219292557017
5.85284733087631
4.20287923837836
4.81390029732972
3.51717419623761
3.68133496951683
3.4496810798811
2.95678951272153
2.97148107839621
3.3211775117415
2.87197715774939
2.2355049241146
2.83543324991563
2.55138594494432
2.36391472366325
2.58018371761774
4.76292125362771
4.16352802739429
6.48792849808023
6.32203280873295
5.87254165376375
5.23587749148407
4.47567914437949
4.31394823529046
3.5272058352917
4.36795585129252
3.22285086185307
3.14708156882302
3.7770738354232
3.17286873137931
2.77409336271034
3.19090161938883
4.48599506879663
5.00075674540577
4.66049945196781
4.77592963829875
4.85211356127718
5.24239495044294
5.15998066729234
4.76558724041294
5.52528757867254
7.04668980192388
7.03081526926976
6.34033807771804
5.88462313129391
5.92385126665398
6.28974183599163
5.51122961175447
4.99741154375795
6.69829161888025
6.80087246846096
5.84857582918424
6.5800600472616
7.40283963119265
7.94587415658715
7.96427694334752
7.29642278260936
6.51563903652218
5.32032176410464
4.87141236430906
4.57513216044398
5.39958722589303
5.6037275690894
5.398460195599
5.26298372909534
5.51356926120292
4.31895571239393
4.21051077017999
6.1789371083188
6.1180984914904
4.71794500438367
6.85384370289322
7.58353684390952
6.70513431698029
6.12538864920699
7.78275650847661
6.83661929559456
7.91216873509241
8.28203136516099
8.52614070100625
9.02725286266413
7.65798688935832
6.07427134697649
6.38901908900448
6.25675259874296
7.18945671517035
9.50504143201243
9.67332734512821
9.44439604778461
8.95330139153785
7.60917891841498
8.42205808615389
8.27855833686156
6.82384850232863
7.2237400115369
7.82766840761435
7.20626114902547
6.45613235835681
6.98104735651549
6.98749125530023
7.33174422849815
6.19895119080878
5.11130778593379
4.7334631387163
6.52408567155276
7.36589654322482
5.20149171852838
6.15298453422873
5.76096979259096
6.52224006311003
5.66467844165262
6.11868777149073
6.75833392918388
7.18050039326136
5.7591302595525
7.20102597130465
8.49267714106107
6.6251669131003
6.0726101626462
7.06792270734649
6.70482898684868
6.46518713132013
8.00702350667129
8.00463551440305
7.66305943950601
8.79761923007397
8.18642869184882
8.46304293662022
7.28560833816934
6.84850150319177
8.60001099210657
10.0960072547903
10.0633647881616
9.36182076018667
8.2188017017232
8.48440912313731
9.67971002127063
11.4886086140386
11.3224816852655
8.49283791227522
6.96527302210164
8.67708019458708
8.78687292842747
7.15933613276213
9.14516184762301
9.09580681943118
8.72323250082458
9.49733345054422
11.0282400773592
10.6786384510571
9.76790137769766
9.50681490928046
11.3744978401251
9.88716857448257
9.58553125915849
9.3864506310446
10.2750574164894
11.201537894883
9.7730150106228
8.83018990701105
8.88792533862729
8.92603072349401
7.25118027750605
7.16577898315399
7.78941412888163
6.84101332506188
6.55506879454084
7.38634540439695
6.23498796690199
7.85509205815531
6.54436075838251
5.33927810053245
3.86392354635142
3.57018954059194
3.37632509679068
2.90837456388185
4.29952721216202
3.85768796002693
3.90607405361778
2.91800887538773
2.6058858577559
2.3998846661189
2.26392387963847
2.17418976056139
3.81496524197052
2.85787705970054
1.88619885940236
1.92489124720556
2.29042822315567
1.85168262728274
1.90211053400661
1.59539295244436
2.07295934861328
1.70815317008476
1.80738109225594
1.19287152088892
1.12729520378669
1.42401483449921
0.939849790769482
0.620300861907858
0.409398568859186
0.270203055447063
0.518334016595061
1.02210045095274
1.35458629762881
0.894026956435014
0.590057791247109
0.729438142223092
0.821429173867241
0.882143254752379
0.58221454813657
0.724261601770136
0.47801265716829
0.315488353731071
0.208222313462507
0.477426726885255
0.315101639744268
0.207967082231217
0.137258274272603
0.090590461019918
0.399789704273146
0.263861204820276
0.514148395181382
0.339337940819712
0.22396304094101
0.487815607021067
0.321958300633904
0.552492478418377
0.364645035756129
0.240665723599045
0.15883937757537
0.104833989199744
0.069190432871831
0.385665685695408
0.25453935255897
0.16799597268892
0.110877341974687
0.0731790457032935
0.0482981701641737
0.0318767923083546
0.0210386829235141
0.0138855307295193
0.00916445028148272
0.00604853718577859
0.00399203454261387
0.00263474279812515
0.0017389302467626
0.341147693962863
0.22515747801549
0.148603935490223
0.0980785974235473
0.0647318742995412
0.0427230370376972
0.0281972044448802
0.0186101549336209
0.0122827022561898
0.00810658348908526
0.00535034510279627
0.00353122776784554
0.00233061032677806
0.00153820281567352
0.341015213858345
0.225070041146507
0.148546227156695
0.0980405099234186
0.0647067365494562
0.0427064461226411
0.0281862544409431
0.0186029279310225
0.352277932434475
0.232503435406753
0.153452267368457
0.101278496463182
0.0668438076656999
0.044116913059362
0.0291171626191789
1.71921732732866
1.47468343603691
2.67329106778436
3.80437210473768
6.25088558912687
14.6655844888237
11.3792857626237
7.85032860333162
5.18121687819887
3.75960313961125
3.50133807214343
2.31088312761466
3.22518286422568
2.80862069038895
4.2336896556567
4.15423517273342
3.76179521400406
3.16278484124268
2.76743799522017
2.84650907684531
2.89869599071791
3.27313935387382
5.22027197355672
4.46537950254743
3.28715047168131
2.84951931130966
2.56068274546438
3.05005061200649
2.35303340392428
2.91300204659003
3.96258135074942
4.65530369149461
4.09250043638644
3.72105028801505
2.79589319008993
4.22528950545936
9.58869107360318
8.02853610857809
7.67883383166154
14.9280303288966
11.5525000170718
8.98465001126737
7.96986900743646
6.96011354490806
5.95367493963932
6.98942546016195
5.97302080370689
5.30219373044655
5.87944786209472
5.24043558898251
4.81868748872846
3.52033374256078
3.68342027009012
5.49105737825948
5.32409786965125
10.9939045939698
10.9959770320201
8.95734484113326
7.61184759514795
7.06381941279765
6.70212081244645
4.76339973621465
3.82384382590167
4.5637369250951
3.35206637056277
3.57236380457143
4.05776011101714
3.35812167327131
4.93636030435907
4.27799780087698
4.18347854857881
4.46109584206201
4.30432325576093
3.86085334880221
3.56816321020946
4.73498771873824
3.46509189436724
3.30696065028238
3.20259402918637
7.213712059263
10.5410499591136
16.817092973015
12.4592813621899
9.92312569904532
9.94926296136991
6.90651355450414
5.91829894597273
5.946077304342
5.96441102086572
5.97651127377138
8.02449744068911
8.35616831085481
10.6150710851642
12.1059469162084
11.0499249646975
9.67295047670036
9.10414731462224
8.04873722765068
7.01216657024945
5.64802993636463
5.42769975800066
5.96228184028043
6.65510601458509
6.09236996962616
6.74096417995326
7.16903635876915
6.77156399678764
6.16923223787984
14.2716932770007
10.7793175628205
10.5143495914615
9.99947073036459
10.6796506820406
12.1485694501468
17.5380558370969
14.975116852484
12.9435771226394
11.602760900942
9.01782219462173
7.65176264845034
6.75016334797722
6.15510780966497
5.42237115437888
5.61876496189006
4.38838487484744
3.57633401739931
4.06038045148354
4.37985109797914
3.57070172466623
4.05666313827971
5.39739767126461
7.98228246303464
7.64830642560286
6.40788224089789
6.94920227899261
12.7464735041351
10.4526725127292
9.61876385840126
9.74838414654483
8.81393353671959
6.15719613423493
5.42374944859505
6.63967463607273
4.722185259808
5.15664227147328
7.14338389917237
6.07463337345376
5.70925802647948
7.16811029747646
7.11095279633446
6.73322884558074
6.48393103808329
6.31939448513497
6.89080036018908
5.90792823772479
6.27923263689836
6.52429354035292
6.68603373663293
5.43278226617773
4.9456362956773
6.32411995514702
6.89391917039703
8.28998665246204
7.17139119062495
7.11311818581246
5.71465800263623
6.15167428173991
7.46010502594834
7.6436693171259
7.7648217493031
6.14478235454004
5.75555635399643
6.17866719363764
6.79792034780084
7.88662742954856
7.92517410350205
8.97061490831135
7.62060583948549
7.40959985406042
8.29033590367988
7.17162169642872
5.41327031964295
4.25275841096435
4.50682055123647
3.99450156381607
4.67637103211861
4.78640488119828
4.51902722159086
4.68255796624997
4.45048825772498
3.95732225009849
3.631832685065
3.4170095721429
4.63522631761431
4.75924936962545
4.1611045839528
3.76632902540884
3.50577715676984
2.31381292346809
3.22711652948894
2.8098969094627
3.21453196024538
2.80159109376195
2.86905012188289
4.27357308044271
2.82055823309219
2.54156843384084
2.01743516633496
2.35150720978107
2.23199475845551
2.49311654058063
2.32545691678322
1.87480156507692
1.91736903295077
2.96546356174751
1.95720595075336
1.63175592749721
1.75695891214816
1.15959288201779
0.765331302131739
0.845118659406948
0.557778315208585
1.04813368803767
0.69176823410486
0.456567034509207
0.301334242776077
0.198880600232211
0.131261196153259
0.426632389461151
0.62157737704436
0.750241068849277
0.835159105440523
0.551205009590745
0.363795306329892
0.240104902177729
0.838469235437301
0.553389695388618
0.365237198956488
0.241056551311282
0.159097323865446
0.445004233751195
0.633702794275788
0.41824384422202
0.276040937186533
0.182187018543112
0.120243432238454
0.0793606652773796
0.0523780390830705
0.0345695057948265
0.0228158738245855
0.0150584767242264
0.00993859463798944
0.00655947246107303
0.344329251824308
0.227257306204043
0.149989822094669
0.0989932825824813
0.0653355665044376
0.0431214738929288
0.028460172769333
0.35878371402776
0.576797251258321
0.380686185830492
0.591252882648125
0.730226902547762
0.481949755681523
0.318086838749805
0.549937313574871
0.362958626959415
0.579552693793214
0.722504777903521
1.15685315341632
0.763523081254774
0.503925233628151
0.332590654194579
0.219509831768422
0.484876488967159
0.660018482718325
0.775612198594094
1.1919040510721
0.786656673707587
0.519193404647008
1.02266764706703
1.01496064706424
0.669874027062396
0.782116857861181
1.19619712618838
2.14949010328433
1.75866346816766
1.16071788899065
1.10607380673383
1.41000871244433
1.61060575021326
1.40299979514075
1.26597986479289
1.51554671076331
1.68026082910378
1.7889721472085
2.88072161715761
3.60127626732402
2.71684233643385
2.81311594204634
3.55665652175059
3.70739330435539
2.44687958087456
1.95494052337721
2.31026074542896
2.54477209198311
2.35954958070885
3.93730272326784
3.27861979735678
3.52388906625547
4.02576678372861
4.69700607726088
4.12002401099218
5.09921584725484
4.7254824591882
4.47881842306421
4.99602015922238
4.99737330508677
6.01826638135727
6.3520558116958
7.25235683571923
6.82655551157469
10.6255266376393
9.39284758084193
7.89927940335568
7.93352440621475
6.59612610810173
4.69344323134714
4.11767253268911
6.11766387157482
6.07765815523938
6.73125438245799
5.46262789242227
4.9653344089987
4.63712070993914
4.42049966855983
5.97752978124949
5.30516965562466
6.90141197271228
6.2549319019901
6.16825505531347
6.45104833650689
6.29769190209455
6.8764766553824
6.23847459255238
6.49739323108457
5.98827953251582
5.99226449146044
4.97489456436389
4.30343041248017
4.54026407223691
5.71657428767636
5.4729390298664
5.99213975971182
5.6548122414098
4.75217607933047
5.85643621235811
5.22524790015635
5.48866361410319
5.66251798530811
6.45726187030335
6.64179283440021
6.76358327070414
7.52396495866473
7.34581687271872
6.20823913599436
6.13743782975627
6.43070896763914
5.94426791864183
6.64321682630361
5.74452310536038
5.15138524953785
5.77991426469498
4.49474341469869
5.00653065370113
4.66431023144275
5.45844475275221
6.32257353681646
6.21289853429886
5.12051303263725
4.39953860154058
4.26369547701679
5.53403901483108
6.03246574978851
7.72142739486042
7.47614208060788
7.9942537732012
6.97620749031279
9.02429694360644
8.33603598278025
8.90178374863497
8.59517727409908
7.37281700090539
6.56605922059756
8.41359908559439
6.5729753964923
7.73816376168492
8.16718808271204
6.75034413458995
6.15522712882937
6.44244990502738
5.61201693731807
5.74393117862993
5.83099457789575
5.8884564214112
5.58638123813139
6.74701161716672
7.51302766733003
6.99859826043782
6.65907485188896
7.79498940224671
7.18469300548283
7.80189738361867
7.86925227318832
6.89370650030429
5.56984629020083
7.07609855153255
5.69022504401148
7.15554852904758
7.1026620291714
8.76775693925312
8.84671957990706
7.19883492273866
6.45123104900752
6.97781249234496
7.32535624494767
7.55473512166546
6.3461251802992
7.92844261899748
6.93277212853833
10.6956296048353
12.8391155391913
10.8538162558663
9.20351872887173
8.11432236105534
8.07545275829652
7.02979882047571
9.39966722151397
8.92378036619922
9.62969504169148
8.05559872751638
9.05669516016081
10.0574188057061
8.67789641176605
9.46741163176559
9.30849167696529
10.5636045067971
11.3919789744861
10.5787061231608
9.70194604128613
8.44328438724885
8.29256769558424
8.8730946790856
8.23624248819649
9.51592004220969
7.30050722785839
7.53833477038654
7.69530094845511
8.47889862598038
8.99607309314705
9.33740824147705
7.86268943937485
6.5493750299874
6.70258751979169
8.16370776306251
8.10804712362126
8.07131110159003
7.02706532704942
6.67786311585262
5.76738965646273
6.8664771732654
5.21187493435516
6.15983745667441
6.44549272140511
6.63402519612737
6.75845662944407
6.50058137543308
5.65038370778583
5.76925324713865
4.82770714311151
5.9062867144536
4.91814923153937
5.28597849281599
3.82874580525855
3.88697223147064
3.58540167277062
3.04636510402861
2.35060096865888
2.23139663931486
1.81272178194781
2.21639637608555
2.14282160821647
1.75426226142287
1.83781309253909
1.8929566410758
1.92935138311003
1.27337191285262
1.18042546248273
1.1190808052386
1.07859333145748
1.05187159876193
0.694235255182877
0.798195268420699
0.526808877157661
0.687693858924056
0.793877946889877
0.863959444947319
0.57021323366523
0.716340734219052
0.472784884584574
0.992038023825819
0.994745095725041
0.656531763178527
0.773310963697828
0.510385236040566
0.336854255786774
0.562323808819271
0.371133713820719
0.584948251121674
0.386065845740305
0.594803458188601
0.732570282404477
0.823496386386955
0.54350761501539
0.358715025910157
0.236751917100704
0.496256265286465
0.667529135089067
0.440569229158784
0.290775691244797
0.191911956221566
0.126661891106234
0.0835968481301142
0.0551739197658754
0.0364147870454778
0.0240337594500153
0.0158622812370101
0.0104691056164267
0.0069096097068416
0.00456034240651546
0.0030098259883002
0.00198648515227813
0.00131108020050357
0.000865312932332354
0.000571106535339354
0.000376930313323973
0.000248774006793822
0.000164190844483923
0.000108365957359389
0.340071521531857
0.904447204211026
0.936935154779277
0.618377202154323
0.408128953421853
0.609365109258423
0.402180972110559
0.265439441592969
0.51519003145136
0.340025420757897
0.904416777700212
0.59691507328214
0.393963948366212
0.6000162059217
0.736010695908322
0.485767059299493
2.02060625913767
1.67360013103086
1.44457608648037
1.29342021707704
1.19365734327085
0.787813846558759
1.53995713872878
1.356371711561
0.895205329630257
1.61083551755597
1.74315144158694
2.17047995144738
2.45251676795527
3.31866106685048
2.53031630412132
3.03000876072007
2.67980578207524
2.78867181616966
2.18052339867198
2.1191454431235
2.07863599246151
2.7318997550246
2.48305383831623
4.35881553328871
5.25681825197055
5.16950004630056
4.43187003055837
5.30503422016853
5.20132258531123
4.45287290630541
5.31889611816157
3.85047143798664
3.90131114907118
4.95486535838698
6.67021113653541
6.10233935011337
6.40754397107482
6.94897902090938
5.26632615380019
4.83577526150813
4.55161167259536
6.06406370391294
6.04228204458254
4.66790614942448
4.10081805862015
3.0465399186893
3.71071634633494
4.14907278858106
5.7983880404635
5.86693610670591
4.2121778304259
3.80003736808109
3.52802466293352
4.02849627753612
6.05880754317384
5.69881297849474
5.80121656580653
5.52880293343231
5.68900993606532
4.77474655780311
4.85133272815005
5.58187960057904
6.06404053638216
6.72226675401223
6.13669605764807
5.75021939804773
5.4951448027115
4.30679556978959
4.20248507606113
5.49364015020034
6.68580249913223
6.11262964942727
6.754335568622
7.51786147529052
7.68178857369174
9.14998045863655
9.43898710270012
8.26973148778208
8.51802278193617
9.70189503607787
8.4432507238114
7.61254547771552
6.72428001529224
6.47802481009288
7.3354963746613
7.56142760727646
6.35054222080246
5.89135786572963
7.62829619138155
9.79467548631182
8.8444858209658
8.21736064183743
8.1434580236127
9.79468229558438
8.50449031508569
9.01296360795656
8.32855598125133
8.21684694762587
6.44311898543308
7.65245853038583
7.43062263005465
6.94421093583607
6.6231792176518
7.43129828365019
6.94465686720912
7.64347353235802
8.10469253135629
8.74909707069515
8.1544040666588
7.76190668399481
7.84285841143657
7.55628655154814
7.70714912402177
8.48671842185437
8.66123415842388
6.39641454455976
6.26163359940944
5.15267817561023
4.42076759590275
4.95770661329582
7.01208636477524
5.98797700075166
7.69206482049609
8.13676278152742
7.0702634358081
7.72637386763334
11.899406752638
10.9136084567411
9.58298158144911
8.70476784375642
7.78514677687923
7.51819687274029
6.32200993600859
6.21252655776567
5.12026752812534
4.05937656856273
5.7391885352514
5.48786443326592
3.96199052595551
3.63491374713064
2.73904307310622
6.5677684282501
7.05472716264507
6.69611992734574
8.15943915204819
6.0652298403518
5.70305169463219
6.82401411845725
6.88384931818178
6.24334054999998
5.48060476299998
7.35719914357999
7.23575143476279
8.51559594694344
7.66029332498267
6.75579359448856
8.87882377236245
8.58002368975922
8.38281563524108
8.59265831925912
7.71115449071102
9.16936196386927
7.75177889615372
8.85617407146145
8.22507488716456
8.82854942552861
9.90684262084888
8.91851612976026
7.92622064564177
7.27130562612357
9.21906171324155
11.1845807307394
10.441823282288
11.6516033663101
10.4100582217647
9.59063842636468
8.36982136140069
8.92408209852445
9.96989418502614
9.98013016211725
8.62688590699738
7.39374469861827
7.93987150108806
6.60031519071812
7.07620802587396
8.07029729707681
8.0463962160707
7.01062150260666
7.0070101917204
7.68462672653546
6.7718536395134
4.80942340207885
5.21421944537204
6.50138483394554
6.67091399040406
6.10280323366668
7.08785013422001
5.3579810885852
5.57626751846623
7.42033656218771
5.91742213104389
4.58549860648897
3.70642908028272
4.48624319298659
3.98092050737115
2.96740753486496
2.97848897301087
2.30580272218718
1.52182979664354
1.00440766578473
1.34290905941792
1.56631997921583
1.37377118628245
1.58668898294642
2.40721472874463
1.92876172097146
1.27298273584116
1.18016860565517
1.79891127973241
1.18728144462339
1.80360575345144
1.19037979727795
0.785650666203446
1.53852943969427
1.35542943019822
0.894583423930826
0.590425059794345
0.389680539464268
0.597189156046417
0.394144842990635
0.260135596373819
0.171689493606721
0.113315065780436
0.0747879434150875
0.0493600426539577
0.0325776281516121
0.021501234580064
0.354190814822842
0.233765937783076
0.15428551893683
0.441828442498308
0.291606772048883
0.192460469552263
0.127023909904493
0.423835780536966
0.279731615154397
0.524622866001902
0.346251091561255
0.228525720430429
0.150826975484083
0.0995458038194947
0.0657002305208665
0.0433621521437719
0.0286190204148894
0.018888553473827
0.0124664452927258
0.688227853893199
0.454230383569511
0.639792053155877
0.422262755082879
0.2786934183547
0.183937656114102
0.121398853035307
0.0801232430033028
0.39288134038218
0.259301684652239
0.171139111870478
0.112951813834515
0.07454819713078
0.0492018101063148
0.372473194670168
0.245832308482311
0.162249323598325
0.107084553574895
0.0706758053594304
0.726646031537224
0.479586380814568
0.316527011337615
0.208907827482826
0.477879166138665
0.315400249651519
0.208164164770002
0.477388348748202
0.315076310173813
0.547950364714717
0.361647240711713
0.23868717886973
0.157533538054022
0.103972135115655
0.408621609176332
0.269690262056379
0.17799557295721
0.117477078151759
0.417534871580161
0.955573015242906
0.970678190060318
0.98064760543981
0.647227419590274
0.767170096929581
0.846332263973523
1.23857929422253
1.49746233418687
0.988325140563332
2.6922945927718
5.17691443122939
6.1367635246114
7.45026392624352
8.99717419132072
8.31813496627168
8.54996907773931
7.68297959130794
7.45076653026324
6.27750590997374
7.20315390058267
5.09408157438456
3.70209383909381
3.80338193380191
4.21023207630926
6.17875317036411
6.45797709244031
7.32226488101061
9.252694821467
15.2867785821682
12.129273864231
11.4053207503925
10.247511695259
8.12335771887096
7.06141609445483
6.70053462234019
5.10235285074452
5.74755288149139
4.47338490178431
3.63243403517765
4.43740646321725
4.28868826572338
4.19053425537743
3.10575260854911
3.06979672164241
3.72606583628399
3.81920345194743
2.86067427828531
3.5880450236683
3.04810971562108
3.03175241230991
3.36095659212454
3.5782313508022
3.72163269152945
4.49627757640944
3.98754320043023
4.33177851228395
4.55897381810741
5.04892271995089
6.05228899516759
5.69451073681061
7.158377086295
6.4245288769547
6.6201890587901
6.74932477880147
6.49455435400897
5.98640587364592
5.99102787660631
6.67407839856016
6.10489174304971
5.04922855041281
5.03249084327245
7.74144395655982
8.50935301132948
7.31617298747746
5.84867417173512
5.90012495334518
6.27408246920782
5.16089442967716
5.44619032358693
5.63448561356737
6.77876050495446
6.17398193326995
5.77482807595816
7.55138653013239
7.36391510988738
7.24018397252567
7.49852142186694
8.00902413843218
6.64595593136524
5.06633091470106
9.4637784037027
7.94609374644378
9.32442187265289
7.17411843595091
6.0949181677276
5.72264599070022
6.49694635386214
7.00798459354901
5.64526983174235
8.14587808894995
9.79627953870697
10.8855444955466
9.56445936706075
9.3725431822601
10.9458785002917
11.6442798101925
9.72522467472705
8.11864828531985
9.7783078683111
9.51368319308533
8.65903090743631
8.43496039890797
7.26707386327926
5.81626874976431
7.23873737484444
7.15756666739733
6.42399400048224
6.27983604031828
6.86469178661006
4.87069657916264
4.57465974224734
4.37927542988325
4.59032178372294
5.06961237725714
6.06594416898971
4.68352315153321
4.45112528001192
3.61774268480787
5.44771017197319
4.27548871350231
4.52182255091152
5.0244028836016
7.05610590317706
7.03702989609686
6.34443973142393
5.20733022273979
5.13683794700826
7.81031304502545
6.8548066097168
5.88417236241309
5.58355375919264
5.04514548106714
6.72979601750431
7.50166537155285
7.67109914522488
10.8429254358484
10.21633078766
9.80277831985557
10.2098336911047
10.1384902361291
9.4114035558452
9.61152634685783
9.06360738892617
9.38198087669127
10.9521073786162
10.2883908698867
10.5303379741252
10.3500230629227
10.5710152215289
11.0568700462091
10.357534230498
10.2359725921287
9.81574191080493
8.85838966113125
9.92653717634663
9.95151453638877
9.62799959401659
11.4544797320509
11.9799566231536
12.3267713712814
9.83566910504572
9.55154160933017
10.0440174621579
10.3690515250242
10.923574006516
8.56955884430055
8.03590883723836
6.66369983257732
6.77804188950103
6.51350764707068
6.67891504706665
6.78808393106399
5.50013539450223
6.69008936037147
6.79545897784517
6.52500292537781
7.70650193074936
6.44629127429458
6.97455224103442
7.32320447908272
5.85331495619459
6.58318787108843
6.04490399491836
4.32963663664612
4.55756018018644
3.68798971892305
4.13407321448921
4.42848832156288
5.6428022922315
5.08424951287279
4.37560467849604
4.92789908780739
3.93241339795287
3.9553928426489
3.29055927614827
3.19176912225786
3.12656762069019
2.06353462965552
1.70193285557265
1.80327568467795
2.55016195188744
2.70310688824571
3.48405054624217
2.97947336051983
2.64645241794309
1.74665859584244
1.15279467325601
1.10084448434897
0.726557359670317
1.15952785738241
1.10528838587239
0.729490334675777
1.50146362088601
0.990965989784768
0.994037553257947
1.33606478515025
0.881802758199162
0.581989820411447
0.724113281471555
0.817914765771226
0.539823745409009
0.356283671969946
0.235147223500164
0.155197167510108
0.102430130556672
0.0676038861674032
0.0446185648704861
0.0294482528145208
0.0194358468575838
0.0128276589260053
0.348466254891164
0.229987728228168
0.151791900630591
0.10018265441619
0.0661205519146853
0.0436395642636923
0.368802112414037
0.243409394193264
0.160650200167554
0.106029132110586
0.0699792271929867
0.0461862899473712
0.030482951365265
0.0201187479010749
0.353278373614709
0.233163726585708
0.153888059546567
0.101566119300734
0.747033638738485
0.4930422015674
0.665407853034484
0.439169183002759
0.289851660781821
0.191302096116002
0.126259383436561
0.0833311930681304
0.394998587424966
0.260699067700478
0.172061384682315
0.453560513890328
0.639349939167617
0.421970959850627
0.278500833501414
0.523810550110933
0.685714963073216
0.452571875628322
0.298697437914693
0.197140309023697
0.13011260395564
0.425874318610723
0.281077050283077
0.185510853186831
0.462437163103308
0.645208527648183
1.1058376282478
1.06985283464355
1.04610287086474
1.37042789477073
1.92448241054868
2.63015839096213
1.73590453803501
3.1856969951031
3.12256001676805
2.40088961106691
3.28458714330416
4.20782751458075
3.79716615962329
3.52612966535137
3.00724557913191
3.00478208222706
3.34315617426986
2.54648307501811
4.74067882951195
3.80884802747789
2.8538396981354
2.56353420076937
2.71193257250778
2.80987549785514
3.89451782858439
3.9303817668657
4.29405196613136
3.8540742976467
3.56368903644682
3.7120347640549
3.46994294427623
3.99016234322231
7.05350714652673
7.03531471670764
7.70330771302704
7.80418309059785
8.89076083979458
8.58790215426442
9.40801542181452
8.92929017839758
7.2533315177424
7.16719880170999
6.43035120912859
5.94403179802487
5.28306098669641
5.18682025121963
5.12330136580496
5.76137890143127
5.84251007494464
5.89605664946346
6.27139738864588
5.83912227650628
4.53382070249415
4.01232166364614
4.68813229800645
4.11416731668426
4.41535042901161
4.95413128314766
5.30972664687746
6.22441958693912
6.48811692737982
7.00215717207068
5.98142373356665
10.407739664154
9.58910817834163
8.02881139770547
7.67901552248561
8.1281502448405
9.10457916159473
8.04902224665252
6.67235468279067
7.12375409064184
8.44167769982361
8.63150728188358
9.09679480604317
9.40388457198849
8.9265638175124
7.25153211955819
7.8460111989084
8.91836739127955
8.2661224782445
6.81564083564137
6.8783229515233
5.89969314800538
5.93379747768355
8.33630633527114
8.22196218127895
9.16649503964411
7.40988672616511
6.59052523926897
6.72974665791752
8.86163279422556
8.90867764418887
7.91972724516465
6.24701998180867
7.18303318799372
8.14080190407586
7.07292925669007
8.06813330941544
9.40496798421419
8.92727886958137
6.9120040539237
8.30192267558964
7.17926896588916
9.15831751748685
7.40448956154132
9.98696311061727
9.3113956530074
9.54552113098488
8.34004394645002
8.90442900465701
8.25692314307363
8.50956927442859
8.33631572112287
8.2219683759411
6.44649912812112
4.59468942455994
5.75249502020956
6.85664671333831
7.24538683080328
8.86195530833017
7.54889050349791
8.04226773230862
9.72789670332369
8.12041182419363
7.3994718039678
7.94365139061875
8.98280991780837
6.94865454575353
7.64611200019733
6.06643392013024
7.74384638728595
7.83093861560873
7.88841948630176
6.90635686095916
7.61819552823305
7.40800904863381
7.26928597209831
8.53772874158489
7.33490096944602
6.54103463983438
8.05708286229069
8.03767468911185
9.04486529481382
9.02961109457712
8.3395433224209
8.22409859279779
8.48790507124654
7.64201734702272
7.76373144903499
7.50406275636309
7.33268141919964
8.57956973667176
10.0825160262034
10.7344605772942
9.80474398101418
9.87113102746936
10.5949464781298
7.67266467556565
8.12395868587333
8.7618127326764
8.84279640356642
11.2762456263538
9.82232211339353
11.9227325948397
11.6090035125942
13.7819423183122
10.796081930086
10.5254140738568
10.6867732887455
7.39327037057201
8.27955844457753
7.50450857342117
9.71297565845797
8.79056393458226
9.88177219682429
10.261969649904
9.49289996893666
10.6853139794982
9.43230722646881
10.9853227694694
9.63031302784981
7.71600659838088
7.47256435493138
7.65189247425471
8.79024903300811
9.54156436178535
9.01743247877833
7.9915054359937
6.63439358775584
5.73869976791885
6.16754184682644
6.45057761890545
7.3173812284776
6.86947161079521
5.55385126312484
6.04554183366239
6.71005761021718
6.12863802274334
5.4049010950106
