3
3.77
3.9471
3.217833
1.51010159
1.1173233657
1.796984374111
5.03330640604553
4.23766047339047
4.82466190887981
3.41967223904236
5.40652461497974
5.86350066144534
2.11860515213243
0.487279184990458
2.42207421254781
0.557077068885995
0.128127725843779
0.799469376944069
1.72387795669714
1.93649193004034
1.98539314390928
1.22664042309913
0.282127297312801
0.834889278381944
0.962024534027847
0.221265642826405
0.820891097850073
0.188804952505517
0.813425139076269
0.187087781987542
0.813030189857135
0.956996943667141
1.76010929704344
1.94482513831999
1.2173097818136
1.81998124981713
0.418595687457939
0.866277008115326
0.199243711866525
0.0458260537293007
0.780539992357739
0.17952419824228
0.811290565595724
0.186596830087017
0.0429172709200138
0.779870972311603
0.949370323631669
0.218355174435284
0.0502216901201153
0.0115509887276265
0.772656727407354
0.177711047303691
0.040873540879849
0.00940091440236528
0.00216221031254401
0.770497308371885
0.177214380925534
0.0407593076128727
0.779374640750961
0.179256167372721
0.0412289184957258
0.00948265125401694
0.0021810097884239
0.000501632251337496
0.000115375417807624
0.770026536346096
0.177106103359602
0.0407344037727085
0.00936891286772294
0.00215484995957628
0.000495615490702544
0.000113991562861585
2.62180594581646e-05
6.03015367537785e-06
1.3869353453369e-06
3.18995129427488e-07
7.33688797683223e-08
0.770000016874842
0.177100003881214
0.810733000892679
0.186468590205316
0.0428877757472227
1.54986418842186
1.12646876333703
0.259087815567516
0.0595901975805288
0.0137057454435216
0.77315232145201
0.177825033933962
2.35089975780481
2.08070694429511
2.78856259718787
0.641369397353211
0.147514961391239
0.803928441119985
2.4949035414576
0.573827814535247
0.901980397343107
2.51745549138891
1.34901476301945
1.08027339549447
1.78846288096373
0.411346462621658
0.864609686402981
1.73886022787269
0.399937852410718
0.861985706054465
3.27825671239253
0.753999043850281
0.943419780085565
1.75698654941968
2.71410690636653
2.9342445884643
3.75487625534679
2.40362153872976
3.63283295390785
4.6855515793988
4.15767686326173
4.0362656785502
2.46834110606655
5.95771845439531
6.76027524451092
6.17486330623751
5.27021856043463
3.52215026889996
3.89009456184699
1.66472174922481
3.46288600232171
1.56646378053399
6.52028666952282
3.80966593399025
3.95622316481776
4.75993132790808
6.48478420541886
6.11150036724634
6.02564508446666
7.54589836942733
7.12555662496829
4.71887802374271
5.70534194546082
2.08222864745599
4.32891258891488
7.92564989545042
3.3628994759536
0.773466879469327
2.48789738227795
5.96221639792393
4.4513097715225
5.64380124745018
2.83807428691354
4.50275708599011
5.65563412977773
5.92079584984888
5.21178304546524
5.81871010045701
5.18830332310511
2.73330976431418
6.78866124579226
10.0313920865322
7.69722017990241
7.16036064137755
4.72688294751684
8.78718307792887
5.87105210792364
9.05034198482244
5.93157865650916
10.6042630909971
3.20898051092933
9.20806551751375
4.42785506902816
6.40840666587648
5.32393353315159
5.84450471262487
6.73423608390372
7.70887429929786
6.39304108883851
6.86039945043286
7.73789187359956
14.0997151309279
15.5629344801134
10.5094749304261
10.117179233998
7.71695122381954
7.1648987814785
7.80792671974005
7.18582314554021
6.27273932347425
6.06273004439908
6.78442791021179
5.41041841934871
9.7143962364502
5.31431113438355
7.38229156090822
11.7079270590089
11.162823223572
9.49744934142157
9.11441334852696
9.0263150701612
9.00605246613708
12.0813920672115
5.08872017545865
6.56040564035549
13.8288932972818
12.4206454583748
6.7067484554262
5.39255214474803
6.63028699329205
6.14496600845717
6.80334218194515
3.87476870184738
3.9711968014249
3.99337526432773
6.30847631079538
5.30094955148294
10.4592183968411
7.79562023127345
7.95299265319289
7.21918831023437
6.2804133113539
6.0644950616114
6.01483386417062
6.77341178875924
3.86788471141463
4.73961348362536
3.40011110123383
11.5620255532838
11.8992658772553
8.12683115176871
4.9491711649068
4.98830936792857
7.30731115462357
3.99068156556342
6.30785676007959
9.92080705481831
9.21178562260821
5.96871069319989
9.07280345943597
7.47674479567027
14.0396513030042
10.929119799691
7.13369755392892
7.80075043740365
4.87417260060284
10.3610596981387
7.00304373057189
7.00070005803154
6.23016101334725
8.36293703306987
9.62347551760607
4.5233993690494
7.20038185488136
5.50608782662271
7.42640020012322
7.86807204602834
6.42965657058652
6.0988210112349
3.71272883258403
2.39392763149433
6.71060335524369
4.62343877170605
5.68339091749239
9.00717991102325
5.92165137953535
5.21197981729313
5.04875535797742
4.24121373233481
1.74547915843701
5.02146020644051
5.00493584748132
2.6911352449207
3.69896110633176
2.39076105445631
2.85987504252495
2.19777125978074
2.81548738974957
4.4975620996424
4.11443928291775
6.33632103507108
3.76735383806635
4.71649138275526
2.62479301803371
2.91370239414775
0.670151550653983
2.46413485665042
1.3367510170296
1.84745273391681
0.424914128800866
1.6377302496242
1.91667795741357
5.06083593020512
3.47399226394718
2.33901822070785
2.84797419076281
2.96503406387545
2.22195783469135
2.05105030197901
1.24174156945517
3.36560056097469
1.54408812902418
0.355140269675561
1.62168226202538
1.14298692026584
0.262886991661143
0.830464008082063
0.191006721858874
1.58393154602754
1.90430425558633
1.20798997878486
0.277837695120517
0.0639026698777189
0.0146976140718754
0.773380451236531
0.177877503784402
0.0409118258704125
0.00940971995019487
0.772164235588545
0.177597774185365
1.58084748806263
1.13359492225441
1.03072683211851
0.237067171387258
0.824525449419069
0.189640853366386
0.0436173962742688
0.0100320011430818
0.00230736026290882
1.54053069286047
1.12432205935791
1.02859407365232
0.236576636940033
0.824412626496208
0.959614904094128
0.220711427941649
0.0507636284265793
0.0116756345381132
0.00268539594376605
0.770617641067066
0.177242057445425
0.0407656732124478
0.779376104838863
0.179256504112938
0.0412289959459758
0.00948266906757444
0.00218101388554212
0.000501633193674688
0.000115375634545178
2.6536395945391e-05
0.770006103371067
0.177101403775346
0.0407333228683295
0.00936866425971578
0.00215479277973463
0.000495602339338964
0.000113988538047962
0.770026217363751
0.177106029993663
0.0407343868985424
0.00936890898666476
0.00215484906693289
0.000495615285394566
0.770113991515641
0.177126218048597
0.0407390301511774
0.779369976934771
0.179255094694997
0.0412286717798494
0.00948259450936536
0.00218099673715403
0.000501629249545427
0.000115374727395448
2.65361873009531e-05
6.10332307921921e-06
0.770001403764308
0.177100322865791
0.0407330742591319
0.00936860707960034
0.00215477962830808
0.000495599314510858
0.000113987842337497
0.770026217203738
1.71710602995686
1.16493438689008
0.267934908984718
2.37162502906649
2.85547375668529
1.42675896403762
1.86815456172865
1.19967554919759
2.58592537631545
1.36476283655255
1.08389545240709
9.48929595405363
5.26253806943233
5.83038375596944
2.88098826387297
2.20262730069078
2.81660427915888
0.647818984206542
3.22899836636751
9.98266962426453
6.14601401358084
5.26358322312359
11.9906241413184
4.29784355250324
0.988504017075745
0.997355923927421
3.30939186250331
1.53116012837576
2.66216682952642
12.1622983707911
15.8873286252819
12.1240855838148
22.8085396842774
10.6359641273838
6.29627174929827
5.2981425023386
12.7685727755379
8.32677173837371
6.53515749982595
6.12308622495997
6.02830983174079
6.77651126130038
2.32859759009909
10.5455774457228
7.04548281251624
6.24046104687874
4.51530604078211
3.34852038937989
6.16015968955737
3.7268367285982
3.93717244757759
6.29554966294284
4.52797642247685
5.66143457716968
4.38212995274903
4.85788988913228
3.42731467450042
16.1882823751351
32.9833049462811
16.8261601376446
6.95001683165827
3.9085038712814
6.28895589039472
5.29645985479079
2.75818576660188
5.25438272631843
3.51850802705324
3.88925684622225
3.20452907463112
4.58704168716516
3.36501958804799
13.093954505251
16.1016095362077
9.86337019332778
3.80857514446539
3.95597228322704
3.98987362514222
3.99767093378271
4.76946431477002
5.71697679239711
5.93490466225133
19.0750280723178
12.0872564566331
7.40006898502561
5.55201586655589
4.35696364930785
1.77210163934081
5.02758337704839
2.69634417672113
4.47015916064586
6.41813660694855
3.78617141959817
18.5808194265076
8.89358846809674
4.35552534766225
7.93177082996232
5.67430729089133
2.07509067690501
3.55727085568815
3.12817229680828
3.0294796282659
3.77678031450116
1.63865947233527
4.99689167863711
5.76928508608654
5.1769355697999
21.210695181054
9.49845989164242
6.03464577507776
6.00796852826788
20.6318327615016
10.1353215351454
7.72112395308344
4.85585850920919
8.04684745711811
15.7107749151372
5.92347823048155
5.98239999301076
15.2359519983925
5.81426895963027
2.87728186071496
6.05177482796444
9.09190821043182
4.40113888839932
6.40226194433184
1.47252024719632
4.18867965685515
4.04339632107669
3.23998115384764
3.05519566538496
2.24269500303854
4.36581985069886
2.54413856566074
5.97515187010197
5.22428493012345
8.90158553392839
27.4573646728035
17.0951938747448
10.0918945911913
11.561135755974
5.73906122387402
6.70998408149102
5.39329633874294
2.78045815791087
6.0295053763195
6.77678623655349
7.7186608344073
4.08529199191368
7.09961715814015
6.25291194637223
5.28816974766561
6.60627904196309
6.90944417965151
4.66917216131985
8.00390959710356
7.23089920733382
7.82310681768678
6.41931456806796
9.17644235065563
5.19058174065079
5.81383380034968
4.41718177408043
1.7859518080385
3.49076891584885
4.65287685064524
3.3801616756484
1.54743718539913
2.6659105526418
2.92315942710761
3.75232666823475
6.25303513369399
9.13819808074962
4.41178555857241
2.55471067847165
1.35758345604848
2.62224419489115
4.45311616482496
2.56421671790974
2.89976984511924
2.20694706437743
4.35759782480681
1.00224749970557
3.31051692493228
3.84141889273442
3.96352634532892
3.22161105942565
3.8209705436679
2.41882322504362
2.86632934176003
3.73925574860481
1.63002882217911
1.14490662910119
4.11332852469327
0.946065560679453
0.217595078956274
1.59004686815994
1.13571077967679
3.34121347932566
0.768479100244902
2.48675019305633
1.34195254440296
1.07864908521268
2.55808928959892
3.66836053660775
2.38372292341978
0.54825627238655
2.43609894264891
5.18030275680925
1.96146963406613
1.22113801583521
1.0508617436421
0.241698201037683
0.825590586238667
2.49988583483489
2.88497374201203
2.20354396066277
3.58681511095244
1.59496747551906
1.90684251936938
1.20857377945496
0.27797196927464
0.0639335529331673
0.784704717174629
1.72048208495016
0.395710879538538
0.861013502293864
0.198033105527589
0.815547614271345
0.187575951282409
0.813142468794954
0.187022767822839
0.813015236599253
0.186993504417828
0.0430085060161005
0.779891956383703
0.949375149968252
0.988356284492698
0.22732194543332
0.0522840474496637
0.782025330913423
0.179865826110087
0.04136914000532
0.00951490220122361
0.00218842750628143
0.000503338326444729
0.770115767815082
0.177126626597469
0.0407391241174178
0.0093699985470061
0.0021550996658114
0.000495672923136623
0.000114004772321423
2.62210976339273e-05
6.03085245580329e-06
1.38709606483476e-06
3.19032094911994e-07
0.770000073377382
0.177100016876798
0.0407330038816635
0.0093685908927826
0.00215477590534
0.0004955984582282
0.000113987645392486
2.62171584402718e-05
6.0299464412625e-06
1.38688768149038e-06
0.770000318984167
0.177100073366358
0.0407330168742624
0.00936859388108035
0.00215477659264848
0.000495598616309151
0.000113987681751105
2.62171668027541e-05
6.02994836463343e-06
1.38688812386569e-06
3.18984268489109e-07
7.3366381752495e-08
1.68742678030738e-08
0.770000003881082
1.71710000089265
0.394933000205309
0.0908345900472211
0.790891955710861
0.181905149813498
0.0418381844571045
0.00962278242513404
1.54221323995778
0.35470904519029
0.0815830803937666
9.25876410849057
2.89951574495283
1.43688862133915
1.100484382908
11.8031114080688
8.10471562385584
4.94408459348684
1.90713945650197
0.438642074995454
2.41088767724895
3.63450416576726
3.91593595812647
3.21066527036909
6.89845301218489
3.89664419280252
3.97622816434458
5.53453247779925
3.58294246989383
3.13407676807558
5.34083765665738
1.9983926610312
4.30963031203718
4.07121497176855
5.55637944350677
5.89796727200656
3.66653247256151
4.69330246868915
3.3894595677985
20.7995757005937
24.0339024111365
13.2277975545614
10.7423934375491
2.4707504906363
5.18827261284635
2.73330270095466
7.55865962121957
12.5184917128805
12.1192530939625
3.55742821161138
16.9882084886706
8.52728795239424
5.04127622905068
5.77949353268166
12.8792835125168
4.50223520787886
8.73551409781214
7.39916824249679
4.01180869577426
6.31271600002808
2.99192468000646
5.30814267640149
1.99087281557234
1.22790074758164
2.59241717194378
5.98625594954707
8.30683886839583
21.930572939731
12.7440317761381
5.24112730851177
4.28545928095771
20.2356556346203
11.5842007959627
4.97436618307141
8.07410422210642
10.3270439710845
9.30522011334943
10.6102006260704
7.83034614399619
4.11097961311912
5.5655253110174
7.440070821534
6.33121628895282
6.07617974645915
6.0175213416856
3.69402990858769
3.15962687897517
3.03671418216429
2.23844426189779
5.13484218023649
5.03101370145439
19.6371331513345
30.6965406248069
11.6802043437056
5.76644699905229
6.71628280978203
7.70474504624987
3.31209136063747
7.69178101294662
4.07910963297772
5.55819521558488
2.04838489958452
5.09112852690444
1.94095956118802
4.29642069907324
3.29817676078685
3.83858065498097
5.50287355064562
2.03566091664849
3.54820201082915
4.66608646249071
7.23319988637286
7.05363597386576
5.47233627398912
5.8786373430175
3.66208658889402
2.38227991544563
2.08792438055249
3.56022260752707
3.89885119973123
3.20673577593818
3.04754922846578
6.86093632254713
6.19801535418584
3.73554353146274
4.70917501223643
6.47311025281438
3.02881535814731
1.46662753237388
1.87732433244599
4.28178459646258
7.91481045718639
6.44040640515287
7.64129347318516
3.29749749883259
4.60842442473149
4.13993761768824
4.0321856520683
3.23740269997571
3.05460262099441
4.55255860282872
4.8970884786506
17.2963303500896
19.3781559805206
12.1569758755197
15.1161044513695
6.55670402381499
5.35804192547745
7.39234964285981
4.01024041785776
6.31235529610728
9.15184171810468
6.72492359516407
7.70673242688774
8.70254845818418
13.5515861453824
7.73686481343794
7.16947890709073
8.57898014863087
7.3631654341851
12.4735280498626
6.71891145146839
6.16534963383773
5.26803041578268
7.37164699563002
3.2354788089949
6.90416012606883
7.74795682899583
3.32203007066904
5.38406691625388
8.93833539073839
3.59581713986983
3.13703794217006
1.49151872669911
8.0430493071408
8.77990134064238
6.63937730834775
5.37705678091998
5.8567230596116
6.73704630371067
4.62952064985345
1.06478974946629
4.86490164237725
5.73892737774677
5.93995329688176
3.6761892582828
3.15552352940504
0.72577041176316
3.24692719470553
5.36679325478227
3.54436244859992
5.43520336317798
3.56009677353094
3.12882225791212
1.48962911931979
3.42261469744355
5.40720138041202
3.55365631749476
1.5873409530238
0.365088419195473
7.01397033641496
4.69321317737544
3.38943903079635
3.08957097708316
2.25060132472913
1.2876383046877
2.60615681007817
1.36941606631798
1.08496569525314
1.01954210990822
2.54449468527889
1.35523377761414
3.39170376885125
1.55009186683579
1.89652112937223
1.97619985975561
0.454525967743791
0.874540972581072
0.201144423693647
0.0462632174495387
0.780640540013394
0.179547324203081
0.811295884566709
0.186598053450343
0.0429175522935789
0.00987103702752314
0.77227033851633
1.71762217785876
0.395053100907514
1.63086221320873
1.14509830903801
1.03337261107874
1.00767570054811
1.00176541112607
0.230406044558995
0.0529933902485688
2.32218847975717
2.84410335034415
1.42414377057915
0.327553067233205
0.0753372054636372
0.0173275572566366
0.00398533816902641
0.000916627778876074
0.000210824389141497
4.84896095025443e-05
0.770011152610186
0.177102565100343
0.810733589973079
0.186468725693808
0.0428878069095759
0.00986419558920245
0.00226876498551656
0.000521815946668809
0.000120017667733826
2.760406357878e-05
6.3489346231194e-06
0.770001460254963
0.947100335858642
0.217833077247488
0.0501016077669221
0.0115233697863921
0.00265037505087018
0.7706095862617
0.947240204840191
0.217865247113244
0.0501090068360461
0.0115250715722906
0.00265076646162684
0.000609676286174173
0.00014022554582006
3.22518755386137e-05
7.41793137388116e-06
1.70612421599267e-06
3.92408569678313e-07
9.0253971026012e-08
2.07584133359828e-08
4.77443506727604e-09
0.77000000109812
0.177100000252568
0.0407330000580905
0.00936859001336082
0.772154775703073
1.71759559841171
0.395046987634693
0.0908608071559793
0.0208979856458752
0.0048065366985513
0.0011055034406668
0.000254265791353364
0.770058481132011
2.48711345066036
1.34203609365188
2.61866830153993
0.602293709354185
0.908527553151462
0.978961337224836
0.225161107561712
0.0517870547391938
2.32191102259001
2.0740395351957
1.24702909309501
1.82681669141185
1.19016783902473
1.81373860297569
0.417159878684408
0.865946772097414
0.199167757582405
3.89580858424395
3.97603597437611
3.22448827410651
1.5116323030445
1.11767542970023
1.02706534883105
1.77622503023114
2.71853175695316
2.16526230409923
4.34801032994282
2.54004237588685
2.12420974645398
6.64856824168441
5.37917069558742
6.62720925998511
2.29425812979657
5.14767936985321
6.57396625506624
9.21201223866523
9.818762814893
5.33831544742539
8.15781255290784
5.7262968871688
3.62704828404882
4.68422110533123
4.92737085422618
4.21329529647202
4.81905791818857
7.26838332118337
4.75172816387217
5.7128974776906
2.08396641986884
4.32931227656983
3.30574182361106
6.15032061943054
8.34457374246903
4.99925196076788
1.91982795097661
3.52156042872462
4.65995889860666
1.84179054667953
4.27361182573629
3.29293071991935
5.37737406558145
6.62679603508373
6.14416308806926
8.34315751025593
4.99892622735886
9.61975303229254
8.37254319742728
4.23568493540828
8.6742075351439
3.5350677330831
6.20306557860911
7.5867050830801
11.7549421691084
6.55363669889494
4.58733644074584
2.59508738137154
1.36687009771545
5.70438012247456
6.70200742816915
5.3914617084789
5.86003619295015
2.88780832437853
7.59419591460706
6.36666506035962
5.31433296388271
8.15229658169302
8.8050282137894
11.2651564891716
5.67098599250946
11.3143267782772
9.53229515900375
9.12242788657086
7.4881584139113
11.7322764351996
8.85842358009591
5.88743742342206
8.28411060738707
6.52534543969903
7.66082945113078
6.38199077376008
6.08785787796482
10.6402073119319
9.37724768174434
6.7767669668012
9.25865640236428
3.66949097254378
4.69398292368507
11.0896160724476
7.17061169666294
7.80924069023248
10.2661253587535
10.0612088325133
5.39407803147806
12.79063794724
8.33184672786519
3.45632474740899
8.49495469190407
6.57383957913794
2.28198310320172
6.6848561137364
3.84751690615937
5.50492888841666
5.11613364433583
6.56671073819724
6.13034346978537
9.87997899805064
5.35239516955165
9.70105088899688
6.85124170446928
7.73578559202794
5.62923068616642
5.14472305781828
7.3432863032982
7.07895584975859
7.78815984544448
5.64127676445223
2.83749365582401
10.6626235408395
5.53240341439309
5.89245278531041
7.51526414062139
6.34851075234292
7.62015747303887
7.14263621879894
3.95280633032376
4.75914545597446
6.48460345487413
6.11145879462105
7.56563552276284
11.7500961702355
15.0225221191542
9.61518008740546
10.6814914201033
12.4667430266237
8.25735089612346
11.9091907061084
10.4391138624049
12.4109961883531
9.01452912332122
7.46334169836388
8.64656859062369
9.68871077584345
10.698403478444
10.9306328000421
7.90404554400969
8.74793047512223
9.71202400927811
11.473765522134
8.02896607009081
7.23666219612089
6.2844323051078
6.8354194301748
5.4221464689402
10.4870936878562
6.26203154820694
4.5202672560876
7.96966146890015
4.14302213784703
4.80289509170482
5.72466587109211
7.47667315035118
7.87963482458077
6.43231600965358
8.40943268222032
6.55416951691067
8.43745898888946
3.48061556744457
5.42054158051225
7.40672456351782
4.0135466496091
1.69311572941009
5.00941661776432
4.23216582208579
4.82339813907973
4.18938157198834
4.04355776155732
2.47001828515818
2.87810420558638
3.74196396728487
3.17065171247552
4.57924989386937
2.59322747558995
0.59644231938569
2.44718173345871
2.1028517986955
3.56365591369997
2.35964086015099
0.542717397834728
0.124825001501987
3.10870975034546
2.25500324257946
2.05865074579327
2.01348967153245
1.23310262445246
2.59361360362407
0.596531128833535
1.67720215963171
0.385756496715294
0.0887239942445176
1.56040651867624
0.358893499295535
0.082545504837973
2.32898546611273
1.30566665720593
1.84030333115736
1.96326976616619
1.22155204621822
1.05095697063019
3.32172010324494
0.763995623746337
0.175718993461658
0.0404153684961812
0.00929553475412168
0.00213797299344799
0.770491733788493
0.177213098771353
0.0407590127174113
0.00937457292500459
0.00215615177275106
0.000495914907732743
0.000114060428778531
2.62338986190621e-05
6.03379668238428e-06
1.38777323694838e-06
3.19187844498128e-07
0.770000073413204
0.947100016885037
0.217833003883559
1.59010159089322
0.36572336590544
0.0841163741582513
0.789346766056398
0.181549756192971
0.0417564439243834
0.00960398210260819
0.00220891588359988
0.000508050653227973
1.54011685165024
1.89422687587956
0.435672181452298
0.100204601734028
0.0230470583988266
0.00530082343173011
0.00121918938929792
0.000280413559538523
6.44951186938602e-05
1.48338772995878e-05
3.4117917789052e-06
7.84712109148197e-07
1.54000018048379
1.12420004151127
0.258566009547592
0.829470182195946
0.190778141905068
0.0438789726381656
0.0100921637067781
0.772321197652559
0.947633875460089
0.21795579135582
0.0501298320118387
0.781529861362723
1.71975186811343
0.395542929666088
0.0909748738232002
0.790924220979336
0.181912570825247
0.811839891289807
0.186723174996656
0.0429463302492308
0.00987765595732308
0.00227186087018431
1.54052252800014
1.89432018144003
0.435693641731208
0.100209537598178
2.33304819364758
3.61660108453894
2.37181824944396
2.08551819737211
0.479669185395585
3.19032391264098
3.04377449990743
3.01006813497871
2.2323156710451
2.82343260434037
2.95938949899829
2.22065958476961
4.36075170449701
10.2429728920343
6.20588376516789
2.19735326598861
5.12539125117738
1.9488399877708
3.52823319718728
3.12149363535308
2.25794353613121
2.82932701331018
3.73074521306134
2.39807139900411
1.32155642177095
3.38395797700732
2.31831033471168
2.07321137698369
2.78683861670625
7.57097288184244
4.05132376282376
9.40180446544947
6.78241502705338
5.40995545622228
4.32428975493112
3.30458664363416
3.84005492803586
2.42321263344825
5.1773389056931
1.96078794830941
2.76098122811116
4.48502568246557
2.57155590696708
2.13145785860243
3.57023530747856
6.21115412072007
6.04856544776562
4.47117005298609
4.8783691121868
4.97202489580296
5.76356572603468
5.17562011698798
4.27039262690723
6.37219030418866
9.16560376996339
7.49808886709158
5.57456043943106
5.13214890106914
5.8003942472459
6.72409067686656
4.62654085567931
4.14410439680624
8.65314401126544
7.38022312259105
4.77745131819594
7.25881380318507
8.59952717473256
8.90789125018849
8.20881498754335
6.50802744713497
5.34684631284104
3.53977465195344
3.89414816994929
3.97565407908834
6.30440043819032
6.07001210078377
5.24610278318027
5.05660364013146
5.78301883723024
2.87009433256295
3.74012169648948
8.56022799019258
6.58885243774429
3.05543606068119
9.17275029395667
9.03973256761003
5.92913849055031
5.21370185282657
9.66915142615011
6.07390482801453
9.09699811044334
9.02230956540197
9.00513120004245
9.77118017600976
6.09737144048225
3.71239543131092
6.24385094920151
6.05608571831635
8.32289971521276
12.6942669344989
10.6196813949348
9.37252672083499
8.31568114579205
5.76260666353217
9.0253995326124
8.23584189250085
4.9742436352752
7.30407603611329
8.60993748830606
6.60028562231039
5.36806569313139
7.39465510942022
7.09077067516665
7.79087725528833
4.87190176871632
3.43053740680475
3.86902360356509
8.58987542881997
8.90567134862859
2.81830441018458
6.80821001434245
5.41588830329876
7.40565430975872
4.7833004912445
6.49015911298624
7.65273659598683
7.92012941707697
4.1316297659277
8.65027484616337
10.4595632146176
4.71569953936204
4.93461089405327
8.06496050563225
6.47494091629542
6.10923641074795
9.87512437447203
8.43127860612857
7.32919407940957
10.1557146382642
7.72581436680077
8.70693730436418
5.85259558000376
5.96609698340087
10.6122023061822
12.4508065304219
10.563685501997
8.58964766545932
6.59561896305564
8.4469923615028
11.1828082431456
14.1220458959235
11.7180705560624
5.00515622789435
4.2311859324157
10.2131727644556
9.27902973582479
5.2141768392397
11.2092606730251
9.50812995479578
8.34686988960303
10.3897800746087
13.16964941716
10.7290193659468
8.62767445416776
8.91436512445859
13.6003039786255
8.51806991508386
8.88915608046929
8.97450589850794
11.3041363566568
12.6099513620311
8.29028881326715
7.29676642705144
8.60825627822183
8.90989894399102
5.12927675711793
6.56973365413713
8.44103874045154
5.79143891030385
5.95203094936989
8.29896711835507
4.98876243722167
9.61741536056098
5.29200553292903
3.52716127257368
1.58124709269195
2.67368683131915
2.9249479712034
2.21273803337678
5.89892974767666
3.66675384196563
3.9233533836521
1.67237127823998
1.9246453939952
1.9826684406189
1.99601374134235
1.99908316050874
5.84978912691701
2.11545149919091
0.48655384481391
1.6519073843072
2.68993869839066
1.38868590062985
1.85939775714487
1.19766148414332
2.58546214135296
1.36465629251118
1.85387094727757
0.426390317873842
0.868069773110984
1.73965604781553
0.400120890997571
0.0920278049294413
0.0211663951337715
0.00486827088076745
0.771119702302577
1.71735753152959
1.93499223225181
0.445048213417915
0.102361089086121
0.793543050489808
0.952514901612656
0.989078427370911
0.227488038295309
0.822322248807921
0.189134117225822
0.043500846961939
0.010005194801246
0.772301194804287
0.177629274804986
0.0408547332051468
0.00939658863718375
0.00216121538655226
0.770497079538907
0.177214328293949
0.810759295507608
0.18647463796675
0.0428891667323525
0.779864508348441
0.179368836920141
0.811254832491633
0.186588611473075
0.0429153806388074
0.00987053754692569
0.00227022363579291
0.000522151436232369
0.770120094830334
0.177127621810977
0.0407393530165246
0.00937005119380067
0.00215511177457415
0.000495675708152055
0.000114005412874973
2.62212449612437e-05
6.03088634108605e-06
1.38710385844979e-06
3.19033887443452e-07
7.3377794111994e-08
1.68768926457586e-08
3.88168530852448e-09
0.770000000892788
0.177100000205341
0.0407330000472285
0.00936859001086255
0.00215477570249839
0.000495598411574629
0.000113987634662165
2.62171559722979e-05
6.02994587362851e-06
1.38688755093456e-06
3.18984136714948e-07
7.3366351444438e-08
1.68742608322207e-08
3.88107999141077e-09
0.770000000892648
0.177100000205309
0.0407330000472211
0.00936859001086085
0.002154775702498
0.000495598411574539
0.000113987634662144
2.62171559722931e-05
0.770006029945874
0.177101386887551
0.0407333189841367
0.00936866336635144
0.00215479257426083
0.000495602292079991
0.000113988527178398
3.85002621736125
1.65550602999309
4.23076638689841
5.59307626898663
9.75640754186693
26.1139737346294
9.85621395896476
3.03692921056189
0.698493718429236
0.930653555238724
2.52405031770491
0.580531573072129
3.98352226180659
2.45621012021552
5.95492832764957
4.4496335153594
3.33341570853266
2.30668561296251
2.07053769098138
2.78622366892572
2.95083144385291
3.75869123208617
7.79449898337982
4.10273476617736
1.71362899622079
1.93413466913078
1.98485097390008
3.53651572399702
1.58339861651931
3.44418168179944
5.41216178681387
5.86479721096719
3.65890335852245
3.15154777246016
1.49485598766584
5.73381687716314
16.7187778817475
7.69531891280193
7.15992334994444
23.9767823704872
9.36465994521206
5.23387178739877
5.82379051110172
5.18947181755339
4.27357851803728
7.91292305914857
4.89997230360417
4.20699362982896
6.35760853486066
4.54224996301795
4.12471749149413
1.71868502304365
3.47529755530004
7.72931843771901
5.62774324067537
18.2343809453553
12.6639076174317
6.7626987520093
5.40542071296214
5.86324676398129
5.9685467557157
2.14276575381461
2.03283612337736
5.08755230837679
1.94013703092666
3.52623151711313
4.66103324893602
2.61203764725528
6.76076865886872
3.8649767915398
3.96894466205416
4.76285727227246
4.17545717262266
3.27035514970321
3.06218168443174
6.0943017874193
2.17168941110644
2.80948856455448
2.95618236984753
12.2299219450649
15.9028820473649
25.9876628708939
9.05716246030561
5.93314736587029
9.06462389415017
2.85486349565454
3.73661860400054
5.47942227892012
5.88026712415163
5.97246143855487
10.6136661308676
9.37114321009955
13.7053629383229
14.7022334758143
10.3115136994373
7.76164815087058
7.94517907470023
6.44739118718105
5.33289997305164
3.53656699380188
4.66341040857443
6.46258439397212
7.64639441061359
5.60867071444112
7.44999426432146
7.87349868079394
6.4309046965826
5.329108080214
24.3256948584492
8.67490981744332
9.69522925801196
9.15990272934275
11.3467776277488
14.1597588543822
24.8167445365079
13.4078512433968
10.0138057859813
9.23317533077569
5.20363032607841
5.04683497499803
5.01077204424955
5.0024775701774
4.2305698411408
5.59303106346238
2.82639714459635
2.19007134325716
4.35371640894915
4.8513547740583
2.65581159803341
4.46083666754768
7.18599243353597
11.6627782597133
8.07243899973405
4.93666096993883
7.29543202308593
20.1579493653098
9.25632835402125
8.28895552142489
9.60645976992772
7.59948574708338
2.51788172182918
3.65911279602071
7.77159594308476
2.5574670669095
5.20821742538918
9.66789000783951
5.30361470180309
5.06983138141471
8.86606121772538
7.42919408007684
6.32871463841767
6.07560436683606
6.0173890043723
7.54399947100563
4.81511987833129
6.4974775720162
6.88441984156373
6.97341656355966
3.91388580961872
3.98019373621231
7.84544455932883
7.96445224864563
10.3018240171885
6.21941952395335
6.82046649050927
3.87870729281713
6.28210267734794
9.14488361579003
8.26332323163171
8.06056434327529
4.16392979895332
4.80770385375926
6.49577188636463
7.65402753386387
9.46042633278869
8.3358980565414
10.3872565530045
6.23906900719104
6.82498587165394
9.26974675048041
5.98204175261049
2.91586960310041
2.21065000871309
4.35844950200401
3.31244338546092
5.38186197865601
5.08782825509088
4.2502004986709
4.82754611469431
4.19033560637969
3.27377718946733
3.06296875357749
3.01448281332282
6.08333104706425
5.24916614082478
3.5173082123897
3.11898088884963
3.02736560443542
0.696294089020145
4.01014764047463
2.46233395730917
3.64633681018111
2.37865746634165
2.85709121725858
6.04713097996947
1.39084012539298
1.85989322884039
1.19777544263329
2.58548835180566
2.1346623209153
2.80097233381052
2.18422363677642
1.27237143645858
1.83264543038547
4.27150844898866
0.982446943267391
0.9959627969515
1.76907144329885
0.406886431958734
0.0935838793505089
0.791524292250617
0.182050587217642
1.58187163506006
0.363830476063813
0.083681009494677
0.0192466321837757
0.00442672540226841
0.00101814684252174
0.77023417377378
0.947153859967969
0.987845387792633
0.997204439192306
0.22935702101423
0.052752114833273
0.0121329864116528
1.54279058687468
0.354841834981176
0.0816136220456706
0.0187711330705042
0.00431736060621597
0.77099299293943
0.947328388376069
0.217885529326496
0.050113671745094
0.0115261445013716
0.00265101323531547
0.000609733044122559
0.000140238600148189
3.22548780340834e-05
7.41862194783917e-06
1.70628304800301e-06
3.92445101040692e-07
9.02623732393592e-08
0.770000020760346
0.17710000477488
0.0407330010982223
0.00936859025259113
0.00215477575809596
0.000495598424362071
0.000113987637603276
0.770026217156649
0.947106029946029
0.217834386887587
0.820101908984145
0.958623439066353
0.220483390985261
0.0507111799266101
0.78166357138312
0.179782621418118
0.811350002926167
0.956610500673018
1.76002041515479
0.404804695485603
0.0931050799616886
0.0214141683911884
0.00492525872997333
0.771132809507894
0.947360546186816
0.987892925622968
1.76721537289328
0.406459535765455
0.0934856932260546
1.56150170944199
1.12914539317166
0.259703440429481
0.829731791298781
1.73083831199872
3.47809281175971
1.56996134670473
0.361091109742088
0.85305095524068
1.73620171970536
1.93932639553223
1.21604507097241
1.04969036632365
1.78142878425444
1.94972862037852
1.98843758268706
4.30734064401802
4.84068834812415
1.88335832006855
2.74317241361577
4.48092965513163
4.11061382068027
0.945441178756463
0.987451471113987
2.53711383835622
2.89353618282193
2.20551332204904
5.89726806407128
2.89637165473639
3.74616548058937
4.71161806053555
5.70367215392318
3.62184459540233
6.22302425694254
4.51129557909678
4.11759798319226
5.56704753613422
5.13042093331087
7.3399968146615
7.07819926737215
8.55798583149559
6.58833674124399
15.3753174504861
8.92632301361181
5.90305429313072
7.51770248742007
4.80907157210661
1.87608646158452
2.74149988616444
8.33054497381782
6.5360253439781
7.66328582911496
4.07255574069644
4.01668782036018
4.00383819868284
4.00088278569705
7.85020304071032
4.88554669936337
8.82367574085358
5.87944542039632
5.97227244669115
6.76362266273897
6.17563321242996
7.58039563885889
5.59349099693755
6.67650292929564
5.385595673738
5.85868700495974
3.65749801114074
3.15122454256237
4.57478164478935
7.21219977830155
5.50880594900936
6.65702536827215
5.38111583470259
3.5476566419816
6.97596102765577
4.68447103636083
5.69742833836299
5.93040851782349
7.5239939590994
7.12051861059286
7.02771928043636
8.54637543450036
7.35566634993508
4.77180326048507
5.71751474991157
6.70502839247966
5.39215653027032
7.40019600196217
4.7820450804513
4.1798703685038
6.35137018475587
3.00081514249385
5.31018748277359
4.30134312103792
6.37930891783872
7.62724105110291
6.37426544175367
3.77608105160334
3.17849864186877
3.81105468762982
7.03654257815486
7.00840479297562
10.0819331023844
7.70884461354841
8.70303426111613
5.85169788005671
11.355890512413
8.001854817855
9.54042660810665
8.35429811986453
5.77148856756884
5.17744237054083
10.4308117452244
4.70908670140161
8.78308994132237
8.95011068650414
5.13852545789595
5.03186085531607
6.5473279967227
4.58588543924622
5.67475365102663
5.92519333973613
5.98279446813931
5.22604272767204
8.13198982736457
8.80035766029385
6.64408226186759
6.14813892022954
9.11407195165279
6.71623654888014
8.47473440624243
8.10918891343576
5.71511345009022
3.62447609352075
8.53362950150977
4.27273478534725
8.68272900062987
7.38702767014487
10.9390163641333
9.44597376375066
5.25257396566265
5.05809201210241
7.32336116278355
7.84437306744022
7.96420580551125
4.91176733526759
9.59970648711155
6.05793249203566
15.2533244731682
16.5982646288287
9.2076008646306
6.73774819886504
6.16968208573896
7.57902687971996
5.59317618233559
12.0664305219372
8.93527902004555
10.5251141746105
6.27077626016041
9.91227853983689
11.5198240641625
7.26955953475737
10.1419986929942
9.26265969938866
12.1404117308594
12.8022946980977
9.87452778056246
8.43114138952937
6.55916251959175
7.6686073795061
9.4637796972864
7.56666933037587
10.9803339459865
4.83547680757688
7.27215966574268
7.83259672312082
9.50149724631779
9.88534436665309
9.97362920433021
6.14393471699595
4.49310498490907
6.42341414652909
9.94738525370169
8.44789860835139
8.10301667992082
5.71369383638179
5.93414958236781
4.4448544039446
7.95231651290726
3.36903279796867
6.93487754353279
6.98502183501254
6.99655502205289
6.99920765507216
6.2298177606666
4.51285808495332
5.65795735953926
3.61133019269403
6.99060594431963
3.91783936719351
5.52110305445451
2.03985370252454
3.54916635158064
3.12630826086355
2.25905089999862
1.28958170699968
1.83660379260993
1.19241887230028
2.58425634062907
2.13437895834469
1.26090716041928
1.83000864689643
1.96090198878618
1.99100745742082
0.457931715206789
0.875324294497561
0.971324587734439
0.993404655178921
0.998483070691152
0.229651106258965
0.822819754439562
0.189248543521099
0.813527165009853
0.957111247952266
0.990135587029021
0.227731185016675
0.822378172553835
0.189146979687382
1.5835038053281
1.13420587522546
0.260867351301856
0.829999490799427
0.190899882883868
0.0439069730632897
0.780098603804557
0.179422678875048
0.811267216141261
0.18659145971249
0.812916035733873
0.956970688218791
0.990103258290322
0.227723749406774
0.052376462363558
0.0120465863436183
0.772770714859032
0.947737264417577
0.217979570816043
0.0501353012876898
0.0115311192961687
0.00265215743811879
0.000609996210767322
0.000140299128476484
3.22687995495913e-05
7.42182389640601e-06
1.70701949617338e-06
3.92614484119878e-07
9.03013313475718e-08
2.07693062099415e-08
4.77694042828655e-09
1.09869629850591e-09
2.52700148656358e-10
5.81210341909624e-11
1.33678378639214e-11
3.07460270870191e-12
7.0715862300144e-13
1.62646483290331e-13
3.74086911567762e-14
0.770000000000009
1.7171
1.164933
0.26793459
0.0616249557
0.784173739811
0.18035996015653
0.0414827908360019
0.77954104189228
0.179294439635224
1.5812377211161
0.363684675856703
0.0836474754470418
0.78923891935282
0.951524951451149
0.218850738833764
3.90033566993177
1.66707720408431
1.15342775693939
1.03528838409606
1.00811632834209
0.231866755518682
2.3633293537693
1.31356575136694
0.302120122814396
2.37948762824731
2.08728215449688
2.79007489553428
2.95171722597289
4.52889496197376
1.81164584125397
3.49667854348841
2.34423606500233
2.84917429495054
1.42531008783862
1.86782132020288
1.96959890364666
3.53300774783873
2.35259178200291
6.70109610986067
6.93125210526795
5.44418798421163
3.56216323636867
6.2092975443648
5.2781384352039
3.5239718400969
6.20051352322229
2.19611811034113
3.58510716537846
6.21457464803705
9.12935216904852
5.94975099888116
6.75844272974267
7.71444182784081
3.31432162040339
3.84229397269278
3.96372761371934
7.84165735115545
6.42358119076575
3.01742367387612
3.00400744499151
1.46092171234805
4.18601199384005
4.81278275858321
8.03694003447414
6.46849620792905
2.25775412782368
2.82928344939945
2.96073519336187
4.53096909447323
8.74212289172884
5.86068826509763
5.96795830097246
5.22263040922367
5.82120499412144
3.64887714864793
4.68924174418902
6.46852560116348
6.8777608882676
7.74188500430155
5.63063355098936
5.14504571672755
5.03336051484734
2.69767291841489
3.70046477123542
7.01110689738415
8.54255458639835
5.81478755487162
7.49740113762047
8.65440226165271
8.15051252018012
11.1146178796414
10.2563621123175
6.97896328583303
8.5351615557416
11.2030871578206
7.19671004629873
6.27524331064871
5.2933059614492
5.83746037113332
8.27261588536066
8.06270165363295
4.93442138033558
4.98491691747718
9.61653089101975
12.9918021049345
8.37811448413495
7.31696633135104
7.84290225621074
11.8138675189285
7.33718952935355
9.38755359175132
7.5491373261028
7.89630158500364
4.12614936455084
8.64901435384669
7.37927330138474
6.31723285931849
6.07296355764325
8.32678161825795
6.53515977219933
8.43308674760585
8.86960995194934
9.74001028894835
7.63020236645812
7.14494654428537
7.80333770518564
7.1847676721927
7.81249656460432
9.49687420985899
9.11428106826757
3.63628464570154
5.45634546851135
3.56495945775761
3.12994067528425
5.33988635531538
9.69817386172254
5.31057998819618
9.69143339728512
9.15902968137558
5.95657682671638
8.30001267014477
17.3090029141333
10.9110706702507
7.89954625415765
7.20689563845626
6.27758599684494
6.83384477927434
4.6517842992331
5.68991038882361
3.61867938942943
2.37229625956877
7.47562813970082
5.56939447213119
2.05096072859017
2.78172096757574
1.40979582254242
11.1042530391848
8.71397819901249
6.62421498577287
9.99356944672776
3.83852097274738
4.7328598237319
8.01855775945834
7.23426828467542
5.51388170547535
4.34819279225933
9.47008434221965
7.56811939871052
10.2106674617034
6.96845351619179
5.45274430872411
11.2641311910065
8.75075017393151
8.17267254000425
8.80971468420098
6.64623437736623
10.7686339067942
6.32678579856267
9.92516073366941
7.67278696874397
9.46474100281111
11.4168904306466
8.01588479904871
6.4636535037812
6.10664030586968
11.41452727035
14.1753412721805
10.1903284926015
13.1237755532983
9.17846837725862
8.27104772676948
6.52234097715698
9.20013842474611
11.3560318376916
10.3118873226691
6.99173408421389
5.45809883936919
8.18536273305491
4.96263342860263
7.3014056885786
9.37932330837308
8.31724436092581
5.76296620301294
6.71548222669298
8.47456091213938
5.79914900979206
2.10380427225217
5.103874982618
8.10389124600214
7.25389498658049
5.51839584691351
8.19923104479011
3.42582314030172
5.4079393222694
9.71382604412196
4.54417999014805
2.58516139773405
2.13458712147883
5.11095503794013
3.48551965872623
1.57166952150703
2.67148398994662
1.38444131768772
0.318421503068176
0.0732369457056805
1.55684449751231
1.89807423442783
1.2065570739184
1.81750812700123
3.49802686921028
1.57454617991837
0.362145621381224
0.853293492917682
2.50625750337107
0.576439225775345
2.44258102192833
0.561793635043516
0.129212536060009
2.3397188832938
1.30813534315757
0.300871128926242
0.0692003596530357
0.0159160827201982
0.773660699025646
0.177941960775898
0.0409266509784566
0.00941312972504503
0.00216501983676036
0.000497954562454882
0.000114529549364623
2.63417963538632e-05
6.05861316138854e-06
0.770001393481027
0.177100320500636
0.0407330737151463
0.779368606954484
0.179254779599531
0.0412285993078922
0.0094825778408152
0.772180992903387
0.177601628367779
0.810848374524589
0.186495126140655
0.0428938790123508
0.00986559217284068
0.00226908619975335
0.000521889825943272
0.000120034659966952
2.76079717923991e-05
6.34983351225178e-06
1.46046170781791e-06
1.54000033590619
0.354200077258424
0.851466017769438
0.195837184086971
0.0450425523400032
0.0103597870382007
0.00238275101878617
0.000548032734320819
0.770126047528894
0.177128990931646
0.0407396679142785
0.00937012362028405
0.00215512843266533
0.000495679539513026
0.770114006294088
0.17712622144764
0.0407390309329572
0.00936997711458017
0.00215509473635344
1.54049567178936
0.354314004511553
0.0814922210376572
0.0187432108386612
0.774310938492892
0.178091515853365
0.040961048646274
0.779421041188643
0.179266839473388
0.811231373078879
0.186583215808142
0.0429141396358727
0.00987025211625072
0.00227015798673767
0.77052213633695
0.177220091357498
0.0407606210122246
0.00937494283281167
0.772156236851547
1.71759593447586
1.16504706492945
1.03796082493377
0.238730989734768
0.824908127638997
0.959728869356969
1.7607376399521
1.94496965718898
0.447343021153466
4.7228888948653
8.78626444581902
8.18084082253838
9.58159338918383
11.4437664795123
8.02206629028782
8.7750752467662
6.63826730675623
6.91680148055393
4.6708643405274
8.0042987983213
2.6109887236139
1.3705274064312
3.39522130347918
4.63090089980021
8.76510720695405
7.40597465759943
8.63337417124787
11.995676059387
23.549005493659
10.0362712635416
10.0083423906146
8.46191874984135
5.02624131246351
5.00603550186661
5.77138816542932
2.86741927804874
6.04950643395121
2.93138647980878
2.21421889035602
5.12927034478188
4.25973217929983
4.05973840123896
1.70373983228496
2.70186016142554
4.47142783712787
4.10842840253941
1.71493853258406
4.24443586249433
2.5162202483737
2.88873065712595
3.74440805113897
3.94121385176196
3.98647918590525
5.53689021275821
3.58348474893439
4.67420149225491
4.92506634321863
5.75276525894028
7.48313600955627
5.57112128219794
8.98135789490553
5.91571231582827
6.7506138326405
6.94264118150732
6.21680747174668
5.27986571850174
5.8343691152554
7.50190489650874
5.57543812619701
3.59235076902531
4.67624067687582
11.0855353556814
10.2496731318067
6.20742482031555
3.73770770867258
5.47967277299469
6.65032473778878
3.83957468969142
5.50310217862903
5.88571350108468
8.28371410524947
5.75525424420738
5.1737084761677
9.65995294951857
7.61178917838927
7.14071151102953
7.80236364753679
8.72454363893346
5.0866450369547
2.70992835849958
14.4832835224549
7.18115521016463
10.8916656983379
4.81508311061771
4.18746911544207
4.81311789655168
7.26701711620689
7.83141393672758
4.11122520544734
10.9555817972529
12.5297838133682
12.8918502770747
8.35512556372718
8.85167887965725
12.8158861423212
12.9576538127339
7.60026037692879
5.59805988669362
11.2975537739395
9.52843736800609
7.5815405946414
7.90375433676752
5.66786349745653
3.613608604415
8.53112997901545
7.35215989517355
5.54099677588992
5.89442925845468
7.51571872944458
2.49861530777225
3.65468152078762
3.92057674978115
4.75173265244966
5.71289851006342
7.47396665731459
3.25901233118236
3.82957283617194
2.42080175231955
7.4867844030335
3.2619604126977
4.60025089492047
5.67805770583171
9.77595327234129
7.6384692526385
5.60684792810685
3.59957502346458
4.67790225539685
11.0859175187413
6.39976102931049
4.55194503674141
4.89694735845053
4.20629789244362
8.66744851526203
8.92351315851027
8.21240802645736
14.9788538460852
10.3751363845996
9.31628136845791
10.6127447147453
10.1409312843914
8.49241419541003
9.65325526494431
8.38024871093719
9.62745720351555
12.9943151568086
9.91869248606597
10.7512992717952
10.1727988325129
10.809743731478
11.7262410582399
9.62703544339518
9.91421815198089
9.21027017495561
7.50836214023979
10.9669232922552
10.2223923572187
9.2811502421603
13.6846645556969
13.1574728478103
13.0362187549964
6.84833031364916
8.50511597213931
10.426176673592
10.8680206349262
11.739644746033
5.78011829158759
6.71942720706515
4.62546825762498
6.45385769925375
6.10438727082836
6.79400907229052
6.95262208662682
3.90910307992417
7.82909370838256
7.19069155292799
6.27385905717344
9.14298758314989
5.18288714412448
7.35206404314863
7.85097472992418
4.11572418788256
7.10661656321299
5.48452180953899
2.03144001619397
4.31723120372461
2.53296317685666
4.43258153067703
4.86949375205572
7.27998356297281
4.75439621948375
3.40351113048126
5.40280756001069
2.78264573880246
3.72000851992457
2.39560195958265
2.86098845070401
2.96802734366192
0.682646289042242
0.927008646479716
1.75321198869033
3.48323875739878
3.11114491420172
4.5655633302664
2.59007956596127
2.13571830017109
0.491215209039351
0.112979498079051
0.795985284558182
0.183076615448382
1.58210762155313
1.13388475295722
0.26079349318016
2.36998250343144
0.54509597578923
0.895372074431523
1.74593557711925
0.401565182737428
0.0923599920296083
0.79124279816681
0.951985843578366
0.218956744023024
0.0503600511252956
0.011582811758818
0.00266404670452814
0.000612730742041471
0.000140928070669538
3.24134562539938e-05
7.45509493841858e-06
1.71467183583627e-06
3.94374522242343e-07
0.77000009070614
0.177100020862412
0.0407330047983548
0.00936859110362161
0.00215477595383297
0.000495598469381583
0.770113987647958
0.17712621715903
0.040739029946577
0.0093699768877127
0.00215509468417392
0.000495671777360002
0.0001140045087928
2.62210370223441e-05
0.770006030838515
0.177101387092858
0.0407333190313574
0.00936866337721221
1.54215479257676
0.354695602292655
0.851579988527311
0.195863397361281
0.0450485813930947
0.0103611737204118
0.00238306995569471
0.000548106089809783
0.770126064400656
0.177128994812151
0.0407396688067947
0.779370123825563
0.949255128479879
0.218328679550372
0.0502155962965856
0.781549587148215
0.949756405044089
0.218443973160141
0.0502421138268323
0.0115556861801714
0.00265780782143943
0.770611295798931
0.177240598033754
0.0407653375477635
0.779376027635986
0.949256486356277
1.75832899186194
1.17441566812825
1.0401156036695
1.77922658884398
2.71922211543412
3.70542108654985
0.852246849906465
4.81601677547849
3.41768385836005
1.55606728742281
4.20789547610725
5.58781595950467
3.59519767068607
3.1368954642578
2.26148595677929
2.83014177005924
3.73093260711362
1.62811449963613
7.30446633491631
3.22002725703075
1.51060626911707
1.88743944189693
2.74411107163629
2.94114554647635
5.29646347568956
4.2981865994086
4.83858291786398
3.42287407110871
3.097261036355
3.79237003836165
3.18224510882318
4.58191637502933
11.0638407662567
7.93468337623905
8.75497717653498
8.17364475060305
10.3499382926387
8.5404858073069
10.4343117356806
8.55989169920653
5.0487750908175
6.55121827088803
5.35678020230425
5.08205944652998
4.24887367270189
4.82724094472144
4.96026541728593
6.53086104597576
6.12209804057443
6.02808254933212
6.77645898634639
5.40858556685967
2.78397468037772
2.95031417648688
5.29857226059198
3.52867161993616
4.66159447258532
5.69216672869462
5.92919834759976
7.52371561994795
7.12045459258803
7.79770455629525
4.87347204794791
15.750898571028
9.78270667133645
6.10002253440738
6.7930051829137
8.49239119207015
10.4232499741761
7.01734749406051
4.69398992363392
7.2396176824358
10.1351120669602
9.26107577540085
9.8300474283422
9.96091090851871
8.4510095089593
5.02373218706064
8.08545840302395
10.3296554326955
7.76582074951997
4.86613877238959
6.50921191764961
4.57711874105941
5.67273731044366
11.314729581402
8.76238780372247
10.4853491948562
5.49163031481692
5.11307497240789
6.56600724365382
11.5201816660404
9.57964178318929
6.82331761013354
3.87936305033071
7.82225350157606
9.4991183053625
6.03479721023337
9.08800335835368
11.3302407724213
8.76595537765691
4.32616973686109
9.46501903947805
6.02695437907995
11.3961995071884
5.70112588665333
12.8612589539303
9.11808955940396
9.79716059866291
6.87334693769247
9.28086979566927
7.52460005300393
8.6606580121909
8.15195134280391
8.0349488088449
4.15803822603433
1.7263487919879
6.55706022215722
8.43812385109616
8.10076848575212
11.103176751723
6.40373065289629
8.40285805016615
11.9426573515382
6.59681119085379
6.13726657389637
8.34157131199617
10.3885614017591
4.6993691224046
8.01085489815306
4.1524966265752
9.4250742241123
8.32776707154583
8.07538642645554
5.70733887808477
8.2426879419595
7.28581822665068
7.06573819212966
10.0951197841898
6.17187755036366
5.26953183658364
9.68199232241424
8.38685823415527
10.3989773938557
9.32176480058681
7.53400590413497
7.89282135795104
8.74534891232874
6.63143024983561
7.68522895746219
7.1576026602163
7.03624861184975
10.0883371807254
12.3303175515669
12.0759730368604
8.93747379847789
9.75561897364991
11.4837923639395
4.18127224370608
7.8916926160524
9.51508930169205
9.11847053938917
14.4172482240595
8.70596709153369
14.3223724310527
11.7641456591421
16.5657535016027
7.66012330536862
9.46182836023478
10.646220522854
3.21863072025642
8.44028506565898
6.56126556510156
12.2890910799734
8.21649094839387
11.1297929181306
11.02985237117
8.69686604536911
12.0102791904349
8.15236421380003
12.655043769174
8.30066006691002
4.98915181538931
6.53750491753954
7.66362613103409
10.2326340101378
10.8235058223317
8.64940633913629
6.60936345800135
4.60015359534031
4.13803532692827
6.3417481251935
6.84860206879451
8.50517847582274
6.57619104943923
3.82252394137102
6.26918050651534
7.60191151649853
5.59843964879466
4.36764111922277
