3
3.67
3.8911
3.294063
1.75704079
1.2498234607
1.752441742031
4.59830577487023
4.19744090570718
4.73515549888337
3.57260131463151
5.1989584338284
5.73565628316337
2.56276657344391
0.845712969236491
2.28908527984804
0.755398142349854
0.249281386975452
0.752262857701899
1.58824674304163
1.86412142520374
1.95516007031723
1.31520282320469
0.434016931657547
0.81322558744699
0.938364443857507
0.309660266472977
0.772187887936083
0.254822003018907
0.754091260996239
0.248850116128759
0.75212053832249
0.918199777646422
1.64300592662332
1.8821919557857
1.29112334540928
1.76607070398506
0.582803332315071
0.862325099663973
0.284567282889111
0.0939072033534067
0.700989377106624
0.231326494445186
0.746337743166911
0.246291455245081
0.0812761802308766
0.696821139476189
0.899950976027142
0.296983822088957
0.0980046612893558
0.0323415382254874
0.680672707614411
0.224621993512756
0.0741252578592093
0.0244613350935391
0.0080722405808679
0.672663839391686
0.221979066999256
0.0732530921097546
0.694173520396219
0.229077261730752
0.0755954963711482
0.0249465138024789
0.00823234955481804
0.00271667535308995
0.000896502866519684
0.670295845945951
0.221197629162164
0.0729952176235141
0.0240884218157596
0.00794917919920068
0.00262322913573623
0.000865665614792954
0.000285669652881675
9.42709854509527e-05
3.11094251988144e-05
1.02661103156087e-05
3.38781640415089e-06
0.670001117979413
0.221100368933206
0.742963121747958
0.245177830176826
0.0809086839583526
1.36669986570626
1.12101095568306
0.369933615375411
0.122078093073886
0.0402857707143823
0.683294304335746
0.225487120430796
2.08441074974216
2.02785554741491
2.67919233064692
0.884133469113484
0.29176404480745
0.766282134786458
2.26287310447953
0.746748124478245
0.916426881077821
2.31242087075568
1.43309888734937
1.14292263282529
1.71716446883235
0.566664274714674
0.856999210655843
1.62280973951643
0.535527214040421
0.846723980633339
2.959418913609
0.976608241490971
0.99228071969202
1.66745263749837
2.56025937037446
2.85488559222357
3.62211224543378
2.53529704099315
3.51664802352774
4.51049384776415
4.16846296976217
4.05559278002152
2.6783456174071
5.57385405374434
6.52937183773563
6.17469270645276
5.38764859312941
3.78792403573271
3.93001493179179
1.96690492749129
3.32907862607213
1.7685959466038
5.94363666237926
3.97140009858515
3.9905620325331
4.66688547073592
6.23007220534286
6.07592382776314
6.02505486316184
7.34826810484341
7.11492847459832
5.02792639661745
5.67921571088376
2.54414118459164
4.18956659091524
7.41255697500203
3.78614380175067
1.24942745457772
2.42231106001065
5.48936264980351
4.49148967443516
5.5021915925636
3.15572322554599
4.39138866443018
5.46915825926196
5.82482222555645
5.27219133443363
5.7598231403631
5.25074163631982
3.07274473998554
6.37400576419523
9.47342190218443
7.81622922772086
7.26935564514788
5.0788873628988
8.37603282975661
6.11409083381968
8.71764997516049
6.22682449180296
10.094852082295
4.00130118715734
8.69042939176192
4.87784169928143
6.29968776076287
5.42889696105175
5.81153599714708
6.60780687905854
7.54057627008932
6.50839016912948
6.83776875581273
7.6164636894182
13.233433017508
15.0870328957776
11.0087208556066
10.3328778823502
8.09984970117556
7.36295040138793
7.78977363245802
7.26062529871115
6.41600634857468
6.13728209502964
6.71530309135978
5.56605002014873
9.20679650664908
5.7182428471942
7.24702013957408
11.1015166460594
11.0335004931996
9.67105516275587
9.22144820370944
9.07307790722411
9.02411570938396
11.6879581840967
5.86702620075191
6.62611864624813
12.9066191532619
12.2991843205764
7.40873082579022
5.79488117251077
6.60231078692856
6.19876255968642
6.73559164469652
4.23274524274985
4.07680593010745
4.02534595693546
6.0183641657887
5.33606017471027
9.80089985765439
7.92429695302595
7.97501799449856
7.32175593818453
6.43617945960089
6.14393922166829
6.04749994315054
6.68567498123968
4.21627274380909
4.741370005457
3.57465210180081
10.5596351935943
11.5246796138861
8.49314427258242
5.4827376099522
5.15930341128422
7.06257012572379
4.34064814148885
6.12241388669132
9.39039658260814
9.12883087226069
6.36251418784603
8.79962968198919
7.59387779505643
13.2259796723686
11.0645732918816
7.67130918632094
7.89153203148591
5.28420557039035
9.78378783822882
7.24864998661551
7.08205449558312
6.35707798354243
8.127835734569
9.38218579240777
5.10612131149456
7.04502003279321
5.67485661082176
7.23270268157118
7.74679188491849
6.5764413220231
6.19022563626762
4.05277445996832
2.67741557178954
6.24354713869055
4.74037055576788
5.5843222834034
8.54282635352312
6.16913269666263
5.38581378989867
5.12731855066656
4.37201512171996
2.11276499016759
4.7172124467553
4.90668010742925
2.95920443545165
3.65653746369905
2.54665736302069
2.85039692979683
2.28063098683295
2.76260822565487
4.26166071446611
4.08634803577382
6.03849485180536
4.00270330109577
4.6708920893616
2.88139438948933
2.96086014853148
0.977083849015388
2.33243767017508
1.43970443115778
1.81510246228207
0.598983812553082
1.53766465814252
1.84742933718703
4.62965168127172
3.53778505481967
2.50746906809049
2.83746479246986
2.94636338151505
2.31229991589997
2.10305897224699
1.36400946084151
3.1301231220777
1.70294063028564
0.561970407994261
1.52545023463811
1.17339857743058
0.38722153055209
0.79778310508219
0.263268424677123
1.42687858014345
1.81086993144734
1.26758707737762
0.418303735534615
0.138040232726423
0.0455532767997196
0.685032581343908
0.226060751843489
0.0746000481083515
0.024618015875756
0.678123945239
0.22378090192887
1.41384769763653
1.13656974022005
1.04506801427262
0.344872444709964
0.783807906754288
0.258656609228915
0.0853566810455419
0.0281677047450288
0.00929534256585952
1.34306746304673
1.11321226280542
1.03736004672579
0.34232881541951
0.782968509088439
0.928379607999185
0.306365270639731
0.101100539311111
0.0333631779726667
0.01100984873098
0.673633250081223
0.222298972526804
0.0733586609338452
0.694208358108169
0.229088758175696
0.0755992901979796
0.0249477657653333
0.00823276270255997
0.00271681169184479
0.000896547858308781
0.000295860793241898
0.67009763406177
0.221132219240384
0.0729736323493267
0.0240812986752778
0.00794682856284168
0.00262245342573775
0.000865409630493458
0.670285585178063
0.221194243108761
0.072994100225891
0.024088053074544
0.00794905751459953
0.00262318897981785
0.67086565236334
0.221385665279902
0.0730572695423677
0.694108898948981
0.229055936653164
0.0755884590955441
0.0249441915015295
0.00823158319550474
0.00271642245451657
0.000896419409990466
0.000295818405296854
9.76200737479618e-05
0.670032214624337
0.221110630826031
0.0729665081725903
0.0240789476969548
0.00794605273999508
0.00262219740419838
0.000865325143385464
0.670285557297317
1.56119423390811
1.18519409718968
0.391114052072594
2.13906763718396
2.71589232027071
1.56624446568933
1.85686067367748
1.28276402231357
2.43331212736348
1.47299300202995
1.15608769066988
8.42150893792106
5.45909794951395
5.8215023233396
3.26109576670207
2.41616160301168
2.80733332899386
0.926419998567972
2.98571859952743
9.02528713784405
6.32834475548854
5.43835376931122
11.1746567438727
5.02763672547799
1.65912011940774
1.21750963940455
3.0817781810035
1.68698679973116
2.56670564391128
10.8970128624907
14.9860142446219
12.3153847007252
21.4840769512393
11.779745393909
7.23731597998996
5.73831427339669
11.9436437102209
8.6314024243729
6.86836280004306
6.28655972401421
6.09456470892469
6.70120635394515
2.8813980968019
9.66086137194463
7.20808425274173
6.39866780340477
4.79156037512357
3.59121492379078
5.87510092485096
3.94878330520082
3.98309849071627
6.00442250193637
4.661459425639
5.55828161046087
4.51423293145209
4.83969686737919
3.60709996623513
14.5903429888576
30.274813186323
18.0306883514866
8.63012715599058
4.85794196147689
6.29312084728737
5.42672987960483
3.1308208602696
5.05317088388897
3.67754639168336
3.89359030925551
3.29488480205432
4.43731198467792
3.47431295494372
11.8665232751314
15.3059526807934
10.4109643846618
4.7756182469384
4.25595402148967
4.08446482709159
4.02787339294022
4.67919821967027
5.56413541249119
5.85616468612209
17.3425343464203
12.4230363343187
8.11960199032517
6.02946865680731
4.66972465674641
2.21100913672632
4.74963301511968
2.9073788949895
4.30943503534653
6.11211356166436
4.02699747534924
16.7389091668652
9.54384002506553
5.15946720827163
7.73262417872964
5.90176597898078
2.61758277306366
3.54380231511101
3.17945476398663
3.05922007211559
3.68954262379814
1.88754906585339
4.64289119173162
5.55215409327143
5.18221085077957
19.1301295807573
10.3329427616499
6.75987111134447
6.25075746674367
18.8127499640254
10.8982074881284
8.28640847108237
5.41451479545718
7.81678988250087
14.6395406612253
6.84104841820434
6.27754597800743
14.1315901727425
6.67342475700501
3.54223016981165
5.85893595603785
8.63344886549249
4.85903812561252
6.29348258145213
2.0768492518792
4.03536025312014
4.01166888352965
3.33385073156478
3.11017074141638
2.3663563446674
4.13089759374024
2.70319620593428
5.58205474795831
5.19207806682624
8.41338576205266
24.8864173014774
17.5925177094875
11.1655308441309
11.7246251785632
6.54912630892585
6.85121168194553
5.61089985504203
3.19159695216387
5.74322699421408
6.58526490809064
7.53313741966991
4.49593534849107
6.84365866500205
6.27840735945068
5.42187442861872
6.47921856144418
6.82814212527658
4.93328690134127
7.65798467744262
7.21713494355606
7.7416545313735
6.57474599535326
8.86966617846657
5.60698983889397
5.87030664683501
4.61720119345555
2.19367639384033
3.40391320996731
4.47329135928921
3.48618614856544
1.82044142902659
2.61074567157878
2.871546071621
3.62761020363493
5.88711136719953
8.64274675117584
4.86210642788803
2.94449512120305
1.64168338999701
2.55175551869901
4.19207932117067
2.72338617598632
2.90871743807549
2.29987675456491
4.10895932900642
1.35595657857212
3.1274656709288
3.7120636714065
3.90498101156415
3.29864373381617
3.76855243215934
2.58362230261258
2.86259535986215
3.62465646875451
1.86613663468899
1.28582508944737
3.77432227951763
1.24552635224082
0.41102369623947
1.47563781975903
1.15696048052048
3.06179695857176
1.01039299632868
2.34342968878846
1.44333179730019
1.14629949310906
2.38827883272599
3.46813201479958
2.48448356488386
0.819879576411674
2.28056026021585
4.77258488587123
2.24495301233751
1.41083449407138
1.13557538304355
0.374739876404373
0.793664159213443
2.27190917254044
2.75973002693834
2.25071090888965
3.42273459993359
1.79950241797808
1.93383579793277
1.30816581331781
0.431694718394878
0.14245925707031
0.717011554833202
1.57661381309496
0.520282558321336
0.841693244246041
0.277758770601193
0.761660394298394
0.25134793011847
0.752944816939095
0.248471789589901
0.751995690564667
0.24815857788634
0.0818923307024923
0.697024469131822
0.900018074813501
0.967005964688455
0.31911196834719
0.105306949554573
0.704751293353009
0.232567926806493
0.0767474158461427
0.0253266472292271
0.00835779358564493
0.00275807188326283
0.670910163721477
0.221400354028087
0.0730621168292688
0.0241104985536587
0.00795646452270737
0.00262563329249343
0.000866458986522833
0.000285931465552535
9.43573836323364e-05
3.1137936598671e-05
1.02755190775614e-05
0.670003390921296
0.221101119004028
0.0729633692713291
0.0240779118595386
0.00794571091364774
0.00262208460150375
0.000865287918496238
0.000285545013103759
9.42298543242403e-05
3.10958519269993e-05
0.670010261631136
0.221103386338275
0.0729641174916307
0.0240781587722381
0.00794579239483858
0.00262211149029673
0.000865296791797921
0.000285547941293314
9.42308206267936e-05
3.10961708068419e-05
1.02617363662578e-05
3.38637300086508e-06
1.11750309028548e-06
0.67000036877602
1.56110012169609
0.515163040159709
0.170003803252704
0.726101255073392
0.239613414174219
0.0790724266774924
0.0260939008035725
1.34861098726518
0.445041625797509
0.146863736513178
8.08846503304935
3.33919346090628
1.77193384209907
1.25473816789269
10.4640635954046
8.14314098648351
5.36723652553956
2.44118805342805
0.805592057631258
2.27584537901832
3.43102897507604
3.81223956177509
3.26803905538578
6.43845288827731
4.13468945313151
4.0444475195334
5.35466768144602
3.77704033487719
3.25642331050947
5.09461969246813
2.35122449851448
4.12590408450978
4.04154834788823
5.35371095480312
5.78672461508503
3.91961912297806
4.64347431058276
3.54234652249231
18.5889743524225
22.8843615362994
14.2518393069788
11.403106971303
3.76302530052999
5.2617983491749
3.07639345522772
7.04520984022515
11.7049192472743
11.9026233516005
4.59786570602817
15.5872956829893
9.16380757538647
5.70405649987753
5.90233864495959
11.9977717528367
5.2992646784361
8.44875734388391
7.47808992348169
4.47776967474896
6.16766399266716
3.37532911758016
5.13385860880145
2.36417334090448
1.45017720249848
2.4885584768245
5.51122429735208
7.84870401812619
20.0100723259816
13.3033238675739
6.4000968762994
4.7920319691788
18.331370549829
12.0793522814436
5.99618625287638
8.0087414634492
10.0128846829382
9.33425194536962
10.450303141972
8.13860003685075
4.69573801216075
5.56959354401305
7.19796586952431
6.39532873694302
6.1304584831912
6.0430512994531
4.00420692881952
3.33138828651044
3.10935813454845
2.36608818440099
4.80080910085233
4.93426700328127
17.7083081110828
28.6237416766573
13.4658347532969
7.12372546858798
7.04082940463403
7.68347370352923
3.87554632216465
7.30893028631433
4.42194699448373
5.47924250817963
2.47815002769928
4.83778950914076
2.26647053801645
4.09793527754543
3.36231864158999
3.7895651517247
5.27055650006915
2.40928364502282
3.47506360285753
4.49677098894298
6.84393442635119
6.94849836069589
5.64300445902964
5.88219147147978
3.95112318558833
2.64387065124415
2.21247731491057
3.41011751392049
3.80533877959376
3.26576179726594
3.08770139309776
6.37894145972226
6.12505068170835
4.03126672496375
4.68031801923804
6.23450494634855
3.39738663229502
1.79113758865736
1.93107540425693
3.98725488340479
7.34579411152358
6.44411205680278
7.48655697874492
3.81056380298582
4.60748605498532
4.20047039814516
4.0661552313879
3.35183122635801
3.11610430469814
4.37831442055039
4.79484375878163
15.6522984403979
18.5652584853313
12.8265353001593
14.9527566490526
7.61440969418735
5.86275519908183
7.294709215697
4.41725404118001
6.1476938335894
8.7287389650845
6.90048385847789
7.6371596732977
8.55026269218824
12.8715866884221
8.2676236071793
7.41831579036917
8.47804421082183
7.4877545895712
11.8509590145585
7.2608164748043
6.41606943668542
5.46730291410619
7.16420996165504
3.70418928734616
6.58238246482423
7.532186213392
3.82562145041936
5.28245507863839
8.44321017595067
4.12625935806372
3.37166558816103
1.78264964409314
7.28827438255074
8.43513054624174
6.80359308025978
5.59518571648573
5.86641128644029
6.6259157245253
4.86655218909335
1.6059622224008
4.54996753339227
5.52148928601945
5.84209146438642
3.93789018324752
3.30950376047168
1.09213624095565
3.04040495951537
5.02333363664007
3.66770010009122
5.2303410330301
3.73601254089993
3.24288413849698
1.740151765704
3.25425008268232
5.09390252728517
3.6909878340041
1.88802598522135
0.623048575123047
6.23560602979061
4.7377499898309
3.5734574966442
3.18924097389259
2.39244952138455
1.4595083420569
2.49163775287878
1.49224045845
1.1624393512885
1.0536049859252
2.35768964535532
1.44803758296725
3.15785240237919
1.71209129278513
1.90499012661909
1.9686467417843
0.649653424788819
0.88438563018031
0.291847257959502
0.0963095951266358
0.70178216639179
0.231588114909291
0.746424077920066
0.246319945713622
0.0812855820854952
0.0268242420882134
0.67885199988911
1.56402115996341
0.516126982787924
1.51032190432001
1.1684062284256
1.05557405538045
1.01833943827555
1.00605201463093
0.331997164828207
0.109559064393308
2.04615449124979
2.68523098211243
1.5561262240971
0.513521653952044
0.169462145804174
0.0559225081153775
0.0184544276780746
0.00608996113376461
0.00200968717414232
0.000663196767466966
0.670218854933264
0.221172222127977
0.742986833302232
0.245185654989737
0.0809112661466131
0.0267007178283823
0.00881123688336616
0.00290770817151083
0.000959543696598575
0.00031664941987753
0.000104494308559585
0.670034483121825
0.891111379430202
0.294066755211967
0.097042029219949
0.0320238696425832
0.0105678769820524
0.673487399404077
0.892250841803345
0.294442777795104
0.0971661166723843
0.0320648185018868
0.0105813901056226
0.00349185873485547
0.00115231338250231
0.000380263416225761
0.000125486927354501
4.14106860269854e-05
1.36655263889052e-05
4.50962370833871e-06
1.48817582375177e-06
4.91098021838085e-07
0.670000162062347
0.221100053480575
0.0729630176485896
0.0240777958240346
0.677945672621931
1.56372207196524
0.516028283748528
0.170289333637014
0.0561954801002147
0.0185445084330709
0.00611968778291338
0.00201949696836142
0.670666433999559
2.23131992321985
1.40633557466255
2.47409073963864
0.816449944080752
0.939428481546648
0.980011398910394
0.32340376164043
0.106723241341342
2.04521866964264
2.01492216098207
1.33492431312408
1.78052502333095
1.25757325769921
1.75499917504074
0.579149727763444
0.861119410161937
0.284169405353439
3.44377590376663
3.81644604824299
3.26942719592019
1.74891097465366
1.24714062163571
1.08155640513978
1.69691361369613
2.56998149251972
2.18809389253151
4.0720709845354
2.68378342489668
2.2256485302159
6.09446401497125
5.36117312494051
6.45918713123037
2.80153175330602
4.94450547859099
6.32168680793503
8.78615664661856
9.59943169338412
5.84781245881676
7.95977811140953
5.97672677676515
3.9823198363325
4.66416554598972
4.88917463017661
4.29342762795828
4.76683111722623
6.93305426868466
4.96790790866594
5.65940960985976
2.53760517125372
4.18740970651373
3.39184520314953
5.80930891703935
7.94707194262298
5.30253374106558
2.41983613455164
3.47854592440204
4.49792015505267
2.15431365116738
4.06092350488524
3.35010475661213
5.125534569682
6.38142640799506
6.12587071463837
8.05153733583066
5.33700732082412
9.13121241587196
8.37330009723775
4.77318903208846
8.27515238058919
4.07080028559443
6.03336409424616
7.35101015110123
11.1358333498634
7.02482500545492
4.99819225180013
2.98940344309404
1.65650313622103
5.23664603495294
6.41809319153447
5.46797075320637
5.8244303485581
3.26206201502417
7.10648046495798
6.36513855343613
5.45049572263392
7.82866358846919
8.61345898419483
10.8824414647843
6.27120568337882
10.779497875515
9.58723429891995
9.19378731864358
7.72394981515238
11.2589034390003
9.07543813487009
6.34489458450713
8.12381521288735
6.70085902025283
7.57128347668343
6.51852354730553
6.17111277061083
10.0764672143016
9.35523418071952
7.10722727963744
9.04538500228036
4.32497705075252
4.77724242674833
10.2864900008269
7.41454170027289
7.80679876109006
9.94624359115972
9.98226038508271
5.97414592707729
12.0214681559355
8.65708449145872
4.19683788218138
8.08495650111985
6.68803564536955
2.87705176297195
6.30942708178074
4.09211093698765
5.37039660920592
5.12223088103795
6.38033619074253
6.12551094294503
9.39141861117186
5.77916814168671
9.27712548675662
7.08145141062968
7.6968789655078
5.88997005861757
5.2936901193438
7.10691773938345
7.03528285399654
7.68164334181886
5.88494230280022
3.28203095992407
9.79307021677494
5.91171317153573
5.97086534660679
7.33038556438024
6.43902723624548
7.48487898796101
7.16001006602713
4.37280332178895
4.79302509619035
6.27169828174282
6.08966043297513
7.36958794288179
11.141964021151
14.3968481269798
10.1109598819033
10.7066167610281
12.2431835311393
8.73025056527596
11.5909826865411
10.5250242865586
12.1832580145643
9.38047514480623
7.78555679778605
8.5992337432694
9.5377471352789
10.517456554642
10.8407606630319
8.26745101880052
8.75825883620417
9.59022541594738
11.2047743872626
8.38757554779667
7.4578999307729
6.48110697715506
6.82876530246117
5.60349254981219
9.88915254143802
6.61342033867455
4.8624287117626
7.63460147488166
4.52941848671095
4.84470810061461
5.61875367320282
7.21418871215693
7.74068227501179
6.57442515075389
8.19956029974878
6.7258548989171
8.24953211664264
4.06234559849207
5.36057404750238
7.12898943567579
4.36256651377301
2.10964694954509
4.71618349334988
4.23634055280546
4.7479923824258
4.24683748620051
4.08145637044617
2.68688060224724
2.89667059874159
3.63590129758472
3.20984742820296
4.40924965130698
2.7950523849313
0.92236728702733
2.31438120471902
2.10374579755728
3.3742361131939
2.45349791735399
0.809654312726816
0.267185923199849
2.76817135465595
2.25349654703646
2.08365386052203
2.02760577397227
1.33910990541085
2.45190626878558
0.809129068699242
1.60701259267075
0.530314155581347
0.175003671341845
1.39775121154281
0.461257899809127
0.152215106937012
2.06023098528921
1.34987622514544
1.785459154298
1.92920152091834
1.30663650190305
1.10119004562801
3.04339271505724
1.00431959596889
0.331425466669734
0.109370404001012
0.036092233320334
0.0119104369957102
0.673930444208584
0.222397046588833
0.0733910253743148
0.0242190383735239
0.00799228266326288
0.00263745327887675
0.000870359582029328
0.000287218662069678
9.47821584829938e-05
3.12781122993879e-05
1.0321777058798e-05
0.670003406186429
0.891101124041522
0.294063370933702
1.43704091240812
0.47422350109468
0.156493755361244
0.721642939269211
0.23814216995884
0.078586916086417
0.0259336823085176
0.00855811516181081
0.00282417800339757
1.34093197874112
1.78250755298457
0.588227492484908
0.19411507252002
0.0640579739316065
0.0211391313974301
0.00697591336115194
0.00230205140918014
0.000759676965029446
0.000250693398459717
8.27288214917067e-05
2.73005110922632e-05
1.34000900916866
1.11220297302566
0.367026981098467
0.791118903762494
0.261069238241623
0.0861528486197356
0.0284304400445127
0.679382045214689
0.894196074920848
0.29508470472388
0.0973779525588803
0.70213472434443
1.57170445903366
0.518662471481108
0.171158615588766
0.726482343144293
0.239739173237617
0.749113927168414
0.247207595965576
0.0815785066686402
0.0269209072006513
0.00888389937621492
1.34293168679415
1.78316745664207
0.588445260691883
0.194186936028321
2.07408168888935
3.36444695733348
2.45026749592005
2.14858827365362
0.709034130305693
2.91398126300088
2.97161381679029
2.9906325595408
2.32690874464846
2.77787988573399
2.92670036229222
2.30581111955643
4.11091766945362
9.3966028309197
6.4508789342035
2.79879004828715
4.94360071593476
2.30138823625847
3.4394581179653
3.14502117892855
2.37785698904642
2.79469280638532
3.60224862610716
2.52874204661536
1.50448487538307
3.17648000887641
2.38823840292922
2.12811867296664
2.71227916207899
6.92505212348607
4.2952672007504
8.78743817624763
6.91985459816172
5.63355201739337
4.53907216573981
3.50789381469414
3.83760495884907
2.60640963642019
4.88011518001866
2.28043800940616
2.76254454310403
4.26163969922433
2.74634110074403
2.24629256324553
3.42127654587103
5.81902126013744
5.94027701584536
4.64029141522897
4.88129616702556
4.96082773511843
5.65707315258908
5.2168341403544
4.40155526631695
6.14251323788459
8.72702936850192
7.56991969160563
5.84807349822986
5.27986425441585
5.76235520395723
6.59157721730589
4.85522048171094
4.28222275896461
8.11313351045832
7.36733405845125
5.11122023928891
7.04670267896534
8.35541188405856
8.78728592173933
8.25980435417398
6.74573543687741
5.57609269416955
3.85011058907595
3.95053649439506
3.98367704315037
6.00461342423962
6.00152242999908
5.33050240189969
5.1090657926269
5.70599171156688
3.22297726481707
3.74358249738963
7.93538222413858
6.63867613396573
3.53076312420869
8.53515183098887
8.84660010422633
6.26937803439469
5.41889475135025
9.15823526794558
6.37221763842204
8.80283182067927
8.93493450082416
8.97852838527197
9.66291436713975
6.53876174115612
4.16779137458152
6.0653711536119
6.02157248069193
8.01711891862834
12.0256492431474
10.6684642502386
9.55059320257875
8.51169575685099
6.15885959976083
8.73242366792107
8.24169981041395
5.3997609374366
7.14192110935408
8.38683396608685
6.78765520880866
5.58992621890686
7.20467565223926
7.06754296523896
7.69228917852886
5.21845542891452
3.73209029154179
3.91158979620879
7.9908246327489
8.66697212880714
3.53010080250635
6.5249332648271
5.50322797739294
7.17606523253967
5.04810152673809
6.35587350382357
7.45743825626178
7.82095462456639
4.59091502610691
8.21500195861528
10.080950646343
5.3367137132932
5.11111552538676
7.71666812337763
6.56650048071462
6.18694515863582
9.41169190234982
8.46585832777544
7.4837332481659
9.83963197189474
7.93707855072527
8.64923592173934
6.20424785417398
6.06740179187741
10.0422425913195
12.0239400551355
10.6679002181947
8.88040707200425
6.9505343337614
8.32367633014126
10.7868131889466
13.6096483523524
11.8611839562763
5.92419070557117
4.63498293283849
9.5695443678367
9.18794964138611
5.71202338165742
10.5949677159469
9.52633934626249
8.50369198426662
10.176218354808
12.7381520570866
10.9035901788386
8.95818475901673
8.98620097047552
13.0154463202569
8.98509728568478
8.99508210427598
8.99837709441107
11.0094644411557
12.3431232655814
8.76323067764185
7.58186612362181
8.5320158207952
8.84556522086242
5.5990365228846
6.53768205255192
8.18743507734213
6.0518535755229
6.01711167992256
8.01564685437444
5.32516346194357
9.12730394244138
5.69201030100565
3.88836339933187
1.95315992177952
2.65454277418724
2.88599911548179
2.29237970810899
5.44648530367597
3.80734015021307
3.93642224957031
1.9690193423582
1.98977638297821
1.99662620638281
1.99888664810633
1.99963259387509
5.34987875597878
2.435459989473
0.803701796526089
1.60522159285361
2.53972312564169
1.50810863146176
1.83767584838238
1.27643302996619
2.43122289988884
1.47230355696332
1.82586017379789
0.602533857353305
0.868836172926591
1.62671593706578
0.536816259231706
0.177149365546463
0.0584592906303327
0.0192915659080098
0.676366216749643
1.56320085152738
1.85585628100404
0.612432572731332
0.20210274900134
0.736693907170442
0.913108989366246
0.971325966490861
0.320537568941984
0.775777397750855
0.256006541257782
0.0844821586150681
0.0278791123429725
0.679200107073181
0.22413603533415
0.0739648916602694
0.0244084142478889
0.00805477670180333
0.672658076311595
0.221977165182826
0.743252464510333
0.24527331328841
0.0809401933851752
0.696710263817108
0.229914387059646
0.745871747729683
0.246137676750795
0.0812254333277625
0.0268043929981616
0.00884544968939333
0.0029189983974998
0.670963269471175
0.221417878925488
0.0730679000454109
0.0241124070149856
0.00795709431494525
0.00262584112393193
0.000866527570897538
0.000285954098396187
9.43648524707418e-05
3.11404013153448e-05
1.02763324340638e-05
3.39118970324105e-06
1.11909260206955e-06
3.6930055868295e-07
0.670000121869184
0.221100040216831
0.0729630132715542
0.0240777943796129
0.00794567214527225
0.00262207180793984
0.000865283696620147
0.000285543619884649
9.4229394561934e-05
3.10957002054382e-05
1.02615810677946e-05
3.38632175237222e-06
1.11748617828283e-06
3.68770438833335e-07
0.670000121694245
0.221100040159101
0.0729630132525032
0.0240777943733261
0.0079456721431976
0.00262207180725521
0.000865283696394219
0.000285543619810092
0.670094229394537
0.221131095700197
0.0729732615810651
0.0240811763217515
0.00794678818617799
0.00262244010143874
0.000865405233474783
3.35028558372705
1.77559424262993
3.93594610006788
5.3188622130224
9.12522453029739
23.7813240949981
11.1978369513494
4.3652861939453
1.44054444400195
1.14537966652064
2.38797528995181
0.788031845684098
3.61005050907575
2.531316667995
5.52533450043835
4.50336038514466
3.49610892709774
2.49371594594225
2.16292626216094
2.72376566651311
2.90884266994933
3.63991808108328
7.23117296675748
4.39628707902997
2.12077473607989
2.03985566290636
2.0131523687591
3.3443402816905
1.77363229295787
3.2652986566761
5.09754855670311
5.70219102371203
3.89172303782497
3.29426860248224
1.75710863881914
5.26984585081032
15.1390491307674
8.34588621315324
7.44414245034057
21.8865670086124
10.5725671128421
6.16894714723789
6.0557525585885
5.34839834433421
4.44497145363029
7.496840579698
5.15395739130034
4.38080593912911
6.13566595991261
4.70476976677116
4.23257402303448
2.06674942760138
3.36202731110845
7.13946901266579
5.70602477417971
16.6229881754793
12.8555860979082
7.5923434123097
5.8554733260622
5.95230619760053
5.98426104520817
2.6448061449187
2.21278602782317
4.75021938918165
2.23757239842994
3.41839889148188
4.47807163418902
2.81776363928238
6.28986200096318
4.08565446031785
4.02826597190489
4.67932777072861
4.22417816434044
3.40397879423235
3.13331300209667
5.7239932906919
2.55891778592833
2.85444286935635
2.9519661468876
11.0241488284729
15.0279691133961
24.3892298074207
10.7284458364488
6.89038712602811
8.97382775158928
3.63136315802446
3.87834984214807
5.29985544790886
5.76895229780993
5.92375425827728
9.9948389052315
9.32829683872639
13.1283379567797
14.3823515257373
10.7761760034933
8.24613808115279
8.08122556678042
6.68680443703754
5.55664546422239
3.84369300319339
4.61841869105382
6.21407816804776
7.41064579545576
5.7955131125004
7.27251932712513
7.75993137795129
6.58077735472393
5.5216565270589
21.9221466539294
9.91430839579671
9.97172177061292
9.32066818430226
11.1158205008197
13.7182207652705
23.2870128525393
14.384714241338
10.7769556996415
9.5863953808817
5.84351047569096
5.27835845697802
5.09185829080275
5.03031323596491
4.34000336786842
5.45220111139658
3.13922636676087
2.37594470103109
4.13406175134026
4.71424037794229
2.89569932472095
4.30558077715791
6.78084165646211
10.9476777466325
8.30273365638872
5.41990210660828
7.14856769518073
18.4390273394096
10.1048790220052
8.69461007726171
9.56922132549636
7.8478430374138
3.25978820234655
3.75573010677436
7.26939093523554
3.06889900862773
5.03273667284715
9.03080310203956
5.66016502367305
5.21785445781211
8.421891971078
7.46922435045574
6.48484403565039
6.15999853176463
6.05279951548233
7.35742384010917
5.10794986723603
6.37562345618789
6.793955740542
6.93200539437886
4.29756178014502
4.09819538744786
7.38240447785779
7.79619347769307
9.94274384763871
6.63110546972077
6.87826480500786
4.27982738565259
6.10234303726536
8.71377320229757
8.2355451567582
8.0777299017302
4.67565086757097
4.89296478629842
6.30467837947848
7.4405438652279
9.15537947552521
8.38127522692332
10.1358208248847
6.69482087221195
6.89929088782994
8.97676599298388
6.31233277768468
3.42306981663594
2.46961303948986
4.16497230303165
3.38444086000045
5.13686548380015
5.04516560965405
4.34490465118584
4.78381853489133
4.25866011651414
3.41535783844967
3.13706808668839
3.04523246860717
5.69492671464037
5.22932581583132
3.73567751922434
3.24277358134403
3.08011528184353
1.01643804300836
3.68542455419276
2.55619010288361
3.52354273395159
2.50276910220403
2.83591380372733
5.62585155523002
1.85653101322591
1.95265523436455
1.3143762273403
2.4437441550223
2.14643557115736
2.71832373848193
2.23704683369904
1.40822545512068
1.80471440018982
3.94555575206264
1.30203339818067
1.09967102139962
1.70289143706188
0.561954174230419
0.185444877496038
0.731196809573693
0.241294947159319
1.41962733256258
0.46847701974565
0.154597416516064
0.0510171474503012
0.0168356586585994
0.0055557673573378
0.671833403227922
0.891705023065214
0.964262657611521
0.988206677011802
0.326108203413895
0.107615707126585
0.0355131833517731
1.35171935050609
0.446067385667008
0.147202237270113
0.0485767382991372
0.0160303236387153
0.675290006800776
0.892845702244256
0.294639081740604
0.0972308969743995
0.0320861960015518
0.0105884446805121
0.00349418674456899
0.00115308162570777
0.000380516936483563
0.000125570589039576
4.143829438306e-05
1.36746371464098e-05
4.51263025831524e-06
0.670001489167985
0.221100491425435
0.0729631621703936
0.0240778435162299
0.00794568836035586
0.00262207715891743
0.000865285462442753
0.670285544202606
0.89119422958686
0.294094095763664
0.767051051602009
0.923126847028663
0.304631859519459
0.100528513641421
0.703174409501669
0.232047555135551
0.746575693194732
0.916369978754262
1.64240209298891
0.541992690686339
0.178857587926492
0.0590230040157423
0.019477591325195
0.676427605137314
0.893221109695314
0.964762966199454
1.65837177884582
0.54726268701912
0.18059668671631
1.39959690661638
1.13186697918341
0.373516103130524
0.793260314033073
1.60177590363091
3.2085860481982
1.72883339590541
0.570515020648784
0.858269956814099
1.62322908574865
1.87566559829706
1.28896964743803
1.09535998365455
1.701468794606
1.90148470221998
1.96748995173259
3.99927168407176
4.66975965574368
2.21102068639541
2.73963682651049
4.25408015274846
4.08384645040699
1.34766932863431
1.11473087844932
2.37786118988828
2.79469419266313
2.26224908357883
5.43654219758102
3.13405892520174
3.71423944531657
4.57569901695447
5.52998067559498
3.83489362294634
5.95551489557229
4.64531991553886
4.21295557212782
5.41027533880218
5.13539086180472
7.05467898439556
7.01804406485053
8.34595454140068
6.77416499866222
14.2954744495585
9.40750656835431
6.45447716755692
7.48997746529379
5.15169256354695
2.37005854597049
2.79211932017026
7.62139937565619
6.53506179396654
7.51657039200896
4.49046822936296
4.16185451568978
4.05341199017763
4.01762595675862
7.35581656573034
5.10741946669101
8.38544842400803
6.11719797992265
6.03867533337447
6.68276286001358
6.22531174380448
7.41435287545548
5.79673644890031
6.6029230281371
5.52896459928524
5.84455831776413
3.93870424486216
3.30977240080451
4.44222489226549
6.82593421444761
5.60255829076771
6.53884423595334
5.5078185978646
3.82758013729532
6.62310144530746
4.86562347695146
5.62565574739398
5.87646639664001
7.29923391089121
7.0987471905941
7.03258657289605
8.3507535690557
7.44574867778838
5.13709706367016
5.71524203101115
6.57602987023368
5.52008985717711
7.18162965286845
5.04993778544659
4.34647946919737
6.12433822483513
3.36103161419559
5.12914043268455
4.3726163427859
6.13296339311935
7.38387791972938
6.4566797135107
4.14070430545853
3.37643242080132
3.79422269886443
6.61209349062526
6.87199085190634
9.63775698112909
7.8704598037726
8.62725173524496
6.19699307263084
10.7550077139682
8.2391525456095
9.41892034005113
8.46824371221687
6.14452042503157
5.37769174026042
9.81463827428594
5.24883063051436
8.43211410806974
8.81259765566301
5.58815722636879
5.1940918847017
6.40405032195156
4.79333660624402
5.60180108006053
5.86859435641997
5.95663613761859
5.31568992541414
7.78417767538666
8.5987786328776
6.85759694884961
6.28300699312037
8.77339230772972
6.91521946155081
8.31202242231177
8.10296739936288
6.02397924178975
3.99791314979062
8.0193113394309
4.6563727420122
8.23660300486403
7.40807899160513
10.4846660672297
9.4899398021858
5.81168013472131
5.26785444445803
7.09839196667115
7.70246934900148
7.90181488517049
5.28759891210626
9.11490764099507
6.35791952152837
14.1581134421044
16.0621774358944
9.99051855384517
7.31687112276891
6.43456747051374
7.48340726526953
5.81952439753895
11.3004430511879
9.08914620689199
10.3694182482744
6.77190802193054
9.60472964723708
11.2095607835882
7.71915505858412
9.91732116933276
9.30271598587981
11.7798962753403
12.5973657708623
10.1871307043846
8.72175313244691
6.89817853370748
7.63639891612347
9.22001164232075
7.73260384196585
10.5917592678487
5.50528055839008
7.17674258426873
7.72832505280868
9.25034726742686
9.75261459825087
9.91836281742279
6.62305972974952
4.86560971081734
6.29565120456972
9.44756489750801
8.47769641617764
8.15763981733862
6.04202113972175
6.01386697610818
4.6645761021157
7.56931011369818
3.8378723375204
6.62649787138173
6.87674429755597
6.95932561819347
6.98657745400385
6.32557055982127
4.76743828474102
5.59325463396454
3.8557740292083
6.63240542963874
4.19869379178078
5.40556895128766
2.45383775392493
3.48976645879523
3.16162293140242
2.3833355673628
1.45650073722972
1.82064524328581
1.27081293028432
2.42936826699382
2.14169152810796
1.37675820427563
1.79433020741096
1.93212896844562
1.97760255958705
0.652608844663727
0.88536091873903
0.96216910318388
0.98751580405068
0.995880215336725
0.328640471061119
0.778451355450169
0.256888947298556
0.754773352608523
0.919075206360813
0.973294818099068
0.321187289972692
0.775991805690989
0.256077295878026
1.42450550763975
1.14008681752112
0.376228649781969
0.79415545442805
0.262071299961256
0.0864835289872146
0.698539564565781
0.230518056306708
0.746070958581214
0.2462034163318
0.751247127389494
0.917911552038533
0.972910812172716
0.321060568016996
0.105949987445609
0.0349634958570509
0.681537953632827
0.894907524698833
0.295319483150615
0.0974554294397029
0.0321602917151019
0.0106128962659836
0.0035022557677746
0.00115574440336562
0.000381395653110654
0.000125860565526516
4.15339866237502e-05
1.37062155858376e-05
4.5230511433264e-06
1.49260687729771e-06
4.92560269508244e-07
1.62544888937721e-07
5.36398133494478e-08
1.77011384053178e-08
5.84137567375487e-09
1.92765397233911e-09
6.36125810871905e-10
2.09921517587728e-10
6.92741008039504e-11
0.670000000022861
1.56110000000754
1.18516300000249
0.391103790000822
0.129064250700271
0.712591202731089
0.235155096901259
0.0776011819774156
0.695608390052547
0.229550768717341
1.41575175367672
0.467198078713318
0.154175365975395
0.72087787077188
0.907889697354721
0.299603600127058
3.44886918804193
1.80812683205384
1.26668185457777
1.08800501201066
1.02904165396352
0.339583745807961
2.12206263611663
1.37028066991849
0.452192621073101
2.15922356495412
2.05254377643486
2.6873394462235
2.89682201725376
4.30595126569374
2.09096391767893
3.37001809283405
2.45210597063524
2.81919497030963
1.60033434020218
1.86811033226672
1.95647640964802
3.32563721518385
2.43746028101067
6.16436189273352
6.72423942460206
5.56899901011868
3.84776967333916
5.95976399220192
5.31672211742664
3.76451829875079
5.93229103858776
2.62765604273396
3.54712649410221
5.86055174305373
8.63398207520773
6.19921408481855
6.73574064799012
7.58279441383674
3.84232215656612
3.94796631166682
3.98282888285005
7.34433353134052
6.44363006534237
3.46639792156298
3.15391131411578
1.71079073365821
3.91456094210721
4.64180511089538
7.56179568659548
6.51539257657651
2.82007955027025
2.94062625158918
2.98040666302443
4.33353419879806
8.13006628560336
6.03292187424911
6.01086421850221
5.33358519210573
5.78008311339489
3.91742742742031
4.6427510510487
6.22210784684607
6.7432955894592
7.58528754452154
5.85314488969211
5.2815378135984
5.09290747848747
3.02065946790086
3.67681762440729
6.5733498160544
8.19920543929795
6.05573779496832
7.35839347233955
8.45826984587205
8.15122904913778
10.7299055862155
10.2408688434511
7.39948671833886
8.47183061705183
10.8357041036271
7.59578235419694
6.52660817688499
5.50378069837205
5.83624763046278
7.95596171805272
7.9854673669574
5.31520423109594
5.10401739626166
9.05432574076635
12.3679274944529
8.77141607316945
7.58456730414592
7.86290721036815
11.3047593794215
7.75057059520909
9.257688296419
7.74503713781827
7.91586225548003
4.62223454430841
8.22533739962178
7.40436134187519
6.46343924281881
6.15293495013021
8.06046853354297
6.67995461606918
8.23438502330283
8.74734705768993
9.58662452903768
7.85358609458243
7.2816834112122
7.76295552570003
7.25177532348101
7.75308585674873
9.25851833272708
9.08531104979994
4.33815264643398
5.45159037332321
3.80902482319666
3.2669781916549
5.09810280324612
9.05237392507122
5.6672833952735
9.24020352044026
9.07926716174528
6.34615816337594
8.12423219391406
16.0809966239916
11.3367288859172
8.43112053235269
7.47226977567639
6.48584902597321
6.83033017857116
4.93400895892848
5.6482229564464
3.87391357562731
2.61839147995701
6.89406918838581
5.62504283216732
2.52626413461521
2.84366716442302
1.6084101642596
9.91077535420567
8.63055586688787
6.868083436073
9.63646753390409
4.52003428618835
4.84161131444216
7.62773173376591
7.20715147214275
5.72835998580711
4.57035879531635
8.87821840245439
7.61981207280995
9.88453798402728
7.281897534729
5.75302618646057
10.608498641532
8.86080455170556
8.28406550206283
8.76374161568074
6.91203473317464
10.3209714619476
6.75592058244272
9.5994537922061
7.85781975142801
9.29308051797124
11.1067165709305
8.35521646840707
6.77722143457433
6.25648307340953
10.7746394142251
13.6056310066943
10.5198582322091
12.851553216629
9.60101256148757
8.5283341452909
6.834350267946
8.95533558842218
10.9952607441793
10.3284360455792
7.42838389504113
5.80136668536357
7.94445100616998
5.30166883203609
7.10955071457191
9.04615173580873
8.34523007281688
6.10392592402957
6.70429555492976
8.24241753312682
6.06999778593185
2.67309926935751
4.90212275888798
7.64770051043303
7.2137411684429
5.73053458558616
7.92107641324343
3.95395521637033
5.32480522140221
9.12718572306273
5.0219712886107
2.99725052524153
2.32909267332971
4.7886005821988
3.59023819212561
1.85477860340145
2.62207693912248
1.53528538991042
0.506644178670438
0.167192578961244
1.39517355105721
1.80040727184888
1.26413439971013
1.75716435190434
3.25986423612843
1.74575519792238
0.576099215314386
0.860112741053747
2.29383720454774
0.756966277500753
2.25979887157525
0.745733627619832
0.246092097114545
2.0912103920478
1.36009942937577
0.448832811694005
0.148114827859022
0.0488778931934772
0.686129704753847
0.22642280256877
0.074719524847694
0.024657443199739
0.00813695625591387
0.00268519556445158
0.00088611453626902
0.000292417796968777
9.64978729996963e-05
0.67003184429809
0.22111050861837
0.072966467844062
0.694078934388541
0.229046048348218
0.075585195954912
0.024943114665121
0.67823122783949
0.223816305187032
0.74385938071172
0.245473595634868
0.0810062865595063
0.0267320745646371
0.00882158460633024
0.00291112292008898
0.000960670563629363
0.00031702128599769
0.000104617024379238
3.45236180451484e-05
1.34001139279395
0.442203759622005
0.815927240675262
0.269255989422836
0.088854476509536
0.0293219772481469
0.00967625249188847
0.00319316332232319
0.671053743896367
0.221447735485801
0.0730777527103143
0.0241156583944037
0.00795816727015323
0.00262619519915056
0.67086664441572
0.221385992657188
0.0730573775768719
0.0241089346003677
0.00795594841812134
1.34262546297798
0.443066402782733
0.146211912918302
0.0482499312630397
0.685922477316803
0.226354417514545
0.0746969577797998
0.694649996067334
0.22923449870222
0.745647384571733
0.246063636908672
0.0812010001798617
0.0267963300593544
0.00884278891958694
0.672918120343464
0.222062979713343
0.0732807833054032
0.024182658490783
0.677980277301958
1.56373349150965
1.18603205219818
1.0613905772254
0.350258890484382
0.785585433859846
0.929243193173749
1.64665025374734
1.88339458373662
0.621520212633085
4.22510167016892
8.09428355115574
8.0311135718814
9.35026747872086
11.1255882679779
8.3614441284327
8.78927656238279
6.92046126558632
6.97375221764349
4.98133823182235
7.67384161650138
3.20236773344545
1.726781352037
3.24983784617221
4.42244648923683
8.15940734144815
7.38260442267789
8.4662594594837
11.5038656216296
21.8862756551378
11.2424709661955
10.4100154188445
8.79530508821869
5.58245067911217
5.19220872410702
5.73342887895532
3.23203153005525
5.75657040491823
3.23966823362302
2.4090905170956
4.81499987064155
4.26894995731171
4.08875348591286
2.01928865035125
2.67636525461591
4.23320053402325
4.07695617622767
2.01539553815513
4.01508052759119
2.66497657410509
2.88944226945468
3.63351594892004
3.87906026314361
3.96008988683739
5.32682966265634
3.76785378867659
4.59339175026328
4.86581927758688
5.62572036160367
7.21648771932921
5.73144094737864
8.59137551263495
6.18515391916953
6.73110079332595
6.91126326179756
6.3007168763932
5.42923656920975
5.81164806783922
7.27784386238694
5.75168847458769
3.90805719661394
4.6396588748826
10.2410874287113
10.0795588514747
6.67625442098666
4.2131639589256
5.41034410644545
6.475413555127
4.14688647319191
5.38847253615333
5.7981959369306
7.9434046591871
5.97132353753174
5.32053676738547
9.12577713323721
7.70150645396828
7.23149712980953
7.74639405283715
8.58631003743626
5.51348231235396
3.15944916307681
13.1026182238153
7.67386401385907
10.5723751245735
5.49888379110925
4.49463165106605
4.8332284448518
6.95496538680109
7.65513857764436
4.53619573062264
10.2069445911055
12.0782917150648
12.6958362659714
8.87962596777056
8.96027656936428
12.3368912678902
12.7811741184038
8.23778745907325
6.06846986149417
10.7125950542931
9.56515636791672
7.84650160141252
7.94934552846613
5.97328402439382
3.98118372804996
8.01379063025649
7.33455090798464
5.77040179963493
5.92423259387953
7.31499675598024
3.08394892947348
3.69770314672625
3.90024203841966
4.63707987267849
5.5502363579839
7.19157799813469
3.71322073938445
3.90536284399687
2.62876973851897
6.89749401371126
3.61617302452472
4.54333709809316
5.51930124237074
9.19136940998234
7.72315190529417
5.89864012874708
3.95655124248654
4.65566191002056
10.2463684303068
6.73130158200124
4.90132952206041
4.96743874227993
4.31925478495238
8.12535407903428
8.71136684608131
8.23475105920683
14.1074678495383
10.6854643903476
9.55620324881472
10.5235470721089
10.1727705337959
8.71701427615265
9.57661471113038
8.52028285467302
9.5116933420421
12.5188588028739
10.1612234049484
10.723203723633
10.2386572287989
10.7487568855036
11.5870897722162
9.85373962483134
9.95173407619434
9.31407224514413
7.76364384089756
10.6020024674962
10.1986608142737
9.39555806871034
13.1505341626744
13.0496762736826
13.0163931703152
7.64540974620403
8.55298521624733
10.1924851213616
10.7335200900493
11.5820616297163
6.50208033780637
6.8356865114761
4.93577654878711
6.31880626109975
6.10520606616292
6.70471800183376
6.90255694060514
4.2878437903997
7.4449884508319
7.14684618877453
6.37845924229559
8.80489154995755
5.58561421148599
7.20325268979038
7.73707338763082
4.56323421791817
6.865867291913
5.61573620633129
2.52319294808932
4.18265367286948
2.72027571204693
4.24769098497549
4.75173802504191
6.92807354826383
4.96626427092706
3.64886720940593
5.22412617910396
3.06396163910431
3.69110734090442
2.55806542249846
2.85416158942449
2.95187332451008
0.974118197088327
0.991459005039148
1.66718147166292
3.23016988564876
3.07595606226409
4.36506550054715
2.78047161518056
2.25755563300958
0.744993358893163
0.245847808434744
0.751129776783465
0.247872826338544
1.42179803269172
1.13919335078827
0.375933805760128
2.13405815590084
0.704239191447278
0.902398933177602
1.63779164794861
0.540471243823041
0.178355510461603
0.728857318452329
0.910522915089269
0.300472561979459
0.0991559454532213
0.032721461999563
0.0107980824598558
0.00356336721175241
0.0011759111798783
0.000388050689359838
0.000128056727488746
4.22587200712863e-05
1.39453776235245e-05
0.670004601974616
0.221101518651623
0.0729635011550356
0.0240779553811618
0.00794572527578338
0.00262208934100852
0.670865289482533
0.221385545529236
0.0730572300246478
0.0241088859081338
0.00795593234968415
0.00262545767539577
0.000866401032880603
0.000285912340850599
0.670094351072481
0.221131135853919
0.0729732748317931
0.0240811806944917
1.34794678962918
0.44482244057763
0.816791405390618
0.269541163778904
0.0889485840470383
0.0293530327355226
0.00968650080272247
0.00319654526489841
0.671054859937417
0.221448103779347
0.0730778742471846
0.694115698501571
0.899058180505518
0.296689199566821
0.0979074358570509
0.702309453832827
0.901762119764833
0.297581499522395
0.0982018948423903
0.0324066252979888
0.0106941863483363
0.673529081494951
0.222264596893334
0.0733473169748002
0.694204614601684
0.899087522818556
1.63669888253012
1.21011063123494
1.06933650830753
1.69288104774149
2.56865074575469
3.52765474609905
1.16412606621269
4.40416160185019
3.46337332861056
1.81291319844149
3.94826135548569
5.32292624731028
3.76656566161239
3.25296666833209
2.41347900054959
2.80644807018136
3.60612786315985
1.86002219484275
6.64380732429811
3.53245641701838
1.83571061761606
1.9457845038133
2.65210888625839
2.88519593246527
4.97211465771354
4.32079783704547
4.775863286225
3.58603488445425
3.1933915118699
3.73381919891707
3.24216033564263
4.41991291076207
10.1685712605515
8.04562851598199
8.68505741027406
8.22606894539044
10.0846027519788
8.68791890815302
10.2370132396905
8.73821436909786
5.56361074180229
6.52599154479476
5.50357720978227
5.16618047922815
4.38483955814529
4.79699705418795
4.93300902788202
6.31789297920107
6.10490468313635
6.034618545435
6.68142411999355
5.55486995959787
3.1731070866673
3.05712533860021
5.02885136173807
3.66952094937356
4.56094191329328
5.52511083138678
5.84328657435764
7.28828456953802
7.09513390794755
7.70139418962269
5.22146008257549
14.4530818272499
10.1295170029925
6.69274061098752
6.89860440162588
8.30653945253654
10.1111580193371
7.35668214638123
5.10770510830581
7.04554268574092
9.6950290862945
9.22935959847718
9.74568866749747
9.91607726027416
8.63230549589047
5.52866081364386
7.85445806850247
9.96197116260582
7.97745048365992
5.31255865960777
6.44314435767057
4.80623763803129
5.60605842055032
10.5599992787816
8.84479976199793
10.2887839214593
6.07529869408157
5.35484856904692
6.45710002778548
10.8408430091692
9.60747819302584
7.19046780369853
4.38285437522051
7.47634194382277
9.16719284146151
6.3751736376823
8.80380730043516
10.9452564091436
8.97193461501739
4.97073842295574
9.01034367957539
6.32341341425988
10.7967264267058
6.2429197208129
12.1101635078683
9.35635395759653
9.78759680600685
7.24990694598226
9.09246929217415
7.69051486641747
8.56786990591776
8.18739706895286
8.06184103275444
4.67040754080897
2.21123448846696
6.0897073811941
8.03960343579405
8.01306913381204
10.684312814158
6.87582322867213
8.2990216654618
11.4486771496024
7.12806345936879
6.3722609415917
8.13284611072526
10.0538392165393
5.32776694145798
7.78816309068113
4.58009381992477
8.88143096057517
8.29087221698981
8.09598783160664
6.02167598443019
8.01715307486196
7.33566051470445
7.11076796985247
9.71655343005131
6.55646263191693
5.51363266853259
9.18949878061575
8.3925345976032
10.1395364172091
9.37604701767899
7.78409551583407
7.92875152022524
8.64648800167433
6.87334104055253
7.62820254338233
7.20730683931617
7.06841125697434
9.70257571480153
11.9118499858845
11.9709104953419
9.31040046346282
9.77243215294273
11.2649026104711
5.05741786145546
7.6989478942803
9.2406528051125
9.07941542568713
13.7162070904768
9.21634833985733
13.7613949521529
11.9112603342105
15.9907159102895
8.62693625039552
9.54688896263052
10.5204733576681
4.14175620803046
8.06677954865005
6.68203725105452
11.585072292848
8.51307385663984
10.8493143726911
10.9502737429881
8.97359033518607
11.6712848106114
8.54152398750176
12.1987029158756
8.71557196223894
5.55613874753885
6.52352578668782
7.51276350960698
9.8492119581703
10.6202399461962
8.86467918224475
6.94534413014077
4.97196356294645
4.32074797577233
6.11584683200487
6.70822945456161
8.24371572000533
6.74042618760176
4.23434064190858
6.08733241182983
7.36881969590385
5.78171049964827
4.58796446488393
