0
0
3.66666666666667
3.33333333333333
2.16666666666667
1.58333333333333
1.79166666666667
3.89583333333333
3.94791666666667
4.47395833333333
3.73697916666667
4.86848958333333
5.43424479166667
3.21712239583333
1.60856119791667
2.30428059895833
1.15214029947917
0.576070149739583
0.788035074869792
1.3940175374349
1.69700876871745
1.84850438435872
1.42425219217936
0.712126096089681
0.85606304804484
0.92803152402242
0.46401576201121
0.732007881005605
0.366003940502802
0.683001970251401
0.341500985125701
0.67075049256285
0.835375246281425
1.41768762314071
1.70884381157036
1.35442190578518
1.67721095289259
0.838605476446294
0.919302738223147
0.459651369111574
0.229825684555787
0.614912842277893
0.307456421138947
0.653728210569473
0.326864105284737
0.163432052642368
0.581716026321184
0.790858013160592
0.395429006580296
0.197714503290148
0.098857251645074
0.549428625822537
0.274714312911269
0.137357156455634
0.0686785782278171
0.0343392891139086
0.517169644556954
0.258584822278477
0.129292411139239
0.564646205569619
0.28232310278481
0.141161551392405
0.0705807756962024
0.0352903878481012
0.0176451939240506
0.0088225969620253
0.504411298481013
0.252205649240506
0.126102824620253
0.0630514123101266
0.0315257061550633
0.0157628530775316
0.00788142653876582
0.00394071326938291
0.00197035663469146
0.000985178317345728
0.000492589158672864
0.000246294579336432
0.500123147289668
0.250061573644834
0.625030786822417
0.312515393411209
0.156257696705604
1.0781288483528
1.0390644241764
0.519532212088201
0.2597661060441
0.12988305302205
0.564941526511025
0.282470763255513
1.64123538162776
1.82061769081388
2.41030884540694
1.20515442270347
0.602577211351735
0.801288605675867
1.90064430283793
0.950322151418967
0.975161075709483
1.98758053785474
1.49379026892737
1.24689513446369
1.62344756723184
0.811723783615921
0.905861891807961
1.45293094590398
0.72646547295199
0.863232736475995
2.431616368238
1.215808184119
1.1079040920595
1.55395204602975
2.27697602301487
2.63848801150744
3.31924400575372
2.65962200287686
3.32981100143843
4.16490550071921
4.08245275035961
4.0412263751798
3.0206131875899
5.01030659379495
6.00515329689748
6.00257664844874
5.50128832422437
4.25064416211218
4.12532208105609
2.56266104052805
3.28133052026402
2.14066526013201
5.07033263006601
4.035166315033
4.0175831575165
4.50879157875825
5.75439578937913
5.87719789468956
5.93859894734478
6.96929947367239
6.98464973683619
5.4923248684181
5.74616243420905
3.37308121710452
4.18654060855226
6.59327030427613
4.29663515213807
2.14831757606903
2.57415878803452
4.78707939401726
4.39353969700863
5.19676984850431
3.59838492425216
4.29919246212608
5.14959623106304
5.57479811553152
5.28739905776576
5.64369952888288
5.32184976444144
3.66092488222072
5.83046244111036
8.41523122055518
7.70761561027759
7.35380780513879
5.6769039025694
7.8384519512847
6.41922597564235
8.20961298782117
6.60480649391059
9.30240324695529
5.15120162347765
8.07560081173882
5.53780040586941
6.26890020293471
5.63445010146735
5.81722505073368
6.40861252536684
7.20430626268342
6.60215313134171
6.80107656567085
7.40053828283543
11.7002691414177
13.8501345707089
11.4250672853544
10.7125336426772
8.85626682133861
7.9281334106693
7.96406670533465
7.48203335266733
6.74101667633366
6.37050833816683
6.68525416908342
5.84262708454171
8.42131354227085
6.21065677113543
7.10532838556771
10.0526641927839
10.5263320963919
9.76316604819596
9.38158302409798
9.19079151204899
9.09539575602449
11.0476978780122
7.02384893900612
7.01192446950306
11.5059622347515
11.7529811173758
8.37649055868788
6.68824527934394
6.84412263967197
6.42206131983599
6.71103065991799
4.855515329959
4.4277576649795
4.21387883248975
5.60693941624487
5.30346970812244
8.65173485406122
7.82586742703061
7.9129337135153
7.45646685675765
6.72823342837883
6.36411671418941
6.18205835709471
6.59102917854735
4.79551458927368
4.89775729463684
3.94887864731842
8.97443932365921
10.4872196618296
8.7436098309148
6.3718049154574
5.6859024577287
6.84295122886435
4.92147561443218
5.96073780721609
8.48036890360804
8.74018445180402
6.87009222590201
8.43504611295101
7.7175230564755
11.8587615282378
10.9293807641189
8.46469038205944
8.23234519102972
6.11617259551486
9.05808629775743
7.52904314887872
7.26452157443936
6.63226078721968
7.81613039360984
8.90806519680492
5.95403259840246
6.97701629920123
5.98850814960061
6.99425407480031
7.49712703740015
6.74856351870008
6.37428175935004
4.68714087967502
3.34357043983751
5.67178521991876
4.83589260995938
5.41794630497969
7.70897315248984
6.35448657624492
5.67724328812246
5.33862164406123
4.66931082203062
2.83465541101531
4.41732770550765
4.70866385275383
3.35433192637691
3.67716596318846
2.83858298159423
2.91929149079711
2.45964574539856
2.72982287269928
3.86491143634964
3.93245571817482
5.46622785908741
4.23311392954371
4.61655696477185
3.30827848238593
3.15413924119296
1.57706962059648
2.28853481029824
1.64426740514912
1.82213370257456
0.91106685128728
1.45553342564364
1.72776671282182
3.86388335641091
3.43194167820546
2.71597083910273
2.85798541955136
2.92899270977568
2.46449635488784
2.23224817744392
1.61612408872196
2.80806204436098
1.90403102218049
0.952015511090245
1.47600775554512
1.23800387777256
0.619001938886281
0.80950096944314
0.40475048472157
1.20237524236079
1.60118762118039
1.3005938105902
0.650296905295098
0.325148452647549
0.162574226323775
0.581287113161887
0.290643556580944
0.145321778290472
0.0726608891452359
0.536330444572618
0.268165222286309
1.13408261114315
1.06704130557158
1.03352065278579
0.516760326392894
0.758380163196447
0.379190081598224
0.189595040799112
0.0947975203995559
0.0473987601997779
1.02369938009989
1.01184969004994
1.00592484502497
0.502962422512486
0.751481211256243
0.875740605628122
0.437870302814061
0.21893515140703
0.109467575703515
0.0547337878517576
0.527366893925879
0.263683446962939
0.13184172348147
0.565920861740735
0.282960430870367
0.141480215435184
0.0707401077175919
0.0353700538587959
0.017685026929398
0.00884251346469898
0.00442125673234949
0.502210628366175
0.251105314183087
0.125552657091544
0.0627763285457718
0.0313881642728859
0.015694082136443
0.00784704106822148
0.503923520534111
0.251961760267055
0.125980880133528
0.0629904400667638
0.0314952200333819
0.015747610016691
0.507873805008345
0.253936902504173
0.126968451252086
0.563484225626043
0.281742112813022
0.140871056406511
0.0704355282032554
0.0352177641016277
0.0176088820508138
0.00880444102540692
0.00440222051270346
0.00220111025635173
0.501100555128176
0.250550277564088
0.125275138782044
0.062637569391022
0.031318784695511
0.0156593923477555
0.00782969617387775
0.503914848086939
1.25195742404347
1.12597871202173
0.562989356010867
1.78149467800543
2.39074733900272
1.69537366950136
1.84768683475068
1.42384341737534
2.21192170868767
1.60596085434383
1.30298042717192
6.65149021358596
5.32574510679298
5.66287255339649
3.83143627669824
2.91571813834912
2.95785906917456
1.47892953458728
2.73946476729364
7.36973238364682
6.18486619182341
5.59243309591171
9.79621654795585
5.89810827397793
2.94905413698896
1.97452706849448
2.98726353424724
1.99363176712362
2.49681588356181
8.7484079417809
12.8742039708905
11.9371019854452
18.9685509927226
12.9842754963613
8.99213774818065
6.99606887409033
10.9980344370452
8.99901721852258
7.49950860926129
6.74975430463065
6.37487715231532
6.68743857615766
3.84371928807883
8.42185964403942
7.21092982201971
6.60546491100985
5.30273245550493
4.15136622775246
5.57568311387623
4.28784155693812
4.14392077846906
5.57196038923453
4.78598019461726
5.39299009730863
4.69649504865432
4.84824752432716
3.92412376216358
11.9620618810818
24.9810309405409
18.4905154702704
11.2452577351352
7.12262886756761
7.06131443378381
6.0306572168919
4.01532860844595
5.00766430422298
4.00383215211149
4.00191607605574
3.50095803802787
4.25047901901394
3.62523950950697
9.81261975475348
13.4063098773767
10.7031549386884
6.35157746934419
5.17578873467209
4.58789436733605
4.29394718366802
4.64697359183401
5.32348679591701
5.6617433979585
14.3308716989793
12.1654358494896
9.08271792474481
7.04135896237241
5.5206794811862
3.2603397405931
4.63016987029655
3.31508493514828
4.15754246757414
5.57877123378707
4.28938561689353
13.6446928084468
9.82234640422338
6.41117320211169
7.70558660105585
6.35279330052792
3.67639665026396
3.83819832513198
3.41909916256599
3.209549581283
3.6047747906415
2.30238739532075
4.15119369766037
5.07559684883019
5.03779842441509
15.5188992122075
10.7594496061038
7.87972480305189
6.93986240152594
15.969931200763
11.4849656003815
9.24248280019074
6.62124140009537
7.81062070004769
12.9053103500238
7.95265517501192
6.97632758750596
12.488163793753
7.74408189687649
4.87204094843825
5.93602047421912
7.96801023710956
5.48400511855478
6.24200255927739
3.1210012796387
4.06050063981935
4.03025031990967
3.51512515995484
3.25756257997742
2.62878128998871
3.81439064499435
2.90719532249718
4.95359766124859
4.97679883062429
7.48839941531215
20.2441997076561
17.122099853828
12.561049926914
12.280524963457
8.1402624817285
7.57013124086425
6.28506562043213
4.14253281021606
5.57126640510803
6.28563320255402
7.14281660127701
5.0714083006385
6.53570415031925
6.26785207515963
5.63392603757981
6.31696301878991
6.65848150939495
5.32924075469748
7.16462037734874
7.08231018867437
7.54115509433719
6.77057754716859
8.3852887735843
6.19264438679215
6.09632219339607
5.04816109669804
3.02408054834902
3.51204027417451
4.25602013708725
3.62801006854363
2.31400503427181
2.65700251713591
2.82850125856795
3.41425062928398
5.20712531464199
7.60356265732099
5.3017813286605
3.65089066433025
2.32544533216512
2.66272266608256
3.83136133304128
2.91568066652064
2.95784033326032
2.47892016663016
3.73946008331508
1.86973004165754
2.93486502082877
3.46743251041439
3.73371625520719
3.3668581276036
3.6834290638018
2.8417145319009
2.92085726595045
3.46042863297522
2.23021431648761
1.61510715824381
3.3075535791219
1.65377678956095
0.826888394780476
1.41344419739024
1.20672209869512
2.60336104934756
1.30168052467378
2.15084026233689
1.57542013116844
1.28771006558422
2.14385503279211
3.07192751639606
2.53596375819803
1.26798187909901
2.13399093954951
4.06699546977475
2.53349773488738
1.76674886744369
1.38337443372184
0.691687216860922
0.845843608430461
1.92292180421523
2.46146090210762
2.23073045105381
3.1153652255269
2.05768261276345
2.02884130638173
1.51442065319086
0.757210326595432
0.378605163297716
0.689302581648858
1.34465129082443
0.672325645412214
0.836162822706107
0.418081411353054
0.709040705676527
0.354520352838263
0.677260176419132
0.338630088209566
0.669315044104783
0.334657522052391
0.167328761026196
0.583664380513098
0.791832190256549
0.895916095128275
0.447958047564137
0.223979023782069
0.611989511891034
0.305994755945517
0.152997377972759
0.0764986889863793
0.0382493444931896
0.0191246722465948
0.509562336123297
0.254781168061649
0.127390584030824
0.0636952920154122
0.0318476460077061
0.015923823003853
0.00796191150192652
0.00398095575096326
0.00199047787548163
0.000995238937740815
0.000497619468870408
0.500248809734435
0.250124404867218
0.125062202433609
0.0625311012168044
0.0312655506084022
0.0156327753042011
0.00781638765210055
0.00390819382605027
0.00195409691302514
0.000977048456512569
0.500488524228256
0.250244262114128
0.125122131057064
0.062561065528532
0.031280532764266
0.015640266382133
0.0078201331910665
0.00391006659553325
0.00195503329776663
0.000977516648883313
0.000488758324441657
0.000244379162220828
0.000122189581110414
0.500061094790555
1.25003054739528
0.625015273697639
0.312507636848819
0.65625381842441
0.328126909212205
0.164063454606102
0.0820317273030512
1.04101586365153
0.520507931825763
0.260253965912881
6.13012698295644
3.56506349147822
2.28253174573911
1.64126587286956
8.32063293643478
7.66031646821739
5.83015823410869
3.41507911705435
1.70753955852717
2.35376977926359
3.17688488963179
3.5884424448159
3.29422122240795
5.64711061120397
4.32355530560199
4.16177765280099
5.0808888264005
4.04044441320025
3.52022220660012
4.76011110330006
2.88005555165003
3.94002777582502
3.97001388791251
4.98500694395625
5.49250347197813
4.24625173598906
4.62312586799453
3.81156293399727
14.9057814669986
19.9528907334993
14.9764453667497
12.4882226833748
6.24411134168741
6.12205567084371
4.06102783542185
6.53051391771093
10.2652569588555
11.1326284794277
6.06631423971387
13.5331571198569
9.76657855992847
6.88328927996423
6.44164463998212
10.7208223199911
6.36041115999553
8.18020557999776
7.59010278999888
5.29505139499944
6.14752569749972
4.07376284874986
5.03688142437493
3.01844071218747
2.00922035609373
2.50461017804687
4.75230508902343
6.87615254451172
16.4380762722559
13.2190381361279
8.10951906806396
6.05475953403198
15.527379767016
12.263689883508
7.631844941754
8.315922470877
9.6579612354385
9.32898061771925
10.1644903088596
8.58224515442981
5.79112257721491
5.89556128860745
6.94778064430373
6.47389032215186
6.23694516107593
6.11847258053797
4.55923629026898
3.77961814513449
3.38980907256725
2.69490453628362
4.34745226814181
4.67372613407091
14.3368630670355
24.1684315335177
15.0842157667589
9.54210788337943
8.27105394168971
8.13552697084486
5.06776348542243
7.03388174271121
5.01694087135561
5.5084704356778
3.2542352178389
4.62711760891945
2.81355880445973
3.90677940222986
3.45338970111493
3.72669485055747
4.86334742527873
2.93167371263937
3.46583685631968
4.23291842815984
6.11645921407992
6.55822960703996
5.77911480351998
5.88955740175999
4.44477870088
3.22238935044
2.61119467522
3.30559733761
3.652798668805
3.3263993344025
3.16319966720125
5.58159983360062
5.79079991680031
4.39539995840016
4.69769997920008
5.84884998960004
3.92442499480002
2.46221249740001
2.23110624870001
3.61555312435
6.307776562175
6.1538882810875
7.07694414054375
4.53847207027188
4.76923603513594
4.38461801756797
4.19230900878398
3.59615450439199
3.298077252196
4.149038626098
4.574519313049
12.7872596565245
16.3936298282622
13.1968149141311
14.5984074570656
9.29920372853278
7.14960186426639
7.5748009321332
5.2874004660666
6.1437002330333
8.07185011651665
7.03592505825833
7.51796252912916
8.25898126456458
11.6294906322823
8.81474531614115
7.90737265807057
8.45368632903529
7.72684316451764
10.8634215822588
7.93171079112941
6.96585539556471
5.98292769778235
6.99146384889118
4.49573192444559
6.24786596222279
7.1239329811114
4.5619664905557
5.28098324527785
7.64049162263892
4.82024581131946
3.91012290565973
2.45506145282987
6.22753072641493
7.61376536320747
6.80688268160373
5.90344134080187
5.95172067040093
6.47586033520047
5.23793016760023
2.61896508380012
4.30948254190006
5.15474127095003
5.57737063547501
4.28868531773751
3.64434265886875
1.82217132943438
2.91108566471719
4.45554283235859
3.7277714161793
4.86388570808965
3.93194285404482
3.46597142702241
2.23298571351121
3.1164928567556
4.5582464283778
3.7791232141889
2.38956160709445
1.19478080354723
5.09739040177361
4.54869520088681
3.7743476004434
3.3871738002217
2.69358690011085
1.84679345005543
2.42339672502771
1.71169836251386
1.35584918125693
1.17792459062846
2.08896229531423
1.54448114765712
2.77224057382856
1.88612028691428
1.94306014345714
1.97153007172857
0.985765035864285
0.992882517932142
0.496441258966071
0.248220629483036
0.624110314741518
0.312055157370759
0.656027578685379
0.32801378934269
0.164006894671345
0.0820034473356724
0.541001723667836
1.27050086183392
0.635250430916959
1.31762521545848
1.15881260772924
1.07940630386462
1.03970315193231
1.01985157596615
0.509925787983077
0.254962893991539
1.62748144699577
2.31374072349788
1.65687036174894
0.828435180874471
0.414217590437236
0.207108795218618
0.103554397609309
0.0517771988046545
0.0258885994023272
0.0129442997011636
0.506472149850582
0.253236074925291
0.626618037462645
0.313309018731323
0.156654509365661
0.0783272546828307
0.0391636273414153
0.0195818136707077
0.00979090683535383
0.00489545341767692
0.00244772670883846
0.501223863354419
0.75061193167721
0.375305965838605
0.187652982919302
0.0938264914596512
0.0469132457298256
0.523456622864913
0.761728311432456
0.380864155716228
0.190432077858114
0.0952160389290571
0.0476080194645285
0.0238040097322643
0.0119020048661321
0.00595100243306607
0.00297550121653303
0.00148775060826652
0.000743875304133258
0.000371937652066629
0.000185968826033315
9.29844130166573e-05
0.500046492206508
0.250023246103254
0.125011623051627
0.0625058115258135
0.531252905762907
1.26562645288145
0.632813226440727
0.316406613220363
0.158203306610182
0.0791016533050908
0.0395508266525454
0.0197754133262727
0.509887706663136
1.75494385333157
1.37747192666578
2.18873596333289
1.09436798166645
1.04718399083322
1.02359199541661
0.511795997708306
0.255897998854153
1.62794899942708
1.81397449971354
1.40698724985677
1.70349362492838
1.35174681246419
1.6758734062321
0.837936703116048
0.918968351558024
0.459484175779012
2.72974208788951
3.36487104394475
3.18243552197238
2.09121776098619
1.54560888049309
1.27280444024655
1.63640222012327
2.31820111006164
2.15910055503082
3.57955027751541
2.7897751387577
2.39488756937885
5.19744378468943
5.09872189234471
6.04936094617236
3.52468047308618
4.76234023654309
5.88117011827154
7.94058505913577
8.97029252956789
6.48514626478394
7.74257313239197
6.37128656619599
4.68564328309799
4.842821641549
4.9214108207745
4.46070541038725
4.73035270519362
6.36517635259681
5.18258817629841
5.5912940881492
3.2956470440746
4.1478235220373
3.57391176101865
5.28695588050932
7.14347794025466
5.57173897012733
3.28586948506367
3.64293474253183
4.32146737126592
2.66073368563296
3.83036684281648
3.41518342140824
4.70759171070412
5.85379585535206
5.92689792767603
7.46344896383802
5.73172448191901
8.3658622409595
8.18293112047975
5.59146556023988
7.79573278011994
4.89786639005997
5.94893319502998
6.97446659751499
9.98723329875749
7.49361664937875
5.74680832468937
3.87340416234469
2.43670208117234
4.71835104058617
5.85917552029309
5.42958776014654
5.71479388007327
3.85739694003664
6.42869847001832
6.21434923500916
5.60717461750458
7.30358730875229
8.15179365437615
10.0758968271881
7.03794841359404
10.018974206797
9.50948710339851
9.25474355169925
8.12737177584963
10.5636858879248
9.28184294396241
7.1409214719812
8.0704607359906
7.0352303679953
7.51761518399765
6.75880759199883
6.37940379599941
9.18970189799971
9.09485094899985
7.54742547449993
8.77371273724996
5.38685636862498
5.19342818431249
9.09671409215625
7.54835704607812
7.77417852303906
9.38708926151953
9.69354463075977
6.84677231537988
10.9233861576899
8.96169307884497
5.48084653942249
7.74042326971124
6.87021163485562
3.93510581742781
5.96755290871391
4.48377645435695
5.24188822717848
5.12094411358924
6.06047205679462
6.03023602839731
8.51511801419866
6.25755900709933
8.62877950354966
7.31438975177483
7.65719487588742
6.32859743794371
5.66429871897185
6.83214935948593
6.91607467974296
7.45803733987148
6.22901866993574
4.11450933496787
8.55725466748394
6.27862733374197
6.13931366687098
7.06965683343549
6.53482841671775
7.26741420835887
7.13370710417944
5.06685355208972
5.03342677604486
6.01671338802243
6.00835669401121
7.00417834700561
10.0020891735028
13.0010445867514
10.5005222933757
10.7502611466879
11.8751305733439
9.43756528667196
11.218782643336
10.609391321668
11.804695660834
9.902347830417
8.4511739152085
8.72558695760425
9.36279347880212
10.1813967394011
10.5906983697005
8.79534918485027
8.89767459242513
9.44883729621257
10.7244186481063
8.86220932405314
7.93110466202657
6.96555233101328
6.98277616550664
5.99138808275332
8.99569404137666
6.99784702068833
5.49892351034416
7.24946175517208
5.12473087758604
5.06236543879302
5.53118271939651
6.76559135969825
7.38279567984913
6.69139783992456
7.84569891996228
6.92284945998114
7.96142472999057
4.98071236499529
5.49035618249764
6.74517809124882
4.87258904562441
2.93629452281221
4.4681472614061
4.23407363070305
4.61703681535153
4.30851840767576
4.15425920383788
3.07712960191894
3.03856480095947
3.51928240047974
3.25964120023987
4.12982060011993
3.06491030005997
1.53245515002998
2.26622757501499
2.1331137875075
3.06655689375375
2.53327844687687
1.26663922343844
0.633319611719218
2.31665980585961
2.1583299029298
2.0791649514649
2.03958247573245
1.51979123786623
2.25989561893311
1.12994780946656
1.56497390473328
0.782486952366639
0.39124347618332
1.19562173809166
0.59781086904583
0.298905434522915
1.64945271726146
1.32472635863073
1.66236317931536
1.83118158965768
1.41559079482884
1.20779539741442
2.60389769870721
1.30194884935361
0.650974424676803
0.325487212338401
0.162743606169201
0.0813718030846003
0.5406859015423
0.27034295077115
0.135171475385575
0.0675857376927875
0.0337928688463938
0.0168964344231969
0.00844821721159844
0.00422410860579922
0.00211205430289961
0.0010560271514498
0.000528013575724902
0.500264006787862
0.750132003393931
0.375066001696966
1.18753300084848
0.593766500424241
0.296883250212121
0.64844162510606
0.32422081255303
0.162110406276515
0.0810552031382575
0.0405276015691288
0.0202638007845644
1.01013190039228
1.50506595019614
0.75253297509807
0.376266487549035
0.188133243774518
0.0940666218872588
0.0470333109436294
0.0235166554718147
0.0117583277359074
0.00587916386795368
0.00293958193397684
0.00146979096698842
1.00073489548349
1.00036744774175
0.500183723870874
0.750091861935437
0.375045930967718
0.187522965483859
0.0937614827419296
0.546880741370965
0.773440370685482
0.386720185342741
0.193360092671371
0.596680046335685
1.29834002316784
0.649170011583921
0.324585005791961
0.66229250289598
0.33114625144799
0.665573125723995
0.332786562861998
0.166393281430999
0.0831966407154994
0.0415983203577497
1.02079916017887
1.51039958008944
0.755199790044719
0.377599895022359
1.68879994751118
2.84439997375559
2.4221999868778
2.2110999934389
1.10554999671945
2.55277499835972
2.77638749917986
2.88819374958993
2.44409687479497
2.72204843739748
2.86102421869874
2.43051210934937
3.71525605467469
7.85762802733734
6.42881401366867
3.71440700683434
4.85720350341717
2.92860175170858
3.46430087585429
3.23215043792715
2.61607521896357
2.80803760948179
3.40401880474089
2.70200940237045
1.85100470118522
2.92550235059261
2.46275117529631
2.23137558764815
2.61568779382408
5.80784389691204
4.40392194845602
7.70196097422801
6.850980487114
5.925490243557
4.9627451217785
3.98137256088925
3.99068628044463
2.99534314022231
4.49767157011116
2.74883578505558
2.87441789252779
3.93720894626389
2.96860447313195
2.48430223656597
3.24215111828299
5.12107555914149
5.56053777957075
4.78026888978537
4.89013444489269
4.94506722244634
5.47253361122317
5.23626680561159
4.61813340280579
5.8090667014029
7.90453335070145
7.45226667535072
6.22613333767536
5.61306666883768
5.80653333441884
6.40326666720942
5.20163333360471
4.60081666680236
7.30040833340118
7.15020416670059
5.57510208335029
6.78755104167515
7.89377552083757
8.44688776041879
8.22344388020939
7.1117219401047
6.05586097005235
4.52793048502617
4.26396524251309
4.13198262125654
5.56599131062827
5.78299565531414
5.39149782765707
5.19574891382853
5.59787445691427
3.79893722845713
3.89946861422857
6.94973430711428
6.47486715355714
4.23743357677857
7.61871678838929
8.30935839419464
6.65467919709732
5.82733959854866
8.41366979927433
6.70683489963717
8.35341744981858
8.67670872490929
8.83835436245464
9.41917718122732
7.20958859061366
5.10479429530683
6.05239714765342
6.02619857382671
7.51309928691335
10.7565496434567
10.3782748217283
9.68913741086417
8.84456870543208
6.92228435271604
8.46114217635802
8.23057108817901
6.11528554408951
7.05764277204475
8.02882138602238
7.01441069301119
6.00720534650559
7.0036026732528
7.0018013366264
7.5009006683132
5.7504503341566
4.3752251670783
4.18761258353915
7.09380629176957
8.04690314588479
4.52345157294239
6.2617257864712
5.6308628932356
6.8154314466178
5.4077157233089
6.20385786165445
7.10192893082723
7.55096446541361
5.27548223270681
7.6377411163534
9.3188705581767
6.15943527908835
5.57971763954418
7.28985881977209
6.64492940988604
6.32246470494302
8.66123235247151
8.33061617623576
7.66530808811788
9.33265404405894
8.16632702202947
8.58316351101474
6.79158175550737
6.39579087775368
9.19789543887684
11.0989477194384
10.5494738597192
9.27473692985961
7.6373684649298
8.3186842324649
10.1593421162325
12.5796710581162
11.7898355290581
7.39491776452906
5.69745888226453
8.84872944113226
8.92436472056613
6.46218236028307
9.73109118014153
9.36554559007077
8.68277279503538
9.84138639751769
11.9206931987588
10.9603465993794
9.48017329968971
9.24008664984486
12.1200433249224
9.56002166246121
9.28001083123061
9.1400054156153
10.5700027078077
11.7850013539038
9.39250067695191
8.19625033847596
8.59812516923798
8.79906258461899
6.39953129230949
6.69976564615475
7.84988282307737
6.42494141153869
6.21247070576934
7.60623535288467
5.80311767644234
8.40155883822117
6.20077941911058
4.60038970955529
2.80019485477765
2.90009742738882
2.95004871369441
2.47502435684721
4.7375121784236
3.8687560892118
3.9343780446059
2.46718902230295
2.23359451115148
2.11679725557574
2.05839862778787
2.02919931389393
4.51459965694697
2.75729982847348
1.37864991423674
1.68932495711837
2.34466247855919
1.67233123927959
1.8361656196398
1.4180828098199
2.20904140490995
1.60452070245497
1.80226035122749
0.901130175613744
0.950565087806872
1.47528254390344
0.737641271951718
0.368820635975859
0.18441031798793
0.0922051589939648
0.546102579496982
1.27305128974849
1.63652564487425
0.818262822437123
0.409131411218561
0.704565705609281
0.85228285280464
0.92614142640232
0.46307071320116
0.73153535660058
0.36576767830029
0.182883839150145
0.0914419195750725
0.545720959787536
0.272860479893768
0.136430239946884
0.068215119973442
0.034107559986721
0.517053779993361
0.25852688999668
0.62926344499834
0.31463172249917
0.157315861249585
0.578657930624793
0.289328965312396
0.644664482656198
0.322332241328099
0.16116612066405
0.0805830603320248
0.0402915301660124
0.0201457650830062
0.510072882541503
0.255036441270752
0.127518220635376
0.0637591103176879
0.0318795551588439
0.015939777579422
0.00796988878971099
0.00398494439485549
0.00199247219742775
0.000996236098713873
0.000498118049356937
0.000249059024678468
0.000124529512339234
6.22647561696171e-05
0.500031132378085
0.250015566189042
0.125007783094521
0.0625038915472606
0.0312519457736303
0.0156259728868152
0.00781298644340758
0.00390649322170379
0.00195324661085189
0.000976623305425947
0.000488311652712973
0.000244155826356487
0.000122077913178243
6.10389565891217e-05
0.500030519478295
0.250015259739147
0.125007629869574
0.0625038149347868
0.0312519074673934
0.0156259537336967
0.00781297686684835
0.00390648843342418
0.501953244216712
0.250976622108356
0.125488311054178
0.062744155527089
0.0313720777635445
0.0156860388817723
0.00784301944088613
2.50392150972044
1.75196075486022
3.37598037743011
4.68799018871506
7.84399509435753
19.4219975471788
12.2109987735894
6.60549938679469
3.30274969339735
2.15137484669867
2.57568742334934
1.28784371167467
3.14392185583733
2.57196092791867
4.78598046395933
4.39299023197967
3.69649511598983
2.84824755799492
2.42412377899746
2.71206188949873
2.85603094474936
3.42801547237468
6.21400773618734
4.60700386809367
2.80350193404684
2.40175096702342
2.20087548351171
3.10043774175585
2.05021887087793
3.02510943543896
4.51255471771948
5.25627735885974
4.12813867942987
3.56406933971494
2.28203466985747
4.64101733492873
12.3205086674644
8.66025433373218
7.83012716686609
18.415063583433
11.7075317917165
7.85376589585826
6.92688294792913
5.96344147396456
4.98172073698228
6.99086036849114
5.49543018424557
4.74771509212279
5.87385754606139
4.9369287730307
4.46846438651535
2.73423219325767
3.36711609662884
6.18355804831442
5.59177902415721
13.7958895120786
12.3979447560393
8.69897237801965
6.84948618900983
6.42474309450491
6.21237154725246
3.60618577362623
2.80309288681311
4.40154644340656
2.70077322170328
3.35038661085164
4.17519330542582
3.08759665271291
5.54379832635646
4.27189916317823
4.13594958158911
4.56797479079456
4.28398739539728
3.64199369769864
3.32099684884932
5.16049842442466
3.08024921221233
3.04012460610616
3.02006230305308
9.01003115152654
13.0050155757633
21.0025077878816
12.5012538939408
8.75062694697041
9.3753134734852
5.1876567367426
4.5938283683713
5.29691418418565
5.64845709209283
5.82422854604641
8.91211427302321
8.9560571365116
11.9780285682558
13.4890142841279
11.244507142064
9.12225357103198
8.56112678551599
7.28056339275799
6.140281696379
4.5701408481895
4.78507042409475
5.89253521204737
6.94626760602369
5.97313380301184
6.98656690150592
7.49328345075296
6.74664172537648
5.87332086268824
17.9366604313441
10.9683302156721
10.484165107836
9.74208255391802
10.871041276959
12.9355206384795
20.4677603192398
15.2338801596199
12.1169400798099
10.558470039905
7.27923501995248
6.13961750997624
5.56980875498812
5.28490437749406
4.64245218874703
5.32122609437351
3.66061304718676
2.83030652359338
3.91515326179669
4.45757663089834
3.22878831544917
4.11439415772459
6.05719707886229
9.52859853943115
8.26429926971557
6.13214963485779
7.06607481742889
15.5330374087144
10.7665187043572
9.38325935217861
9.69162967608931
8.34581483804465
4.67290741902233
4.33645370951116
6.66822685475558
3.83411342737779
4.9170567136889
7.95852835684445
5.97926417842222
5.48963208921111
7.74481604460556
7.37240802230278
6.68620401115139
6.34310200557569
6.17155100278785
7.08577550139392
5.54288775069696
6.27144387534848
6.63572193767424
6.81786096883712
4.90893048441856
4.45446524220928
6.72723262110464
7.36361631055232
9.18180815527616
7.09090407763808
7.04545203881904
5.02272601940952
6.01136300970476
8.00568150485238
8.00284075242619
8.00142037621309
5.50071018810655
5.25035509405327
6.12517754702664
7.06258877351332
8.53129438675666
8.26564719337833
9.63282359668916
7.31641179834458
7.15820589917229
8.57910294958615
6.78955147479307
4.39477573739654
3.19738786869827
4.09869393434913
3.54934696717457
4.77467348358728
4.88733674179364
4.44366837089682
4.72183418544841
4.36091709272421
3.6804585463621
3.34022927318105
3.17011463659053
5.08505731829526
5.04252865914763
4.02126432957382
3.51063216478691
3.25531608239345
1.62765804119673
3.31382902059836
2.65691451029918
3.32845725514959
2.6642286275748
2.8321143137874
4.9160571568937
2.45802857844685
2.22901428922342
1.61450714461171
2.30725357230586
2.15362678615293
2.57681339307646
2.28840669653823
1.64420334826912
1.82210167413456
3.41105083706728
1.70552541853364
1.35276270926682
1.67638135463341
0.838190677316705
0.419095338658352
0.709547669329176
0.354773834664588
1.17738691733229
0.588693458666147
0.294346729333073
0.147173364666537
0.0735866823332684
0.0367933411666342
0.518396670583317
0.759198335291658
0.879599167645829
0.939799583822915
0.469899791911457
0.234949895955729
0.117474947977864
1.05873747398893
0.529368736994466
0.264684368497233
0.132342184248617
0.0661710921243083
0.533085546062154
0.766542773031077
0.383271386515538
0.191635693257769
0.0958178466288846
0.0479089233144423
0.0239544616572212
0.0119772308286106
0.00598861541430529
0.00299430770715264
0.00149715385357632
0.000748576926788161
0.000374288463394081
0.500187144231697
0.250093572115849
0.125046786057924
0.0625233930289621
0.0312616965144811
0.0156308482572405
0.00781542412862027
0.50390771206431
0.751953856032155
0.375976928016078
0.687988464008039
0.843994232004019
0.42199711600201
0.210998558001005
0.605499279000502
0.302749639500251
0.651374819750126
0.825687409875063
1.41284370493753
0.706421852468766
0.353210926234383
0.176605463117191
0.0883027315585957
0.544151365779298
0.772075682889649
0.886037841444824
1.44301892072241
0.721509460361206
0.360754730180603
1.1803773650903
1.09018868254515
0.545094341272575
0.772547170636288
1.38627358531814
2.69313679265907
1.84656839632954
0.923284198164768
0.961642099082384
1.48082104954119
1.7404105247706
1.3702052623853
1.18510263119265
1.59255131559632
1.79627565779816
1.89813782889908
3.44906891444954
4.22453445722477
2.61226722861239
2.80613361430619
3.9030668071531
3.95153340357655
1.97576670178827
1.48788335089414
2.24394167544707
2.62197083772353
2.31098541886177
4.65549270943088
3.32774635471544
3.66387317735772
4.33193658867886
5.16596829433943
4.08298414716972
5.54149207358486
4.77074603679243
4.38537301839621
5.19268650919811
5.09634325459905
6.54817162729953
6.77408581364976
7.88704290682488
6.94352145341244
12.4717607267062
9.73588036335311
7.36794018167656
7.68397009083828
5.84198504541914
3.42099252270957
3.21049626135478
6.60524813067739
6.3026240653387
7.15131203266935
5.07565601633467
4.53782800816734
4.26891400408367
4.13445700204183
6.56722850102092
5.28361425051046
7.64180712525523
6.32090356262762
6.16045178131381
6.5802258906569
6.29011294532845
7.14505647266423
6.07252823633211
6.53626411816606
5.76813205908303
5.88406602954151
4.44203301477076
3.72101650738538
4.36050825369269
6.18025412684634
5.59012706342317
6.29506353171159
5.64753176585579
4.3237658829279
6.16188294146395
5.08094147073197
5.54047073536599
5.77023536768299
6.8851176838415
6.94255884192075
6.97127942096037
7.98563971048019
7.49281985524009
5.74640992762005
5.87320496381002
6.43660248190501
5.71830124095251
6.85915062047625
5.42957531023813
4.71478765511906
5.85739382755953
3.92869691377977
4.96434845688988
4.48217422844494
5.74108711422247
6.87054355711123
6.43527177855562
4.71763588927781
3.8588179446389
3.92940897231945
5.96470448615973
6.48235224307986
8.74117612153993
7.87058806076997
8.43529403038498
6.71764701519249
9.85882350759625
8.42941175379812
9.21470587689906
8.60735293844953
6.80367646922477
5.90183823461238
8.95091911730619
5.9754595586531
7.98772977932655
8.49386488966327
6.24693244483164
5.62346622241582
6.31173311120791
5.15586655560395
5.57793327780198
5.78896663890099
5.89448331945049
5.44724165972525
7.22362082986262
8.11181041493131
7.05590520746566
6.52795260373283
8.26397630186641
7.13198815093321
8.0659940754666
8.0329970377333
6.51649851886665
4.75824925943333
7.37912462971666
5.18956231485833
7.59478115742917
7.29739057871458
9.64869528935729
9.32434764467865
6.66217382233932
5.83108691116966
6.91554345558483
7.45777172779242
7.72888586389621
5.8644429319481
8.43222146597405
6.71611073298703
12.3580553664935
14.6790276832468
10.8395138416234
8.41975692081169
7.20987846040584
7.60493923020292
6.30246961510146
10.1512348075507
9.07561740377536
10.0378087018877
7.51890435094384
9.25945217547192
10.629726087736
8.31486304386798
9.65743152193399
9.328715760967
11.1643578804835
12.0821789402417
10.5410894701209
9.27054473506044
7.63527236753022
7.81763618376511
8.90881809188256
7.95440904594128
9.97720452297064
6.48860226148532
7.24430113074266
7.62215056537133
8.81107528268566
9.40553764134283
9.70276882067142
7.35138441033571
5.67569220516785
6.33784610258393
8.66892305129196
8.33446152564598
8.16723076282299
6.5836153814115
6.29180769070575
5.14590384535287
7.07295192267644
4.53647596133822
6.26823798066911
6.63411899033455
6.81705949516728
6.90852974758364
6.45426487379182
5.22713243689591
5.61356621844796
4.30678310922398
6.15339155461199
4.57669577730599
5.288347888653
3.1441739443265
3.57208697216325
3.28604348608162
2.64302174304081
1.82151087152041
1.9107554357602
1.4553777178801
2.22768885894005
2.11384442947003
1.55692221473501
1.77846110736751
1.88923055368375
1.94461527684188
0.972307638420938
0.986153819210469
0.993076909605235
0.996538454802617
0.998269227401309
0.499134613700654
0.749567306850327
0.374783653425164
0.687391826712582
0.843695913356291
0.921847956678145
0.460923978339073
0.730461989169536
0.365230994584768
1.18261549729238
1.09130774864619
0.545653874323096
0.772826937161548
0.386413468580774
0.193206734290387
0.596603367145193
0.298301683572597
0.649150841786298
0.324575420893149
0.662287710446575
0.831143855223287
0.915571927611644
0.457785963805822
0.228892981902911
0.114446490951455
0.557223245475728
0.778611622737864
0.389305811368932
0.194652905684466
0.097326452842233
0.0486632264211165
0.0243316132105582
0.0121658066052791
0.00608290330263956
0.00304145165131978
0.00152072582565989
0.000760362912829945
0.000380181456414973
0.000190090728207486
9.50453641037431e-05
4.75226820518716e-05
2.37613410259358e-05
1.18806705129679e-05
5.94033525648395e-06
2.97016762824197e-06
1.48508381412099e-06
7.42541907060493e-07
3.71270953530247e-07
0.500000185635477
1.25000009281774
1.12500004640887
0.562500023204435
0.281250011602217
0.640625005801109
0.320312502900554
0.160156251450277
0.580078125725139
0.290039062862569
1.14501953143128
0.572509765715642
0.286254882857821
0.643127441428911
0.821563720714455
0.410781860357228
2.70539093017861
1.85269546508931
1.42634773254465
1.21317386627233
1.10658693313616
0.553293466568082
1.77664673328404
1.38832336664202
0.69416168332101
1.84708084166051
1.92354042083025
2.46177021041513
2.73088510520756
3.86544255260378
2.43272127630189
3.21636063815095
2.60818031907547
2.80409015953774
1.90204507976887
1.95102253988443
1.97551126994222
2.98775563497111
2.49387781748555
5.24693890874278
6.12346945437139
5.56173472718569
4.28086736359285
5.64043368179642
5.32021684089821
4.16010842044911
5.58005421022455
3.29002710511228
3.64501355255614
5.32250677627807
7.66125338813903
6.33062669406952
6.66531334703476
7.33265667351738
4.66632833675869
4.33316416837934
4.16658208418967
6.58329104209484
6.29164552104742
4.14582276052371
3.57291138026185
2.28645569013093
3.64322784506546
4.32161392253273
6.66080696126637
6.33040348063318
3.66520174031659
3.3326008701583
3.16630043507915
4.08315021753957
7.04157510876979
6.02078755438489
6.01039377719245
5.50519688859622
5.75259844429811
4.37629922214906
4.68814961107453
5.84407480553726
6.42203740276863
7.21101870138432
6.10550935069216
5.55275467534608
5.27637733767304
3.63818866883652
3.81909433441826
5.90954716720913
7.45477358360456
6.22738679180228
7.11369339590114
8.05684669795057
8.02842334897528
10.0142116744876
10.0071058372438
8.00355291862191
8.50177645931096
10.2508882296555
8.12544411482774
7.06272205741387
6.03136102870693
6.01568051435347
7.50784025717673
7.75392012858837
5.87696006429418
5.43848003214709
8.21924001607355
11.1096200080368
9.05481000401839
8.02740500200919
8.0137025010046
10.5068512505023
8.25342562525115
9.12671281262557
8.06335640631279
8.03167820315639
5.5158391015782
7.7579195507891
7.37895977539455
6.68947988769727
6.34473994384864
7.67236997192432
6.83618498596216
7.91809249298108
8.45904624649054
9.22952312324527
8.11476156162264
7.55738078081132
7.77869039040566
7.38934519520283
7.69467259760141
8.84733629880071
8.92366814940035
5.46183407470018
5.73091703735009
4.36545851867504
3.68272925933752
4.84136462966876
7.92068231483438
5.96034115741719
8.4801705787086
8.7400852893543
6.87004264467715
7.93502132233857
13.9675106611693
11.4837553305846
9.24187766529232
8.12093883264616
7.06046941632308
7.03023470816154
5.51511735408077
5.75755867704039
4.37877933852019
3.1893896692601
6.09469483463005
5.54734741731502
3.27367370865751
3.13683685432876
2.06841842716438
8.03420921358219
8.01710460679109
7.00855230339555
9.00427615169777
5.50213807584889
5.25106903792444
7.12553451896222
7.06276725948111
6.03138362974056
5.01569181487028
8.00784590743514
7.50392295371757
9.25196147685879
7.62598073842939
6.3129903692147
9.65649518460735
8.82824759230367
8.41412379615184
8.70706189807592
7.35353094903796
9.67676547451898
7.33838273725949
9.16919136862975
8.08459568431487
9.04229784215744
10.5211489210787
8.76057446053936
7.38028723026968
6.69014361513484
9.84507180756742
12.4225359037837
10.7112679518919
12.3556339759459
10.177816987973
9.08890849398648
7.54445424699324
8.77222712349662
10.3861135617483
10.1930567808742
8.09652839043708
6.54826419521854
7.77413209760927
5.88706604880463
6.94353302440232
8.47176651220116
8.23588325610058
6.61794162805029
6.80897081402514
7.90448540701257
6.45224270350629
3.72612135175314
4.86306067587657
6.93153033793829
6.96576516896914
5.98288258448457
7.49144129224229
4.74572064612114
5.37286032306057
8.18643016153029
5.59321508076514
3.79660754038257
2.89830377019129
4.44915188509564
3.72457594254782
2.36228797127391
2.68114398563696
1.84057199281848
0.920285996409239
0.460142998204619
1.23007149910231
1.61503574955115
1.30751787477558
1.65375893738779
2.82687946869389
1.91343973434695
0.956719867173474
0.978359933586737
1.98917996679337
0.994589983396684
1.99729499169834
0.998647495849171
0.499323747924586
1.74966187396229
1.37483093698115
0.687415468490573
0.343707734245287
0.171853867122643
0.585926933561322
0.292963466780661
0.14648173339033
0.0732408666951652
0.0366204333475826
0.0183102166737913
0.00915510833689565
0.00457755416844783
0.00228877708422391
0.501144388542112
0.250572194271056
0.125286097135528
0.562643048567764
0.281321524283882
0.140660762141941
0.0703303810709705
0.535165190535485
0.267582595267743
0.633791297633871
0.316895648816936
0.158447824408468
0.0792239122042339
0.039611956102117
0.0198059780510585
0.00990298902552924
0.00495149451276462
0.00247574725638231
0.00123787362819115
1.0006189368141
0.500309468407048
0.750154734203524
0.375077367101762
0.187538683550881
0.0937693417754405
0.0468846708877202
0.0234423354438601
0.51172116772193
0.255860583860965
0.127930291930483
0.0639651459652413
0.0319825729826206
0.0159912864913103
0.507995643245655
0.253997821622828
0.126998910811414
0.0634994554057069
0.0317497277028534
1.01587486385143
0.507937431925713
0.253968715962857
0.126984357981428
0.563492178990714
0.281746089495357
0.140873044747679
0.570436522373839
0.28521826118692
0.64260913059346
0.32130456529673
0.160652282648365
0.0803261413241825
0.0401630706620912
0.520081535331046
0.260040767665523
0.130020383832761
0.0650101919163807
0.53250509595819
1.2662525479791
1.13312627398955
1.06656313699477
0.533281568497387
0.766640784248693
0.883320392124347
1.44166019606217
1.72083009803109
0.860415049015543
3.43020752450777
6.71510376225389
7.35755188112694
8.67877594056347
10.3393879702817
8.66969398514087
8.83484699257043
7.41742349628522
7.20871174814261
5.6043558740713
7.30217793703565
4.15108896851783
2.57554448425891
3.28777224212946
4.14388612106473
7.07194306053236
7.03597153026618
8.01798576513309
10.5089928825665
18.7544964412833
12.3772482206416
11.1886241103208
9.59431205516041
6.7971560275802
5.8985780137901
5.94928900689505
3.97464450344753
5.48732225172376
3.74366112586188
2.87183056293094
4.43591528146547
4.21795764073273
4.10897882036637
2.55448941018318
2.77724470509159
3.8886223525458
3.9443111762729
2.47215558813645
3.73607779406822
2.86803889703411
2.93401944851706
3.46700972425853
3.73350486212926
3.86675243106463
4.93337621553232
3.96668810776616
4.48334405388308
4.74167202694154
5.37083601347077
6.68541800673538
5.84270900336769
7.92135450168385
6.46067725084192
6.73033862542096
6.86516931271048
6.43258465635524
5.71629232817762
5.85814616408881
6.9290730820444
5.9645365410222
4.4822682705111
4.74113413525555
8.87056706762777
9.43528353381389
7.21764176690694
5.10882088345347
5.55441044172674
6.27720522086337
4.63860261043168
5.31930130521584
5.65965065260792
7.32982532630396
6.16491266315198
5.58245633157599
8.291228165788
7.645614082894
7.322807041447
7.6614035207235
8.33070176036175
6.16535088018087
4.08267544009044
11.0413377200452
8.02066886002261
10.0103344300113
6.50516721500565
5.25258360750283
5.12629180375141
6.56314590187571
7.28157295093785
5.14078647546893
9.07039323773446
11.0351966188672
12.0175983094336
9.50879915471681
9.2543995773584
11.6271997886792
12.3135998943396
9.1567999471698
7.0783999735849
10.0391999867925
9.51959999339623
8.25979999669811
8.12989999834906
6.56494999917453
4.78247499958726
7.39123749979363
7.19561874989682
6.09780937494841
6.0489046874742
7.0244523437371
4.01222617186855
4.00611308593428
4.00305654296714
4.50152827148357
5.25076413574178
6.62538206787089
4.31269103393545
4.15634551696772
3.07817275848386
6.03908637924193
4.01954318962096
4.50977159481048
5.25488579740524
8.12744289870262
7.56372144935131
6.28186072467565
4.64093036233783
4.82046518116891
8.91023259058446
6.95511629529223
5.47755814764611
5.23877907382306
4.61938953691153
7.30969476845576
8.15484738422788
8.07742369211394
12.538711846057
10.7693559230285
9.88467796151424
10.4423389807571
10.2211694903786
9.11058474518928
9.55529237259464
8.77764618629732
9.38882309314866
11.6944115465743
10.3472057732872
10.6736028866436
10.3368014433218
10.6684007216609
11.3342003608304
10.1671001804152
10.0835500902076
9.54177504510381
8.2708875225519
10.135443761276
10.067721880638
9.53386094031899
12.2669304701595
12.6334652350797
12.8167326175399
8.90836630876994
8.95418315438497
9.97709157719248
10.4885457885962
11.2442728942981
7.62213644714906
7.31106822357453
5.65553411178727
6.32776705589363
6.16388352794682
6.58194176397341
6.7909708819867
4.89548544099335
6.94774272049668
6.97387136024834
6.48693568012417
8.24346784006208
6.12173392003104
7.06086696001552
7.53043348000776
5.26521674000388
6.63260837000194
5.81630418500097
3.40815209250048
4.20407604625024
3.10203802312512
4.05101901156256
4.52550950578128
6.26275475289064
5.13137737644532
4.06568868822266
5.03284434411133
3.51642217205567
3.75821108602783
2.87910554301392
2.93955277150696
2.96977638575348
1.48488819287674
1.24244409643837
1.62122204821919
2.81061102410959
2.9053055120548
3.9526527560274
2.9763263780137
2.48816318900685
1.24408159450342
0.622040797251712
0.811020398625856
0.405510199312928
1.20275509965646
1.10137754982823
0.550688774914116
1.77534438745706
0.887672193728529
0.943836096864265
1.47191804843213
0.735959024216066
0.367979512108033
0.683989756054016
0.841994878027008
0.420997439013504
0.210498719506752
0.105249359753376
0.052624679876688
0.026312339938344
0.013156169969172
0.006578084984586
0.003289042492293
0.0016445212461465
0.00082226062307325
0.500411130311537
0.250205565155768
0.125102782577884
0.0625513912889421
0.031275695644471
0.0156378478222355
0.507818923911118
0.253909461955559
0.126954730977779
0.0634773654888897
0.0317386827444449
0.0158693413722224
0.00793467068611121
0.00396733534305561
0.501983667671528
0.250991833835764
0.125495916917882
0.062747958458941
1.03137397922947
0.515686989614735
0.757843494807368
0.378921747403684
0.189460873701842
0.0947304368509209
0.0473652184254605
0.0236826092127302
0.511841304606365
0.255920652303183
0.127960326151591
0.563980163075796
0.781990081537898
0.390995040768949
0.195497520384474
0.597748760192237
0.798874380096119
0.399437190048059
0.19971859502403
0.0998592975120148
0.0499296487560074
0.524964824378004
0.262482412189002
0.131241206094501
0.56562060304725
0.782810301523625
1.39140515076181
1.19570257538091
1.09785128769045
1.54892564384523
2.27446282192261
3.13723141096131
1.56861570548065
3.78430785274033
3.39215392637016
2.19607696318508
3.59803848159254
4.79901924079627
3.89950962039814
3.44975481019907
2.72487740509953
2.86243870254977
3.43121935127488
2.21560967563744
5.60780483781872
3.80390241890936
2.40195120945468
2.20097560472734
2.60048780236367
2.80024390118183
4.40012195059092
4.20006097529546
4.60003048764773
3.80001524382386
3.40000762191193
3.70000381095597
3.35000190547798
4.17500095273899
8.5875004763695
7.79375023818475
8.39687511909237
8.19843755954619
9.59921877977309
8.79960938988655
9.89980469494327
8.94990234747164
6.47495117373582
6.73747558686791
5.86873779343395
5.43436889671698
4.71718444835849
4.85859222417924
4.92929611208962
5.96464805604481
5.98232402802241
5.9911620140112
6.4955810070056
5.7477905035028
3.8738952517514
3.4369476258757
4.71847381293785
3.85923690646892
4.42961845323446
5.21480922661723
5.60740461330862
6.80370230665431
6.90185115332715
7.45092557666358
5.72546278833179
12.3627313941659
10.1813656970829
7.59068284854147
7.29534142427074
8.14767071213537
9.57383535606768
7.78691767803384
5.89345883901692
6.94672941950846
8.97336470975423
8.98668235487711
9.49334117743856
9.74667058871928
8.87333529435964
6.43666764717982
7.71833382358991
9.35916691179495
8.17958345589748
6.08979172794874
6.54489586397437
5.27244793198718
5.63622396599359
9.3181119829968
8.6590559914984
9.8295279957492
6.9147639978746
5.9573819989373
6.47869099946865
9.73934549973433
9.36967274986716
7.68483637493358
5.34241818746679
7.1712090937334
8.5856045468667
6.79280227343335
8.39640113671667
10.1982005683583
9.09910028417917
6.04955014208958
8.52477507104479
6.7623875355224
9.8811937677612
6.9405968838806
10.9702984419403
9.48514922097015
9.74257461048508
7.87128730524254
8.93564365262127
7.96782182631063
8.48391091315532
8.24195545657766
8.12097772828883
5.56048886414441
3.28024443207221
5.6401222160361
7.32006110801805
7.66003055400903
9.83001527700451
7.41500763850226
8.20750381925113
10.6037519096256
7.80187595481278
6.90093797740639
7.9504689887032
9.4752344943516
6.2376172471758
7.6188086235879
5.30940431179395
8.15470215589697
8.07735107794849
8.03867553897424
6.51933776948712
7.75966888474356
7.37983444237178
7.18991722118589
9.09495861059295
7.04747930529647
6.02373965264824
8.51186982632412
8.25593491316206
9.62796745658103
9.31398372829051
8.15699186414526
8.07849593207263
8.53924796603631
7.26962398301816
7.63481199150908
7.31740599575454
7.15870299787727
9.07935149893864
11.0396757494693
11.5198378747347
9.75991893736733
9.87995946868367
10.9399797343418
6.46998986717092
7.73499493358546
8.86749746679273
8.93374873339636
12.4668743666982
9.73343718334909
12.8667185916745
11.9333592958373
14.9666796479186
9.98333982395932
9.99166991197966
10.4958349559898
5.74791747799491
7.87395873899746
6.93697936949873
10.4684896847494
8.73424484237468
10.3671224211873
10.6835612105937
9.34178060529683
11.1708903026484
9.08544515132421
11.5427225756621
9.27136128783105
6.63568064391553
6.81784032195776
7.40892016097888
9.20446008048944
10.1022300402447
9.05111502012236
7.52555751006118
5.76277875503059
4.8813893775153
5.94069468875765
6.47034734437882
7.73517367218941
6.86758683609471
4.93379341804735
5.96689670902368
6.98344835451184
5.99172417725592
4.99586208862796
