3
3.85
3.9775
3.146625
1.32199375
1.0482990625
1.857244859375
5.37858672890625
4.20678800933594
4.88101820140039
3.28215273021006
5.59232290953151
5.93884843642973
1.74082726546446
0.261124089819669
2.58916861347295
0.388375292020943
0.0582562938031414
0.858738444070471
1.82881076661057
1.97432161499159
1.99614824224874
1.14942223633731
0.172413335450597
0.875862000317589
0.981379300047638
0.147206895007146
0.872081034251072
0.130812155137661
0.869621823270649
0.130443273490597
0.86956649102359
0.980434973653538
1.84706524604803
1.9770597869072
1.14655896803608
1.87198384520541
0.280797576780812
0.892119636517122
0.133817945477568
0.0200726918216352
0.853010903773245
0.127951635565987
0.869192745334898
0.130378911800235
0.0195568367700352
0.852933525515505
0.977940028827326
0.146691004324099
0.0220036506486148
0.00330054759729223
0.850495082139594
0.127574262320939
0.0191361393481409
0.00287042090222113
0.00043056313533317
0.8500645844703
0.127509687670545
0.0191264531505818
0.852868967972587
0.127930345195888
0.0191895517793832
0.00287843276690748
0.000431764915036123
6.47647372554184e-05
9.71471058831276e-06
0.850001457206588
0.127500218580988
0.0191250327871482
0.00286875491807224
0.000430313237710836
6.45469856566253e-05
9.6820478484938e-06
1.45230717727407e-06
2.17846076591111e-07
3.26769114886666e-08
4.90153672329999e-09
7.35230508494999e-10
0.850000000110285
0.127500000016543
0.869125000002481
0.130368750000372
0.0195553125000558
1.70293329687501
1.10543999453125
0.165815999179688
0.0248723998769532
0.00373085998154297
0.850559628997231
0.127583944349585
2.56913759165244
2.08537063874787
2.86280559581218
0.429420839371827
0.0644131259057741
0.859661968885866
2.67894929533288
0.401842394299932
0.91027635914499
2.68654145387175
1.25298121808076
1.03794718271211
1.85569207740682
0.278353811611023
0.891753071741653
1.83376296076125
0.275064444114187
0.891259666617128
3.53368894999257
0.530053342498885
0.929508001374833
1.83942620020622
2.82591393003093
2.97388708950464
3.8460830634257
2.27691245951385
3.74153686892708
4.81123053033906
4.12168457955086
4.01825268693263
2.30273790303989
6.29541068545598
6.8943116028184
6.13414674042276
5.17012201106341
3.32551830165951
3.89882774524893
1.43482416178734
3.6152236242681
1.39228354364022
7.00884253154603
3.6013263797319
3.94019895695979
4.84102984354397
6.67615447653159
6.10142317147974
6.01521347572196
7.70228202135829
7.10534230320374
4.46580134548056
5.76987020182208
1.71548053027331
4.507322079541
8.32609831193115
2.94891474678967
0.442337212018451
2.61635058180277
6.34245258727042
4.35136788809056
5.75270518321358
2.56290577748204
4.63443586662231
5.79516537999335
5.969274806999
5.14539122104985
5.87180868315748
5.13077130247362
2.46961569537104
7.17044235430566
10.4255663531458
7.51383495297188
7.07707524294578
4.46156128644187
9.16923419296628
5.62538512894494
9.34380776934174
5.65157116540126
11.0477356748102
2.50716035122153
9.72607405268323
4.00891110790248
6.55133666618537
5.23270049992781
5.88490507498917
6.83273576124838
7.82491036418726
6.27373655462809
6.89106048319421
7.83365907247913
14.7750488608719
15.8162573291308
10.0224385993696
10.0033657899054
7.45050486848582
7.06757573027287
7.86013635954093
7.12902045393114
6.16935306808967
6.02540296021345
6.85381044403202
5.2780715666048
10.1417107349907
4.92125661024861
7.53818849153729
12.1807282737306
11.1771092410596
9.32656638615894
9.04898495792384
9.00734774368858
9.00110216155329
12.400165324233
4.41002479863495
6.61150371979524
14.5917255579693
12.3887588336954
6.10831382505431
5.16624707375815
6.72493706106372
6.10874055915956
6.86631108387393
3.57994666258109
3.93699199938716
3.99054879990807
6.54858231998621
5.23228734799793
10.9848431021997
7.59772646532995
7.93965896979949
7.14094884546992
6.17114232682049
6.02567134902307
6.00385070235346
6.85057760535302
3.57758664080295
4.78663799612044
3.26799569941807
12.3901993549127
12.0585299032369
7.75877948548554
4.56381692282283
4.93457253842342
7.54018588076351
3.68102788211453
6.50215418231718
10.3253231273476
9.19879846910214
5.62981977036532
9.3444729655548
7.35167094483322
14.702750641725
10.7054125962587
6.70581188943881
7.80587178341582
4.57088076751237
10.8856321151269
6.73284481726903
6.95992672259035
6.14398900838855
8.57159835125828
9.78573975268874
4.01786096290331
7.4026791444355
5.36040187166532
7.6040602807498
7.94060904211247
6.29109135631687
6.04366370344753
3.45654955551713
2.21848243332757
7.13277236499914
4.46991585474987
5.77048737821248
9.36557310673187
5.65483596600978
5.09822539490147
5.01473380923522
4.15221007138528
1.47283151070779
5.32092472660617
5.04813870899093
2.45722080634864
3.7685831209523
2.26528746814284
2.88979312022143
2.13346896803321
2.87002034520498
4.68050305178075
4.10207545776711
6.56531131866507
3.53479669779976
4.78021950466996
2.41703292570049
2.91255493885507
0.436883240828261
2.61553248612424
1.24232987291864
1.8863494809378
0.282952422140669
1.7424428633211
1.96136642949816
5.39420496442472
3.35913074466371
2.20386961169956
2.88058044175493
2.98208706626324
2.14731305993949
2.02209695899092
1.15331454384864
3.5729971815773
1.38594957723659
0.207892436585489
1.73118386548782
1.10967757982317
0.166451636973476
0.874967745546021
0.131245161831903
1.71968677427479
1.95795301614122
1.14369295242118
0.171553942863177
0.0257330914294766
0.00385996371442149
0.850578994557163
0.127586849183574
0.0191380273775362
0.00287070410663043
0.850430605615995
0.127564590842399
1.71913468862636
1.10787020329395
1.01618053049409
0.152427079574114
0.872864061936117
0.130929609290418
0.0196394413935626
0.0029459162090344
0.00044188743135516
1.7000662831147
1.10500994246721
1.01575149137008
0.152362723705512
0.872854408555827
0.980928161283374
0.147139224192506
0.0220708836288759
0.00331063254433139
0.000496594881649708
0.850074489232247
0.127511173384837
0.0191266760077256
0.852869001401159
0.127930350210174
0.0191895525315261
0.00287843287972891
0.000431764931959337
6.47647397939005e-05
9.71471096908508e-06
1.45720664536276e-06
0.850000218580997
0.12750003278715
0.0191250049180724
0.00286875073771087
0.00043031261065663
6.45468915984945e-05
9.68203373977418e-06
0.850001452305061
0.127500217845759
0.0191250326768639
0.00286875490152958
0.000430313235229437
6.45469852844156e-05
0.850009682047793
0.127501452307169
0.0191252178460753
0.852868782676911
0.127930317401537
0.0191895476102305
0.00287843214153458
0.000431764821230187
6.4764723184528e-05
9.7147084776792e-06
1.45720627165188e-06
2.18580940747782e-07
0.850000032787141
0.127500004918071
0.0191250007377107
0.0028687501106566
0.00043031251659849
6.45468774897736e-05
9.68203162346604e-06
0.850001452304743
1.82750021784571
1.12412503267686
0.168618754901529
2.57529281323523
2.93629392198528
1.29044408829779
1.89356661324467
1.1340349919867
2.72010524879801
1.2580157873197
1.03870236809796
10.3558053552147
4.9533708032822
5.84300562049233
2.57645084307385
2.08646762646108
2.86297014396916
0.429445521595374
3.46441682823931
10.7196625242359
5.85794937863538
5.12869240679531
12.6693038610193
3.60039557915289
0.540059336872934
0.93100890053094
3.53965133507964
1.38094770026195
2.75714215503929
13.1635713232559
16.4245356984884
11.8136803547733
23.872052053216
9.5308078079824
5.67962117119736
5.1019431756796
13.5152914763519
7.97729372145279
6.29659405821792
6.04448910873269
6.0066733663099
6.85100100494649
1.87765015074197
11.3316475226113
6.79974712839169
6.11996206925875
4.31799431038881
3.19769914655832
6.42965487198375
3.51444823079756
3.92716723461963
6.53907508519295
4.38086126277894
5.75712918941684
4.26356937841253
4.88953540676188
3.28343031101428
17.4925145466521
34.9238771819978
15.4385815772997
5.71578723659495
3.40736808548924
6.46110521282339
5.21916578192351
2.48287486728853
5.47243123009328
3.37086468451399
3.9056297026771
3.13584445540156
4.72037666831023
3.25805650024654
14.088708475037
16.5633062712555
9.28449594068833
3.09267439110325
3.86390115866549
3.97958517379982
3.99693777606997
4.8495406664105
5.82743109996157
5.97411466499424
20.4461171997491
11.5669175799624
6.83503763699436
5.27525564554915
4.19128834683237
1.47869325202486
5.32180398780373
2.49827059817056
4.62474058972558
6.64371108845884
3.54655666326883
20.0819834994903
8.11229752492355
3.76684462873853
8.21502669431078
5.48225400414662
1.67233810062199
3.6508507150933
3.09762760726399
3.0146441410896
3.85219662116344
1.42782949317452
5.31417442397618
5.89712616359643
5.13456892453946
22.8701853386809
8.53052780080214
5.52957917012032
5.92943687551805
22.1394155313277
9.27091232969916
7.34063684945487
4.50109552741823
8.32516432911273
16.5487746493669
5.03231619740504
5.85484742961076
16.1782271144416
4.97673406716624
2.44651011007494
6.31697651651124
9.44754647747669
3.9671319716215
6.54506979574323
0.981760469361484
4.39726407040422
4.05958961056063
3.15893844158409
3.02384076623761
2.15357611493564
4.57303641724035
2.38595546258605
6.30789331938791
5.19618399790819
9.27942759968623
29.4419141399529
16.3162871209929
9.24744306814894
11.5871164602223
5.13806746903335
6.720710120355
5.25810651805325
2.48871597770799
6.3233073966562
6.89849610949843
7.83477441642476
3.72521616246371
7.35878242436956
6.20381736365543
5.18057260454832
6.72708589068225
6.95906288360234
4.44385943254035
8.31657891488105
7.19748683723216
7.87962302558482
6.28194345383772
9.44229151807566
4.81634372771135
5.8224515591567
4.27336773387351
1.49100516008103
3.62365077401215
4.79354761610182
3.26903214241527
1.34035482136229
2.75105322320434
2.96265798348065
3.8443986975221
6.52665980462831
9.47899897069425
3.97184984560414
2.29577747684062
1.19436662152609
2.72915499322891
4.65937324898434
2.39890598734765
2.90983589810215
2.13647538471532
4.5704713077073
0.685570696156095
3.50283560442341
3.92542534066351
3.98881380109953
3.14832207016493
3.87224831052474
2.28083724657871
2.89212558698681
3.83381883804802
1.4250728257072
1.06376092385608
4.40956413857841
0.661434620786762
0.0992151931180143
1.7148822789677
1.10723234184516
3.56608485127677
0.534912727691516
2.63023690915373
1.24453553637306
1.03668033045596
2.70550204956839
3.80582530743526
2.27087379611529
0.340631069417293
2.60109466041259
5.49016419906189
1.67352462985928
1.10102869447889
1.01515430417183
0.152273145625775
0.872840971843866
2.68092614577658
2.95213892186649
2.14282083827997
3.721423125742
1.4082134688613
1.91123202032919
1.13668480304938
0.170502720457407
0.025575408068611
0.853836311210292
1.82807544668154
0.274211317002232
0.891131697550335
0.13366975463255
0.870050463194883
0.130507569479232
0.869576135421885
0.130436420313283
0.869565463046992
0.130434819457049
0.0195652229185573
0.852934783437784
0.977940217515668
0.99669103262735
0.149503654894103
0.0224255482341154
0.853363832235117
0.128004574835268
0.0192006862252901
0.00288010293379352
0.000432015440069028
6.48023160103543e-05
0.850009720347402
0.12750145805211
0.0191252187078165
0.00286878280617248
0.000430317420925872
6.45476131388809e-05
9.68214197083213e-06
1.45232129562482e-06
2.17848194343723e-07
3.26772291515585e-08
4.90158437273377e-09
0.850000000735238
0.127500000110286
0.0191250000165429
0.00286875000248143
0.000430312500372214
6.45468750558322e-05
9.68203125837483e-06
1.45230468875622e-06
2.17845703313434e-07
3.2676855497015e-08
0.850000004901528
0.127500000735229
0.0191250001102844
0.00286875001654266
0.000430312502481399
6.45468753722099e-05
9.68203130583148e-06
1.45230469587472e-06
2.17845704381208e-07
3.26768556571813e-08
4.90152834857719e-09
7.35229252286579e-10
1.10284387842987e-10
0.850000000016543
1.82750000000248
0.274125000000372
0.0411187500000558
0.856167812500008
0.128425171875001
0.0192637757812502
0.00288956636718753
1.70043343495508
0.255065015243262
0.0382597522864893
10.205738962843
2.38086084442645
1.20712912666397
1.0310693689996
12.9046604053499
7.88569906080249
4.58285485912037
1.53742822886806
0.230614234330208
2.58459213514953
3.78768882027243
3.96815332304086
3.14522299845613
7.27178344976842
3.64076751746526
3.94611512761979
5.69191726914297
3.40378759037145
3.06056813855572
5.55908522078336
1.6838627831175
4.50257941746763
4.07538691262014
5.71130803689302
5.95669620553395
3.44350443083009
4.76652566462451
3.26497884969368
22.5897468274541
24.6384620241181
12.1957693036177
10.3293653955427
1.5494048093314
5.33241072139971
2.49986160820996
8.02497924123149
13.1037468861847
12.1655620329277
2.67483430493916
18.2512251457409
7.83768377186113
4.57565256577917
5.78634788486688
13.61795218273
3.74269282740951
9.06140392411143
7.30921058861671
3.64638158829251
6.49695723824388
2.67454358573658
5.50118153786049
1.67517723067907
1.10127658460186
2.71519148769028
6.35727872315354
8.60359180847303
23.390538771271
12.0085808156906
4.3512871223536
4.05269306835304
21.857903960253
10.9286855940379
4.18930283910569
8.27839542586585
10.5917593138799
9.23876389708198
10.7358145845623
7.56037218768434
3.68405582815265
5.6526083742229
7.64789125613343
6.24718368842001
6.037077553263
6.00556163298945
3.45083424494842
3.06762513674226
3.01014377051134
2.1515215655767
5.42272823483651
5.06340923522548
21.1595113852838
32.0739267077926
9.91108900616889
4.88666335092533
6.6829995026388
7.80244992539582
2.87036748880937
8.08055512332141
3.76208326849821
5.66431249027473
1.69964687354121
5.35494703103118
1.65324205465468
4.4979863081982
3.22469794622973
3.88370469193446
5.68255570379017
1.70238335556853
3.65535750333528
4.79830362550029
7.51974554382504
7.07796183157376
5.31169427473606
5.89675414121041
3.43451312118156
2.21517696817723
2.03227654522659
3.70484148178399
3.9557262222676
3.14335893334014
3.02150384000102
7.25322557600015
6.18798383640002
3.47819757546
4.771729636319
6.66575944544785
2.69986391681718
1.25497958752258
1.88824693812839
4.53323704071926
8.32998555610789
6.34949783341618
7.75242467501243
2.86286370125186
4.67942955518778
4.10191443327817
4.01528716499172
3.15229307474876
3.02284396121231
4.70342659418185
4.95551398912728
18.5933270983691
19.7889990647554
11.4683498597133
15.320252478957
5.69803787184355
5.10470568077653
7.56570585211648
3.68485587781747
6.50272838167262
9.47540925725089
6.52131138858763
7.77819670828814
8.81672950624322
14.0725094259365
7.21087641389047
7.03163146208357
8.70474471931253
7.25571170789688
12.9883567561845
6.19825351342768
6.02973802701415
5.15446070405212
7.57316910560782
2.83597536584117
7.22539630487618
7.88380944573143
2.88257141685971
5.53238571252896
9.32985785687934
3.0994786785319
3.01492180177978
1.30223827026697
8.69533574054005
8.95430036108101
6.44314505416215
5.21647175812432
5.88247076371865
6.8323706145578
4.42485559218367
0.663728338827551
5.19955925082413
5.87993388762362
5.98199008314354
3.44729851247153
3.06709477687073
0.460064216530609
3.46900963247959
5.62035144487194
3.39305271673079
5.60895790750962
3.39134368612644
3.05870155291897
1.30880523293785
3.59632078494068
5.6394481177411
3.39591721766117
1.35938758264917
0.203908137397376
7.68058622060961
4.55208793309144
3.23281318996372
3.03492197849456
2.15523829677418
1.17328574451613
2.72599286167742
1.25889892925161
1.03883483938774
1.00582522590816
2.70087378388622
1.25513106758293
3.58826966013744
1.38824044902062
1.90823606735309
1.98623541010296
0.297935311515445
0.894690296727317
0.134203544509098
0.0201305316763646
0.853019579751455
0.127952936962718
0.869192940544408
0.130378941081661
0.0195568411622492
0.00293352617433738
0.850440028926151
1.82756600433892
0.274134900650838
1.74112023509763
1.11116803526464
1.0166752052897
1.00250128079345
1.00037519211902
0.150056278817853
0.0225084418226779
2.5533762662734
2.93300643994101
1.28995096599115
0.193492644898673
0.0290238967348009
0.00435358451022014
0.000653037676533021
9.79556514799531e-05
1.4693347721993e-05
2.20400215829895e-06
0.850000330600324
0.127500049590049
0.869125007438507
0.130368751115776
0.0195553126673664
0.00293329690010496
0.000439994535015745
6.59991802523617e-05
9.89987703785426e-06
1.48498155567814e-06
2.22747233351721e-07
0.850000033412085
0.977500005011813
0.146625000751772
0.0219937501127658
0.00329906251691487
0.00049485937753723
0.850074228906631
0.977511134335995
0.146626670150399
0.0219940005225599
0.00329910007838398
0.000494865011757598
7.42297517636396e-05
1.11344627645459e-05
1.67016941468189e-06
2.50525412202284e-07
3.75788118303426e-08
5.63682177455139e-09
8.45523266182709e-10
1.26828489927406e-10
1.9024273489111e-11
0.850000000002854
0.127500000000428
0.0191250000000642
0.00286875000000963
0.850430312500001
1.827564546875
0.27413468203125
0.0411202023046875
0.00616803034570313
0.00092520455185547
0.00013878068277832
2.08171024167481e-05
0.850003122565362
2.6775004683848
1.25162507025772
2.73774376053866
0.410661564080799
0.91159923461212
0.986739885191818
0.148010982778773
0.0222016474168159
2.55333024711252
2.08299953706688
1.16244993056003
1.874367489584
1.1311551234376
1.86967326851564
0.280450990277346
0.892067648541602
0.13381014728124
4.27007152209219
4.04051072831383
3.15607660924707
1.32341149138706
1.04851172370806
1.00727675855621
1.85109151378343
2.82766372706751
2.12414955906013
4.56862243385902
2.38529336507885
2.05779400476183
7.10866910071427
5.31630036510714
6.74744505476607
1.86211675821491
5.37931751373224
6.75689762705984
9.51353464405897
9.92703019660885
4.88905452949133
8.3833581794237
5.50750372691355
3.37612555903703
4.75641883385556
4.96346282507833
4.14451942376175
4.87167791356426
7.53075168703464
4.5296127530552
5.77944191295828
1.71691628694374
4.50753744304156
3.22613061645623
6.43391959246844
8.61508793887026
4.69226319083054
1.55383947862458
3.63307592179369
4.79496138826905
1.56924420824036
4.48538663123605
3.22280799468541
5.58342119920281
6.78751317988042
6.11812697698206
8.56771904654731
4.6851578569821
10.0527736785473
8.3079160517821
3.79618740776731
9.0694281111651
3.06041421667476
6.40906213250121
7.76135931987518
12.2142038979813
6.08213058469719
4.31231958770458
2.34684793815569
1.20202719072335
6.1303040786085
6.86954561179128
5.28043184176869
5.8920647762653
2.5838097164398
8.03757145746597
6.30563571861989
5.19584535779298
8.42937680366895
8.91440652055034
11.5371609780826
5.13057414671238
11.8195861220069
9.42293791830103
9.06344068774515
7.30951610316177
12.1464274154743
8.62196411232114
5.54329461684817
8.48149419252723
6.37222412887908
7.75583361933186
6.26337504289978
6.03950625643497
11.1059259384652
9.31588889076979
6.49738333361547
9.47460750004232
3.12119112500635
4.71817866875095
11.7577268003126
6.8636590200469
7.82954885300703
10.5244323279511
10.0786648491927
4.9117997273789
13.4867699591068
7.97301549386603
2.8959523240799
8.93439284861199
6.4401589272918
1.81602383909377
7.07240357586407
3.61086053637961
5.64162908045694
5.09624436206854
6.71443665431028
6.10716549814654
10.266074824722
4.9399112237083
10.0909866835562
6.61364800253344
7.79204720038001
5.418807080057
5.06282106200855
7.55942315930128
7.08391347389519
7.86258702108428
5.42938805316264
2.5144082079744
11.4271612311962
5.11407418467942
5.86711112770191
7.68006666915529
6.25201000037329
7.73780150005599
7.1106702250084
3.61660053375126
4.79249008006269
6.6688735120094
6.10033102680141
7.71504965402021
12.207257448103
15.4310886172155
9.11466329258232
10.7171994938873
12.6575799240831
7.84863698861247
12.2272955482919
10.3340943322438
12.6001141498366
8.69001712247548
7.25350256837132
8.7380253852557
9.81070380778836
10.8216055711683
10.9732408356752
7.59598612535129
8.78939791880269
9.8184096878204
11.6727614531731
7.70091421797596
7.10513713269639
6.16577056990446
6.87486558548567
5.28122983782285
10.9921844756734
5.89882767135101
4.28482415070265
8.2927236226054
3.79390854339081
4.81908628150862
5.82286294222629
7.67342944133394
7.95101441620009
6.29265216243001
8.5938978243645
6.38908467365468
8.6083627010482
2.99125440515723
5.54868816077358
7.63230322411604
3.69484548361741
1.40422682254261
5.31063402338139
4.19659510350721
4.87948926552608
4.13192338982891
4.01978850847434
2.30296827627115
2.89544524144067
3.8343167862161
3.12514751793242
4.71877212768986
2.40781581915348
0.361172372873022
2.60417585593095
2.09062637838964
3.71359395675845
2.25703909351377
0.338555864027065
0.0507833796040598
3.40761750694061
2.21114262604109
2.03167139390616
2.00475070908592
1.15071260636289
2.72260689095443
0.408391033643165
1.76125865504647
0.264188798256971
0.0396283197385457
1.70594424796078
0.255891637194117
0.0383837455791176
2.55575756183687
1.23336363427553
1.88500454514133
1.9827506817712
1.14741260226568
1.02211189033985
3.55331678355098
0.532997517532647
0.079949627629897
0.0119924441444846
0.00179886662167268
0.000269829993250903
0.850040474498988
0.127506071174848
0.0191259106762272
0.00286888660143408
0.000430332990215113
6.45499485322669e-05
9.68249227984004e-06
1.45237384197601e-06
2.17856076296401e-07
3.26784114444602e-08
4.90176171666902e-09
0.850000000735264
0.97750000011029
0.146625000016543
1.72199375000248
0.258299062500372
0.0387448593750558
0.855811728906258
0.128371759335939
0.0192557639003908
0.00288836458505862
0.000433254687758794
6.49882031638191e-05
1.70000974823047
1.95500146223457
0.293250219335186
0.0439875329002779
0.00659812993504168
0.000989719490256252
0.000148457923538438
2.22686885307657e-05
3.34030327961485e-06
5.01045491942228e-07
7.51568237913342e-08
1.12735235687001e-08
1.70000000169103
1.10500000025365
0.165750000038048
0.874862500005707
0.131229375000856
0.0196844062501284
0.00295266093751926
0.850442899140628
0.977566434871094
0.146634965230664
0.0219952447845996
0.85329928671769
1.82799489300765
0.274199233951148
0.0411298850926722
0.856169482763901
0.128425422414585
0.869263813362188
0.130389572004328
0.0195584358006492
0.00293376537009739
0.000440064805514608
1.70006600972083
1.95500990145812
0.293251485218719
0.0439877227828078
2.55659815841742
3.78348972376261
2.26752345856439
2.04012851878466
0.306019277817699
3.44590289167265
3.0668854337509
3.01003281506263
2.1515049222594
2.87272573833891
2.98090886075084
2.14713632911263
4.57207044936689
10.885810567405
5.88287158511076
1.73243073776661
5.35986461066499
1.65397969159975
3.64809695373996
3.09721454306099
2.16458218145915
2.87468732721887
3.83120309908283
2.27468046486242
1.19120206972936
3.5786803104594
2.23680204656891
2.03552030698534
2.8553280460478
8.07829920690717
3.76174488103608
9.91426173215541
6.58713925982331
5.2380708889735
4.18571063334602
3.1778565950019
3.87667848925029
2.28150177338754
5.44222526600813
1.66633378990122
2.79995006848518
4.66999251027278
2.40049887654092
2.06007483148114
3.70901122472217
6.50635168370833
6.07595275255625
4.31139291288344
4.89670893693252
4.98450634053988
5.84767595108098
5.12715139266215
4.16907270889932
6.5753609063349
9.48630413595023
7.37294562039254
5.35594184305888
5.05339127645883
5.85800869146882
6.82870130372032
4.42430519555805
4.06364577933371
9.10954686690006
7.31643203003501
4.49746480450525
7.47461972067579
8.77119295810137
8.9656789437152
8.14485184155728
6.32172777623359
5.19825916643504
3.32973887496526
3.89946083124479
3.98491912468672
6.54773786870301
6.08216068030545
5.16232410204582
5.02434861530687
5.85365229229603
2.5780478438444
3.78670717657666
9.0680060764865
6.46020091147297
2.66903013672095
9.75035452050814
9.11255317807622
5.61688297671143
5.09253244650672
10.113879866976
5.7670819800464
9.36506229700696
9.05475934455104
9.00821390168266
9.8512320852524
5.72768481278786
3.40915272191818
6.46137290828773
6.06920593624316
8.56038089043647
13.1840571335655
10.4776085700348
9.22164128550522
8.18324619282578
5.47748692892387
9.32162303933858
8.19824345590079
4.62973651838512
7.49446047775777
8.77416907166366
6.41612536074955
5.21241880411243
7.58186282061686
7.08727942309253
7.86309191346388
4.57946378701958
3.23691956805294
3.88553793520794
9.08283069028119
9.01242460354218
2.20186369053133
7.1302795535797
5.31954193303696
7.59793128995554
4.53968969349333
6.630953454024
7.7946430181036
7.96919645271554
3.74537946790733
9.0618069201861
10.7092710380279
4.15639065570419
4.87345859835563
8.38101878975334
6.357152818463
6.05357292276945
10.2580359384154
8.33870539076231
7.20080580861435
10.4301208712922
7.51451813069382
8.77717771960407
5.56657665794061
5.93498649869109
11.0902479748037
12.7135371962205
10.4070305794331
8.36105458691496
6.35415818803724
8.60312372820559
11.4904685592308
14.4735702838846
11.5210355425827
4.2781553313874
4.04172329970811
10.8062584949562
9.27093877424343
4.79064081613651
11.7685961224205
9.41528941836307
8.21229341275446
10.5818440119132
13.487276601787
10.523091490268
8.37846372354021
8.90676955853103
14.0860154337797
8.06290231506695
8.85943534726004
8.97891530208901
11.5468372953134
12.782025594297
7.86730383914455
7.13009557587168
8.71951433638075
8.95792715045711
4.74368907256857
6.66155336088529
8.64923300413279
5.54738495061992
5.93210774259299
8.53981616138895
4.68097242420834
10.0521458636313
4.90782187954469
3.2861732819317
1.34292599228976
2.75143889884346
2.96271583482652
2.14440737522398
6.2716611062836
3.49074916594254
3.92361237489138
1.43854185623371
1.91578127843506
1.98736719176526
1.99810507876479
1.99971576181472
6.24995736427221
1.78749360464083
0.268124040696125
1.74021860610442
2.81103279091566
1.27165491863735
1.8907482377956
1.13361223566934
2.7200418353504
1.25800627530256
1.88870094129538
0.283305141194308
0.892495771179146
1.83387436567687
0.275081154851531
0.0412621732277296
0.00618932598415945
0.000928398897623917
0.850139259834644
1.8275208889752
1.97412813334628
0.296119220001942
0.0444178830002913
0.856662682450044
0.978499402367507
0.996774910355126
0.149516236553269
0.87242743548299
0.130864115322449
0.0196296172983673
0.00294444259475509
0.850441666389213
0.127566249958382
0.0191349374937573
0.0028702406240636
0.000430536093609539
0.850064580414041
0.127509687062106
0.869126453059316
0.130368967958897
0.0195553451938346
0.852933301779075
0.127939995266861
0.869190999290029
0.130378649893504
0.0195567974840257
0.00293351962260385
0.000440027943390577
6.60041915085866e-05
0.850009900628726
0.127501485094309
0.0191252227641463
0.00286878341462195
0.000430317512193293
6.45476268289939e-05
9.68214402434909e-06
1.45232160365236e-06
2.17848240547855e-07
3.26772360821782e-08
4.90158541232673e-09
7.3523781184901e-10
1.10285671777351e-10
1.65428507666027e-11
0.850000000002481
0.127500000000372
0.0191250000000558
0.00286875000000838
0.000430312500001256
6.45468750001885e-05
9.68203125002827e-06
1.45230468750424e-06
2.17845703125636e-07
3.26768554688454e-08
4.90152832032682e-09
7.35229248049022e-10
1.10284387207353e-10
1.6542658081103e-11
0.850000000002481
0.127500000000372
0.0191250000000558
0.00286875000000838
0.000430312500001256
6.45468750001885e-05
9.68203125002827e-06
1.45230468750424e-06
0.850000217845703
0.127500032676855
0.0191250049015283
0.00286875073522925
0.000430312610284387
6.45468915426581e-05
9.68203373139872e-06
4.25000145230506
1.48750021784576
4.47312503267686
5.77096875490153
10.2156453132352
27.8823467969853
8.43235201954779
2.11485280293217
0.317227920439825
0.897584188065974
2.6846376282099
0.402695644231484
4.31040434663472
2.34656065199521
6.30198409779928
4.34529761466989
3.20179464220048
2.18026919633007
2.02704037944951
2.85405605691743
2.97810840853761
3.84671626128064
8.2270074391921
3.78405111587881
1.41760766738182
1.91264115010727
1.98689617251609
3.69803442587741
1.40470516388161
3.61070577458224
5.64160586618734
5.9462408799281
3.44193613198922
3.06629041979838
1.30994356296976
6.14649153444546
17.9219737301668
6.93829605952502
6.99074440892875
25.6986116613393
8.1047917492009
4.61571876238014
5.79235781435702
5.11885367215355
4.16782805082303
8.27517420762345
4.64127613114352
4.09619141967153
6.56442871295073
4.38466430694261
4.05769964604139
1.45865494690621
3.61879824203593
8.19281973630539
5.47892296044581
19.5218384440669
12.27827576661
6.0917413649915
5.16376120474873
5.87456418071231
5.98118462710685
1.74717769406603
1.9620766541099
5.39431149811649
1.65914672471747
3.64887200870762
4.79733080130614
2.41959962019592
7.16293994302939
3.62444099145441
3.94366614871816
4.84154992230772
4.12623248834616
3.16893487325192
3.02534023098779
6.40380103464817
1.81057015519723
2.82158552327958
2.97323782849194
13.1959856742738
16.4293978511411
27.1144096776712
7.46716145165068
5.3700742177476
9.30551113266214
2.24582666989932
3.7368740004849
5.66053110007273
5.94907966501091
5.99236194975164
11.0988542924627
9.31482814386941
14.1472242215804
14.8720836332371
9.88081254498556
7.43212188174783
7.91481828226217
6.28722274233933
5.1930834113509
3.32896251170263
4.7493443767554
6.66240165651331
7.799360248477
5.41990403727155
7.61298560559073
7.94194784083861
6.29129217612579
5.19369382641887
26.2790540739628
7.34185811109442
9.60127871666416
9.09019180749962
11.5635287711249
14.4845293156687
25.9726793973503
12.3959019096025
9.50938528644038
9.07640779296606
4.76146116894491
4.96421917534174
4.99463287630126
4.99919493144519
4.14987923971678
5.72248188595752
2.55837228289363
2.08375584243404
4.56256337636511
4.93438450645477
2.44015767596821
4.61602365139523
7.49240354770928
12.1738605321564
7.77607907982346
4.56641186197352
7.48496177929603
21.5227442668944
8.32841164003416
8.04926174600512
9.70738926190077
7.40610838928512
1.96091625839277
3.69413743875891
8.20412061581384
2.08061809237208
5.41209271385581
10.1618139070784
4.92427208606176
4.98864081290926
9.24829612193639
7.33724441829046
6.20058666274357
6.03008799941153
6.00451319991173
7.70067697998676
4.55510154699801
6.6332652320497
6.94498978480746
6.99174846772112
3.59876227015817
3.93981434052372
8.24097215107856
8.03614582266178
10.5554218733993
5.83331328100989
6.82499699215148
3.57374954882272
6.48606243232341
9.47290936484851
8.22093640472728
8.03314046070909
3.75497106910636
4.81324566036595
6.67198684905489
7.80079802735823
9.67011970410374
8.25051795561556
10.5875776933423
5.83813665400135
6.8257204981002
9.52385807471503
5.67857871120725
2.55178680668109
2.08276802100216
4.56241520315032
3.23436228047255
5.58515434207088
5.08777315131063
4.16316597269659
4.87447489590449
4.13117123438567
3.16967568515785
3.02545135277368
3.00381770291605
6.40057265543741
5.21008589831561
3.33151288474734
3.0497269327121
3.00745903990682
0.451118855986022
4.3176678283979
2.34765017425969
3.75214752613895
2.26282212892084
2.88942331933813
6.38341349790072
0.957512024685108
1.84362680370277
1.12654402055541
2.71898160308331
2.1078472404625
2.86617708606937
2.12992656291041
1.16948898443656
1.87542334766548
4.53131350214982
0.679697025322474
0.951954553798371
1.84279318306976
0.276418977460463
0.0414628466190695
0.85621942699286
0.128432914048929
1.71926493710734
0.257889740566101
0.0386834610849151
0.00580251916273727
0.000870377874410591
0.000130556681161589
0.850019583502174
0.977502937525326
0.996625440628799
0.99949381609432
0.149924072414148
0.0224886108621222
0.00337329162931833
1.7005059937444
0.25507589906166
0.038261384859249
0.00573920772888735
0.000860881159333102
0.8501291321739
0.977519369826085
0.146627905473913
0.0219941858210869
0.00329912787316304
0.000494869180974456
7.42303771461684e-05
1.11345565719253e-05
1.67018348578879e-06
2.50527522868318e-07
3.75791284302478e-08
5.63686926453717e-09
8.45530389680575e-10
0.85000000012683
0.127500000019024
0.0191250000028537
0.00286875000042805
0.000430312500064208
6.45468750096312e-05
9.68203125144468e-06
0.850001452304688
0.977500217845703
0.146625032676856
0.871993754901528
0.980799063235229
0.147119859485284
0.0220679789227927
0.853310196838419
0.127996529525763
0.869199479428864
0.98037992191433
1.84705698828715
0.277058548243072
0.0415587822364609
0.00623381733546913
0.00093507260032037
0.850140260890048
0.977521039133507
0.996628155870026
1.8494942233805
0.277424133507076
0.0416136200260614
1.70624204300391
1.10593630645059
0.165890445967588
0.874883566895138
1.83123253503427
3.67468488025514
1.40120273203827
0.210180409805741
0.881527061470861
1.83222905922063
1.97483435888309
1.14622515383246
1.02193377307487
1.85329006596123
1.97799350989418
1.99669902648413
4.54950485397262
4.93242572809589
1.58986385921438
2.78847957888216
4.66827193683232
4.10024079052485
0.615036118578727
0.942255417786809
2.69133831266802
2.9537007469002
2.14305511203503
6.27145826680526
2.64071874002079
3.79610781100312
4.81941617165047
5.82291242574757
3.42343686386214
6.46351552957932
4.3695273294369
4.05542909941553
5.70831436491233
5.10624715473685
7.56593707321053
7.08489056098158
8.71273358414724
6.40691003762208
16.2610365056433
8.3891554758465
5.50837332137697
7.62625599820655
4.54393839973098
1.53159075995965
2.77973861399395
8.91696079209909
6.43754411881486
7.76563161782223
3.71484474267333
3.957226711401
3.99358400671015
3.99903760100652
8.24985564015098
4.63747834602265
9.1956217519034
5.62934326278551
5.94440148941783
6.84166022341267
6.1262490335119
7.71893735502679
5.40784060325402
6.7611760904881
5.26417641357322
5.88962646203598
3.4334439693054
3.06501659539581
4.70975248930937
7.50646287339641
5.37596943100946
6.75639541465142
5.26345931219771
3.33951889682966
7.30092783452445
4.49513917517867
5.7742708762768
5.96614063144152
7.69492109471623
7.10423816420743
7.01563572463112
8.70234535869467
7.2553518038042
4.48830277057063
5.77324541558559
6.81598681233784
5.27239802185068
7.5908597032776
4.53862895549164
4.08079434332375
6.56211915149856
2.68431787272478
5.50264768090872
4.22539715213631
6.58380957282045
7.78757143592307
6.26813571538846
3.49022035730827
3.07353305359624
3.86102995803944
7.37915449370592
7.05687317405589
10.4085309761084
7.51127964641626
8.77669194696244
5.56650379204437
11.8849755688067
7.732746335321
9.65991195029815
8.24898679254472
5.48734801888171
5.07310220283226
10.9609653304248
4.19414479956373
9.12912171993456
9.01936825799018
4.75290523869853
4.96293578580478
6.69444036787072
4.40416605518061
5.76062490827709
5.96409373624156
5.99461406043623
5.14919210906544
8.42237881635982
8.91335682245397
6.4370035233681
6.06555052850521
9.40983257927578
6.51147488689137
8.6267212330337
8.09400818495506
5.46410122774326
3.36961518416149
9.00544227762422
3.90081634164363
9.08512245124654
7.31276836768698
11.296915255153
9.34453728827296
4.80168059324094
4.97025208898614
7.54553781334792
7.93183067200219
7.98977460080033
4.59846619012005
10.039769928518
5.7559654892777
16.1633948233917
16.8745092235087
8.48117638352631
6.37217645752895
6.05582646862934
7.7083739702944
5.40625609554416
12.7109384143316
8.70664076214974
10.6559961143225
5.84839941714837
10.2272599125723
11.7340889868858
6.86011334803288
10.3790170022049
9.20685255033074
12.4310278825496
12.9146541823824
9.58719812735737
8.23807971910361
6.33571195786554
7.75035679367983
9.66255351905198
7.3993830278578
11.3099074541787
4.2464861181268
7.43697291771902
7.91554593765785
9.68733189064868
9.9530997835973
9.9929649675396
5.74894474513094
4.26234171176964
6.58935125676545
10.3384026885148
8.35076040327722
8.05261406049158
5.45789210907374
5.91868381636106
4.28780257245416
8.29317038586812
2.94397555788022
7.24159633368203
7.0362394500523
7.00543591750785
7.00081538762618
6.15012230814393
4.32251834622159
5.74837775193324
3.41225666278999
7.3118384994185
3.64677577491277
5.64701636623692
1.69705245493554
3.65455786824033
3.09818368023605
2.16472755203541
1.17470913280531
1.8762063699208
1.13143095548812
2.71971464332322
2.10795719649848
1.16619357947477
1.87492903692122
1.98123935553818
1.99718590333073
0.299577885499609
0.894936682824941
0.984240502423741
0.997636075363561
0.999645411304534
0.14994681169568
0.872492021754352
0.130873803263153
0.869631070489473
0.980444660573421
0.997066699086013
0.149560004862902
0.872434000729435
0.130865100109415
1.71962976501641
1.10794446475246
0.166191669712869
0.87492875045693
0.13123931256854
0.0196858968852809
0.852952884532792
0.127942932679919
0.869191439901988
0.130378715985298
0.869556807397795
0.980433521109669
0.99706502816645
0.149559754224968
0.0224339631337451
0.00336509447006177
0.850504764170509
0.977575714625576
0.146636357193836
0.0219954535790755
0.00329931803686132
0.000494897705529198
7.42346558293798e-05
1.1135198374407e-05
1.67027975616104e-06
2.50541963424157e-07
3.75812945136235e-08
5.63719417704353e-09
8.45579126556529e-10
1.26836868983479e-10
1.90255303475219e-11
2.85382955212829e-12
4.28074432819243e-13
6.42111649228865e-14
9.63167473843298e-15
1.44475121076495e-15
2.16712681614742e-16
3.25069022422113e-17
4.8760353363317e-18
0.85
1.8275
1.124125
0.16861875
0.0252928125
0.853793921875
0.12806908828125
0.0192103632421875
0.852881554486328
0.127932233172949
1.71918983497594
0.257878475246391
0.0386817712869587
0.855802265693044
0.978370339853956
0.146755550978094
4.27201333264671
1.49080199989701
1.07362029998455
1.01104304499768
1.00165645674965
0.150248468512448
2.57253727027687
1.23588059054153
0.18538208858123
2.57780731328718
2.08667109699308
2.86300066454896
2.97945009968234
4.69691751495235
1.55453762724285
3.63318064408643
2.24497709661296
2.88674656449194
1.28301198467379
1.89245179770107
1.98386776965516
3.69758016544827
2.25463702481724
7.13819555372259
7.02072933305839
5.30310939995876
3.34546640999381
6.45181996149907
5.21777299422486
3.33266594913373
6.44989989237006
1.81748498385551
3.67262274757833
6.50089341213675
9.47513401182051
5.67127010177308
6.80069051526596
7.82010357728989
2.87301553659348
3.83095233048902
3.97464284957335
8.246196427436
6.3369294641154
2.65053941961731
2.9475809129426
1.29213713694139
4.44382057054121
4.91657308558118
8.38748596283718
6.35812289442558
1.80371843416384
2.82055776512458
2.97308366476869
4.6959625497153
9.20439438245729
5.63065915736859
5.94459887360529
5.14168983104079
5.87125347465612
3.43068802119842
4.76460320317976
6.66469048047697
6.94970357207155
7.84245553581073
5.42636833037161
5.06395524955574
5.00959328743336
2.451438993115
3.76771584896725
7.36515737734509
8.75477360660176
5.56321604099026
7.63448240614854
8.79517236092228
8.11927585413834
11.4178913781207
10.2126837067181
6.63190255600772
8.64478538340116
11.4967178075102
6.82450767112653
6.12367615066898
5.16855142260035
5.87528271339005
8.53129240700851
8.07969386105128
4.61195407915769
4.94179311187365
10.091268966781
13.4136903450172
7.96205355175257
7.14430803276289
7.87164620491443
12.2307469307372
6.93461203961057
9.54019180594159
7.38102877089124
7.90715431563369
3.73607314734505
9.06041097210176
7.30906164581526
6.19635924687229
6.02945388703084
8.55441808305463
6.38316271245819
8.60747440686873
8.94112116103031
9.84116817415455
7.42617522612318
7.06392628391848
7.85958894258777
7.12893834138817
7.86934075120822
9.68040111268123
9.10206016690218
3.06530902503533
5.5597963537553
3.38396945306329
3.05759541795949
5.55863931269392
10.1837958969041
4.92756938453561
10.0891354076803
9.16337031115205
5.62450554667281
8.49367583200092
18.2740513748001
10.39110770622
7.508666155933
7.07629992338995
6.16144498850849
6.87421674827627
4.43113251224144
5.76466987683622
3.41470048152543
2.21220507222881
7.98183076083432
5.44727461412515
1.66709119211877
2.80006367881782
1.27000955182267
12.0905014327734
8.61357521491601
6.3920362822374
10.3088054423356
3.24632081635034
4.73694812245255
8.36054221836788
7.20408133275518
5.33061219991328
4.19959182998699
9.97993877449805
7.44699081617471
10.4670486224262
6.67005729336393
5.25050859400459
11.8375762891007
8.5756364433651
8.08634546650477
8.86295181997571
6.42944277299636
11.1644164159495
5.92466246239242
10.2386993693589
7.48580490540383
9.62287073581057
11.6434306103716
7.69651459155574
6.25447718873336
6.03817157831
11.9557257367465
14.543358860512
9.8315038290768
13.3747255743615
8.80620883615423
8.12093132542313
6.31813969881347
9.44772095482202
11.6171581432233
10.2425737214835
6.63638605822252
5.24545790873338
8.43681868631001
4.6655228029465
7.49982842044198
9.6249742630663
8.24374613945994
5.48656192091899
6.77298428813785
8.66594764322068
5.5498921464831
1.68248382197247
5.35237257329587
8.45285588599438
7.21792838289916
5.33268925743487
8.44990338861523
2.96748550829228
5.54512282624384
10.1817684239366
4.07726526359049
2.31158978953857
2.04673846843079
5.40701077026462
3.36105161553969
1.35415774233095
2.75312366134964
1.26296854920245
0.189445282380367
0.0284167923570551
1.70426251885356
1.95563937782803
1.14334590667421
1.87150188600113
3.68072528290017
1.40210879243503
0.210316318865254
0.881547447829788
2.68223211717447
0.40233481757617
2.61035022263643
0.391552533395464
0.0587328800093196
2.5588099320014
1.23382148980021
0.185073223470031
0.0277609835205047
0.00416414752807571
0.850624622129211
0.127593693319382
0.0191390539979073
0.00287085809968609
0.000430628714952913
6.4594307242937e-05
9.68914608644056e-06
1.45337191296608e-06
2.18005786944913e-07
0.850000032700868
0.12750000490513
0.0191250007357695
0.852868750110365
0.127930312516555
0.0191895468774832
0.00287843203162248
0.850431764804743
0.127564764720712
0.869134714708107
0.130370207206216
0.0195555310809324
0.00293332966213986
0.000439999449320979
6.59999173981469e-05
9.89998760972203e-06
1.48499814145831e-06
2.22749721218746e-07
3.34124581828119e-08
1.70000000501187
0.25500000075178
0.888250000112767
0.133237500016915
0.0199856250025373
0.00299784375038059
0.000449676562557089
6.74514843835633e-05
0.850010117722658
0.127501517658399
0.0191252276487598
0.00286878414731397
0.000430317622097096
6.45476433145644e-05
0.850009682146497
0.127501452321975
0.0191252178482962
0.00286878267724443
0.000430317401586665
1.70006454761024
0.255009682141536
0.0382514523212304
0.00573771784818456
0.850860657677228
0.127629098651584
0.0191443647977376
0.852871654719661
0.127930748207949
0.869189612231192
0.130378441834679
0.0195567662752018
0.00293351494128028
0.000440027241192041
0.850066004086179
0.127509900612927
0.019126485091939
0.00286897276379085
0.850430345914569
1.82756455188719
1.12413468278308
1.01862020241746
0.152793030362619
0.872918954554393
0.980937843183159
1.84714067647747
1.97707110147162
0.296560665220743
5.14448409978311
9.27167261496747
8.19075089224512
9.72861263383677
11.6592918950755
7.69889378426133
8.8048340676392
6.42072511014588
6.91310876652188
4.43696631497828
8.31554494724674
2.09733174208701
1.16459976131305
3.57468996419696
4.78620349462954
9.21793052419443
7.33268957862917
8.74990343679437
12.3624855155192
24.8043728273279
8.82065592409918
9.82309838861488
8.27346475829223
4.64101971374383
4.94615295706158
5.84192294355924
2.57628844153389
6.33644326623008
2.65046648993451
2.09756997349018
5.41463549602353
4.21219532440353
4.03182929866053
1.45477439479908
2.76821615921986
4.66523242388298
4.09978486358245
1.46496772953737
4.46974515943061
2.37046177391459
2.90556926608719
3.83583538991308
3.97537530848696
3.99630629627304
5.69944594444096
3.40491689166614
4.76073753374992
4.96411063006249
5.84461659450937
7.67669248917641
5.40150387337646
9.31022558100647
5.64653383715097
6.79698007557265
6.9695470113359
6.14543205170038
5.17181480775506
5.87577222116326
7.68136583317449
5.40220487497617
3.36033073124643
4.75404960968696
11.763107441453
10.264466116218
5.78966991743269
3.4184504876149
5.61276757314224
6.79191513597134
3.5687872703957
5.63531809055935
5.9452977135839
8.54179465703758
5.53126919855564
5.07969037978335
10.1119535569675
7.46679303354513
7.07001895503177
7.86050284325477
8.82907542648821
4.72436131397323
2.40865419709599
15.6612981295644
6.59919471943466
11.1898792079152
4.22848188118728
4.03427228217809
4.85514084232671
7.52827112634901
7.92924066895235
3.73938610034285
11.6109079150514
12.7916361872577
12.9687454280887
7.8953118142133
8.83429677213199
13.2251445158198
13.033771677373
7.05506575160595
5.30825986274089
11.8462389794111
9.42693584691167
7.36404037703675
7.90460605655551
5.43569090848333
3.3653536362725
9.00480304544087
7.30072045681613
5.34510806852242
5.90176621027836
7.68526493154175
2.00278973973126
3.70041846095969
3.95506276914395
4.84325941537159
5.82648891230574
7.67397333684586
2.85109600052688
3.82766440007903
2.27414966001185
7.99112244900178
2.89866836735027
4.68480025510254
5.80272003826538
10.2204080057398
7.48306120086097
5.37245918012915
3.35586887701937
4.75338033155291
11.7630070497329
6.01445105745994
4.30216765861899
4.89532514879285
4.13429877231893
9.12014481584784
9.01802172237718
8.15270325835658
15.6729054887535
10.000935823313
9.15014037349695
10.7225210560245
10.1083781584037
8.31625672376055
9.74743850856408
8.26211577628461
9.73931736644269
13.3608976049664
9.65413464074496
10.7981201961117
10.1197180294168
10.8679577044125
11.8301936556619
9.42452904834928
9.91367935725239
9.13705190358786
7.32055778553818
11.2980836678307
10.1947125501746
9.17920688252619
14.1268810323789
13.1690321548568
13.0253548232285
6.20380322348428
8.58057048352264
10.6370855725284
10.9455628358793
11.8418344253819
5.17627516380728
6.72644127457109
4.40896619118566
6.61134492867785
6.09170173930168
6.86375526089525
6.97956328913429
3.59693449337014
8.18954017400552
7.17843102610083
6.17676465391512
9.42651469808727
4.81397720471309
7.52209658070696
7.92831448710604
3.73924717306591
7.36088707595989
5.35413306139398
1.6531199592091
4.49796799388136
2.3746951990822
4.60620427986233
4.94093064197935
7.5411395962969
4.53117093944454
3.22967564091668
5.5844513461375
2.53766770192063
3.78065015528809
2.26709752329321
2.89006462849398
2.9835096942741
0.447526454141115
0.917128968121167
1.83756934521818
3.67563540178273
3.10134531026741
4.71520179654011
2.40728026948102
2.06109204042215
0.309163806063323
0.0463745709094984
0.856956185636425
0.128543427845464
1.71928151417682
1.10789222712652
0.166183834068978
2.57492757511035
0.386239136266552
0.907935870439983
1.836190380566
0.2754285570849
0.041314283562735
0.85619714253441
0.978429571380162
0.146764435707024
0.0220146653560536
0.00330219980340805
0.000495329970511207
7.42994955766811e-05
1.11449243365022e-05
1.67173865047532e-06
2.50760797571299e-07
3.76141196356948e-08
5.64211794535422e-09
0.850000000846318
0.127500000126948
0.0191250000190422
0.00286875000285632
0.000430312500428449
6.45468750642673e-05
0.85000968203126
0.127501452304689
0.0191252178457033
0.0028687826768555
0.000430317401528325
6.45476102292488e-05
9.68214153438733e-06
1.4523212301581e-06
0.850000217848184
0.127500032677228
0.0191250049015842
0.00286875073523762
1.70043031261029
0.255064546891543
0.888259682033731
0.13323895230506
0.019985842845759
0.00299787642686384
0.000449681464029577
6.74522196044365e-05
0.850010117832941
0.127501517674941
0.0191252276512412
0.852868784147686
0.977930317622153
0.146689547643323
0.0220034321464985
0.853300514821975
0.977995077223296
0.146699261583494
0.0220048892375242
0.00330073338562863
0.000495110007844294
0.850074266501177
0.127511139975176
0.0191266709962765
0.852869000649441
0.977930350097416
1.84668955251461
1.12700343287719
1.01905051493158
1.85285757723974
2.82792863658596
3.82418929548789
0.573628394323184
5.18604425914848
3.32790663887227
1.34918599583084
4.45237789937463
5.76785668490619
3.41517850273593
3.06227677541039
2.15934151631156
2.87390122744673
3.83108518411701
1.42466277761755
7.86369941664263
2.87955491249639
1.28193323687446
1.89228998553117
2.83384349782968
2.97507652467445
5.54626147870117
4.23193922180517
4.88479088327078
3.28271863249062
3.04240779487359
3.85636116923104
3.12845417538466
4.7192681263077
11.7578902189462
7.71368353284192
8.80705252992629
8.12105787948894
10.5681586819233
8.3852238022885
10.6077835703433
8.39116753555149
4.65867513033272
6.64880126954991
5.24732019043249
5.03709802856487
4.15556470428473
4.87333470564271
4.98100020584641
6.69715003087696
6.10457250463154
6.01568587569473
6.85235288135421
5.27785293220313
2.49167793983047
2.92375169097457
5.53856275364619
3.38078441304693
4.75711766195704
5.81356764929356
5.97203514739403
7.69580527210911
7.10437079081637
7.86565561862245
4.57984834279337
16.836977251419
9.32554658771285
5.64883198815693
6.79732479822354
8.66959871973353
10.65043980796
6.697565971194
4.4046348956791
7.46069523435187
10.4691042851528
9.22036564277292
9.88305484641594
9.98245822696239
8.29736873404436
4.64460531010665
8.346690796516
10.6020036194774
7.54030054292161
4.53104508143824
6.62965676221574
4.39444851433236
5.75916727714985
11.9138750915725
8.58708126373587
10.6380621895604
4.99570932843406
4.99935639926511
6.69990345988977
12.0549855189835
9.45824782784752
6.51873717417713
3.52781057612657
8.17917158641898
9.72687573796285
5.70903136069443
9.35635470410416
11.6034532056156
8.54051798084234
3.83107769712635
9.92466165456895
5.73869924818534
11.9108048872278
5.18662073308417
13.5279931099626
8.82919896649439
9.82437984497416
6.57365697674612
9.48604854651192
7.37290728197679
8.75593609229652
8.11339041384448
8.01700856207667
3.7525512843115
1.41288269264673
7.01193240389701
8.70178986058455
8.10526847908768
11.4157902718632
5.96236854077947
8.54435528111692
12.3316532921675
6.09974799382513
6.01496219907377
8.55224432986106
10.6328366494792
4.14492549742187
8.27173882461328
3.79076082369199
9.9186141235538
8.28779211853307
8.04316881777996
5.45647532266699
8.46847129840005
7.22027069476001
7.033040604214
10.4049560906321
5.81074341359481
5.12161151203922
10.1182417268059
8.31773625902088
10.5976604388531
9.23964906582797
7.3359473598742
7.90039210398113
8.83505881559717
6.42525882233958
7.76378882335094
7.11456832350264
7.0171852485254
10.4025777872788
12.6103866680918
12.0915580002138
8.61373370003207
9.79206005500481
11.6688090082507
3.45032135123761
8.16754820268564
9.72513223040285
9.10876983456043
14.9663154751841
8.19494732127761
14.8292420981916
11.5743863147287
17.0361579472093
6.8054236920814
9.52081355381221
10.7781220330718
2.46671830496078
8.87000774574412
6.43050116186162
12.8645751742792
7.87968627614189
11.3819529414213
11.0572929412132
8.45859394118198
12.3187890911773
7.79781836367659
13.0696727545515
7.91045091318272
4.58656763697741
6.63798514554661
7.79569777183199
10.5193546657748
10.9279031998662
8.43918547997993
6.36587782199699
4.35488167329955
4.05323225099493
6.55798483764924
6.93369772564739
8.69005465884711
6.40350819882707
3.51052622982406
6.47657893447361
7.77148684017104
5.41572302602566
4.21235845390385
